110189 7
69970 10
70929 4
71129 10
74230 14
89149 11
94920 10
69630 2
63859 11
64379 1
70920 6
75089 9
71669 7
55700 11
62269 1
69050 0
80669 12
81960 7
109449 5
79599 10
87429 12
78929 2
56989 6
60269 13
56020 15
50249 10
56010 0
68449 10
70190 4
72449 6
70340 5
71849 6
63780 6
66679 10
88900 0
96310 12
94449 11
97059 11
107639 4
78719 12
86969 15
85510 15
107380 8
105659 1
99819 15
86849 1
108629 2
102949 15
87639 7
75170 11
65349 3
69879 8
81139 1
66659 14
72020 14
98449 14
113479 5
121360 3
74550 11
65099 11
66690 2
69729 8
71850 3
103799 5
97869 9
109010 8
107180 10
114769 13
116119 4
110819 0
65820 12
70030 13
70970 10
83850 7
89829 6
83949 14
73589 1
92979 3
146899 14
120899 14
125389 8
124369 10
140689 15
123739 6
90540 10
75580 5
81219 5
85740 15
85129 11
94399 4
88150 3
94379 5
82529 7
83510 1
86349 14
84889 1
84780 10
88909 6
84079 11
83800 7
94249 3
93589 8
82440 3
93760 7
87049 5
92399 10
89159 8
106659 10
86730 1
86520 5
87729 15
91679 10
104039 9
95899 0
112079 15
103079 8
95199 1
90620 10
86109 8
99969 5
95129 15
92569 7
112939 0
92689 2
89699 4
98079 10
99379 8
101579 6
102659 7
99789 3
95989 8
99439 13
114490 7
89350 4
92939 1
92349 6
91369 7
80979 8
85689 6
89739 5
90179 10
86720 4
87850 7
105839 5
95049 11
123179 15
133119 14
145839 11
129689 2
97919 15
100229 6
102680 15
289707 13
91180 8
93539 15
103950 9
122970 0
123770 3
136410 10
158618 0
140559 7
141199 8
154749 12
115629 6
83120 4
103830 7
123669 7
101589 7
89449 14
109779 14
84930 11
90139 13
112819 5
117069 3
109459 6
133559 5
140139 3
135528 14
132699 7
143459 0
98960 5
94520 11
86879 14
111889 6
95279 10
105870 1
92889 7
84999 12
91119 1
114509 8
114179 11
97119 7
101730 2
131150 2
133398 2
130449 14
106349 6
96809 7
98399 8
102829 12
119889 0
108639 6
109029 15
145489 7
100849 12
93159 14
91399 3
104770 15
93119 9
89699 2
97949 6
96989 13
98629 8
129399 11
86669 10
83640 6
91759 7
96579 7
89389 10
97239 15
101869 14
98659 1
93540 14
90920 13
116419 14
104179 3
97720 10
96290 2
94129 5
97169 4
105380 7
101110 2
101099 6
95099 9
107739 14
86120 6
78279 15
72470 12
89789 11
92409 6
88929 0
83109 11
94779 7
97939 2
91960 7
116109 8
110459 4
118919 14
161099 9
94219 14
89039 2
107949 2
92189 8
110869 6
117549 2
92150 1
106270 10
126179 11
134769 11
139408 12
143988 7
136819 1
143018 7
106410 6
98070 10
99779 10
101099 9
91560 0
93069 13
105699 2
101479 3
108910 13
117188 8
133710 7
115710 5
135429 5
183249 13
143239 9
139599 3
152249 7
89209 15
94929 4
113128 5
98409 14
92229 10
95190 14
94190 3
92619 12
86319 15
106959 8
93090 2
89199 3
99829 14
115559 4
100169 2
100799 10
97149 7
111679 9
123348 6
104920 7
95899 4
107399 6
92839 3
98149 2
90589 3
97309 0
101889 14
96799 13
108099 15
92259 0
111359 11
95359 5
113779 10
110099 8
101189 14
93799 7
122968 13
124908 14
122279 6
95830 4
98199 8
98369 3
91670 9
97569 12
99709 15
101429 4
95570 6
98129 14
103599 6
103479 13
84850 7
101289 8
90079 4
94769 4
92069 2
89649 2
90519 13
92259 2
97859 1
85539 11
87320 3
107789 0
110369 6
127929 11
145269 10
149049 4
101179 15
124519 6
112689 15
91919 4
95169 2
122459 1
114809 14
127559 4
127109 12
154709 6
141239 5
143589 4
152569 10
136670 9
113870 5
100790 15
96979 4
110519 9
96930 9
95080 11
91249 3
98929 15
87900 15
135808 8
168968 5
128719 14
152039 6
162549 4
148319 0
199118 14
142539 8
107149 14
95960 7
121069 8
102419 5
113769 5
103699 4
84689 12
85310 15
69910 4
83390 1
74259 12
82789 7
78089 0
130969 2
74149 10
78340 3
82909 0
96259 1
109288 7
113650 8
99829 2
87209 2
102069 0
89359 0
127189 14
99219 9
117789 11
111829 6
120929 13
115259 11
115179 5
83939 11
82619 14
96690 2
78059 0
85610 1
107599 4
101779 11
100569 1
87899 2
118650 14
132279 4
144299 0
141609 5
150999 5
107469 10
103859 4
94530 5
99859 15
95389 15
84780 6
93959 10
110209 7
81300 11
90760 9
92649 7
83260 15
87110 2
87719 4
90670 2
92430 2
85649 4
92059 7
105099 7
92569 5
87539 1
102790 15
119190 13
115740 15
112519 14
104289 7
92299 11
121809 12
95030 10
107779 12
108269 8
109709 4
108949 13
96859 8
99419 9
95779 11
133169 8
126039 8
104189 0
109389 13
103230 3
93959 3
93299 9
89759 11
89079 6
88339 1
84199 15
106470 14
89849 13
91559 7
86200 11
99499 12
98719 0
108490 1
93970 7
80289 11
86279 1
108539 3
77760 11
74890 3
69519 13
72679 9
73770 15
82069 5
107819 11
90810 0
119170 11
89649 14
91009 14
94740 5
99000 10
106279 14
97369 12
85390 3
85819 9
102269 8
100539 15
100439 14
111859 9
138509 5
100599 0
102379 2
113239 15
110450 13
120350 10
82440 9
90569 3
80309 11
84179 5
97419 4
93569 13
109089 15
114929 13
86119 9
108019 10
112609 4
101759 4
116759 14
122909 3
120549 15
128229 12
95709 1
89710 6
87030 8
99449 8
93339 10
84650 9
83229 10
93789 15
103889 2
108179 9
92559 10
112039 14
96389 9
110469 14
108589 10
101639 4
95769 6
94770 8
112509 10
108519 5
114539 0
116739 0
118299 11
94670 15
105989 12
102959 0
104729 2
84359 12
105809 3
108189 12
104229 7
128239 7
105299 14
102150 13
92330 9
99129 3
106609 15
105430 8
105110 13
100969 6
102659 6
88280 8
92570 13
103489 15
104269 15
111819 2
108319 9
107529 2
101949 6
126089 7
124279 12
116779 15
98839 5
92639 0
86759 11
112069 15
93859 8
93279 12
96289 11
83059 13
85500 11
103299 1
87979 3
93129 12
122088 6
181178 9
101209 7
99790 7
100190 9
85029 10
100579 5
92040 9
121719 0
106219 15
128459 14
109069 1
123699 13
124589 6
666655 14
140619 4
119699 10
117229 5
113880 9
126988 8
98969 15
106819 15
112149 11
119919 7
108909 8
103299 6
112159 2
136629 14
118229 13
97519 14
81709 15
91919 7
93240 7
79059 2
85830 12
94419 11
96539 13
96549 15
87949 1
104899 9
99529 5
95730 10
86450 15
100599 14
107949 1
81890 10
100639 8
98609 11
103459 0
101810 12
106130 9
103389 9
88009 14
109699 4
109648 15
108589 5
109939 0
109529 12
97989 10
102720 2
95740 8
102629 1
128249 15
96769 0
110030 14
113120 2
98939 0
97969 11
99859 4
87149 11
108239 1
92479 7
133509 12
115689 14
109419 12
128888 11
99919 1
88799 11
103769 3
100209 13
83469 0
106959 13
109559 7
81790 14
87800 15
72729 1
69510 12
83629 13
88369 7
87540 6
76789 13
84360 0
88120 12
147829 12
102989 13
121639 15
121119 2
103749 4
89750 15
92609 11
93649 0
99160 4
108630 12
88649 13
110059 14
114009 11
118979 15
121269 5
137288 1
126019 14
127190 6
143379 9
138039 13
103460 7
88350 1
96979 3
98389 9
95359 8
79549 0
97029 14
104700 3
121359 6
118290 9
117570 15
124299 2
108729 11
133349 14
136369 10
115239 1
111889 8
83929 4
84219 13
102849 8
119609 5
93799 9
95459 7
91729 13
94649 11
95750 3
106759 10
86339 4
87929 8
89520 6
73349 11
85610 4
109990 14
137599 15
138129 9
89399 3
116979 3
141829 15
122369 15
122899 2
119039 3
119029 3
133749 8
123399 4
122330 11
100810 1
79889 8
78290 12
80829 1
118049 7
111049 2
97719 2
102459 5
99429 8
125069 0
128609 9
121339 7
114089 2
110699 0
96149 10
95269 13
106279 10
104719 1
109619 3
76060 6
98439 15
91649 14
87010 11
92850 15
81609 7
84110 10
90100 1
82109 4
86509 15
133830 2
106230 12
96259 8
92329 4
110280 14
127419 1
89279 1
107379 9
105179 1
102010 8
108040 0
108399 5
107229 14
101629 15
97290 12
119699 3
99559 12
91459 9
105229 0
100249 4
94259 4
115119 10
106519 8
115639 5
108519 13
116999 14
94990 11
101599 11
104059 3
93669 10
93769 3
122459 14
104469 0
118339 13
136079 8
97839 11
126710 0
135770 7
103088 8
109449 3
122489 15
90469 6
90619 2
84229 5
88609 12
84219 10
89269 9
84979 4
88839 6
86790 15
96759 13
102439 10
120579 9
137259 14
133549 14
105409 6
93829 4
96169 0
87829 0
86000 3
95709 3
100499 9
92900 6
91640 6
102119 14
117239 0
112859 7
137159 1
111020 0
124619 9
91150 12
101399 9
97429 0
85860 6
100120 5
95629 1
112619 13
120579 7
120999 4
117510 7
106620 12
133269 3
132159 7
106329 15
113979 14
155199 9
128929 12
127069 5
613535 0
117099 3
109789 13
115320 0
98850 15
84359 14
103349 0
123510 5
94540 13
93179 4
108629 10
92510 9
87180 6
92879 13
96339 13
103079 5
88419 7
102769 0
97169 8
109650 14
126810 7
112510 3
96459 7
95799 3
92609 13
108040 10
115829 7
107549 6
111749 7
96579 12
102649 8
93110 12
95679 3
108999 14
104419 6
113250 15
114949 12
84849 1
103000 8
114248 7
107369 10
115509 11
106879 7
105159 4
96100 5
97120 3
86999 0
93769 6
120099 10
131019 10
120649 2
84090 10
96469 0
92869 10
88440 9
93129 9
91939 8
95569 12
92479 13
132649 12
111999 13
139769 9
113449 12
94739 10
86380 7
93149 6
106149 2
92789 2
119628 10
103309 7
120319 8
107069 12
136839 6
130659 14
126579 3
140449 15
148859 5
126879 0
106169 1
93709 5
80290 7
98819 6
90249 7
98230 6
90659 12
95379 5
105269 14
105900 2
99759 7
110559 8
99489 14
122689 13
101999 15
118790 10
117330 1
144019 10
87030 2
89539 4
128109 10
102949 0
117508 7
93319 2
102269 5
81489 3
93129 4
117729 8
100069 13
111819 2
103389 9
88390 5
119879 4
107859 12
113579 4
124249 13
123739 5
114869 1
121999 13
100459 4
96859 7
85099 6
104009 11
99359 13
95469 8
98889 9
117929 3
113750 8
101579 15
129379 11
112059 6
95859 15
86989 10
110370 1
118200 6
118669 10
106869 8
113229 10
103139 8
91580 14
