63379 15
63720 11
72500 2
84939 2
88579 2
80559 14
73260 3
87680 11
92599 22
90119 23
87459 12
89230 2
77559 3
78780 22
77119 7
86679 12
81070 2
78809 6
79500 8
79799 11
83570 13
83449 16
83689 12
79439 19
85229 2
72670 4
73519 3
59410 21
63479 0
58370 4
60539 10
60889 19
56430 21
44329 9
43860 11
45749 2
45860 18
43810 0
46040 2
45029 10
52360 16
45799 3
55539 10
41200 12
52339 20
43320 1
45830 21
45989 11
45880 18
41210 13
50930 12
38660 11
40540 11
40380 17
42480 13
41519 17
46799 8
60240 2
59399 11
61970 0
59420 6
58689 21
73309 17
60329 4
63740 14
60660 12
45110 10
42909 14
44750 4
45400 9
41200 3
41599 21
41160 22
43890 5
40149 9
39820 5
42570 11
50929 20
54470 14
54650 10
62989 17
71940 3
58419 5
63310 20
61339 3
64180 16
62669 3
52620 23
47840 11
48529 18
47430 23
48340 17
49079 2
52760 5
45650 13
45079 13
48230 13
45470 0
49719 23
60310 9
42820 11
45649 20
43150 22
42410 22
45360 8
42029 23
40510 2
41160 9
42500 4
43430 11
32760 8
33140 14
33280 11
45059 12
32830 12
31780 22
33530 21
34209 14
41490 11
42650 14
42939 6
45400 2
61250 11
66370 4
66200 15
68380 9
64770 2
69370 15
63629 17
63230 19
50400 23
52859 21
57770 1
46250 22
48379 7
48070 2
48740 18
45980 13
53820 21
61919 9
66890 16
65709 8
65390 6
63110 2
70059 18
64150 22
64829 5
66790 16
66490 10
74129 0
45149 19
43980 12
34980 19
31339 0
34320 1
34350 21
34640 4
45430 10
31509 12
31920 0
30920 12
31809 16
35649 7
40970 6
41830 17
39330 2
32979 10
32050 4
31850 18
34610 7
33609 8
32820 11
35030 1
31830 15
34770 1
32820 16
32090 3
31810 17
33279 9
45000 20
46900 6
45020 12
47329 10
57670 16
79189 6
58350 17
65049 16
67760 12
62989 1
64520 22
62949 21
61540 14
68410 12
62869 14
64010 10
60859 11
63300 5
60440 4
66270 14
160668 19
42190 17
42100 5
46029 9
46790 9
45780 19
45209 7
41410 19
50910 6
60439 16
73740 6
60179 23
67890 20
47659 10
46540 23
45430 15
51399 14
47440 21
44730 22
45079 11
46630 14
44290 9
32250 23
32810 23
32180 7
31330 7
30839 12
32699 14
33110 19
33680 4
31320 16
30859 0
33240 23
46700 18
30090 14
30189 22
30840 15
31050 18
30830 22
30569 0
31110 11
32220 5
32620 8
32169 14
31629 2
34900 22
31640 11
31260 18
32830 7
32910 0
32380 18
28371 2
25499 23
27320 17
25290 11
25940 23
24899 8
25890 3
32270 20
26750 22
30720 7
39749 20
39440 11
42330 0
44630 19
43169 9
44040 23
42400 1
45190 12
48250 15
58450 1
73659 2
58420 1
56740 16
71359 19
64469 14
65070 18
67809 21
59420 15
64899 0
62940 9
67499 12
62730 2
67559 14
64550 9
67049 6
77459 8
59839 22
59939 4
70000 20
62480 15
56450 3
63299 11
67830 23
66879 17
62350 16
64179 2
46710 5
47240 5
49289 22
50100 7
33150 6
37400 3
41999 21
44759 19
42410 14
46349 21
45539 23
41990 17
41640 15
42459 11
43160 8
40580 17
44909 18
44820 14
43680 14
43049 15
44610 1
47890 14
59749 21
41790 16
43880 11
43309 3
46680 18
65730 1
60379 11
64540 6
63229 5
60920 0
67129 15
63230 13
63599 13
66730 20
73719 10
66220 8
61570 22
66839 5
67170 21
66110 18
68949 1
66340 4
56340 5
50469 6
47590 23
49350 18
46219 13
46060 16
48830 9
50670 15
46740 14
53999 16
44100 16
40119 10
40299 22
41670 0
42580 2
42410 8
41589 1
41890 10
42929 8
42660 23
41930 21
34300 3
33180 18
32110 15
33550 16
33430 5
35069 6
33599 0
39960 13
30970 8
32890 18
32999 6
31820 8
32390 13
34920 17
33030 10
31400 18
32500 13
33509 3
32399 9
31960 2
33410 22
32100 6
31639 19
31520 5
29240 21
31300 14
39239 20
31669 10
32940 17
33300 12
35630 8
36699 3
33680 9
34870 15
33660 22
31809 9
32830 11
46970 9
41610 7
45050 7
42650 0
42909 10
40440 21
44950 13
41170 21
42400 20
44330 23
41999 10
45220 9
43730 1
61199 3
40050 8
43200 10
45329 22
46060 4
43500 5
43940 12
44190 18
46230 15
43400 1
43850 14
42520 13
32809 23
32289 7
31540 2
30760 7
32160 1
31850 1
32569 23
32700 5
31610 10
32510 18
28529 11
25240 11
25800 8
27520 7
28709 0
72570 7
28560 5
27350 15
27540 14
27839 15
25480 5
26120 11
26030 8
25459 22
25519 3
33240 17
31650 17
42170 15
41440 11
43439 5
42110 7
44170 11
44869 7
52479 3
40200 13
40419 6
42129 21
44250 15
43279 23
43709 3
42630 23
41490 19
41479 9
46070 20
43840 21
44839 5
43130 15
41850 12
44050 7
43080 20
42060 21
39819 16
45249 22
43120 14
41109 13
43489 17
51980 5
40759 9
41860 18
43750 23
45260 1
40899 6
43780 3
44290 3
35110 22
25659 6
26570 9
25590 6
26210 9
25069 5
25559 13
26160 6
27540 23
25640 2
26629 21
25430 10
24430 4
