234797 8
51839 10
45109 0
52299 13
56499 14
49910 8
47249 10
49429 20
52359 15
48499 14
50159 5
54949 18
53179 22
46989 7
52999 6
49719 9
50279 0
51509 14
54639 21
51649 18
72269 10
58719 2
60269 12
54790 7
59868 1
48009 21
52099 2
52259 14
48999 21
51319 20
47839 9
48729 6
50129 7
47899 22
47819 3
48839 16
48479 20
48279 13
48669 0
61019 12
56859 23
52329 22
52329 1
51239 7
51900 15
47920 4
48199 4
50749 3
50209 17
48900 16
49950 7
51929 2
51669 4
50799 2
55609 4
48249 12
52959 7
47999 0
68089 5
51849 1
48150 17
50360 12
54919 18
44929 1
50839 13
49280 8
53580 6
49529 2
49349 20
49569 10
47399 16
49870 22
49339 21
52069 15
53789 9
49180 18
53540 6
48949 18
66439 16
50029 23
54079 14
50280 19
57730 13
47870 1
51669 13
49699 21
52559 19
50839 8
51460 13
52399 21
55729 8
52769 6
48970 19
49540 11
52589 2
51559 21
52709 7
64949 6
49409 6
50099 13
51739 23
54379 6
51949 13
51279 1
51240 17
50948 21
54329 11
49589 6
56759 21
57229 16
54569 6
54919 19
57559 15
52480 11
56889 6
73258 0
51850 17
52469 21
58809 5
58129 4
51329 5
53359 13
251465 15
48730 1
49219 13
50079 6
48389 18
47550 8
50949 21
53389 4
66569 20
48729 7
49119 16
51929 10
51790 15
233966 6
51659 5
48700 22
46940 3
53729 22
50969 0
49009 15
55849 22
55169 9
53548 12
56189 1
69779 7
49919 21
50959 11
52589 11
50329 1
49599 0
52049 0
50289 11
52789 20
52439 1
48340 19
53010 18
50609 7
52899 19
50599 19
55010 12
54639 16
56139 16
48409 0
127268 19
54899 13
50249 22
48489 0
49609 15
55139 21
58309 21
50349 10
52209 14
52549 16
49369 11
53539 19
51979 22
51699 9
56029 2
48200 22
55030 16
64519 0
51900 21
49759 8
50549 23
49450 4
50319 17
46859 13
52019 16
50639 9
51089 8
48079 2
54759 15
48539 14
49839 1
52390 1
51189 18
54099 8
49999 19
51369 2
49629 22
69288 2
53610 17
52640 1
50159 9
53599 0
56039 13
56779 0
55909 10
57129 14
52339 15
52159 18
51439 5
55759 21
53399 21
54799 2
55059 22
53880 9
52210 3
61409 3
50379 14
49829 3
51469 21
47189 7
53489 13
49809 14
52939 5
50999 10
55119 19
50990 8
53639 16
53049 20
50799 3
57789 5
56229 15
52289 22
47449 17
52779 22
63909 23
50629 8
50889 13
53120 16
48360 8
49369 16
50689 21
61419 15
62089 15
57029 17
53670 1
52059 10
54399 17
52289 23
47319 12
50699 19
50350 16
49419 10
50259 9
66069 22
52849 6
50409 23
53069 15
54388 5
51869 4
54739 17
52379 14
52669 13
50639 2
51019 11
49159 7
49589 7
53049 4
55209 15
59829 18
53119 11
51089 23
48489 14
61669 4
54509 18
51579 19
54509 10
54439 5
62709 9
59559 5
56869 1
56589 5
50319 11
55839 14
49789 6
52850 3
52669 22
51759 2
48429 8
49929 16
49899 12
66210 12
51760 0
54129 23
60549 5
51949 4
51499 6
50259 14
53388 0
51619 6
49209 9
52539 3
47699 5
53759 7
54799 4
56939 2
55559 6
55709 5
50629 11
49470 4
66679 11
54999 4
56449 0
55689 2
50819 11
56509 14
51609 15
58729 16
52480 2
54168 14
50349 21
53379 17
53589 6
54709 16
49690 1
50330 14
52219 20
53289 18
73929 0
54189 8
50349 14
52489 10
52490 11
51429 13
53649 8
51609 23
54749 22
52609 16
53900 8
54030 12
50379 19
53369 23
58329 15
54669 11
54649 23
52119 0
54450 10
139188 8
49909 3
51659 4
52889 23
58969 5
54779 0
55609 6
54619 13
53980 12
52349 17
49469 10
49059 23
53030 12
50470 10
53459 16
53249 13
54639 15
69689 11
53669 5
54769 6
47460 2
49730 2
50889 14
49039 4
55119 7
52490 6
52979 12
52949 17
51199 0
53859 8
50249 13
52779 2
53068 23
53359 6
51859 22
46579 0
64989 23
50169 15
47479 13
48930 20
52259 17
50599 10
50100 1
45690 11
55649 8
48909 23
53759 20
48000 9
56019 2
55480 7
57349 4
51319 21
47759 14
59639 10
48599 16
62710 9
51099 0
50929 15
49839 0
49269 22
49439 1
55489 13
51249 4
51789 10
51449 15
55029 12
52370 10
57579 14
54379 14
52379 12
51019 0
47999 1
49819 10
52439 6
62949 18
50639 22
54469 19
53969 3
55959 17
48579 23
55340 1
52969 4
54229 10
50719 12
51709 1
55560 1
52730 8
54199 22
49989 12
53589 9
49679 13
52730 7
51920 12
61379 4
52999 2
53079 0
51889 6
52119 13
54488 22
54459 19
54659 2
53799 14
52209 20
51599 11
51000 14
54880 20
51699 9
51859 21
52929 11
52389 1
54140 0
66558 12
60099 12
50519 15
57259 16
56369 1
52609 13
50009 14
56879 9
52440 12
54880 16
52959 1
50939 12
49579 21
53509 9
47859 20
51349 20
52059 6
51399 14
51079 5
65699 22
50329 11
50909 20
50839 3
50319 15
52629 0
48839 16
48139 16
50119 9
51459 18
51789 3
52650 15
51439 11
52259 4
51669 7
50919 15
52099 18
52630 0
50909 9
61969 19
50429 3
51389 6
50569 17
51510 17
53060 9
52429 2
51719 10
46509 0
55170 9
55759 15
52379 0
52199 1
51399 11
48719 13
51990 16
54770 8
53880 22
55029 10
71309 21
57219 17
49769 16
54539 13
49679 8
52559 17
50660 11
53479 1
52039 6
52729 9
52129 15
50540 4
51169 17
56249 10
52489 1
51189 9
51920 11
54739 1
51829 15
131328 22
52199 19
56349 3
52569 0
51279 6
51060 17
52340 9
52849 8
52239 3
54159 1
51199 17
49380 11
55660 21
52069 22
50609 6
52599 9
54959 20
65058 15
52700 15
47680 17
47349 19
48639 22
56309 23
51749 0
51429 1
48719 14
51309 8
53529 20
53789 18
52099 21
55029 5
51709 9
51859 10
51339 2
53440 7
54339 18
49799 17
66899 5
52439 5
54549 11
48159 10
56109 3
52560 19
52720 21
50299 0
54129 11
50979 17
50569 23
51089 21
50559 23
55479 1
54579 19
53689 3
48240 7
50840 16
63979 4
52199 0
49599 10
53539 7
51169 7
53079 14
51170 15
55389 3
53129 13
54419 11
49589 18
55689 21
53899 18
53049 18
51589 5
54479 6
53659 4
50350 4
50680 7
61829 21
49619 11
50029 23
54129 21
46860 23
51259 10
54839 15
56739 21
58999 20
62009 4
53149 22
58009 17
49590 20
57630 3
56390 19
50559 22
54739 19
48329 10
52750 3
65170 16
51499 0
46870 3
51419 12
58229 21
54859 1
53489 12
58179 0
54320 21
54379 12
57659 5
49279 11
49579 22
58039 1
59079 9
53669 15
52499 10
50319 13
61489 17
50859 10
49249 12
51489 2
54189 0
50269 4
53289 4
56319 3
56049 9
51840 5
53160 17
51139 16
50389 12
51389 21
53789 15
52020 14
50059 9
53379 19
55109 10
64939 16
54479 15
53999 13
54270 23
53890 3
55709 3
53619 6
53799 4
50599 14
54509 16
47799 4
52949 2
53059 11
53119 10
48759 4
51989 19
51549 19
51039 2
48809 5
63259 10
50919 19
54290 22
53370 2
52910 18
54769 2
54169 22
52369 2
48910 11
53219 1
52360 10
52699 19
50439 14
51349 18
52740 3
53699 9
50999 4
53409 3
50539 18
71369 22
53819 22
52929 0
54899 0
49259 13
53829 20
49029 23
51649 1
47819 5
49009 1
51439 13
50389 21
51889 8
50310 20
52859 0
52959 6
51919 6
55219 6
48689 9
133448 3
55259 2
52329 6
51739 22
51829 2
50679 3
50279 16
49149 8
50959 23
51129 16
50059 12
49619 9
51569 9
51828 4
52339 8
51989 17
49029 21
68119 4
52739 8
53880 1
51999 16
49429 1
49799 5
49729 8
48459 17
52389 8
49549 16
51989 2
51669 6
58429 15
50590 20
57290 19
53680 7
54289 7
55599 10
51489 12
60159 12
50439 11
51860 20
50739 15
55539 13
58949 7
57609 17
55999 23
54829 9
52390 12
50699 6
52199 20
56359 4
50849 19
52969 2
54989 16
54748 6
49709 7
52379 17
61889 4
50299 8
50489 19
54340 16
53900 11
52059 15
51499 1
51189 9
51449 14
51859 14
52240 6
52289 20
53229 6
55269 18
51949 20
57628 7
52439 15
58599 22
58669 9
53149 19
53759 11
53149 16
48119 9
53130 20
60509 16
60419 12
59869 16
57749 2
49799 4
53089 1
55799 17
51510 10
61188 9
53839 9
56789 2
49079 5
65389 1
48859 14
50590 2
51680 20
52799 7
51389 14
53589 12
52029 10
57540 14
49430 15
52109 3
55489 0
53519 13
54039 11
53609 1
58770 3
62279 12
53409 2
47999 7
58899 3
50009 17
50909 2
49659 10
51619 15
52679 2
54769 12
63989 0
59409 2
59229 19
52279 13
50459 3
51129 20
53209 0
47889 3
51469 16
50430 4
52799 4
49440 13
58319 21
52839 5
53989 18
50619 6
49590 0
49329 6
49059 1
54189 22
53479 5
54210 13
47970 4
54779 19
54119 18
58659 10
57279 13
58039 12
52739 14
56579 4
64910 13
51410 16
48489 2
49769 14
53369 23
56290 7
57468 22
63668 5
60108 3
56470 22
51039 2
49329 5
52069 14
52210 21
54599 23
52279 0
51259 10
51449 14
53559 8
73149 8
50739 11
49530 17
54190 17
51279 0
57629 13
52809 2
53439 8
53049 18
55768 10
50939 12
48059 2
51149 1
54799 19
56319 15
58048 6
55808 15
50970 16
142547 22
52139 15
52309 16
51949 8
54079 23
50500 21
49239 12
56019 4
50449 22
50769 3
50009 9
44869 8
46619 3
47569 22
49240 13
52619 9
50930 0
51359 20
60149 13
49599 8
50790 11
57079 11
53410 14
51239 10
50739 23
47119 19
49640 0
51600 13
50249 10
52159 6
48549 12
48809 3
55240 4
58379 6
55779 18
50799 18
50989 19
65979 0
55909 17
52829 23
46730 20
52319 2
52919 13
54559 16
51329 9
57280 17
53780 0
49559 8
48979 10
47509 9
55330 18
50219 7
48229 22
56739 4
45189 16
47630 1
62730 20
55980 19
55579 11
50629 6
48049 11
53099 5
49650 17
50340 12
51259 5
50579 10
48709 7
50900 9
51540 14
47199 19
50589 21
48499 19
53579 17
50460 16
48149 13
51359 3
64419 13
52079 3
49140 10
45870 23
42809 20
51899 9
47160 10
45549 23
51359 10
49289 12
52929 1
49299 1
56999 20
46779 13
52929 23
