23088 14
26307 3
9406 12
19256 6
7523 12
3241 7
7275 6
5100 5
7591 12
9372 15
3972 4
6055 14
7408 9
7154 9
5411 8
5576 13
3950 1
2339 4
6115 2
27846 3
7789 14
7248 9
16042 12
9137 7
9267 3
13506 15
7404 11
4399 9
5544 10
13023 6
9544 15
9665 8
6857 9
4643 13
4628 13
8517 14
13313 0
8654 12
23985 5
2326 4
5943 8
5318 11
10369 14
9158 9
25117 8
7206 11
7614 13
4036 13
10932 9
7619 7
4977 10
9995 5
5705 4
8070 5
4396 8
6145 15
5631 13
6885 15
2536 3
7693 10
12457 10
7335 12
11209 13
12587 14
4693 0
7797 10
6424 11
7690 2
9055 7
13056 2
6716 7
7440 2
6997 11
4394 2
8222 1
9349 14
4660 7
4682 11
9485 3
11004 10
5005 4
7426 12
6865 1
11323 7
6270 8
5408 0
5652 14
8139 9
6203 9
4986 9
7219 13
9026 7
8944 7
8813 7
9395 11
17344 3
12814 11
23529 10
8840 15
40850 3
9448 9
11886 6
12253 2
2514 4
8888 6
6280 14
10865 7
11630 6
7832 14
6854 14
6020 0
4697 13
3446 4
14646 8
12179 6
5162 10
1919 4
6531 15
8725 2
5723 3
19702 8
5658 4
3467 2
4426 1
5352 2
17976 5
7749 15
11144 4
7027 10
7813 15
7646 7
8338 15
16861 7
8089 12
8327 11
8186 7
13840 6
9689 1
8778 10
9655 0
4925 7
10434 6
23984 10
5097 3
9168 9
6121 0
5801 14
13268 8
6687 7
7771 3
9209 10
2396 8
9453 8
10651 11
14304 3
9505 2
1960 4
4069 3
10872 7
4292 11
10799 5
8489 9
5260 0
12492 11
4991 10
5908 1
5828 14
8005 1
4264 5
15871 6
5182 3
16705 5
2766 1
14282 5
8942 3
17112 2
17337 6
8732 2
3984 0
12097 7
21226 10
4558 11
23844 8
16777 12
5623 15
6505 10
19574 6
7672 7
4636 11
4604 3
10401 10
20227 3
6743 7
2805 4
14955 3
15848 8
13750 10
4426 9
3673 1
10418 1
10461 8
16684 5
6842 14
3444 2
9191 15
6115 13
20117 12
7572 5
12624 13
2758 7
8464 2
10451 12
7024 14
38467 3
7700 8
6240 11
8124 13
8225 14
7721 14
4028 7
18734 3
4982 14
7175 14
8739 0
9706 12
14055 12
5652 14
10738 9
16994 6
8462 0
8550 1
7011 12
5961 7
18719 6
5260 15
2299 4
12267 0
28034 3
20129 3
12600 2
5084 9
3866 9
2138 4
6995 12
8446 9
10139 15
9382 0
7195 14
12079 8
4110 9
6154 14
7461 7
13280 14
10185 13
7629 13
9944 15
9047 10
4820 4
3616 8
9328 6
3344 2
13963 13
5878 14
6834 14
4827 4
9612 3
8349 3
6752 12
6438 9
2241 4
8972 6
10398 7
4375 2
9121 0
7892 8
10099 11
8876 15
14107 1
7856 0
10364 0
6159 8
6120 0
9706 13
9568 9
14989 3
8842 9
4820 7
9983 3
19025 6
6797 7
8019 2
9051 9
5795 1
13252 8
7589 5
12905 1
5096 13
5940 2
6055 9
11959 8
1699 4
12374 2
11771 15
10888 14
8081 5
15589 9
4097 1
11144 1
10809 11
6372 12
19795 3
18571 6
17104 5
5826 12
10514 15
15062 8
13798 15
7051 9
8371 6
6105 2
10968 1
27613 3
10468 14
6208 11
16164 3
7688 15
13848 5
9345 14
11709 3
18146 2
4379 9
8170 9
6499 7
4596 14
7855 12
11599 6
4512 12
9607 5
4757 15
6778 8
5708 11
1781 4
4708 12
12809 8
5388 11
5625 13
9190 1
5304 10
6772 15
4839 4
10261 3
8892 2
8378 0
8209 11
7137 9
2520 4
18259 3
10544 14
7294 9
5641 11
14796 2
17005 12
7919 2
6936 10
14827 10
23651 5
19310 6
8526 9
7171 10
3487 4
18209 5
4773 5
16962 14
1954 4
6430 11
11977 14
6792 7
7050 14
4149 4
9305 13
9477 2
11765 14
5634 14
7639 12
5477 14
7758 14
8362 5
4939 13
8670 9
11002 3
18415 10
14933 6
8621 15
11217 3
16935 1
4977 13
17933 1
13216 5
11429 7
5340 5
5998 7
11095 12
14800 5
27551 6
7822 1
7394 2
11037 3
11129 5
11177 3
11054 11
4607 9
11037 2
6563 15
6408 15
5841 9
5456 8
4334 8
11564 2
15798 6
9204 13
9815 4
8536 5
6606 10
2624 1
12007 8
11698 3
9376 4
8240 14
5051 12
5467 9
5563 13
8266 2
9607 12
9160 7
6140 14
7629 14
24525 3
9715 12
6156 3
5586 14
4644 13
7380 2
6371 7
3494 4
9867 4
2886 5
4951 10
6025 14
6165 1
12490 5
5852 15
13801 2
5345 11
4155 0
4264 4
8902 1
9998 5
12906 6
12874 10
5188 1
6805 11
4063 4
6883 7
5731 9
4741 7
7594 12
5549 9
6108 11
6522 15
10719 10
7674 3
20182 3
8814 2
11604 1
7435 9
4965 13
9076 1
5417 11
5268 11
31726 6
18748 6
4317 13
8662 3
11095 7
1848 4
14008 7
9572 0
7543 10
4249 4
4031 1
7878 12
7736 1
13838 3
23106 3
12258 6
6808 12
6160 2
8481 10
12144 10
6833 15
1737 4
23624 6
18205 14
13449 2
10479 7
12300 2
1923 4
5436 2
9301 14
9546 5
22947 8
5006 5
7275 3
27149 8
8452 7
27028 3
11445 9
34044 3
19953 1
7014 13
8956 1
7213 12
4559 15
14627 12
9208 8
4899 11
6182 0
14680 14
9368 7
5421 14
5482 13
18840 8
6363 15
15580 5
14034 10
16005 7
5250 11
9883 11
2012 4
6264 15
15649 1
15916 8
4964 11
4276 4
4828 8
6774 1
5633 11
18692 5
7377 2
4385 2
5264 14
12562 2
7569 9
11051 8
4278 8
11016 1
17002 3
6412 12
16254 5
18419 11
9118 1
11067 12
20813 3
9286 4
16124 5
10394 12
12638 3
7616 10
12024 7
5818 12
6532 14
5324 7
14687 8
5300 13
16407 10
1691 4
6801 15
9040 3
8066 12
4682 5
4647 12
10575 10
6297 5
5903 14
23146 6
4132 0
8150 11
13049 5
8007 9
4432 11
22007 5
6920 11
4588 14
8076 12
6230 3
9056 8
7631 9
10956 5
6549 12
11735 11
6295 0
7349 4
12472 3
4914 3
9795 12
15724 14
10548 6
7027 13
5866 1
16976 6
8533 4
3593 1
7995 11
7779 12
14170 6
8998 15
7545 12
2765 0
9742 8
10447 3
14565 6
6889 6
4472 11
3706 11
8249 3
10144 3
4406 4
2912 0
21829 3
10056 11
5211 0
8481 15
5960 11
8202 5
7285 3
7194 13
3741 4
20962 6
40993 6
8190 0
15851 7
10807 0
6868 11
9672 12
9504 3
3380 0
3541 0
7454 11
7531 5
7653 14
6901 0
11754 0
5658 10
5649 13
9112 9
4763 1
5992 10
6481 1
14350 0
6422 13
6111 11
4444 15
18083 2
8693 4
16155 6
15549 6
1722 4
6529 6
10366 0
6383 1
9340 3
8028 1
26070 6
4375 14
12581 3
4902 13
6846 7
16621 10
11557 10
3975 4
7780 0
5067 0
10363 8
4723 0
24566 2
8963 10
16143 7
1927 4
1170 4
5947 13
6282 1
14926 10
1754 4
9226 12
2776 0
10632 10
11593 10
10181 1
28658 3
11831 6
5547 9
6017 2
5458 12
5868 9
7827 7
16890 3
2927 4
11459 6
8486 15
6386 2
4094 10
19022 6
23025 6
30429 6
30295 6
7113 11
3767 4
5015 9
19582 5
6646 10
4031 11
14392 3
4352 14
6490 14
20525 6
24038 6
6448 0
8225 8
10517 14
31591 6
8612 8
4010 14
2930 1
12343 2
12263 5
11805 12
7851 12
4942 12
8618 10
7111 9
6847 11
3332 0
4216 4
9130 6
8931 15
9425 10
5756 11
8938 13
11739 1
4777 0
9000 8
8391 9
35588 6
6794 5
10579 2
6440 14
18792 5
28645 6
8349 0
3989 6
5489 13
5547 14
5623 10
6093 9
5975 14
20160 6
8472 10
1703 4
6421 14
5508 0
4459 9
4236 11
21786 8
6286 12
7131 14
9214 7
9698 9
7921 0
26938 6
9130 9
31881 3
7921 8
4330 4
1331 4
9558 5
5327 1
5948 12
9720 12
13308 1
6807 1
15555 8
12655 10
9988 11
6356 0
5434 15
7072 11
4101 0
6834 1
5964 3
6684 5
14998 7
10190 15
3376 4
10607 15
7325 12
3585 15
4184 4
18726 6
25543 6
13170 1
6252 5
8523 8
5337 11
2773 7
4706 11
12150 1
7442 15
5044 12
7757 3
2974 0
5745 2
5860 5
13395 0
6153 14
20284 5
7197 12
11054 14
17778 8
13478 14
3728 12
11142 7
9487 9
3254 5
9117 9
6664 13
7485 10
18135 15
6521 1
18516 6
10433 2
6527 12
7875 11
6943 11
6983 14
7624 1
4423 11
7595 9
7047 0
12606 9
2771 4
4318 2
10799 11
10536 5
10292 7
9482 13
6632 13
6114 11
7011 11
7324 5
4657 0
6854 0
5534 13
13476 6
5813 2
14592 10
14039 8
10755 1
4284 4
5053 14
7164 14
8199 10
9869 6
12590 3
4761 14
8995 12
5824 15
4273 4
7639 15
17982 3
6444 13
3002 2
1601 4
8300 0
6074 9
14202 3
16785 7
6636 12
5816 15
1785 4
6715 11
7619 8
6665 2
16258 3
3578 7
4917 0
8155 3
8364 7
3471 4
6985 11
6073 12
4511 14
5726 11
13487 3
17304 1
7948 7
7705 6
10415 10
11544 12
9308 10
6295 10
3141 4
8286 10
7811 11
70862 13
1062 4
7393 12
11877 1
19949 15
12531 14
23617 1
9740 10
4828 7
12350 9
4154 9
7924 9
3594 4
11763 3
5914 2
79040 11
11736 15
9153 3
11697 6
24058 7
9923 9
61316 13
8619 12
13259 15
24215 11
3277 5
10159 0
10721 14
8073 4
6801 10
3485 0
4504 9
23771 2
9436 6
49417 4
8911 14
4304 1
6858 14
8565 6
41634 4
5742 9
6844 12
10847 13
6712 10
50504 1
6959 0
6118 3
23566 5
17928 9
4721 2
6300 12
8685 14
4254 3
6046 3
4439 12
3669 14
2644 4
7659 15
3801 2
2903 3
15743 9
5487 13
3099 7
5481 8
6254 9
8755 7
12404 14
6055 9
13293 8
4006 3
5012 7
14545 5
11263 10
9331 10
3944 1
14177 6
3625 8
22330 8
4114 15
8362 15
8884 4
5762 9
7214 9
6473 10
5842 0
8508 4
31267 2
13466 12
4296 1
9257 11
8253 5
6520 2
6849 9
4273 12
9132 10
17753 9
5513 8
31250 6
7304 15
4772 9
4393 5
1586 4
7310 12
6784 11
3588 7
4953 8
6083 15
48919 6
3710 1
5608 10
3529 3
7344 11
12861 5
11057 0
30267 6
4394 15
6473 15
8555 12
7047 13
5756 13
23959 11
9702 15
3672 3
4569 1
11494 11
4192 2
16817 6
7693 14
4876 3
56364 6
7172 0
5293 10
12083 9
22841 6
3237 1
11567 8
11567 8
4430 10
7530 8
3864 3
7521 11
6886 15
1695 4
6989 1
5652 5
1445 4
5073 12
9157 15
17289 6
1546 4
4538 3
5688 8
4126 9
5751 6
7069 15
3533 3
23477 9
13376 9
6917 11
9913 8
7575 14
11110 10
7105 1
15905 11
6005 14
5254 3
5308 13
7673 9
16098 9
3862 2
18563 11
29122 2
6461 9
7944 0
4768 0
19806 4
8630 11
5183 0
3589 1
2131 4
23524 6
5201 8
3454 5
16660 6
14726 9
4308 2
6581 13
32290 6
11620 3
3016 0
8061 15
14338 6
8806 11
6192 14
23043 1
15431 5
15386 15
10692 7
11384 14
6241 13
5854 6
10399 12
12587 14
6699 9
6673 0
10831 5
5596 8
4533 0
12268 6
15725 13
7007 12
5738 0
12405 14
4654 15
11445 6
7419 9
6337 9
5975 10
6317 0
12836 9
16956 2
9677 9
13215 11
10874 12
8763 4
9169 0
10845 9
6644 15
3899 4
7566 9
5962 9
7974 8
10597 12
4164 7
5963 9
11246 14
5344 14
6092 3
7913 0
14248 11
11968 12
17021 2
10230 6
4395 3
7068 9
13890 15
19758 3
5485 1
6721 2
7949 7
9842 10
5293 10
11077 15
4164 13
1451 4
6911 9
3600 1
2974 0
21270 15
7660 1
5049 9
9592 15
7623 14
10677 13
9710 0
14652 5
2911 7
9766 9
8512 10
7255 14
5433 13
10670 5
10398 12
14302 13
11860 15
5678 3
15122 9
12927 11
8071 0
13342 7
10555 14
2891 4
6120 13
19929 5
6193 1
5454 7
1483 4
5730 11
13195 15
14204 6
6640 3
9177 8
9536 9
6551 13
7466 1
5574 9
4744 2
7735 12
6231 0
4565 10
9061 5
12755 9
8043 4
1084 4
22370 6
1318 4
9370 5
12233 8
10838 6
8494 2
5151 12
5856 13
13865 9
5860 2
9842 10
3716 3
7971 0
7083 10
16227 7
8246 4
23746 6
11906 11
10617 9
8392 7
12056 2
6571 10
6715 0
5908 2
7111 2
7612 0
6797 10
12228 3
6438 9
5946 11
15892 5
20255 6
8054 14
7754 3
10749 14
5583 14
3009 7
5327 10
9708 11
4745 5
8089 12
11376 15
9540 12
6351 8
1196 4
6421 7
5984 1
14806 6
6147 14
6258 8
4427 4
5897 10
3318 3
7161 12
10464 12
10880 10
5605 7
5894 15
5376 13
14549 10
18904 2
5308 6
17550 7
8638 13
12716 8
11121 8
5123 10
13574 14
5397 13
12317 2
1203 4
3161 7
16430 0
8007 13
7018 9
6579 12
7735 4
8372 3
9332 14
18584 8
14279 5
10558 13
6953 14
7717 15
7022 10
13741 11
16458 2
9728 7
1253 4
14498 13
42361 6
16685 2
6980 5
5574 2
8264 10
10783 6
15043 2
6679 10
4891 0
20961 6
4421 5
9477 9
8607 12
1309 4
12637 5
5293 12
13898 8
8190 9
9248 11
4659 3
5749 7
9388 7
4690 8
5640 14
36467 5
4923 1
5554 13
12414 5
10240 12
6828 3
12508 13
9133 12
24276 9
23648 14
4582 9
9793 14
6744 13
14909 6
8792 2
16552 5
13953 15
10620 7
14534 6
6550 14
11854 9
9714 11
6273 14
1689 4
14336 11
23222 0
8553 10
7371 15
1394 4
7008 1
3818 0
2488 4
7598 3
8810 3
8304 11
4561 7
10328 7
14563 1
3415 0
6689 15
5785 13
4118 0
20840 14
16580 8
5373 9
5133 13
8226 3
4482 13
1275 4
5114 3
11983 8
13940 8
5553 3
4602 3
18118 10
15159 3
1551 4
12753 14
12123 13
6039 12
4955 5
3757 0
16879 6
4255 0
4089 4
1108 4
5094 5
6807 12
6079 11
4319 7
11965 15
5045 1
11160 12
26969 6
10434 5
19254 0
6111 8
7811 9
8950 2
8307 4
6098 12
9586 13
10557 0
5628 1
3425 0
5609 13
4914 3
14729 5
9646 3
26569 5
17512 0
4534 10
10980 6
13669 15
12273 7
1461 4
10551 13
4706 5
6727 10
4167 3
17253 3
9478 15
4853 12
4737 4
4915 13
8236 15
4382 2
6925 3
10639 13
7598 12
11551 12
1357 4
8035 0
10947 8
2607 3
34218 11
5410 0
4399 1
9161 12
4596 8
9045 0
3179 2
10123 12
1650 4
4677 7
1245 4
1239 4
5170 0
17606 8
6202 2
4989 3
11752 7
5692 2
13902 5
9887 15
7915 4
23170 15
10749 10
3819 3
4385 5
5382 13
9097 9
6235 11
11732 6
7850 8
7199 14
9688 13
6064 11
6400 13
8195 1
4113 11
8713 14
4693 13
2742 4
9453 15
6855 0
21524 3
9158 11
7855 10
6280 13
4998 13
4797 4
7296 12
17994 12
8878 5
6912 0
4692 2
8510 13
3697 10
5708 1
11810 12
19906 9
4734 9
5138 15
6849 7
10107 5
7149 10
10903 15
6486 14
9533 7
1710 4
6205 13
8042 15
13355 7
6539 14
13030 1
31495 6
4763 12
7936 13
9913 11
5136 7
11665 15
1534 4
5382 8
2632 2
8238 14
7576 10
21163 11
6794 12
34137 11
6141 15
5507 1
7797 9
6075 10
7941 9
8998 0
13789 9
8827 15
9140 5
6198 13
8774 12
4516 3
9897 0
9257 5
6284 0
12535 8
4494 1
4808 8
20676 14
6156 13
29994 6
5867 13
11044 5
9354 5
6816 3
5544 0
2964 1
4021 3
5215 7
8632 8
13472 13
13925 14
3099 3
5929 7
11515 12
8063 7
25823 0
21861 6
8948 1
4877 13
6122 0
7280 5
4571 15
5523 13
5363 2
3948 1
18358 5
2952 1
16135 14
12604 14
11883 14
3861 7
14060 14
1667 4
9245 9
6003 10
23622 11
9894 0
9722 6
11768 8
5309 11
23228 6
12260 5
3185 4
4011 8
5333 1
11414 0
4555 13
7030 0
1485 4
4527 15
3823 5
5829 7
12863 9
5657 10
8553 15
7079 10
9544 0
15996 5
12293 9
12445 5
17052 15
9070 15
3265 1
7985 13
5341 1
5029 0
12434 8
6721 12
19886 10
7006 7
10242 1
12618 8
15594 6
2715 1
3265 1
14384 0
3975 0
7988 3
9497 14
9839 15
6007 13
5877 0
7421 1
7347 9
6674 2
11961 9
10011 13
8078 13
4142 7
6202 15
4718 7
4058 8
7113 10
5371 15
7709 9
7642 14
10042 0
5078 14
14875 12
13863 5
8183 7
4657 9
12186 1
17037 14
6700 2
15139 7
12153 8
4678 13
5410 10
5358 2
8861 3
19177 11
3289 0
4757 0
7795 9
8938 7
16485 13
7596 14
8994 0
3319 3
11370 5
9137 8
7154 0
13552 15
4629 3
1326 4
13044 6
5280 13
5317 9
10339 11
8902 3
14154 6
16738 6
15950 6
8136 7
3805 9
9033 12
4512 1
4585 14
10449 11
11529 0
7783 8
4792 7
7076 10
3097 0
7856 12
8230 1
10169 6
5012 0
7674 2
9859 2
4556 3
11953 3
4650 1
9912 3
4628 2
6285 10
5921 12
6528 8
7551 8
19569 10
12160 5
4759 9
17176 12
6242 9
6432 7
6988 7
4273 8
10673 9
33401 6
13749 14
5032 0
14438 7
21685 11
15363 12
7808 12
10578 11
9909 11
18459 15
5985 3
4539 13
4502 5
9695 0
3102 5
14981 9
4914 8
11535 15
4709 6
6663 12
9276 2
2798 8
3520 7
7960 10
7410 7
7905 14
7180 11
6510 13
8174 10
9246 14
13567 12
17804 8
6376 14
4663 9
11162 12
5531 8
6270 0
4317 1
10818 7
15964 7
12575 14
6919 5
4768 0
3440 0
6698 3
3751 3
4642 8
10365 13
2969 5
7738 14
18492 11
10472 10
4972 7
6384 7
10273 7
3239 4
1607 4
2811 3
1781 4
5294 13
9321 10
4714 0
9791 11
8712 12
8496 0
7088 11
4426 1
4132 1
6474 1
7962 12
4883 10
23148 11
11342 10
15076 4
3569 7
15157 9
15942 11
4168 1
3830 3
23411 6
4953 15
13639 14
9442 9
16000 2
9172 11
4495 9
8663 11
9249 14
19199 9
8570 12
8874 0
5900 7
10611 0
4001 9
4576 4
9633 15
4605 0
7846 12
9170 15
7111 5
12535 15
5551 14
10236 14
12191 9
10356 6
11146 6
4433 7
3521 3
5921 3
6456 1
27653 6
17748 6
9287 15
7104 8
21838 1
14745 1
11487 10
10076 5
8695 15
11316 9
5611 10
4559 8
5232 5
17209 12
8819 0
6067 0
1929 4
9150 9
10918 14
5657 0
10911 5
5590 8
13552 0
6343 10
5382 9
4328 4
4734 14
7869 13
5317 9
9156 8
12511 8
14759 9
9255 13
3256 2
4980 13
7428 9
4553 1
10911 7
9872 10
3115 1
7627 14
4302 1
11300 7
16572 2
17418 2
6706 8
8331 12
6582 6
8308 10
18507 14
7166 12
7403 5
5309 15
5921 1
3781 1
4212 6
9134 10
5992 8
16006 0
8437 6
30601 6
7463 8
3071 3
4751 12
11564 7
8967 5
6263 1
11246 6
1563 4
3484 6
5336 13
5935 15
7552 3
21247 6
5000 15
4700 5
4009 0
15311 15
9760 2
10659 8
4458 15
9465 10
16563 14
7537 11
9889 7
16147 11
9705 5
5049 14
6075 3
9238 11
2008 4
9446 14
15841 9
7012 15
6274 14
17109 12
9623 6
7783 9
9014 9
9959 10
5222 13
11088 7
8065 2
7308 2
8028 14
6335 14
9725 13
7053 12
9190 0
6471 6
8706 15
21194 6
11402 2
4148 0
7192 10
24077 10
12280 12
18417 11
8727 11
4194 0
5701 13
8741 10
8115 10
14926 7
12028 13
9128 13
7701 10
14458 3
7056 12
6481 12
10258 5
5366 13
12522 9
4144 2
19113 6
5319 14
6245 8
8430 14
7295 8
7799 12
8522 3
5594 4
4653 13
5611 13
8888 3
8595 2
3610 6
7422 3
6973 11
4512 1
4710 12
14606 2
3859 8
8616 3
4959 13
7004 2
5189 6
13775 5
3070 1
7475 0
6681 14
25739 14
3312 4
5983 12
6286 12
11071 2
14110 2
5571 13
3149 0
3482 6
66188 14
3804 6
3514 0
5092 12
13036 3
5275 10
20168 5
4943 10
3584 2
4774 7
17935 4
12975 4
4679 3
12818 11
39540 4
2706 7
4896 15
27028 4
9307 2
3332 6
1499 4
5020 2
10656 1
4310 5
20185 7
8282 7
55243 4
7307 2
39513 2
9489 3
7865 10
12053 3
14909 14
21329 8
7125 1
6571 12
8982 1
39864 13
6378 11
10218 15
5540 0
46361 3
10785 6
3935 1
3027 5
7123 8
3226 5
14709 13
17079 2
8949 3
3624 1
3350 5
7787 11
5571 7
6697 9
4065 14
4543 11
5228 11
4830 12
9067 8
5066 2
1645 4
3712 5
5424 8
10296 9
7235 11
6498 11
10016 8
10275 8
3672 8
8412 13
18396 12
4094 5
5652 10
15289 12
25892 3
9621 0
5804 0
4590 1
1260 4
14809 10
3307 1
6495 5
11127 5
11262 9
11081 5
8851 11
6750 15
7246 3
6297 15
7353 6
10608 8
11148 15
8722 15
15176 13
3250 8
2110 4
17061 4
3727 6
3026 7
5249 0
9539 11
1439 4
5410 8
6521 14
29063 13
13650 3
3660 0
1870 4
5532 14
14028 8
8280 1
3564 0
5428 1
5941 5
14114 13
4721 15
13429 7
4285 1
3388 4
10441 5
5654 13
4692 6
6205 3
15003 14
10413 1
8149 13
7891 2
9144 10
8165 5
6540 14
10933 14
4284 2
6159 15
6762 15
15883 3
5766 8
13685 13
7400 14
41106 2
15473 2
1733 4
7868 2
8915 0
13642 3
4471 13
8767 11
10439 12
7668 0
5191 1
46451 8
5418 15
5243 0
7732 1
3487 7
7562 14
38057 10
4372 6
8811 11
9959 7
10884 14
2936 1
7247 11
5696 10
7910 12
11327 3
5913 12
7598 12
3478 0
7074 1
10656 1
4816 6
1527 4
11503 7
3650 2
12492 5
2963 8
2974 6
5099 2
17231 5
5326 0
6287 12
11301 15
12091 15
12986 15
5238 10
4580 2
8544 10
6281 11
6109 15
8408 13
10387 6
6398 10
3786 0
6088 15
4119 0
3953 0
7990 9
3191 6
4934 7
10518 15
9253 10
6486 13
3987 2
30104 3
8632 15
4054 6
5160 13
4842 9
1191 4
1611 4
26494 3
6236 13
2927 5
3110 1
5446 13
23712 3
6069 12
1303 4
9248 14
4576 0
5505 12
10377 7
4974 12
10145 3
5186 9
8910 2
1636 4
24398 2
12069 6
6394 11
4345 1
3746 8
10210 9
10009 14
3570 0
3571 1
1275 4
2832 1
7912 14
7433 11
20485 2
5149 12
8775 12
3503 7
4095 5
4397 15
9083 7
5164 14
8735 9
10281 2
5931 8
10684 15
6281 6
10037 9
3929 0
5662 13
7912 5
5380 5
12753 2
6342 9
3125 8
19480 15
4610 3
4187 1
5352 3
4906 6
3935 0
3204 1
6584 14
6285 11
7616 3
5927 3
7142 13
5290 7
6889 9
7923 15
7019 9
16402 8
2610 1
3325 8
8821 9
5952 12
3252 8
2586 3
4137 14
8271 15
10684 11
6149 15
7468 4
3832 3
4642 13
3637 6
5159 0
10522 9
7718 3
5829 14
4632 9
9490 13
19470 15
8778 15
6409 10
3944 8
1846 4
6080 14
4422 9
5391 6
4808 5
7736 1
6232 0
5332 6
6800 5
3310 6
6736 4
5856 12
4101 10
3097 1
7278 3
31488 2
3642 8
3092 7
4966 0
8925 11
25151 5
5052 11
5499 3
3610 0
2992 1
20897 5
10537 15
29901 2
17696 3
5279 11
4522 6
3602 8
13247 3
9656 15
4408 2
3050 8
4543 11
7796 15
12918 10
5986 15
9356 3
5524 14
4932 10
5744 14
16892 13
10083 14
4679 7
4970 2
5940 7
8572 14
4422 5
16946 15
25728 4
14510 2
8104 3
5809 6
7044 9
5392 6
9404 9
3940 6
4505 13
11476 15
3591 8
3705 8
6996 2
9595 2
7742 12
2885 8
12862 10
3355 0
4002 8
3222 1
2953 6
3291 8
6964 9
11191 2
12205 10
4686 7
12150 5
3711 3
2962 5
6551 13
6777 15
9914 15
8334 12
3117 1
10211 10
4183 0
6569 8
5773 5
6208 10
5419 12
9281 15
4326 6
4824 7
10991 15
3773 0
5990 11
1661 4
16517 9
2653 0
5379 13
14267 15
8337 7
1411 4
7727 14
5756 3
15624 0
6377 11
7215 11
17318 2
3115 6
5574 11
4345 13
3742 1
4880 1
6956 4
6071 11
7854 15
3984 7
11339 10
11384 10
5466 8
5885 11
5711 7
8717 7
8234 5
8012 12
9565 14
4994 7
1623 4
3382 6
19055 4
5484 11
7981 15
8281 5
7038 14
10088 6
4507 1
6601 11
8741 10
3625 0
4514 6
4882 5
7097 14
8735 15
5914 15
5737 12
13964 15
9342 5
6919 1
4642 15
1813 4
9221 10
4223 12
8597 3
8593 11
15241 9
7757 9
4052 0
3878 4
4693 4
3575 7
5910 7
5990 9
4977 0
5805 13
3129 1
17969 10
3821 6
3808 6
2849 1
25527 3
5759 8
7142 13
4047 8
6618 7
3538 1
1701 4
11603 14
7272 9
26995 2
22818 2
15725 10
3731 0
3229 1
1505 4
5607 11
20505 0
3457 1
3754 6
5213 6
5868 1
3316 5
14675 15
9788 15
3467 8
3731 6
4823 9
2667 6
6020 1
8982 1
3476 6
3929 4
4601 12
4220 4
6974 9
2707 0
7243 10
7603 2
3688 8
15649 2
6206 7
20431 5
4643 8
3183 0
4164 13
3203 1
11710 10
4123 0
8837 12
7749 12
7386 11
6240 7
13227 3
8103 5
3603 8
6634 9
11144 3
8181 7
3868 4
8118 5
11513 2
3288 6
3856 0
1604 4
7869 11
5422 14
3201 7
3847 1
2276 4
6619 6
4345 5
8483 12
1600 4
5011 9
17864 12
6229 7
5747 6
8570 13
4677 1
4143 8
4158 11
6309 10
5685 12
4355 5
3934 7
5053 11
5955 14
7251 14
6347 0
6961 9
14127 14
13767 3
7950 5
2928 1
5222 0
9757 2
3229 0
12564 14
4529 2
4026 1
13018 11
4210 6
1603 4
6062 12
5686 15
8075 9
6447 13
4888 9
3442 8
4253 13
5626 6
7584 7
7240 11
4793 2
6384 13
11193 10
6902 1
6721 14
3530 4
3342 8
12005 11
4271 0
7876 15
4425 8
7125 5
8152 7
5295 11
4237 1
8784 15
31794 3
6319 6
6552 7
14097 14
8449 4
3872 0
2559 0
5831 7
7696 5
6434 10
5337 12
8152 14
3366 4
4752 6
15888 10
3525 5
4012 0
14532 6
3257 0
9657 15
6576 2
7076 13
7711 10
6876 4
5759 11
3247 7
7160 11
6142 13
3439 0
8965 0
9381 2
6739 10
6964 13
3367 0
11131 9
5098 15
5767 2
8093 11
6425 1
15334 2
10804 12
3423 8
3131 6
10449 10
3658 6
3116 7
7202 15
9551 2
8213 15
8701 11
17555 2
11895 11
12215 7
16796 2
7782 12
4747 5
5006 1
11427 11
8722 3
3155 8
3654 7
9104 12
3543 1
4900 11
7228 14
5915 14
6153 11
2986 6
2922 8
4101 14
2563 4
9370 4
5308 11
8609 15
7172 5
6880 2
8939 13
6182 11
12752 15
5279 8
5113 13
2945 1
4479 10
6176 14
9832 11
14695 6
4444 0
4412 13
4869 7
9610 2
2996 0
14790 8
10488 5
22562 3
2931 1
4554 14
4663 10
7699 12
5870 9
5352 1
1801 4
6283 15
5282 10
13425 11
5195 15
2603 2
4957 1
5456 5
8586 9
8271 11
2669 6
3436 8
3458 8
5747 11
6636 15
4952 11
4127 8
4227 14
5111 15
8459 13
21661 2
3983 8
6664 15
5730 9
8824 2
6334 12
9963 12
4167 11
4721 8
10995 5
13689 14
4006 4
3043 3
2796 1
14757 3
24844 10
3510 3
4588 11
3870 8
3511 7
8989 3
5944 14
6152 5
8006 12
5193 8
4251 5
1447 4
4351 3
4516 1
8789 4
3215 4
4864 13
5947 0
4366 14
5386 8
4083 6
9156 7
5238 7
8868 9
6000 10
6602 8
10010 11
7592 9
6348 1
6740 15
16404 2
5007 12
8382 7
4260 13
4940 8
7167 2
5666 6
5176 0
5636 6
6667 14
4758 13
2879 0
10324 0
3151 6
4168 8
11423 11
13446 2
4153 13
7050 6
8618 15
5821 11
5702 14
4017 0
10210 14
6514 14
4541 6
11289 3
5386 7
4516 13
13800 1
8767 12
10598 15
1455 4
4023 0
12223 10
3629 6
11794 14
6020 11
4714 0
4656 0
9018 11
5053 5
8072 14
3506 8
17923 2
4734 9
3836 7
3351 0
5855 14
14716 2
7211 15
3251 6
5298 11
14212 5
3837 1
18108 10
8832 14
5331 13
6323 11
4780 1
4989 13
3795 1
8764 3
16997 5
10830 11
6687 12
5764 5
6411 11
3723 1
5826 12
6209 10
13747 10
4914 6
11225 10
11024 2
10936 15
3738 4
21825 8
3529 1
3528 1
5508 6
17697 14
2690 2
6940 8
11572 14
3470 3
14756 3
4529 5
12136 15
13951 3
5775 11
9778 4
7428 12
5994 15
12675 3
4361 8
28293 3
6768 15
7741 5
4332 11
8845 5
3085 2
4663 11
2627 6
7791 3
7955 8
12826 7
9061 10
7871 13
18743 3
3837 7
17369 3
4214 8
5764 1
5519 5
1796 4
1544 4
8805 3
5276 13
6940 15
8990 14
8606 11
11177 2
9989 5
3302 0
7983 14
13988 3
7491 11
5701 12
2889 0
9025 15
21927 2
4472 0
7341 5
8540 13
11505 11
12017 10
9566 9
8191 11
4421 7
9577 15
14859 1
1466 4
9045 5
5677 7
6244 3
1664 4
7330 3
3825 1
4285 0
7142 4
3358 5
11665 3
10693 2
5565 9
17227 3
13913 3
3511 8
9975 11
13620 11
5195 7
4209 0
4798 13
24441 2
3251 1
10428 10
7742 15
15965 2
12683 14
7860 12
7859 9
3488 0
14961 12
1799 4
8747 10
5388 13
4551 15
6120 3
8578 3
4435 1
5457 9
21602 15
1324 4
13122 2
9831 11
7677 14
9752 9
9426 8
2706 0
9505 9
5501 6
5815 14
5223 15
3346 3
4379 1
6393 9
3430 4
6228 10
8965 10
9967 9
7234 11
8532 9
9947 9
7164 6
3367 6
6157 5
5290 6
4070 12
6561 12
4962 8
9467 12
11591 3
3576 7
7753 12
4402 3
3287 6
3379 6
9313 14
7527 7
4302 1
14621 3
6526 0
1527 4
3721 7
10573 5
4909 11
13771 10
15016 5
6755 5
6266 0
4792 5
5769 5
5744 14
3758 6
3648 0
8796 10
8214 11
4814 15
3372 8
9950 14
1441 4
3744 5
3348 0
8621 14
4791 13
3905 7
5394 8
7267 12
4073 15
8613 10
5360 8
11860 15
11724 11
3489 1
7350 14
3361 6
3803 1
4733 13
5310 11
5974 13
27377 2
4877 0
6624 7
6208 11
5550 12
4021 8
12406 7
8556 10
6189 12
5521 12
4151 10
10487 10
10067 11
3854 6
3616 6
15350 15
7996 12
9282 2
4489 0
5173 2
5463 9
10942 9
3363 6
15060 9
16996 3
6706 10
10039 5
6436 9
4224 11
8704 10
7407 10
4453 9
10451 15
3891 0
10690 14
3166 6
7385 15
5020 13
3659 1
10307 11
12672 3
10047 10
6303 5
4238 0
7230 14
7542 11
9009 8
1561 4
3018 0
7135 11
7616 15
2935 6
2305 4
8411 10
1505 4
3439 0
10961 6
8715 13
14014 14
3558 1
3244 8
4774 7
5082 13
3072 8
15211 10
8561 10
4143 9
8838 3
8171 9
11871 10
7419 9
8837 6
13964 3
8258 10
3450 0
6164 2
7205 5
8617 12
15022 5
15849 3
2685 5
5853 9
5994 7
9508 5
3302 4
1520 4
8715 2
3261 4
7846 5
8090 14
5325 0
12952 7
14982 5
3691 4
5824 9
20159 2
6332 9
8991 2
6207 9
6246 7
6144 11
4834 6
3240 0
7097 2
4697 11
7310 15
13121 3
4069 12
9502 10
5258 14
9113 2
4565 13
3393 3
3628 0
3203 8
6451 11
3571 1
6865 10
5925 6
6145 11
2035 4
12368 11
3407 6
5002 15
3593 1
3478 1
17195 2
6100 8
4493 8
6055 14
4554 1
7057 10
4636 9
12399 5
11570 15
6384 12
10138 10
3867 8
3444 1
13857 2
4624 14
6049 14
8386 9
17541 12
3734 8
9195 2
11583 5
12210 10
7075 14
12830 12
4267 8
3991 0
10919 10
5242 13
7099 8
3404 0
2760 0
8506 10
7580 10
7080 14
4963 15
14820 2
5475 12
6067 1
10406 14
14004 14
3666 8
6230 15
2776 1
4996 3
6785 11
8500 15
3641 6
3279 1
10588 10
5400 1
2945 8
4750 12
5013 7
4991 12
7750 14
5758 11
14632 15
9884 6
4274 4
8210 15
5358 13
6821 2
5863 1
2573 6
3379 8
17086 3
5462 12
14500 10
5780 11
5188 10
12256 14
27677 0
2123 4
6731 12
3137 7
4873 6
8524 9
3568 7
4556 11
4837 2
6164 15
3931 6
3686 8
12518 11
15798 14
4331 12
7229 12
6959 2
5290 9
12100 5
4992 10
5339 13
5813 8
7047 15
21320 1
7394 3
7039 3
4121 7
4925 10
6115 10
7950 8
14983 3
8328 0
6222 2
3983 3
3433 6
3794 6
3961 1
5409 15
9429 11
1365 4
5666 14
55610 4
6253 10
3746 1
8823 1
4515 11
4786 12
3878 6
16992 7
3272 8
4810 15
10202 5
33452 10
7814 7
1875 4
40686 10
13463 10
5436 14
12126 1
8226 12
4816 7
3833 0
6273 7
15212 7
6788 12
6771 10
4265 1
6018 8
8249 15
33255 12
7709 15
5759 10
6101 12
5028 15
16018 5
10697 5
4155 11
4145 6
5993 2
7950 14
4159 7
10482 6
5909 0
3428 2
5456 2
5832 11
4105 13
2871 6
9037 11
6555 11
6309 7
6163 3
7300 12
38704 4
5416 11
3284 8
12043 0
3344 8
6390 0
7108 15
8059 10
11444 9
5139 9
2864 1
40575 8
5450 12
5926 14
56372 6
4052 5
6163 15
16936 11
4793 2
17493 13
13841 3
7058 14
9965 12
5459 14
5554 14
10064 15
11263 7
7823 13
13092 14
2892 3
5109 0
3458 3
14848 12
4601 8
1963 4
9114 9
9823 9
7611 14
7323 15
2712 4
26554 0
6316 13
10524 15
876760 10
4779 14
31637 10
14600 10
21744 12
4879 2
5222 15
3849 3
4605 0
7447 0
7527 12
6153 10
5453 1
6600 9
7234 14
6410 15
6112 4
4873 4
6112 6
3284 8
4608 10
1578 4
6885 6
6099 14
6370 1
2772 0
6651 1
1574 4
6119 8
5334 10
8487 14
3603 8
7119 10
3819 3
10262 14
17324 9
3868 0
3657 8
9426 5
3253 8
1459 4
4279 6
4379 8
5176 11
7031 6
7916 1
4238 12
3840 5
7408 13
3130 5
7644 1
3903 8
3559 0
12005 12
3544 2
5649 5
2558 4
6442 11
8679 7
7057 5
5519 12
4200 5
15956 4
12039 9
5154 11
1577 4
3815 2
8562 7
1561 4
21513 7
3193 5
4755 11
6520 9
7289 7
3354 1
7178 10
2775 4
3904 8
8615 12
5902 14
3097 0
11136 11
4892 12
4305 6
4978 7
3028 7
8789 7
8727 10
10984 1
4758 0
10523 12
5380 15
6264 7
4467 1
8092 12
10923 7
7242 15
7511 13
1494 4
8860 6
6892 14
2787 7
7005 9
2601 7
4878 7
9728 10
4103 5
4000 7
6619 14
4847 15
1551 4
17133 9
7132 5
21978 4
4495 4
7206 12
5291 12
9669 11
1554 4
7327 13
9149 7
4332 11
9309 13
4390 5
3853 0
5909 12
14062 5
4402 9
6027 5
10880 5
19106 12
7694 10
4094 6
6417 12
3294 8
4034 8
6334 7
3056 2
9961 10
4051 6
12988 12
8010 15
4173 1
17524 12
6292 14
3371 6
5454 9
3469 0
6600 9
4640 9
9577 9
8155 15
3951 0
8234 13
15295 7
4021 7
5907 11
5374 6
7231 9
6668 12
4283 0
8292 11
8694 11
4842 11
12477 0
5280 13
6282 12
3687 3
9928 10
5964 10
5493 10
3997 0
6742 15
12401 13
5163 10
11465 13
3713 8
4488 1
8371 3
6056 15
3135 8
3777 4
5009 6
8621 14
6344 13
3865 2
3164 3
4816 12
15577 13
7354 9
5688 5
4773 11
11265 9
12670 7
4199 2
8393 11
4385 1
6088 1
11210 12
15256 4
9310 13
3413 5
25259 1
7401 6
2903 5
6612 10
10764 10
4449 9
10013 1
5843 14
10079 7
4235 2
8632 1
6466 13
11618 12
3315 1
3071 3
2766 6
9812 9
3301 0
4660 1
10881 14
1691 4
9618 8
3240 0
5630 2
1523 4
6767 5
3077 0
7482 14
4115 7
10960 6
4398 1
4117 9
9035 9
5422 7
4685 11
8204 11
5962 0
14538 13
3377 8
5311 10
4303 8
8184 14
7097 14
4575 4
9677 9
4176 6
5297 14
4691 8
4652 1
3789 2
8793 3
3735 8
7793 4
18689 8
9421 15
9648 12
7250 10
9945 6
13771 14
7854 9
8109 9
6590 1
5224 3
3050 0
8606 14
4227 5
3573 6
3013 6
3821 1
6676 6
3402 5
28876 12
19398 4
7505 8
5886 12
5392 14
2837 2
12463 0
4908 15
7908 5
3695 2
8914 7
16304 10
3790 5
3658 0
7217 1
5105 10
7148 15
5367 15
10377 13
6447 8
5362 15
3671 0
7298 9
7154 10
10062 5
3178 2
4924 13
2899 3
8760 13
4870 13
4888 2
6289 15
3427 2
3494 2
8768 11
7226 15
13461 8
6396 3
4543 10
2894 6
20648 8
4024 9
13270 1
5780 9
7231 13
6775 14
4015 2
11122 9
5169 11
1333 4
6549 8
2975 5
15335 12
5097 14
6505 13
11278 2
5197 15
4221 13
4579 3
2964 8
6220 0
1840 4
14372 5
6362 12
4711 5
7043 9
5446 14
4421 7
1483 4
6073 11
5363 9
6094 15
6350 5
4921 3
3204 8
6705 15
9160 14
4191 10
3083 8
4735 2
3301 0
1657 4
3734 3
4906 14
6255 9
5968 9
7094 14
4127 2
7218 7
11980 15
7432 7
5468 6
1649 4
5321 11
3139 8
10681 15
5282 7
17348 15
5804 2
16578 11
8863 1
8437 1
5540 13
6607 8
3142 5
7189 14
6348 2
7040 10
1380 4
14248 7
6712 13
4085 2
4886 8
5840 14
9985 7
5130 14
17514 9
29507 2
10093 15
3950 8
6463 8
8128 4
4051 15
3251 8
6088 3
3503 3
3034 3
3625 5
3317 3
4869 11
3587 8
3191 7
3408 0
4431 0
7403 9
4213 5
3524 11
9419 14
3833 7
2889 4
4563 10
4935 4
3445 5
4093 6
8575 12
9062 4
4362 4
8222 12
5935 13
10890 14
15084 12
3691 6
1567 4
5278 10
9646 9
2641 7
7249 14
6528 1
11604 9
5392 11
4949 11
6597 12
4690 0
4966 3
7290 7
3331 5
10016 15
6038 7
7150 10
7032 13
5442 10
2971 0
3738 7
15175 9
2514 4
4797 5
9726 7
3286 2
3087 6
8662 7
2510 6
5270 13
5626 13
6404 1
5176 15
5752 15
19086 11
3473 8
6057 9
3763 13
3686 5
4253 8
6082 11
3402 5
3211 1
10946 1
4113 11
10374 12
4550 10
5163 2
5903 14
12779 15
5761 1
4030 5
8744 15
3345 2
3749 8
6016 3
8169 9
3816 3
4449 3
3413 0
4369 1
8164 2
10975 15
3431 8
1572 4
6440 10
9204 14
4405 10
3029 6
4400 5
6631 10
7718 15
12295 13
16105 9
1555 4
4673 1
3023 6
9698 15
3572 4
5637 15
7834 13
5218 7
4239 6
10350 3
3506 6
9027 7
13349 2
5366 2
4639 3
9782 7
5837 13
1729 4
3870 6
4246 0
9840 1
3274 5
1356 4
13681 12
5039 11
3910 12
7764 15
8816 8
8072 12
6935 15
7370 11
22365 12
7241 10
6842 1
6048 9
5285 3
3281 5
8418 7
4493 2
4359 10
5184 1
8158 13
9824 15
6470 13
9793 0
6518 10
9193 0
4428 2
17630 4
8224 13
3022 0
5079 10
3533 5
7482 5
6168 12
1585 4
5291 8
6231 5
9546 10
9402 4
6048 13
4170 5
2829 0
5846 15
7992 6
14600 7
9087 9
3871 2
7369 11
3303 2
12175 11
3392 6
4221 6
11536 9
5090 10
11447 12
4644 11
11026 13
4591 10
6026 3
1950 4
4505 0
3699 3
5526 9
3111 8
4091 2
5921 8
6344 10
5064 15
15824 12
5157 9
11628 12
7219 4
7856 10
3591 2
3868 0
8237 14
8015 13
3564 6
7017 1
5136 7
14458 5
5571 9
3300 8
5318 15
1450 4
5808 9
6612 7
5139 10
5120 6
4858 13
11958 2
5738 12
15276 4
4197 5
5939 5
5224 2
5300 11
7585 14
10147 12
4311 6
4999 1
3882 5
6667 13
2876 5
7572 15
10178 7
3446 1
12179 0
6201 9
3314 3
6517 14
6992 3
11116 10
16774 7
1901 4
4256 10
6638 2
5289 10
3345 0
3137 3
5139 7
3872 5
2830 8
3322 8
3631 3
6403 15
2651 0
3567 2
5318 10
14701 14
4140 5
3956 15
4036 5
4763 13
5544 14
15351 14
5997 15
8191 1
5231 14
16679 12
7120 8
3266 5
1632 4
10755 9
4240 11
6641 12
4001 15
8691 12
3855 10
2923 6
5250 13
5236 14
4383 11
3708 6
5713 13
15626 14
2997 2
4642 10
10707 12
3852 2
3533 6
4536 11
3270 6
5455 9
5846 10
5107 10
6280 11
6726 12
8310 2
1501 4
3776 0
4732 7
4717 10
6750 7
3176 8
3719 0
10968 7
8083 13
8328 13
13872 11
4787 8
9508 13
5465 10
5107 11
9994 5
9480 1
6630 15
4755 9
9615 15
2817 3
3117 3
7046 13
4534 5
3405 6
1211 4
10898 13
3521 0
6742 1
5561 15
3224 7
3692 6
15229 1
7430 2
5078 2
7336 6
5156 9
4563 10
5310 9
7256 0
4491 1
4529 10
3138 2
6323 9
3296 8
4598 11
15794 10
13834 6
10216 14
4322 3
9104 7
10159 11
7553 14
3060 2
8577 1
5001 11
9859 15
9137 13
10499 1
2779 0
6156 15
6740 13
5493 3
9752 4
12246 12
6474 9
6169 13
5354 10
3830 6
8978 12
6237 9
8215 14
4634 14
8217 1
6133 7
7010 2
2963 0
3689 1
6426 7
7097 1
8508 15
2896 6
11942 7
3579 2
12965 8
6511 10
7749 13
9415 0
5320 8
1827 4
4995 5
3094 0
3010 0
13027 15
5217 12
1419 4
5993 0
5786 15
16973 4
4219 13
7979 13
5939 9
6503 13
4412 10
3972 5
7651 1
5754 15
8638 11
4779 0
3015 3
9923 14
9738 3
4241 10
5587 0
4222 10
3730 2
11007 7
6552 13
6678 15
6291 5
5939 1
7716 0
3950 10
4523 10
7211 9
7967 1
10532 1
6188 13
5455 5
11948 10
3917 7
4586 7
3915 0
4040 6
1493 4
5200 10
6621 9
5496 11
8872 0
14340 1
4946 9
6396 4
7262 9
14495 4
6154 10
3409 5
5521 14
6166 7
6629 11
18439 13
1410 4
4260 2
5501 9
12176 14
3317 0
2791 5
5148 11
1447 4
3465 2
7624 10
4867 6
7569 12
4496 11
2002 4
1465 4
5418 13
4548 10
4378 1
3870 5
3236 2
6584 15
3344 3
5056 3
4251 10
6290 5
3058 0
5504 6
4290 10
19777 7
4476 11
10116 11
12710 15
1392 4
1583 4
5687 13
6352 14
3605 2
3758 9
16384 12
3314 8
2073 4
6795 11
4423 2
6560 13
10215 13
5513 10
6060 3
2800 6
13485 7
15385 11
3259 0
17154 12
14516 12
10868 7
6890 2
3463 6
3763 5
6568 5
2935 5
5461 12
2370 4
1283 4
1264 4
10208 0
10601 15
6244 0
1489 4
3987 3
4083 0
4152 2
8606 4
4836 2
3688 4
6636 0
1380 4
4705 11
4984 1
4583 2
8835 12
9301 1
4177 10
10299 9
3522 6
5465 11
9386 7
3553 5
16583 5
8226 7
14552 15
9447 15
6458 12
5735 1
8212 7
6673 9
9453 9
6233 10
6511 10
7149 14
5062 7
6090 2
5455 2
13731 12
3564 0
17218 7
13610 7
6851 11
5076 5
8982 11
3815 0
11150 13
7215 9
5174 11
3973 8
8000 9
2888 6
10514 15
3520 3
7666 10
1869 4
3208 8
3625 5
1652 4
4723 15
8641 1
3841 8
8068 14
3823 8
17297 2
4500 4
4599 0
4680 11
1483 4
5613 0
3692 5
7427 14
8530 12
6701 14
3230 6
7056 13
8804 1
3254 6
3248 2
5634 1
6018 13
3834 0
11340 11
8154 13
9138 7
3845 5
9490 1
8648 10
8719 11
12439 12
7572 15
4059 0
4134 8
7113 7
5974 15
8579 15
10173 13
3134 6
4858 14
4715 10
15186 13
4349 10
2981 0
3100 3
4304 1
3773 6
4725 1
3698 0
5206 5
2780 3
5313 10
4949 11
5789 3
4253 2
5332 6
6938 13
6682 7
9844 13
4403 8
1438 4
2861 3
2854 6
3510 6
6320 6
3570 8
6617 15
2922 8
6902 1
3138 2
7859 15
3021 5
6993 2
18416 7
6453 1
8156 13
2514 4
3951 8
2840 6
4969 8
25205 12
13147 9
3157 5
4866 11
18039 12
3730 8
9453 9
4072 0
5811 11
7255 7
8661 2
5519 10
3600 2
5028 10
8223 9
10940 14
2824 6
4086 2
15575 9
6101 7
5969 10
2242 4
6954 13
4434 10
14494 8
6740 9
4601 8
1595 4
3193 0
7028 7
10786 12
3623 5
5899 15
4269 1
2748 2
4467 11
5556 5
8475 15
9136 12
14663 14
12840 14
5497 12
8004 14
4989 3
3287 3
3670 0
4468 6
9471 10
13213 1
3978 6
5127 1
6371 13
8148 12
2765 6
5328 5
5132 2
6863 11
5971 13
5294 10
15110 12
7416 7
6550 15
7904 7
5773 10
3796 5
11238 14
13361 12
4816 10
5604 1
3876 3
8690 6
14026 12
12304 4
13046 7
4840 11
10051 7
5268 8
6024 1
5305 7
2964 2
7892 10
1877 4
3237 3
6354 7
7979 14
14121 12
12846 1
9321 1
3683 2
9992 12
7102 8
3477 0
7883 11
3638 6
3194 2
15869 15
4633 1
1706 4
6276 7
1382 4
3260 5
1368 4
8284 3
10849 12
3538 1
4440 10
3568 6
5341 9
3885 10
6659 12
6097 2
8204 9
4319 13
8291 11
13568 13
6068 1
9188 13
9450 8
5390 2
7007 1
3890 4
8191 9
4785 7
5017 13
6590 7
13421 12
2766 4
8246 1
6490 1
8671 10
5297 11
6353 3
3997 3
7098 2
9056 9
7800 14
13772 13
13003 12
3252 6
4625 11
5171 10
9825 12
16424 3
6990 15
4766 10
5444 2
11492 15
13494 12
8125 13
1248 4
4494 0
5071 1
3954 7
8169 12
11628 12
7351 14
8328 9
15683 12
9785 12
2853 0
3139 4
3995 0
3224 2
3509 8
11987 15
5765 2
4203 5
4346 1
9663 12
5035 12
3723 0
6230 4
4678 14
1602 4
4260 9
4062 5
5088 6
8314 11
7509 15
8235 9
3207 5
5589 10
9742 10
11983 2
18607 1
3894 7
8979 1
4808 7
8657 15
9577 13
4419 2
3382 2
3543 0
3303 1
3214 6
3960 3
4794 3
4682 0
13466 12
7780 7
5043 15
2176 4
9599 7
7154 10
8606 12
13253 5
10651 4
7701 12
6420 10
4222 6
11129 3
4873 11
15029 14
5143 1
3682 5
5439 0
3415 5
6289 1
5478 6
2793 0
3830 4
5540 14
4014 7
38014 4
4782 6
10940 12
3978 8
4600 11
25119 8
32551 3
10416 1
4557 13
7213 13
11439 7
6068 9
7569 15
36014 15
4083 7
3795 5
6974 10
7580 7
1773 4
8401 10
7041 7
1613 4
4161 5
2901 8
8524 8
5386 12
5086 15
3492 3
7046 9
67528 6
9042 5
3509 5
25293 9
5879 14
11433 9
8595 8
4217 0
7091 13
4044 7
32440 2
5751 11
3526 6
5310 9
5133 2
5897 5
13205 1
15175 9
4527 1
7382 13
5722 10
5585 15
10529 6
4659 9
10741 14
15127 6
3922 2
1336 4
5993 5
10271 14
15257 7
4519 2
6659 2
7827 14
18333 15
5875 2
1157 4
3348 0
13699 12
9127 1
4038 8
3846 2
49217 15
2978 6
3764 5
4504 9
11145 1
6795 14
3776 0
10972 14
3869 2
2882 0
22538 5
4472 11
5705 14
8967 1
1568 4
9300 14
5500 5
23072 4
13345 6
8376 9
4345 8
15537 7
10267 15
23623 5
15629 6
5073 9
12532 6
17007 5
14350 15
5484 9
14045 11
4336 9
23171 12
10956 10
23965 6
6322 10
3852 7
12454 7
6909 1
3116 5
21733 12
7644 13
10744 0
26463 2
21665 6
10234 5
5376 10
5907 14
4549 3
18249 11
31768 2
9823 15
5667 2
8424 13
3753 7
4037 8
11282 5
4630 8
7042 15
12215 1
4839 1
30537 11
6679 9
6212 5
12918 12
5645 1
3457 7
9562 13
13520 5
5592 13
11642 3
11271 14
36844 2
11284 3
5261 7
5550 6
6904 1
9239 14
8272 3
21515 4
5765 5
4081 15
3835 3
6682 13
10696 2
1538 4
11562 11
5432 13
4830 8
18261 4
4106 1
7890 15
2689 5
4455 6
4887 0
9047 9
8076 7
28220 11
5482 9
4062 5
6779 1
5448 6
11945 10
31074 13
16841 13
11875 1
8061 12
15099 11
3997 0
10104 9
15631 6
2667 3
21675 4
4125 10
1276 4
5432 14
7326 9
19135 2
3126 5
6712 8
28633 11
3374 5
5190 13
11533 15
22645 11
7249 13
6310 14
13895 6
5647 9
8486 7
13266 1
2690 2
13178 3
12503 14
18586 4
9496 15
10434 3
3075 2
26442 15
5381 0
5154 15
6126 3
6304 12
3655 5
4232 3
5677 0
9045 11
7841 9
4121 8
12766 12
16558 1
8873 9
8791 5
5062 15
4467 12
9979 13
7507 8
6830 9
6652 13
3932 1
4319 8
5264 0
4190 15
3310 0
4575 6
6975 14
5274 7
6340 12
7489 3
5044 13
3041 5
4057 4
5311 13
7306 12
9889 10
4878 9
5801 5
7673 14
2786 5
2813 0
3991 3
3718 0
1971 4
2777 0
10303 15
7371 0
2862 6
11751 14
20323 12
7722 5
3814 8
5596 3
7082 3
4959 9
5496 10
1490 4
7495 2
8618 13
9883 10
5054 7
3532 7
9990 12
4070 13
11613 9
4767 8
14642 14
5782 2
7216 13
6767 13
12240 14
28907 11
3714 4
9664 12
11849 11
1557 4
21643 11
9934 1
11820 0
3240 8
12569 1
14211 12
3443 8
5030 1
7327 6
5173 12
12628 8
7477 11
4459 10
19171 11
3480 0
1191 4
6021 15
8591 0
6545 15
3208 7
6908 2
2794 5
5646 13
6622 0
3323 4
8597 11
6275 7
14984 9
6493 13
8170 9
6721 6
11848 13
16387 12
2855 4
4606 9
7137 10
10545 7
10559 3
7467 12
5200 8
3652 8
1580 4
6513 8
3740 8
5365 12
7385 13
4567 5
16633 13
7401 13
3868 8
7681 0
7224 0
8460 0
5010 10
15069 3
7660 9
9246 6
4702 6
5270 15
4841 1
8529 5
3079 1
7007 11
8399 14
8625 5
10891 10
19616 12
7543 9
7471 5
4798 4
2791 0
11270 2
8126 3
6955 3
8944 11
6543 11
1448 4
15815 2
11206 15
18691 14
7252 13
5963 8
9864 14
7138 9
4573 8
9858 5
7298 15
8505 12
6779 13
3653 7
15048 12
8496 5
5521 0
15066 2
3655 7
9143 14
5856 3
5940 5
6644 10
6675 5
4548 9
4583 13
10248 8
10294 2
7964 10
4371 10
10410 9
13469 11
3766 4
3145 5
6513 10
12477 2
6334 10
8449 14
11177 5
6875 5
12613 7
16537 7
2728 0
6142 8
12019 15
12526 3
3613 0
9799 8
15560 1
13854 6
3776 4
4111 8
7832 2
5941 10
3768 4
3517 5
3859 4
4185 3
11610 9
20947 1
11823 1
8343 13
3728 7
17878 1
8962 10
15302 11
6907 2
7072 0
2994 5
8637 2
5773 15
4346 6
10297 14
5852 10
7680 3
8149 10
3380 0
5685 9
6891 10
5523 13
5881 15
11634 12
3817 1
9704 11
3723 8
12936 2
6463 9
7222 9
6770 10
5231 10
5185 5
3534 0
3202 5
3026 8
11350 3
12408 14
9380 0
6590 9
4209 14
7358 6
4390 15
8335 9
6842 15
3711 2
5869 1
14545 2
5231 9
6753 3
8087 14
5602 9
10427 9
5580 8
5565 1
3479 3
10477 11
5311 10
6678 10
8150 4
8735 14
8224 10
6064 15
3999 4
2867 8
3666 7
10566 14
4152 10
6794 13
6807 0
16220 11
4860 13
7438 6
10822 7
11114 13
9539 14
8586 12
7970 7
5112 7
6751 3
6046 12
7974 6
9491 12
9138 15
20018 11
12017 12
5876 15
14156 15
9815 11
4147 0
5496 9
7670 9
6345 1
8200 13
4187 3
4797 13
8107 3
8802 0
5300 2
3714 6
7274 9
13072 11
8421 8
8784 10
5107 0
4278 15
7434 9
12486 14
20440 3
10732 1
7362 10
7285 13
7541 10
7001 8
4651 15
4754 7
8524 6
5600 5
5175 7
12068 1
9390 9
6712 8
25687 2
12001 14
4645 9
7955 7
14692 11
7654 9
2969 7
7906 5
13419 12
8190 0
9098 12
10886 14
5025 9
4468 0
5369 5
9621 0
5544 10
3983 0
3252 0
4647 7
4974 9
21555 13
7459 15
4405 3
5166 10
3943 4
7318 3
3872 5
4398 11
5382 8
5240 13
11678 7
7295 10
3700 14
16380 14
6856 11
15722 3
12474 0
7276 3
19392 1
7827 6
13077 3
27446 11
9280 8
7254 10
1521 4
11060 14
6036 14
8603 13
5792 6
9304 14
7993 9
5531 13
6788 9
5911 5
7764 6
20675 12
10031 10
4450 3
3427 8
4350 7
11150 0
9190 14
5553 0
5949 5
6178 11
15678 2
3013 1
15152 8
7140 10
5940 8
9202 12
2730 6
16012 11
23170 11
6812 9
11934 14
8259 14
6903 14
9617 5
6378 6
8429 14
14205 15
8749 7
7861 4
7569 5
1326 4
12028 2
1340 4
5846 14
4605 15
13487 11
3635 0
8852 1
4753 2
8171 3
3366 0
6149 2
6558 14
10060 2
5655 0
3664 4
4717 14
4219 6
4453 8
9448 9
2111 4
3495 3
12392 11
8837 1
5162 3
5386 12
20048 2
9135 11
25044 10
7725 12
2431 8
4405 7
7369 14
9112 1
1775 4
4400 7
6258 7
5604 5
3318 8
21431 12
4356 0
4932 1
5659 11
8655 2
10443 2
6237 9
11391 10
1376 4
11776 15
10108 3
14130 11
7939 0
11298 5
5439 10
14998 13
4452 6
5147 2
4108 0
8864 8
20525 3
13657 14
7989 15
6234 9
6815 5
3641 7
5619 6
8319 12
10008 12
6165 9
5054 14
6180 14
5597 9
6036 10
7290 10
4310 10
6070 5
7591 15
9442 15
5606 14
9553 6
2935 8
4702 0
5512 10
5386 10
5012 15
5671 9
8160 15
4935 0
17698 11
4939 10
7326 14
7214 6
17466 2
3050 5
9673 14
16184 3
3587 7
7309 12
4545 1
18539 12
12291 11
10539 0
15890 2
2894 0
6443 9
11044 12
7545 3
11219 13
11231 9
8490 13
5461 1
4969 1
2113 4
5880 1
12564 1
7942 1
12957 11
3907 5
4868 8
5145 6
6859 1
1406 4
4366 7
6519 15
6554 12
8500 15
10628 4
4125 9
7142 2
19713 11
19558 13
20076 12
3880 8
10683 10
19491 0
6505 7
13662 2
14006 9
4478 7
8070 1
3231 2
5091 6
6758 5
2276 4
5101 9
8970 3
5754 5
5833 5
4246 0
4870 2
7448 3
20864 13
7514 9
5598 10
7208 5
6878 1
2806 5
16211 3
8091 10
7590 0
14315 11
9010 13
11880 7
3960 4
3288 7
10571 2
9666 13
9083 12
6017 1
10938 0
8347 1
8968 3
8291 4
5026 13
5819 6
2792 8
15263 9
7114 10
6781 10
15563 9
5473 15
5607 2
4659 10
5683 2
4337 10
13093 13
5163 0
6778 12
3252 5
7371 12
6773 13
10097 6
9108 14
9413 11
8496 5
5827 13
14743 9
6569 7
3778 7
5907 10
4598 5
7440 10
4157 7
6371 7
4031 2
5303 10
5305 9
12345 1
10496 2
4747 6
3792 4
12675 3
9026 1
1468 4
4381 6
3849 13
12060 12
8614 6
9585 2
4851 7
5466 11
1472 4
7712 12
5137 0
7923 6
5067 2
5211 1
10308 14
8262 13
8484 14
12146 14
12979 14
13843 0
7513 15
4485 10
5933 9
9591 10
8901 5
7036 7
7761 9
4037 8
6102 12
8391 10
13716 11
9632 11
9761 13
7255 13
9830 5
7230 13
5392 11
15094 10
8150 10
4035 12
10354 2
7990 12
7978 14
14708 12
6150 1
14560 1
4438 3
7726 4
10605 2
6685 9
7687 7
14418 15
10513 15
7324 1
12042 2
3046 5
10223 5
11265 2
11857 3
8284 4
7395 15
7004 12
7136 9
3203 3
10041 1
5468 1
7782 10
11005 8
7333 3
7341 7
2747 8
17166 6
12573 12
17271 13
9141 10
5891 15
11921 12
18213 1
12167 9
5385 6
17057 15
6868 5
3412 7
6238 12
6936 8
4880 14
1437 4
4033 7
4989 10
3877 4
3285 7
6072 13
2877 4
13601 12
5295 0
8858 7
9326 2
15745 15
5734 5
4245 13
8413 11
4901 7
7473 9
12761 4
7550 8
6630 15
4939 8
7728 5
10391 2
5929 13
4131 6
5079 9
4849 7
6685 12
3849 5
4921 8
6403 0
9880 9
4798 15
5412 10
5317 15
7620 8
7223 3
9536 12
6593 8
2952 7
8305 9
1482 4
6906 14
4335 6
9532 11
5858 15
7454 14
5699 9
10482 1
4651 15
3077 4
16575 11
10476 8
3610 0
4424 2
3916 8
10123 1
10025 11
5977 1
4828 6
4038 8
4075 1
9728 10
16589 13
15218 5
7238 3
11282 10
8307 4
4566 1
14184 12
7575 2
14049 10
4961 14
5964 15
11670 10
5472 10
27040 1
6851 5
16979 5
3425 0
5803 5
6190 10
10152 13
13655 13
5041 6
5041 7
9207 10
4174 6
5734 14
6695 15
4931 1
5804 8
2757 8
4917 10
1257 4
4962 10
4590 1
5190 6
3199 7
4182 6
30181 11
3164 8
13011 11
10523 10
9806 2
3091 8
4879 10
5804 3
6592 2
3555 7
11463 1
9703 5
9326 8
10959 7
19392 6
8740 15
5847 2
7984 4
5999 14
10086 12
5338 0
4031 6
10382 12
5722 8
14097 9
6041 11
8852 14
5605 7
3464 8
10216 0
7986 12
19023 6
23288 11
7086 8
9365 14
2718 8
1236 4
11269 2
8184 5
12776 8
4069 5
9121 14
3875 5
10163 13
1329 4
22252 3
9381 13
7689 12
8902 1
3912 7
9899 12
6004 14
3447 7
3557 7
10503 14
17987 14
1328 4
9555 2
7079 7
4806 10
6870 0
13526 7
14465 14
7198 8
4425 10
5363 13
7830 14
4190 9
17803 2
6119 5
6762 12
7307 14
3105 2
8714 13
5833 3
7739 14
3763 5
4370 1
14580 15
3527 5
4089 4
5392 14
5389 9
7308 15
2288 4
5125 1
12979 11
6248 9
4132 5
4484 6
8756 9
4080 5
8296 2
11886 11
6382 12
3811 12
14574 2
3385 7
6647 10
6984 5
1581 4
13221 13
18346 11
20446 11
6890 2
6217 9
5539 9
5719 9
5098 12
3320 8
20156 10
11101 10
6994 13
1937 4
15035 5
9772 11
15369 1
19611 11
7160 9
7687 13
3756 3
27390 10
5003 2
6629 8
18747 0
85130 5
10032 0
13399 8
11901 12
9789 10
10106 2
8889 15
5254 0
9666 5
4179 8
8293 12
32678 11
14336 13
48834 10
5181 6
8231 3
10444 6
11228 11
6064 0
6090 4
8750 10
5095 15
16329 5
6241 9
1538 4
6241 9
5182 9
5088 15
42383 13
5034 15
5292 9
8536 7
4868 2
4802 6
10287 12
5827 15
13516 12
5779 7
4412 2
5018 11
13746 10
4605 7
4411 3
7571 11
4846 3
5977 2
3784 6
7733 9
6993 15
1589 4
8602 9
6486 6
8502 13
42401 11
2876 7
6424 13
3872 6
3219 7
3279 6
8691 1
6371 13
3590 0
5701 10
5136 7
2895 6
5144 12
1802 4
7322 14
5285 10
4558 9
4793 15
13467 3
7339 7
5882 13
31442 4
18412 15
4120 14
8263 8
4459 0
3195 8
4426 2
6757 3
6974 11
8381 1
4503 6
5578 15
8720 11
5939 5
6486 1
4946 12
18187 3
11439 5
6616 10
7628 14
1608 4
6644 10
8209 5
4559 9
2785 1
14073 5
3305 1
5238 15
4071 15
4137 0
4797 0
2741 6
7779 14
6837 5
5280 7
10296 14
6125 9
9695 8
4546 7
5904 8
6702 7
5727 9
9926 1
4707 3
9509 2
10816 13
3087 0
9254 11
6123 15
6912 0
6084 15
5625 0
5133 9
7015 8
2581 0
8245 12
3199 0
8252 10
7338 14
6820 14
4274 15
1562 4
9208 13
4119 10
6013 1
2693 6
3639 1
2952 5
6047 2
20545 3
4045 2
4863 10
9746 5
5478 1
5274 9
4505 9
5771 13
8321 10
9516 2
11417 2
7413 2
9579 12
4262 10
4577 1
3816 7
5977 6
9769 4
4324 8
11468 3
3500 0
11044 3
6036 6
10120 10
4511 7
9018 7
4925 9
4178 3
5961 10
11726 5
1151 4
5362 11
5248 14
4458 12
5450 12
5641 14
4939 8
6337 7
7363 9
4663 9
3834 5
7178 7
4841 11
3828 5
5611 9
3739 8
3556 6
5677 12
1642 4
7407 1
3475 2
4223 11
5872 14
8374 1
5710 12
4214 1
1513 4
7269 11
5741 3
5647 2
5041 12
5039 1
13090 2
4014 5
4393 15
4300 3
8455 15
6143 3
3563 5
9835 10
4327 11
5603 11
12212 13
3188 6
13384 13
3719 6
7363 11
5925 11
7061 8
4314 5
8280 11
8159 3
5564 12
4943 3
2786 0
1461 4
1558 4
3379 6
7502 4
17238 12
5326 9
5084 8
5275 7
7048 11
10136 13
6851 11
7694 12
5046 9
7675 14
3399 7
4565 3
11084 5
5848 12
7114 1
2871 0
4853 6
5585 12
5859 2
5354 9
8442 15
21429 10
5552 1
3492 2
5511 2
9544 3
3899 11
5705 9
4793 8
8339 2
3049 5
7309 1
4775 9
8710 4
10508 6
11093 11
13543 0
4617 5
5238 2
14852 15
12013 8
7749 9
22858 12
5329 15
9341 1
13180 14
11931 2
5285 4
3395 3
4135 10
6035 0
16424 13
4561 12
1426 4
9341 15
5589 8
6204 14
5272 8
7327 0
13253 13
1580 4
1007 4
5992 5
9203 12
15305 1
9682 15
8966 15
11146 6
7967 4
5730 0
5181 7
5786 14
5635 7
11675 8
13021 15
9354 13
3883 0
7860 15
9202 12
9070 1
8957 6
7488 14
6952 5
3232 6
4482 3
4411 14
7535 1
4121 0
6222 1
7683 12
7379 2
10370 11
7860 4
6326 5
3235 8
11719 3
20861 13
15968 10
7136 1
11062 14
6952 0
4305 15
8901 2
11586 10
9339 15
4112 9
9264 9
6647 14
13184 13
13029 12
4727 5
8951 8
3776 5
8162 13
3119 5
4537 9
3741 5
15259 14
4445 14
4299 6
6999 5
5971 2
4038 6
6274 15
13025 2
6363 2
9955 6
5854 5
31802 13
7910 8
4377 10
7443 0
3527 4
2523 6
2860 7
11392 10
18810 1
7794 15
1387 4
15475 11
12191 7
1496 4
6638 6
4672 2
3129 7
6736 10
21207 11
3082 0
11794 0
9546 3
9991 12
8244 9
12588 8
7811 3
8537 8
8265 0
3925 5
10307 3
4559 0
3635 3
4703 2
4505 7
1439 4
7511 11
3246 4
4822 0
8447 10
5071 8
4681 5
8437 0
5789 1
5695 15
7712 3
7299 2
10481 13
9485 12
10287 9
9487 6
5822 15
8449 11
8830 7
41982 13
9774 9
10422 11
7169 8
15442 1
8713 6
8757 9
5183 12
1352 4
9361 10
5778 9
7018 15
5444 8
8857 14
5032 0
5294 11
5052 14
20567 3
3306 7
17026 3
5192 15
2776 4
4919 12
5598 2
13661 12
7446 5
1524 4
13934 9
18573 9
16797 10
2456 1
13862 5
7758 3
8480 0
4400 0
15514 10
4002 8
5375 1
19339 3
8311 15
4292 4
10508 1
3921 0
3590 6
6352 9
11036 2
4413 14
4343 0
5841 0
7162 2
8352 6
6213 6
4539 3
13120 1
7865 5
3518 6
7706 15
8625 6
8036 0
7957 11
9537 1
6161 14
4440 10
9028 9
8163 3
7286 3
7676 8
22238 15
4705 1
2807 8
8093 14
4668 0
6281 5
4197 0
14504 6
4508 11
10429 1
3950 13
13513 11
8723 8
4181 6
4456 12
10896 3
9101 2
6639 5
11278 1
6035 6
2577 5
14994 9
9607 12
6237 7
8043 14
11272 11
14546 11
10964 12
11044 1
14867 12
3084 7
15887 15
8090 12
10717 12
1646 4
5776 15
3774 2
15479 13
8385 8
18165 13
12785 14
13681 3
7542 5
7283 6
3475 8
6860 5
14483 2
7628 13
12273 15
8971 11
4221 9
3105 4
9857 6
6163 2
7327 5
14645 14
3612 1
5103 1
4182 7
2035 4
3523 7
5075 9
3853 6
9180 1
8753 14
7006 15
4989 9
5342 4
3844 0
14028 2
10448 11
7583 14
4842 9
6442 6
17161 15
16394 14
23637 13
8777 7
1759 4
5499 6
7472 14
13121 15
11534 13
6164 6
6467 9
2656 0
9600 10
8925 13
21186 3
6663 6
26456 3
4683 14
9573 14
11933 15
4153 9
7900 11
4195 6
4605 7
11369 15
8614 12
3415 0
8685 3
3642 2
3318 6
2498 7
9714 6
3400 7
5775 9
3742 6
5028 3
7703 10
14605 14
5490 8
7187 5
8592 13
17949 12
13552 15
6210 14
4843 10
14348 8
8098 11
19791 12
11042 5
4988 11
11403 14
2864 2
6391 6
3391 0
8708 9
3648 4
4284 0
8514 11
13786 13
6699 13
5277 11
20872 8
6356 8
9418 6
10567 15
13911 1
18367 13
14003 3
4808 1
7405 13
7021 11
4887 8
14524 1
8647 10
13298 10
9910 12
11244 13
13155 12
4622 0
15922 11
9992 10
4289 8
4586 5
8716 5
9150 11
4161 4
1506 4
5734 3
16398 11
1597 4
1932 4
5808 6
10732 11
7845 9
3425 8
5900 6
2963 1
8499 12
5392 5
4715 9
5245 2
13722 13
6986 15
9086 1
13906 13
5457 5
6243 14
2676 8
9807 14
19035 8
2116 4
9394 10
4189 0
7238 12
5100 14
8241 8
6098 12
9162 8
14858 10
3508 7
14212 14
5083 9
7186 6
3645 2
6553 14
23460 13
5181 8
6868 0
4761 0
8071 11
1177 4
3774 8
7851 12
3151 0
7405 15
6756 11
5299 14
4493 8
9379 15
5795 6
5837 9
4526 7
6294 15
12058 9
21227 15
7525 7
5440 3
9062 1
11709 15
7765 15
20655 13
8313 7
1361 4
15780 3
6499 11
7441 5
9536 13
13568 1
12900 5
5413 10
6959 5
7312 9
3513 0
5344 11
5700 5
7050 8
15855 5
12132 14
4769 15
6420 10
6304 9
6085 2
4015 1
7936 12
10124 12
7755 14
7439 9
11982 3
8588 11
1812 4
14815 14
13216 11
16389 14
20197 2
1432 4
9922 14
4892 6
4046 7
36738 13
8125 10
19704 13
3941 4
3014 8
7300 15
7770 2
4538 3
4519 3
4069 1
6162 9
7061 11
4337 2
2559 1
10988 10
4024 11
14865 6
9633 10
7764 14
1232 4
7741 14
7081 7
3626 4
1298 4
3752 8
15209 0
7866 11
6508 2
4862 0
3906 6
8066 5
5467 5
4241 3
7849 9
9937 8
14474 9
3094 5
7091 0
5237 7
11488 1
5280 5
3642 4
2756 5
5901 12
5892 0
6759 11
6052 1
9870 13
3596 7
3826 7
24842 3
5394 9
4166 13
8765 11
25623 13
3483 8
18360 13
21907 13
16449 15
6654 14
3464 3
5771 1
18030 13
6383 2
8514 5
3538 4
8756 12
3537 4
11861 13
7916 10
3528 8
3594 4
1124 4
2892 1
7204 3
4213 4
1424 4
4271 9
10089 2
10395 0
13016 5
8782 10
6799 3
11029 1
14138 0
8121 4
1098 4
11315 12
7257 1
4782 0
5462 15
13475 2
17773 12
7123 0
19691 3
12232 10
21197 14
4822 6
6636 15
6133 11
6742 10
3318 0
6444 2
10365 12
6038 14
1301 4
8429 1
9813 6
10626 2
5493 12
1280 4
4930 12
7739 2
13798 3
4885 3
6838 8
15904 13
5739 11
7383 12
35941 13
6269 9
16046 13
2486 5
6988 8
10054 0
11916 12
15286 15
20298 10
1567 4
9045 15
6574 6
6551 0
9186 15
10518 6
9681 1
3123 0
4586 0
9668 15
1624 4
17434 3
3894 5
9382 2
7410 11
20687 5
11210 6
10831 13
7513 9
2888 6
11979 1
5608 11
3045 0
2297 4
4360 10
5279 5
4018 3
4085 4
5794 3
2431 4
4486 5
6543 10
4902 5
5495 7
5820 6
6574 0
9322 10
6441 1
3666 5
8952 15
9406 13
6397 2
2991 5
3967 6
11232 13
3934 3
6703 3
9234 14
8334 10
7630 1
9363 12
17803 1
6609 7
10211 7
7534 11
8456 10
11250 11
7181 5
6333 9
9486 10
3873 3
6264 10
10811 15
17434 6
7743 6
3587 0
7684 3
10326 14
9862 12
7693 6
6936 10
10485 8
10284 12
11989 15
8054 3
6147 8
9339 10
10811 15
16054 15
5072 12
4816 9
13779 11
9415 1
4641 7
4395 15
5785 11
3163 1
4910 11
4435 6
4444 9
6577 0
5821 12
9949 10
4222 6
19328 0
3813 6
4660 11
7321 12
5641 12
4113 6
4900 15
7567 1
7439 12
10641 12
6376 9
8678 12
6938 8
13466 7
3190 5
6014 15
7381 10
15631 15
6608 2
8859 1
5134 15
14945 13
5455 1
3873 7
11022 11
5936 15
6830 8
4696 14
10775 3
7049 9
8798 9
10621 13
3601 6
10417 2
7781 9
9719 10
6259 2
7418 3
8519 3
4545 9
6705 0
3880 4
8878 2
5369 5
13815 8
7614 7
13023 9
7883 4
7742 12
11912 15
6793 8
16266 2
4467 6
5098 2
9986 9
13699 3
7866 4
10144 0
12787 2
2507 3
3211 0
21574 13
16083 12
10497 6
8755 8
11176 2
9583 2
10604 1
3804 5
9868 12
5471 3
5126 10
3265 7
4261 8
3968 4
2818 6
5746 0
13835 10
5097 6
9625 1
14553 11
17947 14
12713 8
13639 13
9580 14
4987 9
3577 4
1396 4
14685 10
9485 1
6911 15
3773 1
6131 15
4042 6
7874 13
14616 10
6987 9
11632 14
23079 15
8459 3
6690 2
26035 14
4130 2
6561 9
4218 11
6780 15
8425 3
9635 1
2803 4
15557 14
11152 6
4678 12
10111 3
14878 15
20438 1
6341 9
10444 13
3657 5
3824 4
3865 11
3671 8
1495 4
8653 13
1557 4
6396 7
5927 15
7983 5
5221 8
2779 6
9136 9
6272 2
9009 5
4074 5
5222 15
5490 2
10007 15
4637 11
15612 10
11226 12
8898 11
7749 15
5046 3
4805 12
5278 3
3766 9
14838 9
11797 11
8023 13
7494 2
2689 5
8203 12
6882 10
3960 8
20786 15
5689 8
6350 11
3858 5
12458 14
5265 12
3523 6
2688 7
10052 14
5972 9
5036 2
5269 0
6019 5
5836 5
3474 7
5621 6
12888 3
13552 3
4305 7
4339 5
24978 13
9651 13
5377 15
13130 2
8367 7
6913 14
5428 10
6985 0
8119 11
3250 8
7729 9
4499 5
8898 8
12004 11
4718 5
6842 14
12128 14
25832 13
4857 6
9846 3
9655 1
4507 8
2646 8
5889 0
17748 12
17011 9
6932 8
4522 9
1332 4
5790 12
7312 14
6364 5
8340 10
7118 12
13714 0
8433 10
6485 7
4876 6
11863 5
6391 12
4807 3
10339 14
8327 8
5614 9
4751 5
7360 5
6275 7
15695 0
8097 4
2955 5
9312 14
16081 2
7111 9
16004 2
11842 8
14414 8
2738 0
3896 4
3029 6
2778 8
6801 15
7029 14
4539 8
9005 14
14533 9
3991 5
8701 11
12017 10
3574 0
5154 8
7077 10
15283 0
10096 13
12105 10
7422 13
5999 2
7295 1
7118 5
12938 10
6053 5
4386 9
2999 1
8006 7
10899 14
5543 11
46623 13
8912 14
7312 14
3360 0
11747 11
6985 12
7589 8
4536 11
1507 4
8370 6
3055 6
10846 11
5244 0
2929 4
15002 2
10526 12
3600 11
6812 14
40424 4
4119 4
12590 14
8557 1
9953 11
7876 6
4022 5
2721808 15
1480 4
7666 6
6731 9
6244 11
18385 12
9906 9
3483 2
6601 8
5536 10
9833 11
1429 4
8671 10
8852 9
4422 12
5148 9
8278 11
9123 1
3089 2
5601 6
6072 2
6221 12
4527 6
10617 2
4741 4
4470 3
4996 10
4626 7
4151 15
6570 14
4984 9
17625 1
12135 2
4992 11
7014 6
6196 11
19284 1
5178 5
9437 7
6368 8
6564 9
9290 9
11184 3
5213 9
9544 15
8265 14
5785 0
7979 7
6136 1
9628 2
9833 14
7735 9
3767 0
5799 11
8628 9
8947 4
19305 9
4436 5
4779 8
7810 6
7450 6
6680 13
10548 0
4760 12
18368 7
6329 9
6068 10
4282 6
7347 8
6245 15
7914 1
7523 12
8616 0
16628 10
19551 10
12607 10
4139 5
18681 7
4712 11
6235 10
5854 8
6913 15
1351 4
958 4
10973 7
6792 7
5238 10
8604 11
5332 13
24195 12
5676 8
5266 3
3437 8
6674 13
5261 6
4429 12
5145 5
6101 15
7412 15
11276 4
5814 12
5953 12
5893 9
4651 6
1273 4
944 4
6689 2
12322 11
8306 14
18959 14
11437 13
8931 3
7334 1
8694 2
6187 10
9440 2
4567 5
7571 15
19046 12
3537 6
4227 15
13567 5
8305 15
4144 9
22981 13
9836 11
6532 8
2718 5
9023 1
12724 6
9383 9
7246 9
8945 9
7639 15
12464 6
5124 15
10212 10
3627 4
2652 5
4083 15
14685 15
5184 3
9150 9
1197 4
15106 11
6467 13
3600 8
6404 7
6909 5
10587 9
10489 13
12019 6
8446 6
5927 9
8260 10
6766 11
6429 8
2664 8
5063 8
4521 2
5218 7
8635 13
13523 1
1520 4
8659 13
7433 0
3292 8
4002 9
3945 4
4594 15
4172 4
3439 2
2647 3
14309 11
9450 14
6941 7
8456 7
14559 1
12181 3
22024 13
12114 13
2836 8
1513 4
5904 7
2633 0
9100 6
7357 15
5309 9
10134 13
3599 4
3069 8
4958 11
18796 2
6464 6
6221 15
6712 11
4513 6
9282 5
7972 10
4661 8
9664 6
14312 7
4634 9
8527 3
8220 3
4373 5
4025 6
1753 4
4959 11
5132 3
5910 1
7440 12
6907 7
17724 1
8035 11
7579 2
9289 3
9433 15
7171 14
1188 4
7516 6
6560 0
9851 3
13097 11
5368 7
10024 14
4037 4
2241 7
5383 9
4564 6
6015 14
4338 7
6527 5
8647 14
9217 1
3026 6
9427 11
10204 6
12656 14
1437 4
4832 7
3553 2
3756 4
3579 6
1537 4
7118 7
11029 0
13510 9
9487 11
3995 5
8366 3
2316 4
15028 9
8512 14
8663 13
13377 2
7664 12
2836 2
6420 1
15315 1
5539 5
14546 2
11430 10
5436 8
6805 8
11481 3
6892 7
5137 12
4032 15
4877 15
11711 13
6251 12
26396 2
6772 1
9644 8
4762 14
5049 10
3687 5
13040 2
14358 12
5944 9
3058 7
6767 0
4585 6
7849 10
3000 1
10827 5
1560 4
12830 15
18785 7
3720 1
9459 8
6747 8
6852 10
8349 8
16453 13
10596 3
4939 0
5197 15
7327 11
1290 4
9106 5
6937 3
7373 2
5166 14
12711 14
5884 2
6118 12
6965 3
6352 7
7676 13
7872 2
4234 14
10140 12
2737 4
9959 14
12430 7
4122 2
5768 5
6354 2
6638 15
3296 8
6818 8
14359 11
4347 14
8352 10
7015 10
5664 8
3665 2
1654 4
6357 8
4717 15
7604 14
10585 0
5490 5
4511 5
4917 7
6802 11
7129 1
9623 13
15363 13
5625 7
2256 4
3734 6
7080 1
7838 7
6022 10
3532 1
8989 9
17057 9
3671 3
12892 6
10685 13
6340 3
4917 3
5340 12
11972 12
5394 8
8072 0
9080 10
5496 7
8511 11
5490 6
7654 12
7474 15
14017 14
9786 11
8896 14
12006 14
7008 13
6629 2
7829 5
5613 3
7657 10
10946 3
5600 9
6960 7
3532 6
5286 14
6312 7
31040 11
6278 6
3812 3
12251 7
3378 6
3106 6
6822 12
9761 10
14528 13
3905 0
2742 5
12092 2
4879 12
6829 15
10204 15
20708 3
10178 13
9370 2
5507 11
1187 4
8376 13
5058 3
8629 7
5417 9
5162 10
9437 7
16901 14
4189 10
8351 3
7265 1
5286 6
3755 8
7985 15
4043 3
12235 13
9072 13
14146 10
6885 11
6116 10
9854 1
6733 3
7586 15
5215 11
8680 15
2439 3
3768 4
7051 12
14503 12
5008 0
1129 4
5252 8
7460 15
14018 1
6069 15
4211 6
6656 15
6831 8
7657 10
7212 10
7649 3
4709 0
3807 15
6869 8
5091 11
8165 2
8612 9
6168 14
6563 7
20312 13
10055 10
8381 15
4129 8
10750 14
14685 8
6965 14
5704 11
12777 3
15926 14
4760 3
7307 0
3768 8
4134 5
8939 3
4514 5
1586 4
5051 11
10126 11
15112 14
4891 12
8257 12
6242 15
4148 6
3080 6
7845 3
6954 3
7324 9
4381 11
1680 4
11345 3
5714 15
4122 4
4617 14
16038 12
16863 13
5871 15
21666 1
3778 8
8703 11
13531 2
3735 4
1138 4
1022 4
4321 8
5318 7
11830 14
7341 12
5333 14
12271 12
1271 4
6091 15
9502 0
9960 3
10539 2
4341 13
13799 13
11452 0
6228 1
11427 2
23407 11
6252 9
8612 10
6324 15
3885 6
13204 2
8440 11
4031 4
4166 3
11215 2
3321 6
7447 14
7386 10
7629 12
8793 13
6896 10
4571 0
6237 7
3694 2
5274 2
6130 5
7157 11
15675 9
6830 10
3230 6
2896 6
6462 2
6938 10
9468 11
1395 4
5541 3
5056 9
5298 0
6617 8
4324 6
12081 14
5433 12
7134 14
14046 11
17350 13
3690 4
4061 2
11497 8
5453 12
4018 4
2846 5
4598 12
11338 13
6471 12
12521 13
8232 12
5360 15
1194 4
16017 5
4332 0
1207 4
11708 8
5686 13
9997 14
8862 12
3781 4
7362 15
6962 0
4211 15
9293 14
4955 0
6581 15
6786 9
5908 9
13205 12
1626 4
5889 9
3798 5
7979 9
9531 0
8881 7
15379 6
3756 6
5116 7
10590 2
10068 13
3925 8
3306 8
9231 2
4539 13
10536 7
10345 0
5499 14
7335 14
5952 0
5711 13
10309 13
4719 6
3511 7
9378 10
4914 5
6477 1
4553 9
5840 9
5798 11
8271 7
8040 15
6853 14
6578 8
14205 13
8320 10
9112 7
3710 0
7077 12
9954 6
4586 9
11394 12
9799 15
2760 5
8833 7
3297 1
6028 11
6474 15
5448 7
4046 5
1664 4
11526 11
11872 13
5351 15
6786 2
6068 9
7181 1
12636 3
5210 11
11703 13
11497 10
13210 7
6396 13
13625 8
22792 10
1398 4
1133 4
3828 2
5523 8
13525 7
5043 5
5084 3
9306 12
6269 13
7955 10
7407 10
7302 3
10857 13
8374 15
7005 9
4134 5
3760 7
6897 3
10626 3
4453 12
5562 12
14863 14
4115 10
4425 9
7304 10
3855 5
4219 3
8715 7
10649 11
5727 15
9995 14
4044 6
10452 2
8916 2
8602 10
13977 9
6385 10
6725 7
4221 5
8010 13
5708 13
6412 14
13275 2
4472 1
4307 6
4708 5
3720 8
3155 8
4608 8
6431 9
9600 15
10250 9
12997 14
10342 15
10436 3
12629 3
13669 10
5851 14
7726 5
12810 2
11281 1
14416 1
9625 7
6499 2
15613 7
3457 6
3563 4
2845 8
2970 6
4058 3
6042 9
4616 5
6958 6
13197 13
4986 0
5235 11
11799 13
3827 8
6877 8
11466 5
3512 1
7727 9
10453 12
5453 3
3781 6
7974 11
4641 2
6038 14
6321 15
11472 13
5240 6
4027 9
13001 12
5889 11
14962 7
8924 12
10197 7
5329 9
7742 12
6877 10
6210 5
8552 12
14157 3
12424 1
1255 4
5575 5
11606 13
4443 2
8910 6
8587 12
5358 0
7752 8
2295 5
2507 5
6789 7
3667 6
9116 12
11746 15
2322 5
6993 5
3365 7
1721 4
3025 5
1101 4
7090 11
18028 10
16985 0
11490 14
5684 2
3131 2
6534 15
4401 6
7777 9
5049 9
15983 9
17354 14
15987 14
4267 5
11953 12
3855 3
10729 9
6778 7
6940 1
22301 11
13457 12
10174 12
8664 10
4415 9
11428 11
4574 0
3838 10
14715 14
3508 6
8314 10
4208 1
6792 7
5197 6
5254 11
8637 0
10814 11
14518 0
10254 10
2748 5
1396 4
5436 0
12607 14
8351 15
11389 12
7249 1
7905 10
9066 14
10703 1
4762 13
9345 11
4398 5
3189 6
5856 15
6401 5
5090 10
7102 7
4917 0
3058 2
13062 9
9699 1
13969 13
7426 10
7253 6
3586 2
12707 3
3328 4
6106 6
18919 12
8154 11
2928 4
20392 1
5135 5
4471 8
11282 14
2311 4
6804 9
5188 11
5533 8
6482 0
4620 9
8447 7
7850 11
3844 0
11183 13
9380 5
12206 9
7941 15
12119 3
2838 6
11230 14
16038 13
6826 3
3913 12
9265 13
6011 0
8800 5
12928 3
11799 13
5250 8
6454 3
10150 10
17318 1
5291 5
5588 2
8558 13
4820 7
6392 11
11249 13
13425 11
2448 4
11724 12
8118 14
6062 11
9225 1
5524 10
7057 10
7911 10
4484 7
2873 5
11648 14
6400 5
6115 12
5581 0
7338 9
2836 2
6283 0
3243 3
8806 14
5074 11
7224 1
7570 9
9163 4
5349 2
5007 6
16284 13
3572 8
7338 0
11056 14
2853 4
9060 14
10855 1
4298 7
5146 11
5223 5
4593 11
10217 9
6202 12
9453 5
14708 9
9517 13
5384 2
6723 2
6694 9
5060 5
7477 1
931968 13
42506 13
9117 11
8632 10
12250 7
15021 14
3624 14
21104 12
8127 9
5289 13
4286 10
12027 2
3879 1
8746 1
15800 9
1552 4
4773 15
8198 1
4576 9
8345 12
5969 10
5718 10
4207 5
5709 8
5375 9
2990 8
4581 13
8041 3
4157 9
10202 13
9819 7
4146 6
3956 5
5817 2
4582 3
4837 8
2857 8
10360 8
33336 4
5090 0
8563 3
2892 6
1469 4
3775 1
11878 10
4498 0
2933 5
12798 14
6353 9
6787 1
5000 9
6771 12
17402 6
6010 3
4179 1
10329 13
3710 7
22676 6
3816 7
5643 12
5294 11
16870 5
5508 11
20840 13
1346 4
8784 11
16086 14
4122 5
6834 2
6838 2
8638 14
6311 7
4745 5
1255 4
11975 11
14658 15
2904 1
7181 11
11376 6
5903 9
6240 7
11329 0
18804 7
3484 8
4945 14
3936 8
5777 14
4757 4
4764 13
9083 2
2965 3
4888 11
5502 5
7730 0
8166 7
4896 8
18373 6
3859 3
6056 3
14385 6
8179 10
5575 15
4422 5
3965 4
4777 14
3293 5
14090 6
14330 3
7834 7
7461 11
3591 5
9408 15
4552 5
18227 5
9695 8
18681 9
1445 4
7488 13
4983 4
22760 6
9228 14
8566 2
3868 1
5436 14
13870 6
6354 14
12420 3
8669 9
32617 4
5584 0
5888 9
10416 3
1568 4
7438 10
26222 2
12789 3
9163 6
15780 3
4816 9
4939 7
4052 2
5245 10
3873 2
3864 2
1444 4
11822 10
25956 4
7679 12
3027 8
4838 15
13802 6
7935 15
7441 6
4758 11
2609 1
81608 4
35034 13
7028 8
9062 2
7137 3
11706 10
5903 2
4272 12
29054 13
5957 15
7914 2
4030 11
9208 12
6495 15
4271 2
3255 1
5536 11
6798 7
3471 5
5496 9
3135 5
15947 3
7164 13
17103 3
4912 10
3455 7
1485 4
2668 0
12420 3
7820 6
11896 14
4067 5
10862 13
4586 15
4193 15
5482 14
4953 5
39457 6
19527 6
5657 8
10554 13
5511 11
4402 15
13111 7
9407 13
25248 13
12551 13
5483 8
17567 3
6415 11
5003 11
5433 3
9357 3
3389 0
6560 11
11009 11
25732 5
4706 13
6677 14
5113 12
3331 8
4763 10
8271 3
3161 1
5917 11
8839 9
2717 5
5928 6
7475 1
5851 15
3199 5
6769 11
11073 4
8609 13
4925 8
5274 12
13112 10
2931 1
2909 0
10070 13
8132 13
6556 14
4358 5
5457 3
7103 3
5916 10
21673 6
18867 10
6474 12
4912 5
8011 8
5291 4
6061 13
5708 13
5341 12
3823 0
12267 11
6154 5
6053 8
7474 14
4331 1
7600 14
1651 4
4912 5
15222 12
24257 6
5589 3
7528 15
1528 4
5796 15
9614 7
8092 9
11322 3
3166 2
8321 8
6317 11
7612 10
10075 10
7283 10
9059 7
6999 14
13560 3
6907 0
5182 2
4980 8
8019 1
7099 5
7801 11
11829 10
8759 3
18996 6
27183 6
7140 10
8843 0
8207 1
6206 12
8226 3
11482 12
7054 7
11723 2
6729 11
6824 15
10412 6
7366 8
4034 4
7178 9
1443 4
7994 7
7997 14
17324 14
3424 5
5307 0
11223 7
26168 6
3710 8
2896 0
13961 13
14058 6
1585 4
5530 3
2846 8
15966 1
8264 1
6166 9
7874 13
20195 6
7114 9
14622 12
13947 6
9721 11
2968 0
6659 10
15285 6
5380 3
6876 12
11469 14
17562 8
15124 13
20846 6
5262 9
5432 9
6407 8
7802 15
10015 8
18806 13
27238 6
13316 6
4351 4
1290 4
7304 2
4180 9
7033 15
6453 2
9979 14
1320 4
3399 0
9083 7
6603 8
10507 1
6739 1
14439 12
30019 13
3935 7
11332 9
4816 0
9257 14
5913 15
13315 8
4826 15
13365 6
6466 5
6846 11
10762 10
9123 13
5835 3
12186 13
4741 0
17944 11
9164 15
18362 13
5845 1
5744 3
7870 2
3746 9
11360 11
7309 11
7759 10
7695 11
11104 14
10679 15
7162 0
8571 11
7753 2
7049 15
7972 7
13548 8
6349 6
4321 0
6991 3
8024 5
4088 5
5521 11
6380 10
7129 6
4122 8
4223 5
8539 12
15846 6
8781 6
7485 15
7487 7
1452 4
31906 6
9590 11
3426 5
6399 7
3016 0
11302 3
6227 2
5031 8
3957 4
2608 8
42204 4
7069 9
15367 13
9058 7
5733 7
7515 9
3230 0
3480 0
5639 12
4221 0
3676 5
5586 9
7290 7
15595 13
3098 0
5282 7
12894 14
4754 9
6450 15
2954 5
3113 6
20352 12
4689 5
6352 2
3426 3
10323 6
11557 1
11186 3
4584 14
16301 10
7645 1
7078 10
13455 1
6977 9
4404 3
5498 12
3848 0
10265 12
10711 13
5654 3
7458 7
5587 14
8483 12
6807 15
6562 11
3144 7
5109 15
9692 10
8751 7
6110 6
11386 14
7126 15
6062 12
6287 14
7620 7
6449 1
3628 5
5450 7
3590 8
3725 3
2816 5
5573 10
4445 3
4582 1
5042 2
4943 11
12869 5
3330 0
3375 0
3903 11
40496 6
6002 11
8606 11
7142 15
7365 11
12583 4
6731 3
3642 2
6322 9
10951 15
7982 1
3974 8
4192 7
4592 15
9773 13
4997 5
12469 14
6751 1
13718 13
4207 6
4154 0
7573 2
7337 15
6523 0
6419 6
10562 6
6069 11
9440 12
6226 14
5040 11
12843 6
3553 0
7408 1
4990 9
3894 7
4802 1
4113 13
5388 12
6376 9
3614 5
15292 14
4382 5
6522 12
6905 1
9951 1
5187 10
7244 6
14670 13
11843 2
4722 10
27136 9
15751 9
10087 11
5127 14
3437 4
2948 5
1380 4
6351 14
3808 0
4602 9
4973 9
6594 2
7050 2
3601 8
6592 3
3251 8
7993 14
5066 15
4919 2
6058 15
1522 4
3849 5
6573 15
7013 14
3423 5
8795 11
6163 13
6004 9
3939 8
4978 1
3147 0
5649 0
4643 15
8731 9
5309 15
4651 4
5107 1
12375 5
4065 11
6687 7
10073 1
9136 7
8007 15
4320 12
4428 2
5442 15
5719 12
1459 4
5356 1
6465 13
1185 4
12786 3
3852 4
14153 13
7469 10
9903 11
26540 13
19696 13
4644 8
1352 4
5367 11
7200 14
11946 13
6755 2
9612 3
4269 1
6806 6
5217 11
4876 9
11805 3
8907 14
5113 6
3544 2
3877 2
5788 11
5680 14
6154 11
12214 2
4118 8
4359 15
3183 0
3829 13
2912 8
4764 12
5793 5
4046 5
2872 1
5716 2
4537 6
6546 1
2727 8
16122 6
1444 4
5220 11
3427 5
6364 11
11699 13
5802 7
35476 6
7785 14
4998 2
27241 6
1494 4
9925 13
5631 7
10892 1
5338 0
5311 12
8199 7
5248 3
3211 5
6271 11
6333 10
8170 7
5475 6
5490 10
2961 0
7731 5
5807 14
1406 4
5557 5
5206 8
8357 12
10213 1
4473 3
6980 1
4787 5
12766 13
4646 9
5046 14
16656 6
5274 9
15547 6
5675 9
11145 9
3976 8
7825 2
6128 6
2797 7
4151 0
9472 10
11857 12
8057 14
11286 1
8380 7
11285 9
4247 15
8129 9
4479 0
5254 9
12622 14
10982 14
5618 15
6776 9
8110 7
5274 7
6447 3
3838 13
1399 4
7335 12
6859 15
3655 8
6673 15
5067 14
5659 3
7271 1
5778 8
8226 13
3924 8
5572 7
5911 11
9711 1
2970 8
4599 9
3295 4
4803 0
7379 13
11321 11
5261 10
1392 4
6765 11
7558 14
12493 6
10424 6
3290 1
4914 0
4927 8
3073 8
3421 4
6193 6
11220 9
1586 4
6675 11
9595 14
8099 14
3513 3
18372 6
11833 15
5136 5
8037 14
6590 9
7537 12
2942 0
14873 13
7623 12
5217 9
10461 14
1511 4
8568 1
4574 0
4974 1
8281 1
4388 0
4900 14
4636 4
17360 7
2751 8
4010 8
5280 13
8852 9
8902 7
5143 8
15068 13
6136 7
3128 3
12898 14
7586 14
5917 11
8944 2
7316 13
5600 15
3734 0
2689 8
4784 9
3313 0
10619 14
6701 12
4636 3
3385 5
8468 12
5570 9
12599 6
4813 15
3547 4
1541 4
12856 6
4049 2
10241 2
10129 2
3677 5
16865 3
13627 5
18935 13
24076 13
5047 11
3216 8
3878 0
3402 1
6879 11
17997 6
1426 4
7456 15
6162 11
7958 14
9919 7
7469 15
8553 15
6108 10
2862 0
7402 10
3238 5
4134 14
3411 5
4163 0
3624 0
5678 15
5145 9
1526 4
5432 11
4676 11
10142 14
3526 5
9369 10
5181 12
15406 13
11486 3
5983 9
24804 4
6065 12
4876 13
4976 13
10384 9
10923 9
14964 6
3916 8
4783 6
8027 12
7693 11
9945 14
7792 12
13869 10
7501 6
11346 13
8723 12
5051 10
5632 15
7493 12
10760 10
7420 9
5135 5
3958 0
4251 0
9527 6
5153 2
8006 1
5172 9
9888 13
1395 4
3087 8
5568 7
7025 15
4774 9
2700 2
3936 0
23068 13
4822 3
4522 9
4825 0
6410 13
17902 6
7940 8
3619 0
7716 6
4671 11
6421 3
4959 1
1367 4
7362 13
7253 10
11417 13
2728 0
5097 14
4598 15
3492 5
4628 9
3451 5
4669 7
10100 13
11422 2
3993 9
7751 10
3970 8
7939 13
9687 4
24987 13
5611 14
3103 0
3870 5
8245 0
4673 0
1345 4
6905 2
8066 10
9806 11
5083 0
1423 4
5348 9
3953 4
7994 13
5334 6
6537 0
3620 2
5343 6
3774 12
2824 6
5406 12
7778 8
5451 10
1518 4
3728 0
11865 11
8064 3
4912 8
5193 9
9348 13
19610 6
20991 6
5194 9
6377 10
10836 12
6211 8
5154 14
6808 7
8171 12
5425 3
7667 13
4018 7
3064 5
3826 2
6126 10
6705 7
4411 2
9332 13
3833 7
4167 15
8775 6
3590 7
6006 0
4230 9
5264 13
10480 12
6802 12
5611 10
8226 12
7090 6
5321 3
3773 3
16456 2
10089 15
4627 11
6996 4
4614 3
5794 0
5220 7
10093 14
4692 8
8873 13
6002 15
6234 10
12458 8
3460 2
14383 1
11327 5
3986 8
6798 8
6210 10
10703 10
15955 10
3874 0
5586 12
5553 15
2681 7
9013 4
4600 7
4570 5
4025 1
13170 11
8183 6
9654 10
9631 10
5213 10
6517 9
4447 7
3832 5
5485 7
6384 15
10933 14
4350 1
5070 2
6863 12
3734 3
1364 4
4600 2
3396 0
10023 11
5263 10
3821 3
4753 6
8333 6
7916 7
4438 3
5204 10
16696 14
15905 15
5745 2
3511 0
9689 2
5764 11
4934 1
6791 13
3281 0
5794 7
5816 11
4203 7
6788 14
8073 4
7361 12
7459 15
2510 5
7885 1
8429 7
4357 9
5058 2
14786 12
10608 11
8980 11
9266 13
2927 8
8620 3
5754 12
5941 5
5471 9
1873 4
5573 9
4004 1
4648 9
4195 5
9162 10
4143 2
8106 9
8413 10
8638 3
4625 11
12021 13
7042 11
22085 6
2906 0
3786 8
1883 4
5174 9
5367 0
7465 8
12141 12
8999 5
3390 5
6472 10
23307 13
1366 4
9651 12
13222 2
8897 5
6243 9
24576 1
8879 3
8365 3
3508 0
3260 0
12231 7
5437 15
7636 2
4461 10
10559 14
5044 3
13984 1
6044 10
9273 10
4361 8
4325 11
1603 4
5203 11
9454 3
6349 9
6980 11
5528 0
5818 2
6707 11
2998 7
7896 13
5468 11
7552 1
4384 15
9970 2
4374 9
15070 13
5286 3
18516 13
4425 8
3544 5
14485 10
1436 4
6221 9
5056 1
20190 1
4638 12
3307 8
3410 7
5206 6
5879 10
2680 4
6103 8
3230 2
6718 14
1430 4
3200 3
4905 6
7546 2
6263 12
8165 11
23173 3
5253 2
5121 9
22524 1
7003 14
7497 1
2922 3
3867 3
5050 2
4941 1
7808 14
1647 4
7994 9
10071 12
5630 14
3675 5
5323 9
10085 8
8176 11
19056 11
6600 15
5490 1
6938 7
9271 6
7370 1
8375 7
3760 8
9670 9
8529 1
1642 4
5984 10
5906 9
3180 5
2851 5
3314 10
7046 13
7212 10
4867 0
16996 11
7561 9
4845 6
1234 4
6246 15
6314 11
7531 13
14774 14
2604 3
5657 9
5748 10
5016 8
7585 10
9539 2
4021 8
1566 4
4763 3
8472 13
19414 1
14607 1
6128 11
5465 15
5595 12
3553 5
6345 14
9516 14
4626 2
7576 12
5410 7
18066 10
7174 9
5828 15
2945 8
4104 3
3555 8
11531 7
5952 7
4805 15
7930 15
6799 1
10494 13
4493 3
5410 15
7979 10
6884 11
3772 0
6104 3
11218 3
7594 1
3148 7
4732 7
8739 9
3008 0
3737 5
10332 13
6267 2
5855 15
7615 12
4398 12
3602 6
5567 12
1330 4
1535 4
6011 5
2796 0
3693 8
6244 11
14144 9
3710 8
7858 9
5308 9
5404 3
7913 3
3676 2
5189 12
9382 8
3249 0
7397 12
41498 2
4947 11
1602 4
1010 4
7112 4
3975 11
1560 4
6107 14
5137 6
7515 14
8911 10
13462 5
22997 4
2708 0
2955 1
18190 12
19570 12
10387 11
3652 2
11757 12
15891 12
7584 7
9290 12
26571 8
23078 14
9541 8
5958 0
7040 11
3109 4
3776 8
9177 5
15567 2
5859 9
5744 10
4438 10
6184 15
6313 8
18772 10
11261 13
5760 11
5565 6
5438 11
14773 5
12653 13
9001 10
14726 5
10430 12
14964 5
8918 8
5288 10
9152 12
7024 14
6097 11
5830 12
5840 10
10508 6
13363 2
15380 14
19522 2
11678 3
14729 1
10401 15
8957 7
8347 12
8270 13
8186 9
4810 8
4151 13
7008 9
5037 2
11524 3
10205 12
4857 13
6560 9
4408 7
6344 8
4622 13
15315 10
13186 10
6715 1
5520 15
14460 1
14145 3
21979 11
4001 15
6176 9
9360 1
7685 10
2900 0
7264 7
6367 13
13000 6
5783 14
6770 4
3305 3
9161 6
4381 7
5880 9
16861 10
10773 15
8083 8
10077 15
8979 12
3476 2
4154 10
3531 8
6312 14
6366 6
2915 8
3896 0
17275 5
4526 14
5291 9
7511 5
8854 1
6272 10
5122 15
5176 7
1442 4
6246 1
2778 1
7800 2
12566 3
10427 5
4138 13
4436 7
5966 5
5398 13
1679 4
5302 9
5090 11
3971 5
8579 5
6052 14
3385 2
5190 13
5033 0
8591 15
6177 15
4249 8
12374 10
4594 7
1412 4
3441 5
5637 14
8593 2
1264 4
6128 9
3127 8
4907 11
3719 0
5077 14
3807 2
19269 1
5278 11
5480 5
3542 5
6284 5
1453 4
3767 8
8867 0
6234 10
5418 10
3616 8
4771 8
12227 10
8539 2
4776 11
13517 14
8783 12
3259 6
15820 10
5240 11
6274 10
5086 6
3024 8
4364 9
13605 13
9389 2
5688 11
7306 5
4337 1
4833 11
6265 15
13391 10
9712 13
9065 15
5028 11
4008 0
1361 4
4044 0
5626 10
6971 14
9251 5
1484 4
4467 8
5598 13
16208 13
5155 11
3303 8
6804 15
9237 5
2907 8
8651 2
7174 10
4791 14
2986 6
4948 12
4539 11
6120 11
10177 7
7910 15
5223 12
8136 12
4624 0
8296 3
3630 5
2892 0
9993 7
1467 4
7725 15
4949 6
4447 14
6678 9
3282 6
4880 15
2854 5
3940 0
7295 10
5731 10
5338 12
5516 0
9165 7
14557 2
4782 12
10629 2
4479 14
6543 13
5921 10
4120 1
5836 9
6741 9
6071 1
6176 15
8149 14
9438 14
7715 14
4920 9
6573 10
4347 11
3832 0
6624 2
5283 3
5350 13
3717 6
4710 11
4265 8
12570 14
2986 8
10284 14
5083 11
9191 1
4782 12
3005 3
3749 7
4883 15
7388 13
5359 5
7975 9
6226 13
10971 13
12345 5
6721 6
4457 3
5816 4
4382 2
17033 3
6175 9
10695 4
4059 2
5537 13
7934 11
7541 10
7480 2
6492 8
6174 14
9760 13
7410 10
22123 5
3203 0
4547 9
5395 5
3242 7
5034 3
4212 12
6765 3
4423 2
8279 15
5261 12
9729 7
4184 6
2522 0
6174 12
10865 14
3133 8
15689 1
4555 12
6478 3
3245 8
11726 15
5820 10
2669 8
5026 1
6529 14
6024 9
8412 9
12297 1
4290 1
10080 3
4829 10
7171 15
1472 4
4410 10
6287 0
4883 6
3568 2
3074 5
5853 6
3017 8
1516 4
3456 0
4414 3
1391 4
3066 8
7643 3
6762 14
3221 3
5311 12
8090 13
4570 11
10639 1
6925 9
11027 5
5125 12
4654 1
22226 14
9070 15
4124 7
4305 6
4313 1
3083 1
3008 0
3363 6
6373 13
6829 7
1134 4
8891 15
3043 6
4698 15
4927 12
3070 6
5350 9
5565 3
2578 6
5916 9
5609 9
5249 9
4386 12
4929 15
4787 1
3325 6
3921 13
3240 8
4916 3
4282 10
4214 2
4720 12
2769 6
24796 5
1509 4
5442 11
7635 14
4665 10
6687 13
3394 5
5927 3
4934 9
2873 7
4916 15
7406 10
16520 5
5435 15
5095 7
10699 3
4788 11
8130 14
1672 4
5087 15
3538 5
6158 13
5756 10
4761 9
3150 0
2864 3
4849 11
7784 10
2646 8
6677 15
6654 12
16504 5
6425 15
1035 4
8142 15
2979 8
6764 10
7241 15
2643 7
7160 13
6044 12
8912 4
5505 11
4966 12
5115 7
7797 1
3230 6
5340 13
3270 6
14113 14
1309 4
5268 11
3778 8
4632 1
5217 15
8693 5
11520 5
5679 9
6104 1
7448 10
2781 1
2684 8
7160 14
3401 6
9306 5
7600 5
2890 0
5840 9
7733 2
2759 8
5372 11
6721 14
5458 12
4143 13
9032 1
5361 9
8255 2
2884 7
4625 10
3978 1
7035 10
8150 7
1487 4
3198 7
11031 10
9340 15
4371 15
5433 9
6907 2
9956 14
5578 14
3463 6
4090 3
6527 2
3117 8
5397 7
7289 12
4574 11
6104 2
6636 9
1143 4
4994 9
4574 9
3449 6
3007 1
6541 13
3000 6
5446 13
1506 4
5225 10
15968 5
4676 0
3517 6
1434 4
6028 14
14981 10
3332 0
7034 2
5544 11
4294 9
19387 5
5687 9
6671 13
8346 12
2514 6
3280 1
3472 6
4559 12
4648 11
2791 7
3674 3
5765 9
4282 10
3123 0
13155 14
3009 0
4028 12
6018 15
5148 0
5523 10
5037 0
5740 5
5275 3
3076 8
5624 11
5065 15
5952 10
26441 5
4236 7
7334 0
6590 9
4168 14
3313 6
4989 15
5161 10
1610 4
5354 1
26279 5
4568 10
5464 9
6790 0
4652 11
5701 2
14808 14
5490 1
5353 1
4212 9
5708 12
3543 0
9837 15
5912 2
5175 6
6936 15
4865 12
4681 13
3986 8
1384 4
4511 13
2667 7
5511 1
4616 7
5080 14
4247 9
6330 12
3486 6
3253 0
6121 6
5736 9
3019 3
6176 10
4085 0
5823 14
4895 9
6261 15
6762 14
7582 5
9277 3
5091 15
4401 8
7332 12
4530 0
5582 13
4735 5
5384 12
4196 14
3024 8
3335 6
3101 0
3485 7
3334 7
3060 0
6681 0
5848 9
4951 9
7334 4
7849 7
6662 5
6327 10
5062 9
1431 4
10043 5
12399 14
5654 7
5386 5
5637 9
4450 12
23503 5
8475 15
4742 14
2890 6
1409 4
5658 8
5535 1
3211 1
7054 13
5214 12
5615 2
11145 1
11615 7
3172 5
4686 15
2923 6
5708 14
7514 15
8991 5
2455 5
3313 4
4934 10
18053 5
4606 11
7313 10
2850 6
2843 7
5009 12
7209 5
8255 14
6091 14
4978 12
5132 5
6609 1
7108 0
5465 12
3672 0
7671 10
4422 11
5038 11
6915 12
8144 14
4237 15
5357 9
8731 5
6478 15
4103 2
3534 6
7772 13
5615 9
8148 2
4777 15
8196 3
4380 12
14116 6
5306 0
2682 5
6278 2
5835 11
3631 0
6216 2
6707 5
2524 7
5166 12
11381 2
1681 4
5072 11
5203 9
5004 11
14509 2
9036 9
4711 9
5657 0
4364 13
4750 9
5048 9
6241 12
4467 8
7484 14
9154 10
3716 1
5368 6
3173 7
3855 15
6456 14
8302 5
6567 12
7478 9
2898 6
3296 8
5907 3
1445 4
5513 1
9623 12
6241 15
4822 14
8115 10
5209 2
5562 11
3249 2
3011 2
4961 11
7353 3
4510 13
11586 12
9949 1
6353 5
4756 3
7454 5
6469 0
4599 9
2691 8
2762 1
2775 8
3305 4
3071 7
3077 8
5110 9
4630 7
5350 0
5136 3
3965 1
3895 3
4562 4
4095 7
6073 13
5318 13
4325 9
3491 6
6956 3
4520 9
4876 13
13300 5
7597 5
4293 11
4861 11
1395 4
8475 1
3142 2
3705 3
3010 8
4502 14
3399 2
3177 2
13399 13
3890 15
3313 6
6875 10
4748 7
4935 1
5788 9
8496 15
8767 10
3019 6
2813 1
7954 7
5250 9
5804 9
5113 7
9687 1
1595 4
5476 1
3997 2
2837 6
2784 7
14477 7
6303 9
6027 11
8170 13
10629 14
19847 2
2892 8
4120 2
12025 3
4634 14
6482 2
10680 7
5095 11
2484 4
8208 8
3017 0
5195 1
3816 11
6276 13
8139 1
2950 8
5314 13
5015 15
1452 4
6100 12
7377 3
2901 7
5198 11
3706 2
5928 9
4556 15
5103 12
4304 9
3359 6
4803 9
5839 6
4652 3
5936 3
4444 7
1279 4
4837 7
6854 2
