9909 6
17080 0
12560 2
2096314 7
13850 2
5800 3
1220 1
4030 7
5000 3
6840 3
4840 2
5900 4
2620 7
3720 3
4800 4
6010 4
3940 4
3400 4
3540 4
4360 5
3440 7
3020 4
3780 3
3809 4
291 1
2700 7
4380 3
4371 5
7119 7
5280 2
620 1
3770 0
4860 3
3990 6
3670 3
450 1
87850 4
6091 2
3829 6
3600 4
420 1
3571 6
3390 7
4150 5
3310 5
6800 4
2720 0
5330 2
4050 7
410 1
5000 7
4071 3
779394 5
3689 0
6340 3
3889 7
4360 0
5531 4
2751 0
32360 6
3200 7
3990 2
6710 3
6500 3
370 1
3980 2
4220 2
4070 4
6430 2
3770 4
3650 4
9320 0
7720 3
350 1
3370 4
3880 2
12120 3
6020 3
5509 0
5600 7
10299 3
3810 0
7380 3
4800 3
7060 4
8670 4
18690 7
5150 4
11900 2
6170 3
8510 5
27379 5
5380 6
12729 7
6330 6
6200 6
7890 5
43420 0
5730 2
7240 2
10408311 7
7040 2
6970 3
6199 5
3600 3
4040 7
8149 3
780 1
6380 4
84400 0
4670 4
3730 2
15720 0
5069 2
4549 6
5600 4
5031 2
15150 4
6080 0
10700 6
4100 7
4220 3
3780 6
3930 6
3090 7
4580 0
3270 6
3970 5
300 1
2740 7
390 1
3640 6
15010 1
550 1
4170 2
5030 6
11850 4
490 1
320 1
7180 0
11920 3
3080 5
7309 3
4080 6
4140 5
420 1
300 1
8970 2
4780 2
3900 0
13550 3
20970 6
5300 7
8260 2
3890 6
5940 3
5440 0
12290 4
8980 7
5629 7
3900 6
420 1
1020 1
7260 5
6360 5
6771 5
39450 3
6450 6
4970 7
7550 0
5130 3
280 1
8060 7
9430 2
4570 6
5880 3
15750 4
5460 7
6800 4
3351 6
6349 4
5159 7
4530 6
9640 2
560 1
8110 3
6700 4
5790 5
13930 7
4650 2
460 1
280 1
8470 2
7010 4
510 1
14230 4
5880 2
6320 3
3749 3
3749 0
12180 3
5965515 7
560 1
6610 5
7480 0
6540 3
800 1
150539 6
34079 6
3920 0
5550 2
10140 3
4460 4
6990 5
11330 3
17460 6
81939 3
11000 4
4680 7
10080 6
330 1
4400 4
7020 6
5020 5
2750 0
920 1
8890 2
4740 7
610 1
1010 1
3710 4
280 1
3750 5
5040 7
3990 5
4170 7
4870 7
330 1
7840 5
260 1
5051 3
291 1
3920 0
16989 5
5090 7
310 1
3780 0
4100 7
4970 0
4840 3
11870 0
6620 6
6050 7
10630 6
7050 0
6420 7
4499 4
3960 0
5680 7
4511 4
4691 0
6769 5
4310 5
6720 4
5360 0
4450 0
6070 4
3940 7
4650 3
7470 5
3990 4
1400 1
6330 5
6300 4
6040 6
3330 5
4710 5
6850 0
6080 7
3720 6
6800 3
5149 2
31670 0
2730 0
5850 3
6260 2
660 1
4230 6
6190 7
540 1
5030 4
4140 6
11120 0
3160 0
4760 2
6080 7
3640 0
6400 3
5520 6
530 1
7860 6
4080 5
8070 0
4920 0
360 1
490 1
7010 0
4910 2
5088391 7
5980 3
5060 5
5040 0
24930 3
270 1
9509 5
5111 2
30649 6
4950 3
6570 3
20270 3
5280 2
13850 3
21950 2
6020 3
3520 7
380 1
8899 6
5569 5
6160 5
7529 7
4129 2
5630 4
380 1
3010 3
3790 3
3870 6
4100 4
3840 3
3510 7
4050 6
3670 7
4040 6
19180 4
3320 7
380 1
5120 4
2880 6
400 1
5510 5
320 1
25450 6
3060 1
18900 6
12890 7
1030 1
71830 5
17469 4
11000 2
12460 3
1520 1
8900 0
8060 7
6600 4
10060 4
5780 0
6210 6
7090 6
9830 6
8560 7
9070 3
680 1
6249 3
6831 3
391 1
10369 6
8660 3
6930 6
7060 3
970 1
5060 0
8360 5
7180 5
6170 6
3810 0
3780 0
5700 2
7930 5
7550 2
8290 2
22800 3
8440 4
6429 0
4990 7
7590 2
8550 5
4920 4
3840 0
6580 4
11980 2
4830 3
8810 2
5280 5
5880 2
14370 6
16130 0
8819 2
999902 3
400 1
6600 0
5710 0
4940 4
4420 4
760 1
5300 5
4460 4
5020 3
5010142 7
5311 4
9491 5
8770 3
5850 0
5670 0
4370 0
6500 2
4470 7
5700 5
5650 5
400 1
5600 4
5410 0
4310 7
300 1
4700 5
9700 5
5930 4
10950 6
12989 4
4420 0
6811 2
12611 4
4120 2
64550 4
4070 0
4210 5
4480 6
350 1
4650 6
4320 6
9050 5
3910 2
9080 4
8350 3
5750 7
9040 0
5910 3
8530 7
6209 5
1130561 6
18830 2
8990 5
8650 5
9410 5
8200 2
6731 6
6880 7
9900 3
8460 6
8810 0
16630 3
470 1
6910 5
9030 3
4350 2
5790 0
6930 6
5580 7
4510 2
3920 0
7440 7
4740 7
580 1
2780 0
890 1
7729 6
12211 3
8571 3
820 1
5429 4
4040 5
5340 3
7590 4
4090 0
6510 4
5210 0
4610 4
13790 3
5340 3
590 1
5060 5
6980 6
