4420 12
1290 7
1280 9
1140 7
990 4
1190 9
1300 6
1320 14
1170 11
870 6
820 2
2670 3
860 8
940 2
880 3
1500 1
690 11
790 2
2470 1
800 10
850 5
870 6
1860 14
940 8
740 3
780 15
1610 13
750 15
830 2
1420 7
750 13
730 1
1460 6
780 9
650 10
1410 9
650 3
660 7
1590 5
650 11
769 12
771 2
1420 15
680 14
800 1
1709 14
700 11
760 0
1569 10
700 6
711 3
1891 11
771 8
780 3
1471 1
780 0
760 9
1440 1
690 2
630 12
5650 3
770 4
780 6
2510 8
800 14
730 0
1390 5
690 6
700 5
710 0
1360 5
690 13
790 0
1460 0
710 11
690 5
1490 11
720 5
760 13
1590 15
750 8
740 5
1520 7
720 2
830 4
1440 3
740 13
700 11
1510 13
640 14
710 8
1530 11
730 3
690 8
800 0
4810 0
750 15
650 8
1640 10
690 0
740 5
2150 10
780 9
830 13
1400 3
710 14
720 1
2290 3
650 5
800 0
1360 9
720 2
710 10
2190 8
760 5
871 4
1420 6
680 6
809 2
749 11
1860 1
711 2
731 9
1380 4
800 3
769 1
1540 8
769 2
751 7
1471 15
700 12
780 0
1640 15
750 9
780 2
1410 12
770 8
690 8
1360 13
760 0
720 0
1740 2
760 7
740 4
880 11
1640 12
710 4
840 6
1490 1
710 15
740 1
2710 7
830 3
730 5
1450 9
730 14
1070 9
1420 11
830 8
830 0
1460 11
710 10
690 6
2840 10
720 9
810 13
1490 6
790 7
720 5
690 6
1670 11
690 10
790 4
1490 15
760 7
940 12
1400 7
810 0
650 4
1640 12
720 11
710 0
1560 1
680 2
820 0
1760 2
750 1
700 4
1350 0
710 4
820 6
4239 6
689 7
780 1
2589 12
731 7
749 1
740 6
1549 10
700 1
800 15
1711 12
749 7
769 14
1531 0
771 14
771 5
1610 3
750 7
760 4
1600 9
780 11
700 8
2410 14
740 6
810 8
1510 11
830 7
760 0
1590 5
860 14
810 9
740 15
1980 15
810 12
760 14
1570 15
780 2
770 4
1490 8
780 10
790 8
1380 2
790 13
710 15
2670 9
800 12
720 6
1520 9
880 12
770 12
1680 3
730 13
690 5
1590 2
740 5
850 15
800 4
1540 15
760 5
760 11
1480 7
800 15
780 14
1430 2
800 15
780 2
1600 14
820 1
720 9
1440 4
820 7
850 3
1590 6
770 2
750 1
2700 3
749 2
809 13
1631 14
680 0
849 2
700 2
2080 4
871 2
791 12
1620 2
720 12
711 14
2400 14
689 11
779 3
1550 4
810 7
670 2
4110 0
830 13
790 13
1750 6
800 11
780 5
1680 1
820 11
860 12
2570 6
780 12
840 13
870 13
1470 7
740 2
800 13
1530 5
890 13
1000 7
1430 3
790 14
720 6
1510 7
840 12
810 10
1660 7
810 2
830 15
1540 0
750 12
780 1
1590 4
990 3
830 12
1570 15
720 7
740 2
2400 3
840 1
820 15
760 14
1700 0
740 0
670 4
2000 13
810 1
740 6
1630 7
830 2
800 5
1570 13
830 9
739 5
1429 4
769 0
820 9
1649 6
729 0
780 3
1571 3
731 15
769 8
1500 11
740 8
711 3
760 6
1529 8
831 9
840 14
1520 13
770 3
720 6
1490 6
760 7
1050 15
1490 14
730 11
770 5
1620 10
770 5
780 10
2400 3
830 12
750 1
2630 4
760 7
910 2
1500 10
770 15
790 13
820 13
1700 15
860 3
800 15
1720 4
830 0
760 1
4440 8
870 14
820 15
1840 6
800 15
730 15
1430 6
910 2
780 5
1510 7
830 7
760 14
1580 2
760 1
770 15
1400 5
760 9
870 11
770 8
1590 12
830 4
740 5
1610 6
770 6
860 12
1570 13
870 9
780 14
3359 4
829 15
720 0
1660 11
860 2
709 6
1429 7
860 11
1000 4
1420 6
811 6
840 6
1480 0
751 0
791 6
760 1
1511 4
671 3
770 12
1580 8
770 8
800 14
1580 7
780 12
800 9
2010 13
900 15
730 5
1590 1
820 11
810 5
1790 1
710 14
850 6
1590 8
730 5
820 7
1650 11
820 10
780 2
1480 8
870 6
810 2
810 3
2360 15
860 8
790 1
1420 3
760 9
780 3
1510 1
790 6
880 1
1490 0
790 7
840 12
1450 10
860 15
730 13
1530 14
850 1
840 1
3350 2
940 3
870 15
1520 3
850 15
810 12
900 10
1530 1
760 13
850 9
1509 8
809 3
760 7
1460 12
780 1
729 4
1980 15
851 13
860 5
1460 14
760 6
809 10
2389 6
920 15
851 10
1531 10
709 1
729 1
1650 12
870 6
810 7
800 15
1460 4
790 14
800 11
2340 0
760 11
810 10
1500 10
780 9
820 5
1450 13
830 5
860 15
1520 13
800 5
770 3
1570 14
850 0
820 7
1780 9
830 10
850 11
1650 1
880 3
850 14
820 6
1610 7
740 7
730 11
1650 8
820 11
840 9
1830 13
880 15
780 11
3020 8
890 8
870 9
1740 7
930 15
920 6
1540 0
820 9
760 7
1540 15
850 13
770 2
1670 11
840 5
930 3
810 10
1650 6
760 11
860 0
1571 15
909 0
891 15
1651 13
780 13
800 10
1771 8
800 2
869 8
1520 8
811 10
871 1
1531 6
831 6
760 14
5220 12
810 12
800 0
2750 14
790 0
850 13
1600 12
730 4
950 6
810 13
2810 1
780 6
1020 10
1510 2
820 9
880 5
1580 3
760 5
950 7
1400 12
810 8
800 1
2220 4
740 14
810 9
1490 7
900 5
830 1
1930 9
870 15
720 12
1490 12
780 6
860 11
720 8
2640 2
770 14
900 13
1430 5
780 10
770 12
1790 2
980 11
810 6
1440 3
790 2
840 1
1960 15
1020 10
1100 8
1880 10
1130 13
1050 14
2920 14
1029 7
980 5
1571 15
780 15
840 15
720 9
1889 7
1020 1
1091 6
2009 5
1000 6
1080 1
2060 3
1100 11
930 5
2090 0
860 6
900 5
1880 3
850 15
760 14
1530 11
810 5
790 4
1710 11
820 2
740 5
1730 9
880 10
780 10
800 13
1740 2
830 1
780 9
1670 3
770 12
850 2
1810 2
830 9
710 13
1770 3
810 13
920 0
5370 15
900 9
890 2
1590 8
810 8
790 6
1630 15
1060 10
920 8
2730 6
870 4
830 0
830 0
1940 15
800 9
770 15
1660 4
760 8
820 1
1630 2
810 14
870 4
1550 15
820 11
831 0
2320 2
829 6
800 13
1880 4
709 5
829 6
1920 7
949 12
809 7
1940 1
780 5
920 3
1920 3
890 0
840 0
750 6
1570 9
850 0
850 13
2510 11
800 9
810 14
1620 0
900 10
790 14
1700 0
730 2
840 2
1950 12
840 13
910 7
1760 8
780 2
950 0
1640 7
850 4
860 14
1580 12
910 0
810 1
860 11
1640 4
750 3
770 6
1590 13
860 5
840 12
1460 5
780 1
900 12
1610 2
810 3
890 3
1890 1
780 2
810 5
1630 4
760 15
780 2
2340 14
900 2
810 10
1470 10
860 3
810 1
840 4
1720 12
880 0
880 9
3960 7
820 5
860 4
1909 4
800 13
869 0
1540 0
791 0
831 0
1569 9
869 9
829 11
1460 1
760 14
771 0
1520 10
850 12
760 0
3290 6
8270 8
820 3
880 10
1620 4
800 14
770 6
1580 9
860 15
970 15
2000 10
820 0
870 9
1890 2
860 14
1150 3
2930 10
910 7
810 7
1990 14
770 13
750 7
2820 5
870 4
890 9
1990 2
920 5
800 9
920 15
1990 8
870 2
1100 9
1790 9
810 3
810 11
1660 3
860 3
760 6
1830 12
740 0
830 12
1610 12
770 4
780 0
1960 2
931 2
860 10
1749 15
771 2
809 10
1971 2
840 15
789 14
1571 13
760 2
860 7
889 6
1571 11
780 13
789 2
2379 13
840 6
820 15
1990 7
830 11
820 4
1800 6
830 14
780 6
1840 4
810 7
750 3
1860 0
930 1
880 2
1610 6
760 9
880 13
5300 12
870 9
950 4
770 11
1790 8
890 10
730 4
1800 13
850 14
920 11
1560 14
790 9
850 15
1740 14
830 6
760 13
1630 14
840 7
850 8
1620 14
850 10
760 0
1550 4
830 5
900 2
5070 6
850 8
830 11
840 13
1700 5
910 2
910 10
1750 10
940 8
910 5
1651 12
891 7
709 0
1660 4
889 13
869 3
1769 8
800 4
791 11
2491 9
771 14
780 1
1769 4
900 14
980 13
1520 7
830 6
810 1
840 12
1800 6
880 10
890 11
1600 15
770 5
830 1
1660 8
820 4
830 6
1790 0
870 4
830 0
1850 9
870 12
880 10
2470 4
810 5
870 4
1800 4
1050 8
850 5
1530 7
940 6
840 8
880 1
1610 4
850 15
990 14
1740 15
810 15
840 12
1660 15
780 11
850 13
1700 14
890 4
800 1
1520 0
840 8
790 13
1540 14
810 12
860 7
4820 0
860 14
730 14
1810 9
870 7
960 8
1640 14
880 13
819 12
829 8
1640 12
871 15
891 5
1840 0
749 1
860 10
2511 15
891 15
731 2
1929 12
900 14
791 14
1631 5
840 9
879 9
1660 8
900 14
830 8
1490 7
830 12
840 3
2980 13
1150 6
790 13
810 12
1880 7
820 1
850 3
1580 1
820 3
870 10
2040 4
910 14
920 14
1820 14
780 8
760 14
1840 5
840 13
920 0
1860 0
800 7
840 4
1960 5
830 12
790 2
2630 11
790 14
860 13
910 4
1680 4
760 14
880 12
1960 12
790 15
970 13
1990 14
930 1
780 13
2090 13
820 11
950 13
1850 2
920 15
1120 10
1810 0
1030 2
820 12
2340 15
789 8
900 12
2060 8
900 7
869 2
909 2
2160 0
789 8
940 15
2389 15
911 1
1040 0
2269 14
910 5
990 7
6740 4
760 2
880 1
2350 14
1050 10
840 6
3470 7
850 12
790 12
2070 3
920 2
1040 10
2450 6
970 2
770 12
820 13
2080 12
870 15
1170 8
1930 8
1170 15
1030 6
2260 9
920 15
890 15
2240 8
880 13
980 3
2420 7
800 7
820 9
2040 1
870 7
750 6
2260 15
840 2
910 5
1840 0
950 14
850 14
4400 6
849 12
820 9
1000 10
2051 11
931 5
900 8
1789 9
1309 14
749 5
2709 15
909 15
1149 7
2120 6
909 14
819 9
2120 15
830 1
930 11
1980 3
840 15
830 9
2170 0
770 12
810 4
2370 0
800 0
800 15
1000 11
1840 0
920 10
840 13
2140 4
780 14
900 14
1820 6
1130 5
860 2
2120 7
750 10
1030 10
2040 6
830 7
840 1
1880 4
770 4
940 15
1880 11
970 6
800 7
1910 12
810 14
1040 11
930 12
3700 11
930 7
830 13
6360 0
830 7
1120 8
2100 14
930 2
800 8
1960 1
800 9
760 1
1671 12
940 13
860 4
2420 14
820 12
789 1
2129 0
909 9
769 3
2260 4
960 5
1009 9
999 1
2480 5
820 3
1060 10
2010 9
870 4
860 12
2280 13
820 7
860 0
1790 2
870 13
880 9
2000 3
910 2
950 13
1650 7
930 12
890 4
3540 3
940 8
900 14
1900 1
1040 6
840 13
950 15
3390 10
920 1
810 9
1920 7
830 7
920 0
2500 10
830 1
1070 12
2500 14
780 9
870 9
1910 12
870 3
850 0
2060 10
840 2
840 8
2210 12
880 3
940 1
2080 8
810 8
950 1
1920 8
980 7
929 8
920 1
1680 7
800 0
880 3
3989 7
880 5
949 8
1940 8
871 9
840 14
2789 0
790 14
800 0
1920 14
790 4
920 15
2200 5
1000 13
870 15
1960 0
870 1
840 10
6530 15
920 15
810 7
850 9
2030 8
820 8
980 15
2420 0
1000 12
840 9
2060 5
790 8
870 13
1990 10
780 4
840 15
2170 3
830 0
930 13
2050 8
1040 4
790 4
2660 9
870 7
800 13
1980 9
870 15
880 15
1030 15
3290 3
900 5
960 13
2040 15
860 10
869 5
1989 1
1000 10
851 9
2411 8
869 7
1180 5
2000 8
1020 1
811 1
2271 12
891 4
891 11
2171 3
900 15
860 6
2030 6
840 13
1040 6
960 14
3450 0
1280 14
1180 1
2200 8
990 2
1090 15
2160 11
880 2
880 2
2410 8
940 8
830 4
2110 13
990 1
950 15
1810 5
900 13
840 7
2940 14
860 8
990 9
1910 0
950 11
810 2
1050 7
2000 7
810 15
820 15
1890 14
860 8
900 1
1660 11
930 11
920 7
1890 15
880 9
970 3
1880 8
900 6
770 11
6570 13
940 5
1020 7
2460 8
931 2
811 4
2340 8
1040 7
831 1
2171 15
1040 10
1100 15
869 1
2029 15
979 9
980 2
2080 4
1200 1
990 6
1910 15
910 10
940 8
3390 11
960 2
900 6
1800 3
910 7
940 14
2890 8
770 12
920 13
1970 10
830 10
820 15
2110 6
840 15
1090 12
940 0
1850 3
810 12
1000 4
2150 14
990 2
890 13
2230 14
920 15
860 2
1830 4
760 3
920 3
1840 5
830 2
890 11
2030 3
800 1
930 1
1720 11
980 12
1020 0
2160 8
870 5
850 15
1020 13
3460 12
911 2
951 4
2740 14
809 15
800 3
1840 10
960 4
760 13
2320 1
840 0
889 7
1740 13
1149 6
829 8
2109 9
900 13
820 9
1950 4
850 2
1280 7
1820 13
1050 13
820 6
910 1
1630 6
910 3
930 14
1890 3
920 3
1060 5
1780 13
870 11
830 3
5950 12
1000 6
1010 13
2310 1
1000 5
960 0
2210 11
1050 9
940 5
2030 10
1100 11
1060 7
3300 1
1030 9
860 1
1180 3
2700 4
790 7
960 13
1910 0
880 14
1270 12
1900 5
940 15
890 0
2040 15
900 2
810 2
2059 1
920 3
931 7
1920 11
849 3
909 10
2580 6
820 12
1149 8
2040 8
920 8
851 13
2131 8
7800 5
1050 13
850 6
2330 0
910 0
910 4
1990 12
950 10
900 14
2010 10
930 6
1010 2
2030 15
950 13
1000 2
3250 13
960 8
790 8
2040 0
860 11
1000 10
2000 1
930 5
970 8
2470 3
890 8
1060 14
1280 5
3570 14
940 1
820 0
1820 5
920 2
850 14
2130 13
920 11
800 4
2340 13
1180 4
890 14
2220 13
960 6
920 1
2169 8
920 9
889 6
2429 8
829 13
949 1
2240 8
1000 7
960 15
900 7
6309 10
889 11
910 13
3310 15
1010 9
870 1
2240 5
1010 8
1040 10
2520 6
990 11
1040 8
1980 9
1220 7
1070 13
2240 5
900 0
880 3
1770 4
880 3
920 13
1910 12
990 6
1020 6
800 8
2510 11
790 10
880 15
2150 2
980 3
840 2
1950 7
1060 13
970 14
1910 14
880 3
930 6
3320 15
850 5
1090 14
2540 14
1360 5
850 5
1870 2
890 11
1520 2
3250 2
850 1
779 5
911 0
1960 15
1040 1
840 15
2320 1
891 11
889 10
2040 4
900 9
900 1
1789 2
880 12
1200 0
2179 2
950 13
860 4
2170 7
950 13
900 5
1920 15
1030 12
800 8
2170 0
900 9
1150 1
1680 4
940 7
890 0
930 0
3560 3
800 0
1100 11
2100 12
1300 15
810 5
2030 12
880 3
920 14
2270 15
880 8
840 9
2970 12
830 7
890 2
2230 5
890 6
810 4
5350 12
1030 15
750 9
2280 10
970 4
930 1
980 4
1840 7
950 6
970 4
1810 3
860 10
890 15
1869 14
1249 11
809 6
1660 9
989 4
860 6
1540 14
860 1
860 12
1660 2
831 0
800 14
2000 10
891 12
891 3
1711 14
930 2
900 12
840 6
1870 3
930 10
1190 8
1620 15
870 14
910 4
3460 0
930 10
840 4
1860 8
860 15
880 8
2370 9
820 3
820 8
1710 12
840 13
1150 15
1740 13
850 15
890 2
1870 1
900 14
890 15
750 3
2090 14
930 7
900 15
1680 11
890 14
850 8
1680 0
940 13
830 13
2020 4
820 14
1060 2
2110 2
1000 13
860 2
2590 5
870 14
1050 11
1790 14
810 0
880 10
1950 3
970 12
800 2
929 12
3231 11
971 3
980 11
3180 1
900 2
1129 2
2409 1
929 4
920 13
2011 9
940 14
871 5
2590 0
850 4
850 10
6050 13
870 4
860 10
2560 8
800 9
1050 14
2670 10
980 15
880 9
2340 13
850 2
900 10
750 8
1880 12
950 12
850 14
1910 8
960 13
870 13
2060 2
990 14
840 13
1920 4
840 15
900 6
1660 1
950 7
950 12
2700 10
900 13
910 9
2240 2
1010 10
840 7
1750 3
880 2
800 10
810 13
1730 4
1080 11
940 6
1860 2
1010 3
950 12
1770 4
891 4
891 10
1940 5
909 5
949 3
2120 3
949 9
889 14
1980 6
1000 11
1049 4
1880 14
900 8
920 5
1819 14
1080 15
850 14
880 10
1780 10
850 12
850 4
1870 7
970 13
980 10
3400 11
910 9
1030 11
1710 3
870 3
810 15
1920 12
950 15
1020 6
1980 12
870 0
790 7
1850 1
810 8
930 4
1720 4
950 14
860 8
970 13
1640 3
840 14
1000 7
2850 13
890 7
1070 5
4810 13
920 4
740 8
1820 15
770 7
790 5
1780 5
790 5
920 7
1740 14
930 14
920 9
1730 12
960 2
970 14
1959 2
820 0
831 13
980 7
2500 15
891 0
940 12
1900 9
1060 1
909 7
2000 15
920 6
889 3
2300 1
1039 2
950 9
1900 7
810 5
980 9
1830 2
1030 2
980 7
1860 13
980 1
970 7
1800 12
910 9
850 9
1850 7
930 10
960 14
980 4
2220 8
910 10
1020 7
1880 3
790 1
790 11
1810 0
950 1
1010 15
1740 4
900 0
770 9
2030 13
750 9
910 14
2770 1
970 14
910 13
1840 11
800 0
930 14
1890 3
1060 2
820 9
1050 4
2590 15
770 7
820 10
1890 12
980 9
850 2
1750 2
780 15
800 2
1729 8
709 6
880 6
1969 2
809 3
840 10
1609 10
789 1
880 5
1600 3
889 0
960 15
1700 5
960 4
871 0
960 12
4659 9
890 1
820 0
2760 11
860 12
880 12
1630 10
830 11
850 15
2910 3
870 2
870 4
1620 9
870 10
940 4
1670 11
950 15
890 4
1640 5
870 0
860 15
1500 15
920 9
870 4
900 0
1650 2
810 2
790 9
1560 9
840 8
970 11
1640 6
880 5
850 14
1800 9
760 3
970 5
1580 15
920 10
980 2
1710 3
800 5
1010 1
1720 2
920 12
900 7
1730 3
1040 11
960 8
890 10
1530 15
810 10
790 8
3400 7
820 15
829 4
1580 4
831 5
900 10
1829 7
860 0
871 0
1591 2
831 14
991 5
1671 12
960 15
940 14
1680 3
909 8
850 9
1790 8
990 12
870 8
1660 14
860 12
860 6
980 7
2470 3
840 14
1160 2
1550 9
890 9
910 5
1890 7
860 11
930 13
1700 12
890 13
810 9
1620 12
870 3
890 0
1990 6
1040 13
850 12
6620 6
890 0
890 11
1550 9
950 8
890 13
1080 14
1770 13
930 1
890 0
3170 6
920 13
810 7
1550 1
860 5
810 9
1980 0
920 7
880 2
1640 7
810 2
860 12
2360 9
911 7
1000 4
1669 5
909 15
889 8
1640 6
771 5
860 2
1129 11
1860 15
851 14
840 5
1669 3
900 4
829 7
1579 13
850 5
760 7
2300 7
930 14
1040 3
1710 6
930 10
830 13
1880 0
880 13
940 0
1860 6
1000 2
850 1
1970 7
880 11
950 11
870 9
1640 0
830 14
780 7
1730 13
830 13
950 2
1770 0
890 4
890 0
1570 7
960 0
940 14
1930 13
980 6
910 14
1870 10
880 9
790 15
1740 9
830 14
1060 15
2620 5
1010 13
1150 6
750 14
1680 10
880 15
860 0
2650 13
830 6
860 0
1850 6
860 11
860 5
1779 6
840 9
949 4
4569 9
920 10
811 1
1660 15
909 5
940 12
1669 12
1020 5
831 4
1680 9
900 2
831 1
1739 5
900 4
840 9
860 4
1640 11
930 0
840 5
3180 9
900 5
890 15
1530 3
920 9
850 12
1830 6
750 6
840 9
1490 14
850 15
800 14
1560 8
1010 9
970 2
2480 4
940 8
880 15
1860 8
1000 7
890 11
860 2
1820 4
960 11
960 8
1750 2
930 15
950 7
1580 1
850 11
930 5
1710 7
800 4
890 14
1830 7
1020 15
920 10
1740 7
1000 9
1050 8
1740 8
940 0
840 5
1820 4
890 1
960 15
920 15
1570 7
851 5
891 3
1631 10
1051 8
891 9
1580 1
820 9
891 8
1560 9
6471 4
991 10
2440 0
980 5
920 9
1530 6
1380 13
910 9
2840 10
1020 3
890 7
1890 0
1000 4
880 0
970 8
1700 5
900 12
900 6
1930 5
940 12
900 9
4180 5
990 9
940 7
1620 2
930 15
910 5
1710 13
900 1
830 7
1620 10
820 5
860 9
1820 10
930 10
860 13
1790 14
900 9
870 14
880 4
1630 10
960 15
900 3
1770 13
830 15
970 8
3860 5
920 8
830 8
1590 4
830 3
890 3
1730 2
860 0
829 2
1660 1
849 6
840 8
1960 0
809 1
980 7
1611 5
991 11
811 1
1620 4
920 12
811 0
871 12
1510 3
830 5
1000 3
2080 11
880 14
950 12
1720 4
880 9
1000 8
1680 15
980 9
960 7
1710 12
870 7
880 6
1610 12
870 1
930 12
1660 9
880 4
760 9
2310 4
870 14
840 1
930 12
2040 14
1000 15
820 11
1690 12
870 1
1040 3
1600 14
930 10
960 10
1630 1
970 5
860 13
2600 10
830 15
810 14
1960 6
1020 4
900 10
1820 9
930 1
930 7
4610 1
950 6
1030 13
900 2
1640 5
879 12
920 0
1991 13
809 15
920 8
1749 7
920 6
771 9
1991 10
1111 7
960 1
2391 5
911 15
1000 1
1860 12
970 4
1030 3
1620 14
970 3
830 5
1560 12
900 14
1000 3
950 0
1570 13
910 14
860 5
1680 6
850 13
870 11
2850 0
760 7
1050 2
1800 15
930 0
780 11
1670 6
880 1
850 3
1730 7
880 4
860 11
1610 10
930 15
860 13
1840 3
820 15
900 8
860 11
1640 7
890 14
840 11
1590 5
860 9
850 10
3010 11
890 13
970 11
2170 3
950 9
870 2
1850 6
850 1
890 12
1680 13
890 5
960 10
1680 9
940 2
1049 14
1720 11
1011 5
920 9
1720 8
960 13
831 11
1220 1
1720 1
971 9
931 4
2040 1
860 0
931 8
2040 15
950 13
1050 14
2660 7
870 4
880 5
1770 3
800 11
890 6
4600 13
1000 3
990 1
1810 11
800 3
1060 4
2510 14
1010 13
850 4
930 7
1580 6
830 8
820 1
1660 6
880 10
930 6
1540 6
930 5
770 5
1570 5
900 7
780 8
1580 12
900 0
870 3
2000 0
820 9
1060 2
1480 4
830 9
1070 12
1950 2
960 8
910 14
900 5
1740 0
820 9
900 0
1860 14
840 6
910 13
3140 3
900 0
930 10
1771 12
991 2
851 2
1620 0
820 2
969 9
2460 3
951 8
1251 8
1700 1
909 15
929 6
1580 7
991 7
1009 9
1000 4
1690 3
780 1
1050 8
1770 3
820 8
920 0
1650 14
970 0
950 13
1940 14
930 8
940 13
1720 15
960 10
860 4
2330 12
870 0
910 14
1810 3
820 8
730 15
1790 2
1010 8
810 10
990 14
1970 3
780 6
900 12
1830 2
910 1
1060 13
1740 4
990 7
930 4
3210 0
800 0
970 12
4640 0
900 13
1020 5
1620 3
870 5
1010 6
1670 7
1040 7
900 11
1640 4
860 8
810 6
1690 15
820 10
960 10
831 13
1740 9
920 10
900 12
1920 2
909 10
860 0
1589 1
891 10
960 15
1780 12
980 15
980 12
1650 1
900 5
860 3
1730 8
830 8
900 0
1680 12
870 1
960 14
1930 4
960 4
860 15
990 13
1890 12
830 14
910 15
1710 11
980 6
930 13
3330 10
930 11
940 8
1560 15
900 11
880 4
1790 5
910 12
900 3
1700 0
850 3
850 5
2090 0
930 8
970 6
1610 12
1060 0
930 11
880 14
1610 2
860 7
880 3
1630 5
860 9
970 8
1880 13
950 4
950 2
1660 14
880 5
960 11
1780 9
970 7
1040 4
2369 15
820 12
1049 9
2300 6
1051 3
951 15
1751 2
820 4
951 15
811 4
1751 8
940 7
900 5
4429 2
1010 1
860 12
1770 0
890 2
960 14
1670 3
920 6
1030 10
1720 8
950 11
930 9
1710 0
910 8
880 1
1670 13
830 2
920 1
1860 13
860 5
850 6
850 4
1580 9
840 15
900 9
1730 1
1110 0
910 7
1620 7
880 7
900 4
2430 7
920 7
960 9
1620 5
1010 8
930 4
1870 11
950 9
900 8
1800 14
950 1
930 6
1550 8
830 0
920 12
1600 8
930 4
910 11
1040 5
2130 0
980 12
840 3
1550 15
960 7
851 8
3040 3
969 10
949 2
1640 8
911 8
791 8
1800 8
880 3
849 11
1789 2
940 4
891 13
1629 12
889 10
970 3
1680 10
810 10
940 4
850 7
2590 11
1000 5
920 11
1720 10
950 5
890 13
1730 2
980 15
1030 10
1830 7
810 5
920 7
1630 5
830 3
910 5
1730 2
840 8
920 1
1610 14
960 14
880 8
4270 9
900 3
910 9
980 12
1820 1
850 6
890 13
1850 4
910 14
890 7
1800 1
830 10
790 2
2120 11
940 2
930 1
1670 13
1080 12
950 5
1610 0
860 5
900 12
2420 8
810 5
900 5
1979 8
969 15
869 2
949 15
1729 2
869 7
891 6
1631 7
1180 9
831 11
2000 3
820 4
949 15
1800 9
831 5
900 2
1839 4
930 13
830 5
1790 8
860 1
830 6
1820 11
770 3
1020 11
1710 13
1000 10
910 4
870 15
1740 4
950 10
900 15
1530 12
840 3
910 8
1810 8
1050 12
850 0
3580 10
1000 15
910 9
2790 14
900 7
910 10
1880 0
840 2
860 12
1720 8
870 10
840 15
1780 13
930 15
840 3
1650 4
850 14
770 10
970 2
1690 13
830 4
930 15
1780 7
900 12
970 5
1950 1
930 15
1050 7
1800 15
1050 14
860 3
1609 5
960 7
880 13
4400 8
980 7
920 3
1651 9
931 5
971 9
1911 15
980 13
880 15
960 5
2440 14
960 5
1120 3
1690 4
900 8
850 14
1650 0
1030 11
1000 3
1530 3
830 1
890 7
2110 6
820 11
900 11
1650 14
980 15
870 7
1640 8
1040 4
890 10
1740 7
910 15
850 0
960 6
1940 11
900 4
820 7
1720 9
1010 12
970 5
1720 11
820 1
780 10
1650 11
1000 2
860 8
1620 6
1060 9
990 6
1610 0
960 1
1050 6
2370 0
820 14
1010 2
1550 5
970 10
950 2
980 13
2090 4
920 10
910 11
1660 1
940 1
980 14
1951 10
851 7
931 8
2809 2
920 11
871 11
1960 6
929 9
909 1
1840 11
911 13
880 9
1809 13
930 0
880 5
1730 14
920 7
880 15
780 4
1940 10
870 12
910 14
1940 3
920 15
880 9
1640 11
860 15
860 3
4730 6
910 10
980 13
2490 14
1010 11
1020 7
1640 4
960 6
970 4
1820 14
880 12
910 2
1710 1
1050 2
880 14
1870 0
830 14
860 3
910 14
1860 11
900 11
970 8
2010 3
900 1
990 3
1640 11
910 15
990 15
1940 14
920 6
800 7
1620 12
930 10
990 8
1590 12
860 3
880 5
2111 3
929 3
880 3
9220 15
951 9
951 10
891 2
1860 11
871 13
1020 12
2460 12
920 4
940 11
1950 8
920 6
830 15
1690 1
910 10
840 8
1730 11
960 9
920 0
1610 13
850 8
850 13
1790 0
920 8
990 8
1770 15
900 7
930 4
930 15
1770 1
890 5
840 4
1620 2
800 4
960 14
2310 7
990 0
900 6
3270 9
940 9
910 10
1810 5
870 14
950 15
1830 4
940 8
770 10
1910 15
960 13
1000 2
2650 13
1320 1
920 1
920 4
1680 10
850 2
910 4
4559 1
869 0
920 13
1671 13
1011 11
791 4
1589 5
949 8
860 3
1680 10
909 9
909 14
1740 14
880 7
891 3
1560 4
930 11
960 5
1570 13
840 4
970 5
870 0
1800 3
970 8
920 1
1940 11
910 11
900 0
1600 10
870 2
900 1
1780 8
960 8
850 6
2030 8
830 9
850 12
2590 9
880 5
840 15
1760 6
900 7
1030 7
1780 4
900 7
840 14
1690 2
920 4
800 9
850 8
2030 9
840 3
900 6
1570 0
980 12
800 6
1670 5
870 13
1010 0
1780 0
910 13
900 10
1760 7
800 1
1000 9
1600 6
890 2
890 10
1620 4
989 12
949 14
1649 12
811 5
851 5
960 6
1820 11
860 5
1100 14
2689 1
1000 13
889 7
1680 13
931 5
860 3
2830 9
1100 13
860 12
1730 6
1080 2
1030 14
1690 9
920 0
910 7
4440 3
840 11
900 5
1750 15
1060 2
880 4
910 13
1590 12
920 13
830 12
1450 9
880 13
830 2
2000 10
920 7
1110 7
1860 0
870 1
1080 7
1770 11
870 0
830 0
1650 9
940 11
1180 0
1850 1
880 9
980 12
2690 1
930 4
1100 15
840 15
2080 14
1020 8
1060 15
1490 0
1100 2
870 3
1740 12
890 10
960 14
1589 13
1360 10
900 9
1640 4
920 0
800 8
1720 4
931 3
900 14
1749 7
791 4
960 3
1749 9
1020 4
840 2
1051 1
1730 15
1010 7
950 12
1580 7
940 13
760 6
1970 4
830 3
860 6
1860 4
850 11
860 12
1730 1
880 15
880 11
2670 5
920 4
810 8
1800 8
890 1
870 6
1740 2
950 8
880 7
1740 7
1050 0
780 14
1230 3
1610 13
910 7
850 11
1920 10
950 9
870 5
1690 4
980 8
990 12
2950 12
860 10
900 7
4660 6
1000 0
970 10
1670 7
1000 11
890 5
1660 2
930 3
820 2
2110 6
1039 4
869 12
800 8
2511 1
860 3
900 15
1660 11
911 14
760 6
2820 6
900 1
880 2
1660 8
960 7
940 3
2040 3
990 14
1010 1
1670 1
890 0
970 11
1480 6
870 1
840 13
1810 3
890 10
890 11
850 4
1910 5
1030 9
990 2
1660 5
900 12
970 0
1630 13
1010 9
850 1
1720 10
840 10
1000 12
1650 11
800 8
980 0
1780 13
930 5
820 9
1570 9
810 11
830 9
1720 8
860 14
1000 4
910 3
2460 2
850 3
1050 12
1720 10
910 7
980 8
1770 12
940 2
1050 9
2140 2
940 9
900 7
2080 4
890 11
900 12
2090 15
911 6
980 15
1680 6
871 12
900 10
1980 10
931 14
929 6
920 7
1600 4
871 4
751 6
1580 14
889 7
920 3
1531 15
830 15
880 11
4730 5
940 2
890 13
3410 4
1090 9
910 10
1670 8
980 10
1030 9
2490 7
1080 2
1100 0
2180 14
1020 7
900 15
1610 9
970 10
1010 12
930 13
1740 7
1000 2
940 5
2720 15
1020 11
870 7
1900 7
930 14
970 1
1640 5
880 14
1010 3
1850 1
920 13
810 14
1740 11
830 7
1040 4
1890 14
1030 12
1020 0
1750 6
930 1
850 15
910 5
1630 13
830 5
990 14
1660 14
1069 9
920 13
2631 11
920 0
1020 15
1931 4
871 15
931 14
1591 7
940 9
860 7
1800 4
949 5
840 9
1590 10
1080 2
1070 14
1810 4
980 8
950 15
1120 1
1590 5
970 2
880 13
1770 10
850 8
900 10
1600 3
870 5
900 2
1630 4
990 0
960 7
1710 5
890 14
820 6
2170 13
940 5
920 0
1730 12
870 1
1250 4
1600 7
960 12
1010 10
1050 9
5570 4
1050 10
870 5
1800 14
760 9
1110 13
1600 6
900 15
900 15
1630 8
990 0
880 2
3220 0
930 13
950 15
1670 0
980 9
990 0
1809 4
971 2
929 2
1809 10
909 14
849 5
900 4
1611 5
1060 8
1100 14
1851 6
951 10
891 7
1700 14
969 3
989 2
1600 3
790 10
900 9
1850 5
1020 15
940 5
1760 11
870 14
950 1
2570 1
1070 7
840 4
1700 8
990 15
920 13
2670 3
990 2
820 15
850 11
1720 9
900 12
830 6
1810 12
820 5
890 10
1600 9
980 14
950 14
1990 10
840 11
1000 9
1710 13
870 15
960 8
1610 5
910 8
860 15
1640 11
970 5
1030 8
1830 14
920 1
790 11
980 3
1740 1
920 2
960 13
1850 4
980 9
920 9
1840 2
1020 15
920 5
2471 3
860 11
860 14
1651 6
1051 13
1031 13
1680 7
1051 11
840 3
4680 1
1089 3
889 9
1879 7
930 2
920 10
850 13
1720 4
840 7
960 13
1640 3
850 12
780 15
2290 14
880 10
1000 2
1960 5
1010 8
890 10
2860 2
1040 9
990 15
1850 8
980 9
950 5
1760 8
980 2
870 9
1940 13
950 12
980 2
1030 1
1630 11
880 9
960 11
2600 6
910 1
870 11
1760 13
910 12
970 2
1630 12
880 0
880 10
1880 11
850 5
940 7
1500 5
980 8
960 5
2060 1
890 11
830 13
1600 13
1060 10
840 12
909 6
1709 15
991 13
940 5
1640 1
891 8
989 11
2011 7
960 2
869 7
1840 2
1080 10
889 7
1920 1
891 1
830 15
1820 0
830 8
870 10
1760 4
940 7
890 11
2850 1
860 14
860 6
1830 15
1030 6
960 0
840 7
1850 13
910 11
930 9
1650 4
1010 14
1040 14
1700 9
910 4
950 7
1700 3
840 9
840 1
4190 9
1080 6
980 11
1770 0
890 5
1170 7
1650 9
1000 3
970 11
1950 7
910 7
880 2
980 5
1740 0
840 1
910 13
1770 10
880 1
940 7
1610 1
940 4
910 3
4240 3
979 10
869 13
3240 6
1080 5
949 14
1789 12
840 9
880 0
1820 2
960 9
900 12
1780 9
940 5
840 1
940 2
1820 1
820 5
890 9
2040 9
910 9
890 8
1770 1
930 0
910 7
1590 4
960 13
1040 4
1650 4
950 12
880 0
1750 9
840 15
1020 0
1650 4
820 8
1060 13
1770 11
1050 7
890 2
810 10
1680 7
870 14
1000 6
2590 8
1020 3
890 10
1870 8
1000 4
1000 11
1730 15
1210 15
830 15
1830 10
920 11
900 10
1640 9
1010 3
790 10
1690 11
910 9
880 0
1680 9
1040 0
930 3
1110 6
1610 7
1030 8
7189 15
1820 6
911 11
960 0
3800 15
891 7
971 7
1580 10
940 12
1029 12
1850 5
1110 6
870 2
1550 2
890 0
880 13
2070 6
960 14
970 6
2220 14
910 7
950 7
1780 5
930 8
900 4
950 4
1580 12
1020 0
940 12
1660 15
850 6
980 9
1690 10
1010 2
890 10
1980 2
870 8
1000 8
3720 7
900 12
1080 6
2110 11
880 10
950 6
1850 10
960 8
870 14
1710 3
990 1
810 8
1110 14
1670 9
900 7
920 5
1800 1
1090 6
910 7
1710 9
1000 6
1010 14
1530 13
900 8
860 9
2360 2
811 15
880 8
1760 5
940 13
880 4
1820 4
1000 2
951 0
1769 14
1040 13
1009 14
1029 1
1811 0
960 4
900 3
1840 8
900 14
890 12
1570 6
990 10
840 5
1740 4
950 1
880 2
1750 4
900 5
1020 9
2120 13
910 12
840 12
1680 14
1030 11
1020 14
1750 14
900 9
880 5
1080 0
4920 13
950 3
940 13
1630 15
1100 6
960 13
2220 15
960 7
900 6
1690 4
860 12
890 3
1790 4
880 14
1040 7
1630 9
890 1
900 14
1860 8
860 9
970 8
1670 7
870 12
870 6
940 0
1700 6
1120 7
830 12
1670 0
869 3
931 11
1640 14
1029 12
1109 3
1711 12
880 2
860 9
1931 13
980 15
920 13
3080 7
900 0
920 14
1789 12
830 9
1010 3
1870 2
970 4
1080 3
2710 14
910 15
900 0
1080 2
1630 10
950 13
1070 4
1640 7
840 14
920 11
1700 14
930 8
900 11
1910 0
1030 1
890 2
1590 3
890 8
1000 14
1770 7
850 7
1050 0
1490 6
920 0
990 13
1810 6
990 5
990 14
990 14
1670 1
820 12
1110 15
1960 6
990 5
860 2
1500 13
950 3
840 2
1750 2
900 8
870 7
1490 8
890 9
880 11
2770 6
1010 8
810 8
4580 6
920 11
960 8
1700 8
840 2
1060 13
989 15
1760 8
891 0
911 6
1640 4
940 10
960 14
2199 1
840 12
1160 9
1820 14
860 10
1000 14
1870 12
850 7
950 11
1800 11
880 4
880 6
1720 12
860 4
830 8
1750 14
1100 7
960 7
920 3
1820 15
840 11
810 15
1970 15
920 8
1050 2
1830 9
880 4
810 13
2240 11
1050 13
980 7
1710 12
1110 3
1270 2
3100 7
930 15
790 3
1540 12
1030 8
950 2
2010 0
930 2
930 8
930 12
1580 10
940 14
830 8
1610 12
830 1
900 4
2170 3
950 14
870 0
1699 3
949 8
989 5
1789 2
840 4
860 2
1780 12
729 1
969 3
2089 9
949 0
969 15
1820 11
971 9
851 11
1540 7
910 13
1000 3
930 4
2680 5
950 6
1020 9
1630 2
890 6
930 14
1810 10
970 8
910 6
1690 14
910 10
850 12
4350 10
860 0
900 13
1760 4
850 13
880 13
2030 13
910 4
910 1
1560 7
870 4
910 12
950 13
1790 12
830 5
900 1
1890 12
880 7
1010 2
1710 1
1080 11
930 8
1780 15
890 9
960 14
2430 10
950 9
960 9
1780 5
870 6
970 1
2310 2
860 7
880 11
1720 7
899 8
980 15
991 7
1880 9
980 11
1031 14
1880 0
889 15
960 6
1811 4
1011 2
971 10
1711 3
860 9
940 2
1610 12
990 11
830 3
3450 9
870 8
920 4
1650 7
1010 12
850 6
1760 8
980 6
820 13
940 13
1730 6
930 11
920 8
1800 4
1000 4
1000 12
1990 2
890 8
1010 4
1970 14
900 12
930 10
3010 15
980 14
1010 4
