34319 2
26519 0
23030 11
23280 5
23609 6
23829 4
24220 6
25540 2
25569 2
30650 3
23690 8
23960 0
23359 9
22750 0
26680 2
24360 8
24029 7
24890 2
23960 7
23270 9
23079 9
24369 9
23550 1
23260 4
23110 11
25649 2
24470 10
22090 9
23890 5
26129 2
22780 1
23390 9
24170 4
23060 9
24060 4
23980 7
25110 11
25089 1
25889 3
22590 5
29280 9
25039 9
23679 11
24220 6
24090 3
24740 6
24799 8
23400 3
25410 10
24130 1
80579 0
53170 5
49969 3
51290 7
52129 10
50750 11
54829 8
50320 0
50629 10
49300 5
50259 0
50450 1
49869 11
59790 2
61739 1
53069 2
52589 10
52170 11
64289 2
51709 0
56500 8
50869 9
55880 3
51579 8
53160 6
52519 0
51250 8
55649 7
51410 1
54499 3
56480 1
50499 4
57120 10
55600 2
56069 2
51140 0
57719 10
58280 0
51039 7
55330 5
51619 5
56259 8
50769 10
57070 10
49959 7
54109 3
51349 3
56009 7
56350 4
49479 9
80029 0
60199 3
58439 6
56549 5
58230 11
54220 7
54129 6
80450 2
50910 3
57420 5
54850 10
52799 5
53100 11
56429 10
53050 9
55219 9
60760 7
55839 4
52180 10
64770 2
51149 9
57780 6
50399 1
52000 9
54109 11
53890 8
56999 2
54310 2
51249 0
52609 1
55299 11
59320 1
55180 9
55029 4
62250 2
55989 5
57850 10
55269 5
55280 4
52030 3
51329 0
51980 7
56839 10
52350 0
57279 1
53860 2
50829 6
52210 4
57719 6
56669 8
57399 3
51150 8
50479 1
51690 6
54589 4
50840 7
55459 3
57690 2
53099 11
54429 4
53620 10
54709 11
50950 11
53879 4
55840 9
55349 6
48940 8
55119 8
86349 5
55370 1
51229 10
52210 0
54489 9
55810 7
52399 1
54470 0
52629 8
52669 8
55420 5
49159 7
53679 6
52719 3
61209 9
59129 9
58780 11
53479 8
61339 11
54840 7
60329 2
51220 4
55879 9
52440 7
52469 6
51530 6
54099 0
49380 7
52459 7
50940 3
53279 11
50520 5
68869 3
55729 4
53019 3
54279 5
53280 4
64619 2
50060 11
54699 10
56400 9
52399 6
56089 3
52849 4
55389 7
52429 9
56159 5
52330 11
56399 9
61220 7
52859 7
58439 2
53590 0
55270 2
48509 11
55080 10
54720 1
55159 7
52830 10
57619 2
49030 11
54789 10
54470 1
54159 4
53849 4
55040 10
52350 10
55379 5
58049 8
55460 5
55499 4
56110 10
54739 6
55910 6
55209 11
51819 0
54280 7
50980 1
54410 11
50099 7
54499 1
51990 11
81549 3
49690 4
54459 9
55790 0
54069 3
55300 8
52439 3
57240 1
50700 7
59010 2
48469 3
52759 8
52720 9
53759 2
50189 5
53989 7
51290 7
64969 2
48160 2
48149 2
47960 7
53759 3
54780 1
50239 6
72199 2
51219 7
54030 6
56100 7
51579 4
58790 5
53629 6
53260 8
54959 10
53990 7
55369 1
54640 3
60529 10
54709 4
60269 3
50529 3
54840 10
60659 2
55540 6
56149 9
53860 11
52540 3
54409 0
53459 9
53349 3
55019 1
59370 0
56039 0
56480 5
57849 9
61839 2
51999 1
56489 2
49660 6
52470 10
56089 4
54819 3
57440 11
54749 0
50910 8
51809 0
60269 2
51350 10
58680 4
56599 8
55799 2
51130 3
56479 11
52660 0
55459 7
55160 6
57009 11
52180 10
53659 11
56359 8
52359 0
55829 4
52850 5
59669 2
55080 5
66419 2
60739 4
62819 5
62259 0
56060 8
55879 0
57279 0
51239 5
56650 4
57259 4
58539 10
52740 7
53999 0
54660 7
58119 11
57440 7
64869 3
57150 10
57009 4
51919 7
55139 7
52999 8
57460 10
51049 11
56210 1
51969 11
57190 6
52689 3
56250 7
51369 3
55580 8
55070 6
55880 1
57089 9
54259 10
53100 5
55079 10
51650 0
55019 0
53920 9
55349 9
50700 5
56600 10
58869 2
50279 7
51719 3
56660 11
55339 10
54740 8
55569 0
51310 11
55879 10
61549 9
59790 2
53109 4
59980 2
50039 6
57140 4
58839 2
49889 2
48620 7
56560 11
54189 7
58849 2
52029 3
58709 4
58589 6
55259 0
52410 0
55130 3
54840 4
53759 3
57549 4
53440 3
54769 7
54580 6
57739 1
52080 4
56219 7
54279 11
56520 5
58080 2
59849 6
58739 8
56840 11
52719 4
57990 3
50160 8
57760 0
57149 3
57579 4
55550 9
57959 7
55050 10
56579 7
54249 10
54959 4
50700 6
55049 8
57039 6
56019 3
56159 8
54770 0
49079 5
52870 10
56569 10
52420 10
54589 11
52620 10
56099 7
56230 3
55149 9
50529 7
55240 4
52959 8
53140 0
61020 9
53559 4
52470 9
54969 7
58890 2
49229 1
51390 6
56089 7
55920 10
55469 8
56970 4
58890 11
53920 5
55940 7
55339 1
57740 11
53819 6
62330 10
56539 4
56549 6
54050 8
55879 11
52210 3
57529 11
56870 11
56659 6
57580 9
53919 6
56030 11
54210 6
56849 8
56430 4
57209 1
55400 6
55809 0
58819 0
56229 1
57239 2
55740 11
52069 10
59020 2
49779 3
51830 8
56779 6
51429 9
51899 0
55430 5
54599 7
57069 4
60070 2
