26999 12
13710 7
5430 14
11830 7
6620 15
5840 1
2320 6
3880 14
5130 5
5390 12
5519 4
6809 5
6999 3
7690 9
19380 0
440 6
4510 9
310 6
4310 5
8290 13
4770 8
3540 14
3620 12
5769 2
3640 12
3540 15
5160 2
4630 13
6600 7
400 6
7170 7
3140 14
4070 7
5630 2
5369 3
14670 0
3150 14
9050 0
3070 14
6620 10
2440 6
3730 11
6710 7
5070 13
3510 13
5049 8
6189 2
6900 1
4020 5
6810 9
4990 0
5040 0
2760 14
7050 4
11280 7
4769 5
4000 8
4129 5
3580 10
520 6
4429 8
3570 0
3580 10
6380 12
3790 7
4720 14
3900 2
5420 0
5000 3
9560 10
5551 9
6840 4
8289 0
3870 9
15460 10
3760 5
3660 11
9640 1
3700 5
6229 4
10580 5
4280 3
390 6
4990 9
3550 8
14160 9
340 6
3560 8
6830 1
3550 11
5080 8
6000 0
3291 8
2709 6
4320 1
6680 5
5209 2
7091 15
7109 13
5410 9
5480 0
10010 12
6330 11
10890 3
4420 13
5079 11
4569 2
2671 7
5191 13
5400 0
6730 13
105779 8
4460 4
3640 5
7489 13
4730 5
3660 7
3940 2
5130 7
8770 4
7270 4
9759 12
3771 7
3431 14
3920 0
10720 15
4750 11
4330 10
3730 14
3300 14
6700 1
6390 7
5030 3
5210 2
3131 12
5540 8
6389 8
5440 8
4110 0
6400 5
3210 3
3880 9
3450 13
5860 4
3100 13
8810 9
360 6
4060 1
3400 7
3540 8
2960 15
4990 2
4350 4
4420 10
4310 0
6120 10
3950 0
4460 8
4610 10
3350 14
330 6
350 6
4660 3
4590 10
3429 1
8709 12
12430 5
4240 13
4330 13
4270 5
6870 8
10910 15
4080 14
4510 13
5240 10
5869 5
4410 11
4460 15
1908360 7
3560 0
4870 4
380 6
5780 5
18679 8
329 6
3900 12
3500 0
5289 2
3370 4
4500 8
5520 7
1039 6
4070 0
18800 5
7460 2
4250 2
3310 14
4020 9
2530 7
7920 9
6491 1
5159 3
350 6
3960 1
4110 9
3470 9
14080 1
5740 12
2870 9
5240 5
4160 1
5999 1
3511 12
4751 9
5379 2
3000 7
5600 2
380 6
4630 13
4330 12
3600 0
4300 0
4270 12
2760 7
4480 11
3190 9
2930 7
3729 8
4200 3
2840 11
3280 7
3140 10
3350 14
5060 1
4460 8
3610 8
3130 12
4040 1
3820 1
2900 12
6820 5
4340 8
630 6
9929 9
2480 7
3429 4
6220 0
3100 13
4870 8
3420 13
6090 9
6040 5
4230 13
4390 5
5050 15
340 6
3960 12
15800 2
7749 12
3820 2
3720 2
4230 5
4730 9
5250 1
12850 15
17820 12
4729 9
5049 2
390 6
4040 13
4970 12
6580 4
7750 9
11470 10
3180 14
7729 11
6211 8
5131 9
4820 14
20260 10
13040 4
5710 15
3860 11
3989 10
5331 1
12390 15
8150 2
4290 0
4010 7
5511 1
4649 12
4299 8
5560 3
2930 6
7300 3
4060 13
3800 1
15200 8
5050 0
3469 0
6991 4
3360 8
3589 12
3260 12
4760 9
5870 3
7290 1
5540 1
4190 5
5570 3
4450 0
6069 2
5571 1
10749 2
4240 12
7870 11
3350 7
6150 12
6780 13
4620 1
630 6
4830 15
8660 7
4620 3
4629 14
3290 3
10780 5
3340 15
2850 7
3190 14
4300 0
6020 9
3410 15
4930 0
3540 14
3690 1
5129 7
4060 11
3391 8
3780 11
3480 0
4280 11
7470 3
4550 2
4220 0
2880 14
4600 2
3640 11
5230 10
2820 9
3090 13
4049 2
3880 1
3369 15
4169 3
3490 11
5780 3
3880 5
3730 9
3560 6
3670 3
3530 15
3270 3
3140 9
4860 3
3620 11
2960 10
3709 5
4831 11
2851 10
3660 0
2044938 8
3880 1
6870 7
3430 14
21040 8
4700 5
5050 2
7340 4
4800 5
5750 2
7720 1
4560 9
5340 4
4820 5
6890 2
6740 2
4220 3
4300 5
10089 7
4379 8
3230 12
3720 4
10710 1
6610 7
7350 2
13470 3
5460 5
3320 10
3969 10
4799 10
3870 14
6820 13
5560 9
3600 1
19060 9
5970 3
4130 5
3309 8
4111 0
3429 8
4330 4
5630 14
7160 7
370 6
3960 11
4770 5
3800 10
4940 9
3130 3
3090 4
3440 15
4639 0
5271 11
7019 12
5750 5
5780 11
3480 11
4970 1
290 6
3400 4
3770 2
3680 7
4770 3
3050 9
5510 12
4640 9
2489 7
4869 8
3180 14
7669 6
5880 5
290 6
600 6
5720 11
3610 10
2700 7
3910 9
3800 1
340 6
5780 13
4260 13
7510 12
3960 5
4520 15
560 6
12800 2
5070 4
4290 0
4080 5
480 6
10500 4
5370 0
7670 11
6559 3
4220 3
4589 1
4060 14
6510 13
3630 12
5560 15
4910 7
2770 9
3850 9
3890 10
4630 12
5509 12
4111 4
6200 5
429 6
5370 10
5090 2
3390 9
2750 7
4420 13
8650 15
4230 14
4140 10
4100 5
688559 8
4150 12
7000 15
5350 12
14140 10
360 6
5990 10
4410 8
3620 3
4080 4
4420 0
290 6
4430 0
5320 4
8660 3
3450 0
7968094 1
7269 14
4150 10
4020 2
6060 3
360 6
5380 0
17960 14
4840 4
3730 8
3590 12
2961233 15
12900 1
8620 11
14450 1
2990 15
8570 10
4380 3
3720 10
4650 12
3970637 0
4290 12
5600 1
6630 5
4300 7
7739 3
12539 13
4450 12
5730 15
6310 9
410 6
460 6
4350 12
3650 11
5660 15
4080 8
8760 8
7299 10
16189 3
5170 0
3200 11
4460 8
4570 10
4210 1
8110 11
7390 2
3580 0
6640 5
6109 14
489 6
4780 10
3290 3
4980 7
3740 9
3880 3
4610 15
4650 5
6340 10
6360 15
4650 11
5450 1
6020 8
5879 13
4820 15
7630 15
5020 13
4940 2
4180 8
3610 1
5950 1
3420 12
410 6
4050 9
4229 12
7260 3
3420 9
3240 12
4200 4
4660 10
5560 1
7560 8
3720 5
350 6
4300 10
9750 11
280 6
6129 4
2980 5
4349 3
4779 11
5070 0
4330 0
6560 3
4020 8
3550 8
5740 11
4570 4
5730 12
3570 9
4539 11
4351 1
39789 14
6610 10
4730 8
4050 11
3239 5
3791 9
50509 14
12760 14
3400 6
2780 7
3459 8
5140 13
4250 11
5590 14
3140 11
3750 14
850 6
4420 4
9400 4
3850 11
5340 2
3549 5
3360 8
3520 1
4280 1
6859 10
4930 11
5960 10
3590 9
3760 4
7000 14
3390 8
4920 1
3960 0
4370 9
310 6
5359 15
6020 5
3991 11
4809 9
320 6
6900 14
4050 4
4660 14
7540 4
6340 2
500 6
4280 14
460 6
5080 13
4340 1
4359 8
5100 0
17609 4
4050 14
330 6
7900 11
3460 5
4090 8
4640 4
10030 0
4480 4
6240 12
7470 5
4280 11
3740 14
6410 11
4430 2
3370 5
4290 15
5160 13
4939 1
7440 7
3300 15
5269 13
3830 12
1769542 12
3120 7
340 6
8030 1
4510 14
3090 7
8370 9
5560 1
10640 11
5831 5
4700 9
5853647 4
8460 12
5810 12
4600 13
3911 8
3371 3
4550 10
4210 11
4240 1
8200 13
3690 15
4310 3
8970 8
4240 1
4980 4
4730 3
6480 13
4220 1
5429 2
4280 10
4770 15
4770 13
4460 8
7260 14
4550 8
3800 7
3850 0
6539 11
4151 8
9340 14
350 6
4000 2
3390 8
550 6
3940 11
5380 12
7380 11
3860 7
4430 0
3300 7
3280 11
4230 15
3960 15
4909 11
7540 8
4519 14
5370 10
4140 15
4580 8
6310 0
350 6
4450 11
14700 13
6360 11
3180 7
2411 6
4629 15
6079 11
9280 2
4220 9
4850 4
7710 1
4580 4
2410 6
5270 8
6080 2
4139 3
3720 5
3760 8
3790 8
5310 13
3300 11
4609 11
3860 15
3340 1
4040 7
3950 7
4490 1
4480 7
4150 15
4140 7
3830 11
4490 11
3350 7
6310 8
4520 4
5160 11
4649 2
3269 7
3931 10
11269 13
10120 7
4780 5
9020 12
3830 5
2730 7
4270 2
10989 3
5369 2
3240 8
5020 13
5590 14
12340 15
4660 5
9320 9
3920 2
9360 1
3500 8
3580 10
36089 13
3610 12
13000 1
5809 4
4320 14
4591 9
3930 9
3850 15
4050 3
4650 10
3570 2
4880 2
4140 8
6570 5
4970 3
3460 15
370 6
4110 12
3659 0
5869 1
389 6
4791 2
340 6
5749 10
5130 2
11950 2
3680 8
4110 4
6680 14
4440 8
4370 0
3900 13
5149 11
8739 11
700 6
3690 13
5620 8
4780 7
5880 12
3370 8
6450 11
7400 13
4970 4
5290 5
5069 15
3511 10
8809 0
5520 11
3550 10
4790 1
4430 12
6620 3
3930 8
4310 7
3940 3
4200 4
4630 0
5640 5
7830 5
7080 2
6250 12
4199 10
8231 12
4489 7
3979 2
4360 3
4550 14
3480 11
3970 4
6300 11
4430 14
3070 5
5930 10
5160 10
4579 2
4729 12
5971 12
5269 2
5510 5
3650 13
4240 7
5340 11
430 6
4680 15
3870 2
4420 12
5120 2
3650 9
8670 5
4011 15
5151 11
4149 4
5010 11
3200 15
3780 4
4260 10
430 6
5200 2
8900 14
7610 1
4190 2
3720 2
4709 13
3771 15
9399 9
5660 13
4320 4
4050 4
5320 14
11880 1
4900 9
3310 15
4650 9
5009 2
5571 12
4999 0
3870 2
3740 2
3530 15
3680 2
3470 10
4880 7
3900 5
7780 11
4390 11
5000 1
3880 2
4910 13
4140 11
4551 0
6339 12
3850 13
4680 14
5330 12
4070 4
4590 11
4350 4
420 6
3740 7
5220 10
4100 15
4160 9
5111 8
3809 7
3640 8
4060 9
3970 11
5730 0
