159239 4
116609 10
105339 19
109379 15
111930 20
113839 9
151349 5
103179 12
116239 5
104260 4
122348 12
114530 8
124659 15
109679 17
127309 13
107569 21
114900 9
114429 1
108909 17
109409 10
110039 3
107210 14
103770 19
126939 3
106839 0
109749 23
119359 18
118250 13
125659 12
111859 8
107619 4
108689 3
117760 10
112069 13
116709 9
104079 6
114259 15
121109 20
115690 7
119649 17
123229 21
109989 22
125749 4
120149 1
120700 1
118410 18
115680 4
117589 11
129409 2
129949 8
114439 6
118309 16
123810 10
122839 15
123008 10
125580 19
122719 9
126089 23
129529 3
121119 19
130909 10
128699 4
131969 15
128759 11
125669 12
128970 4
123489 20
119649 4
129299 12
127519 13
126079 15
129759 20
128649 19
139989 20
128719 1
126459 23
126699 3
124428 21
119970 7
126029 10
146789 17
120129 8
120889 19
127129 22
130429 3
135089 1
124379 20
127809 18
169089 6
118529 20
120069 17
115940 6
117030 23
123549 13
117149 21
121709 20
128819 8
119209 2
110890 23
117930 17
119069 19
127189 10
113109 18
158059 21
133379 22
112579 17
116109 7
112629 2
116870 12
115030 6
115739 3
115629 4
122779 14
126219 14
117719 1
117388 19
120499 3
119779 9
121339 22
121589 15
122989 4
125079 17
114200 9
110760 5
116809 2
112959 5
111799 21
110460 3
116630 9
118939 14
130539 4
113089 14
129289 23
112699 8
124520 17
130428 15
124410 11
115299 16
127119 6
113099 6
119629 8
111729 9
116849 13
119279 15
116649 2
114539 7
116919 22
111509 11
115540 11
113570 1
125579 15
112239 3
121109 13
112209 0
118079 3
121780 15
109539 0
116399 4
108849 8
125979 14
121069 23
112660 10
113029 3
114589 19
127509 1
113419 10
123169 10
120389 4
130650 2
118250 20
113140 20
115059 16
174519 3
118859 17
129899 4
128229 2
130829 11
123919 3
125899 8
138329 23
124589 3
139339 0
127879 19
123970 19
125490 12
121409 12
123429 23
143119 20
129339 10
130239 19
123859 13
134769 21
119889 6
136189 7
127869 14
137449 22
125319 5
123850 8
120199 10
123089 18
119149 4
119269 11
121149 7
129929 18
125719 13
122029 11
119819 1
117300 12
123619 14
122029 3
111409 10
130549 4
123449 7
127149 17
115099 7
129050 19
126639 2
120349 18
121309 5
132679 3
116239 6
116909 15
122279 7
117360 17
123349 11
115979 11
126379 11
138129 0
116849 13
118039 17
119460 5
121359 12
132048 23
122519 10
125319 3
133189 21
120749 19
119239 10
126729 0
136799 22
122769 19
120769 19
127579 5
151859 23
117579 23
121599 14
127069 1
119439 18
121409 7
123379 16
122479 7
183849 10
109549 19
111509 13
119370 11
118469 15
113249 19
114389 1
124309 4
123879 0
110599 4
118339 2
113839 0
119929 10
118659 6
116379 20
109659 18
121100 12
127619 0
101630 14
106539 15
112979 3
114979 6
112640 6
116939 15
108519 0
113139 22
114300 5
111059 17
117049 7
111309 9
111109 6
106580 1
103740 1
111019 18
106839 14
114119 12
105820 17
110470 1
108529 8
119129 19
104829 5
114089 11
123850 22
122499 13
121799 9
117639 17
122179 2
130109 18
159039 16
166509 6
166368 8
231008 10
198579 23
191838 11
196249 7
196238 15
199559 13
189198 1
201598 18
190329 6
202088 5
206239 17
196188 2
212799 4
206728 1
231028 23
212409 23
209389 21
210219 19
201639 8
286238 22
217319 12
216678 17
240628 21
250848 22
216658 17
235219 10
249588 0
242118 20
236498 15
242899 15
254349 5
326328 21
276467 0
287258 0
304178 17
308058 2
295158 14
294548 14
317277 11
286278 4
284808 7
292788 2
268278 3
297328 13
247138 11
286678 2
316748 21
279278 0
275068 3
286678 14
286158 23
267458 18
288488 6
244098 3
272708 0
296898 12
337707 7
235479 7
285588 22
269788 17
240818 17
239468 5
250379 13
246029 21
249458 19
270818 14
259068 7
265078 16
239898 11
251289 9
239568 15
253988 18
258108 6
270879 3
266407 4
281838 23
245828 20
279008 6
264908 12
275328 23
269358 6
270318 2
274268 1
251878 19
240238 4
248918 21
251519 23
232168 10
244098 1
232858 9
241148 10
259988 20
241738 1
265948 20
244019 18
295378 3
255149 19
247328 16
264318 20
250588 18
267998 15
285418 20
284688 1
277538 17
263748 20
271838 20
274978 16
267888 17
284338 12
283878 16
276188 13
258218 16
269869 14
276618 8
254107 13
281098 0
270487 5
281818 19
252339 15
283158 7
296107 5
267078 6
254388 3
284368 10
283118 5
247818 21
267378 10
272218 14
289888 11
252768 3
271088 9
293098 2
253218 11
266188 11
264679 7
286777 8
244708 19
242999 15
262818 10
266338 17
246678 5
243399 19
256018 12
267478 12
245228 18
242048 2
252258 19
265958 19
241608 19
232048 23
253158 17
271168 5
244449 8
250878 3
263708 9
291328 22
244388 6
247138 8
244938 10
262618 11
241549 20
264938 5
250338 19
259878 22
237779 11
236769 12
224228 15
271998 6
238779 1
252579 12
231788 22
293018 5
231728 8
236138 9
238258 2
254448 23
231058 9
225669 1
223539 4
242758 17
238309 5
227229 23
217728 21
248039 23
230808 23
275618 1
240488 21
269778 1
248638 19
249078 1
241139 16
257648 21
236948 15
263528 1
256978 0
282878 7
270288 0
268298 3
250728 23
266428 23
275848 14
265338 10
250368 10
272828 0
244358 9
251999 3
247038 9
265808 22
234998 2
256999 18
258798 9
307468 16
241488 13
249979 16
265248 11
250898 4
258338 18
250598 16
284848 14
245208 9
260798 19
244368 13
264998 12
250128 23
252088 12
246519 22
265998 7
272028 18
255898 13
266358 1
268778 5
281498 13
262338 9
268428 9
273508 1
248349 3
255668 1
283507 14
256618 11
262258 15
268838 0
269088 7
253758 0
255858 22
262658 22
270138 16
298218 10
252289 7
264729 0
259469 22
236848 23
263758 14
235419 16
252338 15
246148 4
245978 16
389177 15
268468 20
234389 8
245158 13
269748 5
278238 12
257568 8
283658 8
277318 12
272018 23
238548 19
251658 5
288527 4
249558 9
267799 5
253098 20
232358 14
233129 13
216488 5
227908 8
246809 23
334027 22
267718 11
279888 18
301048 0
309438 8
302568 11
258339 2
215578 1
212169 14
235398 7
242398 17
170069 4
180359 22
169399 16
169349 0
190739 10
174469 7
175698 16
171569 19
173939 6
167588 9
182899 8
175199 3
173919 3
171729 8
178578 12
173509 1
186539 9
186128 18
180779 22
186089 22
201808 19
202159 3
176809 20
184359 0
196119 11
182718 18
204878 21
173519 23
190378 9
192339 0
181919 12
196318 22
206339 12
184218 10
183259 4
192549 10
207698 1
197649 6
173749 7
184418 18
185749 16
199558 12
196559 7
190329 22
183158 10
187489 14
175219 5
178468 11
215269 23
171439 14
194668 4
193089 18
190309 18
250778 3
162770 18
183899 7
175559 7
177668 2
183848 22
174209 16
181579 6
371657 21
175539 16
193378 0
162069 9
181489 1
188619 0
174419 2
186449 7
163749 11
181829 21
182588 0
177169 11
177898 9
181068 5
158249 2
172409 6
166019 3
176709 11
353887 3
162279 2
183669 11
171759 18
170669 11
184909 15
169698 17
174399 22
162449 13
181558 21
179438 15
181869 10
162319 12
167229 1
164350 3
170908 11
177049 6
175319 20
186478 11
182069 23
176439 6
170539 15
194398 14
160729 12
160159 23
173899 17
171279 4
179769 22
247028 9
188109 5
177079 17
183939 9
187069 2
203709 6
185248 19
179499 6
179329 16
175048 23
194989 11
189068 6
189178 9
182099 14
180629 4
181108 2
192169 20
187719 11
178098 21
171229 19
194129 9
203998 1
183239 8
176149 9
182309 20
194729 11
177728 9
182119 2
176239 20
186558 10
183688 7
182209 0
194549 13
169738 16
183199 8
169009 5
203558 2
188269 3
188189 3
188789 16
178909 2
182659 4
199138 17
197879 3
172309 16
188218 7
174429 13
191179 9
213778 19
174729 1
188108 13
200029 12
183409 18
183099 14
171179 1
184559 22
177628 7
171439 17
177869 5
193649 4
177239 18
166099 19
173739 9
175229 16
181568 15
191039 4
159709 12
181648 16
169119 22
180779 22
175469 14
181139 15
162329 19
166799 1
187168 3
172269 11
179629 9
166139 14
169168 11
163358 14
176719 19
162679 17
189449 8
165049 13
172629 13
167599 6
171629 16
171439 16
177999 18
163989 5
174249 10
167678 18
185199 11
170289 12
192949 0
162078 23
165789 2
182199 21
168249 4
164968 8
183509 20
164859 10
175709 3
166628 11
173509 7
189579 0
169079 16
163378 15
167279 11
164069 6
197269 21
224098 13
171719 22
181818 23
189679 0
178389 4
197599 7
181039 13
180299 22
184839 18
179479 9
182009 7
198839 4
174029 6
185229 21
185079 18
190238 1
201819 19
186698 9
200689 20
179309 14
185638 17
206169 18
172849 19
198298 7
191809 11
179689 19
183499 7
190369 20
181019 12
196069 12
181789 19
181258 10
186059 13
202019 5
179358 1
185169 17
186219 19
194698 19
177999 8
184159 16
177878 20
186379 0
186309 10
187678 21
174699 18
188669 6
185008 16
173839 18
203659 19
184048 9
189219 8
183869 16
187778 12
186469 4
225388 17
171039 13
172549 20
162849 11
166648 7
177568 12
180319 13
174069 11
171269 16
175459 0
174109 8
176758 18
168988 23
174219 13
169419 5
174399 9
170678 20
184079 8
149079 15
152969 9
154369 13
143239 5
131039 4
141459 6
126659 12
142949 16
134359 10
134119 20
130729 2
135009 20
136069 0
140479 13
134129 14
137189 9
136749 14
130959 14
132359 5
134529 18
148889 16
145939 8
151249 13
159739 4
150539 14
154159 4
150448 14
151330 14
138150 17
142190 20
149559 22
145848 22
142629 10
162909 0
148509 22
152899 17
153789 20
141569 20
162439 2
147399 8
161659 22
152149 18
144789 5
149369 16
152669 14
142719 3
144309 14
162729 22
134969 1
136899 4
136899 13
136909 4
134069 19
144749 0
148109 11
134089 13
132619 4
138199 1
136729 11
133199 17
135549 22
151299 23
133959 15
140459 3
137229 17
139829 5
133169 6
131229 20
138699 0
133519 17
138229 4
136149 19
134999 15
131749 16
134649 11
138959 23
143739 5
130629 22
133849 10
135999 5
132649 13
138439 13
139979 2
135750 6
137268 7
136659 11
140249 14
132499 16
132039 11
134359 17
144370 21
130450 3
134479 2
134599 0
135539 6
132528 15
136810 2
136649 16
149559 23
139190 15
137748 1
137828 8
134450 9
136149 14
136279 11
150158 19
132419 17
136719 4
136919 13
134629 19
136099 20
143179 8
136409 4
112939 0
116219 20
126449 19
119909 3
119839 1
111939 13
115359 14
