20005290 0
3320 0
370 1
230 1
3050 0
290 1
250 1
2190 0
230 1
2000 0
2240 0
2370 0
260 1
280 1
220 1
230 1
210 1
280 1
190 1
2200 0
240 1
2610 0
230 1
200 1
4350 0
190 1
2290 0
210 1
2200 0
2180 0
1969 0
231 1
2520 0
300 1
260 1
2089 0
280 1
2631 0
191 1
300 1
209 1
1991 0
2220 0
240 1
249 1
2089 0
1891 0
209 1
1720 0
1920 0
2000 0
2160 0
2200 0
280 1
2430 0
250 1
200 1
280 1
200 1
250 1
2360 0
2240 0
220 1
250 1
1890 0
1990 0
1790 0
2880 0
2240 0
360 1
220 1
2000 0
270 1
2320 0
240 1
220 1
270 1
260 1
210 1
2020 0
220 1
2140 0
190 1
2350 0
210 1
300 1
2040 0
1800 0
2130 0
1770 0
280 1
2560 0
280 1
280 1
230 1
1930 0
2280 0
2480 0
270 1
230 1
200 1
1950 0
1900 0
260 1
2390 0
290 1
200 1
2190 0
2060 0
1880 0
240 1
1830 0
2000 0
2211 0
280 1
260 1
249 1
240 1
3000 0
260 1
2320 0
280 1
260 1
231 1
2549 0
271 1
269 1
240 1
260 1
1791 0
2269 0
1860 0
230 1
2600 0
220 1
230 1
210 1
1820 0
1890 0
2090 0
2020 0
320 1
230 1
290 1
2070 0
240 1
2550 0
220 1
200 1
230 1
210 1
230 1
230 1
2450 0
210 1
230 1
1860 0
1890 0
2000 0
1830 0
290 1
2590 0
210 1
210 1
220 1
1830 0
1940 0
1750 0
1950 0
2630 0
2100 0
1980 0
270 1
310 1
2000 0
2160 0
270 1
230 1
2270 0
250 1
190 1
2490 0
220 1
230 1
2020 0
1850 0
250 1
1950 0
2170 0
260 1
200 1
270 1
2190 0
220 1
1930 0
1750 0
240 1
1950 0
1791 0
1969 0
2251 0
249 1
211 1
2449 0
231 1
229 1
200 1
2400 0
1720 0
271 1
2460 0
2140 0
280 1
200 1
180 1
211 1
2679 0
2150 0
250 1
280 1
2350 0
260 1
230 1
210 1
250 1
260 1
220 1
2390 0
240 1
230 1
220 1
2060 0
230 1
2160 0
210 1
190 1
240 1
1850 0
1930 0
2290 0
210 1
240 1
180 1
230 1
220 1
2180 0
220 1
1960 0
230 1
2180 0
250 1
2580 0
220 1
260 1
230 1
220 1
220 1
230 1
1860 0
1810 0
1890 0
1690 0
1990 0
1870 0
1880 0
1810 0
1890 0
1720 0
2780 0
2210 0
290 1
230 1
1960 0
1940 0
280 1
2180 0
2010 0
260 1
210 1
250 1
260 1
2660 0
250 1
200 1
1800 0
1910 0
2110 0
260 1
240 1
2600 0
240 1
200 1
200 1
2340 0
240 1
200 1
220 1
1909 0
1780 0
1889 0
1820 0
2160 0
2149 0
260 1
200 1
240 1
211 1
220 1
191 1
2030 0
1980 0
290 1
220 1
2020 0
2080 0
290 1
210 1
210 1
230 1
210 1
1980 0
1950 0
2940 0
260 1
210 1
2170 0
240 1
2040 0
2110 0
2010 0
230 1
250 1
210 1
260 1
2040 0
1950 0
250 1
2040 0
1940 0
1880 0
240 1
2100 0
230 1
2550 0
270 1
260 1
240 1
2070 0
220 1
2310 0
200 1
1950 0
250 1
2210 0
1830 0
270 1
1970 0
2130 0
240 1
230 1
2340 0
260 1
250 1
200 1
240 1
240 1
180 1
2180 0
230 1
2470 0
200 1
250 1
260 1
2010 0
2700 0
260 1
2129 0
220 1
1780 0
1889 0
1820 0
229 1
2011 0
2080 0
249 1
280 1
2569 0
240 1
271 1
2300 0
220 1
229 1
1951 0
1869 0
191 1
2159 0
2300 0
250 1
210 1
1930 0
1920 0
1980 0
240 1
2230 0
210 1
260 1
1840 0
2010 0
1830 0
270 1
2020 0
1810 0
260 1
1820 0
2760 0
1800 0
250 1
2500 0
260 1
240 1
300 1
190 1
240 1
1990 0
220 1
2290 0
220 1
270 1
1960 0
2200 0
230 1
230 1
260 1
2420 0
200 1
230 1
220 1
2330 0
210 1
280 1
2260 0
230 1
240 1
210 1
1980 0
1800 0
1980 0
2270 0
200 1
210 1
220 1
210 1
180 1
220 1
2440 0
250 1
180 1
1900 0
1850 0
2040 0
1870 0
280 1
2550 0
270 1
259 1
1809 0
260 1
2240 0
269 1
2091 0
249 1
2880 0
1829 0
240 1
1940 0
240 1
2451 0
260 1
240 1
240 1
2549 0
220 1
260 1
260 1
191 1
240 1
200 1
209 1
220 1
240 1
210 1
210 1
2340 0
210 1
220 1
220 1
1940 0
250 1
2350 0
180 1
190 1
190 1
1830 0
1890 0
2110 0
2240 0
220 1
210 1
220 1
1870 0
2030 0
1830 0
240 1
1960 0
210 1
2030 0
240 1
2030 0
1790 0
2160 0
2170 0
240 1
250 1
210 1
1930 0
260 1
2120 0
1750 0
230 1
3130 0
230 1
280 1
230 1
240 1
330 1
190 1
240 1
220 1
270 1
2420 0
230 1
230 1
2130 0
230 1
1780 0
1890 0
1860 0
2120 0
1800 0
230 1
2080 0
2010 0
260 1
2020 0
1810 0
240 1
2100 0
1689 0
271 1
1940 0
2169 0
229 1
229 1
1909 0
1671 0
1880 0
2091 0
240 1
289 1
260 1
2329 0
240 1
229 1
2020 0
2140 0
240 1
259 1
2930 0
230 1
2130 0
260 1
1790 0
2030 0
1910 0
240 1
1970 0
230 1
2700 0
260 1
240 1
2020 0
1720 0
1810 0
1910 0
1790 0
300 1
2010 0
230 1
1960 0
270 1
2280 0
240 1
300 1
2000 0
2220 0
240 1
270 1
1910 0
2070 0
2190 0
230 1
250 1
1930 0
1850 0
220 1
2720 0
300 1
310 1
290 1
4030 0
2340 0
2240 0
1830 0
1720 0
1890 0
1690 0
290 1
1940 0
290 1
1820 0
2199 0
1851 0
240 1
1831 0
1960 0
2080 0
249 1
240 1
240 1
1780 0
1751 0
1969 0
1680 0
280 1
2320 0
280 1
280 1
1810 0
1720 0
1830 0
1800 0
260 1
1930 0
3140 0
230 1
250 1
2140 0
2030 0
290 1
210 1
190 1
2290 0
270 1
230 1
240 1
1870 0
2210 0
260 1
210 1
220 1
2280 0
280 1
2250 0
280 1
230 1
230 1
2520 0
340 1
250 1
230 1
1790 0
2290 0
250 1
240 1
240 1
1950 0
2150 0
280 1
220 1
1930 0
210 1
2010 0
2180 0
270 1
240 1
1820 0
2080 0
200 1
240 1
220 1
240 1
1990 0
1780 0
250 1
2200 0
2180 0
250 1
250 1
2130 0
280 1
2780 0
1930 0
2040 0
2140 0
230 1
210 1
210 1
280 1
229 1
2040 0
200 1
2240 0
251 1
220 1
1800 0
2140 0
1720 0
220 1
2260 0
231 1
2040 0
1829 0
211 1
2260 0
280 1
240 1
1959 0
2010 0
2350 0
220 1
220 1
2380 0
200 1
210 1
230 1
240 1
230 1
230 1
1880 0
2030 0
1790 0
220 1
2290 0
240 1
230 1
250 1
1960 0
2070 0
230 1
240 1
2800 0
230 1
1820 0
1730 0
1840 0
1830 0
2090 0
2240 0
280 1
250 1
220 1
240 1
220 1
230 1
1950 0
250 1
2330 0
240 1
230 1
2410 0
240 1
200 1
1800 0
1850 0
1900 0
1730 0
220 1
1980 0
1800 0
240 1
1920 0
1890 0
260 1
2110 0
210 1
1740 0
1940 0
1970 0
1930 0
290 1
270 1
320 1
2709 0
2280 0
280 1
231 1
2240 0
280 1
240 1
2040 0
260 1
1989 0
2100 0
231 1
269 1
1900 0
2140 0
220 1
260 1
1811 0
1840 0
239 1
2710 0
240 1
260 1
200 1
2010 0
1800 0
290 1
2620 0
230 1
210 1
260 1
220 1
220 1
1810 0
1900 0
1890 0
230 1
2770 0
230 1
240 1
230 1
220 1
230 1
240 1
6970 0
2440 0
1840 0
2080 0
1720 0
280 1
1860 0
2790 0
1950 0
2230 0
250 1
220 1
1900 0
1780 0
1840 0
2080 0
290 1
240 1
2350 0
260 1
240 1
2350 0
250 1
220 1
1700 0
1810 0
1870 0
2070 0
240 1
250 1
220 1
220 1
2280 0
2220 0
250 1
240 1
240 1
220 1
1930 0
1869 0
1800 0
1831 0
1900 0
1980 0
1820 0
1980 0
2651 0
280 1
2160 0
300 1
1851 0
2000 0
250 1
1870 0
1890 0
1880 0
280 1
1720 0
1700 0
1770 0
2030 0
1860 0
240 1
1800 0
1640 0
1820 0
1750 0
2020 0
1730 0
250 1
1760 0
1770 0
1830 0
1790 0
1780 0
2700 0
260 1
2510 0
1930 0
230 1
1880 0
1780 0
260 1
2130 0
240 1
1890 0
270 1
2420 0
260 1
250 1
2280 0
320 1
260 1
230 1
2230 0
240 1
270 1
240 1
230 1
250 1
2060 0
1770 0
1930 0
260 1
1790 0
230 1
240 1
1980 0
200 1
230 1
190 1
1750 0
1919 0
220 1
251 1
220 1
1951 0
2009 0
271 1
209 1
1869 0
1951 0
249 1
240 1
280 1
211 1
1860 0
1720 0
3360 0
260 1
1960 0
1969 0
260 1
280 1
210 1
1890 0
240 1
2010 0
250 1
220 1
220 1
1840 0
250 1
280 1
1840 0
1720 0
1800 0
1780 0
1830 0
240 1
210 1
320 1
220 1
1700 0
