20037001 11
27310 10
40399 9
19909672 11
30038191 4
62909 6
20810 11
39259 4
219831531 8
18900 11
35060 8
20962081 9
84999 11
46903083 3
92011823 7
63800 0
41220 0
19901562 3
11026960 4
18956351 5
132849 11
56779 3
56460 0
53519 3
57120 3
35819 11
54800 7
19564855 6
57980212 8
1033880 0
10985681 1
9037150 0
58509 4
53859 0
55570 0
130786957 7
78199 7
7960081 5
24940 10
31935622 9
209848 1
58850 2
19740613 0
149996406 4
59986692 7
36160 9
55639 6
47120 7
27862952 5
2032190 8
56569 5
39917123 1
321496 4
25480 10
58190 1
39581595 9
20006571 8
56189 3
59941362 8
20002381 8
31540 8
25939 10
10001841 5
27939102 4
2212469 1
19843673 3
207618 3
59796104 5
70946923 1
9078610 0
10917481 6
9135159 9
26560 10
55149 1
57240 0
33469 9
47690985 3
42049321 5
19970081 6
39970172 9
80023623 7
20002611 5
160002486 6
19983830 4
57996272 1
62045971 0
89957353 9
46019 6
206918 7
7788992 5
55290 2
12894461 8
59072722 5
11020580 6
86239 6
58100 4
39761744 11
19011691 2
80001663 2
41148580 3
98892335 5
62899 0
60030732 9
39859963 2
51156441 6
48845564 2
30989161 9
36810 11
53939 5
58100 5
1904851 7
28870 10
36973592 4
60196030 3
69764435 6
40006072 4
26080 10
19968541 6
105299 3
57929 5
53650 5
149770088 0
145839 3
19859802 8
99993064 5
60006892 1
60650 7
36350 11
39909263 1
97981914 8
32729 11
2065120 8
59900273 11
50010072 3
120005694 1
100009214 11
60161860 11
19827153 8
63309 7
79925154 8
50021412 6
8061419 2
36669 11
58610 0
11819552 8
60949 6
37580 11
105379 7
19812633 1
249991680 1
70499 2
56430 1
97974344 7
71889183 8
2058469 5
77966863 3
29978622 9
120014674 4
19997401 3
70319 3
58979 1
69862953 11
40013492 6
188158 3
59079 7
55039 3
169729879 5
19968151 11
39980442 8
58009332 7
71997513 8
81739 6
60349 6
19873582 0
108799 2
49878114 9
260996240 1
49044072 11
39963922 1
145948 3
27680 10
58189 3
55540 3
25540 10
69686836 8
58310 4
60933893 0
169020256 1
37279 8
20014610 6
19945671 4
25600 10
1001960 3
8001471 4
54080 4
30909462 5
36010 9
197438 2
19761133 1
20010521 1
19989961 11
229985479 9
19106060 8
958430 3
117940005 2
61159 4
61939753 5
80007823 6
60009862 1
151779 9
32630 9
11801462 1
24659 10
26040 10
8179838 5
66640 0
30693314 8
28250 10
48989732 1
38986911 7
61249290 4
25670 10
29726614 2
33439 8
118964215 9
55959 3
992950 7
30015901 1
49940712 8
34569 9
63569 0
35269 9
9909862 2
32120 8
9930021 4
29991171 3
119992825 9
10045650 4
89950034 11
120004504 0
57890 5
19943301 9
25510 10
139973775 5
33390 8
61489 6
19924611 5
20011490 2
3010220 6
26962211 1
1020400 9
59000942 2
3058150 9
56269 6
96899225 5
39958082 11
78003623 2
55041571 6
16955081 8
25590 10
37965212 9
22026451 3
39980951 6
40014801 7
40007111 3
58900 5
26830 10
108029 1
8810592 8
31940 8
31130 11
52949 7
56829 7
31979 11
58070 1
54619 5
60409 0
677353 9
19925811 0
37309 9
66849 8
190891709 2
9250027 2
19753643 0
20000410 4
20004040 2
58759 2
56359 7
25670 10
57049 5
7838392 0
11999231 2
62389 1
53919 5
79837974 11
10072300 7
99379 0
71169 1
68349 0
69930 1
49696945 5
34069 9
98890695 2
63120 6
996471 2
62239 3
99880455 5
20000041 2
79984013 9
40001121 11
40023292 4
20024150 11
17962371 1
62066672 0
20050730 7
39882393 4
40018891 8
120679 8
33330 11
57679 7
39784624 0
183958 0
55930 1
61743585 4
18201079 5
19814243 5
18089920 3
59140 4
54810 4
1802442 8
19982260 3
39993632 6
33410 8
31749 8
55890 5
19887951 2
88530 8
59917433 0
30899 10
61963862 7
16996511 2
41045231 9
39950952 6
27690 10
1020600 5
79107302 4
33649 9
19828573 6
59985562 11
8306538 6
11803953 5
39905812 7
152469 6
59929213 5
181248 5
99716397 11
79998493 6
20020320 5
20032171 3
19958831 11
153198 2
19859972 4
119003525 9
33480 11
41143870 0
27889 10
8790772 11
10977530 9
20042171 6
19970551 11
9006490 9
130973975 11
39998761 9
20019211 4
210005288 1
25849 10
19958432 11
64849 7
39963892 2
89009 2
40017341 4
8185649 6
11681593 1
78420 4
27996011 1
37909 11
11989401 4
62199 1
169836488 7
23999 10
9071050 6
59699 2
11836392 8
60120 0
24180 10
128922546 9
37993002 8
58639 7
58790 6
24900 10
11875032 4
27650 10
52149 9
63680 7
25360 10
166939 0
19646164 8
40449 9
25629 10
19969901 2
39983811 7
11091759 3
33429 8
59160 3
6820373 9
57909 1
11112769 11
859121 8
94979 8
59299 4
39918553 0
65819 6
59639 3
19753923 7
58599 2
19952721 0
34210 11
1020670 8
58509 4
34020 11
48858723 3
19995531 6
19991291 8
57978712 11
25310 10
33060 8
58779 6
1956920 3
40067852 4
9934792 5
29964102 7
38965252 8
61010592 11
19994041 4
60003422 4
60240 0
40123851 2
91119 2
59539 3
20667364 4
38997762 4
20012090 9
20016530 7
23750 10
40026751 2
21915412 6
60939 2
59770 2
61049 2
57300 2
7872092 8
90519 8
28330 10
39796984 2
20003811 0
29400 10
30019581 6
61219 4
58520 6
62129 2
19742484 3
20129659 0
62749 0
79825275 9
84459 11
19971401 0
59060 0
19867842 4
20026910 6
20004551 6
39971062 11
20053530 1
19960681 3
119996495 8
34360 11
995541 2
38969282 4
19986431 4
31995642 5
58399 3
8039120 8
19908192 1
17997290 5
57170 5
1964700 8
79699 3
59902223 11
34720 8
28999951 1
61250 6
50929802 0
30480 10
39951062 5
27350 10
38946702 11
10997440 9
20012681 4
68189 4
89994594 6
64209 0
29160 10
60074361 7
19757374 11
20016170 5
100000374 0
18980721 8
1168658 4
7891052 2
31977141 1
27660 10
119956415 4
58993002 0
23230 10
1043190 5
69997642 1
47921563 9
102020394 3
69034102 1
202078 1
49753654 7
1050569 8
63829 2
23860 10
67349 7
63340 0
60419 0
29696084 3
39995942 0
79970933 9
20025041 2
30972361 8
69022383 7
63789 6
25390 10
19913451 3
65280 7
19933501 3
100000594 6
18994851 5
60569 1
110954765 6
169989907 5
61259 3
37924552 7
101000894 5
29044341 6
37540 11
56710 6
60059 3
59350 3
51755114 1
30046851 5
20004581 1
10933982 4
48994891 11
40010872 9
19999521 0
100016794 7
59982912 3
78689 2
79924564 7
28930 10
19968821 7
40004121 4
39990532 2
65649 1
64580 1
19891682 2
18982310 0
71003263 2
76109 0
69010 0
25450 10
61630 2
79761265 9
60156041 3
19843142 2
100094313 7
79916794 5
19986531 9
18102640 7
65169 0
21827623 9
40018491 2
25770 10
19975721 11
60017302 0
61819 3
59710 6
19847262 0
69429 6
19948281 8
9195208 2
8790823 2
24037240 6
63269 1
76890474 11
60009 0
40340 8
42590 11
59489 5
29944772 3
64749 7
62379 2
58759 2
10676114 9
49017552 8
41001091 5
20029680 7
99953294 5
83079 6
106599 4
58190 0
63220 6
24540 10
59663805 1
20228199 7
18754863 11
131240133 0
79779656 2
20068240 1
139930726 6
36020 9
93109 5
59871834 7
119459 3
19887602 7
60007142 7
39440 8
19962871 2
33660 9
25529 10
35339 8
23890 10
17860472 2
60100 2
2061870 0
19872842 2
110789 5
59916253 6
28769 10
169448 1
28420 10
60659 6
58880 6
29757893 7
99890075 0
26100 10
62589 6
59970 4
59279 4
59499 6
57670 4
59640976 11
37749 8
25890 10
111379 3
60369 7
28819863 0
34700 8
11926551 6
23570 10
59263269 4
64329 4
27869 10
77614398 5
2067879 1
66529 2
59550 6
58399 1
59609 2
19715833 7
39977572 7
90018983 7
187975548 0
39729 9
65340 4
21912741 2
70439 2
39924752 5
51149 9
19947622 3
29060720 7
64740 1
28900 10
24980 10
10809702 5
64770 1
59946462 11
50087191 7
19910441 6
20011211 0
20001281 0
66699 7
19927442 4
90003234 0
63159 5
79975984 0
36199 9
19910402 2
64099 5
67940 5
19986861 3
60699 3
34200 9
19799113 1
75359 4
18907501 2
1032780 11
10173039 7
33909 8
62460 5
19782473 4
59929533 9
65469 5
64899 3
59960383 4
65950 7
39880623 6
61980 3
37873533 8
72015023 4
19986391 11
20052360 5
27920 10
58179 1
23480 10
118845556 2
31066071 3
33569 9
29032471 11
30923362 3
99933735 9
166248 11
64519 4
38770914 8
58860 0
24689 10
8941571 9
11990411 7
60023622 8
68349 1
37892353 9
60509 1
62379 2
1970351 7
109910175 8
30095000 6
20909552 0
34400 11
59979 4
59500 1
18842333 8
30190 10
25609 10
19936992 8
28479 10
17982961 7
2044570 3
39964552 2
170003346 8
63280 6
60859 2
59875304 0
19989110 3
20171948 8
59976383 7
67820 5
60990 7
25429 10
19714273 0
99995064 0
177338 1
59220 1
40743924 9
9110519 0
33780 9
61909 5
109787156 11
18008620 1
2046380 0
65679 0
59913823 8
73939 3
67979 7
60159 7
25020 10
59170 4
19704313 8
75419 7
61189 0
23460 10
19834042 3
63550 0
59700 4
79877554 3
49991232 5
20006421 9
72939 4
109963445 7
40008571 3
62780 2
301417 5
89586887 6
40009322 11
69005692 11
25480 10
153399 11
10800812 1
179008 8
38925923 5
59160 2
57049 2
838962 3
26310 10
19905071 11
120004905 9
70001203 8
40004291 6
20022411 0
9018690 5
58619 5
10911302 8
39063850 11
982480 2
60559 0
29904292 4
39992352 7
8026470 0
12945701 9
24950 10
17984661 7
1015820 9
91970 1
58239 2
39852483 5
178971857 8
61023383 6
89998464 5
19979851 9
125999 1
69879274 0
20017100 11
60005672 3
20090700 1
59889494 6
57996772 6
12000920 7
20005891 7
64799 1
19967501 11
68965533 6
1092649 6
139915976 1
20000551 1
100987104 0
99019064 2
243117 8
77735916 6
12031230 8
59981403 1
81269 9
61769 9
79848215 11
20020260 3
19988121 3
34370 9
18963601 7
58659 7
58520 0
59059 7
59700 7
30767583 4
65180 1
59911383 9
108059 1
70329 0
38833283 7
65279 4
34349 9
31940 11
80872464 7
127909 5
100739 4
57860 3
59119 5
25439 10
19629774 11
71490 1
17921592 0
52019142 6
39977402 4
220001259 1
8127959 11
71891004 0
30800 10
69829 6
24250 10
61079 3
58879 7
69747495 9
26239 10
129957275 11
25910 10
39980972 11
61559 7
54099 7
59890483 0
105139 4
9914991 9
119971635 7
10043130 7
10025100 0
9981000 4
59129 5
9911541 0
40031281 11
20945342 1
99004074 1
79094372 9
40891512 8
1058859 3
78955794 6
30056891 2
24260 10
119963755 0
62319 3
111479 0
55240 1
87723416 6
2053080 6
28000 10
55700 0
19862752 1
100003954 8
61980 0
9988630 8
71943203 4
7076469 7
33769 8
30280 8
26679 10
1871681 5
52859 0
24030 10
53529 4
57149 2
27030 10
38750884 8
39993252 7
139001926 3
61006352 11
100002484 6
26720 10
19965191 6
26580 10
58790 7
58849 3
55460 7
33539 11
30780 11
54000 5
32559 11
8856682 4
31784143 11
55019 1
18954321 7
64959 1
19936372 11
53879 5
19931381 9
66549 5
19947171 0
40048132 7
23879 10
56490 5
55859 0
34690 8
31449 9
24509 10
53350 3
22440 10
31119 8
54700 7
55099 4
53250 7
54099 4
33370 8
31770 9
40334989 6
