142029 13
100050 6
102039 5
100699 3
111979 5
103280 9
99860 15
101949 2
100879 7
99839 5
101350 6
100899 15
104869 14
105599 8
116119 7
96770 12
101139 15
95739 8
98549 14
97350 5
100659 3
105719 8
103189 6
99919 12
105479 9
89979 2
105369 11
99459 13
101619 12
97769 14
93239 5
93840 11
93779 10
93899 9
106529 7
103719 11
93830 7
96409 6
98559 7
103099 12
98459 3
97009 11
106699 2
99309 12
115448 3
101770 14
99929 10
94549 9
138489 14
108900 8
103699 3
100929 1
101049 2
111459 2
99150 5
101090 5
97829 1
99619 1
102570 6
104870 3
96029 12
103489 7
106009 11
106229 3
93940 5
97029 0
101209 7
101160 2
96990 15
104619 13
104909 4
100670 15
100150 2
110859 7
95619 13
102269 1
106549 12
100019 10
101939 9
95289 6
181679 9
172269 8
178688 1
191049 13
200978 15
198309 1
302057 9
268178 12
307178 5
207218 7
228629 5
202318 11
214709 1
206208 4
227708 3
254328 10
279098 7
261808 4
251558 9
254898 10
203119 7
188348 11
173829 7
197758 9
185819 2
195529 15
198288 15
281718 12
283978 9
291837 2
212189 10
243098 14
202489 15
183398 11
207788 2
226679 4
293268 5
255307 4
215509 4
267618 5
327797 2
336688 0
231188 13
236988 11
287568 12
265278 14
283068 4
378827 9
283418 4
242578 5
252668 10
267298 3
404417 0
249828 15
299558 11
254918 6
333517 4
267168 11
252958 8
237618 13
205529 12
200208 13
227488 12
206838 2
185868 13
215048 12
275518 1
339667 5
299928 13
241008 15
203518 4
221139 15
241218 14
210358 8
185559 13
240588 3
247188 13
269398 6
267298 5
239448 10
244408 8
239338 4
222839 15
301538 7
334108 6
248678 0
307408 11
246218 0
247238 13
266358 4
279418 1
279208 7
270398 0
244168 15
275478 9
197208 15
202789 15
226318 8
221008 4
186089 12
236258 3
284098 12
333007 14
239629 7
193549 6
194009 13
213799 4
258718 1
202998 1
216359 9
262808 4
274708 5
264318 0
228488 10
252548 6
267038 1
229368 5
309048 7
339707 7
256788 6
251138 11
253138 2
267008 10
262788 0
281748 14
267828 8
295698 8
251058 0
229068 10
217278 4
230308 13
219118 14
196809 8
239978 9
276388 0
262868 9
265508 3
227838 11
205858 8
213719 12
213108 2
253448 2
188159 14
206168 2
245318 7
276118 10
276198 0
281598 5
262918 14
244128 10
229948 14
302628 12
286008 11
235398 8
253898 7
242598 6
223639 13
265218 0
272807 10
275458 12
263218 3
240198 11
253318 1
237309 6
211818 1
199159 10
227469 14
252138 8
208018 14
289268 11
271488 2
287528 12
209368 5
185869 10
207878 0
238948 2
259069 6
204399 10
215028 10
328928 3
264198 7
240348 5
220638 15
254778 11
236868 9
272888 8
280108 4
293978 6
254488 14
256958 13
214828 13
255898 13
256418 8
263107 15
256869 9
354018 10
237038 10
213769 5
207439 8
222148 6
217349 1
189648 4
215398 12
289117 4
288968 0
245528 11
204288 12
200918 6
276058 2
221098 2
259118 3
238518 8
279397 6
267608 9
266658 9
224649 10
273297 13
234519 13
252528 4
289677 3
304688 7
237178 7
229388 13
260847 2
199278 3
305758 14
264498 11
272928 2
253408 14
266928 6
248418 1
216168 15
205829 4
220568 3
202468 13
176699 6
233938 1
283498 15
302748 2
266738 12
211778 5
201278 8
205019 3
258648 1
250318 4
198328 10
245779 13
265278 2
298637 11
251349 8
203148 0
229078 7
260778 3
262028 7
301098 7
300948 8
256568 13
260898 1
257898 11
264218 15
291768 5
266787 12
270968 1
271808 2
244968 6
228609 6
201088 8
210748 2
227508 11
190578 5
191379 9
229138 15
340258 11
257847 3
232168 7
199968 15
226829 12
245268 10
224698 10
202338 4
248849 4
272917 4
271288 0
245128 1
233798 8
265448 12
228198 8
339067 14
332598 6
284017 8
230659 10
227588 5
243478 9
238719 14
263669 14
266608 6
265178 4
274188 5
252828 2
218699 6
227768 2
216358 13
221969 4
208449 5
246268 14
280028 10
267618 3
264478 10
219868 1
184979 8
216348 11
255838 13
212469 11
247378 4
240058 3
270548 8
281458 0
265368 10
258038 10
245458 9
288758 10
306067 14
281298 14
247068 1
259558 5
229479 3
253407 15
278458 4
325378 14
241258 7
257818 11
248838 13
206919 15
210878 13
222918 10
198849 5
249738 9
290568 6
261128 13
267948 6
229378 11
186318 14
202888 0
221548 9
263768 1
208289 7
205718 5
271788 7
283388 8
293738 5
221388 9
250678 12
230258 5
294738 4
309148 12
303827 9
270668 13
219679 4
250719 13
248338 13
271068 7
263778 5
281037 13
239729 9
263558 11
203578 11
203118 6
207208 6
214468 0
215269 3
216328 11
257448 8
277118 11
266448 14
207939 5
197419 1
196428 7
214909 10
263658 10
222468 13
259798 2
287608 11
271238 5
229448 9
236928 11
253398 9
229899 4
272858 6
305308 0
305298 1
243638 9
233758 7
223188 14
253098 9
257549 15
335807 0
284578 10
243058 2
232848 13
200899 6
182168 3
228648 12
183638 9
176219 6
181758 11
255928 4
282868 10
274518 0
231138 14
186939 5
269858 14
242838 9
229998 3
192019 1
243868 7
256298 8
267868 3
270578 15
238638 9
258998 7
213018 2
290288 3
316048 13
396537 5
219768 1
265288 2
225348 10
242478 3
256068 12
302997 12
283998 0
257798 6
237868 15
235838 11
198949 6
209489 9
210619 15
199768 4
216749 7
254818 7
269707 0
309718 3
232309 15
190028 2
210238 5
246898 4
249108 9
218468 14
250658 15
271638 2
315048 13
225048 12
230058 0
253318 12
254688 1
250578 5
353678 5
272927 8
246389 8
228158 9
236748 2
220749 7
254169 0
253838 14
284289 14
297487 7
278198 14
252868 8
227008 5
194629 2
189128 9
222469 13
189298 6
197409 1
257738 7
267408 9
255098 0
244338 15
192858 12
215789 8
203368 6
253878 11
227309 5
215809 12
261108 7
237858 10
247758 1
234588 0
203698 9
239008 2
213048 2
344217 6
307108 11
267127 6
229828 13
217578 14
191039 14
221519 0
243768 6
252768 11
219639 4
222999 0
249968 3
200508 11
192489 6
184029 3
212638 11
209308 10
177139 2
233418 0
275428 14
264888 6
222998 12
197849 11
180168 13
193339 14
223928 12
198848 14
203549 12
235728 1
251988 4
241029 4
242849 13
209978 11
227008 6
238608 12
270238 14
282778 4
272758 14
235038 15
249047 0
186269 10
221728 7
275798 10
256858 10
311438 14
230778 0
219689 11
230718 3
207148 10
190369 11
200408 10
200049 12
182558 0
224328 1
261418 4
272107 4
252189 3
201039 7
202719 7
194808 4
250838 9
205478 3
204518 1
233858 5
255158 1
250258 5
226568 3
220998 12
224288 1
225599 6
285617 0
321708 1
241638 6
213709 10
235118 7
237228 3
251288 10
239788 1
260518 10
234228 6
229228 12
205178 7
229938 5
178079 5
179618 4
208208 7
178278 0
195848 14
286668 6
295988 6
252788 13
207158 11
173959 15
198828 14
232438 7
207599 0
203258 3
229949 10
249938 11
246219 2
269708 7
215968 7
241948 2
219288 12
292808 6
325368 14
281817 9
225099 15
230268 0
207278 11
245879 4
240618 15
260938 0
238388 13
221378 15
233949 9
192888 8
205428 5
185159 6
209588 11
186349 11
190349 7
261618 15
249108 12
245908 4
214358 8
201299 14
184798 15
199239 10
224498 15
181499 8
255088 6
222478 3
235458 5
267868 13
260168 2
244418 2
226559 0
280798 5
298887 10
258458 2
242218 3
218489 2
234418 3
223908 12
239098 8
229008 8
251339 0
218888 12
243298 4
208928 0
202808 11
181369 7
193958 6
202769 0
176918 2
199539 4
280687 5
252909 10
272957 1
183958 8
211839 8
199428 13
220088 5
203109 0
199058 6
244588 9
251618 2
242719 1
224068 13
257678 0
232198 2
249148 15
288968 11
280708 10
212928 3
206229 14
208828 2
240248 6
216459 11
220358 3
249488 11
225288 3
249078 9
207969 7
191129 13
200918 1
216818 15
213059 4
170988 13
199329 6
270618 4
309528 3
245947 7
184688 13
201938 6
219428 13
232698 6
183409 14
200438 0
232578 3
258649 3
229109 10
231308 11
195878 10
253018 2
217179 13
260578 10
281738 4
295358 12
241358 8
223779 7
218708 2
255048 2
251758 15
249628 15
253178 12
292707 15
226788 14
210018 4
193639 4
168879 9
201129 2
209468 12
178269 4
201438 3
230708 0
326838 13
289578 10
202208 2
189949 14
226818 3
239958 5
170859 9
188288 5
265028 10
227749 12
244048 11
218838 6
207638 13
248227 7
238858 4
298178 1
314668 14
268488 4
219958 7
198039 15
209088 5
249658 10
221619 14
220628 3
233048 13
235428 7
212849 8
194548 13
199199 4
194378 13
227979 13
181609 4
185309 1
206768 15
265108 3
287138 13
238278 15
181579 14
188488 12
200089 2
213318 13
199939 2
187988 6
230928 11
256327 3
242769 5
255768 11
206918 9
246268 5
208089 12
257518 7
296808 13
284618 2
224148 0
224038 8
222698 12
253058 0
222399 14
233849 3
237938 8
239558 3
230678 3
205199 13
203488 4
193919 10
221578 9
196008 9
199648 5
258448 1
260728 1
286148 4
231458 2
172879 3
197778 11
247559 10
197659 11
187179 11
224499 13
236808 6
227718 3
223279 15
238019 14
219738 1
264098 12
230918 0
255148 9
281058 12
279088 8
209298 14
245458 10
198648 6
261198 5
221148 13
265818 4
231938 14
245998 6
217388 11
200489 11
192269 4
189548 3
217039 10
205148 15
188589 1
178578 0
204718 3
269658 3
283678 0
216058 2
191338 8
195589 12
245438 12
223658 8
182279 3
221588 7
252378 14
229269 12
248618 14
191349 5
255038 10
221108 15
201198 15
291348 4
334988 13
285978 11
227679 6
195939 11
229118 11
198469 1
215038 12
245288 14
224839 1
241309 10
206748 8
193879 11
187378 11
173829 2
206568 5
180689 8
163599 6
210008 10
258408 1
283648 11
262678 8
196159 8
196598 14
195188 2
217369 7
165979 7
166588 14
196959 1
212828 11
184689 15
159048 3
145919 12
154388 14
182129 8
166268 11
266058 4
240998 10
234538 13
205258 15
273108 6
169619 12
169339 6
179458 10
182829 8
214958 3
165669 13
150419 11
145439 9
134749 10
152229 1
210458 3
131289 2
137549 15
170619 9
221358 0
207788 1
208399 0
175428 11
202719 9
154929 8
167348 10
140489 2
128639 2
186989 7
189938 12
187638 15
150849 0
169879 4
176858 7
185489 9
232238 13
234948 14
221678 0
187968 3
167179 2
160088 1
144370 1
140170 7
167689 10
151349 13
