95809 3
320565 11
123149 3
126498 7
114398 9
108598 12
108568 5
105958 2
120138 13
102488 10
109528 13
104979 11
118708 6
99668 14
120158 7
92839 7
97958 7
125208 6
121708 9
112889 3
101608 5
131268 11
111538 1
121978 0
113609 6
122449 9
320635 2
100629 7
102848 1
99329 3
104398 3
119268 11
104529 13
104949 10
116888 3
101478 2
105219 8
104288 10
98749 3
108139 10
96008 2
104859 12
102928 6
102398 4
107019 14
101258 1
99928 1
100449 15
103728 7
108519 6
59630 8
64728 13
55648 3
52260 10
71158 4
97519 9
106538 5
108358 2
118338 12
102258 6
124958 14
91689 7
102288 10
84109 1
92108 15
93399 0
115958 1
94139 4
112559 3
101118 11
127968 6
125058 11
117978 7
106188 4
119779 12
106418 8
106628 5
97959 14
116728 11
109388 15
177937 15
92529 15
79049 13
85218 12
101838 1
102578 5
107458 15
113868 6
106209 2
129858 3
98318 14
104478 2
98638 7
106648 12
110839 3
106858 7
106058 8
106409 4
110459 13
112498 2
54259 11
32770 8
36669 2
50589 6
82288 7
111458 3
108459 4
126788 12
103098 9
107828 6
107488 0
106069 5
115518 1
107168 9
112138 5
105448 11
119878 9
104648 5
118007 11
117309 14
107238 4
106298 13
106678 6
116819 11
106848 14
133008 8
100308 9
108189 5
102958 0
111918 12
111539 13
110359 14
102318 10
104259 9
114159 4
102308 2
107628 0
103319 12
101408 8
109948 2
108029 7
104908 15
104408 5
114378 1
103138 8
111428 2
110188 12
108939 3
107439 11
105098 9
66329 10
35449 14
37449 7
37260 0
36309 5
43450 2
65919 1
94299 6
100568 8
86329 12
79639 6
70379 5
86848 14
93559 11
144898 4
87028 15
95069 13
86448 5
106609 12
108318 14
106338 6
110579 4
111449 1
104548 14
185037 11
134028 4
118338 5
95669 7
119198 9
85518 2
97388 13
101338 0
126048 12
98529 12
109228 10
99878 2
109758 2
102688 3
120318 13
107308 11
111828 2
101608 2
119998 4
94229 14
107188 12
102748 0
115138 10
107378 7
107468 14
87389 3
96068 2
92249 8
107748 1
106118 14
97469 5
72509 15
38439 1
47159 11
39680 9
35289 4
34480 14
55420 11
84568 0
68629 3
104198 8
92779 12
91658 0
112288 14
107448 0
119108 10
95709 4
117768 15
108058 1
113568 12
97979 14
119208 2
96578 10
118958 13
94228 3
122168 11
101699 6
136748 11
92509 7
96468 1
103989 0
104408 14
102598 1
114349 3
119179 11
107588 5
118788 6
97218 9
104318 14
101808 1
117688 13
101518 14
118508 13
101718 10
111648 6
112558 13
105119 1
109568 13
106028 3
110858 6
106699 11
131968 3
90368 10
92489 1
73079 6
46899 9
37349 15
630780 11
30280 13
41029 7
53620 14
45000 2
44799 11
47289 4
47830 2
46370 13
46729 2
48689 10
48429 3
47389 8
48249 9
47359 1
47060 0
38109 8
31240 2
30769 13
31389 12
32480 10
32499 3
30990 8
3078381 6
29160 10
36149 11
34259 15
33579 0
42489 0
53740 6
70390 10
106208 4
112688 14
114168 14
146648 12
192447 7
127088 12
123228 15
110168 4
99298 4
97908 7
112578 1
114849 0
122898 5
105598 10
112038 9
108468 12
104898 6
108228 12
104308 9
109559 4
119998 11
103668 6
100909 13
109698 9
100948 14
114459 10
103019 7
107228 8
101599 1
120758 15
95618 15
110149 1
98918 6
110438 4
102589 3
112708 12
98448 2
101269 13
101208 14
129058 12
108558 6
99329 15
113378 9
87159 10
69448 14
42500 9
34129 7
31410 3
29009 15
43519 11
37819 1
38159 4
48449 10
45690 7
129528 3
50529 9
57659 11
51529 14
62599 0
83659 1
96559 9
114358 15
121428 2
110238 13
131828 15
98378 5
119338 12
107848 9
123048 6
103908 6
135598 8
107668 13
131278 7
105579 2
113138 9
112488 12
113128 8
118059 3
111639 6
118878 10
116368 11
129608 5
107418 3
110748 15
114628 15
116358 0
111708 9
111638 3
108189 6
114589 7
122098 14
108968 2
107158 0
120427 8
110598 4
117878 3
112728 0
119718 4
117158 7
110529 9
90358 13
76549 8
62809 15
53939 8
60969 6
48679 13
74249 5
93999 12
87958 14
97729 6
126338 2
104078 10
93269 4
92968 7
99408 15
102648 0
120828 6
119768 7
90809 4
101688 9
86069 1
103858 8
101869 13
121298 12
88648 13
100809 8
98819 7
172017 10
88559 8
97968 5
102269 15
126687 5
101408 3
124848 9
91618 8
133098 14
88499 10
90359 15
90408 1
90369 15
98628 6
86949 8
98818 0
116739 15
114998 8
115039 9
86848 13
75608 11
65689 11
79839 1
83968 10
97779 7
93308 6
118168 0
98988 13
111918 8
122748 8
68419 2
58729 14
60979 0
55999 6
57540 14
69758 11
93809 9
106928 2
110439 13
95468 4
91288 13
85099 2
90049 0
73918 11
83508 1
105898 15
99648 3
86248 1
72259 13
107219 0
79979 2
69759 13
83949 9
87628 11
78448 4
84969 3
82699 14
90108 14
73509 6
77399 0
90688 10
92849 1
76389 13
81468 11
83789 13
86799 7
68609 15
61959 11
56909 1
56309 5
56129 7
53189 12
58249 4
54939 10
60528 7
64448 14
70938 15
58859 14
59130 14
59668 0
50479 1
