80049 0
41609 0
35960 0
34920 0
43629 0
34340 0
38590 0
33770 0
35049 0
35900 0
34840 0
34869 0
35100 0
34950 0
35529 0
36830 0
38950 0
35580 0
35179 0
34240 0
38530 0
35390 0
36830 0
35910 0
37900 0
34289 0
34710 0
34510 0
35399 0
35429 0
33900 0
35830 0
53239 0
38820 0
34980 0
35409 0
34969 0
36650 0
35490 0
34810 0
46860 0
53089 0
49879 0
51730 0
50199 0
50760 0
49699 0
52329 0
49730 0
55079 0
54480 0
54490 0
50909 0
55220 0
52739 0
49890 0
51569 0
49950 0
51499 0
51159 0
53230 0
51269 0
51040 0
49039 0
51809 0
50360 0
53659 0
52790 0
52800 0
51879 0
50779 0
52139 0
50020 0
60499 0
50030 0
53150 0
50259 0
53650 0
50449 0
53770 0
48690 0
51579 0
50900 0
55029 0
53500 0
54760 0
52210 0
49019 0
53200 0
49730 0
50569 0
49850 0
60609 0
49360 0
51730 0
49719 0
51240 0
50430 0
50949 0
49210 0
53059 0
51670 0
53850 0
50150 0
50750 0
51569 0
50710 0
52190 0
52400 0
52179 0
48849 0
59860 0
49529 0
52170 0
49749 0
52210 0
49460 0
53659 0
54630 0
52170 0
53129 0
52700 0
51509 0
49710 0
51890 0
49539 0
51970 0
50809 0
50740 0
49680 0
61349 0
48750 0
52119 0
50560 0
52569 0
53650 0
52820 0
55839 0
52580 0
49719 0
51570 0
49139 0
51370 0
51220 0
53279 0
49680 0
50709 0
50540 0
51490 0
49719 0
84829 0
52220 0
51600 0
53499 0
55160 0
45190 0
33990 0
35690 0
35800 0
34839 0
34830 0
36440 0
34569 0
35530 0
34560 0
36190 0
36039 0
37249 0
34910 0
35600 0
35559 0
36920 0
36470 0
34550 0
43099 0
35010 0
35160 0
34190 0
34910 0
34070 0
33869 0
35109 0
37170 0
37149 0
39499 0
36680 0
36920 0
37829 0
36160 0
38810 0
35740 0
35900 0
35710 0
36350 0
36819 0
37540 0
38380 0
36619 0
36620 0
35330 0
34070 0
43390 0
33110 0
35780 0
35569 0
36929 0
36740 0
35449 0
35940 0
35030 0
35320 0
34579 0
36289 0
36610 0
35179 0
33709 0
36090 0
35150 0
33360 0
33959 0
35420 0
37140 0
34849 0
36339 0
37790 0
36280 0
33529 0
35500 0
33850 0
40819 0
35140 0
35070 0
33570 0
35879 0
33240 0
34420 0
34440 0
35080 0
36630 0
34810 0
36839 0
34950 0
36840 0
33440 0
36320 0
34760 0
36050 0
34359 0
34350 0
33530 0
35300 0
34569 0
35560 0
34400 0
39289 0
35639 0
36170 0
35989 0
43200 0
35610 0
34290 0
35979 0
36430 0
34480 0
35200 0
35959 0
35090 0
34910 0
35179 0
35760 0
34020 0
35850 0
34660 0
35250 0
35800 0
34790 0
34489 0
35100 0
37480 0
34359 0
35160 0
34800 0
35770 0
36720 0
37140 0
36030 0
39909 0
34160 0
34950 0
37160 0
35269 0
34620 0
33670 0
35910 0
34400 0
36770 0
34520 0
35449 0
34200 0
35200 0
35529 0
35709 0
33940 0
36020 0
34619 0
38130 0
37100 0
36670 0
35560 0
34950 0
35350 0
32959 0
37320 0
35210 0
44229 0
34119 0
35790 0
34379 0
35709 0
35150 0
37080 0
33750 0
38099 0
38070 0
35819 0
35049 0
35600 0
36140 0
34259 0
35149 0
34960 0
35250 0
33859 0
35980 0
34020 0
35960 0
34680 0
35620 0
35160 0
39400 0
37130 0
46070 0
35239 0
34079 0
36320 0
34200 0
35069 0
34680 0
34690 0
34210 0
35699 0
39530 0
35140 0
34129 0
35710 0
34160 0
37129 0
35989 0
37680 0
35880 0
35859 0
37880 0
34000 0
36220 0
33969 0
35600 0
35750 0
35389 0
35200 0
39420 0
35169 0
39640 0
34330 0
36960 0
37149 0
36990 0
37140 0
36410 0
36760 0
34480 0
35870 0
34619 0
35590 0
35410 0
34609 0
34380 0
36650 0
34630 0
35409 0
35619 0
36260 0
35929 0
36390 0
35010 0
37490 0
34740 0
36629 0
43820 0
35969 0
34569 0
36990 0
33870 0
36120 0
33940 0
34690 0
34959 0
36510 0
35980 0
35400 0
37150 0
35920 0
37230 0
34239 0
35519 0
35830 0
35080 0
35750 0
35110 0
34630 0
35470 0
34230 0
36640 0
34360 0
37399 0
34420 0
51160 0
36669 0
35959 0
36580 0
37890 0
36059 0
34940 0
36010 0
35430 0
39379 0
34390 0
35660 0
36879 0
35750 0
35350 0
35970 0
34069 0
35390 0
36770 0
37310 0
35870 0
34690 0
35919 0
34539 0
35580 0
34280 0
36449 0
41220 0
35960 0
34830 0
37130 0
33760 0
35440 0
34930 0
38940 0
35050 0
38129 0
38379 0
34900 0
37040 0
34289 0
34770 0
34800 0
35900 0
34770 0
35420 0
35260 0
35999 0
35229 0
35250 0
34639 0
35549 0
37200 0
35640 0
38189 0
43759 0
35660 0
33589 0
36259 0
35480 0
36860 0
33040 0
38830 0
35170 0
35890 0
33710 0
36620 0
34210 0
36749 0
37320 0
35910 0
37580 0
34710 0
35360 0
36220 0
35130 0
35779 0
35210 0
34989 0
36789 0
33800 0
37060 0
34749 0
41230 0
34850 0
35040 0
37190 0
35860 0
35110 0
34330 0
36249 0
37530 0
36150 0
34100 0
36640 0
35620 0
34860 0
33230 0
37530 0
35730 0
35209 0
35520 0
35660 0
34999 0
35819 0
36490 0
35690 0
37019 0
35870 0
35700 0
34240 0
41750 0
34430 0
35610 0
34829 0
35850 0
35450 0
36019 0
35659 0
36570 0
40039 0
40660 0
36120 0
33880 0
36799 0
35659 0
35740 0
36060 0
36040 0
35970 0
36780 0
34100 0
36239 0
35450 0
35830 0
34549 0
37900 0
37540 0
43569 0
37019 0
35390 0
35390 0
34220 0
36110 0
34820 0
35739 0
38569 0
41210 0
39620 0
42639 0
42400 0
40190 0
37160 0
36520 0
37769 0
36319 0
37250 0
34220 0
35730 0
35549 0
36340 0
35389 0
34930 0
35100 0
35220 0
42980 0
36780 0
35410 0
34909 0
36220 0
37340 0
37570 0
36720 0
40119 0
40710 0
43309 0
39460 0
40610 0
33919 0
38029 0
34670 0
35670 0
34359 0
36270 0
34020 0
34980 0
34510 0
36190 0
37240 0
36340 0
34199 0
36410 0
42739 0
34269 0
36140 0
34140 0
35650 0
32850 0
35660 0
33540 0
37349 0
37080 0
36480 0
34910 0
37790 0
36900 0
36329 0
36279 0
37860 0
35560 0
35660 0
36370 0
35590 0
34519 0
33890 0
35110 0
34310 0
35029 0
34929 0
35860 0
41680 0
36619 0
36300 0
36660 0
35470 0
37389 0
36060 0
35440 0
35709 0
36320 0
32750 0
35640 0
35499 0
35690 0
35000 0
34829 0
35250 0
35020 0
36840 0
35559 0
36000 0
34560 0
37090 0
35429 0
35310 0
35240 0
35670 0
35040 0
47010 0
33909 0
34919 0
34500 0
36390 0
36180 0
35150 0
35100 0
34769 0
36620 0
34950 0
35289 0
34380 0
37380 0
33590 0
35939 0
35110 0
35880 0
34580 0
39059 0
35110 0
35540 0
34860 0
35789 0
33780 0
35499 0
36909 0
35890 0
52620 0
35659 0
34280 0
35060 0
35269 0
35369 0
35350 0
35000 0
39949 0
36350 0
35620 0
34349 0
34949 0
34590 0
34660 0
36420 0
35629 0
35620 0
37090 0
36420 0
37780 0
36320 0
34620 0
35790 0
36070 0
35680 0
33550 0
42240 0
34900 0
35589 0
32949 0
35840 0
36090 0
34590 0
37680 0
37150 0
34990 0
33889 0
35410 0
35259 0
35250 0
34220 0
36760 0
34329 0
36100 0
33240 0
34920 0
33549 0
34240 0
40060 0
35250 0
36549 0
34110 0
35440 0
34429 0
42280 0
36290 0
35180 0
33470 0
35120 0
35270 0
34819 0
32750 0
35090 0
34879 0
34959 0
36180 0
35610 0
35599 0
34370 0
35920 0
34320 0
36279 0
35430 0
35050 0
34260 0
35639 0
35210 0
38070 0
33989 0
36110 0
34000 0
35460 0
39850 0
37300 0
36180 0
33289 0
36750 0
34250 0
35219 0
33039 0
35730 0
40170 0
40559 0
41880 0
41320 0
38980 0
39649 0
35030 0
35039 0
36280 0
37470 0
34520 0
34070 0
37129 0
33670 0
35380 0
36440 0
37750 0
33410 0
35770 0
39410 0
35460 0
34469 0
35169 0
34280 0
37690 0
36799 0
36679 0
34490 0
36039 0
42670 0
40390 0
39800 0
35349 0
36450 0
34320 0
35430 0
34240 0
36300 0
33750 0
35570 0
35599 0
36720 0
36220 0
36870 0
37790 0
34220 0
42709 0
34380 0
35670 0
33379 0
35509 0
32330 0
36520 0
34850 0
36519 0
34570 0
36470 0
34779 0
36010 0
37460 0
37209 0
35889 0
34900 0
35100 0
34629 0
34120 0
33950 0
35339 0
35619 0
34200 0
34170 0
35370 0
33790 0
35510 0
42009 0
43669 0
37390 0
36040 0
36579 0
35500 0
35550 0
34909 0
36070 0
39880 0
42580 0
41079 0
41610 0
40070 0
39219 0
35410 0
36230 0
36270 0
36630 0
37590 0
36660 0
36429 0
35680 0
36040 0
35839 0
36070 0
34630 0
41969 0
35150 0
38250 0
33890 0
35449 0
34000 0
36410 0
36030 0
40010 0
42700 0
41750 0
40339 0
42890 0
35360 0
34489 0
34280 0
33780 0
34530 0
35140 0
34050 0
35800 0
33489 0
36430 0
33400 0
34540 0
34809 0
34640 0
42470 0
35999 0
36580 0
34700 0
37750 0
34370 0
34850 0
35090 0
38039 0
40760 0
41100 0
40149 0
41740 0
40050 0
38909 0
34059 0
35490 0
36830 0
36989 0
37850 0
34670 0
36300 0
35490 0
35910 0
34290 0
35380 0
35410 0
49590 0
34569 0
36859 0
34150 0
35979 0
35020 0
36950 0
39540 0
41960 0
43159 0
40590 0
39729 0
38910 0
38010 0
32379 0
32389 0
34170 0
33340 0
33849 0
35409 0
31920 0
32690 0
31129 0
32570 0
34340 0
32200 0
34120 0
32249 0
47290 0
32909 0
34329 0
31180 0
33780 0
31909 0
31820 0
31420 0
34420 0
32750 0
33270 0
31450 0
31730 0
34180 0
32719 0
34100 0
33190 0
33319 0
31570 0
32910 0
31950 0
33800 0
31180 0
33100 0
