23200 12
41099 5
49220 2
5360 13
41090 10
3379 13
420 11
6640 6
13940 14
8479 7
4900 7
4600 7
4670 6
10360 9
3870 3
12330 5
310 11
4040 1
6090 0
8360 6
3150 9
4570 2
5730 7
7600 1
4940 3
4010 3
220 11
2920 13
15349 10
3991 3
4791 2
69049 8
4670 10
3230 3
19140 10
4180 2
5390 12
4510 6
3570 4
7909 14
2971 1
6929 1
16840 15
2920 7
3670 6
5070 6
3400 6
4420 14
3540 1
6360 15
9400 15
3480 8
3330 12
4370 6
2880 9
3150 5
21930 15
3690 1
3420 13
4740 8
5360 13
3929 2
3220 3
3571 12
4709 14
3080 7
3560 13
2171 12
12079 10
16350 14
24870 15
3800 6
3520 1
9220 15
4340 4
3850 10
5340 0
3330 5
3310 6
6780 12
10209 10
2920 9
231 11
13480 14
3280 10
4220 6
3980 4
229 11
19110 15
9480 15
3090 1
10420 6
3030 15
3450 13
4900 4
3780 9
3540 5
3200 2
2310 12
3910 6
4090 14
3120 7
13300 10
3770 1
11480 15
3951 0
2931 1
3720 4
3780 3
249 11
3889 6
249 11
2751 7
3549 4
2150 12
10990 8
3580 5
4240 14
220 11
18560 15
11360 15
16780 15
3060 13
6530 12
3850 1
4140 5
2610 15
6290 6
5000 2
4110 3
7529 14
6700 2
2791 7
4089 12
3820 3
2800 7
3420 8
4440 4
3060 13
3150 2
3780 10
2210 12
5850 10
9960 15
3690 15
4130 8
3810 3
3020 13
3830 15
2570 7
4610 10
6060 8
6540 12
11480 8
2250 12
3240 3
2870 13
2820 13
16920 15
3940 1
4329 8
2940 15
3989 6
3250 1
2560 9
4930 10
4130 3
4010 4
3690 14
2970 2
2860 7
3540 8
3770 5
3770 13
2650 13
3030 13
3760 6
3210 5
3530 1
4280 2
3150 14
2670 1
3270 5
3170 3
3050 9
2730 9
2800 9
3820 4
3150 13
2940 9
4200 3
3460 4
4700 12
4190 9
3579 6
4220 0
3600 5
3080 1
2829 9
3120 5
211 11
2789 9
3060 5
189 11
9519 14
3750 4
3130 13
3770 6
270 11
4270 14
5000 8
2640 9
3800 5
3430 0
2690 12
3670 13
5480 14
16570 10
2680 9
3970 4
4820 2
3840 0
1960 12
11580 8
3470 2
3020 7
21869 15
3171 5
2899 1
3950 8
3530 2
2730 12
4620 3
230 11
2930 9
2690 9
3450 2
4150 6
3720 0
9440 10
26090 10
2850 13
3890 8
7090 8
3470 5
4580 1
22450 15
2789 9
3971 2
11969 10
50420 15
4240 3
3260 2
3420 5
3530 2
220 11
14010 10
3390 1
9960 6
7970 14
3700 2
4789 1
3131 13
4140 2
3271 5
249 11
5951 14
15569 15
2390 12
3140 7
3110 2
2740 7
3160 3
2810 7
3260 0
3440 5
3010 14
7220 8
2650 7
3370 6
2690 9
4290 10
3570 10
2860 1
6230 14
3250 2
6780 1
3210 6
4910 8
3080 12
3410 6
3090 5
8980 14
270 11
3430 4
3850 15
3600 13
3529 5
29319 12
14690 14
3140 6
3540 4
2960 1
3220 14
200 11
3840 4
7190 5
2740 7
2730 9
6020 2
3060 13
4850 0
5570 12
3270 12
24270 10
3580 2
3940 2
3489 3
3840 13
220 11
2991 2
3091 2
3060 4
4880 14
6419 12
3160 0
4600 10
2810 7
2930 14
4000 3
7930 14
2980 9
240 11
230 11
2640 1
3570 9
5070 12
4310 4
4790 12
3780 3
3110 3
3260 4
2900 7
2860 2
3560 1
3260 3
7370 2
6200 8
4160 6
3110 5
3220 5
2799 2
4431 4
3909 6
2960 6
2120 12
3271 5
3220 9
3320 5
3349 1
271 11
3159 2
2800 7
2940 3
2700 7
210 11
4240 0
8130 10
2860 5
3070 0
3660 2
3990 6
3410 2
3880 6
2820 14
13160 12
4460 2
3330 6
4600 7
3910 13
16550 15
2850 1
250 11
3600 9
4010 4
16380 14
260 11
3249 0
3071 3
15200 8
2589 12
4180 0
6810 14
3410 0
5360 10
3800 4
13140 15
4370 1
4000 12
9190 14
2940 2
20270 10
3050 13
6850 3
210 11
3370 6
210 11
3480 7
3840 1
4090 0
4329 14
3480 1
3960 3
229 11
3220 5
3780 6
2780 9
2989 14
3349 1
4920 13
2900 14
2850 13
6110 10
2950 6
3990 13
2670 7
2740 9
3250 3
3310 2
31610 10
8530 10
2880 5
8810 10
4840 6
3090 9
2970 6
3080 2
3489 2
2789 9
21700 10
3070 5
6300 14
2670 9
3300 1
3830 0
2850 9
4180 6
3130 6
11940 15
230 11
16770 8
200 11
11770 15
3560 4
5170 12
9750 15
3410 10
3960 5
9879 14
231 11
2749 3
189 11
220 11
4271 2
3029 6
22290 8
3910 1
4260 4
2650 15
3780 6
3060 1
3560 2
3630 1
4570 0
3440 2
3720 3
3590 10
3160 1
3490 6
2810 9
18130 15
240 11
3090 13
2900 7
2790 14
3730 2
230 11
5060 4
2840 2
3120 13
4020 2
16669 10
2900 3
4540 8
2780 9
3400 1
4349 0
5300 8
2800 2
2720 13
2800 12
3040 10
2890 3
12600 8
3120 6
9660 10
250 11
3060 15
3100 0
3750 0
2880 6
3860 10
3410 4
5830 14
3230 14
16600 12
2780 7
4659 12
9571 15
2969 4
3131 13
5300 6
5100 5
2999 1
2720 1
7120 0
2990 5
3120 13
3450 10
2960 7
3100 4
6430 15
2900 7
4060 10
4010 1
3010 8
2850 2
4210 14
5100 14
220 11
2910 7
2880 9
5850 15
4390 9
2840 3
2770 14
240 11
4030 13
3810 3
3490 6
7179 4
3351 5
3529 4
6660 12
211 11
3260 5
3189 5
9380 10
24410 8
4420 4
3380 6
11740 15
3540 15
3110 1
3200 3
3040 13
2770 3
3530 4
4760 2
2950 7
5750 10
2750 9
3090 12
3330 6
12170 12
3070 9
3280 4
280 11
2979 6
3300 13
2880 9
6529 14
26259 10
2950 7
8100 8
2980 1
8610 15
10250 15
2820 1
3330 6
3600 4
2940 3
2130 12
3340 2
2990 13
4840 14
3140 12
2810 6
34679 15
3311 9
3289 10
3580 14
3040 9
2911 7
3389 3
7620 15
260 11
3000 1
5190 4
9780 10
2730 7
3250 3
3300 9
260 11
10060 14
3830 3
2990 9
4040 4
3750 13
3220 5
2980 7
2930 7
25450 15
3080 13
2779 2
2700 9
3611 4
3160 3
3889 8
6200 1
4109 0
3900 0
12180 8
3160 4
3850 5
10690 10
4580 13
12630 15
14300 10
5190 8
2960 7
3730 6
3100 4
2660 9
2920 13
3770 5
4250 15
3550 5
3200 9
3100 9
3030 3
4059 0
2840 0
3120 7
2840 0
3160 14
4049 10
3380 4
3560 0
3610 6
3720 4
3450 9
3450 15
5510 14
2860 13
4850 13
10770 15
3490 5
9030 12
2890 9
3900 6
3450 6
21600 8
4140 13
2770 7
3110 2
2900 9
4880 12
14190 8
3770 3
13579 6
9980 10
280 11
3831 5
3451 3
2989 15
3200 15
3160 0
2840 9
3590 3
3150 6
2960 7
3380 14
3600 2
2890 0
5670 8
3850 4
2940 3
3480 0
4150 4
2780 7
3120 9
3890 13
3320 8
6330 15
3660 8
3900 6
2880 13
3360 5
4440 12
3770 6
2990 2
2920 2
3370 10
3869 5
35710 10
2770 7
2890 4
3370 6
3110 12
3170 12
8130 12
4210 13
3490 4
3610 4
2950 2
5340 12
3230 4
3080 6
3120 4
3380 13
2890 6
3610 3
3020 9
4670 10
32950 14
3140 2
17829 14
23770 10
2680 9
4020 4
3030 2
3810 3
2840 1
4040 2
2680 9
3590 6
3780 2
4990 3
3010 13
29480 12
5850 10
3490 6
3279 12
251 11
12191 12
2289 12
3809 14
9980 15
3550 4
3211 7
12399 15
3050 0
4700 6
2840 7
3520 4
2970 9
3030 1
5530 8
3290 13
3860 12
3360 13
5640 8
2790 7
3840 10
7770 8
6330 5
19850 15
3370 5
3510 3
2710 9
3580 8
4439 14
3391 10
11860 15
5329 1
3729 15
4370 6
3210 8
3670 0
19210 15
5100 8
2750 9
2880 13
230 11
240 11
3130 1
9890 10
2740 7
3280 6
4440 0
4610 13
5470 8
11280 8
3260 2
3810 7
12030 12
2889 7
15071 10
10109 14
3160 10
3390 3
2530 12
2770 12
3500 13
2880 6
230 11
18340 15
3060 5
18390 6
11820 12
3070 13
33039 6
2771 1
3429 5
4589 8
5520 4
3331 5
3340 2
4669 13
4000 13
4860 0
3570 13
4550 0
9780 10
3100 12
3260 6
2900 9
3420 13
4480 4
3470 3
10190 15
3460 4
3610 5
3540 4
220 11
3220 4
3490 4
3520 14
3440 4
3080 13
2900 9
19229 8
2711 7
2849 8
3449 9
3240 2
3169 13
4051 4
3209 13
3869 2
3491 0
231 11
3669 1
3140 15
3130 3
2810 1
3460 13
3860 0
3510 2
3030 13
3190 9
280 11
3420 4
3040 3
5300 14
4480 14
17500 6
3330 0
3490 10
3960 1
3520 13
270 11
3160 13
2670 7
3110 15
190 11
3160 1
3240 5
2870 7
3440 12
3720 4
13790 10
2800 7
3809 14
4920 15
4140 14
5759 14
4430 0
3470 1
9750 10
2690 7
2730 7
2830 3
3070 9
3880 8
2660 12
2910 3
3270 14
3430 10
3080 7
3620 1
4020 2
4130 4
3280 8
3010 13
2960 9
2830 7
4030 3
6570 8
4030 3
230 11
230 11
2110 12
2770 7
2870 7
3219 1
3640 0
3329 5
6160 15
3580 4
7149 12
3300 14
3239 3
3590 6
3830 15
2740 7
2790 3
4470 5
2550 12
2870 3
2830 9
3550 4
3180 5
3020 13
7310 10
4720 15
3780 2
3370 5
3040 3
