536316 3
447557 11
93949 3
97230 7
100390 9
97689 12
98229 5
95240 2
99070 13
101169 10
99499 13
95440 11
9129710 6
101379 14
98599 7
106259 7
101639 7
101869 6
96419 9
101080 3
108870 5
113999 11
96309 1
101309 0
100059 6
101430 9
102049 2
99259 7
94820 1
103639 3
95249 3
104059 11
98919 13
93760 10
100699 3
100609 2
105929 8
101139 10
103560 3
98989 10
99289 2
105740 12
98139 6
95169 4
98329 14
101740 1
95240 1
94159 15
96919 7
94419 6
98280 6
105999 6
93609 14
94219 1
102720 15
98309 15
96419 8
97620 12
96090 6
105069 9
138769 5
100739 15
90290 1
95689 13
94179 8
99309 13
97940 2
95170 3
94369 12
94449 14
97700 7
102829 13
91309 12
98480 10
103519 14
91960 15
92379 6
96510 1
96070 15
95879 4
97209 10
114129 0
95600 5
98599 6
90829 12
90499 10
95519 9
95609 11
94409 14
102410 10
96350 6
95169 4
104479 11
92810 15
97120 15
95739 1
104739 6
98839 15
98939 13
91529 4
96589 8
97629 13
106899 3
93999 10
92129 4
103349 9
98869 5
94729 2
93629 12
92000 6
98649 14
102429 7
10111513 10
87969 1
87459 15
86230 0
81879 1
79600 4
76019 3
81529 11
79620 6
75549 11
78230 7
80189 4
86099 12
76650 8
78559 5
75290 14
75209 11
78859 15
79929 15
77989 15
76340 13
76579 12
75939 1
77129 5
78439 15
86090 6
79129 2
76489 3
90429 14
74239 2
79000 7
76249 12
78099 3
76409 7
77179 8
79070 4
75059 13
75539 2
87050 10
78409 12
78570 10
73969 15
78729 15
80580 8
78109 3
75910 13
77879 15
76049 7
78669 10
77179 8
76820 12
80509 8
76429 12
75279 3
77109 13
77450 13
78699 15
79010 1
75469 8
75859 15
75829 6
77809 1
76500 9
75149 10
85029 3
77070 4
76359 14
74730 2
78169 7
77969 8
78800 5
74599 13
75400 13
78259 13
77039 6
77919 5
74709 1
83389 2
75319 14
76410 1
73929 5
79649 3
80440 9
74769 9
75260 9
76229 4
77140 13
75399 9
75999 11
76829 8
81189 2
77979 6
78479 7
77419 3
73860 4
77589 12
76140 9
76379 6
75610 0
74729 5
76349 1
79860 9
77649 5
82710 11
74879 9
78999 5
76850 11
76649 14
76609 4
77159 13
75749 6
76430 11
76529 14
75500 8
76739 9
75069 5
89849 0
79149 12
75190 13
75359 14
77070 10
83969 9
76839 4
76020 2
76589 0
77669 12
77659 8
77959 2
10086713 7
73050 15
75699 5
74020 1
78290 8
79289 2
74360 12
77899 3
74060 11
77089 9
75189 9
77299 2
74379 6
83100 0
78589 10
76680 10
74889 13
79819 8
78020 8
81439 5
73279 1
78510 15
79959 9
77200 2
76749 10
76949 15
88819 3
74879 2
75390 5
74649 2
77440 11
79299 10
73299 1
76040 6
75969 14
79690 2
76429 1
76269 13
76919 2
81349 5
73910 11
76709 14
75690 15
77410 12
76199 7
76860 2
73149 7
78660 3
76359 7
82209 0
78880 5
76749 14
80700 8
75779 7
76000 6
76029 9
77199 10
79940 10
77169 1
76339 14
73300 10
75999 14
75700 7
74319 0
74460 5
81059 2
79749 1
71850 6
76009 8
75110 12
78179 6
73370 5
73789 14
75630 11
77650 4
75909 15
74820 13
76669 5
83560 12
75879 14
75789 6
81170 4
75569 1
79480 14
76599 11
79289 4
78930 5
77079 7
76630 9
77050 2
79939 13
87240 0
75209 12
75240 12
79170 10
78019 2
88629 2
75049 3
75810 13
75190 11
75559 2
74780 2
75979 4
78399 14
83710 12
78729 0
78490 10
76379 7
77070 14
77930 3
79279 14
78320 9
76269 11
77279 11
76840 1
75309 9
73010 12
85209 4
76540 12
74380 3
76450 3
85810 4
90439 7
82789 2
75579 1
75809 3
77770 2
78659 8
78730 6
10090683 5
77620 5
76969 2
77070 4
76369 6
77359 6
73330 12
77989 5
75030 9
75859 5
74900 1
74279 11
75080 2
87260 7
74429 3
73310 7
76399 11
79580 0
87889 10
84959 5
79730 0
77849 2
74830 6
75249 2
78089 6
77920 14
81769 12
75999 2
75419 6
80259 7
77180 13
76489 2
76940 8
79280 1
77759 14
75180 5
76129 15
75310 1
69760 11
78459 9
69139 4
70359 14
68800 11
69899 0
78020 3
72649 8
71059 12
71230 0
70180 14
73280 0
68760 10
70460 4
70299 15
80890 1
70949 12
69850 14
71609 2
72660 10
74119 13
70370 3
71460 11
71409 6
70079 11
69469 7
70700 1
71049 0
69840 14
76539 1
71370 3
68059 11
69630 5
68750 6
69340 9
70290 14
70529 1
71849 13
70249 14
69790 13
69399 10
67700 6
69709 13
76230 7
70789 9
66730 3
72520 2
74449 10
82870 10
77399 5
71190 10
69829 6
70790 9
70579 6
70220 2
70880 2
69200 9
75679 10
72909 5
67730 14
68349 9
72420 1
81889 0
79370 9
70110 6
69910 6
69040 15
69799 11
71880 8
69199 11
81150 15
69629 4
69100 12
69399 15
70500 10
69009 5
69300 14
68720 11
68910 3
69040 11
67840 11
67240 2
68260 6
73010 8
67209 1
79600 4
69379 15
67910 6
69849 1
69639 2
71489 1
68709 0
70599 2
68790 1
69370 13
68859 3
68480 6
69269 11
70220 3
10084583 10
69189 1
70000 6
70289 9
68980 15
78689 11
80189 13
78710 7
72659 14
99880 2
67810 11
71059 4
71319 2
77249 13
68240 2
73319 10
69400 3
69549 8
68660 9
73919 1
69319 0
70649 8
69039 2
70459 13
69180 12
69710 10
70349 3
78660 8
69229 6
70360 10
71749 11
71049 15
69419 0
74899 0
68089 6
71389 10
70330 4
70369 14
70490 14
71219 12
69710 7
76519 12
68790 15
70719 4
71200 13
71559 6
76850 5
82380 1
76639 1
67230 0
71329 5
72130 13
67809 10
71550 7
69399 4
78249 15
68129 7
71209 10
69109 1
69319 8
68100 2
71569 14
69050 14
69059 11
68620 7
69159 9
68160 15
72410 9
69220 3
76790 14
67550 11
72630 13
71589 3
69500 6
70059 4
78180 5
74009 4
69469 12
69540 11
72459 5
68969 5
71410 10
68340 8
77449 4
70970 6
71059 15
69610 15
71039 1
68190 3
69109 13
69930 3
74209 4
69219 2
69150 7
68859 4
70310 7
67859 1
70110 0
75809 5
69600 10
69219 9
69440 12
70959 6
70600 12
69069 9
69950 4
68610 11
74009 6
70109 13
69749 9
68050 14
71979 10
76150 7
69859 8
70260 1
71509 15
69209 15
73710 1
74389 6
71309 4
68229 3
70650 12
72259 2
71520 13
70659 14
69150 12
84109 6
71519 15
71399 9
70359 10
69570 14
73849 9
70340 7
69189 3
69470 15
71179 11
69770 1
70279 4
71680 10
70880 7
10082113 3
70140 9
69940 11
71309 14
69110 3
69889 9
71560 4
72649 13
70840 5
69359 7
68559 7
71119 15
68599 13
72000 2
77499 9
70110 4
70319 3
69850 8
67469 1
74140 0
72769 0
70959 8
68939 4
72379 5
69309 10
69410 13
68680 15
70389 10
79080 8
71709 7
69650 6
70619 4
72090 9
68419 13
69199 5
70159 15
69670 5
69200 9
70720 9
70210 3
70209 0
67810 0
77769 7
70850 0
72349 14
68100 10
70919 4
71830 0
70290 6
68879 4
69159 9
71359 15
69739 14
68869 13
70340 0
70659 1
79620 9
68289 15
72020 2
69839 13
72340 15
71660 5
72330 12
72060 9
69739 6
68519 6
68689 8
70700 13
68949 7
68510 2
76939 9
71710 12
70639 8
69240 3
69560 6
73390 10
73500 11
68189 5
68840 3
70729 15
70710 15
70369 0
71430 9
71539 3
77079 6
70539 7
72079 14
70769 2
72459 0
71790 8
76159 4
71380 3
70259 0
70000 4
68919 7
70660 9
69660 13
70059 8
75679 15
70259 8
69640 6
69129 13
70270 5
70629 12
73190 6
68759 2
72940 2
70430 10
70900 5
70730 10
69529 7
70009 4
77259 6
68880 12
71329 12
74240 12
69029 13
70729 4
70219 4
72089 2
69500 12
71729 4
70070 6
71549 4
69310 13
69199 6
77930 3
70409 9
70640 10
68839 14
68769 2
71020 14
85519 10
71980 9
69929 4
71510 2
71469 3
75050 1
68039 2
72279 9
9089150 6
69260 2
69149 3
69249 13
70929 12
71650 10
69710 6
70569 12
67630 11
66879 12
67330 12
71269 14
70790 15
68499 4
75490 14
70209 6
68449 2
67890 10
67119 4
68679 7
68640 15
68849 0
69580 6
70090 7
69170 4
68320 9
66379 1
68260 8
71919 13
76730 12
66889 13
68590 8
68009 7
67560 10
70129 8
76179 5
70709 15
68599 5
67030 3
71269 9
68040 8
69209 14
70890 10
82039 15
68740 1
68699 15
67989 6
69539 8
68479 0
68580 15
68430 8
72079 9
69900 13
68639 11
68009 11
69479 1
69519 10
82830 7
71769 6
71340 0
68519 13
68019 8
68819 8
73139 2
67820 7
71029 12
68750 7
70619 10
69130 14
69209 10
69040 3
76919 12
66790 12
69009 13
70360 6
71849 11
68319 15
76930 5
69620 6
73909 12
67279 13
69930 6
69089 1
69790 5
70509 8
69510 4
78339 5
70449 2
70429 13
73659 13
67670 0
73219 13
70170 0
68859 10
67590 12
71189 6
68950 9
69059 13
69820 4
68909 3
76780 15
69669 4
68909 5
71600 4
69670 11
70850 4
69279 4
71370 14
69119 4
68950 13
69499 9
71680 8
70259 7
66979 8
77289 14
68899 0
69979 6
70389 14
70999 11
74269 9
74240 2
69769 13
68680 4
70579 13
71340 2
67939 0
69539 11
70459 1
78820 15
67979 3
69609 1
71300 13
71059 0
68490 2
68409 13
70550 9
70419 11
67890 4
67469 3
67820 14
69570 14
70199 6
80840 0
71389 10
70820 1
68819 13
69390 11
70809 13
71030 7
68089 15
70110 11
74669 1
71280 5
66650 7
70830 12
70789 4
10082403 10
68890 7
69839 14
70149 15
69120 14
68479 14
70710 0
71269 1
69060 10
70039 7
68480 7
73179 3
69370 9
67569 8
75230 12
67670 3
70529 14
68190 10
67739 7
68900 1
70839 2
68930 4
68799 8
69050 13
70139 9
67060 7
71039 3
70390 8
70030 3
103959 11
68600 11
67779 12
67340 7
69089 7
69030 1
68309 0
69769 5
68230 15
70200 4
66809 12
69160 14
70940 3
69789 6
79880 15
68969 7
69280 3
67719 5
67200 12
73599 3
68499 9
67680 4
69129 5
69590 13
70050 10
69550 15
68389 2
71599 5
76399 3
