218387 11
101079 5
147618 18
76809 7
234336 23
163788 19
239866 12
109678 12
184467 5
193007 14
126428 3
229716 21
80528 5
150398 11
130318 22
164987 11
79099 15
173167 14
63699 9
67839 8
85309 4
171557 7
133158 23
275566 14
154817 1
181907 20
51489 19
243166 1
135397 7
129378 20
245467 8
126667 4
30909 16
410793 14
74139 3
74299 4
119688 2
138098 18
224187 12
159738 3
163267 1
93659 3
79049 4
72099 17
130218 23
145558 2
78139 3
112508 23
135158 4
165138 13
81268 0
150308 6
76629 18
88738 23
108228 13
179428 23
253425 13
214796 1
62949 14
274096 14
312665 20
123128 3
164637 22
100989 5
153647 6
116659 14
208306 6
227877 5
158707 18
112448 6
167838 19
102068 17
189297 21
126848 12
195117 2
157328 10
97608 4
58249 10
309795 22
547771 23
35820 17
40099 17
137768 23
78059 8
145768 20
53530 18
115908 10
405143 14
70219 19
204737 12
226736 6
218717 21
151567 3
109258 23
396083 22
173737 14
108398 21
162198 15
92129 4
155837 0
109009 14
109398 21
65899 6
224877 23
83399 11
110758 3
80899 21
188747 9
415754 21
110018 20
154518 11
90159 3
162308 5
104899 6
172947 14
98748 22
150117 4
125758 13
186237 7
170547 3
241046 17
131898 6
22539 16
145078 1
99568 22
17540 16
96819 15
160197 14
342995 21
112449 23
76709 2
9900 16
103298 2
247666 6
51669 17
148658 3
85748 12
80449 18
60659 18
202677 1
116188 7
62799 4
183387 10
99719 21
180437 22
86618 4
24690 17
191627 2
291475 11
132698 6
245056 22
110878 21
108178 19
120478 19
99719 12
91828 3
151088 11
241987 23
106728 9
112058 0
337935 17
9980 16
85078 2
115248 23
92679 3
144958 7
263756 22
12780 16
156788 10
77189 0
145438 11
322285 20
94289 2
81668 0
82738 3
129888 14
61319 9
170168 2
197777 20
120709 0
98508 1
189117 10
117888 2
239336 0
167698 13
100868 5
68409 8
128998 1
297985 0
106748 18
172588 6
87938 19
200377 13
89979 17
84488 23
126527 2
83758 7
155478 7
87628 18
98109 22
121728 12
129778 11
79428 2
106579 11
181487 19
240636 20
420283 0
361275 14
115958 0
144138 9
174867 3
87819 17
66730 13
171288 18
93188 8
63219 17
141238 12
68319 3
207667 12
186877 10
126068 0
260416 7
152178 5
69289 12
298895 8
79269 19
317765 8
150018 13
119578 23
145448 22
271866 9
265506 19
132698 6
204647 8
148897 7
72719 4
47349 17
81439 6
67689 18
157378 0
22329 16
214877 12
262556 6
115809 8
204217 10
105908 1
134958 10
12359 16
222517 22
84999 23
307895 23
145407 10
154728 19
138418 2
138278 12
40599 17
140518 19
334085 5
148217 19
130988 21
121988 8
234286 22
223656 19
132068 23
109168 10
109498 23
78239 2
64679 18
98359 10
77049 3
223827 4
125818 7
158707 5
178097 2
89438 3
74049 7
108618 14
358435 9
41670 17
79569 3
114119 10
133298 20
119708 19
109518 18
105678 22
95009 1
165347 15
289466 8
130767 9
102439 11
92279 4
65230 10
8970 16
160578 8
74649 4
96688 7
226706 5
209487 1
53399 19
128148 8
233127 22
164848 23
110288 10
195857 4
243176 20
103119 5
189837 10
142438 11
209967 10
317715 10
122998 18
129538 6
146468 4
328075 1
128709 0
110249 7
168897 2
199687 21
66279 9
108698 9
49400 18
122567 0
132007 0
96198 11
11400 16
81678 5
252686 21
81329 15
245966 19
88009 8
94508 11
143228 3
457333 0
130658 2
91658 11
168168 4
8989 16
77639 14
105188 14
84978 9
20500 16
101958 10
119599 2
167588 5
35789 16
175397 12
334414 0
306995 1
145988 1
99019 18
169157 18
100138 23
212487 8
144058 2
95998 7
83959 23
206516 4
108579 14
120588 14
157837 17
94669 8
214046 20
93549 22
79039 1
199667 5
178047 12
348144 22
119598 7
168247 12
264316 18
69149 8
272966 4
84029 18
12110 16
58579 13
10589 16
86619 3
121678 2
67649 8
181847 2
33840 16
104798 17
144108 19
187057 9
25689 17
95439 18
99518 20
188717 6
98949 11
137318 4
94249 2
93059 8
233527 14
61899 14
81649 3
96669 15
103359 6
355535 21
87248 9
73448 0
131818 10
186897 17
157108 4
194376 2
176417 7
103618 15
210237 7
159307 11
116248 3
209896 9
127358 5
167228 4
132718 10
222356 1
167447 18
73999 0
78199 6
100968 6
65779 19
115228 22
78549 17
326845 14
65279 6
103158 20
114428 14
126738 1
98359 22
105228 21
82729 6
122618 11
166947 22
277056 21
137448 5
43429 17
203717 18
94459 9
172018 9
98928 19
108059 4
174108 14
134977 5
34099 16
201677 0
88058 12
330404 6
86919 23
12170 16
159597 12
96619 8
24739 17
78919 19
62459 19
258016 14
160507 20
110219 12
90079 7
232536 14
87508 5
169517 11
136237 17
381214 21
204637 0
210607 12
494672 21
178707 9
80919 17
86878 0
146948 14
195707 7
114798 0
18220 16
14640 16
138647 22
273536 22
185447 1
156578 19
84748 17
136508 12
132998 5
228417 2
10729 16
201797 21
60189 13
116378 14
87679 17
220277 21
217737 5
145748 19
326045 5
132198 15
238857 18
215846 2
130398 14
93399 17
161267 5
165688 10
116449 7
238956 22
208136 6
182467 3
101838 23
31559 17
59390 14
65859 7
175807 20
123198 14
102218 9
93259 10
65559 13
11469 16
96698 2
116508 9
81739 15
186577 1
159447 0
387973 9
151888 21
128148 5
88509 4
165907 20
98468 6
81719 11
135248 6
167167 9
82059 8
18979 16
145158 21
363884 20
78588 13
90009 3
214557 0
89259 6
158538 14
210457 0
152018 6
33909 17
31810 17
81958 3
120738 9
181068 18
150937 15
159588 10
89328 22
261836 17
289396 13
105648 11
386314 21
92988 13
150308 0
109658 15
88589 10
224866 23
219317 13
138028 18
165477 7
77929 3
123608 11
218796 3
117839 8
168437 13
147207 6
166057 9
156867 12
149228 12
75549 15
68169 7
184317 21
190567 18
193017 21
101458 22
164358 21
12870 16
96719 18
108998 12
17770 16
115848 23
60199 17
198287 22
138038 5
100058 13
219377 20
2258864 3
73049 13
86289 23
55390 4
85179 20
75829 11
134788 2
51169 17
151588 23
148267 9
151388 6
245196 11
148948 2
27719 17
83279 8
148627 19
249236 22
100129 11
207757 21
103018 13
109459 22
94709 15
87949 20
66128 10
110408 11
445253 21
119178 22
158467 2
55639 6
108409 12
124208 4
260236 18
320986 20
120288 10
228226 11
212787 10
122108 8
99648 9
98558 3
103888 2
167447 23
71249 14
100859 6
164308 1
125158 22
149738 9
103829 9
223306 5
181057 21
315495 0
133449 1
67068 13
261466 2
180257 2
142198 9
115708 6
88409 1
69239 14
80559 14
377425 0
192697 20
286846 8
189577 19
77989 8
147927 19
203777 6
196487 15
116638 19
199697 12
241916 21
55979 18
91249 6
121678 14
156698 2
130527 23
92178 11
447173 15
61259 18
107158 8
173528 8
307085 22
392134 8
206866 2
157478 22
153157 10
123768 19
120388 13
224297 23
84759 9
82378 3
92779 1
133737 22
70579 14
26040 16
149748 19
205606 11
112179 11
119768 20
190287 1
313105 1
123658 11
263026 19
247346 15
125208 5
118798 4
242696 23
378454 10
113208 17
91509 19
119158 4
82179 11
104408 1
140568 4
192237 0
9880 16
9800 16
209696 22
76949 14
311065 0
424063 0
127318 7
138918 9
128978 10
167787 13
124248 6
146238 6
146148 0
125088 21
181537 5
70259 17
116208 2
77069 12
113648 5
24550 17
94559 13
100949 7
139078 5
81239 22
159608 13
83679 0
116938 6
170988 0
96419 22
247206 2
107738 0
183097 11
77099 13
82669 10
253706 6
9880 16
162987 2
217267 2
102468 23
135908 13
315405 22
149598 10
67528 17
104458 3
160007 2
116098 11
108559 15
78309 17
283485 23
91529 13
183447 9
29899 17
90039 19
111908 6
92729 19
63449 3
187617 2
54349 13
144928 4
69189 11
18650 16
89289 11
165637 21
250186 22
217387 20
154397 21
231057 19
150557 11
29680 16
163217 6
125308 15
63739 6
223686 5
88318 17
143838 2
65929 12
65839 18
172117 9
99069 6
203247 6
71109 3
133898 9
110808 12
215697 14
119298 5
148498 13
84078 2
91949 4
109868 3
52579 12
72429 8
104628 17
98068 11
113338 22
138058 5
88099 18
85648 13
126338 10
160608 1
78188 0
202386 14
111429 15
159007 18
446483 23
169917 6
71519 13
102608 19
290645 21
126938 9
60889 18
74469 12
61129 18
218516 10
190267 4
101739 20
119928 18
124118 14
198377 0
62189 18
14979 16
94238 11
107398 5
141068 10
122298 13
109358 22
138448 15
105669 4
202287 4
97299 3
47459 17
135508 12
77899 6
182987 20
170297 20
118808 0
103959 0
100038 12
86178 2
84779 18
55199 17
144398 6
146418 22
126528 20
147427 13
79768 18
128038 12
137008 5
179847 0
146018 1
179947 21
175667 3
300056 4
148298 18
442493 14
235806 7
175468 23
140597 20
213446 2
190557 13
171377 11
137738 5
90309 17
173337 11
101788 23
86859 0
193367 21
210787 3
138568 5
192277 19
309535 4
173747 23
103358 10
295115 6
142958 21
173097 18
83179 6
102148 21
271745 3
290306 11
233547 6
119018 3
174087 6
269696 21
315845 21
158657 22
55879 14
169458 19
118098 20
138848 1
82079 3
397984 23
128898 21
164798 18
184687 22
101108 23
177497 1
167118 8
173187 20
152118 6
153607 19
135568 1
115468 6
222236 5
145898 0
10790 16
251796 7
150478 4
90748 5
64019 13
172327 21
109019 9
102388 8
133408 10
315635 13
111798 3
70569 11
160188 13
171957 15
100748 9
90389 23
545261 14
112519 2
248856 12
72138 17
114189 19
88118 1
241856 10
107919 2
99558 17
57469 14
88829 10
137848 9
141608 19
163128 9
167957 13
254956 6
196987 12
138268 22
294435 3
136818 12
258676 18
296165 7
164138 8
340765 8
192617 4
125988 14
11570 16
86459 0
137648 22
150858 18
28229 16
308306 23
90048 13
115258 15
130607 0
128518 7
73639 6
209597 2
119318 10
728778 1
62479 9
166067 20
96088 5
108058 15
74588 19
86028 17
97908 0
130167 3
150557 4
68509 19
157388 0
86058 8
95049 20
127329 9
77259 15
109139 10
117079 1
168987 23
104229 20
104109 20
121088 14
156288 1
228167 14
122878 21
109208 4
102998 5
184526 4
9440 16
218487 2
97039 9
154568 10
171267 3
118238 21
130987 21
128858 23
172447 21
95999 13
83389 11
268845 9
80978 8
126418 7
18620 16
71069 6
91628 5
76399 15
