27240 4
18229 4
9160 6
6300 4
11610 7
10960 1
10350 1
16030 1
9920 7
8810 1
3110 1
4560 1
41210 5
10090 2
5120 6
6460 6
5620 6
610 0
6340 6
5800 4
6130 3
9960 1
11590 5
8050 3
5810 1
5290 5
440 0
300 0
370 0
4760 4
5680 7
7920 4
4750 1
10911 3
6540 7
5160 3
5830 5
3590 5
5850 2
270 0
4540 3
4120 7
4740 6
7880 2
3900 6
260 0
3640 1
6860 1
3750 6
7750 2
9800 5
5540 4
4350 6
4570 6
4920 4
4680 5
5550 2
3740 2
3960 6
5671 3
9751 2
5711 4
3430 1
4070 1
4760 1
4960 5
400 0
220 0
4530 2
6050 1
3940 5
13570 2
5350 2
4960 3
14080 7
6260 4
5630 4
4410 4
290 0
3840 2
290 0
7430 3
5190 1
4289 4
531 0
3889 7
5940 1
3560 1
7040 1
329 0
3930 6
5130 3
6530 1
3790 6
5740 2
9920 3
5080 5
8390 2
4940 5
4430 2
280 0
5390 3
280 0
7270 5
6970 3
5680 6
3720 1
420 0
260 0
4760 6
6750 6
4710 7
12809 7
6860 1
6279 3
5490 6
4720 4
340 0
12860 7
3960 3
4150 5
5350 6
3870 2
7100 3
9230 5
4920 7
6520 6
7230 1
3690 6
4740 2
5750 7
5340 4
4920 5
8200 7
4680 4
4300 6
5249 1
4431 4
7160 7
6970 5
5090 7
3520 1
6380 1
4150 3
5480 3
4070 4
3910 5
5100 6
3530 7
290 0
6290 4
2950 1
370 0
3310 1
6200 7
4000 1
460 0
3710 2
7260 6
2560 0
7110 1
410 0
280 0
12200 3
1860 0
8311 3
9929 6
7960 3
4310 7
230 0
9220 5
5630 5
730 0
6230 6
2940 1
410 0
7320 1
5320 4
400 0
5310 3
5820 3
11410 4
4040 3
14310 4
5190 2
4389 3
4569 4
711 0
4349 6
5540 4
8549 4
6600 7
5090 6
4390 3
7310 6
5910 6
280 0
340 0
6120 4
4740 1
5240 6
7090 2
250 0
5410 3
5160 5
7100 6
5060 5
26470 7
8760 7
13400 5
4689 5
4650 5
5800 1
4610 6
7630 2
10570 3
3540 1
5390 7
6610 7
5580 1
470 0
300 0
4160 2
9280 2
6360 1
8530 2
3840 3
8460 5
5570 6
2260 0
14480 7
6780 2
3840 6
4080 2
3660 1
3540 6
7610 6
6920 4
6120 2
3800 2
6030 4
7120 3
4200 1
280 0
4250 7
270 0
4660 4
9240 6
4620 2
7620 1
4970 2
2640 0
5340 3
7960 3
4431 4
289 0
6131 3
4309 4
5951 1
289 0
6380 2
3700 3
4300 5
5380 4
330 0
4060 1
4810 5
6480 5
3840 7
290 0
4060 6
8660 2
4300 6
4010 3
7060 5
6880 7
7350 4
5950 6
6320 2
6530 5
340 0
8010 4
6030 7
3540 3
5431 4
3840 5
611 0
7400 6
4509 2
5710 4
4130 6
5260 1
3330 4
5900 6
5840 2
480 0
4340 7
4040 2
5240 4
5080 3
3700 4
4690 3
4990 1
5820 6
9720 2
4370 6
5110 4
4330 3
4250 5
11029 4
6440 4
5331 2
4680 5
4720 5
3450 1
5620 7
5420 3
8210 3
25960 7
3280 4
6670 5
3950 2
7230 1
10480 5
3780 7
4800 3
410 0
280 0
3360 1
4410 4
4530 6
4579 5
4391 7
4780 3
4969 6
4089 2
7679 2
6020 4
7270 6
5290 6
4250 3
6610 1
340 0
4040 6
420 0
5550 2
5580 5
3570 6
450 0
4050 5
4980 3
4940 2
5750 3
22380 3
4240 6
3940 0
6460 6
4600 1
6620 3
4280 6
6060 1
4589 3
4090 2
3880 6
6520 1
5310 3
350 0
3460 3
21820 7
4040 4
6600 1
5570 2
300 0
290 0
6470 7
7280 4
10090 3
260 0
420 0
5210 3
8880 7
5209 4
5931 6
7089 2
4391 4
4240 4
7669 1
3960 3
4270 1
7810 4
2930 1
5780 5
5320 1
5870 6
5940 4
5350 6
4930 3
4580 7
7400 3
3380 5
11310 6
13180 6
4659 7
3549 1
491 0
4760 2
4400 6
6069 4
23459 7
3140 4
6140 6
8800 4
6590 1
5050 3
4670 1
8080 4
4900 1
3200 6
290 0
6860 2
7850 3
4210 7
4450 5
8920 3
1770 0
3479 2
11780 6
7640 6
309 0
6860 6
7270 4
720 0
5610 7
7190 6
6860 2
5800 4
270 0
6730 3
400 0
5220 4
3600 3
3310 4
4650 7
6620 2
3860 6
6090 2
4530 3
4130 6
4420 3
5290 6
6490 3
330 0
320 0
330 0
3440 2
3280 4
5909 5
8011 2
3391 3
3720 4
7240 7
9770 4
10620 7
12730 3
3500 4
4180 2
8960 3
5190 3
4760 5
2880 1
4590 3
4990 7
4550 6
3590 4
6560 6
8110 7
7309 5
4820 1
4040 6
12780 7
9870 1
4010 3
3370 1
5890 5
4710 3
8750 5
7850 5
4910 2
4180 3
6950 5
9180 4
3790 6
6350 3
4430 4
4060 2
6520 5
5570 7
4380 2
4149 5
4160 2
5220 2
289 0
360 0
4320 5
260 0
3900 1
4271 4
6190 5
6420 3
4920 3
3860 1
4000 5
7160 3
7900 5
9150 4
2240 1
4080 1
3830 6
6600 2
4360 6
7020 3
7200 7
3560 3
4400 2
3350 1
5990 1
3730 5
320 0
8420 7
4691 5
4949 4
3200 6
12209 3
5040 4
3380 1
10390 2
5680 1
8610 4
8990 4
520 0
7520 4
6720 7
340 0
3700 7
3740 2
12540 2
4090 7
6640 5
5410 6
4829 7
3960 2
9409 1
8340 4
10830 7
8720 3
6030 3
4050 5
5450 5
4030 2
3440 4
7740 6
4530 4
3980 1
3480 3
4000 4
3490 2
2280 0
4640 5
280 0
310 0
3600 1
8140 6
4000 1
270 0
3980 4
3510 7
7559 4
5911 1
4091 1
4209 2
3580 5
440 0
3700 5
4029 7
3309 2
9380 7
31280 7
7710 5
420 0
4070 6
3760 4
4820 2
330 0
4840 5
5870 5
6960 5
4430 6
7630 5
5330 5
340 0
4250 1
4040 6
469 0
6060 2
24479 7
5050 2
3840 1
5940 7
4180 6
4210 4
4600 5
650 0
4140 7
3730 2
8070 4
4000 1
4800 1
11680 5
3530 6
4620 4
4670 2
6350 6
310 0
4330 4
7880 4
4991 5
4580 4
229 0
4249 5
8131 5
460 0
3989 3
3729 5
6030 2
5280 3
4610 1
6850 1
5590 7
450 0
8170 5
340 0
15480 7
8480 6
3870 6
430 0
10260 6
4980 2
7020 3
6560 5
7319 1
6989 4
7160 7
9740 7
3769 2
3810 7
300 0
4580 2
4590 4
5200 6
370 0
370 0
4470 7
4310 5
5410 4
10790 7
3320 5
300 0
4060 6
490 0
8340 3
6340 4
14950 7
4770 6
580 0
6460 5
6539 7
5331 4
4220 1
311 0
9880 5
10150 5
4810 6
4390 1
360 0
10190 6
5180 4
6750 2
4330 3
560 0
3200 1
5500 7
12790 1
3930 7
6740 5
3130 4
5090 3
7650 2
4460 5
5860 3
3530 3
11039 7
5100 7
3629 2
6200 1
3871 4
6329 1
7650 5
780 0
4640 7
4140 5
6130 6
9680 7
20800 7
4370 5
4420 4
3920 2
6960 3
4580 5
5930 2
11510 2
5420 5
7029 2
3889 1
7260 1
7800 1
380 0
3990 1
7730 4
4630 5
8670 3
3930 6
4130 2
5050 4
4510 6
310 0
7280 1
8650 7
4920 3
4180 6
5750 2
8420 1
310 0
6740 3
340 0
3910 7
10249 4
5540 3
5891 2
3900 5
13199 4
4370 1
4290 6
7450 7
6490 7
4310 4
4260 2
5840 5
9040 6
3630 2
6870 1
4640 7
13240 7
8780 4
390 0
5340 3
6510 3
4211 1
4200 6
3089 1
411 0
4389 2
4831 5
3369 1
940 0
4359 1
9910 4
8420 3
4200 7
11970 4
350 0
5180 4
450 0
5480 2
11340 7
5720 6
5650 4
8570 7
300 0
6360 3
320 0
3820 2
8870 6
3069 1
7929 5
4551 5
4049 5
12660 7
260 0
5490 6
3380 4
3900 3
4780 3
7160 5
6840 3
3270 2
4380 2
5040 5
4550 7
4720 4
5470 3
4440 1
1910 0
11450 2
4560 6
3580 5
5970 1
2690 1
3729 1
12920 7
4451 4
3469 6
840 0
7950 3
6420 1
10450 3
4630 2
3180 1
350 0
6770 6
3890 1
6440 6
4090 5
5400 5
3950 1
22070 7
4220 2
3920 4
390 0
8210 7
2590 1
8209 3
6251 2
360 0
4029 5
5349 6
4971 2
13109 7
8260 2
350 0
5020 5
4880 1
6890 3
500 0
5000 6
9420 3
7040 4
450 0
3750 1
4020 5
7250 3
4490 5
4840 3
490 0
9470 1
12199 5
3340 4
11529 7
3009 1
4129 3
4110 2
13650 7
10260 6
7510 7
380 0
12770 3
4600 4
3930 6
6680 7
5020 6
16870 5
4940 3
5960 6
4080 7
8209 3
9951 3
7391 2
4869 2
4920 3
6330 3
2070 0
3530 6
6670 1
3440 6
3770 2
4680 3
6210 2
4580 7
18580 7
6140 5
7020 1
4200 3
400 0
4240 1
350 0
9530 2
3580 6
10789 5
6629 6
10220 3
4180 5
8730 3
4180 7
4180 2
480 0
6220 3
370 0
3090 1
3720 1
8570 4
5280 7
6080 7
4390 2
7230 2
12770 4
4070 6
4070 3
4380 4
5510 3
9140 6
320 0
5460 4
4331 5
4380 3
4220 5
520 0
4171 4
5030 6
6580 4
3710 1
3720 4
4680 6
7520 6
4030 5
4010 2
290 0
5800 2
270 0
250 0
250 0
5700 4
7420 3
4350 5
11880 1
4840 7
4580 1
2910 1
5650 2
8710 7
3600 1
5160 4
4391 4
7249 7
11699 6
9790 5
6760 3
9120 6
3790 1
4950 3
3370 4
3600 3
4860 4
310 0
2260 0
5500 3
6110 7
3490 6
4250 6
4750 2
4570 4
3130 3
3650 5
3690 7
3870 2
5730 2
7910 2
7940 7
280 0
4969 1
311 0
11829 3
4350 4
14180 7
4430 4
3880 3
4310 6
6960 5
5460 5
20650 7
4710 7
170858 3
