61179 0
36879 0
33910 0
33500 1
34679 1
34229 0
34460 0
34219 1
36310 1
34830 0
32969 1
34989 0
36150 1
34099 1
35740 0
33640 0
38879 0
35680 1
35299 1
35019 0
33070 0
33870 0
32719 1
34760 0
34000 0
35590 0
33360 1
43029 1
32839 0
33360 1
33509 1
34410 0
34100 0
34360 0
35820 0
37600 1
35529 0
33600 1
35080 0
30679 0
34450 0
34740 1
35109 0
33410 0
33950 0
32299 1
34740 1
32950 0
37239 0
35830 1
35339 1
35549 0
35100 0
35550 1
33819 0
34750 0
40520 0
35390 1
32780 0
34209 0
32830 1
34710 0
33769 0
35680 0
34400 0
35529 1
32460 0
34760 0
36159 1
36360 0
37760 0
34589 1
35060 0
32729 0
34309 1
32410 0
33950 0
32870 1
33820 1
31660 0
33659 1
35390 0
35430 1
34730 0
34230 1
43089 0
36120 0
37750 1
33089 0
34760 0
33309 1
34839 0
34500 1
34490 1
34030 1
34590 1
33749 0
35559 0
34320 0
34600 0
35680 1
34810 0
36929 1
34969 0
35310 0
34889 1
35170 1
34810 1
34239 1
34260 1
34910 0
32719 1
34560 1
56939 0
33529 1
33230 0
33639 0
34129 0
35130 1
37949 1
35870 1
36010 0
34189 0
36350 0
34299 0
34170 0
34110 1
34470 1
33470 1
39180 1
34130 0
34889 1
32520 1
35200 1
34200 1
34720 1
37600 0
35019 1
36410 1
34540 0
34750 0
40300 0
35249 0
33650 0
34020 0
34389 0
34550 0
35220 1
34379 1
33340 1
35899 1
34240 1
33990 1
34850 1
37120 0
34700 0
34199 0
35229 0
35430 0
36009 0
33909 0
36920 0
37419 0
35820 0
34370 1
36619 0
34660 1
34430 1
33670 1
36180 0
44800 0
36209 0
34550 1
33799 1
34259 1
34310 0
34949 1
33910 1
34790 0
33829 0
35380 1
33610 0
36819 0
34270 1
33849 0
34599 1
34540 1
36559 0
39400 0
33400 1
33159 0
34249 0
35700 1
36349 1
33689 0
37580 1
34449 0
33070 0
42220 0
35639 0
34700 1
33730 0
34800 1
35780 1
34479 1
35399 0
35800 1
33469 1
36679 1
43220 1
37499 1
38060 1
36779 1
34899 1
34350 1
32720 0
38640 1
34420 0
34940 0
34259 1
35670 0
34499 1
36579 0
34080 0
34709 0
34780 0
41620 1
34200 1
32720 1
35290 0
36600 0
35110 0
34849 1
34590 1
32110 1
33940 1
34650 1
36070 0
35249 0
36290 0
34360 0
38889 0
35060 0
33840 0
35739 1
37410 0
34999 0
34279 0
35730 0
33920 0
36899 0
32440 0
32859 1
33939 0
52650 0
35439 1
36890 0
38969 0
34770 1
34640 0
34930 1
36159 1
34610 1
37460 0
34860 1
33580 1
34479 1
34170 1
35900 1
34609 0
33980 0
34610 1
35059 1
36820 1
40339 0
34989 1
33470 1
33740 1
35470 0
35510 1
34730 0
34080 1
77909 0
30880 1
32370 1
31279 0
32240 0
31610 1
33610 0
32149 1
33880 1
33259 0
34820 1
31940 0
34459 1
32320 0
31210 0
30690 1
32389 1
32150 1
31740 1
31910 0
32820 1
31210 1
34579 1
32090 0
34070 1
32800 0
34030 1
34149 0
32960 0
44080 1
31759 1
31740 0
30870 1
32460 0
32220 0
33370 0
31610 0
32010 0
30690 1
34000 0
33310 0
34120 0
32530 0
34420 0
35360 1
31169 1
32199 1
33050 0
32589 0
30920 0
32790 0
33790 1
35059 0
32100 1
33859 1
32199 1
33320 0
31289 0
32080 1
39330 0
34230 0
35140 1
31670 0
31049 0
31909 0
32330 1
31089 0
32090 0
32170 1
32960 1
31929 0
33410 0
32460 1
32439 1
31390 1
32730 1
33359 1
34190 0
32830 0
32789 0
34730 0
31890 1
32789 0
30970 1
32320 0
31909 0
32669 0
32220 0
32379 0
31759 0
38190 0
31269 0
32350 1
33670 0
32979 0
35289 0
32750 0
31710 0
32110 0
33290 0
31249 0
31350 0
31130 0
33190 0
31330 0
33230 1
33199 0
32329 0
31810 1
32520 0
35729 1
32790 1
34690 0
35240 1
31330 0
31130 0
32600 0
31330 0
31819 0
32249 0
39740 1
31490 0
31959 0
31940 0
32410 0
30819 1
32440 0
33960 1
34279 0
31970 0
31130 0
32519 0
31600 0
32120 1
31369 0
33029 1
31480 1
33400 0
31499 0
34130 0
31789 1
33420 1
31840 1
32769 1
33140 1
31890 1
31829 0
31880 1
31560 0
30980 0
32590 0
40680 0
32049 0
31189 1
32140 0
31349 0
32320 0
30620 1
33910 1
31390 0
31930 0
33480 0
33299 1
32140 1
31790 1
32549 1
31810 0
31820 1
33079 1
32970 0
31460 0
31309 0
32900 0
32040 0
31530 0
32879 0
31730 1
35110 1
33800 0
33980 0
32109 1
31510 0
39320 1
30909 0
32979 0
30680 0
32999 0
30829 1
32690 1
31689 1
32589 0
31020 0
32849 0
32100 0
36840 1
33289 0
34989 0
33460 1
32019 1
32650 0
31970 1
31279 1
31889 1
31790 1
32819 0
32449 0
32030 0
33879 1
31779 1
32210 1
33070 0
32639 1
41020 1
32029 1
32550 1
32640 1
33620 1
31320 0
32470 1
31850 1
33149 1
31400 1
31920 0
31529 0
32110 0
31510 1
34849 0
32360 0
33630 1
33829 1
34870 0
36690 0
33969 1
34400 0
35139 0
33469 1
31530 1
33440 1
31399 0
31800 0
30900 1
32659 1
36500 0
32110 0
31799 1
34150 0
34420 1
34019 1
33170 0
32860 1
33359 0
31740 1
32120 1
31779 0
33350 0
32360 1
32059 0
30440 0
32780 0
30860 0
32009 0
31750 1
33899 1
31380 1
32490 1
34760 0
35009 0
32830 0
33269 0
31799 1
33160 1
30979 1
33900 1
11045200 0
37110 0
33700 0
33190 1
32679 1
34429 0
32190 0
33299 0
33559 0
35580 0
35480 1
35590 1
34140 1
31719 1
34429 1
31650 0
34919 0
31249 1
33370 1
32639 1
33479 1
33020 0
34110 0
31509 1
33490 0
34970 1
35460 0
33770 0
31720 1
38750 0
32630 0
33249 0
31160 0
34660 1
31160 1
32479 1
32060 0
33949 0
31189 1
33320 1
32279 1
34889 1
33590 0
34220 1
34289 1
31860 1
33059 1
32949 0
32200 1
32729 0
32769 1
31620 1
32129 1
32199 1
32290 1
31899 1
33519 0
30770 0
33140 1
41009 0
36350 1
34220 0
31750 1
32050 0
31609 1
32890 1
30750 1
32659 0
31989 1
35060 0
33050 0
33350 0
31120 0
32600 1
31510 1
32040 1
34080 1
32479 0
35930 0
31860 1
33499 1
34700 0
34589 1
31169 0
33590 1
33560 1
33029 0
32150 0
33320 0
37709 0
32350 0
31890 0
32149 0
34510 1
32350 1
37219 1
30530 1
32770 1
30629 0
34930 1
30590 0
34269 1
31570 0
34350 1
31670 1
32880 1
31010 0
33299 0
32729 0
32430 0
33619 0
34880 0
33230 0
31479 0
32020 1
32380 0
32729 1
32779 0
33110 1
31840 0
37550 0
31540 0
31780 0
32130 0
34830 1
30539 0
33839 0
32460 1
34930 0
33390 1
31510 0
32399 0
33070 1
34050 0
31230 0
33369 0
32210 1
32290 0
30969 0
32330 1
32070 1
32679 1
31670 1
32240 0
35059 0
33280 0
33540 1
31289 1
32259 0
36390 0
39979 1
31120 1
32380 0
30789 0
32850 0
31110 0
33080 1
31250 0
33090 1
31519 1
35079 1
33720 0
33009 0
34190 0
32520 1
33550 1
31680 1
32920 1
32550 0
33380 0
30800 0
32699 0
32230 1
32690 0
31129 1
33410 1
32250 0
35839 0
35329 1
33900 0
38990 1
34300 1
32930 0
31019 0
32090 1
31850 1
34579 0
31989 0
33290 0
32190 1
32459 1
33000 1
32280 0
31770 0
34600 1
33839 1
32939 0
32200 1
32169 0
32929 1
32670 1
32949 1
32239 0
33110 1
31989 1
33149 0
32080 1
32920 0
31560 1
32980 1
32089 1
40089 0
36330 0
33799 0
36440 1
33790 0
33289 1
31619 0
34130 1
32159 0
31759 0
31740 0
32549 1
32460 1
33030 1
32339 0
33160 0
32150 0
33690 1
36479 0
34370 1
33760 1
32150 1
32690 1
32059 0
31800 0
31970 0
32200 0
33269 1
32870 0
31930 0
41049 0
31420 0
32870 1
31810 0
36280 1
31980 1
33320 0
34960 1
35590 0
34059 0
32750 1
32390 0
33730 1
31590 1
32219 0
32849 0
32560 0
31240 1
32700 1
32770 1
33000 1
31869 1
31900 0
34530 0
34699 1
33990 1
33299 1
32709 0
31450 0
33930 1
43019 1
32870 0
32880 1
34139 0
31090 0
32650 1
32400 1
32800 0
32500 0
31659 1
34100 1
33399 0
33660 1
32230 0
35379 1
31639 1
33740 0
32939 1
32589 1
31760 1
33060 0
32219 1
38820 0
31820 1
33809 0
32190 0
34779 0
35100 0
33970 1
6175348 0
35800 0
38580 1
37850 0
36630 1
35140 0
36570 1
35300 1
35769 0
35460 1
36259 1
34440 1
35800 0
32739 1
36819 0
36550 0
37879 1
38470 1
34590 0
36109 0
35120 0
36240 0
34139 0
35750 0
41800 1
36349 0
35830 0
34360 1
35280 0
36240 1
34999 1
35939 0
39860 0
36179 1
37250 0
34440 0
36250 1
35050 0
34620 0
36090 1
36440 0
36749 1
35800 0
34380 0
35539 1
34700 1
35580 1
34589 0
38810 1
36250 0
35360 0
37650 0
44709 1
34930 1
35320 1
36439 1
34820 1
37120 1
33500 0
36050 1
35229 0
37390 0
36370 0
35480 0
34079 0
33760 1
36590 1
36909 0
36090 0
35169 1
36560 0
35520 0
36149 1
34490 1
36399 1
33639 0
34790 1
33409 0
36809 0
34010 1
47359 0
32200 1
34110 0
32749 1
31680 1
31900 0
33029 0
33090 1
32970 0
34599 0
30810 1
34290 0
31650 1
32080 0
32160 0
33570 0
31030 1
33030 0
32100 1
33650 1
33240 1
33140 1
32240 0
31590 1
33400 0
32549 1
34310 1
31939 1
32629 1
32020 1
10044220 1
34310 1
35240 1
34149 1
35330 0
34730 0
37589 0
36609 0
35020 1
36739 0
36210 0
35980 1
33649 0
35600 1
33970 1
35339 0
34970 0
35989 1
35650 0
35390 0
33969 0
37249 0
34910 1
37800 0
35620 0
36800 1
36009 0
34370 0
41290 1
35139 1
35500 0
34780 1
33920 0
34170 0
35489 1
