204798 8
129009 10
123239 8
134639 9
116699 3
122579 4
160329 4
122439 11
120450 7
289518 4
139999 7
118399 12
115809 11
134709 9
127859 14
118049 4
109179 2
115289 9
109539 7
120249 8
121339 2
146439 12
116779 3
119929 12
143409 14
127699 8
116779 1
111309 11
123239 4
138778 7
132469 15
114629 10
118859 8
120420 0
124549 4
115119 15
115439 4
147019 15
117559 2
120569 14
117249 2
111789 9
113429 14
112969 10
130619 14
117709 5
138678 1
120410 14
113579 14
110069 15
109909 5
109479 6
125899 10
113829 13
138069 14
110499 12
108510 4
111569 9
117599 4
121379 10
112369 13
118069 0
112439 10
142479 14
117760 0
103450 11
121789 2
125189 12
121699 1
115959 0
113909 2
163179 11
108569 2
106579 6
111249 1
111210 2
105790 0
117469 11
120209 13
112569 10
150309 3
110509 0
112709 13
113469 2
134359 15
121609 6
125509 0
113849 7
140889 8
102899 14
109460 3
107269 4
114049 13
115149 5
127289 13
114639 9
144109 8
111959 10
116079 10
109730 14
115039 11
109059 14
121579 13
110959 8
120649 2
133389 3
116919 15
120069 5
109679 15
109609 13
109009 12
106059 9
109289 7
145469 4
122569 1
129919 14
100899 10
104729 8
118579 13
110649 9
116559 3
121009 4
139389 10
96339 12
106089 6
140428 0
135970 1
116779 15
113469 3
113509 7
139949 6
135109 5
118439 11
111379 1
127499 5
124189 15
120519 6
118479 1
138629 15
106469 12
116110 10
109779 8
117719 6
86279 12
92209 4
78700 14
97869 10
96439 11
130679 7
100779 15
86829 5
95589 11
85509 11
91279 7
90789 2
90909 4
100139 2
108589 12
196828 12
111790 0
94020 12
97439 10
112849 4
107139 6
120669 7
128929 6
140249 13
102380 1
93239 9
110489 4
104689 0
113689 4
107529 3
98759 11
110179 13
118669 0
133049 9
114759 11
106649 6
126659 14
116299 13
89580 8
96899 6
88789 11
95759 0
124908 9
113319 11
100709 10
108019 6
107649 9
118780 8
110719 14
100310 13
117719 5
134459 2
104739 9
93469 8
94350 12
85239 10
98419 4
96890 9
111910 0
112499 9
130729 1
105219 7
119089 10
125579 15
104679 7
109140 3
96550 7
110689 7
112249 13
111099 11
94270 9
94729 11
99129 12
95219 5
89759 4
96740 14
102099 9
110169 12
105929 13
124579 10
108699 6
103769 10
91729 14
90609 9
112868 15
102679 15
100739 4
89949 0
97960 14
115770 7
90899 7
96649 7
94030 9
98360 11
97419 12
126439 0
102969 10
96770 2
100120 6
131349 0
96059 2
118159 1
97899 6
93129 8
92979 0
100779 8
96589 10
100449 12
100879 10
175618 5
91599 0
117669 8
109489 3
112649 2
116720 2
115088 7
126688 6
133939 1
121330 11
93689 11
97739 4
87770 3
100320 13
101089 3
99449 7
93909 1
107579 10
142079 10
103250 1
108459 7
101309 5
92629 4
105589 1
115729 9
99599 11
94609 2
112260 7
94149 12
92129 5
97739 0
91290 5
96720 13
92649 12
113599 12
112559 13
109049 10
125068 1
99569 9
94549 0
103409 9
107290 8
86799 9
99269 8
92619 6
96700 13
94239 15
110979 9
106629 1
102270 14
106540 11
101669 9
104259 9
105349 0
107190 1
99530 8
115439 11
108019 0
95549 12
90199 11
89269 11
96539 12
98869 9
94749 6
92899 0
116349 4
126829 8
105669 10
113500 15
92770 0
98769 4
99059 10
97810 14
100380 2
113269 15
94989 15
111709 1
89509 10
95220 14
95449 8
101219 4
107939 9
100299 6
103669 7
97759 7
101460 7
125610 10
93670 12
105359 1
98259 10
111559 0
98689 1
95929 8
85949 0
98190 10
100729 3
183438 6
108939 8
99439 1
112189 9
99329 8
100649 10
110150 13
98360 7
92959 15
124059 15
120569 7
104299 4
88129 6
103429 10
95319 10
91079 15
85769 10
99479 11
124889 4
100750 0
90510 10
91569 10
95919 0
103400 4
93550 12
93429 10
96159 1
115080 6
114039 2
91669 2
85569 14
104359 2
83720 8
85029 0
101059 6
90080 0
83039 0
108479 10
96879 8
120448 11
98799 2
95209 14
81470 1
91180 12
100399 5
136479 1
309408 2
115979 3
86509 0
94299 12
97810 14
90170 10
97059 6
108279 10
96600 3
87760 8
90039 14
117369 2
99499 4
97969 3
84679 8
86410 3
87580 10
83099 6
86990 10
80220 8
86949 6
94889 1
104449 4
87909 13
75029 5
102899 4
93889 14
86709 0
83020 3
86349 15
93119 11
89310 15
98819 5
99929 7
90829 2
93469 1
93999 12
93699 8
106780 14
81270 0
103569 0
105169 1
106339 2
165349 12
96819 12
88700 13
88489 7
102889 2
104309 4
111468 10
90789 13
386777 9
95219 15
95049 13
96229 12
106909 11
93759 1
131049 12
90120 4
87329 12
111909 8
97449 2
99530 0
89600 4
83569 13
87049 11
83479 4
83899 6
82470 9
78469 6
79989 11
110959 12
85809 2
89239 14
86450 8
83360 11
84009 7
93370 5
89449 4
87679 14
90079 2
91209 14
114849 7
88829 2
84680 2
95759 7
90419 9
76960 10
74939 13
73469 13
74539 3
76299 3
77410 8
81299 2
94090 8
67639 3
69829 15
76160 3
78619 6
80570 7
71450 13
77439 1
78549 13
75589 15
76200 13
71869 4
71890 7
99079 11
102659 15
105929 15
141439 0
104649 0
79230 6
69229 11
75230 6
70529 10
74899 11
77609 15
95269 0
74690 14
73079 1
73450 12
74450 14
70670 5
71370 3
69569 1
72130 4
73119 8
70080 11
71829 3
66290 2
71969 2
76410 5
73760 14
79939 3
72230 5
67379 2
66790 15
64859 4
71620 11
78029 5
62270 12
65439 4
63680 3
68479 12
70139 8
82999 10
69539 12
58499 6
63839 9
65739 9
60459 9
62329 15
63040 0
55690 8
63480 14
57509 2
70320 3
64059 11
64830 13
64099 7
62170 8
80699 10
78839 6
73089 1
70600 3
71050 6
69579 0
67020 14
77839 2
67740 4
68639 7
69310 11
74099 11
72739 11
70169 11
131329 6
75009 0
82790 11
79409 13
89499 5
102660 13
118869 8
86779 10
84510 5
95399 14
104909 13
81149 14
69559 2
64679 5
65030 14
65639 0
67450 12
76079 2
64030 15
68459 9
66100 11
63049 10
64480 14
74459 5
78850 5
70579 13
71709 9
70869 2
76780 5
67659 11
76779 15
70010 13
70769 4
72280 15
67779 14
68350 3
67699 13
64910 5
65350 11
74680 15
73409 13
68700 0
62750 8
61810 7
68279 8
63099 3
65509 10
67389 13
65959 14
68700 1
66240 1
68820 5
75789 12
97039 15
78449 14
70300 8
66500 6
67170 2
66710 7
62730 3
64480 1
67310 15
67770 14
71459 6
67079 11
63670 11
66279 14
67330 3
70659 6
72110 1
71679 13
67230 10
64119 12
67760 6
69769 2
72150 4
68109 14
74600 4
73480 5
71889 15
77679 15
73309 7
74870 5
65329 2
67530 5
67629 2
70620 7
66729 12
70379 15
67179 5
72399 11
70709 14
78299 8
72910 0
70729 12
74250 14
80199 0
68920 0
72930 0
76430 3
62630 4
69739 13
70149 2
65280 13
62810 8
70929 4
67790 14
73269 8
77540 2
73029 1
80389 2
73930 14
71269 1
75920 2
71259 3
89499 8
81589 10
74760 3
78909 10
84269 12
106619 8
84860 5
125259 2
84949 6
82670 7
76850 1
90019 11
86640 13
79670 0
75459 14
109260 8
159578 9
127859 7
92760 6
93269 12
89879 5
99759 11
96020 8
106749 14
102579 14
96099 14
88460 7
123339 6
98079 3
91629 13
88979 3
116679 8
83979 6
84620 10
78379 11
114929 1
80819 13
112270 5
102039 12
69979 2
68410 6
87109 10
82110 5
100520 8
87859 11
75469 13
77769 14
89129 12
91489 9
81800 12
88299 5
72789 3
80230 8
72259 0
70829 9
69669 13
61170 12
57839 12
64039 8
58659 5
65009 11
58909 7
69029 12
64720 12
78180 15
71999 3
64760 2
61089 13
58260 2
64940 3
61670 1
63330 9
61239 2
59650 11
58930 13
61350 4
59659 11
59170 14
59539 11
62700 15
68909 13
66640 6
65339 12
62840 2
63269 7
56140 4
60510 11
60920 4
60109 1
57559 12
60399 6
57249 12
61300 3
58559 7
64240 1
63939 10
79170 6
66529 6
61630 1
55469 14
61470 11
59109 5
59210 5
57230 13
55470 6
61839 0
57679 14
60670 14
59179 13
58250 10
60599 10
58750 12
58579 0
75709 1
67719 4
62990 9
63129 5
59470 0
57890 11
56200 0
62129 4
58099 5
68110 4
62490 5
62429 1
61529 8
61810 4
59679 8
60060 3
67059 3
59760 5
55449 15
57520 5
58730 6
57730 6
57219 15
56429 7
61140 3
63839 12
70080 4
66629 3
64590 5
64639 6
66760 5
64149 8
84810 14
57170 1
58440 15
56649 12
57730 12
57739 15
59340 9
57099 14
57209 5
61129 4
60829 5
62080 9
59039 10
59700 7
60939 3
63530 3
123819 8
66859 15
78090 6
71329 7
71059 4
70979 12
67530 6
69670 14
68490 9
67630 4
73630 2
76460 13
75169 0
69500 3
78379 0
70129 1
64940 3
68340 10
69500 5
61700 1
63140 9
60380 8
68550 3
72219 2
70109 14
85469 3
80470 7
78239 14
82630 8
68239 6
64579 0
75509 8
63109 8
70539 13
64909 2
69080 14
64349 13
69360 12
68269 15
67480 9
66109 0
72070 10
84699 5
73320 6
68060 8
65400 7
69690 2
77850 6
75440 7
75629 0
74780 1
66199 8
64840 6
64459 11
68580 7
64379 3
85000 12
66529 9
69249 6
64169 12
68260 12
67450 3
66670 7
71930 7
71979 5
76730 5
77759 1
72640 6
69559 13
72790 6
92940 2
69779 10
72330 12
69909 14
64810 3
73139 5
74319 2
74939 10
72590 11
68950 12
65330 0
68460 5
68969 13
75839 7
79919 4
75700 7
74499 2
75369 12
66589 13
77809 2
74250 1
71259 0
69350 7
58759 1
70680 10
66479 4
63120 1
67819 4
82789 14
71329 9
63600 0
67890 1
67139 2
70490 14
64050 10
61030 15
71420 2
70700 7
74669 5
72379 3
77439 5
81480 8
83619 7
70180 4
62510 13
64899 7
63489 7
65109 13
68669 1
75559 1
86059 15
69399 7
63960 9
59419 4
58100 8
57349 10
63270 2
89099 15
63430 12
57579 12
57800 9
54310 0
59600 7
54660 3
61310 12
61150 14
59189 5
59160 2
59769 0
61280 0
57669 14
57600 1
53159 10
60459 4
102219 15
56360 6
56929 14
57819 1
47399 13
54629 6
53150 7
55539 0
55360 10
58300 9
