112859 13
39249 1
48750 12
40969 15
49180 15
39539 10
41150 5
46209 4
44860 8
45499 1
41760 10
38739 0
39260 13
54839 6
43749 11
44729 11
44169 12
43740 2
43420 0
40649 11
46160 11
44820 14
53179 3
49450 4
42819 15
36610 12
44329 3
46030 3
42249 5
48970 6
46979 1
46830 3
49200 13
44049 7
45010 10
54079 2
47080 3
42509 14
49980 4
53519 3
54899 15
46629 6
48909 13
46370 9
46659 5
46710 8
41609 2
37570 9
39009 6
42090 9
42279 14
51620 10
50939 12
48100 8
49880 7
48319 14
55030 11
49109 12
44170 8
43949 11
44000 12
39280 9
44320 6
41299 11
40250 1
43139 5
43590 2
45389 11
42490 4
40309 8
40570 0
38789 1
37070 8
40349 14
39380 1
38809 1
41460 3
39250 1
44129 4
38589 15
44580 1
38789 14
41660 13
37950 6
39220 10
39010 11
41769 7
44220 6
42899 2
39830 13
40069 4
38850 12
38889 7
39360 7
40309 11
41220 9
38330 15
44770 5
47479 1
43230 15
45529 2
43040 2
40979 10
39580 3
45679 12
37580 15
43569 9
45130 15
44149 5
42170 13
37969 6
40080 0
37860 1
43069 14
42029 13
42089 6
44099 2
38610 12
39380 9
38789 11
41149 15
44309 7
44100 3
40160 14
43200 9
38190 8
40220 4
42959 4
50610 10
40110 7
39360 11
37930 9
42500 1
39609 8
38240 8
37449 4
37490 10
41519 14
43010 1
38120 5
38700 13
37970 11
41300 13
57959 1
53170 0
46149 11
42110 13
44259 0
40100 3
45139 8
42710 13
37209 5
49610 14
40649 7
38830 11
36769 4
38100 8
37280 8
39440 10
37510 6
40699 9
39619 13
44919 13
44619 4
42729 6
39260 10
42189 13
37580 11
36820 0
40910 3
40029 15
38540 7
43839 12
45750 2
42029 2
45510 9
44749 6
38920 3
37209 3
42710 10
46959 11
44210 14
42599 4
44580 0
40329 11
39490 1
41939 12
46380 5
45359 5
41650 11
43259 4
37260 12
42849 4
42390 10
43909 13
38810 3
41169 14
38640 8
42579 12
44660 8
55159 1
43170 10
40699 14
39430 13
42009 4
45460 10
44599 10
43790 5
39069 3
40980 5
39349 8
43130 10
44099 2
38300 15
40789 4
38700 7
38979 3
44250 2
45379 15
43910 12
40119 3
38120 12
42199 5
42570 9
86219 3
44959 15
43760 3
57059 6
60759 1
55309 9
45439 14
50270 13
47399 13
42750 7
44629 6
49020 1
55160 7
55789 4
42790 9
46699 4
49670 2
51909 15
43160 10
62410 1
47679 2
49180 15
52719 15
48090 6
43519 3
43659 4
43540 14
41029 4
44150 5
45979 11
42100 12
47939 0
45930 13
46389 1
59179 3
60199 2
52749 5
48260 11
48159 1
43589 0
51370 5
41420 0
44500 3
42409 1
40999 3
44219 4
50679 12
53569 6
48070 8
44319 13
47129 8
56429 13
49709 4
53620 3
47549 5
43749 0
41859 1
42439 5
43839 2
48730 15
40819 7
47959 10
42499 11
48220 4
41949 10
45679 13
44950 9
38660 1
40050 0
39639 10
40959 12
43760 11
46399 12
47179 10
41910 7
43569 2
42100 10
40129 3
45570 13
44059 12
46720 10
40259 1
40480 9
39689 13
40010 5
50429 9
40080 0
40509 9
39260 11
40439 4
40449 0
40469 12
41539 8
41769 9
44839 3
42449 5
45129 14
44210 2
37780 8
40529 14
41290 10
44500 12
44520 2
44269 10
44189 7
37369 10
40329 1
39620 5
49379 0
36189 6
38800 0
37660 5
38339 14
37550 3
42809 10
49320 2
40649 1
38020 9
38099 2
38930 9
39519 7
41439 4
43219 3
48060 6
43329 3
40630 7
36680 4
40790 10
39610 15
37669 8
38420 0
43039 14
44680 12
51200 0
47490 12
40930 8
38759 4
39399 0
39640 13
38269 5
40350 1
37579 5
47690 10
51659 3
48249 4
39269 13
42440 2
42729 5
40220 15
38430 8
38880 6
40129 4
38040 11
38179 5
38530 5
43609 1
45310 9
47499 3
38990 4
41249 13
36840 2
38689 6
37870 13
49739 7
42880 7
47159 0
46140 2
40509 4
37820 10
37059 12
37720 10
37920 14
41390 6
42729 15
46490 13
43430 11
41430 6
36830 1
38740 9
39420 8
42840 14
45570 7
40300 12
42219 2
41970 11
45679 14
42209 6
40910 2
38399 2
41030 12
46579 5
44299 10
46879 8
40190 8
39249 7
43979 4
42570 5
44279 4
42930 11
37320 3
39029 5
39080 0
41199 15
37950 1
38249 13
53520 2
44149 8
41050 15
41159 7
37670 9
40079 4
47360 9
44219 6
43500 14
41949 2
37660 2
38609 15
41780 2
44289 8
48800 8
38959 4
41980 3
38319 6
43110 11
41639 11
46880 15
40389 8
39700 0
79459 14
41559 2
43369 2
48389 5
59550 2
64799 12
56329 13
46110 3
53939 15
62299 12
54930 10
40229 12
49139 11
51180 1
56889 0
46170 4
45639 15
43620 10
51559 1
54289 13
48470 6
52429 4
50390 4
45609 9
43370 6
48270 7
46859 5
43159 12
43479 9
42080 0
52509 11
68349 0
59360 3
48419 0
48510 12
47169 7
44870 6
43219 11
42699 6
40039 3
52299 6
45139 10
48930 4
48449 15
41199 9
48330 14
48759 14
52290 7
49539 10
45459 14
47279 6
48829 11
43570 7
41959 14
40510 6
48109 13
45870 4
48169 15
45150 2
37779 12
40960 3
39349 10
53790 1
45659 7
43910 13
44079 12
40110 5
39369 0
40550 12
42499 8
45190 1
45309 3
44390 11
39620 15
43050 0
39409 4
38530 8
40029 7
38410 13
42439 10
47380 0
45229 13
43010 5
38999 2
38450 10
50519 3
44740 11
45759 13
45450 4
47319 9
48050 12
47000 2
45020 0
41219 14
41370 15
41749 15
46609 4
44770 10
44779 9
42740 0
39250 13
37179 0
38780 6
38350 7
40100 0
36049 6
42300 1
48589 12
52729 0
49070 3
39789 9
39580 12
40200 7
37210 9
39150 1
41209 4
36830 8
41249 8
38920 12
37669 8
44150 3
45819 7
43340 7
40919 15
43100 7
40249 9
40340 10
40119 6
44880 3
42259 12
39060 11
39059 10
45090 1
37809 10
48619 9
44599 1
46890 2
42299 11
39080 0
42859 12
40010 7
47899 9
44050 12
55679 2
48490 15
43279 3
42849 10
39959 14
39109 3
39409 8
40230 13
44549 4
43030 9
46789 2
39200 10
50339 2
38760 14
45450 10
46119 1
48210 1
41750 8
37780 0
38509 14
38550 7
44299 15
45920 10
48680 4
39899 5
42560 14
41260 10
38819 4
37370 0
40900 1
38749 4
40960 13
40249 9
41190 3
43339 15
45010 1
53739 2
39010 4
37839 4
37340 14
44189 12
47520 7
50119 1
44640 7
40210 12
36220 7
38549 14
37800 15
41839 1
38130 3
45229 4
42620 8
43339 13
42820 12
41099 8
39770 8
39139 12
42260 1
40250 11
37060 7
52239 12
37230 6
42809 11
48700 5
47209 12
46060 9
47189 2
48410 9
44609 14
39110 9
38799 8
41660 12
44789 14
45490 8
44039 5
37940 2
42229 6
42440 7
49089 15
43699 7
44309 0
38840 9
40059 13
84069 10
48179 5
43949 9
46869 0
40629 5
42920 11
42080 7
43530 3
49590 8
45850 15
43179 4
41330 3
41819 15
44830 1
47049 11
62069 2
75709 3
79919 2
53190 13
65159 9
61619 11
60549 13
47330 5
50459 3
52270 11
62749 0
65729 9
54180 0
46269 3
51120 6
60189 15
53859 10
47640 10
54270 15
47639 7
52500 9
52519 8
57269 11
45319 2
43070 8
49450 9
52779 8
58340 15
70750 9
62779 15
52289 15
55120 2
49149 5
49130 15
46090 3
48330 4
43659 11
44859 9
56960 2
58719 4
52189 7
61760 11
51099 3
58219 4
48950 11
60829 9
54110 14
46890 11
44689 3
47250 6
48929 8
42850 3
51699 10
48790 5
45809 9
48820 3
50100 2
49749 9
47680 10
46929 4
50219 4
52560 14
50479 6
43760 15
43499 4
42530 10
43839 4
43160 10
42809 15
43760 4
45359 9
45580 10
57809 1
46709 7
41680 12
42289 7
44950 4
47890 2
45280 4
47419 3
43850 8
43839 6
46870 15
54229 12
45959 6
47159 6
43300 13
42529 12
42179 13
48530 15
49070 15
45939 8
46339 12
49350 0
50009 13
51829 4
47959 13
44310 11
45099 2
43620 1
46190 14
44039 12
49920 6
49109 14
60329 10
45499 7
43920 11
47030 15
45629 8
46210 15
50319 9
49780 9
47239 12
44980 6
47080 14
45579 3
45319 11
48249 8
44080 14
44039 7
45420 12
48549 15
43640 6
50399 1
46300 14
56859 10
48629 2
47260 15
42279 6
42620 1
41239 10
49440 10
48269 4
46990 11
48459 12
46330 11
48009 8
48169 15
48660 3
48219 3
41200 0
50099 11
48940 7
47259 6
48440 9
51929 5
60719 7
47320 7
44129 3
45449 15
46079 13
42640 5
43730 10
41350 13
45250 8
46570 1
48480 6
48689 13
43390 6
46639 1
54359 5
41729 11
42830 3
40620 0
46720 12
46340 2
43869 10
44390 5
61599 2
47540 15
45049 4
44520 14
48119 7
50159 8
46929 10
46300 8
42190 10
42890 12
42479 4
47629 14
39720 0
48289 0
44140 10
47719 2
45250 4
47709 3
48749 12
47700 12
44349 15
48580 14
92549 8
47539 15
47790 11
46709 0
44729 5
46489 7
49180 13
50179 0
46469 8
42350 9
49719 0
48210 8
43019 1
46229 14
52879 7
49859 12
44810 10
46959 5
46200 12
41119 14
49960 13
48869 0
43210 5
49630 6
49720 7
48510 6
41379 10
46090 3
43099 12
50630 15
51609 13
50499 8
47829 9
46140 6
45860 0
47329 12
43240 9
40499 1
44580 7
42849 11
43270 12
56119 5
44590 10
44040 2
44830 3
46219 0
49539 10
46310 9
47959 12
43220 3
47459 4
51380 12
53849 5
51549 12
47340 4
48179 4
48160 7
44569 2
47180 7
49059 14
47129 7
51589 6
56099 5
59209 7
67810 4
67479 9
60709 10
55640 12
65419 8
68949 6
53959 5
50450 0
54739 5
55070 14
64050 9
55669 9
50909 0
47769 11
58119 4
64839 9
48890 8
54059 14
54980 8
46769 1
52329 5
53450 4
53829 8
52790 2
44389 12
55140 9
46240 1
62499 13
58680 8
55699 10
49479 6
60220 7
47460 14
48889 10
57449 15
43219 9
47120 4
37569 6
43060 3
51589 7
42550 5
48829 8
47350 11
50889 5
46719 15
48120 8
46899 7
44360 4
39589 12
46400 3
42829 11
37070 1
36739 8
