130299 8
92650 6
87979 0
99949 9
110229 7
95400 0
127239 4
98509 7
95429 7
116249 8
126469 3
102329 0
95660 11
94999 1
110929 6
118939 4
97200 2
97179 9
102629 7
100499 8
95960 10
97099 8
97059 7
95090 8
124539 2
125379 4
120759 9
112840 3
113519 8
110829 11
102749 7
111359 2
127209 8
134979 4
115520 8
104669 11
119669 0
107129 7
120149 6
106889 6
109639 10
114619 5
127390 10
114740 6
105019 6
116679 9
110349 9
115069 10
123959 10
108200 7
109259 5
126459 10
111229 10
107309 9
123019 10
112709 4
109509 4
111729 5
110120 0
158749 6
105689 1
106489 4
108519 2
107999 2
117979 8
111149 7
121559 2
112550 0
208798 1
114739 0
105560 2
119519 7
117319 6
121619 6
117779 1
111269 6
132919 0
109979 7
107539 9
110239 6
111159 3
112759 0
114429 1
125049 2
114959 11
132379 10
108409 0
105809 3
109749 0
107870 2
112039 3
106479 0
120879 1
139739 1
116809 1
108689 5
118789 4
113899 6
110629 6
108109 6
105309 7
113029 6
125059 9
114099 4
121710 6
110319 11
112959 3
124129 9
115659 7
114629 5
130529 8
130189 9
139259 3
112929 4
109469 1
134749 6
110669 10
121208 8
119559 5
137050 1
113539 3
126409 0
119179 2
108619 4
127179 10
107989 0
120669 1
133629 7
113850 11
118410 3
111350 2
112779 1
112819 3
118649 5
123229 1
118009 7
130669 6
111039 5
113480 11
108769 4
112289 6
115719 0
129769 6
141269 8
159968 0
111910 10
108259 2
114089 11
110019 3
127639 3
125939 1
113720 11
132219 11
122339 3
128819 10
120309 8
125719 6
114199 8
129869 8
117779 8
144739 4
129089 10
121379 0
121079 10
120699 7
110829 10
109299 5
114440 9
154208 5
120589 8
118240 8
151108 4
114860 11
132930 3
127428 5
121739 8
137868 1
134748 7
108099 6
110929 10
118309 9
107849 4
116499 6
125549 3
137439 0
105869 9
129909 11
120970 6
116379 2
102089 9
117199 8
110669 2
114349 9
133459 5
109789 6
101499 1
116830 0
132949 0
98009 2
120949 0
149289 5
147729 4
121749 9
116259 5
119239 3
117439 10
110639 3
120399 11
124239 3
160279 11
120799 3
118159 9
105550 3
123899 1
117359 3
112199 8
114579 9
120629 0
136569 2
110539 5
105979 0
108699 9
128019 6
123799 6
115269 10
127399 2
153588 5
97589 3
111839 3
128479 8
124739 4
109719 10
132519 11
121639 7
158579 3
110699 9
107349 3
106709 4
107319 0
112639 10
114339 6
105059 10
117419 8
130329 2
123819 9
114759 10
116260 0
115009 4
113399 4
121949 2
128389 0
133689 10
111019 9
110049 4
107410 8
127390 11
119490 10
106280 6
118489 7
129299 6
135379 1
107199 3
111059 3
98979 0
125719 11
121170 1
117049 11
100929 11
130049 5
108869 2
92159 6
110320 5
114239 11
105659 9
87829 0
108879 9
111650 5
110379 3
115269 10
116679 3
99139 0
109619 1
111560 4
102910 9
102699 9
114529 8
109689 8
140749 1
89859 10
109988 5
103439 5
97739 0
85059 5
94700 4
87670 5
94099 4
100680 6
124970 9
109899 3
90659 1
96899 5
120779 10
93699 3
90799 9
98979 1
92479 4
125310 5
93499 4
100919 11
82229 4
94379 4
98469 3
103399 7
89000 0
95860 5
95539 6
97739 8
134689 8
96099 8
97289 6
88429 11
110309 4
97629 0
107449 10
86679 6
101949 10
92119 3
108919 11
100149 9
101219 6
126989 6
102020 8
103970 0
118789 9
113699 10
113399 7
116379 3
99509 3
107500 2
97700 8
124519 1
111669 6
98699 8
107999 1
123029 8
125499 0
108859 2
87749 7
99479 10
116579 4
114350 1
95320 9
106509 8
121229 6
139889 1
109929 11
85079 3
98059 7
100319 3
101559 0
117919 2
103329 10
117480 6
133409 3
112539 2
109709 3
94229 8
93750 4
96700 10
96599 6
109479 0
101979 0
103379 8
132139 10
90969 9
127779 10
105669 2
90510 6
105890 10
98900 10
114829 4
117589 0
123939 10
98880 8
108139 0
99449 6
103289 8
97099 11
100449 6
113640 2
107599 9
129309 0
97509 5
103519 1
103769 10
119419 7
103689 8
99249 0
103779 6
101409 10
118119 2
124760 10
97549 7
109449 4
108389 6
123449 10
95769 0
97549 3
101589 8
110869 11
162369 6
101839 10
96619 6
99159 0
100899 6
113539 9
108059 8
113839 1
120690 1
183099 8
120709 6
122379 0
112229 7
111929 11
123870 7
112000 7
124849 5
132249 3
106609 6
102939 5
112439 0
118119 4
109299 10
108530 0
135899 8
146178 5
110149 6
113259 8
112679 0
128719 5
103449 7
114579 10
110180 0
103969 6
144118 9
105539 9
105869 3
113909 9
109079 4
113310 3
120590 9
102249 0
125159 4
120499 4
108019 4
110579 10
97740 4
114899 8
110739 9
107659 7
114969 4
115599 10
134799 9
130669 10
118729 11
106980 4
109859 6
129099 2
112399 8
120569 11
129459 7
104289 5
101609 8
126879 2
118489 10
115920 6
107299 11
105799 6
114899 2
132769 3
115389 1
110959 2
118789 1
112409 9
105940 7
99319 7
123019 0
144529 10
109529 0
111849 3
112909 11
146219 7
118339 10
132299 7
108909 1
141659 9
138399 5
118000 11
101319 1
120439 4
106539 3
133189 3
111589 7
125689 7
191809 4
113159 4
107269 2
104129 7
115389 2
111369 2
125450 3
124250 3
142228 8
114728 6
109409 9
108139 0
119859 6
123519 1
125189 7
105259 5
157719 8
114479 4
120059 7
111700 11
110790 6
120389 10
124829 5
118899 10
138259 7
100079 5
104229 10
111659 7
111570 0
115800 3
112749 9
116659 4
109749 4
137649 11
106439 0
109169 8
106249 6
121840 4
127259 2
110339 5
104289 9
117089 9
126409 11
125429 4
102969 4
112268 6
114649 6
109749 11
109149 7
114239 9
137129 7
100379 8
101610 6
98340 6
108399 9
125419 3
113129 10
113819 0
118810 6
127119 6
101499 0
103319 11
102159 11
100269 7
106770 7
110670 7
104099 6
114099 4
109479 3
130359 1
99770 5
117928 1
104470 0
116309 2
116919 1
115389 6
100189 5
108659 2
132119 6
108219 1
102709 2
109549 8
112049 4
115379 2
121889 3
114300 1
359958 3
101499 6
98409 6
100759 1
108870 5
103229 9
132179 5
139419 10
122259 5
102689 11
118989 7
113419 9
110129 4
106700 7
110460 2
115579 11
133499 5
111869 5
109839 3
105289 11
116679 5
117479 8
111640 8
121209 11
133249 4
110089 11
106729 10
110109 9
113399 6
118270 5
104450 9
117739 5
112939 4
140909 7
112609 10
102509 0
106410 10
104320 10
107729 11
99759 3
110519 9
108729 3
127579 2
104240 10
109839 11
108479 3
108489 2
110699 11
125859 2
124259 1
110929 1
140750 6
97200 8
106559 2
115659 6
126679 0
102959 6
111090 4
111779 5
118929 3
139549 11
101919 11
105859 9
104879 10
110789 1
116479 6
135119 3
118709 4
135928 11
105859 9
101499 7
100129 2
113469 0
126859 4
119730 0
111610 2
129628 0
151030 4
97520 0
108309 11
111099 8
117299 5
127649 2
118119 5
118890 0
150819 4
97729 2
102339 8
106489 6
124359 9
103579 2
120389 6
104010 1
111348 2
127328 11
123179 8
110619 2
116539 7
114249 10
98859 8
91830 4
99190 5
95479 2
131779 6
107639 7
105379 5
129608 7
98220 1
99189 0
116289 6
121459 0
105149 1
118310 3
114699 6
93429 0
96809 1
113719 11
118100 0
108450 2
105620 2
109279 6
135159 3
99879 10
115639 11
103340 1
106970 3
99579 8
120729 6
105099 2
106529 7
108459 1
126270 5
92879 9
103989 0
98679 2
124660 10
117749 6
109419 5
110109 8
136159 7
99479 9
109779 6
114649 4
118439 9
111129 4
99689 9
98219 7
110199 0
112719 8
134789 1
116109 1
102149 8
107320 8
117279 8
103639 5
118769 11
104129 7
95119 0
121119 0
105999 3
117659 11
113459 2
107589 9
89240 6
131179 11
121329 1
136909 1
119759 10
94579 3
103739 9
120689 8
117650 3
128710 2
114799 7
113379 11
196968 9
115229 10
97220 8
106609 6
105029 7
106489 0
102529 7
118499 4
131879 5
99399 4
90729 6
114129 4
104400 11
104799 11
113940 9
99439 6
91059 6
114019 2
149799 9
106420 6
100139 7
104419 9
117429 9
104109 9
116229 2
112020 8
97150 2
124899 6
119799 1
108259 2
105639 2
105179 0
102259 4
106859 9
106179 4
114109 5
148119 9
114559 8
112799 11
120189 4
97979 0
100790 5
99839 8
118689 9
140859 1
97539 4
107320 0
115859 0
103929 3
88959 11
102259 5
95819 3
95869 5
106359 10
136669 6
110279 3
98369 11
116019 3
90079 8
99899 0
107099 7
108539 9
99490 6
128999 1
108149 0
93279 6
84540 9
110499 3
102019 4
91389 0
87650 7
124669 5
123439 2
128039 1
432867 8
100470 1
97139 9
87219 10
121969 3
138068 11
108870 3
95640 4
98919 3
99379 6
99520 3
99550 0
98999 4
93489 2
92440 10
181629 1
98999 8
111410 2
127410 5
104070 8
164548 7
146408 0
144488 5
173229 3
211378 2
126639 1
114059 9
90910 9
85389 8
84900 11
124399 10
74309 6
85839 11
71020 11
80209 6
78090 8
101720 2
98249 0
88670 4
98890 8
100809 5
109589 6
90309 10
73350 9
80919 0
88250 7
84410 5
85499 4
72050 6
83709 1
85240 2
87009 0
90449 11
111209 10
81440 6
82989 11
85259 8
84050 5
90159 4
80879 6
83100 11
96389 3
86229 3
85820 4
103289 5
80249 2
81630 8
64269 4
79029 11
67030 11
77610 3
67170 9
72539 9
69270 1
68959 10
76980 1
84179 6
109639 6
85770 2
88129 4
80489 10
82890 7
89389 9
94619 10
75360 2
79479 3
77410 4
79980 8
78469 5
102110 9
84580 3
91039 8
83669 7
74720 2
82679 4
82710 5
76849 2
74040 5
81830 8
88939 3
79940 1
94899 2
87069 8
79540 1
79409 0
73300 6
76890 9
77919 8
79070 9
78399 10
74410 2
74230 2
83949 3
70410 6
109539 7
79349 5
85029 11
70349 5
61700 0
85009 11
100469 0
117919 9
99979 7
67270 7
69299 1
69879 1
110419 9
89789 3
92859 3
107399 5
125979 4
72700 0
76309 2
75439 10
67700 7
88449 4
65600 4
94409 5
63509 4
60179 3
57010 11
58479 8
58340 6
72959 5
64460 6
60399 0
59290 8
62409 2
53250 9
58630 6
57099 0
58289 3
60169 10
73800 2
58630 5
60309 9
64569 2
63160 7
61489 8
55540 10
56219 5
