16450 1
31689 9
7820 9
18690 7
9189 9
5440 1
6780 9
12230 5
16560 10
3910 6
6470 14
4780 14
489 0
5271 14
3660 12
6130 11
9660 9
4050 13
9450 11
4170 9
16609 5
751 0
409 0
6511 8
8089 12
11860 15
15600 4
3860 1
11300 11
4409 7
5340 11
4630 13
4150 5
5710 10
360 0
3720 3
14310 15
7940 14
7470 2
4199 6
4540 8
3971 1
3949 1
6030 6
14440 10
4190 13
11810 4
5380 14
12660 14
4389 12
4280 13
4330 2
7110 2
4530 14
3650 11
6470 2
4200 4
6800 9
9010 1
11310 1
4949 13
320 0
250 0
8390 2
2720 1
7040 5
4630 2
4740 10
6630 11
4200 7
5100 4
10239 4
5540 4
371 0
10680 10
4710 8
6490 11
10110 1
4980 12
600 0
10200 15
6719 1
5620 9
14120 9
9240 8
10870 14
7260 3
8450 9
5099 6
5660 2
6969 3
5090 13
3700 10
6140 5
11940 2
6730 14
3720 1
480 0
4260 8
5670 14
3790 6
6579 15
10500 7
6890 9
4870 3
4700 14
4100 12
400 0
3920 15
10240 3
4130 13
4120 14
4180 2
13649 3
8910 13
5250 15
3350 6
8390 9
6750 14
7450 2
8570 15
5639 4
5311 13
7469 7
3289 4
6850 6
3310 1
9080 12
4510 15
7240 5
4030 15
3990 9
5740 1
4249 11
4160 3
4520 4
4449 5
8410 14
3980 7
3810 8
9240 12
3660 1
320 0
7520 1
7830 7
6709 9
5131 8
4300 10
4580 14
3280 8
2620 1
3510 8
2860 8
5010 11
380 0
3990 3
4520 14
5860 3
4430 7
3390 8
3860 5
6019 13
320 0
4329 14
4630 1
6160 8
5400 9
4500 12
5240 8
8000 3
10280 11
9249 12
4091 11
6660 12
7369 2
4250 11
6750 12
380 0
3820 14
12090 12
9610 12
11129 15
3371 14
21319 11
5590 6
6930 6
8500 8
5570 8
7030 12
4751 9
6930 14
4660 5
5070 15
7040 15
10240 13
9750 13
6050 13
4989 1
9020 14
9520 10
4780 11
2740 1
7270 7
7620 15
8630 9
4680 8
2260 0
2860 2
5600 10
7989 9
10960 10
20090 11
5340 5
9500 14
330 0
8900 15
3700 2
5320 6
54299 10
4071 1
7349 14
8340 14
4984561 12
5840 10
23780 2
18860 4
5360 11
9019 9
700 0
4870 15
540 0
6920 12
12620 6
4620 10
4170 9
13549 10
12199 8
7770 3
11060 3
13990 4
390 0
13150 3
19549 12
8780 9
48500 8
9049 10
8730 3
9540 5
24649 12
300 0
4420 1
5080 5
8180 13
50900 7
471 0
2659847 14
8460 2
7980 14
6130 11
6830 13
3970 7
9780 4
5079 14
9600 2
5380 13
15920 8
11660 4
4450 15
8950 11
5070 4
10760 13
540 0
12499 6
5040 2
3170 12
3490 14
3780 1
9400 4
10380 14
13850 10
5130 8
3770 15
3590 2
7350 12
10250 11
5800 14
5420 4
4610 11
9010 13
4470 4
8299 4
5040 2
8720 5
6670 13
3750 1
4040 7
5500 3
4890 11
4300 15
10210 12
11109 13
6420 10
5850 1
11840 5
6350 7
9730 3
400 0
8190 8
5679 9
14189 12
11400 14
7550 5
15670 15
4310 3
5610 6
8540 10
8189 2
3650 4
8320 6
9900 14
5170 3
5100 9
4240 8
3800 6
620 0
5050 2
7310 5
6129 14
420 0
9959 13
4800 3
10160 2
10650 11
7540 3
7060 14
7720 8
6420 14
9040 1
6550 11
3670 14
6500 9
7900 3
8930 10
5660 6
5420 1
7871 11
411 0
8600 11
5400 7
3930 4
8530 9
3710 2
8340 8
300 0
10930 7
8509 12
5760 11
16820 8
5160 8
4950 11
4350 15
5130 12
4580 14
4600 2
8880 4
7271 4
22399 9
4680 3
2820 1
7550 12
4210 1
9930 5
4769 9
8991 6
4269 12
4030 14
6170 3
5180 7
5770 3
8680 13
8470 2
5900 14
9670 4
4260 7
9480 12
7829 6
4750 12
3210 1
15600 11
3190 1
13030 12
4830 9
4270 14
469 0
9760 2
3559 11
6200 7
11460 13
6080 11
760 0
4550 2
6920 14
3900 6
760 0
3770 14
7449 12
4540 8
5980 7
9200 6
5400 2
8090 4
390 0
5060 3
4590 8
4590 4
5000 3
7890 4
7380 15
8339 10
5400 6
8240 10
7160 11
4090 6
6920 3
4270 14
7710 3
480 0
330 0
300 0
6000 2
4791 4
5769 13
6940 10
8990 3
10060 12
6350 7
5090 4
14519 15
7200 3
10630 12
7880 10
13420 3
4870 3
3110 13
12179 9
8380 11
6919 7
5910 14
4810 12
13350 14
12310 15
8700 5
2840 1
6149 14
12259 7
2400 1
10240 3
9960 9
6760 13
3940 3
9320 13
6080 13
8619 2
9160 3
8280 5
15960 12
11699 6
7551 3
6320 12
8390 2
5820 5
5400 7
8040 2
10960 5
6790 2
3300 1
5590 12
895586 5
5350 11
7099 11
3970788 1
11770 5
7811 11
4620 5
9950 12
7150 1
15300 1
8050 14
9680 2
6240 14
6420 3
10090 7
6870 3
6460 10
4710 1
5700 9
4980 13
4610 8
4310 15
4900 5
5851 4
8680 14
5540 11
5050 4
4770 1
4840 10
5500 9
5400 12
25629 4
4280 8
5250 4
6010 7
4130 8
3530 15
3380 2
5820 10
4530 15
3750 13
6630 14
7300 15
3500 2
5129 1
5880 4
3880 15
7080 3
6350 3
5950 5
5060 5
3430 2
4200 4
6549 14
4800 4
14210 9
5760 3
5480 4
4750 10
30610 8
5091 13
7299 8
620 0
6990 9
5790 6
5950 9
5350 8
4340 12
5000 7
4840 4
7080 9
5719 1
5480 10
5970 13
4880 8
5370 13
8080 15
5730 10
6890 7
8330 7
5530 13
5529 8
6729 6
4699 12
4690 10
5150 8
6710 13
6140 13
5590 13
4540 6
4880 5
6460 5
4540 8
6020 2
8860 1
222836 7
6180 14
5640 4
13440 13
27589 8
10250 7
6610 2
5460 4
6530 9
6740 1
5520 13
10230 14
6529 12
8149 10
5560 14
1060 0
7950 4
4740 4
9660 13
8380 4
5389 8
5609 13
4840 13
609 0
8450 11
3920 13
4860 2
8250 3
5120 9
5860 1
5280 7
9360 8
5631 13
620 0
8500 7
9130 14
7650 6
8690 8
8680 14
5510 2
16159 11
4520 5
6569 9
5550 4
11930 7
5790 7
4830 2
6320 7
5080 8
5599 10
6289 4
7009 14
5090 8
5590 8
6300 15
5720 13
5370 4
6260 7
10390 5
5089 8
6729 14
580 0
13409 11
19700 4
20719 7
5400 6
731 0
6250 13
7630 15
5920 12
5560 9
31180 8
5911 13
7590 5
5110 14
4930 1
6870 8
5010 6
4800 12
4530 10
5120 3
800 0
6750 9
5699 7
4620 1
10619 15
16440 13
4080 12
13700 11
10410 10
5989 13
6389 3
4580 11
10339 9
5569 5
5069 8
6459 7
11540 13
9310 14
11840 7
5180 15
5420 5
5660 12
11600 10
5380 3
12500 13
8640 2
7040 10
16940 13
13580 2
3550 1
6340 9
9290 9
670 0
6200 9
7960 12
13230 13
8420 3
7989 14
9040 10
5040 12
5680 14
4580 8
7410 9
6660 15
5419 11
5831 14
3911 2
5389 1
660 0
4170 11
5070 8
5840 7
9850 12
6070 3
9289 10
5460 5
5231 12
3740 1
6790 14
7130 15
7380 7
7670 4
4570 10
5120 13
6710 14
4729 10
10660 9
5790 7
7520 7
5850 4
7700 8
4340 3
7880 3
5840 9
4450 6
5100 9
591 0
4020 2
4739 5
4920 1
2440 0
5100 9
7120 12
5770 3
4590 7
4810 12
3990 8
6150 12
5709 8
6509 2
5549 15
5360 6
7090 4
4300 7
590 0
7360 11
6860 8
5850 10
6540 14
5540 9
5180 5
5429 5
6359 5
8020 7
460 0
10050 14
4690 12
6280 2
8040 13
7770 15
6630 12
12260 3
12229 9
1500 0
6899 2
6720 14
5020 13
5050 1
8370 9
6100 9
12510 7
5110 4
10990 14
670 0
9350 3
10290 9
5830 11
5970 2
8320 9
6970 8
13280 14
14129 9
6570 14
4830 13
6270 5
4960 1
5410 15
7519 2
4300 12
6620 8
6270 7
6860 1
4750 3
4780 2
600 0
4330 5
5630 6
4110 2
5350 7
6200 10
5350 8
5529 5
4480 1
5109 3
7890 8
6220 14
19610 3
5970 4
580 0
5379 9
5151 5
8289 11
6610 5
5130 3
8830 8
4910 1
4760 13
6320 4
7990 7
7199 9
4111 3
4731 2
4759 15
4540 6
7890 15
640 0
4520 3
4680 12
10590 14
10980 7
4509 6
4829 13
6579 11
4660 6
5100 7
5550 11
4560 11
5140 2
5760 10
9620 3
6260 3
6420 8
6060 6
5049 9
6180 14
4020 2
5660 3
11070 10
4690 7
5850 7
4520 5
3659 1
5500 6
5120 13
6380 14
5110 3
6269 13
5249 11
7970 15
5820 2
7030 8
6520 11
550 0
6190 1
5470 9
5310 4
7520 15
6900 15
6769 10
5480 2
5320 12
6150 14
5410 3
5820 12
6460 11
6140 14
6190 8
4859 12
5040 13
5480 3
6309 13
590 0
6430 4
5390 6
6380 4
4650 9
5100 4
5760 14
8890 14
5360 13
10289 10
5890 8
5920 10
4930 8
5040 8
6450 8
5310 4
4240 3
6410 5
5320 1
6371 15
5929 1
5930 9
7200 10
5500 7
5300 1
4460 12
4550 12
5530 15
5340 6
4359 5
4529 3
6580 14
7970 9
5310 3
4740 4
5270 3
3830 4
540 0
500 0
9160 3
5160 7
6790 14
8310 14
5309 2
4510 4
4180 3
5210 5
4850 15
4210 2
4370 10
4600 10
6260 7
4940 8
6360 9
540 0
9240 11
5260 12
4850 15
6740 4
4370 11
6850 14
3960 5
5210 5
4750 7
6190 15
5760 11
