116519 7
73319 0
75510 0
67649 4
73180 1
74700 4
75629 2
84059 7
82759 6
105289 4
76940 2
75699 0
70870 0
90949 3
73699 4
73530 6
90179 5
78300 7
77640 2
76099 7
78940 4
97419 6
73929 3
77620 1
88609 6
75640 6
77269 7
78259 6
90490 2
74319 6
78550 4
73159 5
73299 1
74350 4
104789 5
85689 6
72740 3
77219 5
75960 0
81249 4
80070 6
77220 0
89969 2
84319 0
75729 4
79879 3
84010 2
69789 5
65800 2
81119 1
73390 2
80979 4
74669 7
71860 1
77239 6
71510 2
70069 6
75979 4
82449 0
102819 0
57790 1
68419 7
61560 5
66859 2
70990 1
67379 6
79989 4
63540 0
79400 0
78779 2
78339 4
66330 4
70829 1
82710 3
87470 3
84569 3
84030 2
90200 1
80559 7
83210 2
83849 0
90699 7
82560 6
88209 0
92929 6
101839 5
87489 2
91769 4
86880 4
88089 1
87779 3
83310 3
87310 6
79349 2
88800 3
83409 0
100649 0
105099 7
89780 0
95899 0
94089 1
88160 2
90999 0
90649 1
88520 7
85919 4
90949 1
100669 2
83590 3
87989 5
103180 4
93179 7
82689 1
92739 6
89910 2
87189 6
83559 2
88140 1
94659 3
87359 6
92630 0
91669 0
89469 3
92840 1
93659 7
83719 3
96669 5
89270 7
99619 2
106519 1
99689 2
85809 0
92709 4
83350 7
94039 4
88079 7
98539 5
99540 3
87899 6
111509 3
89639 1
100919 4
109490 5
95929 6
92689 4
87100 0
84119 0
86630 4
91119 1
97929 0
104229 2
105759 0
88120 7
100329 1
107239 4
98519 4
95259 5
97740 1
92539 6
93239 2
117330 7
104219 1
88279 3
91539 0
92050 4
86829 2
86069 1
102220 6
97769 6
89289 4
91290 4
183058 5
87689 5
98740 6
91579 3
95169 5
96500 2
96680 3
87569 7
101479 0
133629 6
81030 7
76799 3
75010 5
75580 7
76580 5
87189 0
96069 5
89319 4
94830 3
83069 1
82779 4
93070 0
91849 5
90339 5
71180 4
77309 6
82189 1
83190 3
79839 0
89019 0
89529 1
87669 2
102369 3
77900 6
75589 4
75030 2
85049 7
94759 6
84670 7
77009 7
84029 7
72959 1
75999 7
78600 4
112449 6
77709 4
87840 6
78760 1
77420 5
80959 4
81429 3
100640 2
91399 4
71909 0
79060 1
85310 3
95459 2
76800 0
82979 5
76159 5
82100 3
81419 3
76439 2
79750 6
83429 7
86480 5
91389 3
83739 6
93930 4
81629 4
80779 4
74240 7
76329 7
107980 2
82699 2
85129 0
81699 7
78890 1
81289 2
76290 4
104139 3
90569 6
74430 5
75309 7
81789 0
81870 3
79269 2
91119 1
77839 0
90389 0
88930 1
77700 4
86649 4
84190 4
84619 3
87779 6
92590 5
83249 6
79669 2
80849 1
77429 3
83710 3
87669 2
85709 3
104250 4
80740 1
69769 1
74310 0
76789 7
78040 7
97599 0
88249 7
72860 1
69669 2
85459 2
76759 7
138559 7
84999 1
83799 7
82419 0
69739 6
74120 7
74329 2
89540 7
78799 1
89959 7
80620 0
73859 1
99309 5
76850 7
75009 0
94839 7
97399 7
86059 6
78039 6
83419 5
78289 0
80420 6
82089 3
90229 6
112500 0
76500 1
73669 3
79750 0
76999 5
82020 6
80629 1
82339 5
89370 5
80489 4
77170 3
77660 7
94179 5
79820 5
95299 6
81769 3
85010 4
76030 6
81019 5
85970 4
95729 3
98159 1
81819 1
87479 5
79879 7
79700 7
86789 1
80760 4
74890 0
97559 0
83109 3
72549 3
79249 3
73930 6
91589 0
106939 7
77880 0
81090 3
74109 0
77289 1
80789 1
82720 5
78940 6
78949 7
95780 2
79109 1
77099 3
80979 5
91699 2
87019 5
93909 2
82289 0
72130 1
79369 6
77740 1
88490 1
80409 5
81869 3
81449 6
92299 3
87410 2
74880 5
72120 5
82050 2
82189 3
84359 6
91310 6
78289 4
81010 2
84339 7
85089 1
83990 3
92789 4
76970 6
90640 0
70029 7
73590 6
80479 4
86709 2
94390 4
95289 1
98469 0
82730 3
99350 1
84459 1
75149 1
79209 6
78919 4
95499 7
81100 0
70800 1
79010 1
84079 3
84939 7
73729 0
140539 3
84899 6
81170 2
87119 2
82470 2
72970 1
75759 3
88530 7
87600 0
81639 2
85390 5
93529 1
107629 1
77659 3
92699 6
78639 1
90320 7
83410 0
82459 4
82350 7
74699 2
76569 3
84930 1
77309 0
96479 5
77999 0
88619 3
83030 6
84239 2
88829 1
81630 1
90499 6
75289 3
86590 3
83929 0
73439 7
97029 5
87979 6
88339 4
78569 5
86009 5
84460 2
71260 1
97579 1
79550 2
96509 4
77649 3
89260 1
83079 7
73080 6
74860 0
86639 3
78930 0
89009 2
89039 6
92690 5
73149 6
92020 1
85109 0
99939 1
93099 7
75120 6
85899 6
75029 2
80250 6
89169 4
81420 3
78030 4
80289 6
95960 2
76089 3
99679 0
105260 1
79239 7
88939 6
78209 5
81210 6
89329 5
79730 3
85309 3
82669 7
77450 1
74389 2
100250 4
83310 6
73989 6
87339 1
80949 5
84189 7
87030 3
81249 5
82920 5
80590 7
85359 7
83920 2
94270 3
88459 0
89949 2
88189 3
77349 0
80460 7
98129 4
79339 5
85710 6
72229 3
89930 4
97549 3
75359 3
82519 4
70379 2
79419 3
74120 0
66099 3
82830 6
75189 4
71439 0
81579 2
70979 3
89650 6
126819 2
76049 2
71580 4
73060 7
79009 6
71940 7
77479 3
71940 7
70559 7
65560 1
85319 7
77060 6
80590 5
94149 0
75619 5
81459 5
71029 4
84010 7
73049 5
70970 1
80489 2
72520 3
74780 2
71779 3
72920 5
74709 4
95669 2
82369 5
76999 5
79590 0
78269 3
78880 2
70760 2
91149 6
76370 4
84999 5
70670 6
70379 4
91849 7
76840 6
87719 7
86349 7
73100 6
87329 7
80890 6
72630 1
86989 5
82870 2
75489 2
76479 0
101130 6
70399 0
74820 2
70599 2
74200 4
73690 2
80789 4
85200 1
85289 3
82250 2
78889 5
86619 7
76150 0
97140 3
66369 6
76650 5
73849 3
71650 4
70619 1
71019 7
78989 2
78439 4
91200 3
78319 3
81519 4
76439 1
101619 1
71229 4
74410 5
71179 7
74840 6
76879 2
70010 1
72249 1
73780 5
70409 3
73830 5
70099 4
90779 6
102649 7
71869 0
71049 4
76149 1
83819 0
74340 7
72049 7
71420 3
84029 2
79519 1
84520 1
67259 2
67770 4
83769 0
79339 1
87949 7
78159 6
72560 3
70199 5
90360 5
79030 6
75199 5
67570 7
81369 1
69210 6
72140 3
92769 3
75620 1
72199 4
65470 2
71329 4
81959 0
84849 2
84899 4
68940 3
75789 5
79559 6
73729 6
71950 6
124490 6
66440 1
68389 4
68499 5
70779 2
75469 4
70799 1
71690 3
84829 0
91289 0
70529 6
72949 3
78510 1
93209 4
72430 1
76890 2
68630 3
68579 2
67669 1
69630 2
67839 1
73410 7
74969 7
71780 6
76599 1
85569 1
96039 0
73599 4
81229 0
86620 6
88709 3
76719 3
72669 5
71069 2
67509 7
74149 2
74560 6
70009 2
71690 2
89379 1
66799 6
72459 2
82389 5
69940 6
80489 2
89480 7
75290 3
79129 4
72650 4
75529 7
71060 7
66959 7
81609 4
72629 2
81539 0
77560 0
72789 5
70380 1
85539 4
80979 2
83439 0
82309 3
75160 0
78409 0
78359 3
89430 6
73749 6
82280 3
76560 3
77770 1
69710 0
74789 7
68500 6
83989 4
77250 5
80519 6
83829 2
99090 1
77459 2
73410 5
73859 1
84049 6
80349 4
72960 2
79849 2
69320 6
67999 1
79860 3
81749 2
70269 5
86929 2
78859 2
81300 1
79059 5
77820 3
80019 2
84309 5
68280 4
92249 2
68960 3
73089 3
72609 6
69410 6
94609 1
68850 5
69419 7
74270 3
76280 3
75839 7
73020 3
73029 7
67240 3
85639 3
74450 6
94670 5
79329 0
98379 4
70370 5
69699 7
69349 2
72599 5
75510 0
71529 2
79810 5
79249 2
76509 7
73430 2
81209 6
81000 6
156538 3
75049 2
66009 5
76120 4
73799 0
69820 0
71109 5
73180 0
67539 3
78490 7
77240 3
84789 0
71120 1
91309 3
78809 2
79340 2
82139 3
79709 6
65859 3
71420 1
70779 7
77299 6
69510 6
72009 6
72500 0
86449 1
96599 2
78890 7
72519 0
68630 4
81479 1
76349 5
90270 6
75489 4
73660 5
67009 0
71650 5
72899 2
72640 7
86659 6
67299 1
77490 6
79429 4
79899 1
75350 4
74710 4
88349 1
70019 0
77450 0
71039 4
72330 4
68740 6
88629 1
68260 2
71399 4
78420 2
71809 4
71709 2
85170 6
77219 0
71800 4
73639 7
78620 5
76569 6
81189 5
89920 7
76559 6
68799 4
77369 0
69660 5
80599 3
70989 6
86550 5
71479 2
86780 4
90590 0
67629 3
76720 0
84649 1
70330 3
78970 4
149099 5
68209 0
98019 4
75740 0
73169 2
80140 2
78149 2
88980 0
99510 1
63669 5
69770 2
91679 3
67430 1
78740 7
82999 3
61640 3
63520 7
72810 4
74559 5
65280 7
70259 1
67530 2
99749 3
68790 4
94159 3
74539 0
71030 2
71959 1
99989 5
72570 6
88609 1
63169 3
61319 6
69870 7
73000 6
95409 1
78250 2
64759 7
84399 3
67510 4
78120 0
73210 0
67609 6
67020 1
77349 0
69950 3
79329 2
77399 5
108549 1
73599 6
70130 2
74869 2
75749 4
84860 2
78799 2
73000 1
103139 3
70389 2
61690 5
80649 6
70330 5
74939 2
81650 5
72919 2
75499 0
73260 5
72689 1
85410 5
77489 6
83300 5
93189 3
72419 2
90380 0
101740 6
79989 7
83910 0
63949 1
85759 0
85100 7
109679 4
66289 7
75320 6
84139 0
72780 7
93650 2
89979 7
80099 0
73000 4
76209 0
83359 3
76679 2
81189 5
75259 0
78169 4
77679 2
65889 1
70360 1
82089 6
84309 4
85090 7
80999 1
77510 0
84689 2
61540 7
94839 3
74719 5
68910 2
83709 0
68040 4
71749 5
65620 7
94840 2
76479 7
75620 6
84959 1
122209 4
70110 0
91209 6
72819 4
84900 1
72249 7
78890 0
82740 7
82819 5
78830 3
71219 3
72940 0
73710 2
69009 5
75369 4
72029 4
68750 5
83809 4
73620 4
78759 3
91069 3
94559 0
