265906 9
261006 6
232906 18
12330 3
168657 0
84839 0
112108 5
11780 3
228536 20
135898 10
71899 0
196867 4
12160 3
131018 9
99968 11
213267 7
46399 3
122678 4
404983 12
85358 1
121258 5
256496 17
149738 0
10350 3
143858 22
312386 6
257987 20
112929 10
140968 8
428822 22
107459 13
254896 1
74179 15
283965 8
100389 7
232166 20
130138 6
90128 21
141587 9
485013 20
11450 3
361445 23
168717 1
91138 10
169678 6
236356 19
13120 3
213996 18
105588 22
97218 18
85539 17
458553 21
102518 18
213177 15
98298 13
269566 0
71229 7
80948 11
191297 6
184417 17
199808 7
198517 23
91899 17
165807 23
172577 23
9919 3
54899 1
123308 23
116787 16
146888 12
51659 1
97648 2
75159 13
58019 5
50269 13
106768 21
63509 16
165768 9
59770 13
105868 0
13070 3
67009 8
91118 6
86139 23
59609 5
186787 17
103109 0
217997 23
85139 5
210416 15
255426 15
49539 1
107259 23
112528 14
226016 13
142868 13
77159 9
84349 23
59940 15
101668 1
196087 14
93499 9
55950 1
59169 18
195076 22
68568 10
109288 8
88788 20
185347 16
172788 15
56399 9
55919 3
169387 0
125738 17
111019 11
110979 4
56419 17
74039 15
96148 9
415293 17
64279 1
95969 22
123348 16
167838 12
47480 0
167517 10
91039 20
88779 4
133188 0
266776 7
144217 6
137297 19
190327 14
140928 19
235006 17
66148 10
138418 14
138338 4
59469 6
62269 0
76349 15
97738 0
71639 4
1763962 20
85769 21
63319 19
79409 5
76548 15
506761 23
66739 17
74939 7
177357 23
176858 22
80839 19
140158 20
94498 6
64068 6
125567 1
162587 6
132198 12
111028 23
169498 11
196766 0
150718 17
106648 17
89139 12
105538 14
113779 23
114389 4
53669 13
123998 4
50959 17
98749 16
411573 20
81389 4
97938 18
86259 0
31709 2
238916 22
147888 22
89459 0
25239 2
171498 5
166757 6
90429 2
27869 2
82489 14
107458 22
206887 23
180517 1
140128 15
197247 8
57440 1
263136 19
201917 23
93509 13
79548 8
119578 6
54809 16
108038 18
96988 0
3066171 20
55209 19
1281650 20
145717 19
53819 0
119798 15
94708 14
93879 6
232046 21
414673 14
111638 22
27899 2
52440 19
133009 20
154447 18
201637 9
500632 9
214427 23
136447 22
153858 15
11260 3
128588 2
113368 9
245176 0
118638 5
111808 4
149218 4
13720 3
372164 8
92759 10
116698 11
184018 5
73959 5
68139 1
146337 12
128698 5
174077 22
64249 14
69279 16
117398 19
96919 14
70269 10
26419 2
191247 14
200087 10
147288 19
171027 12
79709 16
92258 23
216477 16
65289 0
182267 17
49029 3
94079 1
247256 23
175777 9
280326 5
284335 6
117598 8
84369 19
171337 6
90679 8
72068 7
280576 6
105028 9
205506 1
158368 18
143757 15
103318 11
101298 0
29600 2
162737 17
89509 15
102048 21
115068 17
125828 11
64359 10
73909 7
64089 9
69209 6
162087 13
296756 16
238676 7
195457 10
161397 22
226007 5
156627 2
307466 21
108629 6
103888 13
115278 11
71779 5
169198 15
92779 21
161917 23
296906 1
67788 5
103278 6
135548 1
190837 0
97458 4
101119 0
25539 2
92879 22
127258 1
164207 1
178817 22
76889 18
37660 2
68419 11
80908 6
68669 1
90499 14
71499 16
114719 15
103638 4
164798 10
53208 15
124618 2
117069 6
154527 7
2942904 21
180257 11
220166 14
66909 13
60869 11
79659 0
112678 22
114479 9
38920 3
134648 16
79499 15
23450 2
152898 14
48109 1
75119 16
87498 17
77839 0
146848 7
12069 3
66759 16
88508 8
95209 9
210776 18
87399 2
270106 21
54999 17
242266 19
258106 8
68609 6
106238 10
89829 18
104138 22
142448 4
109408 12
162478 5
62730 6
74509 10
67349 14
77799 21
164887 9
121598 22
11060 3
92029 18
89919 20
216916 20
157268 8
115458 22
102938 18
251676 8
115168 4
50620 1
142988 0
86349 8
162327 22
243706 15
109699 13
22129 2
71899 10
64879 10
57009 6
144888 5
129608 0
129138 13
97268 12
118488 5
93128 1
138228 0
70519 17
10239 3
8939 3
69599 19
82149 14
1458667 8
83638 14
103758 15
166417 21
193207 16
57169 9
206397 9
112488 8
176957 5
230087 14
78388 20
58050 19
233706 23
16000 3
240726 16
186637 16
126758 1
97048 0
142967 7
219737 20
72598 20
120707 14
310315 21
146668 1
93799 20
68369 18
186987 12
115618 13
35700 3
271015 21
144988 19
96108 19
51309 0
118379 11
144967 4
86119 12
254676 0
138098 14
78718 9
152097 17
73329 17
103538 9
124668 8
128037 9
96679 18
918245 22
260486 10
92509 4
117908 13
86329 13
64339 18
305626 21
106308 16
101978 17
20670 2
226527 12
206746 21
157858 12
210776 4
171657 14
76248 4
184927 7
220526 15
78109 5
57579 11
73139 17
81269 15
132168 8
127398 2
122798 10
381974 12
169108 14
95529 13
94518 22
270945 21
128858 7
244976 6
41710 3
178607 1
67329 11
110418 18
74499 15
126108 9
87788 21
243246 21
235846 23
11070 3
170607 6
100299 4
189948 5
55799 15
79088 13
41180 3
79758 13
144578 21
66459 16
162448 11
105799 15
216846 11
172888 9
107019 1
136498 10
292845 4
57969 19
328925 4
176387 16
481182 21
338905 20
106009 4
162598 0
141928 8
218236 4
82169 11
395324 16
193837 11
211236 22
204307 1
114308 0
134128 22
108689 15
53250 3
124899 21
61719 13
106498 10
165947 17
75579 15
128358 19
269776 18
256106 5
198326 22
154507 15
79369 11
225986 0
104689 14
249106 10
272925 17
303275 9
102788 21
140468 17
127388 8
223816 9
170138 11
142328 11
166148 5
79299 8
134898 16
182807 20
143367 10
58999 11
117238 7
172827 11
58270 0
462272 23
89709 8
85539 11
208827 5
148998 21
111988 6
81389 21
103778 22
11740 3
64499 0
104108 8
76579 6
100619 8
156237 11
443593 21
174497 7
118359 12
65938 12
123878 5
101069 12
78919 5
132029 19
321875 18
101979 7
185847 22
65849 16
248336 23
122188 20
200397 10
524202 23
98659 0
123058 1
100278 5
121728 4
95279 1
110868 1
72539 8
76859 13
52009 1
110248 1
74769 23
73909 20
57999 14
2945763 2
86319 7
53899 8
52119 17
51150 13
70109 8
58439 18
95258 18
10490 3
180417 7
78719 22
172227 21
113238 23
145798 0
109518 5
79739 23
51019 1
79869 7
39489 3
171718 0
140148 17
401514 20
74749 13
221626 21
153638 15
261605 14
248117 18
274405 12
177187 15
48279 0
108818 0
36170 2
12400 3
78819 23
144298 21
96638 1
98519 2
81048 11
103789 0
99378 20
82889 16
128588 17
61089 10
106718 17
70229 18
107778 13
50960 2
209827 9
188007 10
165928 19
308465 23
144317 21
121358 8
155148 22
73729 16
71569 10
108718 21
71369 0
73689 5
54979 19
58659 4
151788 13
73549 5
198617 23
71949 4
197917 11
36220 2
73159 6
95359 12
57469 0
67369 6
113298 8
152928 21
57819 18
69479 18
74539 17
77219 11
63529 0
54319 14
56249 14
58520 14
89409 21
50899 12
58359 7
54650 19
61870 10
59370 4
59530 13
118499 0
55349 7
75739 20
57839 8
64579 16
3398136 1
79699 9
103968 5
84599 6
610800 1
99029 6
190897 22
113459 18
73819 17
94748 11
85638 12
67559 1
73659 20
172707 2
124687 4
92858 15
89159 21
60579 17
489422 20
99448 14
101348 21
83938 19
11269 3
112548 14
154167 2
35770 3
191546 23
58729 17
59279 0
59179 19
70858 10
11269 3
95598 11
150428 21
12420 3
145578 14
130858 4
121638 15
56269 15
107458 10
137877 16
120498 1
172647 22
137518 17
156668 18
49309 2
62069 11
58509 2
55539 16
50759 9
98619 23
138588 14
85779 6
189846 15
73428 11
51689 4
11780 3
77069 16
79719 22
62159 15
25490 3
102058 9
134118 20
54439 19
117258 15
138208 20
58959 6
125148 7
25849 2
10199 3
124918 7
188517 7
113178 5
102268 8
187187 12
81459 11
86538 16
153798 20
221326 20
100699 12
74828 4
611760 20
398754 20
60889 6
124408 14
121618 13
176467 12
188477 11
99478 1
341725 20
151787 12
74708 14
224947 10
240196 6
76639 10
399734 22
388684 22
77229 20
69859 10
263306 4
189327 23
101198 12
238167 22
39130 2
90459 4
120698 12
24020 2
63209 17
73849 23
46749 12
50159 4
95159 15
53269 8
44769 17
46090 12
4451509 6
70479 15
90379 14
161607 16
155358 10
91348 19
276886 9
79888 6
69668 13
135217 18
217597 7
90698 5
80328 9
149558 12
84258 15
175037 12
99898 4
166037 23
84858 23
354825 22
341495 21
58289 2
198937 10
27820 2
69758 10
144478 10
78019 20
144108 7
153387 5
171347 17
193217 7
152758 13
100079 23
112849 17
133028 5
95168 13
171217 22
301295 23
180337 23
337945 12
121107 19
153447 14
251266 5
86909 7
75069 0
93829 14
68379 15
649240 21
58129 15
101678 1
201607 17
72729 20
103578 23
125068 22
59159 7
116049 8
149088 8
94409 16
108969 10
146748 16
74809 18
114018 22
182268 14
163108 6
373844 13
63549 7
114018 12
145708 14
98079 14
64419 4
200996 22
77329 11
97488 16
87939 6
230477 10
174888 20
57079 18
54809 4
59159 9
107718 23
420054 22
517761 20
53389 9
158197 17
147448 11
157747 22
169607 8
177707 0
176587 2
70279 2
159877 23
378364 11
92679 16
285875 15
157298 22
222216 20
57410 19
59079 17
84599 19
60059 12
25350 2
109798 17
67019 13
112548 10
96159 15
77919 6
83549 10
155888 1
259706 22
147307 5
201887 20
12720 3
191197 12
178727 4
269906 6
247746 21
313475 21
27779 2
118538 22
78039 18
151058 16
123358 22
157897 14
50799 0
134118 18
184958 15
104208 23
216706 8
65159 10
183757 23
245996 21
104898 22
89319 21
161077 14
91389 1
138978 14
97179 10
163587 14
28600 2
89069 2
102218 16
96208 16
76979 17
154158 10
77388 21
81418 14
45219 1
74008 22
73749 21
66459 4
87708 4
92678 17
55459 8
99759 4
47659 7
115738 16
85989 21
195697 9
146657 17
120388 12
146437 20
98618 7
82528 8
218807 21
117228 10
150717 13
160017 23
81289 20
156597 16
175038 4
97749 16
205637 16
20659 2
58139 6
50809 1
78528 19
68659 14
153888 7
112718 1
88458 2
1803101 17
158387 17
89048 22
52529 13
197727 20
100729 8
56159 16
103768 10
77519 23
58569 10
209167 16
10950 3
102249 12
175077 4
123318 5
107238 11
118518 8
151898 4
152978 11
83668 21
9500 3
126398 11
165598 21
