161238 23
71060 16
56199 0
52520 20
59410 17
53190 12
56100 2
54629 7
51870 6
57699 20
54440 10
57930 16
58000 16
59860 19
60209 12
62880 6
63089 21
57640 23
48420 2
55740 7
57499 4
61139 14
56420 11
52969 17
58550 22
58539 6
56340 23
54579 6
54589 10
58640 22
61210 20
59810 5
57719 9
61550 12
54989 5
53050 6
68869 11
53150 21
56820 0
52480 20
52140 6
57229 0
56850 2
52070 8
54980 12
52280 19
53099 10
52520 5
59489 10
60349 17
57749 10
58970 4
57400 23
59179 17
71430 14
54919 18
60380 6
57389 12
52820 8
56819 8
59720 1
57809 23
60439 13
54570 18
61259 9
59400 14
61839 12
62950 0
58419 16
56620 2
58999 4
70419 20
59190 17
63510 11
58109 11
60559 19
57280 18
54479 9
58660 23
57109 10
52260 8
59489 7
60329 22
74300 8
71829 6
55420 21
59340 10
79529 12
60510 12
58979 17
61289 11
65769 19
57959 6
68679 10
67829 19
61109 8
60570 8
60410 7
50819 16
62610 8
63129 1
63710 18
64189 0
78510 9
62599 7
60090 20
67399 9
60440 2
61749 19
62700 5
59390 12
63260 7
60129 17
59450 14
57120 18
57969 14
59990 18
61919 17
60920 11
75139 14
56850 16
59249 8
66480 19
60799 17
52560 7
62360 19
61369 5
65279 15
66060 10
57940 1
59989 18
65040 16
63759 4
56210 15
62159 4
81250 15
61989 5
58110 11
59499 14
61840 11
55589 17
57930 4
58619 5
57259 22
54030 12
58110 8
55150 16
54519 12
57600 1
57850 8
58690 2
58410 16
105300 7
60699 17
58600 20
54219 12
65090 21
57929 17
53869 6
58599 10
57520 7
56970 9
54059 11
59290 0
57889 20
54380 10
64970 17
58220 14
55729 6
72690 4
57850 20
50310 5
60490 13
63549 14
55380 11
53569 13
56859 18
57699 19
56669 23
56090 0
58159 14
56180 23
64379 19
58850 5
61709 15
57160 13
73500 16
56749 21
59449 12
56870 19
59440 17
58539 12
57620 0
59249 21
60610 5
55550 20
53860 22
54960 1
58169 19
59590 16
55839 0
55630 9
58479 2
68760 11
57879 6
51900 20
54089 2
58099 23
58460 14
52049 7
59770 7
62489 23
52160 17
58219 15
63919 20
61399 6
59799 20
61340 14
62489 1
57940 13
68149 12
57600 11
53489 18
58240 12
54630 16
62550 9
54020 3
52260 18
60550 0
58649 5
58070 13
60389 3
64050 19
58400 10
50250 6
64070 15
56010 21
63479 11
57789 6
59980 12
63839 12
56320 4
55899 7
57830 23
53120 10
56600 10
57310 16
55549 7
62650 9
54449 18
57630 20
48909 19
62700 6
56560 5
70299 15
59150 0
59779 11
52870 10
57749 9
63340 8
50000 16
61079 1
57430 20
60729 4
50170 12
56369 19
53000 6
54179 5
57899 6
60090 2
56610 1
58620 19
66709 19
55490 18
56789 11
54120 12
63030 1
58029 17
60569 0
58529 7
62300 15
56199 8
58220 23
57469 9
58670 18
57200 2
57850 15
54459 7
55049 9
67700 23
59889 16
56350 14
53569 7
50050 2
56519 23
62529 9
58640 23
60550 16
63449 1
58379 21
57660 7
67169 8
57250 23
57889 15
61010 14
75849 14
62050 5
56509 8
53160 6
56339 3
61959 6
60250 8
63560 17
61490 11
62249 16
64380 5
60469 22
61940 9
60249 13
58590 5
57319 20
54110 11
96329 23
58150 5
61109 21
56530 6
65829 3
68530 12
59470 6
65080 21
63989 20
69700 19
66599 9
59390 9
60370 21
64130 15
67019 7
80389 17
57920 12
57969 8
57140 8
57959 3
58620 11
62519 11
71820 6
61069 0
61750 15
61689 0
63160 11
67849 16
58510 9
56559 9
58140 13
72119 6
61570 7
54479 2
51540 1
66639 19
59479 5
59020 18
63049 13
64150 18
57079 16
61160 9
56119 22
64770 17
53380 1
59549 13
60739 3
62119 22
73380 3
60680 18
57899 13
55679 13
60620 18
55299 3
64640 14
59819 22
59330 4
64229 2
66150 23
63929 17
57280 11
66929 20
60429 6
56249 0
86859 7
59250 14
58780 12
50960 2
62379 12
62570 17
60459 0
55100 3
58669 9
60290 9
59299 9
60630 14
60769 12
58979 7
64660 8
53280 17
61420 17
72859 3
60440 7
52949 8
59800 19
61679 6
62750 2
64959 2
62450 10
64729 17
58310 19
61430 7
53050 8
63439 2
62289 13
59050 17
64539 9
77039 11
57199 22
61130 1
58919 15
61660 16
66679 20
59210 7
61629 10
63400 3
62949 9
60540 0
64059 13
66840 0
61249 3
60150 14
60560 18
83810 9
58519 17
63580 14
58189 19
58239 19
56019 16
55159 7
64530 5
59949 6
58670 12
64279 5
68150 5
64179 18
61230 1
60469 9
69390 18
97419 12
100449 19
102989 1
86219 15
100539 22
102479 16
99240 3
94550 0
103339 2
92859 22
109039 5
93099 22
92139 17
101769 8
104200 1
98170 23
94389 22
98169 14
87879 10
95029 22
146749 4
97189 19
85509 20
92099 22
97450 10
93929 3
88769 8
90159 1
92619 23
93699 6
108080 21
91900 22
92349 5
93859 11
92260 19
100879 7
90889 1
90049 2
85289 12
83249 14
89840 6
102910 17
82249 21
96169 15
89699 11
86549 13
92079 21
96980 15
96119 15
87079 2
95629 3
94949 8
96949 2
97189 11
92179 0
92219 7
97589 12
94129 13
89350 6
93549 19
95979 20
100810 3
111240 11
108459 12
95179 10
92909 11
96000 16
99899 19
96069 6
99379 20
96719 8
101500 2
101219 11
93119 6
112430 18
102130 10
109039 20
98289 15
100829 6
101339 7
98840 19
106129 23
100729 23
97549 17
98109 23
103849 6
98639 5
104099 16
107279 5
99550 13
102209 20
111159 15
110319 21
102279 9
105850 18
98789 11
100079 18
108739 11
106399 21
106239 12
100909 18
129779 13
101069 5
101819 8
100719 11
106139 2
99849 10
102939 22
111819 20
118388 5
105929 14
122199 4
124819 15
117319 6
112189 15
116529 7
109730 6
119319 23
109730 6
197188 9
124279 21
114169 10
117700 2
128279 0
137908 6
124268 16
118539 18
142859 2
129648 4
126930 18
115670 4
124009 9
119359 3
116739 2
114139 21
141159 7
118129 8
121089 19
123989 14
124969 21
118309 11
125709 4
119809 9
142109 15
117009 2
111399 20
120140 19
116509 19
119559 20
131309 17
124569 17
140649 20
107979 21
109769 15
132129 14
123569 18
105569 9
118479 17
105069 21
132459 19
121459 21
116729 12
117819 6
127059 7
115369 16
128189 4
123019 17
119699 8
137029 23
123249 7
126839 19
111750 18
112248 9
117699 17
121979 10
122609 20
133619 16
119979 17
112349 23
103159 6
98559 3
123259 5
122420 5
132079 22
150859 21
116599 7
121820 1
122109 22
117009 19
153139 3
122819 17
132759 20
167188 18
124679 4
127339 0
115299 10
106929 20
117409 3
117279 13
122509 6
186979 14
116359 6
118659 22
99439 1
99079 20
99770 5
107759 18
105139 20
104679 1
115349 19
111340 16
104259 8
100189 22
108479 19
104109 9
106720 4
96180 17
106409 18
120819 11
93889 18
121829 1
103660 10
115459 17
101439 7
120859 15
114419 22
117929 1
126129 9
110079 0
116688 4
100020 0
107289 22
119039 19
110379 11
112899 5
88879 10
147379 15
108459 2
102649 14
88199 10
91700 10
104509 17
112009 6
510846 2
123229 21
102129 22
94439 10
102439 7
116689 3
96819 20
117289 4
129919 15
120569 23
92770 23
88610 20
96089 18
101239 0
106279 16
94229 5
105179 9
118729 4
105179 18
103199 16
104319 19
109699 8
98079 16
105289 11
106220 14
105709 6
103239 3
123679 19
100009 17
95639 16
100849 7
100069 22
111039 20
117629 13
101259 6
310988 18
107639 17
102630 18
99339 5
104639 17
97539 6
112599 12
108309 10
111119 2
165198 22
113620 1
119519 11
119179 2
116669 21
123999 10
134119 2
107999 17
117179 21
111219 19
121969 18
117199 13
98970 20
116229 2
112319 11
120269 3
114589 6
140639 22
120119 1
115999 13
108979 7
112408 3
118040 19
133209 15
104889 11
136069 7
115729 19
110119 11
123659 6
115549 13
109189 0
117100 20
120988 13
131348 15
119959 18
104819 5
110989 0
107089 2
121059 21
111649 10
111308 7
111010 2
126439 14
99919 14
107879 19
122369 10
98670 21
123910 12
120928 0
136368 8
110959 5
136359 0
92479 3
119289 23
117029 19
109919 0
110500 17
120199 19
118770 2
117319 10
108009 19
113679 6
137199 3
128379 1
99489 23
107279 6
101910 6
125129 14
141829 16
148750 17
160229 2
116399 23
112050 8
115060 12
118869 1
131449 5
140959 14
122359 12
110299 21
126329 0
109119 21
113009 2
109239 7
136059 22
176699 9
106139 22
87429 20
106409 9
111119 4
98709 4
96419 1
98010 8
106219 0
126709 4
94769 12
109929 22
103090 1
110299 10
96429 20
104179 10
99089 20
115149 2
128799 22
112119 0
90019 20
97859 15
109769 5
109940 14
114080 21
100119 15
104629 14
100819 4
123469 16
122909 21
106979 3
98610 14
99349 5
116699 2
103329 4
93660 0
112039 3
139209 8
127489 17
117479 11
115709 12
138939 5
119549 0
113029 12
91969 0
120259 18
92559 18
124699 10
107159 16
120919 17
111749 13
124689 10
108719 11
98410 9
124969 7
118399 19
99939 11
83190 23
105800 12
96579 21
112089 7
109359 1
103229 18
137639 19
113839 12
104480 3
114209 0
101929 18
104349 1
102369 13
117248 22
125489 1
158039 11
103339 6
261938 23
94809 6
111439 9
101479 10
97549 15
94520 11
111919 12
101089 8
84789 0
102529 22
99049 9
95189 16
94209 3
111219 10
103519 21
97829 17
172219 14
123069 18
118699 18
107369 20
99340 10
126910 10
118059 1
105289 11
96299 18
137589 13
129919 22
94689 5
108299 2
113548 13
109579 2
102139 16
102059 13
137109 17
118319 5
118839 6
101800 13
103460 19
95339 10
108659 16
79949 14
85179 15
91809 0
102899 17
78540 8
75279 23
95199 20
95590 15
81949 6
83310 8
85040 7
83729 10
90350 23
80739 16
78839 12
96289 16
83780 3
89669 2
93099 13
89300 8
91009 20
96949 18
81939 1
82439 17
95119 6
95210 4
235888 23
94019 9
107280 0
94189 18
99869 7
87899 3
91619 5
84699 18
99789 8
96789 12
73560 13
84149 23
82569 2
86589 7
91579 22
86219 1
94859 12
97259 8
85069 6
89449 12
96039 1
88279 7
81040 0
82799 7
77909 21
77749 11
82729 11
77830 0
81069 18
89289 21
90000 20
80379 20
97959 5
83290 12
71699 4
81770 3
77530 11
79599 8
