188499 4
101349 8
109889 2
127319 8
123799 11
133868 9
129059 5
120219 9
131769 3
119239 9
106259 5
109369 5
126579 5
119729 2
123008 6
128308 6
114169 2
112719 4
137759 6
110089 8
105249 11
139459 5
128408 1
143108 7
128399 1
128849 1
127079 4
125149 0
108409 8
116299 4
130298 3
141718 0
137709 9
132399 11
132068 7
131868 7
126799 1
136359 5
140709 10
138958 8
141209 11
140079 11
131868 2
140918 10
136579 10
125859 8
148629 9
136379 1
136069 10
128869 6
135689 1
122258 0
130009 2
219588 10
137649 8
126449 5
120859 6
119129 10
142449 10
110748 11
108848 2
186458 0
127229 9
130170 1
138339 1
136419 5
139209 8
89050 4
140368 10
72239 1
118289 5
107609 6
117149 2
122709 7
128429 3
111359 8
104310 4
134118 0
110589 8
108769 2
132609 8
124729 11
106409 9
99209 8
99379 4
92279 7
113979 9
91170 5
93099 5
100950 8
96509 6
95839 7
95559 1
94039 2
102459 2
97349 3
107059 5
97208 6
114859 1
114708 2
108419 0
103619 3
98199 0
103659 1
96169 3
101699 10
107799 1
93799 4
94329 4
94299 2
98519 2
95719 11
94919 11
90449 1
93029 3
94579 6
110489 0
99129 0
112879 11
140579 11
125529 1
136329 6
108359 10
105999 3
122419 5
120939 11
95969 2
111439 9
100830 10
102808 10
104348 11
139719 8
136939 5
165288 7
129090 8
148118 6
163188 5
152558 0
147009 11
132458 5
139888 7
130789 5
131989 5
131129 3
141548 7
131768 8
138929 9
178088 10
131919 11
134499 4
117159 8
123759 5
135788 8
143849 1
148729 7
166228 9
142309 0
135719 6
137959 10
139629 8
144819 9
161668 4
160699 8
138659 7
133359 0
128569 11
141199 6
141709 3
138828 3
114450 4
102928 1
127218 5
122639 4
127219 10
128309 1
136939 0
147168 9
122079 0
143169 0
130119 3
117869 7
122729 8
129408 7
132809 8
176399 6
125778 3
135929 4
162259 4
128639 2
119359 4
117118 0
121339 7
105269 10
116269 3
114199 6
104739 6
99549 0
105819 8
94260 8
98279 1
96050 2
111279 2
121449 4
159728 11
214238 1
172438 10
137669 9
120969 11
116549 7
100129 5
97969 5
104900 1
102230 1
96239 2
101829 10
97349 3
96169 9
113469 3
93599 7
104239 5
97229 0
104719 4
105099 10
97989 10
94290 5
137628 6
110589 3
168109 9
134399 6
113979 0
112828 11
126938 6
95929 10
107619 10
121599 9
155779 10
129659 6
140039 4
125139 6
118489 2
112349 8
112519 3
131289 1
155898 4
130909 3
124799 8
120649 0
131949 10
115969 10
126209 9
105349 10
120249 8
133099 11
132479 11
129619 0
136239 8
133888 11
137739 8
168559 1
140559 4
135608 6
140929 11
154288 5
160228 4
138889 4
164778 5
168889 1
195188 9
174868 7
206358 4
187208 6
192408 10
154689 10
161398 7
162769 9
197368 7
163258 8
140229 10
126379 6
111489 5
114159 0
109669 0
112759 7
111039 3
117029 4
109219 9
127669 4
132079 10
113750 6
133529 8
141649 6
140939 1
136479 8
132139 6
132269 6
105569 4
118509 11
123309 2
122459 0
108529 11
163468 8
104999 7
110629 1
107139 2
103079 6
112659 6
103499 4
118689 7
112179 5
141519 4
107189 8
102779 6
103459 9
98639 5
99479 5
98969 11
105650 3
98779 7
93559 11
114989 8
100469 9
98539 2
95229 1
95969 5
115559 11
132259 11
136949 0
115299 4
132739 9
106620 0
122168 10
132549 5
126459 11
116199 3
100179 10
104019 10
126239 2
123909 8
220518 10
147988 2
177919 7
162458 1
141219 8
133679 6
125479 8
122728 2
132928 5
108369 10
118749 4
114119 9
119419 7
150469 6
129168 7
125788 11
185619 2
174638 0
171448 2
191249 1
200988 3
202858 10
200138 9
197109 3
157569 10
134829 6
148689 9
125039 3
121409 8
143489 7
144458 7
147708 8
141039 9
147559 2
162338 4
153019 4
137059 11
128838 0
132549 7
128169 4
115409 4
119819 7
117479 3
129189 0
116319 10
102119 6
125419 8
133569 4
117439 1
117819 7
123329 9
119389 4
122429 5
102479 5
119089 5
137219 2
129369 4
127949 6
124039 7
144888 3
131270 3
116388 5
103719 6
112588 2
100919 3
113028 1
117158 8
129039 6
120489 6
98109 4
101969 11
93589 0
102020 6
96579 8
114639 9
105490 7
96869 9
97679 4
102319 5
105539 6
91669 8
98129 2
101029 3
95329 11
108228 5
116719 7
112069 4
108129 6
136059 2
131029 2
196458 0
135409 6
138758 0
206549 4
134809 7
147469 10
143049 6
169088 8
157359 4
140298 11
111479 8
141979 4
148029 7
165938 0
157079 3
140099 10
129938 2
131438 6
126929 3
126339 10
121189 11
152259 10
141788 3
124899 8
113469 8
131799 4
120269 2
137258 8
157508 1
148089 6
136159 3
147709 4
130179 11
126989 8
139469 11
184838 11
174138 0
159469 6
175218 7
158199 11
131279 5
146948 1
150229 3
171008 7
165999 6
152948 0
139929 6
140749 3
137669 5
129768 5
148048 6
155798 3
151099 1
133569 7
144019 9
146418 5
120579 3
117709 5
118249 1
112609 6
126019 7
122779 9
131889 8
178758 10
147439 7
158538 0
149029 6
162148 9
200818 7
208469 6
198429 9
202478 6
218398 2
194368 4
198048 4
204169 9
179238 8
163369 1
171479 8
178818 5
197399 3
125238 3
96639 9
97979 9
107068 3
109248 1
106928 8
102609 5
109629 5
91409 10
100479 10
98499 6
112349 3
99909 7
97259 7
118179 10
112279 5
160078 1
99210 1
96319 4
90619 3
123299 1
128389 8
106619 6
117329 11
101119 4
117369 9
124519 10
106219 9
97860 8
100179 8
112449 0
121878 0
131508 7
110189 4
129039 7
116689 10
101379 2
128699 7
131189 5
120239 6
122109 11
141018 2
131849 1
103869 4
106099 7
107429 7
131949 11
135069 5
156208 5
132399 10
133719 8
110569 6
102219 0
98929 5
101149 3
114669 4
100779 10
104839 8
103859 9
116559 4
112439 4
152149 9
164948 6
168119 1
197998 8
202548 0
177869 3
146458 4
146699 5
150388 1
164009 6
128739 9
142669 8
142258 1
152339 7
156028 10
132148 7
157709 11
169638 9
147649 4
138179 10
117218 0
124530 10
120639 0
122979 1
106619 9
122659 9
92729 6
111969 1
121679 9
128939 0
139399 5
129619 2
112259 8
110379 10
166948 7
124499 6
127589 9
140859 11
130408 2
129289 0
126099 1
132469 4
135289 3
145519 6
119029 4
113789 9
100729 1
97839 5
97419 6
98189 0
136399 6
118389 2
105449 0
119599 8
101599 0
108539 5
122869 8
119339 0
117259 5
117889 5
136089 0
163159 7
160259 9
146519 2
126509 3
97699 1
115309 9
92959 3
97739 4
112199 5
121369 0
97899 11
107749 2
102208 10
95160 8
101969 6
114639 10
109829 7
118799 1
128088 9
158519 0
148598 7
120910 7
109139 2
98319 7
102719 4
107030 2
92229 0
103429 10
93209 4
95209 4
95399 3
90760 9
110568 0
101339 7
97359 9
125788 4
126479 6
116399 4
129849 3
120559 4
109529 7
132639 10
108609 4
102129 5
114689 3
106359 0
108779 1
112529 4
131379 9
129408 1
119729 2
120329 5
142479 4
129949 10
137249 8
148738 6
149299 7
196298 4
149979 1
140369 11
144738 1
141629 11
124169 9
129528 8
161459 7
187508 2
150759 1
135229 7
124488 7
140538 3
150079 7
122219 6
109759 1
109709 4
114679 1
95449 5
112059 4
112659 11
125699 1
142508 6
118639 11
154749 7
146288 5
153708 8
155459 2
166028 11
147309 1
129679 6
137498 2
163858 5
163618 6
133959 1
121879 9
115299 9
104499 4
120509 9
119509 0
102489 5
116219 7
127899 6
111799 10
124429 0
130679 2
111859 8
101519 9
107059 11
99349 11
115158 10
118688 2
117948 9
125249 4
101749 7
94370 8
93379 11
99739 8
116089 7
104749 10
109499 5
124308 0
124048 9
112408 10
93068 11
96009 7
161668 4
148589 2
103819 9
95929 10
97569 2
113189 1
108159 11
103709 11
108929 0
119929 4
108199 7
166609 11
182698 1
232788 10
112289 5
130049 8
133999 6
133689 1
127459 5
162469 8
308307 9
110129 8
102849 3
126459 3
106939 8
111699 0
136779 8
158149 8
128209 2
106989 11
112849 6
142179 8
128799 3
131979 0
124649 3
146659 8
141078 6
131759 2
113169 1
120349 5
127399 9
118529 9
143528 11
106808 8
111919 2
107619 4
148448 11
155389 7
130738 1
137229 7
149719 6
123719 2
140288 9
142608 11
134589 0
149389 11
145029 1
158899 0
136779 2
139098 2
140799 5
135959 5
138739 9
141328 5
164949 11
148968 0
127699 2
177708 8
181528 11
186178 5
208498 7
158909 10
169888 9
147189 4
166339 2
237558 5
188868 10
157118 5
148569 5
165068 9
144769 7
148249 6
231628 8
127909 0
130339 3
136509 5
169528 3
198568 2
194918 0
201148 9
188288 10
152439 2
164688 7
154319 2
131929 4
129898 1
191938 5
172738 7
140469 8
128879 10
156698 3
130579 8
163679 0
119298 9
116250 1
111619 11
106699 5
106839 7
124768 8
113619 5
150229 1
149469 8
132108 7
123188 1
109909 7
100599 10
149209 3
178458 2
139029 11
152539 0
127738 7
120899 4
143668 2
120349 7
140079 10
135149 1
116779 11
124418 10
105599 7
100919 3
105939 3
99359 6
108959 2
104580 3
100239 11
99129 0
113299 6
118999 5
110849 6
118479 2
156068 3
143479 6
190958 7
148189 7
124409 1
105769 9
126819 3
140389 0
167209 9
138259 0
134519 10
144429 6
153728 9
167458 10
180528 3
173799 5
171598 11
180829 11
170668 10
161429 8
157529 3
164368 8
161689 1
154259 5
146079 0
135879 7
146289 11
146228 6
148029 10
147009 0
164368 2
164339 11
164828 8
192878 11
175439 6
183288 4
192909 8
187829 9
202238 11
176918 9
212778 8
213347 4
218549 6
204429 8
214478 9
202548 0
160848 2
141529 6
115589 1
122419 10
114049 4
86319 6
100449 8
81699 0
90549 4
76910 8
74889 3
83109 1
126019 1
108799 3
101559 5
89040 9
75379 6
74019 7
88999 5
140409 8
91439 8
102589 7
112149 6
131779 9
87959 3
70560 10
72159 1
79159 3
72910 8
71850 7
70149 8
69790 8
69979 4
70569 11
78090 7
75549 6
68429 6
89510 2
68699 0
67889 7
71030 1
88709 11
80799 6
70810 10
69419 10
78239 11
79909 8
73560 9
69109 8
67839 11
155838 0
75589 11
71060 0
69609 3
68239 10
67149 9
67549 9
75320 7
93309 11
70669 11
