24380 15
9974654 11
10849 2
6451 2
11460 2
7331 14
7010 3
5500 11
4600 22
4830 23
6130 12
7620 2
10210 3
5590 22
8770 7
9590 12
6130 2
9740 6
6750 8
4760 11
70529 13
6070 16
18240 12
11560 19
7370 2
7140 4
8180 3
3530 21
6200 0
8520 4
6089 10
5171 19
3140 21
154918 9
4700 11
8990 2
7980 18
8130 0
6430 2
5840 10
83819 16
14020 3
7240 10
6810 12
630 20
6760 1
3520 21
4690 11
15010 18
11040 13
14220 18
7270 12
6829 19
42390 13
3900 23
8840 14
4140 23
5120 11
5490 3
5140 5
9530 5
13490 15
4950 4
9920 3
5250 22
14760 12
5700 21
11149 1
12110 16
5030 12
32580 13
4090 13
6900 19
15860 14
1133651 8
830 20
9310 19
7160 14
6670 19
7610 14
6540 4
6470 3
12740 14
11499 10
5920 2
5189 16
6880 21
10020 1
670 20
5330 2
4860 15
4680 7
5480 18
34120 14
7580 7
5620 10
6670 8
5150 15
5570 3
4700 7
17779 12
5920 11
4311 11
13909 17
81940 13
23199 17
6031 8
5129 2
4640 11
6151 0
12359 6
67010 21
10360 17
6570 4
55869 14
16710 12
5610 10
9260 14
4750 4
15070 9
5370 3
5580 21
9240 22
13480 5
44439 9
17400 5
4100 11
340 20
5410 14
7170 10
14910 17
15790 3
6070 5
560 20
9740 3
6659 16
10271 3
4740 23
5280 11
12600 18
3340 23
12900 17
5320 2
5560 5
30490 13
33180 13
20579 13
7060 0
14299 23
13550 9
7450 4
7010 8
5060 15
5750 7
17950 22
7140 12
34209 19
4669 7
780 20
5031 15
6660 3
11559 13
8850 9
7100 4
13230 14
33480 5
4580 14
5960 23
8680 14
8490 3
4430 16
12800 12
14540 19
5140 0
12299 12
5860 2
10570 19
5700 0
7580 12
6290 18
6950 8
9830 16
4940 0
4520 21
15680 10
7060 8
9109 3
4689 20
5200 16
4720 2
38660 9
5610 3
6050 18
9250 21
10670 23
13990 14
4900 15
6720 1
9570 5
4929 3
5440 11
9220 20
4400 22
4029 22
16809 8
5690 23
6050 2
17980 9
4990 4
7710 11
11000 8
6330 14
3870 11
13050 12
22849 12
30520 22
6850 21
6340 14
6190 11
9120 14
7120 6
7190 2
6240 11
6150 4
5530 15
18440 9
7620 2
6780 15
15640 17
10720 19
7020 23
3890 21
4900 1
32050 22
5770 7
5470 2
10640 18
31130 13
19869 21
7060 9
6570 16
12010 8
7010 6
5240 2
6370 18
7050 22
6160 5
4530 16
12730 10
29059 0
27880 13
5040 14
9030 20
67690 17
300 20
5950 12
5560 1
4280 23
29550 17
5180 15
3800 23
10440 4
5380 0
6460 16
87959 5
8191 3
4529 21
7540 5
5010 4
3620 21
24790 2
5000 0
9200 3
6880 8
10790 12
8340 14
8340 5
7380 21
3620 21
5950 11
5580 21
280 20
4260 23
64709 14
5410 11
13160 9
14730 2
6690 23
7760 9
8290 12
4119 11
9531 0
16829 14
5970 6
15760 10
11580 13
8350 8
125879 2
5760 8
14260 17
13640 19
52750 12
15450 19
8700 0
7940 1
14060 21
11800 4
17030 10
20460 12
6850 0
15999 12
4240 16
9989 7
9520 6
50180 17
5720 2
10350 10
7370 4
53239 18
6979 7
15580 8
5940 11
16770 1
5050 15
9400 1
4880 16
14720 3
67699 17
51960 9
710 20
5510 6
5400 12
6560 10
5140 16
5280 6
8569 17
8191 16
52779 12
10060 1
4560 22
3610 21
5880 14
38400 12
8139 14
5160 10
6389 11
5911 5
8520 4
10200 14
30400 19
5690 11
16610 18
10800 14
9500 14
4850 11
4530 16
7680 3
7549 6
8431 12
3540 23
8759 3
13410 9
8790 10
5430 18
27020 19
5820 18
9510 1
5640 10
6950 15
17639 0
12509 3
10829 13
449 20
12010 5
11450 6
7320 15
5630 15
6890 15
12540 13
20070 9
6680 15
6930 12
660 20
7120 22
8200 14
6140 15
4840 8
10520 19
5459 1
4800 6
6600 18
7790 4
7790 4
10290 8
3160 23
7630 5
14530 9
520 20
19100 9
9320 16
16270 17
6469 5
5209 9
5320 9
9229 19
5150 7
13610 19
9130 6
4520 16
15000 6
4880 23
360 20
6290 10
3290 23
8190 15
7390 14
9380 21
7540 22
4429 11
12960 14
6809 9
4940 23
7550 23
4420 7
5100 7
5220 12
9100 14
17130 19
54280 4
5210 16
48269 0
3560 23
4980 18
12640 14
5880 22
14800 15
7080 18
4590 22
4620 0
5520 11
6180 5
7030 8
7019 14
7620 2
5640 22
6200 11
6799 18
4470 7
7880 0
10360 18
11210 9
11180 13
4500 12
9280 14
11060 15
6310 3
5030 8
7760 16
11050 5
9719 19
38269 19
5040 9
5480 17
5250 5
5840 14
3410 20
28870 19
5990 0
5820 12
9970 6
5820 17
5679 18
5860 0
19080 19
16989 9
7570 13
5360 22
5220 8
13720 17
7860 9
41680 19
9330 21
5371 8
11109 4
8020 1
9440 12
6940 10
9560 13
6350 11
10010 10
7240 21
360 20
4360 16
6830 4
5750 4
5930 4
5000 0
28609 9
5729 10
9209 19
5340 2
6630 23
5840 17
4530 11
10060 23
11460 8
5900 3
320 20
5520 22
3930 7
280 20
4900 11
72439 0
22039 19
13020 9
4380 23
7150 1
5950 12
4710 15
14090 1
6650 2
5470 1
5160 16
6880 19
7959 14
10400 18
6320 21
4860 15
4880 0
6939 9
10240 12
5350 2
7710 14
6180 9
5790 6
7700 8
17860 22
6460 4
3130 20
5750 15
9980 3
6170 11
4070 23
12160 17
6860 16
6349 2
6399 5
7460 5
9770 22
8140 7
12920 15
7730 8
11550 14
28410 13
5480 4
8010 14
4869 0
3960 11
5780 23
5531 6
371 20
7319 17
710 20
10060 2
8430 18
8090 10
14190 17
5260 13
9150 8
5640 16
7110 10
5170 15
9730 8
5280 18
5140 1
11860 9
5200 14
7600 4
7280 13
9209 22
7570 18
9010 3
23550 9
4530 4
11440 8
3680 23
8290 14
5020 14
7340 17
12189 22
5789 9
10720 22
4400 21
9480 8
4500 0
7520 6
7710 16
7750 19
9110 8
5270 15
6700 6
4820 3
28110 21
9390 19
6530 14
5799 21
3320 23
15300 17
4300 15
5609 11
5280 8
24580 17
8250 18
8300 14
6100 14
5010 15
4760 1
7360 14
16730 21
5040 16
4160 11
10350 3
10929 18
6840 1
4419 11
5260 6
5060 5
5350 0
8320 15
9440 13
14310 13
370 20
12450 10
6560 8
20140 22
9080 5
10119 21
7349 18
9120 1
5179 4
12500 5
6640 6
3190 23
9700 18
7920 13
4380 16
8370 9
4850 15
14540 14
5100 16
26239 19
6589 2
391 20
6269 0
280 20
7400 9
9729 1
5640 22
4270 7
9600 8
6320 0
7550 22
4730 0
6920 4
16190 10
270 20
6900 6
19460 9
10440 9
14920 22
5820 2
4409 7
6110 19
10620 17
5650 7
7510 12
20250 4
4860 6
16990 17
2970 23
7240 1
17610 19
5839 11
65520 13
43620 13
6530 10
21499 17
8231 9
5000 15
13250 9
9370 5
33640 8
8500 6
25800 9
24309 9
5331 23
6920 6
5060 6
3929 7
6020 0
4059 16
8370 10
10770 22
4920 0
5530 2
6060 8
7510 1
11570 10
5300 8
2790 23
14200 21
7780 3
8600 18
5649 15
5320 16
9620 5
6711 6
6669 0
22930 13
63040 8
8790 18
5880 6
14899 8
8731 13
15249 17
7120 10
20830 18
11920 13
7020 3
18630 9
8510 2
3510 22
6350 6
6600 19
4964512 5
8549 21
24671 14
371 20
11059 10
20230 17
6510 12
9970 8
5210 3
13540 9
5280 15
8090 22
19720 9
5875545 11
10310 9
6060 7
5700 1
10380 3
4060 23
7280 14
18929 9
9130 12
7420 2
4700 21
9390 21
4830 21
6170 4
10050 12
7060 8
4520 7
5700 4
14750 9
1842545 0
7091 7
4849 11
7549 15
7020 19
14370 3
6720 10
8790 6
4650 11
9730 17
8320 12
7440 2
14990 14
9900 12
5960 12
4040 7
10140 8
7580 18
4409 6
6051 18
5469 6
7770 22
8150 4
6130 10
6540 17
19870 9
5570 8
5280 0
11330 8
10730 5
9410 2
8319 20
3580 23
16209 14
4851 7
4689 0
6740 10
6360 21
5670 13
4450 21
350 20
3410 23
5910 10
5420 9
5440 1
6150 3
4940 8
6920 10
6100 22
6020 4
5940 5
13220 12
6219 18
13480 15
10540 1
10940 14
10210 13
2840 23
4600 7
5550 2
4560 7
7510 1
5480 1
3150 23
4730 5
13560 10
6290 18
3730 11
4730 11
6800 8
4030 7
5199 0
5051 7
10109 5
4671 15
6269 14
11329 15
8960 5
5410 11
5150 8
8370 22
4140 3
12130 17
10120 17
13420 16
5350 21
6310 7
6200 7
5709 4
5160 1
3840 23
24789 17
9490 21
10820 15
4400 11
650 20
6100 21
7890 19
11840 3
10970 9
5380 3
6540 7
3880 11
4750 8
4820 2
4160 23
14589 18
420 20
8500 23
17479 6
10840 12
6050 15
10040 15
4250 21
2970 21
6000 12
6890 4
6880 14
6550 14
8150 16
6800 15
12400 9
6459 3
6360 12
7411 22
238398 5
10319 16
19951 17
6099 13
4450 23
5190 5
7530 8
10410 18
5920 10
6100 15
3850 11
5300 5
4460 7
3720 11
4390 7
462036 3
9879 13
8000 6
7340 21
14490 15
7310 23
9900 3
6770 23
10970 19
6900 9
300 20
6050 21
7550 5
8180 15
5010 12
4169 7
360 20
4569 21
4789 16
3051 22
5940 14
14270 13
8630 17
5860 5
7080 9
11270 18
3320 23
7200 1
12290 6
5430 3
4560 3
5240 22
4680 6
10460 9
5240 6
18530 9
6520 5
11469 13
4850 6
8370 23
6430 2
4220 21
4770 10
8110 4
56850 16
4440 15
6420 7
8609 1
10130 10
4840 4
440 20
12980 19
5670 3
9710 14
4790 11
7210 8
8220 16
18040 17
5900 4
5740 8
5590 15
4960 1
4980 1
222838 14
5730 1
4460 2
7700 10
8730 13
5830 16
8870 21
4460 16
8900 7
6440 15
4659 0
6660 4
7290 19
10610 17
8460 3
4240 12
5390 0
6440 5
4650 12
4690 11
5330 10
4150 18
6690 11
5940 1
5220 18
7950 2
7500 13
6829 10
4380 12
471 20
9971 3
