157329 4
101769 10
109299 19
114800 15
115170 20
120379 9
117799 5
114719 12
116639 5
109479 4
111859 12
113549 8
110579 15
109229 17
123569 13
115189 21
112269 9
109089 1
103110 17
103949 10
104089 3
118049 14
109219 19
126999 3
112609 0
115709 23
111070 18
111229 13
113119 12
116909 8
109299 4
119739 3
107399 10
111630 13
114490 9
116789 6
120429 15
110549 20
102569 7
114019 17
124979 21
114550 22
117328 4
301648 1
115169 1
118999 18
104550 4
119329 11
107679 2
108319 8
109989 6
112740 16
110979 10
116450 15
110879 10
109439 19
130229 9
117089 23
108629 3
299388 19
105949 10
112669 4
115240 15
118279 11
108300 12
112209 4
102899 20
121189 4
116869 12
110729 13
112979 15
108420 20
132249 19
113479 20
111409 1
112499 23
110309 3
110399 21
109599 7
109599 10
112809 17
173719 8
113369 19
120249 22
120269 3
117789 1
114239 20
115769 18
114789 6
134789 20
120829 17
115579 6
284497 23
168549 13
114179 21
110769 20
117160 8
112008 2
113030 23
110759 17
111059 19
115509 10
119949 18
112949 21
126160 22
114488 17
111580 7
104849 2
122319 12
114929 6
120129 3
114049 4
112359 14
127569 14
105859 1
109639 19
111249 3
117809 9
115569 22
118419 15
113559 4
119519 17
126780 9
112819 5
113230 2
111789 5
117149 21
119719 3
120479 9
115699 14
122079 4
111129 14
115908 23
120770 8
117589 17
121719 15
122669 11
115059 16
121099 6
125159 6
115689 8
118029 9
115209 13
115328 15
122499 2
113439 7
119309 22
123849 11
107219 11
120939 1
121239 15
115939 3
118050 13
113888 0
116889 3
115599 15
113869 0
109169 4
111989 8
116499 14
117909 23
116439 10
122289 3
111089 19
129589 1
115999 10
121849 10
108219 4
111169 2
122059 20
119980 20
122990 16
121230 3
157999 17
124839 4
116119 2
114840 11
116029 3
120639 8
109899 23
111409 3
121529 0
109300 19
114099 19
115929 12
115389 12
116029 23
113389 20
118499 10
115679 19
123199 13
112369 21
116570 6
110530 7
118859 14
113929 22
114519 5
111939 8
123629 10
106079 18
119839 4
115279 11
112359 7
119059 18
108799 13
119239 11
120329 1
127039 12
113239 14
115680 3
112470 10
120310 4
119769 7
112249 17
114319 7
126599 19
111959 2
117419 18
124209 5
111110 3
112659 6
116969 15
115249 7
116779 17
126989 11
112519 11
108419 11
112759 0
118339 13
118690 17
114379 5
124419 12
127639 23
108929 10
113059 3
115279 21
126869 19
121069 10
119760 0
121570 22
120948 19
123279 19
121569 5
119349 23
118159 23
117949 14
122389 1
121669 18
122259 7
140899 16
118249 7
115459 10
122049 19
133599 13
119699 11
120719 15
121268 19
157679 1
115919 4
114610 0
118839 4
104589 2
116909 0
110389 10
113979 6
115520 20
129799 18
115109 12
118289 0
119899 14
116049 15
106839 3
120599 6
107499 6
119259 15
107179 0
118839 22
108979 5
111749 17
108889 7
109819 9
119749 6
123968 1
122899 1
116400 18
117049 14
112709 12
113779 17
109059 1
109289 8
114779 19
118330 5
121529 11
107129 22
116759 13
120169 9
113139 17
109719 2
126159 18
124889 16
126308 6
111590 8
111359 10
110949 23
120999 11
112649 7
113279 15
112469 13
116950 1
132050 18
117159 6
112909 5
104309 17
115899 2
111929 4
111029 1
108479 23
103589 23
116629 21
110829 19
109389 8
141029 22
174579 12
182508 17
215689 21
209948 22
304918 17
292617 10
331078 0
193618 20
195078 15
189628 15
221228 5
222998 21
228709 0
237887 0
210589 17
201068 2
194768 14
168979 14
157518 11
184308 4
182529 7
158178 2
196288 3
315997 13
222679 11
260208 2
180599 21
179188 0
197179 3
241059 14
197218 23
174779 18
229808 6
240458 3
282368 0
236938 12
210409 7
255468 7
229158 22
287398 17
278298 17
289938 5
278607 13
229959 21
212618 19
241768 14
277238 7
251098 16
280638 11
276418 9
331587 15
223929 18
212238 6
203679 3
263118 4
207389 23
209508 20
240398 6
300688 12
289608 23
278198 6
188688 2
241448 1
270328 19
245148 4
194619 21
274148 23
283638 10
295598 1
264798 9
287308 10
236718 20
274428 1
320648 20
324277 18
251878 3
220499 19
255198 16
247328 20
265518 18
289848 15
283938 20
266289 1
230888 17
214868 20
233218 20
216809 16
198878 17
235888 12
312408 16
274388 13
278108 16
184788 14
187979 8
223498 13
248108 0
187909 5
186609 19
254118 15
241949 7
305517 5
216749 6
279697 3
216759 10
259168 5
307027 21
332537 10
283588 14
225528 11
216678 3
251629 9
256978 2
271409 11
279797 11
252098 7
238678 8
194278 19
198689 15
241628 10
185838 17
209739 5
285098 19
267409 12
275878 12
219988 18
202018 2
225319 19
242889 19
204558 19
200588 23
303657 17
312578 5
277988 8
242148 3
299208 9
254767 22
263698 6
306957 8
314968 10
245028 11
248628 20
216458 5
267928 19
273798 22
266128 11
289328 12
287678 15
252308 6
209018 1
208939 12
222798 22
207638 5
193039 8
226638 9
287548 2
292668 23
265978 9
207148 1
219658 4
221749 17
259478 5
226138 23
257978 21
250568 23
258688 23
273478 1
265748 21
270108 1
226988 19
281568 1
345598 16
284708 21
261618 15
220809 1
201388 0
226949 7
255238 0
326908 3
257108 23
245148 23
242718 14
224999 10
190288 10
206238 0
209799 9
178388 3
198339 9
272338 22
298398 2
261298 18
229069 9
203828 16
283948 13
193389 16
180548 11
253028 4
256358 18
254188 16
238018 14
234118 9
266328 19
216758 13
294098 12
349067 23
272278 12
237918 22
243828 7
254858 18
250109 13
259148 1
280967 5
278937 13
263718 9
223768 9
231928 1
208538 3
217528 1
205509 14
220338 11
283458 15
288798 0
304288 7
238848 0
220528 22
243388 22
268738 16
216868 10
370698 7
271308 0
280827 22
299807 23
243838 14
251039 16
219878 15
290757 4
327487 16
318947 15
283438 20
254749 8
265218 13
265149 5
301177 12
271198 8
282058 8
275478 12
224988 23
206019 19
228789 5
214438 4
246878 9
209919 5
234448 20
272668 14
312887 13
218229 5
192498 8
210179 23
267038 22
207778 11
203509 18
259409 0
269338 8
269097 11
203159 2
253858 1
271918 14
257568 7
281968 17
340437 4
281708 22
245318 16
226658 0
248118 10
268647 7
275947 16
253418 19
239908 6
223089 9
187608 8
190529 3
208298 3
209089 8
165328 12
222249 1
345467 9
291258 18
247938 22
189759 22
216539 19
233638 3
297298 20
194148 0
251189 11
270067 18
294778 21
426007 23
247688 9
264738 0
231978 12
263668 22
354198 12
308098 10
263478 4
257698 10
265298 1
259028 6
264618 7
260918 18
285488 16
262638 12
267008 7
214318 22
208728 10
218209 14
211558 5
200839 11
252438 23
300817 14
267918 4
252909 18
207159 18
209608 3
254159 18
234368 7
214308 7
277468 2
267008 22
280848 16
308547 6
230038 21
273689 16
254778 0
302627 9
308608 1
281208 0
260648 2
391917 7
237648 11
236838 21
277228 0
259888 11
274468 9
249788 5
213718 2
175989 6
196079 3
209798 11
194519 3
248938 2
274818 11
240767 18
265589 11
200298 15
191318 17
200668 22
241038 13
192979 21
197968 15
253238 10
241999 12
257709 1
246207 3
219758 11
242438 6
232518 20
294618 11
277778 23
271208 6
227788 15
302248 14
259458 12
263218 23
308147 17
238629 4
249528 22
236718 9
284328 5
204268 17
185379 9
192788 2
231868 6
211599 19
186099 6
186558 16
292148 23
291927 11
286968 6
205899 9
198208 14
184299 4
238468 2
195168 20
203088 11
255568 21
263938 19
226478 9
218119 1
227608 8
278678 9
278148 20
308177 11
285878 9
239748 2
224389 20
228478 10
223518 7
285088 0
257358 13
223208 16
218169 8
274458 5
206458 2
171659 3
189948 3
195329 16
190588 2
179089 4
245438 17
264108 3
280348 16
200678 7
178599 13
209638 9
273008 19
207449 1
190038 13
241808 12
241209 18
265278 14
206938 1
229918 22
220129 7
268358 17
282288 5
293778 4
237208 18
234848 19
214269 9
298447 16
223768 15
228728 4
229318 12
228808 16
198009 22
186629 22
189959 14
206739 15
181139 19
168549 1
193808 3
272878 11
273418 9
264778 14
185359 11
198088 14
276858 19
224829 17
190858 8
209488 13
250748 13
216989 6
240208 16
231208 16
246488 18
238439 5
225359 10
247348 18
350117 11
264148 12
225819 0
238638 23
257688 2
237398 21
234718 4
232938 8
270388 20
227858 10
220719 3
205458 11
198789 7
230198 0
184548 16
188548 15
244108 11
324588 6
282357 21
215908 13
196359 22
232059 23
243628 0
195058 4
204169 7
236398 13
269408 22
244648 18
227398 9
218609 7
273667 4
211859 6
284558 21
346067 18
272328 1
231588 19
227579 9
215359 20
234008 14
209068 17
217348 18
231898 19
242508 7
208099 11
181868 19
187209 7
171389 20
211358 12
204758 12
165249 19
171519 10
273457 13
279489 5
264058 1
188459 17
175529 19
175428 19
227789 8
182818 16
189929 20
224708 0
224898 10
253458 21
220709 18
209348 6
240948 16
228809 18
237009 19
296818 9
293288 8
240568 16
190519 12
219448 4
223338 17
301178 13
253618 20
237968 11
214419 7
275668 12
224578 13
196069 11
194679 16
208039 0
195109 8
194099 18
266007 23
274588 13
315418 5
209688 9
193799 20
194698 8
235419 15
214668 9
197708 13
211369 5
281147 4
284829 6
221519 12
226348 16
266618 10
247908 20
255998 2
298378 20
262378 0
258438 13
216038 14
225299 9
208429 14
254958 14
248598 5
260818 18
217898 16
258108 8
192339 13
183199 4
217059 14
209538 4
242268 14
188139 14
255758 17
268128 20
271018 22
182319 22
182458 10
191228 0
246058 22
202938 17
176199 20
219288 20
227688 2
244198 8
236229 22
178998 18
242887 5
216669 16
263388 14
297918 3
279138 14
225158 22
232298 1
221268 4
244399 13
195748 4
245668 19
206718 0
218808 11
196638 13
185969 4
211808 1
169279 11
157719 17
180318 22
178999 23
149779 15
203818 3
235639 17
294427 5
241118 6
184828 20
154289 0
149309 17
190808 4
141999 19
137639 15
199729 16
206598 11
203159 23
219138 5
163959 22
216208 10
192378 5
220669 13
288167 13
267889 2
273227 6
200509 7
172048 11
199418 14
214438 16
190179 11
186629 17
194038 21
187099 3
186728 2
135179 0
147009 6
167529 15
167998 2
135359 16
172568 23
222438 15
176709 1
193159 8
148028 9
158268 14
183419 11
139499 19
156999 17
114319 4
114109 13
127509 19
172979 20
168768 8
157599 4
127739 0
115649 20
137459 19
147909 3
174608 1
216378 13
206438 14
