178028 0
98559 11
94429 4
98889 0
93639 7
93059 0
100659 0
108408 6
93059 6
101419 13
99670 15
93719 4
97879 8
101689 7
96929 1
97349 0
105739 7
107379 13
101639 3
97849 0
93259 4
94090 2
98508 5
102039 12
107039 7
105859 8
99950 15
104519 12
97249 9
98679 10
102969 1
105029 6
107609 10
105299 8
115399 2
102709 4
117429 12
98119 9
106809 15
109499 10
106209 4
97319 2
107719 4
100699 4
104579 9
105169 7
114779 7
106179 6
105139 1
109109 13
112829 13
139598 3
97220 2
108098 3
100029 0
109969 10
99169 5
97409 4
105269 0
107939 2
110049 2
112249 13
105749 14
108359 12
113199 9
101099 12
102649 7
108419 5
109559 7
114918 1
101219 8
98139 4
105889 7
112699 0
103189 11
105659 10
100549 4
110079 14
103599 12
101309 0
106309 3
110449 5
106689 8
11159485 14
101059 8
85499 3
90389 2
91359 3
94599 2
90609 7
94719 0
88589 8
93449 8
100168 6
86590 9
92799 13
91279 6
97619 14
91919 15
92380 7
90299 1
90760 13
86369 0
87499 1
94799 15
88520 9
90539 3
81949 4
92259 15
87409 12
100389 12
93169 11
87090 1
91319 13
93349 0
97109 3
89809 5
104809 10
89419 15
82719 3
89439 1
93259 6
89309 3
94339 0
91489 9
92179 2
100259 9
90730 9
92859 9
88930 3
90899 14
93099 3
86969 8
88689 13
90349 6
88108 5
85880 7
98699 4
91989 0
93549 11
95859 3
87680 9
90999 5
91270 0
92319 2
91499 3
89779 5
92659 6
103999 8
92300 1
88340 6
93619 10
93359 11
88049 2
83119 11
93309 13
100788 8
92200 4
95749 2
94539 4
91229 10
92979 4
88729 7
87459 6
90059 7
91750 4
95299 7
87019 7
90179 5
95099 0
96269 8
80830 3
95079 2
88169 6
82419 6
85889 14
85039 8
87090 12
78489 13
82849 0
83369 4
98879 2
90380 7
86639 8
87519 9
92529 15
93139 8
97749 9
99459 15
86499 3
92770 1
93089 10
10119035 15
107519 9
107089 12
107139 3
114029 0
99389 3
99329 3
106189 2
90699 2
100999 12
104989 0
114199 15
109099 3
109589 8
100579 12
101149 5
113079 13
98509 4
110799 10
114669 11
108409 8
103369 3
97030 13
107838 8
102490 13
108278 0
103049 1
106468 5
120709 12
100499 15
109319 11
107869 8
107099 8
95629 5
109599 5
109199 3
111919 8
105029 13
109309 0
106429 0
102389 2
106019 7
112598 6
100890 8
112668 9
105639 10
103229 0
119179 6
96569 3
109639 12
110329 13
108179 1
101929 8
103699 10
102239 8
111289 11
111689 9
99889 14
98619 5
112258 15
107949 1
107209 3
110339 11
108359 14
99079 9
97719 4
119278 11
99770 7
105930 6
99119 6
109979 3
98890 13
113748 1
103859 5
106579 15
114248 12
101099 7
103870 12
101190 12
106868 12
102179 10
106850 15
106499 14
106630 2
108919 11
118579 15
117519 3
109699 10
125499 2
119449 1
109009 9
106189 13
118969 2
10118735 13
122959 15
113089 7
114739 12
110409 8
103489 5
107059 12
111569 15
108579 8
113479 10
112289 9
119669 4
120009 12
98449 1
111759 4
106739 7
103739 7
108348 1
115539 3
103499 13
104959 14
107739 15
105919 6
111530 9
103650 2
114328 15
105809 10
104608 13
110499 6
102029 4
109419 4
109209 1
97879 15
102508 7
107228 14
113539 8
104779 10
121569 7
96859 12
108769 15
106849 13
112719 8
100159 5
113459 11
109099 0
109609 10
127309 6
97899 12
107359 1
106729 8
110509 8
93359 2
108469 5
113639 1
109519 5
112289 5
106249 2
104029 7
105179 4
110279 7
108609 1
111739 1
105909 1
104699 11
102969 9
114859 6
112499 10
103479 0
110199 15
107959 9
109229 8
103559 0
111969 5
100669 8
115779 1
109759 4
109599 0
103549 14
114359 12
109189 12
115909 1
106379 8
104970 10
117330 12
109319 15
111739 11
309846 1
131728 11
129349 5
121969 9
10151665 1
108509 3
105299 11
106729 8
112929 0
116109 7
109549 1
104619 15
97199 4
113589 10
108799 6
111019 3
110899 11
105989 15
106529 6
111819 10
111019 1
110179 15
110308 10
98139 14
95280 2
97369 13
96769 10
91009 15
102269 12
93599 7
103439 2
99299 3
108349 9
96379 4
102979 0
93048 12
94289 4
92889 5
90109 11
93979 12
94459 1
107019 7
92699 13
101839 13
95200 4
93719 13
98459 0
98919 7
93979 6
89479 12
93779 7
90109 4
92429 8
101679 11
96568 0
93010 6
98379 9
93799 4
98899 1
97019 13
91679 9
97559 1
105669 12
114489 12
94469 2
93560 13
84409 13
95439 12
94079 4
86919 10
96099 12
91509 2
95899 2
91199 11
103279 3
89049 11
106809 10
93269 6
112309 2
93819 13
98249 12
90699 0
96909 13
93270 3
102270 12
86700 3
94969 11
96019 11
95279 3
101929 11
105069 13
92689 9
97709 1
89410 5
119459 0
90630 2
103639 10
104179 4
90910 1
96199 4
96199 4
104699 8
95449 13
96599 0
10124765 5
120709 3
119819 14
115319 8
109399 6
122579 15
116349 0
116518 2
116599 10
122648 10
114799 1
109489 12
115329 5
121149 5
130869 11
116679 10
108499 13
125059 14
111188 14
119549 8
124449 15
117179 11
112889 1
121439 11
112959 5
126069 5
109339 6
105228 9
106068 10
108470 4
123108 3
147859 6
109539 2
115949 5
116459 9
115659 4
105089 4
120319 9
111089 13
111490 2
111019 4
108310 2
115638 13
119269 1
99929 2
126139 12
117509 10
121629 12
123719 6
120789 13
110299 12
120439 2
103499 2
107159 9
115870 13
115118 3
125629 15
118909 12
108349 7
109719 4
121299 4
107859 1
112789 4
103069 4
113539 14
133028 7
115679 0
116279 6
118819 4
121699 0
110499 13
110049 11
117229 2
110499 8
110699 10
112539 4
112239 3
128519 13
117079 13
149879 3
112019 15
125869 14
117569 4
123008 11
129468 13
122449 6
139629 4
112389 4
109479 3
118989 11
125148 10
127388 15
138739 15
126579 0
123099 5
114869 10
126278 14
125418 5
111069 0
121209 1
120459 6
125569 8
135829 12
119848 3
123478 10
124369 8
116999 2
132919 14
115859 4
117019 14
132139 1
134009 2
130959 5
118499 3
119579 12
122359 15
115748 12
118319 12
130039 13
117169 2
125759 1
120279 9
123179 15
119978 6
121949 3
124189 1
131319 9
110629 12
124818 2
119899 13
111590 14
130188 13
111709 14
112489 4
114869 9
116689 6
123749 0
121649 0
125389 8
116870 9
126698 2
120669 12
112229 2
130089 10
122229 10
133748 15
115429 13
126559 7
116589 5
117189 9
123359 2
131739 12
108710 2
104199 4
108719 13
116070 10
106819 4
105879 1
100348 5
110299 7
131298 3
108809 5
108199 15
110059 2
111059 15
115659 1
127509 10
129359 4
115539 6
20132021 11
88349 11
90089 7
91239 1
92270 7
92379 0
94129 10
88109 2
85749 5
84149 8
91019 10
89719 4
94669 13
90189 13
93599 5
87639 4
99229 12
90559 6
85040 11
88249 14
90669 3
92379 5
87010 8
86428 6
89319 0
91739 13
91819 9
89469 14
91679 8
85769 12
86299 1
94089 1
92469 4
80659 7
93309 6
83288 12
96079 11
89659 14
91169 13
93409 9
92739 5
84899 11
88559 0
90420 0
101829 4
82639 11
90989 14
90039 7
86330 10
81360 9
94179 6
88669 15
93189 4
91519 8
84499 7
99239 1
91169 6
89739 2
99379 8
92079 4
101529 2
89589 15
87770 12
83550 4
95569 0
86899 1
97419 4
95059 9
101939 6
87779 14
92860 2
91270 5
94829 6
88849 3
91269 12
89729 2
92850 2
82490 4
92359 13
93199 2
92469 3
92239 1
92789 0
86669 15
90679 3
88849 6
90519 12
100019 15
88959 15
90469 15
90649 12
90629 2
90149 3
88169 13
91349 9
87329 9
83440 1
86369 0
99709 11
100859 9
105049 12
90649 8
85359 14
86369 12
84240 11
88199 4
92199 2
94039 0
83259 14
10108676 5
100410 1
83119 11
90959 12
99449 12
87629 8
91110 2
90750 5
87269 1
91639 3
93079 5
102669 8
96139 14
98719 12
87699 14
87930 13
87460 9
87749 15
85639 11
86329 9
88299 4
97799 15
98379 4
86029 4
89909 4
87009 2
90329 7
85389 5
90659 13
90669 14
89169 10
95049 11
95539 11
103249 11
93699 7
91879 3
94039 4
92470 5
87949 15
87329 13
88969 5
97969 2
89240 7
85179 8
97589 3
92399 0
94039 8
92409 7
87769 13
91229 6
82800 15
90009 14
91299 8
87609 5
97169 13
90760 3
89599 4
87920 6
87379 6
92459 5
89029 12
90559 15
87250 3
91009 6
89229 12
93409 4
97969 5
87009 15
84830 0
83740 8
94579 3
87999 14
88659 14
85169 8
88659 0
93609 14
84019 12
99809 11
91989 1
86029 1
82509 4
84439 13
93599 5
93039 9
91779 13
88969 5
89149 4
89079 5
94879 3
85549 4
82589 9
91529 1
88789 2
89119 6
93000 7
89239 10
88299 10
86769 5
85349 4
83809 3
95909 14
95529 8
87439 8
87399 4
88899 10
92769 5
83969 14
90879 12
91309 10
99609 1
91179 6
10140045 0
97559 1
90889 9
90080 9
82959 8
82969 14
89329 15
84510 15
93410 14
90809 12
103209 15
82479 2
90929 14
97779 10
89309 13
90950 15
88340 2
94079 13
89759 0
95599 3
91729 7
93559 1
96239 11
91199 7
85569 10
89779 6
86769 13
87439 13
84779 9
90139 13
84799 6
84109 2
99889 7
86820 0
82720 7
92319 2
92279 11
85499 11
89049 14
85169 2
89620 3
98199 7
89229 8
100589 7
87649 14
92419 10
87630 13
88339 3
98879 3
93999 5
95209 5
90449 0
93139 1
89959 0
96369 9
89659 13
87919 9
85989 2
88189 3
83909 0
89130 5
87450 0
94319 13
102689 9
92329 1
91059 4
90849 12
93429 0
89560 3
85240 4
87019 13
98189 8
89179 3
86419 12
94169 6
82760 15
103459 5
81469 4
97539 11
82909 9
89849 9
88479 7
89569 12
88449 7
92809 8
85789 6
90670 1
99099 12
95939 13
88750 5
85499 15
85949 4
93369 9
88159 13
98279 9
85819 8
87329 13
129719 1
98059 3
88679 7
93099 9
80919 1
83910 5
87390 9
85119 15
85359 3
85329 4
87810 3
87370 4
10108205 3
98669 0
102729 7
110109 2
116609 8
113609 14
101549 9
109759 15
104659 11
127489 11
98779 11
106879 11
102449 1
94919 9
99149 12
102769 3
92249 14
99799 6
97549 8
112718 15
95799 15
97648 3
101739 0
96460 9
100099 0
101549 7
101319 3
