156419 7
91519 7
94279 3
99179 3
89289 5
92679 4
92770 9
90369 10
88989 1
90849 2
90049 5
90580 3
98190 6
114529 2
102059 7
98709 11
88849 11
91760 6
91059 9
89930 7
92039 1
90939 11
90739 9
93280 4
97699 2
129559 9
88699 2
91479 7
90280 9
93659 3
90690 7
87360 3
90799 1
88120 2
89789 3
97509 10
90119 8
90810 2
88149 7
90379 10
88240 2
91479 8
91789 2
88009 4
92189 10
102289 5
109509 5
91670 3
88270 7
92749 6
91079 6
88540 10
92859 6
91399 1
88960 3
93579 7
100749 8
88889 8
90759 6
88679 1
96319 1
89299 7
89649 1
88520 9
89100 8
90739 1
96219 10
100759 3
92270 4
91219 6
92569 7
88580 9
91129 8
89139 10
89319 6
89269 11
96779 2
91720 9
99939 3
91299 4
89209 10
92139 4
90279 5
93769 2
90700 8
90369 2
89639 9
89629 7
89490 6
106099 10
91930 2
98219 0
89549 7
91619 11
91569 11
90910 5
88269 10
89500 3
89319 1
92889 4
121149 0
88910 1
91900 3
90609 2
91959 8
95099 9
90759 5
97289 10
92500 0
90509 10
98349 2
90209 11
91200 2
88929 5
91529 3
89850 4
91779 9
91149 8
88370 11
90679 3
88419 10
102049 3
92699 7
91719 8
92379 0
88229 0
90289 5
90899 2
90390 3
89589 3
87529 7
89540 3
99209 1
92379 0
90219 1
90280 5
88239 3
90970 2
95359 6
91119 11
91789 6
88080 6
90600 7
99679 4
105689 3
103790 7
95399 8
92279 0
92109 5
91909 6
90799 10
92729 4
95389 6
116039 3
97329 11
89859 0
94969 3
90079 1
88699 11
90459 11
90529 2
91409 0
90119 0
91540 8
104809 8
93349 7
89530 1
90070 5
93779 11
89289 5
90099 4
87639 3
90999 6
90180 1
88929 1
97709 2
85590 11
79429 8
78560 6
77229 6
80669 3
81630 4
77819 9
77849 9
82179 9
77769 5
78780 2
91639 9
82599 5
79290 10
81959 2
79549 9
77689 9
80699 3
77850 5
77719 1
82379 9
77630 4
78449 5
88269 5
98099 3
79569 4
80479 10
78550 6
85559 7
78880 11
79599 0
79240 0
83249 9
77669 6
82520 8
79849 9
10094543 5
79900 1
85160 9
79799 3
77250 1
80909 9
80200 11
80249 10
79989 0
79740 9
78309 6
78269 7
89300 10
77529 4
81140 1
78789 5
80639 4
78140 8
82269 9
85380 10
80610 2
78709 9
78990 4
77109 2
80589 4
87570 4
80389 8
85330 6
86450 7
80509 3
81410 9
80809 5
82089 0
85590 2
81979 4
83050 11
92460 3
94219 5
81789 9
79910 2
80869 2
80280 0
80319 2
82379 2
82280 9
79629 4
83229 4
83780 1
82109 9
93000 11
78030 1
81199 6
78790 6
78619 11
81509 3
79589 2
82149 1
80040 2
79450 7
78409 10
81580 5
89999 6
80530 6
79269 6
87989 5
81859 1
82779 10
82399 1
91470 7
85669 10
78019 3
78220 8
82839 3
88699 2
79429 11
78609 3
81069 3
78649 0
80419 1
81600 10
82169 8
78029 11
80589 6
78459 9
82700 6
87699 6
80869 9
80380 10
79599 2
76310 6
80409 11
79189 4
79630 5
81259 2
76969 9
82629 10
85039 8
80790 0
83829 6
78060 5
79529 10
78239 7
79420 4
78159 11
80449 5
80660 1
77469 0
79370 6
79659 6
78019 8
104180 5
78749 2
81209 7
79290 0
79749 9
78279 7
81400 5
78669 2
77250 5
80369 4
81919 4
80130 0
80939 6
10085374 10
77289 10
78279 3
82000 5
79889 3
80319 6
78860 2
76329 4
80509 10
78319 8
77440 8
77139 2
87869 3
79850 2
77100 11
78200 10
79219 9
80369 3
82449 3
78529 1
78409 9
79010 0
80719 0
79160 4
77390 3
85449 11
79360 8
77009 11
78890 2
78710 9
77109 11
78330 10
77589 8
77240 10
84159 9
76479 1
89639 10
100200 4
88079 10
77149 10
75759 8
79329 5
78310 5
77299 5
76320 5
81339 3
80369 10
78360 11
88609 11
97329 11
80840 11
79069 8
79360 10
76900 9
79069 4
78730 6
78999 10
78780 10
77590 2
79389 2
78260 4
94909 10
98779 10
80620 7
78409 9
82619 2
78919 0
81419 9
79870 6
80560 9
78419 7
79770 1
83029 7
93199 5
92900 8
78859 6
79810 7
80339 4
80699 11
78390 4
80569 4
79600 4
76120 6
78199 4
76840 10
80369 0
85450 3
77690 5
79449 4
78440 10
80119 6
78509 2
80460 1
78469 7
78460 3
82059 2
79079 3
80740 7
90089 5
97399 4
80270 6
78539 5
82059 11
79980 7
79949 5
78910 6
79769 9
77699 2
78759 1
80979 5
78130 10
100609 5
79609 2
79220 10
78179 1
78530 7
77709 1
85399 11
80730 6
78589 10
78809 2
78180 5
78029 10
11104635 10
78900 1
79029 2
84380 2
77889 10
80319 1
80669 2
79539 9
80550 6
81319 5
82710 9
81950 8
91329 5
79189 10
80129 6
77449 11
77200 11
78339 0
85489 3
79600 7
80299 4
80770 0
114329 11
83179 6
94019 1
79349 10
81739 3
79780 11
80059 3
79929 11
79489 2
82699 6
81580 4
83830 1
82109 4
80560 3
87669 2
80809 1
78410 10
80849 9
80619 4
79679 10
83399 9
80490 5
82599 7
79559 10
80950 11
79609 11
79470 10
88649 5
87689 2
82080 9
81969 7
79050 3
79930 1
80719 3
80610 2
81100 10
81579 7
84480 8
92189 6
97309 5
79979 10
81029 2
82919 3
81090 0
83439 1
78500 9
81499 0
79189 4
79860 6
82069 9
84450 4
89160 6
80499 11
79789 8
81159 2
80929 2
79770 7
82529 7
81160 4
78999 4
83609 10
79130 10
82849 4
92369 2
78890 2
81319 8
78960 7
79619 8
81359 3
79370 0
79839 9
80909 10
81110 5
83049 5
78179 5
100999 8
79419 9
82190 5
80499 6
80679 7
79930 4
82499 7
79170 11
80740 2
81669 1
80040 8
83589 2
20131356 2
84520 2
80129 3
77990 3
83829 9
80790 3
80899 5
79269 11
80400 2
80209 11
78750 9
81529 3
85499 10
81820 0
79719 9
80489 8
80340 8
83329 11
80809 9
80990 5
78879 10
82060 8
77969 8
77749 10
89810 11
81009 7
79200 1
83599 7
79959 1
79540 3
78310 0
82609 10
81770 11
79799 8
78969 11
78299 1
81009 8
85290 1
79819 2
80640 9
79440 8
79859 10
79750 0
78999 1
79729 8
82300 7
78579 2
80420 5
85509 5
92589 2
79710 2
82029 11
78229 0
81169 5
80369 3
78680 3
80130 5
81939 10
79750 0
81549 11
80760 4
86849 6
77609 9
82529 6
80169 4
79769 2
77960 3
78149 9
79299 6
82739 6
76869 9
79620 7
78749 7
77379 3
88679 7
77919 5
81140 0
82999 10
80270 3
84959 7
82039 5
80199 11
79130 6
80359 7
78840 1
84289 4
89969 1
81390 5
81579 11
79779 7
81519 3
81989 1
79900 6
81739 9
84749 0
80230 11
79559 0
82380 5
88470 4
78719 8
80840 8
81069 0
81700 9
76810 10
80949 1
79390 3
80749 2
79009 4
81089 11
81619 2
88150 8
97799 9
79859 9
80769 1
80469 3
78639 9
81220 5
81739 1
80570 7
80230 0
79949 0
77670 3
83299 4
140699 6
79829 6
86330 8
79809 4
79790 2
80799 4
80909 1
81319 11
79750 6
80539 5
86400 4
92229 1
82079 5
85470 7
81669 2
81719 1
81020 7
86329 5
81600 4
82379 5
79899 2
82030 2
80449 8
92369 9
79000 3
81939 6
81430 9
80510 8
78439 8
79560 3
79679 6
82060 10
81120 3
79839 5
81840 11
80110 11
88359 3
81860 8
77429 5
79870 7
78689 2
79599 3
83460 2
80169 10
79599 8
79919 0
83319 8
80660 3
88249 8
86149 8
80040 11
82779 9
80739 9
80119 4
79579 7
81249 0
80279 6
80049 5
81230 9
87059 4
98609 2
83820 2
76869 10
86769 6
80549 5
82359 10
79819 7
81889 4
80799 10
79870 8
79159 0
79179 0
87799 1
81419 8
83410 4
80120 6
79250 4
79629 4
78579 10
82360 4
79209 9
79339 6
79110 11
76719 5
84959 10
87790 10
78719 6
79530 2
78089 10
79549 9
80540 0
79229 6
81130 11
81780 5
83629 10
79650 5
86039 6
88639 6
80490 3
80539 5
81549 8
80010 2
80219 6
81350 4
79679 7
82890 0
81090 0
82509 2
82460 11
96140 8
79059 6
77550 2
79379 2
80300 10
81540 8
81109 3
79320 7
81399 8
81129 6
80180 7
79119 0
11089766 9
80769 5
77759 0
77320 9
79679 4
78770 9
77089 4
77869 11
76509 6
78019 8
77010 1
76669 11
81040 9
89120 7
96799 9
78169 8
79360 2
81359 2
77999 3
81350 9
78089 11
76900 10
77229 0
77930 0
78979 3
87259 4
78850 5
78549 9
79679 3
80159 3
81359 9
81130 2
76489 11
78909 6
76860 8
81539 9
78190 4
87069 0
86059 10
81410 11
79629 8
80479 7
78779 10
80459 6
78400 2
80169 7
79259 4
79700 0
77909 9
81460 6
91689 11
79490 3
79729 5
80319 6
79490 8
78250 9
78829 2
79990 9
80919 5
80239 4
80419 0
78429 5
79130 10
86789 9
80390 5
82579 4
82609 9
81760 0
79919 2
84319 0
80110 6
78549 1
78299 9
82160 4
78649 7
85020 11
76499 8
82849 5
79509 8
79199 11
78670 0
93950 4
94869 10
92419 8
80840 5
80919 5
82239 8
88949 3
80359 4
92000 2
91630 0
88639 6
79750 6
82909 11
78299 1
80160 10
81799 9
87679 8
93039 5
101429 10
79629 8
82090 11
83469 9
79729 7
80560 3
80639 9
79130 5
81159 4
82030 6
79940 9
81829 9
10086053 11
80700 0
79709 7
78639 2
78990 2
77059 10
80870 4
76579 6
79240 5
78690 1
77899 7
81450 9
83829 3
109569 11
78780 3
79050 1
80459 1
80430 11
79319 8
78580 8
79540 10
80429 11
78250 6
78959 3
88060 6
86939 10
78799 0
77420 5
79829 2
76429 7
78940 3
80159 7
80930 1
78909 4
80049 0
78780 3
86739 2
88069 2
78370 7
78749 1
80240 10
80449 4
80249 0
79879 9
79889 1
78650 11
80440 11
81339 0
78200 3
87239 7
80469 7
79690 8
78779 11
79410 7
78179 1
77649 0
86660 5
80759 3
78640 4
78859 4
78360 2
77859 7
92069 10
79599 7
86910 11
95789 11
88340 5
79340 0
77709 11
76110 1
79729 8
77299 1
85439 9
101639 6
84169 7
77949 10
76489 5
80000 7
