288097 1
225448 3
234788 5
230268 1
224518 3
218718 7
232628 8
227258 10
254978 11
235939 3
240238 8
208498 8
202639 11
224728 11
202808 7
227148 8
216549 8
240868 9
189259 9
204478 9
209998 8
224528 2
203278 2
217319 8
232009 11
227018 7
198208 1
203639 5
208598 2
214539 6
227038 10
234308 3
222189 11
194108 0
210699 4
11269963 7
221888 6
262178 6
277538 7
245528 0
255018 2
252628 6
263908 9
246018 8
263358 0
228768 10
268617 6
240049 8
244939 8
375567 2
276988 10
265658 10
238448 3
240018 4
277808 11
216628 11
222269 11
249978 4
257888 3
217618 11
223388 4
230819 6
245938 7
215548 5
238958 6
236839 5
218318 4
272418 11
263988 10
249418 11
282478 9
244718 0
261738 4
259738 10
7380963 2
252007 10
264818 6
256107 8
263418 3
287649 1
244207 3
291128 9
244399 5
261129 11
270598 4
322848 4
236448 11
256358 6
265148 4
268268 9
254098 4
250758 6
251528 8
278478 9
237248 6
249118 8
266698 5
298247 10
240918 9
265278 9
258728 2
274128 1
234659 5
236169 1
260168 0
235268 6
231598 0
246598 2
238958 8
255709 0
240389 6
241838 1
248538 5
253508 9
214608 4
250649 11
288677 9
264338 11
262138 8
253178 8
11281034 2
288628 5
232128 11
248728 10
272487 6
234428 2
248158 0
253348 11
256948 10
246328 0
220638 7
257558 11
279328 0
230258 2
225099 0
244488 4
271318 2
230228 11
240398 0
233629 5
270028 2
229438 11
251819 3
217068 2
240308 6
263568 4
246318 4
241988 2
232499 4
250228 2
231768 4
224368 7
235719 0
263267 9
223678 1
217018 9
230998 11
251858 4
223939 6
203818 4
250018 10
250318 11
242118 7
264378 11
252338 3
283458 0
247267 7
242738 8
268427 0
18282961 7
258888 1
250448 10
239619 7
292947 9
244718 5
243787 7
242879 2
276228 11
248508 11
246938 4
244428 10
253968 0
234758 1
251918 10
242228 10
259627 5
245979 0
260648 9
243728 7
274818 6
245288 10
253518 9
245808 10
289808 11
248408 4
235268 9
238748 0
247648 8
242409 11
255407 0
217169 1
271038 8
218298 7
237748 4
255458 8
271829 8
247318 2
247758 0
259407 0
10243553 8
206659 6
211988 9
230349 2
250459 8
212238 9
188979 6
235938 6
210148 9
242899 1
193909 10
245938 3
205778 2
256589 9
192349 11
242298 11
222458 7
234408 6
212358 9
237318 6
212649 1
224498 5
215088 5
227968 10
232159 2
222218 7
208158 4
246419 0
199118 2
210848 6
233578 8
248808 1
251318 3
229438 8
233818 4
260538 0
237979 9
245789 5
242348 6
282558 9
233618 2
236108 8
242248 2
241758 9
10257812 0
258718 0
254038 1
256388 5
249209 8
250187 9
246938 0
247588 10
241538 9
253748 7
228258 0
236778 6
243778 5
225859 9
223138 0
233948 7
243178 4
233909 5
228238 10
236068 3
253818 2
229589 1
242259 3
235528 6
247088 6
227098 5
220819 2
228798 7
230608 8
228668 8
217589 10
239068 2
239098 11
255328 8
236788 1
233209 5
238748 11
281488 5
209308 6
211488 9
244299 10
20275555 4
295678 4
285587 5
301698 6
311768 7
252508 6
251768 10
297928 7
222588 7
238248 3
247828 11
276308 0
214159 9
230838 1
213668 1
211318 3
190499 2
202098 2
195069 7
193438 3
215099 2
256378 5
324837 4
253388 8
187598 6
220809 6
200708 1
234968 11
186489 0
228528 8
236978 9
231189 7
252969 5
202529 4
263088 6
220818 1
272448 10
324998 6
308447 11
245909 4
221038 1
276798 4
231978 0
241788 8
238278 9
255328 0
225539 3
229708 10
208018 9
189729 3
234958 11
222878 0
208409 6
288008 8
283617 0
266898 6
179969 3
210728 11
235658 5
222989 10
176988 10
188339 5
224798 9
274108 8
231988 0
202239 3
247478 11
282008 5
270808 10
330637 11
305358 2
238488 7
225158 8
217408 3
247328 10
283188 2
240698 7
299708 0
236509 7
224108 0
206638 8
239358 7
197058 11
10204293 1
222309 3
203028 1
241888 9
261179 10
252378 7
217798 5
159179 9
184768 0
190979 7
198828 10
191019 1
177648 4
184599 11
156459 4
160479 9
142630 7
156018 11
163889 11
130469 9
156549 6
216328 3
235598 5
233118 6
174568 1
210419 10
164498 7
184849 2
134269 7
138259 10
163409 2
219008 2
210879 1
173299 10
141189 8
182368 10
198318 4
192239 2
248299 5
251528 5
232298 1
234318 0
180259 3
173319 0
180369 7
184549 10
207198 10
215739 3
206118 7
157189 6
153009 3
147229 0
174809 4
147249 3
149969 11
201278 7
237329 8
234289 1
217508 0
374647 3
169839 5
174798 3
8204438 2
285998 8
280228 7
208588 8
199719 11
154608 6
155638 11
193989 9
183119 3
195159 6
224318 10
173429 9
194588 1
162878 11
142579 8
144149 8
175499 1
153399 3
133348 4
154309 0
237119 10
231518 11
227418 0
136729 6
146369 0
153119 2
174788 6
184009 9
144449 7
156069 6
197959 1
240348 7
198659 7
179769 6
207769 6
3784571 7
209508 9
235679 1
236549 5
148539 10
126089 2
137079 0
134899 6
171728 1
137229 6
123619 5
134709 3
191469 11
186638 5
179129 8
162839 11
138439 9
167949 10
167689 6
151469 3
208038 11
214709 5
188698 9
164819 8
131869 8
134109 0
126949 4
132789 6
139219 3
135899 9
231028 6
161059 7
149469 7
133129 10
125729 7
115739 3
119059 7
132119 2
142949 11
132169 8
120419 8
141199 9
226118 7
144629 4
151159 0
104269 0
100479 1
107799 4
106289 0
118649 4
117159 1
93739 2
94900 1
12118318 0
87469 4
75180 2
82359 5
148679 4
163659 1
132059 1
120619 10
107639 10
118729 2
108210 7
100209 6
129289 6
91639 6
87829 5
88510 0
106929 1
121509 4
103619 0
85670 5
84150 6
74949 11
81510 6
101939 2
135379 11
149909 2
121449 1
121359 1
113839 0
109199 5
112849 7
121439 11
115388 2
111079 4
116089 6
102749 11
99569 5
86830 11
81679 10
80369 5
77360 10
76599 11
75979 5
79559 9
78699 9
74610 11
90919 1
112979 9
176419 1
136019 8
114179 3
102159 3
95100 7
105739 10
100049 9
128509 11
95029 8
97979 7
85880 7
106739 0
108919 0
96550 5
87219 6
75609 8
76350 7
91050 2
107649 10
104519 1
168039 10
141309 2
121619 10
121519 8
111949 6
105519 7
107080 0
117819 2
106359 1
110799 5
107259 6
91680 2
88980 1
90189 7
83020 7
75390 2
77199 11
77320 2
89969 4
83329 4
78760 8
76359 8
116839 3
116009 11
165009 1
135009 1
113649 11
117729 3
94040 2
109349 2
99909 11
108549 5
118159 9
97010 11
95829 4
87569 0
115459 0
127419 4
93130 11
82259 10
73199 2
73739 1
85589 3
88310 11
146810 1
161089 11
127399 10
133719 3
124829 1
110330 2
105209 3
113609 10
114249 7
115709 3
109059 7
117420 6
103068 1
90810 5
81309 4
79800 3
77849 11
77319 0
78440 9
79909 7
80979 1
77499 10
74970 7
111479 10
156368 8
160109 10
109609 10
111110 11
97650 5
95199 0
105769 9
101489 10
15154495 2
159959 5
130029 1
129209 5
116519 6
119569 0
121479 9
134229 9
114339 1
110969 5
102109 4
93149 11
90889 0
85629 1
83530 2
79289 10
78800 6
81999 2
89999 11
83160 10
81649 4
80110 5
92609 3
151709 6
168429 4
118789 4
110929 5
109809 4
105909 3
119239 10
110649 7
136559 8
98369 1
93169 6
92409 7
107969 2
137379 8
104409 3
90710 0
77099 11
77009 7
83750 10
95769 9
127869 11
174459 4
145669 10
127889 2
125879 5
120569 10
118349 0
113789 8
124389 4
119919 6
114879 5
99770 10
97930 7
92229 6
90979 1
84730 11
82929 5
81600 10
88209 7
85129 2
83880 5
83909 1
119769 9
182028 1
143828 6
118479 11
111150 11
103309 9
112619 10
111639 6
133479 1
108529 10
99220 0
100249 11
117419 11
122529 9
98069 6
88720 11
84209 5
87239 7
89999 11
106140 10
103599 7
170919 3
157758 11
130499 1
126648 2
10130703 4
105149 3
88999 5
85469 9
83170 3
81280 9
84109 9
83530 1
87369 1
83369 3
81870 1
81679 7
146089 3
170199 11
131109 9
123629 6
108229 3
109199 7
115819 0
112429 10
136799 8
98050 1
101699 6
101699 6
125929 3
128759 1
100039 6
84970 2
82719 2
98539 7
99839 10
130359 6
181538 4
133819 6
128019 2
125859 9
121819 11
140229 0
128279 9
120759 8
105460 8
103839 11
97759 2
94109 4
87340 11
85979 0
90769 5
86199 7
83839 7
90679 5
85300 0
82330 2
81479 1
113869 8
164878 0
149589 11
137559 2
110009 11
104279 3
118380 11
108379 5
132159 9
121219 2
104669 7
100429 2
118909 3
125179 0
102910 2
90860 0
82269 11
81469 9
98340 8
100379 8
118679 4
189239 1
144118 0
128159 10
125400 6
117859 1
121069 8
120559 7
124709 1
127119 0
110049 7
106429 5
99539 2
100950 6
95789 3
85829 7
82690 10
82839 7
82610 5
96460 5
83969 0
86599 10
83340 11
92859 10
156679 7
166609 7
120139 4
116139 9
9184650 7
113189 6
113049 7
100799 10
101900 9
109009 3
103689 6
137959 0
111639 4
98219 2
94670 1
115849 8
124889 3
100909 2
85439 6
82480 11
81139 3
90469 11
105259 8
151858 3
175049 6
131869 8
116249 5
121839 2
117549 6
110860 6
123630 5
117350 0
118759 8
116519 2
99959 7
99729 1
94770 8
84889 6
81209 6
77340 7
86899 0
79949 8
83599 9
81059 1
78330 0
79499 2
104139 3
166019 2
140299 2
126659 6
110879 11
102229 4
103210 5
110399 1
106589 6
127629 4
91109 1
93540 8
93970 4
127279 10
115729 9
105929 1
85469 7
83740 10
79239 3
92690 2
98909 7
132669 6
183578 6
127159 7
120979 5
116850 11
116210 10
106349 7
111609 9
121529 11
127699 6
120659 6
109499 8
97939 2
97429 7
90859 3
84970 5
79040 0
80869 1
82720 5
82849 3
12119138 10
166068 9
125939 11
125070 7
117828 5
109160 7
112009 1
119269 2
122849 1
110739 11
113919 4
100950 6
93900 1
88419 3
87219 7
116328 3
78989 2
80149 8
90870 7
83259 2
79190 5
77000 3
90639 2
117659 3
172559 5
126929 2
112729 6
102320 1
108159 0
110089 3
104229 8
121689 0
112759 4
98460 10
93709 9
106919 2
132449 5
110899 7
93929 6
79560 4
80909 7
86330 8
97409 10
121239 3
171049 6
135848 8
129310 11
117799 2
113430 6
117109 9
128409 10
117809 1
112349 8
115919 10
109169 0
