208368 0
165349 3
221038 0
213589 0
232248 11
206788 8
218549 0
197048 10
193079 10
185818 1
181849 3
193718 8
215419 4
203438 7
189859 5
209278 4
182879 11
192488 1
209449 7
172868 0
214799 8
186279 10
188549 5
174269 8
166098 11
178799 0
190928 11
216629 4
194648 1
189069 6
207888 9
184419 6
182029 6
225718 4
206298 2
217979 0
211288 0
226638 9
176909 3
187128 6
194839 0
240068 6
227159 0
221179 0
190578 1
191979 7
181298 3
314578 10
242548 1
231159 9
208159 5
237768 3
182279 6
200019 11
214499 8
233729 10
226328 5
176909 0
181818 8
183509 10
192598 10
243098 9
219928 6
229338 8
202759 9
182488 0
206059 3
197258 9
220349 11
212409 1
232178 4
184858 8
192838 3
220438 4
209959 3
222788 6
207399 4
201608 6
186209 4
197978 4
238118 3
228109 1
198769 8
220818 10
207779 4
206938 3
191949 2
213918 7
215019 6
260378 3
227109 4
193808 0
207989 8
211368 2
243248 5
203419 9
237768 6
218608 10
238918 3
191739 3
184239 5
187339 9
229508 4
234719 9
207098 11
200638 5
201019 7
204448 8
215449 11
210048 0
250118 0
202489 7
211349 5
207858 9
196489 8
225478 7
213078 9
257488 10
213948 11
190268 11
179128 5
211208 2
229678 7
214248 4
207198 1
261687 2
186339 5
192809 1
206488 9
211179 3
230288 6
230648 3
209788 8
181128 9
204068 10
231178 9
222548 3
215589 8
214489 0
195328 11
199549 3
286678 5
208988 5
207848 8
237728 2
254798 3
179908 9
214408 2
231129 8
207058 9
262868 2
217659 6
200459 11
231278 2
248328 3
206748 5
243038 8
235098 4
192419 10
221438 0
229268 10
220448 4
214829 7
240078 2
193499 7
226198 8
221778 11
204419 7
202928 9
207979 8
196889 0
205668 3
262969 10
206768 2
213028 2
220288 2
214859 8
211028 0
193429 5
209268 8
217849 8
212178 6
237828 11
198869 4
215658 1
225338 11
225149 4
218109 1
200659 3
222778 3
203078 9
280638 10
171809 3
192738 5
213189 0
220118 7
404157 8
184768 3
210688 3
188208 10
207069 10
217598 0
231938 4
210059 7
245698 7
195248 4
195328 8
224908 9
212868 5
223139 0
211978 2
212789 3
173098 4
188979 7
217538 9
209579 0
195248 5
228709 8
221359 5
204458 1
210809 0
225459 7
219108 3
225978 0
204589 0
191758 5
202318 9
233368 11
221809 0
221229 1
217228 0
198678 4
222018 2
275988 7
195668 10
218488 4
218729 9
259218 2
185579 0
212809 2
218508 3
221469 4
222418 5
193899 5
203818 8
202838 2
248698 0
208949 11
207638 1
241029 2
206848 1
226698 3
195968 1
207738 11
223248 7
240098 2
188969 5
192818 0
196348 11
211629 3
257538 10
213889 10
202388 11
209739 5
257428 1
221008 9
200508 3
229038 4
211458 3
232138 4
220669 0
210428 0
230348 6
225879 7
220688 6
185488 6
229758 7
192798 11
223849 3
220058 2
235448 6
207198 5
192008 1
274328 1
191328 6
207838 1
226418 11
206659 7
235698 0
211398 0
215359 1
209929 0
247088 7
212109 8
210799 10
229618 9
209039 8
258669 8
216139 5
226948 0
230519 7
247658 7
198778 9
192418 11
211168 5
184359 2
209579 3
199069 6
185489 5
212389 2
221148 3
224318 10
197138 1
211468 2
207668 0
205669 4
210438 9
195599 11
205868 7
198938 6
206308 8
212748 10
201549 3
203068 0
203369 7
262178 9
205348 0
206878 1
212019 3
203668 4
265178 10
171849 10
206229 4
204698 5
194539 8
220719 8
230538 6
200209 1
202658 1
223068 5
191169 1
209108 10
216409 11
212678 0
226418 11
196259 5
203538 1
197649 5
195258 7
224238 1
205509 6
215138 10
206869 8
215868 11
236698 5
194929 8
216908 8
204819 5
235588 8
183678 5
214569 0
212028 4
215269 2
212118 0
212378 8
208088 9
197469 0
190869 2
221508 4
198998 11
219989 7
198828 9
210779 3
217888 1
214508 5
206899 9
200368 11
205449 11
245578 8
203068 4
219088 7
218278 5
217818 11
220238 8
197868 10
191429 6
204618 3
226608 7
204719 7
200728 10
199659 2
221358 9
213918 11
194339 10
200108 2
194809 6
194088 1
207388 2
219298 3
235038 4
201388 11
220968 2
209779 7
217638 1
209938 0
199739 4
219788 8
204438 0
205398 1
203678 11
190508 0
218188 1
187969 11
203238 1
203219 5
201368 4
196639 5
184028 0
207529 7
198138 10
205609 4
220418 7
195458 0
211098 8
204648 7
204149 4
243878 2
188729 1
214078 0
197078 1
192459 9
194418 5
202139 9
220948 0
224189 4
218808 6
206108 5
189119 9
220928 4
211418 4
220279 6
198938 4
207199 2
201668 2
200049 3
213738 11
205419 3
210279 10
207338 2
201189 6
223118 1
216748 0
206549 8
211548 1
208299 11
207668 8
202058 3
195288 7
204639 7
233348 11
203788 3
215189 5
205909 1
202908 1
220079 9
187278 8
216908 6
208289 10
220028 8
220698 9
189748 4
196449 4
190888 0
207459 5
253708 0
178658 5
191778 3
196568 2
212408 4
215328 6
194289 3
191108 0
215478 10
217208 2
225948 2
203449 5
195238 0
189549 9
206048 5
210619 3
200218 2
196868 9
194489 6
215748 10
190659 0
229888 11
212329 7
202319 9
222358 3
186599 1
195478 5
203778 10
305918 5
198939 10
195289 8
203378 3
199399 6
187589 6
213728 5
196709 9
207928 0
195009 8
205358 1
214579 5
191428 6
198339 0
209128 2
227378 5
193199 9
192529 10
201688 4
204488 10
231309 8
176859 2
218379 5
200389 8
207508 2
224458 10
204748 9
187719 9
209238 3
207008 7
209689 8
178378 7
210468 4
214638 8
204159 5
208068 0
201199 0
210098 6
207098 3
210169 4
213418 10
193299 4
204128 8
198819 1
195828 11
209749 10
187789 8
193679 10
210778 4
205529 11
212148 1
200348 9
202619 7
199498 7
240268 10
190419 4
195049 11
206749 9
200048 10
213279 0
195808 0
192939 11
208868 11
190829 2
231198 3
189828 3
192209 0
215819 5
192349 2
243118 2
192169 5
214548 8
226668 1
213829 2
218848 8
199469 0
190108 7
191258 2
191309 8
204859 10
203508 10
207789 4
205878 6
185718 9
212609 2
209318 5
204439 7
197048 8
193059 11
199218 8
199289 8
213858 1
207808 10
195039 9
203118 1
202369 11
210198 10
192449 7
189368 1
213839 5
208998 0
217259 10
199758 1
206008 6
233218 5
202719 10
198189 0
203668 5
229888 10
196909 4
189768 0
220089 0
208038 1
222308 10
197679 0
190488 10
205279 6
197928 10
210009 3
189708 5
227669 7
206668 5
213618 1
215079 10
184398 8
193029 10
209848 8
208688 9
216358 6
201528 0
214219 5
217348 5
193029 3
211369 3
202698 5
196018 7
190819 6
193478 7
212749 1
202219 10
186839 4
206849 2
195249 7
209648 7
206168 11
205839 5
200668 7
238338 0
207879 10
207598 2
183019 1
197668 0
225009 10
192069 8
205069 1
200178 1
195899 5
225768 4
192408 4
187029 2
216178 11
217508 6
210668 11
186948 5
190189 0
210998 2
203039 8
226478 5
181429 9
204508 6
234439 8
209858 0
204858 5
186189 9
191348 4
206899 11
214118 6
200219 4
189278 3
204989 10
212128 5
208709 5
212309 5
195808 3
200139 0
203288 0
223629 4
202968 11
173079 10
150798 11
171888 2
196699 1
231298 2
188118 7
221999 4
239638 0
254648 11
246298 5
253618 2
245969 2
272648 4
256488 0
257289 10
272658 11
271068 0
246068 4
247909 8
259347 5
275958 0
248998 5
250338 2
242208 6
280998 10
219868 9
240088 10
248418 7
286788 0
270758 10
252438 2
246228 8
282628 1
242718 10
255108 3
244518 5
255738 0
239658 7
247368 11
238698 6
260278 4
221328 11
218569 11
200648 7
246508 0
244148 10
223159 7
222559 1
179429 1
186588 1
154039 1
214978 8
191329 3
159218 1
187969 4
165059 8
175438 10
204679 0
205258 11
198559 8
191068 6
190489 4
187149 2
204138 9
254728 5
183169 11
162968 4
196029 0
194549 0
209078 10
271298 5
187758 1
203299 11
198478 5
198589 8
198878 10
228749 8
206248 2
206298 1
209459 5
187498 11
208339 7
225208 5
178199 4
201628 3
187889 0
191838 0
213199 4
241658 6
201978 7
184139 9
190748 9
208209 10
203278 6
199839 3
171099 3
199998 3
197209 7
254127 7
250029 4
191578 9
204559 3
210138 5
240288 9
232668 2
194079 3
196238 8
216159 3
202328 4
193429 4
219568 3
220358 9
206939 6
247658 3
170878 2
227318 8
201628 5
205489 1
246348 7
165878 4
181718 2
222518 2
242039 9
182438 0
196929 3
176018 7
230289 2
278878 8
195298 4
212748 5
188098 7
235238 0
212729 0
178129 3
174939 6
194739 6
195449 8
215048 0
221029 2
173008 4
191469 11
203528 9
212249 5
218108 8
229298 1
189299 1
192658 9
205699 1
207348 9
214749 0
186249 9
190279 7
213338 8
187509 1
201918 5
192578 2
187099 10
216798 3
201128 6
233708 10
221108 5
275158 4
192908 7
192238 6
195309 4
203028 0
251958 0
193579 2
202898 1
200749 10
179179 8
217888 6
203288 9
199468 2
189878 0
205698 9
220798 9
199369 1
205488 0
168689 2
187608 3
230099 11
194739 2
224219 4
186399 7
195408 2
209219 2
183578 6
209679 9
184999 11
203358 10
209729 5
194688 8
240028 11
216079 11
198359 9
226288 11
175759 7
235758 2
208278 10
216919 9
194258 9
170609 9
221028 5
204479 6
205678 6
208759 7
186428 0
193939 7
230488 6
220138 7
209819 11
186438 10
203449 2
220398 3
231298 7
178809 8
196508 7
200638 6
217438 10
215188 1
186529 3
187859 7
197798 1
211659 1
223888 8
180539 5
192358 0
200608 5
211649 5
211488 9
174409 2
189668 3
181718 4
191069 5
232718 0
224578 9
190179 1
204668 9
218148 8
220539 0
190429 4
189518 7
210738 4
207839 5
228998 4
187608 3
183458 0
203449 10
212618 7
226808 1
226299 0
180018 7
157239 9
156029 9
189598 3
181499 8
166719 3
150359 8
164119 2
160679 9
172259 0
164858 1
152608 1
176619 3
186268 4
169579 1
303938 5
168179 5
178778 8
182429 9
196259 1
187199 11
150099 3
152629 1
165148 1
158169 9
173559 1
182548 3
157599 11
166929 4
149929 11
176499 4
168888 11
198689 4
174168 3
158369 10
152779 8
165529 2
157698 5
185359 7
194889 7
165179 11
158579 11
181129 7
178898 5
154849 9
177239 8
166519 11
154779 2
162778 2
161059 0
156949 3
169389 3
180088 11
159589 8
171099 1
175288 8
157149 11
146179 7
