30790 6
2600 21
9540 7
30450 18
12989 10
18760 16
53560 4
10720 16
360 21
30870 15
7990 13
22349 0
25430 9
6680 19
7710 0
30450 1
21390 20
11160 14
8266950 11
7280 16
2110 21
13130 22
36860 17
9590 20
930893 9
4960 20
6930 12
6020 14
10970381 7
8760 2
13840 20
7700 5
9349 7
6570 10
21850 8
600 21
88929839 9
5460 11
10014707 7
5960 16
8549 8
5170 14
6760 0
8460 6
13290 22
750 21
66040 15
4360 7
5850 13
6009 6
27210 13
4350 20
99240 20
13729 12
6411 0
5580 22
5680 15
4670 5
7430 14
7350 10
9440 17
10590 16
8370 3
5540 1
5250 7
6300 2
6230 22
1150 21
102529 1
22970 13
4790 7
5090 18
8450 13
7610 23
6050 2
4990 22
5960 7
5780 7
460 21
409 21
7520 18
7929 12
5491 22
4691 2
9420312 9
8271 13
700 21
11839 5
9360 2
6440 3
8530 2
4310 20
15570 8
5040 4
470 21
6040 9
5140 9
16190 17
6410 2
8279 7
13860 10
9020 23
21749 19
107539 0
8449 1
8100 15
10300 1
20250 5
8920 20
28340 18
30347811 11
12710 20
920 21
7020 17
6570 13
17330 13
5740 16
12490 12
8080 5
5271 2
26689 2
40130 10
5640 1
22130 19
8510 16
5060 0
580 21
5099 4
4860 15
13220 19
8795987 9
7840 1
19060 12
6240 3
7070 9
3520 22
29947094 7
319368 20
5799 2
8090 16
10080 20
5460 17
9790 20
11390 22
550 21
6160 17
8610 12
14250 17
11000 7
6460 0
5410 10
4670 6
9592470 11
16080 19
13970 0
6040 4
9060 13
371377 1
9569 15
7370 18
5630 10
12310 14
4910 18
5650 6
5700 11
7410 22
6340 8
4480 1
8270 5
7260 16
5780 15
8170 2
4920 18
5070 2
15200 17
6160 1
5440 19
12169 8
9457002 7
9620 12
49961140 9
11190 13
12120 3
9709 2
18400 19
7300 15
6500 3
6430 4
13050 19
14510 17
16580 16
4670 20
440 21
12160 22
7230 14
4699 8
6511 23
4700 8
139542423 11
6830 5
6190 22
5750 0
7280 13
6660 2
5810 3
6890 2
7820 8
10310 22
5470 11
690 21
3840 23
11640 19
5940 12
5920 1
79919653 9
9710 12
8450 18
25960 10
96649 14
148789 15
19200 3
5310 4
698345 2
6470 18
6050 17
10840 7
17929 19
38945799 11
9740 14
13180 13
22380 13
22920 17
19913576 9
9800 10
7630 7
6770 13
15190 15
8620 12
7540 19
7160 5
14900 4
6690 2
11490 1
610 21
6640 2
4910 11
4919 7
4140 21
6900 13
21589 3
23500 17
4090 11
3880 9
8990 7
5340 15
5110 14
54460 2
11900 2
5049 9
8851 20
4919 8
9180 22
5790 14
66040 5
7450 4
8020 19
72359 0
24280 12
13890 15
4930 9
5910 12
4610 16
8710 20
9750 12
4810 9
9719 17
5300 12
27909 19
8610 10
30140 15
4310 15
5620 14
8240 6
6320 7
5650 1
6310 15
3940 7
208268 20
5530 18
770 21
47400 15
4960 10
3890 7
9010 6
9870 12
3650 9
3909 7
4709 12
763035 16
5240 4
17250 23
4570 17
6280 4
6960 5
4940 11
710 21
5000 7
8880 3
7960 4
4940 6
8140 10
7151 18
7589 23
24090 12
30600 15
8730 12
4530 7
11170 13
17130 15
4430 11
111939 19
14630 18
7640 5
20040 18
6231 10
5160 17
6370 9
4480 6
10110 1
13940 0
7260 4
13410 13
4410 21
5330 1
6970 1
6220 7
8120 12
5900 12
7730 17
7540 16
9040 10
5969 18
4840 7
8060 7
12179 2
7470 1
9270 17
8720 4
14520 10
4730 23
6470 18
6590 10
5910 18
5370 6
7230 20
9250 23
660 21
11059 7
8611 0
7600 10
5660 6
34869 22
6810 19
6050 10
5880 3
4240 7
7840 12
6290 19
13670 20
8430 5
11760 6
6490 6
135799 15
6960 9
6249 9
15420 12
5899 19
26980 4
3830 7
4300 20
8520 18
6060 4
6740 10
15690 17
9250 6
6870 17
6989 1
5331 23
6260 19
4369 2
4460 6
8940 0
6810 17
4760 6
6330 7
7570 6
4030 7
4340 3
13720 14
5990 8
5730 8
6820 8
4220 10
5700 0
5920 14
4870 11
5540 2
8180 18
4840 12
5760 15
4280 1
5840 3
451 21
7479 22
5970 15
4400 16
4740 10
16410 18
5040 10
6010 8
4740 17
380 21
5040 0
13260 20
6030 6
5560 3
7170 0
6770 7
3450 20
4030 8
5470 15
7470 23
10429 16
6989 13
12760 19
6200 13
5820 3
6530 4
4690 7
10370 15
7570 11
450 21
5820 7
5990 16
4580 16
4410 0
28090 13
5660 3
5510 17
9260 19
5229 8
5229 15
13050 22
5730 23
6390 1
5170 6
9630 15
10270 13
4310 0
5700 11
4540 3
5650 18
7050 22
4280 7
7280 10
4160 11
4020 22
5140 11
8150 14
5080 3
5939 7
6120 12
6091 18
3900 11
5320 15
8660 23
5490 1
4650 20
5470 14
9820 1
5410 1
6060 14
10110 3
6660 17
6490 5
5910 17
7520 1
8220 3
6840 1
620 21
5000 22
6889 2
7820 2
9450 16
11560 15
6130 4
9940 16
28310 18
11070 0
4220 6
6620 5
14320 15
7160 17
5149 12
7460 3
6440 0
5620 15
10420 22
4350 10
6500 12
5370 5
8090 19
12980 22
5990 6
6730 20
8040 1
6100 22
4970 13
5860 9
9720 5
5080 17
6050 1
6160 2
15380 10
23819 22
12650 14
7190 7
9320 13
12920 8
4610 9
4910 22
5350 10
4370 7
10880 15
18540 12
8459 3
125249 22
7639 10
13131 22
14091 11
3559 20
4660 16
19550 16
5930 13
4340 2
7730 8
8090 2
4830 11
18720 18
13800 13
18489 9
53620 23
5380 15
11250 16
11320 22
6370 3
109389 4
8750 10
4920 6
510 21
8530 12
9810 12
7270 16
4560 23
10560 12
5760 1
10530 6
3170 20
6650 0
8809 6
5440 22
5000 6
29350 2
590 21
8640 15
5950 4
10520 23
32560 15
6929 23
13640 5
66099 19
5600 5
15720 8
10590 14
9350 14
390 21
12720 1
8900 19
6480 12
4649 12
11489 1
201279 8
4340 7
5830 0
6950 8
4980 14
12100 19
12829 12
11400 8
4629 0
4330 10
5460 0
6730 17
6840 2
6510 22
3900 9
4310 6
5330 2
5180 7
8140 18
4440 6
9700 2
6630 22
4590 0
6260 12
5960 18
6450 9
7469 9
5340 22
5711 12
6949 11
4851 4
8109 22
3860 6
3910 20
3780 6
12800 19
6220 4
5000 5
530 21
8840 17
4840 7
5840 14
6320 10
5910 5
5350 16
15980 15
7050 22
520 21
4870 4
9979 5
7931 9
5009 6
4211 8
7079 12
6580 1
6590 15
5850 4
6120 10
5840 10
7020 14
5520 0
7180 3
5410 9
490 21
18490 23
10540 15
7030 10
14200 8
4229 22
27930 14
9800 4
6920 6
5680 18
4690 0
10440 17
7050 23
5830 3
5600 15
4460 18
5220 15
6420 23
7040 10
4200 9
4580 12
5989 5
4291 6
5849 20
12610 16
9180 19
7670 18
18980 19
4190 11
7150 7
5340 18
12660 5
10770 15
5900 14
7550 9
7310 23
4230 14
6100 20
6149 8
4731 0
9440 16
5540 3
7789 13
6010 14
6680 11
7240 10
7020 19
5430 7
7770 2
5590 4
10270 23
15690 13
14400 0
6660 11
4480 5
10859 6
9040 6
7320 15
16979 13
6510 0
5450 9
8740 17
9710 18
7360 9
5260 22
6200 23
5380 7
6210 2
19700 1
6920 10
5970 6
4590 10
8020 17
7160 8
6840 19
8249 12
16830 8
760 21
20010 15
113859 2
9120 2
5660 20
15530 17
5770 10
6940 3
4720 19
5280 19
11180 14
8880 5
4920 17
8720 11
3940 20
9430 4
6049 23
4880 19
6620 12
8769 5
4700 13
16150 14
9520 10
5660 10
7990 4
9330 3
10160 19
5190 7
5550 14
6231 4
6760 1
11740 19
9880 14
15350 14
5810 9
11550 4
6400 4
6770 4
5220 1
10280 20
7630 12
8020 18
5340 14
12930 16
7469 15
8191 23
6809 22
8740 7
6950 2
10600 23
5350 18
6750 1
21100 17
50500 19
530 21
7310 8
5620 11
5809 11
16760 12
6530 6
6750 2
6110 12
6480 14
5070 1
4140 7
11140 5
19570 15
7780 16
6230 13
7880 4
6200 13
5450 11
6129 18
5280 1
5691 9
4789 8
7880 2
3440 22
4970 9
7920 3
4770 9
5860 13
12300 18
8250 12
5230 11
580 21
6090 13
4500 4
4090 12
11570 23
8630 17
5580 10
5550 8
6700 8
5499 13
20800 6
4191 8
4469 13
11500 1
21320 15
10130 5
19290 23
6660 20
43749 5
6389 4
6429 17
9411 2
4469 8
6750 20
14540 16
9100 20
6760 14
4480 0
6660 11
4540 7
3870 7
4370 7
9290 22
7830 0
9600 15
4450 2
7660 7
9959 19
5800 17
8060 9
5190 13
7050 8
4860 15
5730 3
18790 16
6080 6
4260 9
440 21
4580 8
590 21
11770 3
8050 19
45439 5
4920 6
4820 0
25110 19
5150 13
9400 20
5460 16
480 21
8830 2
12090 23
4820 19
622815 22
1114342 1
6325165 7
5669 22
6060 5
7329 23
7669 14
10160 16
10310 20
6830 2
11620 22
4990 17
12770 12
5150 3
6650 12
10400 15
4850 20
4920 4
5740 17
8380 7
540 21
1416390 11
8089 3
6710 5
6840 8
7750 10
7920 1
5900 17
6940 3
420 21
10660 1
6030 23
9220 16
4930 12
916063 9
5750 14
8900 1
5360 14
7740 4
6530 8
23700 15
6910 19
4520 10
570 21
17090 5
11050 17
4649 4
5980 6
16490 15
5090 11
10470 8
150669 22
6920 2
5530 0
6370 16
11840 2
5290 15
7980 8
6000 11
4180 13
8480 1
7890 23
5489 2
8069 0
5069 10
8380 3
5940 2
12890 15
117580 22
5449 14
6400 1
