38974703 6
1010250 2
19986887 0
9007153 7
70996323 9
8002383 3
51990407 5
3720 11
19998387 9
409 15
14839 11
19988797 10
80002626 12
240 15
20022916 10
18981857 7
21014947 5
19981396 10
59107159 3
10910474 3
20011087 8
1900 15
19994777 1
7770 3
9969284 1
40009753 4
19999476 9
340 15
12510 13
10020 7
119960730 8
140013706 12
60024799 11
59960280 0
10011303 10
5750 10
370 15
230 15
10990 11
29995110 1
50004686 7
6380 7
19964717 1
18999637 2
21011177 1
7900 0
88981190 8
1018530 3
29994150 7
20013776 14
99982743 11
6340 7
19985476 0
90012979 2
40008923 6
69986243 9
6270 7
5900 2
39990693 10
360 15
58991370 13
6100 9
990930 10
3790 2
23320 14
6060 10
99983033 0
19979496 10
60011320 3
6360 14
9350 8
6490 2
99968533 4
89996250 0
20029397 8
119999019 13
138973886 12
1003330 11
129997313 4
19996107 8
20024487 4
520 15
10034563 11
48972016 7
980881 4
89999469 6
14440 11
6050 1
7150 11
19970567 10
98994692 0
41009764 6
69985144 0
14699 9
49989997 11
9270 14
9998203 6
7170 4
6970 7
9990363 5
60006879 0
59989460 5
6110 9
9979433 2
20013847 3
300 15
39995663 10
20007327 1
157985861 8
5859 9
11991275 11
69008402 2
61016870 0
360 15
2979691 3
5110 3
36990052 6
39011533 13
40993053 0
5170 13
9991863 11
29997350 10
29003839 0
320 15
61008440 13
19999356 5
5900 5
8987273 3
61007201 1
4180 13
6030 11
6910 14
7960 11
3420 14
5220 1
4120 11
6930 13
310 15
6670 5
5670 2
240 15
99944023 9
60008680 9
5680 14
380 15
8330 3
6090 7
49976347 1
19995277 6
6500 0
19985197 10
19991967 6
50018936 3
49995347 2
19993066 12
7140 10
70987304 2
39008913 4
170990475 3
100999014 10
217998801 5
90003020 14
121001660 11
59009259 14
6660 8
5019 12
8976684 2
71023783 1
5370 6
5870 2
19960747 3
3780 13
19999546 12
19001276 3
1013371 10
5139 13
39978133 1
40015393 8
5850 5
19980867 6
20006617 4
20000176 7
992671 8
39006283 10
19992137 12
60014540 2
79992216 2
11970 9
6190 7
6280 9
4680 7
39964253 1
390 15
410 15
20003107 4
37999022 4
42011814 14
20000 0
119977559 3
19987366 6
5460 3
7230 1
300 15
20021266 5
37967123 12
52017427 8
6920 5
19993866 0
20010047 13
39992353 12
986671 12
158994362 4
120013949 7
9982764 13
20026906 0
6300 4
6300 6
6700 13
9659 14
149953369 10
19987317 7
20003307 4
6679 7
5660 7
128993093 6
997940 11
39996673 14
8720 1
5820 4
6220 0
19977027 5
40009743 13
76990055 4
5040 13
6680 2
13006864 8
59995450 2
19988736 7
71007284 10
4760 4
5960 11
330 15
69011972 12
49975227 7
39997663 0
280000522 2
6420 4
4880 14
4930 14
17978726 5
42012143 7
4969 4
12689 11
340 15
10620 13
58060959 3
5950 0
2892063 14
5040 8
18991936 3
9890 13
5850 3
5300 13
19981736 12
28001919 12
6989 4
19990416 6
5240 2
12003634 5
5620 8
5790 8
60980700 6
18998846 5
390 15
119999760 4
120019699 7
7730 2
99978903 5
120004819 2
39996803 6
9160 8
6060 6
6570 0
4420 13
39976233 11
89997930 4
6190 2
128989872 11
6590 11
5260 4
6450 5
5350 4
5490 11
5710 3
6990 5
11949204 10
32007481 13
360 15
15996355 4
997580 14
5720 6
19991707 4
120007249 4
5090 8
5910 2
5990 3
159982303 14
8900 14
179987629 7
6350 6
380 15
7510 14
7120 7
59989019 2
149993140 1
19994336 14
340 15
80026786 10
39973444 12
6040 3
69991614 2
14140 4
19990157 10
19994937 11
20032206 14
972421 9
5180 0
78993005 14
6009 2
7240 4
4080 0
9981474 7
4940 7
20994317 0
49003116 1
140000085 2
12900 0
19996177 11
139994426 2
7996423 3
101997113 10
40011503 10
6080 5
20008077 9
79986486 7
19985097 14
49002696 9
51008596 2
28992530 1
5930 8
3660 8
5410 1
5550 8
5620 4
10986434 7
8199 5
5870 5
4000 9
37967493 13
12019814 5
6080 4
5650 0
4760 7
19972556 10
140010176 9
19982157 4
20006796 3
79992667 6
38997963 6
91000479 7
49997497 7
20008226 11
89994370 12
20000396 0
30000830 5
38003163 13
41994303 2
40014513 11
18986907 14
81021716 1
3976722 13
16012715 9
40013783 5
8060 8
4980 14
39959573 4
20000627 11
22040 4
4971 4
19982346 9
6020 9
19982467 5
130001433 11
6850 0
9280 3
20010296 1
28992320 2
4269 9
30977771 6
60009619 13
6040 11
19996237 6
60020059 2
40967653 3
500 15
9015943 8
19989277 2
49993146 13
40005133 0
68997423 11
5300 1
5390 4
10987113 13
14519 11
3880 8
19983347 5
20008796 13
38991092 4
61019210 2
79975647 5
11100 4
7729 6
6249 13
7280 10
20968827 0
511 15
19003757 0
7950 6
10339 6
99999103 2
59982100 4
7020 1
330 15
7980 6
188987342 12
41014763 6
7981472 4
72015074 12
50990636 1
9000184 12
360 15
20004496 11
5180 2
10011683 1
5010 1
99966873 0
5720 4
21998057 1
27993159 14
34004621 5
4380 14
4410 1
16001245 6
5987242 8
3997761 10
150009219 2
530 15
40002493 11
39990973 0
60998210 14
59002639 6
37620 9
3760 5
5069 12
179952600 13
13060 3
20003847 2
10979944 6
9012823 3
29060 7
390 15
19958847 4
7520 14
19993266 8
11995044 6
4920 6
4430 2
4760 12
4440 6
117983999 11
79998076 8
3800 14
4680 13
39995963 5
8999343 4
1006470 7
7920 10
19981927 0
30019400 6
40002153 9
9980644 10
4349 7
150012310 4
651 15
119986520 14
5440 9
6150 6
4660 13
6050 8
39978393 10
20014826 10
14770 6
3520 13
39959484 2
370 15
12649 6
9990613 5
30011150 12
19984146 11
9006422 11
30997880 12
60011289 4
168989976 2
1025170 9
4440 0
19965506 14
19996887 14
40007103 12
38004933 10
3580 5
5280 10
489 15
5829 3
109973527 7
430 15
42032903 8
5640 8
19980147 1
8280 10
5290 6
5470 10
19972727 5
20001226 9
4620 5
4370 8
118985169 2
81008117 6
4210 14
4990 8
8978764 2
3750 13
4470 4
41030683 6
19987137 9
4320 4
5000 2
39975784 10
1989541 4
40005773 13
117988988 11
40016722 2
5350 2
60000010 9
5280 8
9984794 3
4810 12
19996837 2
19985767 0
20018226 9
20010706 11
18972807 7
61030120 10
40012723 0
89969730 3
5429 4
6140 5
70989734 10
4300 1
9220 8
4489 1
18978737 6
19991807 13
11320 3
4409 1
119989450 10
40004613 1
19988047 7
340 15
180002099 4
18995596 9
41026773 11
370 15
39984263 9
4460 14
40006523 10
5940 5
27975180 1
4990 8
5440 10
51999698 6
39988913 11
220009432 2
19986847 13
20013356 2
129996223 14
8995323 3
11006293 13
90004790 11
20020296 13
20972327 9
6860 1
18986456 6
80017787 10
50004246 12
39992403 13
6480 5
19987127 3
40007493 4
17160 10
39967173 5
8150 0
3730 7
6170 7
4300 11
4700 13
19981097 9
18996296 6
4160 6
6660 5
3360 14
190978733 10
23939 4
19977557 8
40014173 13
39985113 1
15659 1
19995477 14
20020186 13
410 15
19974017 5
7830 13
99984793 6
17999316 9
31998030 7
26840 5
19983157 13
40010403 10
29989430 13
40000753 13
20000516 8
7989103 0
5650 2
12005074 3
4630 2
18988046 3
81015487 12
19990276 13
16050 11
19991307 2
59994019 1
17420 7
19985007 10
17987396 11
121004300 14
1008360 11
99998683 2
4560 12
19993116 2
19993747 4
590 15
50005886 6
49995987 2
60007009 1
5430 8
5230 8
18975057 14
22005927 3
18995506 6
98000862 4
11998704 13
15170 5
3950 4
169990836 13
5420 13
60013700 0
4389 1
310 15
19971267 2
20015707 3
219978202 5
50012486 13
59997540 9
5230 8
5170 12
19993466 13
5660 0
4720 12
40977084 1
39025102 8
8976154 8
4380 3
1995980 5
10996654 14
3870 14
8015942 5
29990990 11
3730 11
199987956 6
59997590 7
20012416 2
3250 12
5240 13
99998493 5
19994776 4
19987427 10
7770 11
10008893 3
5690 14
118981580 7
6009 3
6570 1
5780 3
100987374 13
6109 8
20000967 14
39985943 1
50006957 6
9829 13
6651 9
4499 9
3880 14
960 15
19973437 3
19996327 4
17559 3
6380 6
5480 5
39983164 14
470 15
59981100 12
15289 7
129989253 4
60001700 13
27990919 0
12026454 5
5960 8
19983396 4
711 15
39983123 6
70006313 13
6002602 8
84009927 5
79995476 1
560 15
79994847 8
69989843 13
20018607 10
7400 12
5270 9
58970330 14
1011961 0
79997776 11
360 15
40008253 12
19984387 2
20005206 4
330 15
90989970 2
19008266 8
340 15
20003427 2
119999439 8
80002937 4
5670 11
79987257 1
13995274 6
16019515 12
79990997 11
8987633 5
51999367 2
420 15
19019776 1
8985043 10
51015987 5
5071 5
4689 7
4180 5
968810 4
19007056 3
20012217 11
19987596 5
9988134 11
19999996 2
60007640 4
340 15
38993583 8
5119 13
1007541 9
5860 9
79983416 13
5580 12
8420 9
5000 2
59975300 7
3780 14
20011487 10
57987248 4
5611 5
2003670 12
60003790 3
99986083 14
4719 2
4491 7
5060 0
8991673 1
3769 0
110997637 5
100001473 13
40005263 12
17992776 14
4890 4
4390 11
4860 0
51987047 2
19999106 6
60010610 3
39987973 6
19991587 5
11660 13
18990996 11
4310 1
19993167 3
51002036 14
80020936 6
19981807 3
440 15
39994463 0
20008757 5
19988386 8
20013296 5
7330 14
4450 11
420 15
4679 13
3591 12
2889 12
420 15
19987807 1
4420 12
5350 9
49984567 2
19980536 0
100014053 14
20000586 11
5051 0
4309 10
19988437 1
4810 11
19996307 3
189992752 13
39997773 4
90004080 5
72994634 3
39000193 2
66002311 8
32019530 0
4431 14
4589 3
39992753 6
59987950 9
19998187 10
5020 10
89991039 13
20003097 0
100038342 1
39962824 14
330 15
5800 6
19987967 8
79992276 12
60014189 8
80003276 0
17986677 14
4560 11
5500 9
71987253 7
4560 9
158996982 12
5500 0
5970 7
995881 14
20005846 3
41982974 7
18011446 8
159997772 13
4650 3
270020979 9
7049 14
5180 14
40963214 2
119993590 12
4300 1
6570 0
8992763 14
360 15
79992426 11
10015813 2
4900 13
19990147 14
49998557 11
50005506 8
4590 0
49981547 10
6410 5
3670 5
189999812 11
4080 0
19989677 12
20007826 13
58994920 2
1000680 11
6130 14
8991463 7
3980 1
90998720 0
39999703 8
5560 8
39998803 2
4090 3
19991267 11
17993195 5
4300 7
440 15
32007671 10
20992277 13
19004376 7
38989623 7
4870 0
320 15
1005060 4
70004263 12
4190 7
360 15
4870 5
4730 5
3710 5
420 15
4630 6
2970 14
68962733 2
4380 2
10999403 9
19994657 10
19995327 10
20007736 1
11010 3
49982616 13
59997920 12
10860 11
39997383 1
19993387 3
70021592 2
49984547 7
60016300 11
80011106 13
1970071 10
38019502 3
79991656 0
4250 0
3350 12
17980946 2
8300 5
2001621 0
140001916 9
670 15
985300 11
1000020 7
3800 12
4280 5
18013306 8
5510 2
4300 8
7971613 6
12006344 10
38995003 8
5220 11
120995889 4
450 15
20018507 7
59980900 13
120003760 11
10001793 11
4780 10
100002853 0
20005676 14
19973697 0
3340 12
200026455 2
39983523 11
13530 5
39974883 10
20020986 3
19986997 1
4160 5
20002827 6
4700 2
38979983 13
21004156 10
6180 10
20319404 2
