198479 1
63040 18
62410 8
86179 22
152899 21
71329 10
261299 0
157678 0
68920 18
219358 19
72510 23
100059 21
91139 21
79310 17
189749 0
163189 6
98190 20
129889 15
77129 14
150059 1
143019 3
70329 16
99489 10
71029 18
162309 1
158429 2
70509 13
152358 2
100630 23
154378 19
63469 19
74109 13
46079 8
72780 17
50369 8
53050 8
158449 1
174718 4
73209 12
81069 19
254208 19
140228 2
69159 13
96019 20
66580 15
167489 1
64999 15
86040 17
89850 15
164699 4
179119 2
195638 7
69839 13
102069 20
309858 7
529186 4
240678 2
247308 7
104230 17
106270 12
106419 23
370007 23
98879 20
367567 5
521036 6
134699 17
155569 21
109799 12
78170 9
405657 2
107809 22
80649 17
69330 14
438377 2
179759 10
484626 2
80339 11
158349 11
82050 18
140269 15
80969 13
461427 1
249128 18
138479 22
130209 14
84369 18
143509 9
290288 5
81599 17
246969 5
237648 10
154859 23
443167 5
396347 19
114949 14
567766 6
220018 1
119979 12
72180 18
287009 4
72900 18
86979 13
59390 8
136649 23
243198 6
125849 16
155379 19
84849 15
461806 2
106080 13
66490 10
197279 9
226368 4
489407 7
193548 4
160149 21
141079 19
90119 23
109710 18
144928 12
41550 8
68670 10
126559 20
233528 17
404877 7
76370 23
230669 4
73569 16
74690 10
122549 19
88279 12
95590 15
244288 18
539376 5
251128 1
950303 5
220239 3
72660 23
91930 10
131579 13
89700 23
92899 9
132219 18
88069 9
272318 6
93279 17
630096 5
99539 16
83049 14
464927 1
83639 15
117479 21
544876 5
74880 12
201248 22
81220 18
449876 5
174958 12
79810 15
845124 6
202019 7
82430 17
18348568 11
164909 6
110609 18
115860 21
68379 8
391687 2
104579 20
109789 21
468826 6
101809 9
87829 17
95869 19
459177 5
135669 19
78459 10
77370 12
803624 0
352848 23
1040802 6
93479 10
488957 0
92829 14
106949 18
77900 14
570165 6
136059 10
101829 17
536426 6
127229 15
105349 21
344828 0
610785 7
141850 9
948004 2
97709 10
203369 3
2374282 14
192139 7
175959 0
240298 6
26871776 11
1122612 11
121319 22
1021203 5
98339 15
163169 19
138019 21
91429 23
263858 3
127579 19
213969 10
158269 16
717895 4
107759 21
362967 0
90049 10
856414 3
89920 15
686225 3
122969 15
283078 4
244768 17
190719 19
91539 16
76689 10
170119 16
104440 23
201949 12
762255 2
81569 18
189089 22
799645 5
77679 18
146999 9
155599 10
310798 5
66459 12
556116 3
284168 19
243088 0
129768 23
295587 5
85809 20
91959 20
462007 0
577986 6
416907 0
92159 19
281608 1
99249 14
534047 6
65100 16
95089 20
80120 10
362817 3
762114 1
136288 16
261209 11
69979 16
496227 1
332477 5
407047 0
469547 5
398457 1
277568 3
131249 22
170539 4
417067 7
509146 2
170599 20
7437756 11
56010 8
79279 17
1977886 6
125079 18
316308 7
87109 13
331138 0
136849 23
193018 1
47900 8
1764528 11
279718 10
209058 12
172109 2
184529 18
123879 23
172668 20
131719 19
504807 21
101629 14
167689 10
222688 20
309228 19
320418 18
103369 5
108279 13
240109 11
192439 12
202028 18
154488 14
128170 3
124939 2
155959 16
215698 4
389267 18
201629 8
356707 23
71109 0
250039 20
9700560 11
106149 9
118539 23
132099 0
86540 14
179338 17
164749 23
109269 19
173469 16
117989 22
108129 9
205338 21
100569 14
108460 13
83460 5
137879 20
210778 2
160069 4
108110 13
343678 17
172379 21
261008 21
968513 19
111379 0
51450 8
105859 5
93569 13
127339 9
134629 19
119290 21
146859 9
118120 12
113759 19
99079 18
230798 18
250069 14
120720 21
205488 5
151229 2
118119 23
365758 21
113519 18
128509 8
274258 2
104809 21
91659 22
114450 23
291418 16
197368 3
99189 14
441737 11
187209 20
105499 10
99289 9
127479 8
153919 6
173669 15
127319 0
128399 18
236829 13
432817 19
119059 22
9262364 4
116409 0
88529 15
135779 20
101710 12
9597080 17
115179 2
96100 16
79869 10
114639 4
76960 10
203388 21
136219 3
58110 10
238048 19
91760 4
110939 20
308929 1
85759 0
1516219 23
145559 12
143119 12
85509 16
199339 2
242488 2
7082649 11
128329 12
61040140 23
99449 20
72940 19
72869 14
100209 5
81929 21
34564941 17
110859 18
36569 7
28649 7
192839 16
128809 1
93359 13
276988 3
162959 1
131669 21
1984906 11
257518 14
287528 14
86979 17
123209 4
104640 0
84659 9
115419 1
8651648 23
97199 20
704275 23
405597 3
117579 20
235868 13
333247 6
93560 13
58760 8
138249 13
160209 2
120809 21
214398 4
136839 6
110439 9
156849 3
284098 4
101189 15
91679 9
111940 3
174209 0
257238 0
117160 13
70770 15
101269 16
98909 14
109920 20
172898 5
97049 23
129969 20
80119 17
1730138 11
124849 16
126619 12
115459 4
42290 8
96039 19
156359 22
301048 0
79139 16
203209 3
81219 17
112559 21
114099 22
115100 6
133819 4
467207 7
240198 1
330427 1
98649 12
45159 8
296258 1
131859 13
70469 10
147188 22
9684100 0
114099 23
153959 5
314027 21
157399 1
124089 13
144328 19
138629 19
269808 1
112509 21
149019 8
182339 3
111600 12
128499 2
149988 6
82960 16
83799 14
119979 5
52900 8
76599 10
169999 0
159319 0
151499 13
147719 17
926593 11
104599 21
133750 1
221778 15
205338 8
218378 3
98709 10
96579 15
97039 12
209618 22
304318 22
151499 19
139379 15
212739 0
102130 4
118039 17
291968 22
463426 0
146869 17
162859 16
179309 20
118319 7
84399 8
122919 12
179729 1
286478 0
140669 3
105099 22
75590 18
266108 14
189898 10
68820 18
190809 5
110979 21
138859 2
236438 21
73099 18
98039 12
503386 23
252659 23
150139 20
197409 5
161199 13
94639 17
130909 11
235708 2
257687 11
84129 18
186459 1
303228 5
150678 20
135839 23
177099 17
156569 2
120719 15
92670 18
363888 20
300038 11
203138 2
120699 15
143099 23
161189 13
185939 22
93389 13
52740 8
122949 9
116209 16
105319 0
96219 23
97560 12
140768 21
117940 19
98289 18
84529 4
288318 16
108199 2
252699 22
79739 6
129509 21
96639 15
72229 1
90549 13
66510 9
63360 10
108699 21
120509 21
2348713 14
82819 13
76680 19
155869 21
85360 10
361767 11
356888 19
83939 6
51140 8
132429 10
160569 19
108969 7
88809 6
93140 3
111749 13
100219 23
124929 2
106750 12
130719 1
264738 20
119000 5
178128 20
176719 20
114379 16
61280 7
147849 1
99619 3
146359 5
100779 10
34160 7
89130 17
92410 5
133169 22
94739 6
108749 13
94310 22
86029 13
83850 4
183358 6
128039 8
177059 20
195008 10
83260 12
87029 18
69850 0
72879 6
36460 7
107439 10
46000 7
149029 17
104469 19
102409 3
92529 9
111299 21
123899 19
86479 20
209949 20
108209 0
38880 7
92079 9
80240 17
75829 0
103089 3
90459 19
156459 12
194149 20
120019 15
541086 4
74930 1
102129 20
78709 12
235009 11
112389 18
174668 1
100569 8
115529 22
78719 2
78079 17
73519 5
89130 15
67149 5
103809 17
74720 17
126729 4
62250 8
94139 22
69850 19
73800 6
67169 1
88880 20
87749 3
83559 10
76159 17
72430 20
65320 16
28326356 23
159029 14
353777 1
216648 4
71279 16
123919 18
80210 14
74370 10
86159 19
86500 17
108839 22
208008 6
378237 5
76029 9
79159 9
97739 17
79569 9
86770 15
261428 4
115539 22
194358 3
94389 10
89719 13
74590 8
77749 18
178269 2
81479 12
42030 7
126829 8
92390 19
86520 20
127279 8
87819 20
109480 8
78319 15
78889 18
179589 13
71680 19
204638 3
106149 7
191569 0
119149 13
192508 3
98999 23
83969 10
88420 10
90759 21
233218 4
84850 12
96139 22
81529 13
99109 18
92849 15
83199 19
154449 6
72050 16
189669 1
97760 18
131529 12
195948 3
102670 23
127710 15
87079 15
167039 3
86309 19
195099 4
169279 1
77870 13
85079 10
164509 2
375448 4
96050 22
43229 7
83580 19
197868 6
75099 17
129099 5
67990 14
145289 4
83649 20
184799 11
81129 9
84220 22
150808 15
209828 19
94950 5
101430 6
67759 15
94609 21
125979 10
98000 1
66200 13
87930 21
72009 17
63380 17
65129 8
78350 9
64989 14
96790 3
87389 20
69580 11
65410 13
153259 6
67729 13
95210 0
87469 21
93519 4
74869 19
82489 21
208579 11
53090 7
64060 13
66369 18
72499 13
66890 16
63490 18
94829 1
38470 7
122079 0
72050 15
74099 19
100289 5
65849 13
89129 5
89479 6
188818 11
86580 20
152288 5
90719 1
98819 3
84209 22
66419 16
95670 5
75480 10
84499 9
93229 6
86629 20
195578 11
82310 22
41460 7
56419 8
87470 9
85509 22
100399 1
3711104 23
73269 7
112479 15
86250 23
90470 13
82819 13
89440 12
78050 16
65879 12
104359 0
83849 23
42890 7
69190 16
126988 6
101569 8
84769 14
73760 11
76939 18
109129 5
72200 19
40199 7
126639 19
70339 14
113399 14
74820 18
96139 5
86379 22
83229 10
78030 8
178639 11
104240 1
82039 10
99029 0
72839 16
110269 1
195549 11
94319 21
105789 4
99769 1
61259 3
117519 3
71010 8
98729 14
98409 0
95809 1
106599 3
101319 20
124419 22
141639 19
55050 8
104459 1
70729 17
73579 16
56720 8
111369 2
104529 10
72859 13
80989 9
95249 23
123969 13
99510 22
99459 21
102379 4
107589 19
66000 8
96969 5
129829 2
85420 23
83579 17
87809 15
84990 17
101519 23
94379 6
105589 14
73590 17
109579 6
99730 17
92370 20
103569 3
86159 6
79640 12
57730 8
84479 23
79870 16
87510 22
158959 16
142858 5
38949 7
75970 15
81669 20
102969 20
86389 20
87259 1
91550 0
70000 16
91270 0
91720 4
95379 1
167069 4
87179 23
139289 19
89770 22
9944859 23
204078 23
66730 16
120539 5
69219 17
86059 6
81609 23
63940 12
80539 3
65020 15
77929 19
78420 1
67019 19
76939 5
80010 5
79250 1
65970 9
85229 0
187279 11
