256738 0
14250 2
257178 4
89412667 7
73879 14
51240 13
66530 10
80090 6
115179 15
103039 14
72870 9
89739 0
104359 14
67230 13
34220 2
31650 2
76680 10
105800 4
103709 7
160149 1
247288 5
164958 10
132719 6
223349 13
113159 4
148289 1
202218 14
94530 15
61559 14
43380 3
136059 0
63499 12
234698 5
141230 0
106259 12
106560 7
129489 6
91079 1
83729 7
226168 7
169769 4
109349 12
181468 11
137469 1
230738 0
102540 15
113469 10
127979 12
120509 10
113749 4
95479 4
72730 15
86339 8
59010 5
163359 9
77360 1
90169 12
124779 10
188499 9
299817 5
161239 0
197429 14
126979 10
170598 12
97610 10
141019 8
77879 14
124899 5
71829 15
179408 1
52120 2
101079 14
36240 2
125719 0
124019 7
93979 14
40030 3
112109 13
110469 1
209798 5
253038 5
125839 3
82559 8
10125733 13
162658 13
72150 8
84539 14
115919 11
128339 11
72450 10
191418 5
75500 7
111699 6
152189 6
80189 13
171199 5
269728 11
157288 14
101519 13
82159 8
92159 14
53319 3
119789 7
129019 11
67039 14
167868 8
167649 9
114539 5
217409 5
78450 12
56249 13
131159 5
113400 15
442866 1
88579 5
69570 14
134369 10
258948 0
172199 5
190318 12
111889 12
100160 15
103789 0
73279 10
205759 15
122309 6
122069 5
187038 14
272628 11
56980 14
71189 8
132269 7
90380 6
132108 9
226529 4
167069 9
92689 7
87109 13
124949 11
112220 11
88370 9
78459 8
66670 8
220458 11
186878 4
137859 1
46639 3
32110 2
501296 15
139419 11
62040 11
134750 4
96260 8
166419 0
152519 8
32700 3
126579 5
81750 6
138259 8
29576194 7
50530 13
56650 5
94079 10
65889 6
124110 0
45249 3
32060 3
199508 6
154289 9
46450 2
65050 14
98789 8
83799 0
60440 13
91579 0
82089 15
98670 4
91649 1
186819 5
179768 0
70139 9
88269 8
136459 10
69469 15
87810 14
88349 1
72990 9
37059 2
125439 0
168789 3
88239 1
293648 0
162449 5
135129 8
176048 10
200459 14
122079 7
42199 2
160508 13
124239 13
174379 5
28170 2
71389 14
130289 9
71210 3
127279 11
170828 14
76099 11
69849 5
91920 15
95969 5
196699 6
75070 13
51250 2
152768 3
105549 0
177599 0
114359 4
136879 3
65880 5
88739 7
166549 14
210258 1
213698 6
217519 15
65719 8
96869 13
79969 8
56359 0
66959 8
170569 13
197728 15
182449 15
111689 1
136439 1
157229 10
113319 9
163769 15
129170 12
50370 3
128849 0
37590 2
75439 1
218439 6
87419 14
129459 15
9775065 7
100640 5
60480 12
121869 9
142009 14
279338 5
36150 2
86129 11
79679 15
162708 15
91459 4
173439 7
113479 10
156499 11
124959 7
84819 6
153699 12
38950 2
106169 11
134419 10
109619 13
128069 9
146419 5
165259 1
158399 5
180709 11
171748 14
93670 14
96360 11
105229 14
105149 10
103289 8
136819 0
150319 12
195209 12
121430 0
135908 7
171788 5
68280 12
115499 3
115609 13
203518 15
292558 4
25450 2
60539 6
112330 5
116259 3
53279 12
76610 11
74989 4
67770 0
82400 10
79259 3
169429 14
107459 7
93799 0
28590 2
108370 6
81679 13
80699 1
244918 14
110070 8
247179 9
70599 14
81500 12
32199 2
142699 8
138959 0
111259 14
122639 10
69720 3
138249 13
115149 0
189028 15
108250 14
130339 0
80299 8
164549 4
103079 3
10405150 7
69209 15
100199 3
733475 7
129828 8
145759 10
81770 0
89369 11
97499 4
74400 7
78939 5
92310 0
179348 6
80310 13
203009 12
151619 9
76599 2
166419 7
178269 4
29429 2
158809 0
61260 13
91619 7
115529 11
66070 13
63610 14
61560 2
32740 2
122820 6
113259 4
55149 15
59410 14
132019 12
74629 9
160009 8
150499 8
83989 5
41350 2
106649 15
141049 6
90109 6
75300 8
124199 15
98399 15
219458 5
199789 4
135479 9
24879 2
355218 1
150439 11
103269 0
144829 15
104269 12
112509 1
136329 10
275438 0
162829 1
353657 0
9087821 7
82529 0
133859 14
105189 1
314857 5
54730 12
25449 2
119269 15
63689 4
39620 2
80249 6
65379 14
113630 12
48089 0
60230 9
70109 10
62420 14
62479 10
114230 6
114869 11
27690 3
71719 1
64540 7
68390 1
61659 12
48350 10
42630 4
45519 9
50540 9
46220 0
50699 6
48710 4
53629 9
2051554 13
7964839 7
115699 4
72250 12
127459 10
129030 8
94370 6
19233623 13
60500 6
173419 11
96220 10
73520 14
127849 4
256778 11
63240 14
171298 4
119499 9
122979 13
98739 11
59149 9
131269 8
75019 12
72919 4
18455199 7
63090 8
57999 1
97480 13
59910 14
70410 9
56160 12
65170 0
62349 9
118909 4
94500 5
69070 9
77239 12
106380 12
92850 6
126449 14
181438 13
89709 6
170958 11
188318 12
66149 3
149348 15
123399 8
160429 8
118619 8
166219 9
154549 10
266798 3
122849 7
155859 3
83579 4
125269 15
169269 7
50370 2
141908 0
113089 9
241468 1
144809 10
95069 10
100969 8
115859 1
137699 15
232539 0
344727 1
256138 11
79949 13
59970 8
111519 8
111899 6
70760 10
83239 13
229368 1
89069 8
87810 5
157979 8
148578 1
278817 3
153189 9
117999 6
161619 1
66070 15
79140 12
168569 9
122309 2
241968 1
267338 1
105589 11
80710 9
10028263 7
179429 6
80009 11
116749 11
105769 8
52890 6
46749 1
79620 1
44589 8
52620 11
49729 9
52399 9
30960 3
62610 5
49790 14
47070 14
48969 1
46220 4
55049 15
49110 7
50900 9
57219 11
51460 6
53270 7
52179 8
44940 9
45890 14
43239 0
45930 12
112869 2
38750044 13
69350 5
86199 1
271438 2
143869 2
77349 15
99680 10
99870 9
60709 13
69060 5
91349 11
61120 10
149270 3
36600 3
80829 5
55560 0
38100 3
66469 9
28313554 7
60300 5
81799 15
51790 1
43579 3
72110 11
74729 15
99490 8
101309 4
62329 8
92349 10
65639 7
65949 15
119508 14
62999 15
84700 10
141279 10
7740351 13
64890 14
85909 12
56490 4
71319 15
656595 13
320548 3
18442189 7
57240 13
57519 15
76060 10
520836 7
122789 5
128139 12
197238 12
52490 14
263358 1
113539 12
248998 11
47100 3
106279 14
505456 11
82540 10
245969 3
210509 0
192038 0
57889 3
178599 4
77059 5
111829 1
99120 4
112950 8
118329 13
123229 12
139869 13
56749 3
58560 14
228648 1
243358 1
86470 15
85409 10
91389 5
77080 1
166348 2
68520 12
55199 10
73459 8
57999 12
59689 12
95269 3
145529 1
244158 5
124119 9
114950 8
132699 12
297127 5
134319 7
84879 6
230169 1
74819 11
158689 2
106839 8
56710 7
61509 5
83590 15
42249 3
78400 11
164968 14
214778 4
168289 6
87160 0
124939 4
182899 10
71280 11
70500 10
123979 12
104700 3
62669 3
270218 2
64300 13
119819 10
179398 11
179589 14
120299 10
176419 2
149769 2
92449 14
132209 2
101149 11
147299 9
125739 2
61730 11
81740 14
58210 10
50300 14
83409 14
51860 8
56429 8
53220 5
50859 12
53009 7
57180 9
52159 5
50860 1
7809860 13
272998 13
96900 0
55670 12
72330 8
74140 6
76809 6
65820 14
56579 9
92750 11
148639 10
98249 6
52129 14
135789 2
148009 3
83269 8
63000 8
182569 15
63989 0
136869 12
160669 9
111779 1
601686 4
99590 0
73819 1
165669 5
205598 12
124919 8
103890 1
73110 0
81369 1
133819 5
373087 0
286028 1
109149 0
139939 0
75900 10
70389 14
80060 15
256578 4
103609 11
123839 15
84479 15
195659 10
63859 12
181149 12
69559 11
102950 4
92769 15
77079 5
166979 7
80760 1
250878 7
127539 9
72449 4
95409 14
89780 4
149579 12
84819 11
151109 2
135868 8
145819 14
67580 15
61280 9
61379 12
90259 8
75440 11
85539 0
32240 3
65820 7
122339 1
106509 1
8595324 6
119459 14
117149 14
111039 12
77330 14
123789 2
60409 12
61080 7
76049 15
59820 14
108119 1
45500 3
90849 12
64339 0
118939 2
123169 12
98499 9
86969 9
53140 10
112839 9
51780 1
64729 10
80287387 13
83889 1
140839 14
122959 2
108060 12
9200580 7
55190 14
76670 4
58300 10
53430 6
60960 15
80710 11
93439 0
1968685 13
183038 3
83300 9
258818 3
87819 4
220788 2
98130 7
124359 11
65749 9
51380 10
185348 2
178509 15
129279 10
149229 12
206288 0
128609 10
175219 11
82289 5
149489 11
114569 4
129969 8
126029 3
181019 8
73400 12
192799 4
185669 5
131308 13
131739 13
81239 10
67379 14
170738 8
171009 14
98199 1
143679 6
119619 5
250438 13
73890 4
49799 3
184589 10
173978 10
100349 5
98109 4
85369 14
64100 12
74309 5
82279 8
143139 10
107510 6
85579 15
97419 15
230669 6
73400 13
76200 3
142188 14
204939 10
117459 5
383037 14
67759 13
80559 15
97419 8
131239 2
107659 6
70310 8
116199 8
84069 11
9425758 1
60060 9
70639 0
191339 5
141939 2
393127 0
92529 10
130829 15
138499 6
147639 15
96939 8
131159 6
81150 7
77789 0
339477 0
111079 7
221158 5
118199 12
64120 12
146670 14
137919 11
120259 9
318317 8
108429 3
129969 14
114049 13
73080 9
154709 8
96050 4
74469 13
109290 0
367277 3
62859 11
130089 14
179839 2
123919 7
155579 11
111789 0
113539 5
204318 2
68870 14
119319 4
70559 11
57979 12
66780 14
75880 10
168019 2
97370 3
221568 0
134649 9
109519 7
94990 12
87480 10
97039 5
143509 8
95719 9
104910 9
85240 8
266848 8
122149 10
100579 9
58120 10
94189 7
93749 6
92349 4
168178 0
70340 1
84929 12
131709 11
76800 11
62430 14
40880 3
80479 5
67769 9
127219 12
132299 13
69450 10
61880 15
59009 1
56690 6
59489 11
88920 5
44769 3
58700 9
57339 0
57150 5
61619 11
55259 13
43380 3
110079 10
49510 15
50960 4
51770 9
122079 2
62779 15
49770 10
47310 12
50679 9
50760 1
46060 12
52400 5
45780 15
