235268 8
91380 10
95290 8
147629 9
319647 3
64460 4
52679 4
79158526 11
7883550 7
168798 4
450967 7
67339 12
150989 11
1424209 9
69750 14
202158 4
185169 2
77669 9
9241430 7
61699 8
295828 2
70420 12
59260 3
58680 12
50969 14
104400 8
69370 1
81659 11
179019 4
86179 7
119363460 15
91739 10
82820 8
36519 0
322798 4
68820 15
271067 4
47810 15
53850 2
73659 14
156529 2
135799 9
66689 14
89950 10
127389 14
133409 5
61439 1
157909 14
113969 14
59560 15
43309 5
194529 6
65969 10
48470 13
85869 14
63280 12
96599 4
75680 9
52659 4
78120 10
67710 13
77569 0
66230 10
63530 14
62929 0
69650 11
101280 2
47750 12
61350 1
74469 0
93209 2
60879 11
94249 2
96840 6
62490 1
49180 2
79529 0
60579 11
76179 13
61999 10
51290 3
78540 0
66370 13
131439 2
55780 15
105879 6
73409 0
145224533 7
83249 8
101289 14
99849 3
245468 4
62569 13
164729 5
84689 13
104789 9
72869 8
80800 10
128130 10
82659 14
48384821 11
89789 14
80979 13
59350 8
56369 2
108919 3
9158470 15
84059 5
67210 15
91399 13
48170 12
73959 9
30326819 7
299068 4
143989 1
66740 14
144589 10
148709 8
73039 13
74990 9
103289 3
89259 4
76709 10
87890 12
97639 6
66070 0
47749 1
8165038 15
86069 3
9694757 7
107879 6
86789 5
87559 11
54220 1
103579 5
9436458 15
88519 6
47430 1
511346 15
70480 12
64409 10
201269 8
108949 6
49299 12
100249 4
70969 14
94849 10
11024605 11
111900 7
6658739 15
165838 5
126419 11
173679 11
251368 7
114129 2
525286 4
128769 2
52239 12
124589 12
146129 0
65559 12
67559 10
90619 4
94550 6
405547 7
97600 6
75580 13
62520 1
78399 9
53359 4
62429 0
122759 4
87890 3
8334357 11
82949 13
65370 0
120909 9
206078 11
103180 6
74940 14
125629 13
100959 8
154149 6
100409 11
157709 0
80110 9
99850 11
132489 10
103689 6
112349 9
91819 8
152779 14
75460 13
62909 5
46810 2
67029 9
83260 8
67339 12
64150 10
89469 4
78149 9
70800 0
79239 9
59370 1
7101126 7
65879 10
29169698 15
360847 7
194648 3
321687 7
131309 7
71530 13
164159 11
80580 9
84940 11
84439 12
59180 5
179238 4
65980 14
87229 9
75920 12
73019 13
72759 10
189439 6
133119 10
193579 14
93319 9
57790 15
68630 15
139899 4
283928 0
159538 14
115108 7
236679 7
436746 7
102609 9
115509 11
85669 12
105109 0
50720 10
141679 2
134229 6
72159 0
173559 2
62359 1
176618 6
96680 8
142258 0
112489 8
60879 10
122339 12
101449 10
337728 5
28369 0
88100 8
78759 3
233729 2
174849 2
135789 7
99559 6
80880 1
212898 11
172849 11
119449 4
120109 3
79659 13
202049 3
123859 7
67319 1
74220 10
68779 10
76040 1
178859 7
89930 5
224429 4
60339 1
115520 9
78830 11
144399 2
257608 7
161789 12
181968 5
82759 0
49219 5
73800 13
121919 12
107389 12
65399 13
46500 10
58449 1
92739 9
72849 0
83220 9
67359 8
70079 9
48619 8
89999 6
68059 13
8859432 15
64400 9
76780 1
130519 14
80879104 11
76059 9
71190 9
68859 0
60650 1
72770 8
270468 11
81839 0
64680 12
63999 11
80660 11
61719 12
70730 9
91629 6
111169 0
48500 4
87199 8
69980 10
17308468 15
111669 0
98939 4
72869 10
62289 14
52089 2
47740 15
45760 15
55969 1
76600 10
63709 14
50240 8
91699 4
81889 9
53519 6
70304974 7
394257 7
330627 7
81359 10
44400 12
58620 1
58990 10
31079 0
62459 1
54010 8
81060 0
74879 10
100429 3
50419 6
55290 8
88159 1
67850 9
69129 8
65450 10
62100 13
85300 7
57070864 15
280688 15
146789 7
175519 4
437416 6
104920 10
144148 10
51149 15
106219 10
58666513 11
123919 4
91409 0
84640 10
191219 10
108509 0
118319 4
53460 12
78089 10
77480 1
148958 6
111040 2
110469 2
73689 14
117750 2
85669 8
70439 0
50250 6
157689 0
97169 0
132919 10
75719 8
69130 11
96169 2
80510 14
55779 1
61639 12
46490 5
67920 1
93289 2
49100 3
34099 0
46720 12
61549 14
72950 10
84409 6
65680 10
75219 3
47700 8
68239 14
47979 2
97419 4
47950 3
68310 8
161629 3
59620 10
88169 6
46080 10
58749 8
90080 6
54399 1
84479 4
65640 13
86319 5
93319 4
60160 14
68630 0
78299 3
61220 15
58320 11
61300 15
41159 5
15991359 7
57990 2
129269 1
67100 12
79190 8
65929 14
245498 0
86600 0
79359 1
172059 2
110439 12
53930 12
114659 13
253418 7
122609 2
49149 4
66589 10
73529 13
73610 9
62829 15
64590 13
47579 12
87082816 11
66390 1
84849 12
50620 4
120439 12
84739 8
192639 2
45869 0
112619 4
138379 13
161089 11
142029 4
154479 6
159489 9
362837 6
204959 11
120999 12
175468 2
82300 14
138549 8
106019 11
162478 7
104989 5
94089 4
46250 14
101609 2
67420 14
114150 7
119569 2
97519 2
96009 7
81930 9
51679 10
72430 13
77290 13
96019 3
49900 3
71239 8
90310 2
78590 8
49210 3
25860332 15
235349 3
364487 6
8966701 7
76670 13
134939 1
67609 13
9304619 15
72820 13
51759 4
9897175 7
593575 11
28491982 15
712495 15
26380 0
56580 0
108929 6
30218310 11
127859 6
64419 10
716205 11
9098721 15
159089 0
88459 14
207098 1
64849 12
72570 14
44390 5
216188 3
313227 1
173858 4
61160 8
8666984 11
104719 3
44740 2
84519 2
111099 5
83050 14
46960 3
129479 5
116219 2
9148170 15
106060 4
8796184 11
88500 5
69739 12
87990 4
94879 3
79969 12
128559 8
73960 10
75549 12
110499 6
155829 9
116119 9
188559 9
9779495 15
66010 0
74849 8
100540 14
140578 2
193459 3
309917 11
72780 13
574585 7
115269 8
66959 10
219199 6
82250 1
256608 3
348137 6
69160 0
96249 14
73039 2
132508 4
113299 7
161198 11
112280 11
147439 11
136009 11
176479 6
310148 0
69819 11
78109 13
165209 5
82379 13
77840 8
126189 10
71580 5
107339 14
96439 13
216128 14
184349 2
162429 5
187998 14
81600 0
118449 12
176028 2
83910 15
142139 9
97899 11
130279 10
229848 14
156059 5
232158 5
174739 13
73939 9
178939 2
233238 5
80430 11
146679 15
62530 13
141409 4
277838 15
101569 14
119729 3
93619 13
97089 5
86959 11
73329 15
51700 13
189069 0
111779 8
10302071 7
63830 8
122979 3
75559 10
84689 13
84989 14
53469 1
66659 1
180839 5
204309 12
176649 15
102690 14
66709 8
168369 6
98179 2
126479 7
123119 3
59790 1
78749 15
109610 14
92290 6
75939 11
154439 11
74040 14
191709 3
148039 6
68329 1
130119 13
98359 10
342268 12
354607 6
150259 2
302568 4
61389 14
85160 4
299747 5
141698 15
198299 15
282358 7
82289 5
98639 2
395957 5
120329 2
259848 7
123880 12
100760 15
130809 5
77909 11
89300 14
94899 8
175968 0
67220 12
70989 14
71710 0
19480 0
20611 0
141409 3
87360 4
121169 13
132859 2
54509 13
80450 8
235238 4
68469 14
79100 8
88829 2
51610 1
86779 2
89829 14
46450 1
105589 2
110009 3
134209 8
70800 10
118509 3
66050 10
67909 12
62790 8
138449 5
91830 2
84449 6
92409 7
88990 1
89559 11
89689 13
71460 0
84969 14
56400 8
113469 9
59620705 7
139009 6
61469 12
159948 5
29760553 11
62490 8
71999 14
109150 14
62440 14
9781735 7
83439 6
46970 3
62159 13
127609 3
96809 8
73260 6
66579 10
9329179 11
51890 1
93640 13
88109 5
145129 12
176269 2
167459 6
46860 10
87169 5
55779 8
71380 11
67459 13
70219 14
59759 12
74409 9
65820 12
78099 5
64029 3
61850 8
72200 0
72339 9
270968 13
66430 12
60759 12
75840 8
72169 5
88819 11
8556634 7
72320 12
81639 12
64699 15
60409 3
51300 2
81449 13
115259 2
81010 3
45729 1
60650 9
78529 2
8742284 11
82570 13
46490 4
446657 11
62549 14
191599 11
29193488 15
57070 13
276548 6
118389 12
185129 2
19148094 7
89079 4
89695036 11
170768 4
181848 1
54920 12
50539 6
101940 12
265467 3
267798 7
195489 1
75479 10
57350 6
186659 6
144369 1
67779 14
168129 11
54199 5
515186 5
68769 13
355347 6
164409 0
75769 14
84500 14
82129 13
74770 10
195228 10
77439 12
148158 0
56580 1
81539 4
75230 9
169038 5
82570 0
129869 11
62189 0
113249 4
106260 5
72929 4
84979 5
49840 1
65180 8
46660 4
47730 8
77129 3
80259 3
72890 5
25324067 15
71949 5
112259 6
211958 6
252328 15
8631484 7
90039 3
63640 12
97109 4
104230 3
99340 5
90209 6
94569 5
92799 8
92310 14
73479 1
17138790 15
65010 12
60760 12
66449 15
70739 9
63230 14
50290 5
83469 4
84109 5
65010 9
60450 10
1276771 7
83939 3
44290 3
60439 8
59450 15
77449 6
73380 7
39299 4
63530 12
75219 6
61080 14
61410 9
70430 4
72329 2
67360 13
58309 0
73470 3
21150 0
43239 1
73650 3
46620 10
71699 5
41799 1
59049 9
56640 8
72859 3
73529 2
45540 14
39590 3
70739 7
63950 14
55889 8
82439 6
50809 0
40949 8
40510 8
59929 13
73610 2
65899 14
50210 13
60439 12
58589 15
56860 9
53590 0
65980 10
73169 5
42070 6
56539 8
75840 7
47809 2
42280 6
72619 7
53109 0
40580 1
54869 8
73580 6
48435220 11
48514310 7
110628 3
63910 12
98539 9
62070 6
62959 12
126970 12
98510 3
586775 7
410307 7
52700 5
100379 5
62000 1
96659 6
66329 13
46720 6
173788 2
49550 10
64650 12
44279 14
192209 3
177269 5
47459 2
67160 10
7461324 11
70059 12
67140 0
77809 5
72920 13
9368959 7
97799 4
405437 7
152229 2
72829 12
78610 13
103469 2
65150 1
169928 0
191149 7
72629 1
78420 10
713864 4
248578 1
600086 4
126719 14
92519 9
272988 0
162669 1
170139 2
64060 14
79419 10
67500 15
172438 2
134999 7
146139 5
174669 3
175399 5
53189 8
146939 7
72210 4
61559 13
121559 7
123369 7
71809 13
119029 1
118259 1
60859 15
151768 7
57480 9
147319 4
63539 8
65210 10
157189 2
58899 15
63540 12
46329 12
66680 9
126469 0
104339 7
139499 3
45940 12
65289 14
141689 5
136199 2
121829 0
21880 0
61539 14
116179 1
58339 10
40150 4
58959 15
131598 6
63630 14
109309 1
51590 13
130029 6
103319 7
121639 0
48940 10
64230 9
