166308 9
451665 6
54706749 18
34160 3
93389 0
74949 0
81229 5
29670 3
74889 20
73059 10
145118 0
84389 4
27030 3
112118 9
90908 11
70340 7
29859 3
67169 4
6581032 12
87369 1
60669 5
110419 17
115889 0
28159 3
157498 22
197187 6
79509 20
136939 10
80348 8
85350 22
180409 13
96369 1
188748 15
103709 8
92469 7
205457 20
912419 6
82189 21
71929 9
240748 20
33760 3
164058 23
122069 1
148558 10
237107 6
77879 19
140299 3
139448 18
175508 22
161268 18
125699 17
151548 21
134588 18
81169 15
197228 13
138218 0
124049 7
86459 11
283056 6
90769 17
81019 7
86059 23
93269 17
163508 23
235717 23
128258 3
308916 1
92699 23
100059 16
65429 12
239207 1
93609 2
77759 13
117099 5
208457 13
90369 21
99099 16
195388 9
72239 13
459055 0
31130 3
78289 8
1038268 6
70829 23
72839 5
72879 17
112889 0
93179 23
69569 5
70679 15
70409 15
107409 1
84119 23
83919 14
72989 13
65969 13
83789 9
66390 23
62470 15
85339 1
64309 14
66899 9
89669 1
8283452 18
327846 22
249707 10
218947 8
178548 20
84059 16
278727 15
86029 9
28859 3
97919 0
103119 17
92779 11
72419 4
427795 17
95689 15
82939 9
388785 17
123789 1
89069 22
69309 16
112629 12
281976 0
227797 10
142329 20
75589 4
194408 0
167558 7
1221345 6
88109 19
80649 14
102469 19
314106 17
160418 10
129399 14
84979 4
1407403 6
380595 0
111999 15
252657 0
226717 4
142128 20
78870 21
85919 19
208527 5
101489 15
159298 23
264907 17
96269 7
81429 23
108909 22
107518 19
70559 20
388526 6
216817 6
272667 1
171468 6
8108534 12
79899 23
71619 11
105739 0
92569 17
124499 17
77419 12
127478 14
93139 23
69290 4
92338 13
69410 4
69100 17
66629 16
65419 20
86749 4
17760199 18
178968 0
204127 2
95319 22
134618 22
156449 0
94369 2
74090 5
313666 6
189758 2
95649 2
9056332 14
74879 22
96209 23
167578 1
87929 15
101729 8
246987 1
101369 19
111668 23
78629 13
66439 8
163767 6
94259 16
86298 18
102939 0
77009 20
141089 19
90130 20
87010 19
119909 0
76249 15
78769 14
91939 6
78479 21
85039 14
65630 22
103519 2
72429 19
64209 20
77668 18
66659 9
78909 9
72869 23
157128 22
121179 15
29799 3
90469 2
93619 9
110429 0
69479 5
71179 4
70709 4
29950 3
111298 8
83179 10
74130 11
68249 5
115868 5
84919 1
6522642 12
56909 5
64549 22
106638 14
99999 16
101769 19
86459 14
77229 10
168938 2
94189 14
91539 10
209027 19
60900 12
185408 16
81189 23
104419 16
121229 0
93079 17
30279 3
111309 1
81609 23
73029 9
111359 5
338107 6
93979 8
95638 19
105369 6
84359 8
73379 7
66250 6
152169 9
155648 1
6343384 18
104939 15
102059 11
104699 0
80789 2
144348 17
86969 15
80969 21
209758 17
70239 11
143419 10
165318 7
78759 9
260197 6
106429 13
132388 16
108229 7
86969 10
130888 22
107039 5
95469 2
85669 21
88589 6
106078 13
74559 11
70369 5
112139 15
150209 21
71169 23
176928 1
60719 5
116748 6
87008 1
116869 0
133309 4
93039 0
111109 2
69659 22
88479 1
104669 1
67209 22
101119 18
100419 2
72969 11
204557 6
92268 1
74119 14
87079 16
82219 15
70829 4
65969 10
117349 15
157967 2
202587 6
118129 7
72789 21
65459 11
86109 14
62619 13
65330 11
93188 0
70188 22
80459 9
26339 3
66160 16
72730 15
82239 2
83819 14
118758 1
66260 16
83870 17
126379 0
63069 7
67579 3
76930 16
59940 8
62919 9
72639 18
66110 2
50369 21
50589 17
57179 19
54709 8
65939 6
55760 10
74599 18
53969 22
56139 4
20100591 12
109299 5
556253 6
49060 10
52499 14
2293973 21
51499 9
77729 22
13090 3
7887006 18
91039 20
53140 20
70939 8
55259 22
769521 18
209928 8
56890 4
112219 1
244607 0
81079 8
87619 22
112888 15
224938 13
81929 2
92819 10
146489 10
415955 6
64079 5
112659 0
91399 13
88228 12
62239 5
465664 1
169768 0
452545 17
15690 3
10719 3
142868 19
113818 14
142118 8
63149 14
151168 15
99999 21
102649 16
123318 9
127588 9
54379 8
105149 5
81279 14
143978 20
141459 19
82579 23
150588 3
106189 16
106219 16
279777 1
438555 0
127688 7
163148 20
97609 20
83099 14
59679 21
97949 1
71939 20
453545 18
68109 12
94189 13
17970 3
103709 21
66399 19
145078 19
201538 0
81569 11
131108 4
73179 12
355736 0
237947 14
57770 9
78150 17
89438 17
79189 9
73619 8
124398 9
9352389 18
53419 22
47870 10
77619 4
53189 13
63289 13
521554 18
53320 21
68529 16
62839 17
145269 2
60302183 12
55680 21
1076217 12
105449 4
66919 14
221097 4
62960 7
72439 15
198967 5
102479 11
64839 17
78759 15
57630 8
98859 2
154129 10
175537 12
87110 14
98779 13
68339 22
68219 21
55189 7
59219 6
18249 3
91309 1
98049 11
16142928 18
96999 15
58959 9
58499 21
59020 21
84529 23
17189 3
61090 6
102789 4
57899 5
62979 15
87469 13
17960 3
57389 13
65140 21
56790 16
86879 11
52809 15
48500 11
48690 9
68499 1
49319 10
46379 4
99819 19
90969 4
49999 16
61249 21
53510 20
57799 4
75689 0
51530 8
44240 4
45389 11
47629 16
52619 11
59689 22
68989 1
64449 0
53729 22
53420 15
15709 3
57429 21
49979 13
58290 10
53050 17
53179 15
56580 19
4933222 18
86359 5
141568 22
141159 15
77299 11
171147 0
137488 14
135438 10
347666 17
60150 9
100869 21
188448 17
81619 8
143398 9
173638 11
83499 11
126399 5
102409 8
122469 16
171278 20
87429 10
168898 11
64409 7
79709 11
172198 0
154498 23
79119 8
92318 11
56050 5
104749 21
241077 6
78709 21
87349 22
14679 3
185317 0
80489 8
140799 6
201287 8
124059 11
212177 21
122359 7
211827 12
136369 12
97479 5
80540 12
61980 5
259626 19
110308 18
250577 7
151378 22
140588 16
82279 23
67719 20
80199 10
85089 23
128248 0
100579 1
65560 5
108278 4
124199 1
121588 1
110199 8
169628 13
235777 1
353926 1
140328 23
189647 20
187058 14
143998 2
101589 7
146658 8
195778 17
64859 13
86839 8
90269 18
201377 18
26469 3
135759 7
68249 22
82739 21
131308 23
124999 0
58919 5
83759 23
132869 1
158339 7
11820 3
250257 0
97988 17
114438 20
157558 13
64739 21
85948 15
66029 14
9579956 18
69850579 12
57739 15
56609 0
77429 0
74169 2
13830 3
90109 23
84589 21
125228 1
81139 2
87309 11
157928 0
67599 20
102088 16
63789 17
88319 10
63370 17
94509 18
98258 13
199548 2
147138 9
161238 10
274127 19
196558 23
99729 21
195987 8
63839 22
263628 16
94139 10
89019 21
81939 0
72999 5
69960 19
56240 4
326286 13
88589 5
85709 23
118378 4
186357 11
153368 2
89068 6
96768 12
200738 0
219547 6
94979 8
75799 21
67109 18
107168 18
248207 17
92909 11
101399 0
105979 14
205757 14
94139 14
142229 21
211748 12
147088 7
144848 19
87589 10
80319 4
116229 13
86539 0
142118 7
143098 20
130958 8
78989 16
206148 1
195217 9
88429 5
265167 6
126779 1
233027 6
79369 22
136188 18
133549 17
144288 11
8618377 12
53589 1
48579 20
71769 2
63149 4
57699 15
124078 21
206168 17
95689 20
84019 14
121009 21
57630 19
16460 3
54009 14
67699 2
17170 3
82999 23
65359 17
82969 0
54170 19
66590 10
10970 3
67779 11
95849 21
12280 3
53510 14
56009 4
81069 15
51030 15
53189 10
115739 16
129898 1
52389 22
103799 17
40522609 18
57970 2
132558 11
187798 2
256677 16
150848 9
99019 23
71679 14
143798 6
132839 15
161878 11
139168 4
148398 3
84839 16
129839 22
137928 15
13990 3
117998 9
159399 20
67669 19
75639 15
123479 20
66949 6
67109 7
273957 2
161788 3
81039 7
150018 7
68119 5
107599 8
182648 12
84199 11
84009 16
89079 20
59629 20
63919 12
66659 4
177198 20
74390 20
150088 6
64709 14
79979 13
95719 12
102748 11
94619 1
160409 20
98399 12
94389 14
124269 10
73859 6
203047 10
99849 22
173728 22
189078 20
189478 10
103319 4
377546 23
79939 12
149338 22
141068 2
46729 4
180828 12
176148 2
93299 17
154278 23
94099 12
87249 4
113948 15
60140 8
50819 17
82069 12
71269 6
62780 15
8664737 14
52570 16
65449 10
81889 19
140468 9
59289 6
54159 13
74339 18
110499 7
55209 5
132168 9
1342593 12
202288 15
378436 12
70450 4
106838 23
156068 23
90148 22
130878 21
196528 2
82989 10
171458 2
293336 10
200068 10
102819 20
135169 7
48409 5
120348 17
211258 7
153149 13
290426 23
79409 17
85359 5
60369 13
184688 22
392996 23
111968 23
76399 12
150558 19
112439 14
206168 5
102638 7
107498 0
109119 14
117199 15
68449 21
58949 15
98489 1
173008 17
119019 20
99299 23
146569 22
185557 7
194788 8
108369 8
130908 16
182298 10
68109 16
88979 18
57570 22
64360 14
110218 6
218788 13
165548 7
64739 12
124349 14
79530 14
164638 4
79859 22
170548 11
59559 16
216788 6
119919 10
142338 20
161918 18
87029 4
73380 9
83539 23
191258 22
123829 20
94948 9
136119 17
10033770 11
68900 22
237527 8
307966 0
126579 2
181478 2
89409 23
127648 11
134929 16
84470 15
183138 22
168828 20
80029 19
133179 17
176588 19
73219 12
146578 2
141598 17
63010 13
235118 10
108428 15
136268 6
229697 10
88189 1
93109 22
67139 5
252807 20
77989 3
194348 12
92159 4
140318 6
143008 21
199927 21
124439 2
128828 22
206608 18
128889 16
72359 22
63179 14
86088 0
181677 18
72980 15
153549 23
166867 8
70499 10
126138 23
65890 21
128089 22
131889 21
122558 14
100959 1
229367 14
110299 10
66109 14
126698 2
168168 2
60530 16
78629 16
101409 17
140179 10
122018 21
80199 14
264007 1
109809 22
86099 21
55629 4
54919 4
161329 17
307756 8
225327 4
215868 7
145528 16
108149 21
124698 9
112479 17
10003531 12
54079 20
63609 7
97528 8
66840 21
99159 10
125129 13
140468 23
97349 20
69339 16
182587 4
138848 16
230898 16
154938 2
68969 6
155228 1
119769 19
92609 14
48889 7
230447 1
114809 2
187198 17
65109 17
107409 22
160058 13
146678 20
80009 8
63130 16
220558 10
92329 23
147888 10
133168 16
12480 3
124699 12
151288 4
131598 5
194868 11
229527 8
113459 4
93189 11
79579 21
142758 3
80059 11
98859 21
