301997 11
241789 0
191169 5
235708 0
223008 4
215709 3
253398 4
224618 6
233588 0
215209 10
226468 10
206699 0
208338 5
207538 5
221539 10
231908 3
215678 9
200479 4
213198 0
215708 3
221009 11
208958 5
221348 0
226378 9
231818 5
225368 8
211358 10
207068 10
211958 8
236039 1
226359 5
220128 3
217869 7
221548 11
234898 1
204528 9
225339 3
208678 10
269958 5
211558 0
230318 8
196878 2
307048 5
206098 10
210849 10
251498 6
251308 3
234968 1
314418 4
223898 2
263828 9
224308 4
219269 8
251309 11
271897 2
197169 0
222978 5
231638 7
277468 0
206579 0
246968 2
224988 1
249199 3
251138 7
227079 10
235408 2
262908 0
238448 11
228249 4
227019 6
243218 9
242308 5
223708 5
229708 6
244299 4
255778 3
236458 8
215778 1
240128 2
218798 3
245198 2
225948 8
237368 8
234188 11
314037 11
250478 7
217869 1
250848 7
223868 8
226108 2
238749 10
272058 8
237928 6
235158 0
229248 2
235558 5
248788 9
227479 2
230428 1
238728 9
260058 5
208588 10
244109 6
254119 6
262038 5
225058 9
238988 1
260858 4
240228 3
237568 5
219598 8
258548 5
232868 10
240298 10
233949 8
244298 5
232679 11
233568 0
221898 11
261028 11
210449 4
286108 9
226179 11
261108 2
224448 3
285088 6
210459 10
252149 10
226439 3
259988 8
239798 4
231748 4
208759 1
236819 3
252418 4
264848 11
225728 6
249468 5
243348 7
254288 1
221179 8
218018 11
244498 0
242718 1
240318 10
226288 6
254898 5
244788 2
238618 9
229458 9
256028 4
251178 11
259538 0
242378 0
235378 10
255368 5
218158 1
240009 4
219349 11
276628 10
218168 2
233118 5
226929 6
281418 6
210719 3
236048 1
212888 9
286908 3
201769 3
225978 9
215268 5
252108 10
227269 3
220609 3
203258 1
241098 3
262038 7
247189 8
242728 2
251478 9
276108 9
253098 6
256448 8
291098 10
247648 4
248268 3
236568 5
262128 11
242338 10
239128 9
254239 6
259658 5
232968 5
237568 6
240098 2
241778 8
233758 2
247247 6
249479 11
253968 4
250708 4
237828 5
238928 2
247178 11
267158 0
234229 10
255367 8
238008 6
292088 2
218968 7
252058 3
242598 1
259218 2
231738 6
259308 2
246448 8
249878 4
241468 5
232618 10
243538 11
242928 3
236948 4
232499 2
243088 3
254358 10
233478 2
248798 11
244978 4
256078 8
244249 11
254489 1
236749 4
230058 7
220918 9
236138 7
226499 10
260698 2
238278 2
230238 3
271078 8
230429 2
263327 7
231118 10
242869 11
265888 10
256838 5
226268 10
257238 5
225608 9
266688 11
239638 11
243619 2
231598 10
239448 4
220598 9
231987 11
228178 9
242758 4
225758 9
219669 7
246508 4
253658 9
215178 1
226029 8
229669 9
229398 5
256968 3
218878 4
234679 3
238349 3
241388 3
211008 0
230569 3
230729 8
244808 1
237918 0
234978 9
235649 8
247969 5
218448 10
225808 6
235078 0
232309 0
233428 1
221758 5
237608 2
241768 2
241398 1
229108 8
238158 6
240578 9
250558 6
235069 0
236949 4
238908 7
244698 7
241078 0
239589 4
243689 1
225949 6
246378 11
229658 10
249108 7
242109 1
249709 8
235098 1
243118 10
224658 8
268558 6
216259 3
243529 11
237268 4
246288 6
234598 1
252168 5
233249 10
258038 5
227259 1
231698 5
236618 7
236758 8
237358 5
240258 3
227538 5
230308 4
263718 9
229029 0
229778 5
231878 6
250928 7
217119 11
236347 3
238618 10
264438 0
221968 9
233148 11
233538 6
272678 0
231459 2
246298 7
247428 2
250128 5
225718 5
232299 5
237919 5
231538 7
248658 8
225378 1
244739 10
226738 3
256358 10
232868 6
241648 7
252828 2
256028 0
234099 11
230358 11
235908 10
250248 10
221518 2
232029 3
234158 0
247628 8
236958 0
236168 4
240999 0
244067 6
240738 0
227468 6
222878 5
240068 4
256129 11
219628 11
233918 2
237738 7
290618 1
226478 0
229378 11
252268 0
249878 3
227378 3
228428 0
224569 6
269678 11
228709 8
227078 11
238858 6
261328 6
225059 10
223578 8
227188 1
258228 10
235288 4
242099 8
224049 4
240938 11
253398 9
230938 7
232829 7
233649 3
252738 8
221198 0
242318 7
222679 6
252258 6
206778 4
225528 6
240759 2
229548 3
237188 10
229098 0
235048 7
237049 5
254498 1
256178 6
248289 1
246948 2
269068 6
247318 4
245218 7
242628 7
233228 9
220839 7
237638 1
233168 2
236648 3
233098 6
244669 3
239698 7
268108 3
220828 4
230798 11
236449 7
249889 10
227638 10
230358 1
248318 11
237389 0
228918 7
229758 7
233998 10
226728 10
237798 8
233849 11
231928 3
270168 4
258298 1
237748 8
219798 4
250369 6
248848 5
243998 9
225248 11
225819 3
232099 3
244928 1
234068 7
244658 7
250528 0
271958 11
241228 8
249729 7
263609 5
257458 2
254598 6
258478 3
257989 7
254019 6
252638 11
248008 6
271258 8
253038 11
249318 1
253628 11
245188 10
246908 7
261178 5
260788 7
277548 2
251258 11
263698 1
272408 8
280608 2
254848 1
243628 4
245168 9
264868 5
257478 3
257079 2
249809 9
263058 2
267118 8
263087 1
252847 6
272767 4
254358 4
251949 0
294247 8
249319 1
255747 3
243059 8
287788 5
251438 1
382168 6
251468 2
257808 1
262798 11
266068 7
278687 5
253488 2
252428 7
262098 11
273798 5
256578 0
267138 5
255178 0
261608 5
250548 0
268648 6
270108 9
289167 10
250567 0
260449 7
244858 7
264538 2
247228 0
256078 4
233238 6
276428 6
251268 4
217859 2
209819 6
246528 6
209958 0
214249 1
225088 10
284868 4
228488 2
222318 10
218759 4
245998 3
237938 4
230518 9
232919 6
225278 10
249298 9
226228 10
243378 3
214539 9
242788 5
223178 1
229908 9
244058 8
242059 9
217298 0
226108 7
239628 11
229319 9
249178 11
231568 6
243968 7
210339 11
246219 1
224048 9
228868 11
229609 5
255889 11
211648 5
261148 3
221718 11
244028 10
203229 5
236878 6
215678 5
239958 5
247758 9
203768 7
216668 9
223599 0
253598 11
221008 4
221198 3
227939 11
237038 7
261448 9
223008 2
228659 0
219438 8
258548 5
223738 1
232838 7
233899 2
254687 3
215018 1
223418 2
224378 8
271089 10
227818 2
230588 11
247288 7
263508 6
216118 1
222909 9
227138 6
243748 6
237188 1
224438 4
221379 5
249058 9
235348 5
217318 8
221268 1
238628 10
251768 4
257978 7
218159 3
222768 2
238628 9
267728 9
191568 2
233839 8
238798 4
289998 3
189648 2
232219 1
231549 5
262558 2
203688 0
204518 8
263318 7
248779 3
197438 9
206519 0
234138 11
243028 8
218408 10
209589 7
220358 7
241718 2
225828 11
216269 9
223178 3
233598 2
204309 3
241638 1
229828 5
214668 11
215418 10
241938 3
221878 9
220759 8
212548 8
225168 3
220219 2
231678 1
217518 7
224669 6
254147 8
216319 2
219338 5
242498 5
208309 8
246688 0
221458 3
211988 5
219069 7
284578 10
213678 11
223248 11
205199 5
268508 6
201228 11
230019 6
207499 6
220128 8
288658 6
207589 4
208719 3
221388 2
274688 9
201709 0
228709 0
218488 4
259818 11
203088 7
243519 11
224488 6
233988 4
236148 5
240259 6
218078 3
237168 10
239819 10
219818 2
209568 3
227928 1
244018 8
228489 6
195778 11
216528 3
216308 3
268158 3
194128 5
196379 9
228218 0
266368 4
215798 1
198219 0
225398 4
223958 11
282587 11
185099 4
247608 2
238068 11
244588 8
192059 4
221628 4
221478 4
238659 4
221938 5
220068 3
211019 5
249758 7
227578 4
202409 9
230678 1
244628 7
215438 4
230419 3
207648 9
241078 5
229468 5
230638 11
224868 2
251258 10
222168 3
236418 2
208429 10
233328 9
241308 7
198269 3
240548 2
211428 9
240689 3
210968 4
226998 8
202719 5
225768 1
211518 11
199879 2
237938 3
199829 0
208878 9
209278 8
191769 6
252598 2
238018 11
204579 2
213419 2
215028 11
212368 11
215238 10
205638 8
201469 4
223668 10
218929 11
200489 8
172469 11
150688 1
191639 1
162899 2
178499 10
163889 2
151989 6
188719 11
176128 9
178869 4
179288 9
160208 0
164699 8
158259 7
185658 2
170179 1
165489 6
166689 1
151059 6
176428 10
183189 6
145619 2
151850 1
160118 11
149589 5
183279 2
180558 3
158089 5
155669 10
154319 4
176028 10
177359 6
175899 4
156128 11
151438 10
164479 9
173899 9
148929 3
191978 10
150099 10
150139 7
188989 2
162008 8
164569 0
199698 9
138739 2
167809 0
173099 1
159168 6
151378 5
181349 10
165269 1
166259 6
165679 4
146399 9
161799 1
178489 1
155779 6
167819 2
158659 0
163439 11
153830 10
186478 5
171129 11
152899 6
149639 0
153549 0
168549 7
188139 0
159549 8
148489 10
161359 10
149389 3
168378 4
194969 6
152739 5
158069 3
149928 8
179999 4
174199 5
169808 6
147819 1
153059 7
166939 2
158089 7
186828 5
160709 7
158949 9
159209 10
158389 10
172628 11
150749 6
165869 8
166438 8
172588 1
170799 2
163138 1
158148 11
155789 2
185079 8
160269 4
159668 5
158609 0
161629 1
164659 7
237988 5
165648 1
162448 8
146899 3
175739 0
169518 10
188938 5
163239 6
157539 1
170089 11
155288 3
166889 0
183859 0
154688 1
151299 5
155129 6
162359 0
159568 8
185709 6
160739 2
149389 9
151598 9
168839 9
175399 7
182938 9
153999 8
149989 3
177279 8
151989 6
186489 6
162418 9
143919 8
156559 3
159039 10
181479 2
176449 4
169849 11
154129 11
166719 6
176909 5
173159 4
156529 7
165759 9
165039 4
152358 10
185488 0
166089 8
149769 11
192358 9
147399 8
187879 0
160619 1
146399 0
165589 2
184209 7
172198 4
169219 2
156179 4
140399 9
163759 4
205258 5
179349 10
154248 2
151859 2
168049 11
153449 6
219028 3
152969 10
144689 9
161099 5
155828 9
175549 7
198169 6
151769 11
145599 4
169229 10
161429 11
195048 4
165188 10
142729 3
167409 1
156499 8
179338 8
162229 3
157449 1
153219 1
234448 1
177379 9
159899 6
147909 7
177949 5
146549 3
163278 5
174498 5
150599 11
150729 2
186698 5
156509 3
182709 4
159258 11
147070 8
165998 6
156769 8
166329 4
177039 5
145919 7
145299 3
160289 4
173309 2
169368 3
181229 3
145039 7
170788 6
141070 11
183519 11
166339 10
157078 8
171649 2
167439 2
177859 9
213808 9
158769 7
157669 4
156768 4
147489 10
142429 11
112300 2
104148 5
