172939 7
119189 0
122749 3
119579 10
127949 22
124209 21
134439 22
120689 8
123119 19
121519 13
128849 8
120949 20
115499 15
122999 1
137489 15
111539 2
114780 13
116179 7
120149 14
120129 8
300028 16
127109 0
114309 18
118959 7
115689 1
127109 1
123090 19
112070 7
119639 15
127659 15
110679 12
122419 22
113509 8
113969 22
115260 11
118909 7
114449 10
115509 11
125169 15
127919 18
123510 11
115640 14
132599 16
118919 8
123499 18
132539 0
127029 18
121129 3
119939 7
117659 1
120599 11
117879 23
121639 13
125849 16
140279 8
123129 12
129839 11
122899 5
126119 15
123059 20
125479 13
125639 17
144899 15
121589 23
126749 8
127099 8
125489 3
125019 8
124699 20
131959 12
194759 2
129749 12
123449 5
125339 22
129089 21
127299 8
123819 4
134359 12
125928 13
130459 19
121039 6
130729 8
129479 9
134849 14
126259 2
147139 17
121989 21
124889 8
124089 11
127899 3
122320 21
126550 11
129239 15
138219 4
119850 13
124339 23
123669 17
130609 20
132479 21
124789 16
133419 19
133429 18
122419 0
123440 14
121819 22
188289 16
130059 22
127489 2
137599 16
121299 17
123188 2
123490 10
122669 22
124559 0
124199 11
135709 4
147629 0
122779 3
123579 6
125729 13
120879 17
126868 11
123490 12
120069 18
131149 20
125059 16
119739 18
133229 3
129539 5
124649 20
132699 9
138999 17
127749 5
122209 15
127410 12
124989 10
132319 16
128609 9
129319 11
145479 20
123989 12
124699 18
125839 9
127019 21
127519 0
123879 14
123670 21
145008 1
120530 15
120979 14
115889 16
128269 1
126179 2
132629 3
130129 4
135439 3
122689 6
127779 5
123429 12
137820 21
126639 18
117859 13
148098 11
137719 5
115129 13
124809 10
134709 23
124219 17
125019 11
129999 17
140109 12
121589 3
128149 5
128729 5
116870 4
116620 10
133059 17
136409 12
139809 1
121609 12
127059 22
123449 20
126399 16
130789 22
130579 1
125599 14
138589 4
118310 1
122520 12
128329 16
128579 20
121559 20
135529 3
130459 18
137649 13
131659 10
129729 22
124719 11
126289 1
132669 7
127029 9
118079 15
133719 16
117430 12
121919 1
124289 7
123279 12
119679 10
132209 14
121369 19
125880 1
117169 12
127829 4
120929 4
118829 3
124059 17
120529 15
118000 1
142139 21
114970 6
118529 8
120169 22
119419 18
131889 4
120939 23
121139 20
179979 12
105789 22
112869 21
113220 21
113580 7
111109 9
117869 3
111969 23
125409 14
109440 21
104139 10
111659 12
113629 5
126289 23
117750 17
111100 17
118159 16
120269 23
110949 19
113609 0
116009 15
108750 21
116529 7
114559 19
125369 22
133889 12
109309 16
118460 7
119019 15
113910 22
109169 4
112679 0
117029 0
112219 4
124790 17
109369 20
109549 4
120729 21
109300 21
112999 6
105989 0
112669 13
110179 8
128379 23
114769 5
104550 10
115369 2
114819 7
114439 4
102849 0
113859 0
112169 8
116689 0
108509 5
116799 16
117729 7
118509 16
114629 22
119849 9
123769 11
122059 17
112140 8
107929 7
114679 10
115499 2
117379 21
110609 18
114049 21
114189 22
122349 3
100909 5
113869 9
113969 9
108609 19
116369 5
107959 2
113079 11
111690 7
131179 18
111989 14
108129 15
117989 1
114829 20
111149 11
112379 18
111639 21
120889 1
176718 17
128870 2
120709 11
136789 2
120479 0
124079 5
126549 19
137749 2
124779 22
134269 14
126229 22
113848 11
123450 15
124059 12
123969 0
131429 5
119559 23
130659 19
134179 10
126819 0
118779 14
121330 12
121929 18
129459 17
125799 7
120249 7
117849 6
118679 21
127509 8
121410 20
126859 20
132908 18
133048 12
119350 10
124509 14
125989 9
123439 19
120129 8
126909 7
141129 13
122200 4
120360 12
120229 21
136899 9
118859 11
123099 15
122219 7
133869 21
118429 13
126399 16
134119 2
117800 23
127948 16
119850 9
123599 12
125759 16
122979 22
130969 3
119139 8
124879 10
118960 6
122979 11
119769 18
132479 16
123619 5
128749 6
121919 14
123199 8
126079 5
124489 18
126349 19
139989 11
121310 8
116720 21
119729 22
128269 23
122569 0
118599 2
131169 9
169009 11
132399 21
116789 19
116189 5
118370 3
117400 1
117629 15
120269 12
125399 11
113329 19
118359 12
112870 19
111089 5
109399 18
108979 20
115049 7
118989 23
121030 7
108299 1
107129 8
114269 9
112409 19
106030 11
113089 9
113879 7
112529 2
119279 12
113260 20
110960 22
115489 22
113579 16
119739 4
116899 17
107880 17
122469 14
108969 16
112869 15
116399 15
115539 1
122788 22
123708 21
123209 12
113839 12
123809 10
110379 11
116109 20
115630 6
116020 11
116309 6
111219 18
114559 22
130069 8
120199 1
112920 17
109429 1
114529 22
116799 8
117909 13
114040 16
111279 7
121679 16
112349 6
113259 10
120859 3
114190 15
112179 7
115809 18
122309 13
116459 14
125389 11
115929 12
108400 22
117400 14
117029 19
113529 6
117899 21
125299 15
135089 1
114079 1
117350 13
105799 23
110369 9
114339 2
116710 0
117190 23
121639 3
163228 20
112529 13
122419 5
119489 15
124519 8
119239 21
116909 1
134369 1
139059 15
115849 14
122860 17
121339 21
134669 16
122739 16
119119 4
119079 3
134599 1
115209 12
125630 8
120849 11
124469 4
129379 19
123029 17
126939 17
121349 9
125059 2
123929 21
124649 2
121748 6
125090 7
128059 5
119449 11
130319 21
122179 12
121109 15
122619 21
130269 0
124380 13
127239 23
123949 7
132959 13
113209 7
124069 15
122399 7
124269 21
122559 12
120309 2
121009 17
133069 10
125479 23
122089 10
123729 19
123959 14
126079 8
116079 10
115039 17
133459 3
115480 20
123959 7
128809 12
127429 23
125049 17
116959 3
129449 4
130729 0
116970 18
127548 9
125049 22
121459 16
131159 8
127659 20
122579 0
134279 21
119479 3
124129 22
130370 4
125839 11
127139 18
128089 18
117749 11
181698 23
112220 8
167949 9
114740 3
113119 22
110889 18
116779 8
115579 0
125249 21
114349 3
116839 1
112229 10
121859 2
108579 17
114390 6
112340 15
121899 0
100319 21
113859 20
131169 10
112459 0
113519 21
118689 6
112659 3
110419 10
121929 6
112569 15
116859 4
112269 14
110569 3
121879 13
118619 15
118740 1
128759 0
115240 20
116419 7
113519 7
109919 2
113499 17
116450 15
109820 18
110959 16
121749 14
119429 19
108719 16
111660 18
114029 20
119869 11
117349 7
117329 3
123269 15
126650 18
103510 1
112529 20
113599 22
119159 3
121289 13
106139 20
113159 16
108939 2
119289 14
118959 22
117119 16
115579 8
110949 16
108169 22
115319 16
115219 14
124490 9
106319 22
106619 13
113639 3
111949 23
114800 9
117139 14
118599 22
106069 7
128999 10
99659 5
113930 14
116690 16
120699 2
121109 6
117909 1
121709 11
182339 22
113199 10
131349 13
119049 2
135639 12
120290 2
125010 19
125348 10
135950 8
112079 6
119349 23
131959 4
132769 23
119629 0
126799 17
127000 9
138909 8
104700 19
123149 15
110929 15
114439 3
117289 23
118429 15
118569 3
112620 8
125899 5
109289 2
115019 8
113779 20
118889 23
113069 11
109249 18
117559 17
124929 8
106109 20
114210 3
112250 16
115139 17
123889 3
114999 6
112449 22
112648 0
133420 1
107369 21
117219 2
112349 22
114879 9
113800 2
126659 23
121140 12
120289 1
106749 14
106999 23
111269 10
113669 17
114199 11
113669 7
128259 2
120179 8
115299 3
115679 12
113100 12
122489 18
113379 18
120899 21
131359 22
108850 13
111009 22
119849 6
107219 11
112609 0
112670 23
122979 21
123559 7
115239 1
112949 6
137369 12
116149 2
117159 18
121279 8
111710 22
119100 18
115219 21
112919 6
107119 1
157819 9
112709 22
120569 18
118519 12
125179 15
116929 14
116169 8
109289 10
118710 11
111409 10
115479 7
113139 14
118299 7
109459 22
107930 4
116980 16
113859 20
130959 5
116499 1
132579 11
133009 17
115629 12
130049 3
120088 19
119729 16
122619 19
119469 16
120749 2
125339 23
126849 13
133799 14
123240 4
125559 9
132359 2
133459 0
124190 8
126669 22
129749 10
123109 1
118919 12
136799 21
127219 12
127059 18
120309 8
120509 22
127339 2
134559 4
131860 1
133419 17
119289 23
123619 22
126249 16
126879 2
115419 5
128890 16
122039 5
139599 19
123019 21
117180 23
118479 1
121499 1
122229 22
130749 0
120649 5
138839 22
127959 22
117700 1
121700 14
123639 22
121859 14
125399 19
123869 2
140069 12
118539 4
121899 17
116920 13
122389 13
120259 17
116319 5
122399 9
124569 20
193379 10
119509 0
123979 5
129689 23
120759 20
120629 19
111089 16
127149 18
136789 12
129489 0
124019 14
129599 13
134289 19
127779 21
126209 8
139959 16
135949 4
124329 0
134939 20
125599 1
119299 16
128719 14
126650 20
130550 12
128189 0
121109 7
112239 10
124059 3
319928 23
134389 13
123049 4
136909 6
121199 8
118449 16
123849 6
122510 5
121439 19
318568 3
118049 15
123928 4
124979 5
123859 19
128819 0
121519 22
118759 9
126879 3
121109 22
134569 14
122759 23
125690 1
130089 1
121709 22
126729 2
133269 14
120469 0
130499 15
132769 9
129519 15
128009 20
132589 2
120519 14
128910 6
120268 8
132639 7
136710 18
118569 2
132779 8
144019 18
118859 8
124629 23
129379 4
118509 17
131159 10
121870 6
124959 21
146679 11
111729 16
123539 8
119089 20
114009 1
118189 2
116649 4
117280 7
131248 21
110050 17
107279 9
109059 2
108229 21
121190 4
108599 21
109109 8
109599 16
126139 0
103900 15
112930 3
115039 17
121609 12
114389 20
105779 8
110740 18
107299 20
113309 10
102269 20
118480 11
117850 6
113489 9
110889 11
121849 3
110929 17
106560 20
119250 8
114189 12
105859 20
109309 5
110130 3
115670 19
114199 8
112389 6
110509 18
120599 2
108519 19
100650 11
107639 23
115249 21
110779 19
108040 6
113949 9
109449 8
125589 0
104919 16
105900 15
111549 22
109229 10
116869 13
108860 16
109530 16
106889 0
119999 5
109439 16
112759 14
107760 22
102659 12
113689 6
110789 6
116000 6
107669 10
122759 15
106229 2
105929 2
110490 5
110739 16
116739 3
114389 13
103509 0
122579 12
132540 9
112499 18
106789 1
113129 20
106459 12
114050 21
111809 3
103019 14
109559 9
169569 16
127209 8
116479 22
120729 22
126759 7
123770 1
117939 12
140870 0
122949 8
115339 15
121619 10
126309 6
131849 6
116679 11
117919 7
112279 16
132610 17
123139 11
123089 6
114559 21
129099 10
134609 4
116829 23
103109 16
108040 5
92139 1
98129 17
