150289 0
80659 0
74559 0
90329 0
70339 0
67020 0
71429 0
66990 0
69969 0
67379 0
70300 0
66910 0
68089 0
67179 0
70710 0
71939 0
77089 0
68739 0
82060 0
67700 0
71289 0
66220 0
73009 0
70920 0
76429 0
67900 0
70059 0
67669 0
68690 0
71329 0
67420 0
72169 0
79830 0
74159 0
70500 0
67939 0
65640 0
70750 0
68669 0
68670 0
67259 0
70660 0
65779 0
68580 0
66239 0
71939 0
76089 0
72319 0
67400 0
68819 0
68470 0
68459 0
67590 0
66549 0
68740 0
66729 0
68710 0
66590 0
69780 0
65579 0
80109 0
67440 0
73349 0
68400 0
69699 0
68879 0
68650 0
72159 0
70490 0
69979 0
68250 0
69859 0
68970 0
70089 0
67039 0
119339 0
67760 0
70299 0
65489 0
41220 0
34229 0
35560 0
34110 0
38119 0
36259 0
35820 0
35960 0
33250 0
34360 0
34920 0
35110 0
36940 0
35330 0
34650 0
36200 0
35760 0
36150 0
34280 0
45259 0
34820 0
39640 0
36980 0
36730 0
35160 0
34580 0
36089 0
34440 0
36060 0
33250 0
35140 0
34130 0
35349 0
34880 0
35540 0
36870 0
34589 0
35119 0
37150 0
36190 0
36700 0
39230 0
34370 0
36389 0
34259 0
35820 0
45879 0
35969 0
36960 0
36710 0
34729 0
34620 0
35770 0
36320 0
34229 0
36570 0
35240 0
35230 0
35109 0
34740 0
34649 0
33550 0
34230 0
34150 0
36280 0
34239 0
35010 0
33090 0
35180 0
34529 0
35480 0
37690 0
41089 0
37270 0
45090 0
36779 0
35850 0
35220 0
33490 0
34889 0
35340 0
34140 0
33599 0
35130 0
34110 0
35399 0
34960 0
34700 0
33150 0
36730 0
36249 0
34960 0
36099 0
38800 0
35000 0
34980 0
35779 0
35789 0
33730 0
36529 0
37910 0
36610 0
42800 0
35009 0
34260 0
35010 0
35949 0
36699 0
36530 0
37380 0
36949 0
34950 0
36280 0
34399 0
36019 0
34210 0
33690 0
34160 0
34409 0
33910 0
34360 0
34370 0
35670 0
36260 0
36259 0
35409 0
35000 0
38780 0
35900 0
37430 0
40800 0
37279 0
36629 0
35540 0
33670 0
35639 0
32920 0
35890 0
34560 0
35289 0
34360 0
35820 0
36879 0
35199 0
37090 0
36299 0
36519 0
33510 0
35780 0
33680 0
35270 0
34110 0
35450 0
35139 0
35220 0
35180 0
35480 0
32980 0
47580 0
36619 0
36820 0
36210 0
35050 0
35389 0
34509 0
35740 0
35939 0
38409 0
34300 0
35810 0
33889 0
35240 0
34580 0
35710 0
34599 0
34550 0
37030 0
35599 0
35890 0
34840 0
35060 0
34149 0
35280 0
35430 0
36800 0
33989 0
44330 0
36480 0
34729 0
33810 0
35230 0
34539 0
36340 0
36200 0
34810 0
35610 0
36779 0
35240 0
34699 0
35299 0
33930 0
34400 0
33500 0
35190 0
35090 0
35640 0
34059 0
35680 0
34500 0
35579 0
36570 0
36230 0
34040 0
34149 0
45120 0
34040 0
37159 0
35220 0
35660 0
33540 0
36089 0
35530 0
35050 0
33879 0
36969 0
35000 0
33690 0
36510 0
36199 0
35810 0
34010 0
35719 0
33360 0
34930 0
35149 0
34529 0
33980 0
34180 0
34999 0
35159 0
35560 0
37619 0
50519 0
36050 0
38210 0
39829 0
35780 0
35060 0
35999 0
36720 0
36690 0
34560 0
35349 0
33250 0
34500 0
34509 0
37199 0
34280 0
35470 0
34339 0
38020 0
36530 0
35950 0
34300 0
35980 0
35649 0
34259 0
35770 0
35680 0
36179 0
52110 0
36320 0
36090 0
36339 0
34220 0
37690 0
34639 0
38020 0
35750 0
35769 0
35249 0
34550 0
36430 0
35689 0
37800 0
34030 0
36470 0
34729 0
36020 0
33950 0
36259 0
35000 0
37040 0
35019 0
37140 0
35030 0
38130 0
46779 0
34860 0
35980 0
35680 0
34589 0
33570 0
35560 0
36789 0
35260 0
34350 0
35019 0
34009 0
34120 0
34910 0
36649 0
35900 0
35970 0
35559 0
34509 0
34790 0
34720 0
35179 0
33640 0
36410 0
35970 0
34629 0
34700 0
35520 0
42609 0
35740 0
34890 0
36950 0
36319 0
35250 0
36690 0
35659 0
38080 0
34290 0
36580 0
33999 0
35670 0
33990 0
34160 0
33639 0
35760 0
34000 0
35859 0
33929 0
37040 0
36580 0
34690 0
36390 0
36790 0
34679 0
37179 0
36200 0
43439 0
33559 0
35200 0
34350 0
35710 0
35180 0
35310 0
33810 0
35339 0
35460 0
38150 0
36180 0
38640 0
36730 0
35570 0
36869 0
35060 0
37080 0
36030 0
35450 0
33680 0
34250 0
33890 0
34960 0
33420 0
35750 0
34919 0
34120 0
45550 0
35329 0
38530 0
35920 0
35819 0
34900 0
36060 0
32910 0
36609 0
35070 0
36290 0
35049 0
36939 0
34550 0
34620 0
34829 0
36200 0
36350 0
36250 0
36830 0
33800 0
35120 0
34830 0
34010 0
37050 0
35239 0
35520 0
34110 0
44240 0
37299 0
34290 0
35920 0
35300 0
37949 0
38100 0
36780 0
37749 0
34870 0
34620 0
37519 0
41080 0
40120 0
40439 0
41140 0
40820 0
35620 0
36600 0
34800 0
35950 0
35169 0
36939 0
37710 0
35620 0
39690 0
34960 0
45100 0
37269 0
34530 0
33750 0
34629 0
34569 0
35830 0
34270 0
36139 0
37020 0
36640 0
34869 0
37190 0
39510 0
35190 0
36789 0
34450 0
35590 0
33240 0
34880 0
34360 0
35280 0
34320 0
35499 0
34410 0
35730 0
34039 0
43550 0
35220 0
37789 0
36320 0
34190 0
35420 0
33790 0
35170 0
34720 0
36129 0
34629 0
35100 0
34430 0
35779 0
34300 0
35390 0
38289 0
34859 0
33720 0
35850 0
35539 0
35250 0
34440 0
34290 0
35790 0
33330 0
34930 0
33849 0
34940 0
43250 0
35080 0
34759 0
37690 0
35140 0
35350 0
34620 0
34680 0
36659 0
35859 0
35000 0
34510 0
35140 0
34590 0
35940 0
34960 0
38269 0
35570 0
36620 0
34859 0
37539 0
35480 0
36070 0
35509 0
38349 0
40940 0
36380 0
50609 0
34250 0
35479 0
33849 0
38150 0
34160 0
36079 0
35030 0
35590 0
36240 0
35000 0
35100 0
36350 0
35740 0
37779 0
37390 0
37140 0
36890 0
36750 0
36440 0
36139 0
35920 0
36040 0
35340 0
34019 0
35070 0
34470 0
36749 0
56300 0
37000 0
35019 0
39020 0
37010 0
36990 0
35779 0
34960 0
36430 0
34949 0
35780 0
36310 0
36200 0
35540 0
36010 0
35970 0
35409 0
34420 0
37170 0
35180 0
38869 0
37120 0
36320 0
35060 0
35160 0
36380 0
36930 0
47810 0
36440 0
36010 0
34720 0
36590 0
35920 0
37489 0
34220 0
35010 0
35840 0
36599 0
35430 0
37210 0
36819 0
36570 0
36370 0
34860 0
37149 0
34910 0
37080 0
34750 0
35139 0
37940 0
36429 0
33119 0
34510 0
35150 0
43789 0
36800 0
38240 0
38830 0
39870 0
36030 0
37849 0
34159 0
36280 0
35480 0
36070 0
34300 0
35200 0
35060 0
35159 0
34350 0
35760 0
34629 0
37129 0
37580 0
38230 0
37199 0
37270 0
37240 0
38829 0
36139 0
34960 0
42940 0
34209 0
35220 0
35780 0
35140 0
35239 0
36550 0
34960 0
35109 0
37360 0
38930 0
39460 0
36249 0
37940 0
36750 0
35670 0
35690 0
36210 0
37249 0
36520 0
35660 0
35469 0
35429 0
35300 0
34560 0
36709 0
38230 0
36570 0
46690 0
36170 0
37410 0
33840 0
36859 0
36000 0
36200 0
34809 0
36600 0
35400 0
36109 0
33850 0
35690 0
35350 0
34580 0
36739 0
36070 0
36580 0
35829 0
35730 0
34870 0
36230 0
34140 0
35850 0
35840 0
35330 0
34590 0
46030 0
34439 0
36849 0
34640 0
36030 0
37409 0
37250 0
36080 0
35200 0
35400 0
34460 0
35190 0
34899 0
36480 0
33460 0
34969 0
34500 0
34560 0
33850 0
35909 0
36849 0
35440 0
35500 0
35329 0
37710 0
33910 0
34489 0
34219 0
42120 0
36380 0
36530 0
36450 0
35460 0
34159 0
35600 0
34650 0
35820 0
39000 0
36230 0
35760 0
36199 0
35409 0
35660 0
35580 0
34400 0
35200 0
34760 0
35759 0
34830 0
34870 0
33620 0
36069 0
35880 0
36550 0
34830 0
36619 0
40550 0
35640 0
37709 0
34940 0
35350 0
34520 0
35720 0
34550 0
35070 0
34739 0
35310 0
34700 0
37289 0
34530 0
35510 0
36040 0
36849 0
36759 0
35540 0
36649 0
36379 0
36740 0
34800 0
37499 0
35880 0
36700 0
34629 0
35319 0
41740 0
36459 0
34739 0
35410 0
37030 0
38150 0
36420 0
36400 0
36470 0
34200 0
37130 0
34930 0
37440 0
34589 0
36350 0
34900 0
36999 0
36010 0
37570 0
35500 0
35060 0
34840 0
38580 0
36559 0
36720 0
35940 0
35400 0
36150 0
49000 0
36190 0
33549 0
35710 0
35310 0
38320 0
34770 0
34560 0
37110 0
37270 0
41890 0
43729 0
44070 0
41940 0
40590 0
39369 0
35510 0
34980 0
36420 0
35500 0
36800 0
34580 0
36129 0
34420 0
37160 0
33919 0
54830 0
36640 0
41099 0
38300 0
37060 0
35249 0
36879 0
36810 0
36530 0
37609 0
38490 0
36560 0
34619 0
37419 0
34260 0
35980 0
34499 0
36340 0
34720 0
36920 0
36110 0
38620 0
37190 0
36399 0
37130 0
34720 0
35449 0
41609 0
36930 0
34190 0
35169 0
33710 0
35020 0
34449 0
36709 0
35130 0
40390 0
38019 0
38430 0
37020 0
37600 0
35389 0
35980 0
34599 0
35360 0
34140 0
36120 0
34780 0
38179 0
35990 0
37239 0
36889 0
36850 0
35180 0
41719 0
37720 0
36470 0
39100 0
35969 0
35820 0
35570 0
36849 0
34690 0
38770 0
35840 0
35920 0
34670 0
37540 0
36759 0
35870 0
34800 0
35369 0
38239 0
37500 0
38040 0
36969 0
35060 0
34910 0
36189 0
36319 0
35800 0
35130 0
44859 0
33890 0
34480 0
34209 0
35400 0
34070 0
36550 0
37949 0
35650 0
36520 0
34869 0
36530 0
36290 0
36050 0
37020 0
35990 0
34560 0
36780 0
