233449 16
174219 21
129549 5
136699 17
96999 20
142950 8
54370 10
80359 8
293657 21
236959 8
100299 10
236978 4
124399 9
316248 21
159379 8
153679 22
628255 19
99600 22
78529 17
78520 8
71119 13
449577 4
12036803 11
51550 6
51879 13
248159 19
355228 0
98859 7
80040 23
471616 4
126849 23
110599 21
74289 11
324148 0
102229 15
68289 17
203188 6
74669 16
690224 19
9304644 7
594495 2
603486 19
8642848 11
35039 5
80760 15
70500 16
69049 10
173649 4
96009 23
61180 9
59029 16
86050 22
434108 19
59590 10
193009 8
87049 22
61760 12
34749 5
104600 17
75080 20
96209 9
398878 19
199278 4
70830 22
93310 23
287808 4
51129 11
50850 14
51660 2
95349 22
75339 20
263907 1
149390 19
37970 5
355607 6
74899 15
480676 19
251688 19
213518 3
38600 5
124579 22
86759 20
303338 0
134379 9
101190 22
88309 8
57720 8
54869 1
29610 5
340547 6
69029 6
46080 8
50799 12
65610 18
83489 22
74450 8
67899 6
76260 10
79019 8
69730 12
262288 19
94189 17
51390 8
199118 3
113039 21
59470 7
556346 19
172869 22
78369 12
72190 10
265278 1
53310 7
71349 14
63449 8
50269 7
53940 2
96649 20
69459 10
70869 10
90079 13
54290 17
72099 17
49440 7
77410 21
49870 7
70170 8
6017877 11
98000 21
137770 18
170729 0
101330 11
68829 12
462527 4
153569 22
31396734 13
129389 4
101479 8
120959 18
178139 3
113839 2
37770 5
192139 2
92810 10
6001517 11
62569 14
73380 22
13745091 7
49320 8
68070 5
104689 8
54120 13
51820 9
161359 21
105990 20
261838 0
73819 17
52350 4
66139 13
66519 17
68709 9
140579 22
92360 22
230468 0
208449 6
61609 7
99059 8
54499 16
73420 18
84679 21
77219 10
282098 19
55070 1
72180 8
76180 17
41717010 11
72739 12
104279 23
88969 21
110899 18
9030815 13
85440 16
83940 23
116629 10
562196 4
203688 2
330418 0
180899 0
136949 12
549756 2
116729 13
771204 2
78599 9
67879 13
116388 12
85769 10
214079 1
90110 19
265678 1
83219 18
82880 13
85469 12
80820 21
52879 7
428307 3
162359 19
216538 1
96420 20
62789 8
148389 20
33540 5
68320 10
74520 10
126079 16
75150 9
71440 21
35460 4
68549 17
66180 16
46219 12
28650 5
82080 15
59149 14
183589 2
71179 18
9808980 13
173579 5
60659 12
225498 4
256659 4
345287 6
89260 12
80950 23
118809 9
198578 0
59769 10
69529 18
57080 7
158719 18
59029 14
139170 23
74009 15
107689 20
313678 2
372207 4
31070 4
246128 19
587916 19
68740 1
126949 21
66599 16
100120 22
79440 9
79769 17
55100 0
68320 0
91920 21
183159 1
49779 10
4480918 11
390507 1
511096 0
95320 21
120619 22
83159 23
63190 11
153339 22
89239 15
101759 18
99560 23
60940 8
114849 22
162049 8
84270 11
78140 18
343338 4
79610 9
155869 4
279978 1
6427223 13
201798 1
50830 17
192558 19
101420 12
60240 10
131909 5
71230 12
170999 19
8917706 11
26930 5
876144 11
101289 21
840264 2
347848 2
67890 12
73959 11
103859 23
74189 22
54130 12
51910 11
64770 14
57760 15
29900 4
49340 14
53709 10
5277532 13
266248 1
28709 5
440836 4
201029 1
60639 18
80309 18
74189 15
88480 22
83599 21
6220855 11
139869 17
163689 20
396907 1
221179 0
88489 13
168759 22
11855055 7
27240 5
63919 16
146499 6
68419 13
200669 4
84749 23
171469 4
216718 19
67490 8
63869 18
77489 8
63509 18
81989 23
64869 8
309907 2
66980 18
72639 23
1072543 7
73150 12
50050 6
70019 8
70860 23
93269 21
299688 19
360117 2
97190 22
55630 9
86799 22
231768 19
51290 16
95219 22
46400 6
156929 1
232988 19
63769 14
67379 17
162359 4
49700 16
71339 16
65670 12
88739 23
92249 23
51600 0
161539 0
67489 12
140749 6
187559 0
150019 6
46879 12
106059 15
120379 4
126249 20
46489 2
171788 2
187939 4
293938 6
133219 9
88269 18
320108 23
91849 14
146289 9
10285276 7
71910 14
2792750 7
72579 10
645515 0
60939 12
60030 14
259498 5
60919 17
73870 21
135119 13
169068 4
92249 20
65610 10
91959 0
136379 20
95699 15
100730 5
63079 14
151879 6
105429 5
135829 2
60470 9
85199 20
56540 14
254278 2
70319 23
53390 10
64890 16
47140 14
238059 19
82199 23
63970 17
40942346 11
97519 21
253218 3
437546 1
209819 19
250168 2
101529 23
316338 22
143749 20
153059 23
8721487 7
77449 14
258927 1
7826593 11
1012313 11
67400 3
193038 10
455897 5
72089 14
83210 21
101649 8
177449 5
110309 6
75439 23
93480 20
249008 2
61070 14
46629485 13
29552287 9
66310 16
29912695 13
71550 12
63270 16
48849 6
71950 22
8350570 13
67529 12
135219 17
91476682 11
140309 21
18573977 7
85860 21
64129 11
10552994 9
87070 14
188829 1
296868 3
212039 0
58767187 13
184769 3
74670 11
117139 19
69050 8
123619 23
141189 4
197698 3
106690 12
54609 2
136649 17
51120 8
76569 16
98369632 9
114289 22
178158 3
255098 0
98979 17
80979 18
355018 6
376877 2
105929 23
177639 1
88579 21
166159 4
88219 23
65369 9
64449 11
69420 14
87159 10
29820 4
55390 14
237908 19
89309 17
45630 8
50670 15
