214888 18
22190 15
19780 6
23550 0
54730 22
20410 4
22260 7
43630 10
24380 13
27399 11
19599 16
21380 12
126599 17
4880 0
42510 23
30340 23
61069 2
35350 16
88899 17
6150 13
61950 12
60689 5
39089 0
54390 12
31529 9
49389 20
32780 6
31280 19
46259 8
39679 21
25070 1
42850 20
52889 14
42120 19
180369 17
5670 1
38489 4
33600 5
49260 14
34240 21
67879 13
74129 7
44259 4
35330 14
50670 13
39250 8
23830 21
18720 12
30090 14
36900 5
15630 12
11580 16
27000 18
28780 23
27270 22
13149 8
14040 19
15800 1
42720 11
60339 14
34769 1
14770 8
50320 17
4950 1
19720 22
34400 9
20949 23
17950 14
17760 21
12720 15
12390 18
14290 11
14210 19
54499 17
4940 9
13470 0
44120 17
4850 3
13980 19
14610 16
28840 14
32380 3
13920 8
27430 16
29200 19
27220 18
11150 15
12740 14
12700 3
35180 1
15280 5
13980 21
59139 17
4880 1
50740 18
26600 6
14599 5
21289 9
42439 0
30460 11
10290 6
11350 0
26450 1
11380 15
11100 14
55629 17
5410 8
31400 11
14820 16
27150 12
15140 8
28310 7
11440 9
14570 8
29520 10
12210 5
31410 11
19859 9
28009 16
14880 16
30250 13
36190 2
15979 7
18591 19
14919 4
36080 14
13490 6
14530 16
51489 10
17940 9
29210 20
25450 21
23660 14
27460 4
12620 2
11919 12
28770 3
33770 20
14850 1
29490 8
35230 7
25170 9
11380 22
53780 17
4900 3
10780 23
11489 19
13631 3
28830 20
13490 10
14960 0
13370 11
27270 0
24890 10
24330 21
10571 5
24770 19
11110 15
26280 1
12050 23
26170 7
12500 21
58829 17
5170 12
11900 19
26950 6
13140 3
13300 3
11989 1
12249 18
27499 14
28530 23
27350 15
26720 16
13850 0
14219 0
13980 20
33590 4
12650 4
17540 1
22720 21
40529 12
20339 6
14210 3
24470 5
19740 15
24540 7
16200 19
15039 13
29579 1
33390 18
35020 2
18590 20
40800 16
17280 0
31130 23
32990 16
18530 16
23940 22
14980 11
44439 17
7010 1
30970 16
13820 18
17990 20
37279 9
37429 20
16500 16
30600 12
23870 1
17160 23
44089 2
28300 13
15970 20
13950 7
17210 10
20760 11
16590 5
29970 4
12520 5
12470 2
18630 11
22000 20
17290 0
16080 22
12770 9
11400 22
12789 23
17160 6
21300 6
35790 6
14330 19
14180 16
13520 19
32010 22
22950 9
19230 6
25460 18
33410 14
14049 21
33849 22
37120 10
30520 15
11430 20
10819 4
30679 19
28710 23
13760 18
12680 22
12330 11
31559 6
35310 19
26150 11
29080 16
15400 10
11980 5
13451 19
26630 9
12040 11
27150 12
25190 21
13730 4
11570 7
11900 5
26800 10
12670 3
14730 9
33200 4
35870 13
15270 5
32529 18
27820 18
12070 9
13300 7
32810 1
16159 4
32879 5
17890 18
36380 20
11940 3
31170 3
28189 4
12409 19
12970 6
31070 2
58569 17
5120 6
15420 15
28179 9
13500 9
16150 10
17190 9
28760 0
14750 10
13311 10
12560 10
28129 2
13070 23
29800 7
13710 7
12391 22
12751 10
28790 21
28830 9
35100 16
17480 12
22310 16
34650 20
13030 5
13790 2
28760 16
28660 21
13660 14
14500 0
16140 13
39110 14
18170 1
14050 13
16040 8
16250 8
12711 23
15200 21
41540 5
12090 9
28070 4
11800 10
28629 20
13389 6
26350 6
13050 21
32720 21
16290 8
27930 1
14369 21
43519 17
5170 22
12680 21
18210 10
54720 17
5111 14
27050 18
14230 13
12890 10
26220 23
12130 12
12690 15
14560 9
29290 3
12910 15
13140 3
27980 6
12760 15
41600 17
5310 22
11670 19
11770 14
11730 4
28290 11
11100 18
10720 9
10791 5
11100 15
12379 2
10870 1
40390 17
5550 12
38790 17
5189 3
11740 0
13571 12
26199 14
12110 13
11550 21
12010 5
12120 6
11910 3
12460 21
28049 0
28189 5
14220 19
35510 8
13220 21
13070 15
12870 20
41419 17
33120 17
5300 2
12630 8
13060 21
11700 9
27490 20
14450 9
13451 19
12590 1
12030 13
27170 6
25030 2
12740 19
14880 13
42349 17
11711 13
11349 23
12580 0
17480 21
35620 9
11520 4
75279 17
5980 20
26490 10
16910 13
37920 11
12860 14
18000 10
34320 8
25980 1
12570 13
28080 6
15969 9
16840 21
20099 21
11350 15
58800 17
5310 19
12190 4
13039 0
15269 13
14090 2
11700 4
79680 10
17319 19
19870 4
12280 3
13240 10
13190 18
27470 20
49450 17
5291 11
12929 1
28580 23
13270 4
12120 13
11780 6
26490 6
26160 2
25529 14
26470 7
24980 16
12190 22
12730 2
12500 12
11480 23
11060 0
12220 15
11290 16
10420 8
11289 11
11300 2
11399 13
39800 17
5700 12
11290 7
26010 0
11400 3
25420 1
25370 2
11250 21
11060 18
11530 2
12820 20
16320 14
11530 4
11050 13
11310 0
26489 3
11359 3
26010 6
12990 3
12880 13
25870 8
27680 13
12391 4
11920 4
26740 23
25440 4
13200 20
12090 1
24430 2
12540 22
11371 20
12571 22
11510 22
12060 4
12930 8
17850 16
14910 3
14900 11
16380 0
11889 14
39359 17
6310 16
