502947 18
27360 9
28950 13
31970 9
27110 10
26169 1
29449 16
33360 17
34430 4
33760 18
34240 6
14490 2
34230 15
57709 5
45409 12
35660 18
95519 19
5240 6
39200 22
40959 14
29139 7
30020 2
214379 9
27590 23
26969 16
26150 7
62799 19
4989 5
31990 7
26720 2
58560 19
5030 0
32800 14
75840 19
4910 20
37700 11
228239 19
5450 20
29880 5
27579 18
29699 20
37100 13
59400 19
5000 13
30369 20
30690 8
31550 10
15830 21
42299 1
17789 6
30010 13
26100 21
10440 18
26520 7
24840 17
25659 5
30950 18
28220 0
30070 10
26209 1
26329 12
155449 19
6010 21
35770 7
47489 14
42699 18
17140 14
44390 17
26649 10
25789 1
39829 2
38090 15
27570 12
28120 6
10830 9
27830 3
26580 6
26430 11
27080 4
25791 17
27620 5
25740 5
28020 8
28740 10
28399 14
29819 14
13590 11
29040 23
32180 18
32730 11
30950 21
33460 0
44120 13
36179 21
33820 13
33160 15
30770 17
36019 2
33389 1
30410 15
36130 23
9940 3
26990 17
31990 7
30070 15
28920 17
29590 0
27009 8
28549 11
27000 4
24100 1
25380 1
37070 9
41760 13
38970 6
41279 3
46189 3
28610 8
27790 1
14900 13
40570 8
37139 9
41020 17
41200 10
25290 20
26680 1
46540 22
41650 22
44970 12
41390 8
28030 17
28779 8
12540 5
34519 4
27160 9
29700 21
30230 18
27489 11
29890 9
38280 14
30910 4
64569 19
6270 18
34530 8
15210 22
31469 23
39499 4
40130 6
30160 3
31040 18
27299 10
27259 11
27710 2
40810 9
48569 0
14240 13
41550 17
41360 7
29429 9
26649 0
27160 23
25180 5
26900 2
26449 12
26909 3
57330 19
5340 8
30549 15
33379 23
28660 13
17030 15
38390 14
35049 18
31770 7
31640 1
29260 17
45620 18
58100 5
43200 8
42839 17
46559 0
55610 7
44350 2
61350 15
122589 19
6630 17
40860 7
33000 4
37370 5
35440 23
34250 13
32380 12
32020 2
531126 19
5231 10
36730 0
44740 21
13690 18
42380 11
40800 2
28290 11
26289 5
10409 11
24599 5
24380 23
25840 3
28120 18
26550 22
15131 9
31470 15
25530 18
28570 21
25910 23
25890 9
27340 12
24970 0
25990 2
25570 0
25280 21
24740 12
25140 21
25390 18
24340 9
27610 1
40130 20
35890 15
25650 15
30660 23
32160 0
32320 12
31190 3
29700 1
39669 5
32879 13
18960 17
37760 2
34220 14
13131 13
28470 15
27290 12
24090 17
192629 9
28700 16
26490 8
27110 22
29560 21
28079 15
26179 20
47320 4
30550 1
31900 3
26260 15
24290 17
25280 11
24579 12
24809 16
26040 11
25480 20
26820 21
27489 20
11469 22
26479 18
39470 6
28430 5
27900 0
26579 0
25500 22
25480 23
25450 8
27490 3
29720 21
26540 7
25590 0
25450 3
25720 22
25549 21
25629 5
26960 1
31300 15
26760 14
26339 9
26060 11
25400 21
25090 12
26330 11
11080 22
24670 11
27780 5
26949 18
24860 13
27500 4
24960 20
24850 13
11090 2
25720 16
25770 15
14050 5
25130 21
24549 15
23949 20
35739 10
29780 13
34260 4
157729 19
5670 18
39219 20
26849 14
29610 18
26660 4
26440 11
25609 9
28899 7
25280 16
25580 21
28960 14
28810 8
36709 15
31460 3
44390 14
45479 16
46670 20
41630 8
45530 20
44679 15
34730 8
28740 6
27820 17
27080 11
28070 15
55080 19
6149 11
27519 13
26810 15
26510 15
26760 18
25840 7
34879 10
25460 3
24580 22
28330 17
24910 21
26009 6
25109 0
26170 1
27520 3
41870 0
40860 11
41270 2
39090 4
26530 15
30200 21
27740 7
29040 1
28360 7
27370 7
31960 0
30100 5
26750 6
27630 15
26599 21
36370 17
29840 3
27380 23
28340 3
26759 21
26230 5
210019 21
29870 15
28209 16
28360 13
40730 21
39350 21
41899 23
41820 18
33890 13
25880 16
26550 7
27820 7
26300 3
28730 22
27699 0
26149 3
25609 7
25630 1
25420 9
25400 20
25109 21
38679 21
26910 12
26760 1
25420 10
24219 12
26349 6
26530 5
26610 4
27710 18
26570 16
28980 16
29000 10
25040 20
52750 8
47139 20
34639 14
39410 1
54330 5
54470 21
34540 10
114599 19
8470 23
64290 4
81320 7
50780 13
41319 22
44280 12
45430 23
63369 3
102589 2
68629 8
42010 16
46099 20
47310 16
73450 6
60790 22
49540 8
35029 13
46779 2
36270 23
37709 9
57799 21
40580 14
36159 11
37409 16
34290 9
60790 4
81029 22
82609 4
88559 1
86679 7
60200 1
88479 0
53690 17
206138 19
9590 15
56130 12
174929 19
7400 3
78970 23
126969 15
74479 14
57239 23
48799 15
104509 20
83440 7
54620 16
57960 0
57370 16
57449 10
58870 8
56479 13
79000 9
62449 11
83069 0
81479 20
69580 13
127259 5
54240 5
82380 15
57309 18
82549 13
46240 8
57180 14
81949 14
85669 20
90639 14
61810 8
236978 19
8470 13
74080 20
97210 0
68319 16
47720 0
52980 14
75179 11
65620 4
48760 11
33290 15
58539 14
52339 20
50490 8
66229 20
87290 18
67049 18
62260 15
46830 5
55990 22
58189 4
76049 14
43980 18
43970 4
53419 4
