5180569 10
83139 2
184717 6
67930 11
64839 22
68619 13
70789 4
381546 6
83959 0
28920 5
68819 14
66379 7
65839 13
86549 0
67069 17
65599 21
126238 14
71169 8
71559 21
93879 2
65429 22
23893927 18
78419 10
27059 5
102969 8
168008 0
98219 7
203997 0
70770 19
175878 12
83410 23
86210 12
97459 16
70360 20
77379 19
100068 4
18737498 15
640222 15
155398 8
85979 12
265387 10
100269 2
107749 0
38250765 18
79499 20
77009 15
162758 21
93659 13
69669 12
78568 12
126978 16
75849 21
32070 5
278077 17
70679 20
182078 8
98149 10
219808 8
100219 21
202708 8
107639 10
232757 4
163148 9
76309 21
83939 8
142409 22
185637 19
171558 22
71620 17
88749 8
205568 13
69519 4
130989 11
534644 6
101009 13
70909 19
165778 0
104149 7
147208 23
110259 4
132638 23
112169 21
81849 11
93469 0
105689 15
65789 17
708291 6
66760 16
72170 19
105588 7
99648 2
75139 19
97259 11
32510 5
108499 15
63930 16
95269 10
62979 4
68559 23
250917 9
171118 21
27640 5
144038 22
88059 4
27580 5
90599 11
85259 0
124658 13
81609 19
136138 20
202587 17
150908 10
123549 9
159198 10
109149 4
122348 20
250837 13
190668 6
200798 7
79709 18
83169 18
66409 12
69909 21
9444928 15
19779375 18
68059 8
1428533 18
187138 22
503044 18
91729 10
94539 12
101188 0
119849 7
214358 12
453475 6
206278 12
32059 5
98539 8
114389 18
176318 14
131599 20
115539 9
270327 6
95309 14
101709 19
211028 4
707801 6
130129 15
181668 9
193867 0
75369 16
149909 22
77510 19
171197 10
245977 8
72679 22
72209 12
38380 5
88939 17
85819 20
74668 9
224298 19
68549 4
140219 22
131788 23
107239 4
150399 11
70039 14
88919 2
78549 22
89479 20
94609 1
169318 19
30930 5
2044106 6
9423758 15
79019 19
78939 19
74299 3
30910 5
135848 22
129299 20
94749 0
91039 9
172707 22
148159 8
114318 8
106639 1
29530 5
1273545 6
2281233 6
143408 8
131098 12
76740 18
75059 22
79459 8
2236763 6
105829 10
78289 8
83669 12
66439 10
75139 8
71969 22
135149 1
26720 5
63280 12
70099 8
131228 8
89439 2
79759 21
80569 4
1936667 6
84759 8
63799 10
109588 12
88359 17
140669 18
135539 19
68789 20
128478 12
8979964 15
50679 5
194248 0
74429 17
96779 19
111938 12
102489 8
151339 4
132948 4
105929 13
98799 2
112478 12
95719 4
78249 8
174428 0
64759 13
96509 14
82399 3
63139 20
99759 1
58439 13
71569 22
83759 17
77349 7
169498 0
67379 4
26090 5
70579 3
89729 2
114928 2
66719 19
98748 17
67419 8
81779 3
70169 21
66639 7
73549 19
70309 22
65440 12
103388 10
103509 1
60649 7
65320 14
76620 8
70209 7
93449 2
64939 20
62159 10
74449 10
61539 13
64990 17
69149 17
61039 7
62969 21
61049 7
68619 8
72289 11
61999 21
155963357 18
101058 0
72080 11
101319 12
72789 4
154059 22
92370 13
164209 4
145318 8
153948 18
61239 3
293067 2
29739 5
141049 2
71829 10
71089 11
94369 14
96279 22
88379 7
79289 8
27690 5
77088 8
67151102 15
381015 6
91259 13
128549 15
152218 10
100929 13
104198 22
70839 13
121468 13
96169 1
82099 3
76029 17
97089 0
94219 13
195787 10
67680 12
67259 16
7916836 18
82579 8
50069 11
43670 13
67969 12
125319 12
26390 5
48929 11
25679 5
80349 8
57899 19
28559 5
554093 18
108419 1
137379 12
74629 14
72529 20
64329 10
66579 4
117119 18
77299 8
81609 8
66199 12
77549 18
82048 23
67839 17
49959 17
68569 7
63089 9
74359 16
81569 7
24349 5
73980 23
65169 13
66609 9
47899 21
47270 20
99238 0
48249 17
96969 4
65239 13
48410 17
87288 9
54109 22
49179 22
82929 0
165618 6
61420 7
128319 8
50449 16
62619 18
47009 21
49730 10
47880 19
91859 1
70019 8
47690 17
45890 11
81039 12
47149 23
47190 21
63009 18
49059 13
48379 16
46929 23
53499 10
58479 4
84379 2
84979 0
83629 0
71679 12
83029 2
46600 13
79089 2
67469 9
48049 13
67559 12
45299 10
103779 1
47219 19
97079 1
67569 18
47490 13
48849 21
172908 6
52780 23
48950 14
44859 3
80759 1
26549 5
66309 18
75120 4
203889477 15
8930644 18
181688 6
80989 0
95709 17
116379 0
72190 10
108208 1
165748 0
55629 11
92819 2
386525 18
55479 16
52900 20
26199 5
52550 10
208137 0
89489 19
83699 4
82499 0
188348 6
128538 2
86628 21
91839 2
91929 7
53359 13
72499 22
89939 2
49609 17
90699 2
67989 9
69859 3
70850 8
48460 16
28660 5
136548 1
189708 6
56379 16
52129 11
7136205 15
94268 0
95339 12
54420 21
92389 7
105299 3
96188 19
82289 1
49900 20
78419 8
58989 20
27520 5
50109 10
71289 10
55000 16
107268 9
60529 21
73879 4
162718 17
166958 16
85709 12
26420 5
54670 15
95849 14
100088 2
7835936 18
85659 13
34619 5
88859 12
189088 4
102018 4
222107 6
71629 12
95199 23
137118 9
205718 0
80009 10
93509 18
74779 7
111279 18
59989 14
89909 23
8148353 15
83939 20
150908 2
113869 4
166648 4
132438 19
95639 19
264697 1
95929 21
91619 16
85409 3
80509 17
63889 17
73289 10
128138 2
99719 20
66499 6
179087 7
34299 5
234397 23
152089 23
65000 15
98059 11
104149 11
58700 14
99099 2
97758 1
112059 1
76239 9
63549 20
68849 14
99069 7
92039 1
94089 4
46796664 18
125999 2
61449 21
69919 17
101939 4
67499 3
96359 7
87879 0
101239 23
57179 18
135698 9
56109 14
97709 2
106128 22
64349 22
8226862 15
59799 7
55249 14
54649 20
58299 6
78809 19
60980 16
55390 17
95219 12
145528 0
85229 3
80459 22
114348 9
60070 17
253687 0
306516 0
66410 21
91119 1
61980 10
82080 11
99828 1
141268 0
96409 21
76449 22
90229 23
144818 11
99899 22
84859 15
7580100 18
66479 23
73489 8
111379 22
164428 8
86099 11
381135 18
358626 4
69109 9
84479 4
149268 1
63289 13
209248 1
81219 17
71689 19
137329 12
74299 10
29769 5
161678 12
63650 19
55099 11
29320 5
48539 11
67530 21
84190 2
80290 2
163358 12
65089 11
94269 23
70759 22
77629 12
57249 11
59129 14
59160 19
134668 2
71859 3
101699 11
103509 17
81829 23
123678 0
70540 3
67560 20
67779 7
57949 17
56590 20
75810 4
54500 19
58069 11
108109 0
63159 3
55510 17
55639 20
68639 7
65509 6
26390 5
102959 1
71149 8
105669 1
5900510 15
64329 4
62409 21
84089 12
59360 22
78019 17
66540 8
106519 7
67239 8
93789 23
61499 22
71809 8
54299 13
48460 14
8059274 18
118658 0
103798 0
95169 2
85439 2
72339 8
73229 4
104628 21
88459 9
144778 2
57579 13
28470791 15
66429 4
55399 14
80439 10
89259 13
115509 1
30509 5
85579 4
100109 1
9098122 18
1257985 18
8941064 15
65089 22
53849 21
59600 11
73149 17
72779 20
162878 1
163058 0
152008 13
52750 22
89499 7
26879 5
61050 16
94749 6
70079 13
70739 4
188618 23
74250 4
66659 19
90459 8
8485889 18
199787 8
742092 18
121708 23
133429 8
158358 2
157608 18
101669 23
160838 7
138728 12
75869 6
161258 8
94549 23
640223 21
55129 19
97539 2
78359 22
74139 9
67799 22
71910 9
6755580 15
69459 11
58000 14
107628 9
67868 19
58549 10
70439 9
8268242 18
53989 11
64800 3
69420 22
86149 2
71809 13
645672 18
111769 4
67429 13
79949 17
92029 3
62859 22
96109 20
138628 18
91179 3
203078 3
89989 23
57319 10
150678 23
75509 19
143759 8
51669 21
28190 5
74179 11
8821805 15
37700 5
57929 16
33570 5
173229 0
97839 13
54540 17
90789 2
24290 5
114929 23
68909 4
210797 7
62449 6
73719 10
82859 19
8463749 18
52559 11
88489 11
52299 19
65079 16
136469 22
60829 6
101109 1
60189 19
61269 14
76970 17
125289 4
58569 16
68410 16
180168 12
90269 23
130029 23
238627 0
102019 0
135528 12
46099 6
88768 0
48870 6
62149 12
68389707 15
64300 4
76179 20
98899 2
107998 2
66280 4
60419 6
73099 9
18937565 18
80489 23
90559 14
70579 9
81389 7
55140 14
73619 7
56969 10
160238 0
209948 12
60719 14
28290 5
116348 17
53630 21
74729 13
77399 4
59669 20
58159 10
92779 0
69120 20
82228 15
104048 18
101789 8
166598 17
49999 13
289647 7
192278 4
66969 18
61309 16
60230 18
165129 4
61930 15
84059 13
72979 4
70859 9
108479 12
27960 5
60689 17
90329 4
134838 0
86609 9
63149 14
94929 2
220918 1
253768 3
91850 12
73119 7
108928 20
64460 4
204248 20
54899 19
69088 11
203667 7
116189 17
96969 10
76369 20
32559 5
175498 3
95489 0
198108 7
55359 16
74449 6
246667 12
68979 12
103988 16
116299 0
94369 20
98809 4
89830 9
110879 22
169198 8
33520 5
65459 14
173268 6
55119 5
209558 2
71869 9
57659 20
63759 14
311947 2
85519 23
171618 10
105148 16
111709 14
148388 19
87878 23
150658 17
141308 11
89479 21
168918 3
254857 1
64399 19
105959 2
83999 23
63929 22
9627825 20
88810 23
73970 7
64429 14
128768 1
148759 11
116388 11
102679 3
55949 10
34060 5
136758 14
79559 21
83429 8
44690 5
55639 6
139788 23
62100 20
83139 2
117858 14
48650 13
81189 9
93069 16
60389 13
99229 12
68549 16
91649 6
85779 10
158168 18
52030 17
57780 18
99288 16
26679 5
103799 20
171098 2
90909 3
56759 18
83079 11
62199 10
112878 9
85409 12
94159 19
158568 23
76659 17
103139 1
134109 1
86328 16
98239 11
55719 10
65629 18
71979 15
65409 3
125119 8
116158 6
104219 7
99099 14
92499 17
207887 7
100139 11
50909 16
46550 14
130268 2
120729 13
49449 13
97079 2
112629 23
53379 14
59930 17
135908 8
76429 14
310006 12
196468 23
50329 17
87489 7
88779 6
73609 22
157187 22
93528 22
50479 13
329516 12
86729 17
115759 11
122489 21
79319 7
139519 21
59500 11
119168 9
54990 14
90089 1
69669 3
199938 0
87109 13
110379 3
56120 11
57030 19
68279 8
92489 23
66249 4
80779 3
77579 12
166408 2
54310 17
121009 8
96429 16
178618 9
71439 22
57799 3
95039 0
47749 17
54849 18
47679 6
86119 2
146019 23
83639 1
56349 21
74369 4
77209 23
58389 9
45539 11
50459 14
45790 10
60589 4
50440 14
65489 19
85069 17
76019 8
8772056 15
