50450 0
12980 0
13379 0
12580 0
13620 0
13610 0
14130 0
14210 0
13490 0
13630 0
12950 0
13189 0
13129 0
14020 0
13910 0
14390 0
13690 0
12710 0
12960 0
13470 0
12550 0
14439 0
15220 0
13510 0
14310 0
13090 0
13250 0
13060 0
12680 0
15160 0
13900 0
13731 0
13470 0
12770 0
13680 0
13620 0
12710 0
12780 0
14070 0
13759 0
13689 0
13539 0
13540 0
14060 0
13210 0
13240 0
13460 0
13350 0
13760 0
13840 0
16710 0
13330 0
13500 0
13430 0
13329 0
14009 0
13820 0
13530 0
14540 0
15130 0
14250 0
13390 0
13380 0
13599 0
13511 0
13159 0
13320 0
12960 0
13960 0
13990 0
13680 0
12990 0
13220 0
13410 0
14029 0
13929 0
13170 0
12700 0
12780 0
12600 0
13560 0
12700 0
13629 0
13540 0
13140 0
13830 0
12800 0
13180 0
14360 0
14760 0
13500 0
13869 0
14800 0
12860 0
32040 0
12690 0
12460 0
13640 0
12240 0
12550 0
19490 0
19910 0
19050 0
19210 0
19930 0
18300 0
19050 0
18720 0
19500 0
18600 0
18560 0
18970 0
18849 0
19949 0
19520 0
19590 0
20250 0
19560 0
20649 0
31940 0
19160 0
19900 0
19700 0
18980 0
20119 0
18519 0
19080 0
20170 0
19020 0
18710 0
20330 0
20020 0
19810 0
20630 0
23450 0
19630 0
19319 0
19260 0
18919 0
19560 0
19600 0
18880 0
19960 0
19529 0
18799 0
19790 0
18890 0
20590 0
19730 0
19380 0
20851 0
19939 0
20100 0
19150 0
19650 0
18720 0
20619 0
18780 0
19890 0
18760 0
19980 0
19920 0
19660 0
19420 0
19299 0
19480 0
19970 0
19080 0
19370 0
18620 0
19660 0
19940 0
18210 0
19200 0
19760 0
19070 0
19709 0
19940 0
20280 0
19850 0
20430 0
20020 0
20240 0
19909 0
20140 0
18700 0
18180 0
19890 0
29260 0
19379 0
18780 0
19070 0
18870 0
19890 0
20369 0
20439 0
18890 0
19570 0
19120 0
19420 0
21130 0
18690 0
19060 0
18930 0
19610 0
19320 0
19190 0
28679 0
20049 0
18869 0
19830 0
20890 0
19100 0
19200 0
18450 0
19169 0
19170 0
19250 0
19660 0
18980 0
18690 0
18051 0
18410 0
19160 0
19350 0
20780 0
19190 0
18869 0
19600 0
18960 0
19850 0
19850 0
18340 0
19270 0
18711 0
18749 0
18110 0
19010 0
19790 0
19510 0
19130 0
19130 0
19460 0
19030 0
18840 0
19340 0
19290 0
18720 0
17909 0
17870 0
20810 0
19150 0
19340 0
19670 0
19850 0
19380 0
19890 0
18810 0
20270 0
19420 0
18859 0
18530 0
19640 0
18660 0
19230 0
18660 0
20199 0
18360 0
19230 0
19140 0
19330 0
20510 0
19490 0
20239 0
19660 0
19540 0
20930 0
28580 0
18920 0
19670 0
18840 0
20770 0
18640 0
20130 0
18760 0
20139 0
19569 0
19240 0
19140 0
21370 0
19680 0
18340 0
19171 0
18900 0
18840 0
19880 0
19260 0
19210 0
17990 0
19649 0
20220 0
20830 0
20220 0
18920 0
19200 0
20589 0
19869 0
18190 0
18820 0
18720 0
19530 0
19319 0
19531 0
18750 0
19220 0
20560 0
19190 0
19140 0
19620 0
19879 0
19260 0
18880 0
19310 0
18990 0
18819 0
20111 0
20260 0
19680 0
20030 0
18990 0
20030 0
19529 0
20309 0
19080 0
19400 0
19350 0
20990 0
19460 0
19160 0
19179 0
19400 0
19510 0
19000 0
18700 0
19379 0
19400 0
20560 0
34190 0
20950 0
21000 0
20951 0
18989 0
19780 0
18590 0
19810 0
19310 0
19550 0
18830 0
18910 0
19680 0
19430 0
19600 0
19350 0
18891 0
19889 0
51500 0
20760 0
19289 0
20269 0
18410 0
19880 0
18660 0
19450 0
18710 0
18720 0
21009 0
20030 0
19240 0
20560 0
19300 0
19790 0
18770 0
20190 0
19890 0
16920 0
12770 0
13680 0
13159 0
12469 0
11760 0
12719 0
11720 0
12510 0
14110 0
13580 0
13030 0
13880 0
13329 0
13040 0
13180 0
13271 0
12400 0
12390 0
12050 0
12380 0
11680 0
11620 0
12680 0
12820 0
13130 0
12871 0
13800 0
12820 0
13650 0
12100 0
11890 0
12300 0
12190 0
12800 0
12960 0
12929 0
12399 0
13190 0
13190 0
13450 0
13810 0
12420 0
12680 0
12340 0
13229 0
13180 0
12840 0
12210 0
13840 0
12610 0
11990 0
13110 0
13060 0
13139 0
13880 0
13440 0
13090 0
13920 0
13980 0
13920 0
12420 0
13220 0
13090 0
12629 0
13580 0
13500 0
12600 0
12580 0
13570 0
12490 0
12030 0
12840 0
13820 0
12520 0
12539 0
12849 0
12850 0
12330 0
13350 0
12730 0
13660 0
14130 0
14210 0
12690 0
12660 0
13040 0
12820 0
12560 0
13700 0
13730 0
12880 0
12860 0
12060 0
12780 0
12479 0
13189 0
13089 0
12240 0
12690 0
13120 0
13160 0
14060 0
13170 0
12609 0
12800 0
12749 0
13199 0
14060 0
12810 0
13510 0
12290 0
12520 0
13080 0
12710 0
12611 0
