159848 6
101328 2
109579 9
108848 5
110839 3
113310 11
113199 11
119699 6
127439 11
111699 7
114019 3
104089 7
107859 9
113579 6
104169 10
104129 5
108039 3
114518 5
102470 2
108079 8
102988 2
107639 2
107810 8
103910 7
100709 3
108419 1
115479 8
100179 9
100629 0
102739 6
108469 7
104939 3
104999 0
107039 5
108059 4
102959 0
114029 4
106709 1
105879 7
109669 7
107229 3
105489 2
105899 4
115319 5
109050 10
128168 10
109459 5
105589 4
111249 3
113699 9
104949 3
158449 6
116919 6
147878 4
110390 1
104839 0
108419 6
108250 3
106959 1
115478 9
118630 7
114750 9
121070 0
103048 8
114648 2
115658 2
116289 10
120939 8
105249 10
109989 5
108189 6
124449 2
112139 0
118789 0
110649 3
118779 4
114839 5
115389 9
110719 10
127239 7
108329 8
108849 5
112899 7
111209 10
112349 9
113949 9
108439 5
109489 1
133718 4
107239 10
112099 11
112079 3
111539 9
112250 9
107819 10
105479 2
112248 4
126759 2
114699 11
118229 5
113429 4
108029 2
113559 1
113419 3
110829 4
107469 3
126869 7
109289 3
114109 3
112129 8
116129 7
111729 3
110359 8
111199 11
112209 3
122369 5
117829 4
112509 2
120739 8
112119 11
109699 1
108959 2
111759 3
128829 5
106509 5
111909 11
114569 1
110139 8
116579 6
111789 7
123748 10
118088 3
125579 5
106379 11
114619 5
115009 9
108759 6
111029 8
111309 0
109649 7
108779 10
153459 3
114259 11
106709 3
114099 11
122319 10
110069 4
114489 10
113419 8
133429 11
110350 3
107470 7
116208 8
112570 3
112870 9
117129 3
121639 2
116609 6
125439 4
111569 0
118969 0
109689 8
107329 10
111149 11
122049 4
115349 9
120649 8
121159 3
109209 9
115259 3
112709 5
112849 4
116259 7
111670 3
107459 3
123639 2
113399 1
108919 0
109030 7
115499 9
108710 8
117109 4
112839 8
107919 9
118839 3
113229 0
120719 11
109259 6
117079 11
108879 5
113059 6
115069 2
110559 3
122719 3
111449 5
113989 11
109449 3
117689 4
118089 9
114709 11
116839 3
112119 10
124279 8
113159 5
119088 1
117728 4
116728 11
111890 10
112530 7
117110 8
123569 10
108439 11
112589 1
115239 0
112219 11
111669 1
120379 0
106959 11
110789 4
117009 5
111749 7
112939 0
119839 8
110859 10
108989 1
111089 6
109369 1
113499 7
111189 9
104869 0
115259 4
113539 4
121489 8
109579 10
109129 7
113829 10
118219 6
130858 5
113419 9
112868 4
113468 9
105410 4
116928 3
111588 1
112950 5
129188 10
102799 8
111219 6
116829 6
110309 10
113959 3
110369 9
112319 5
111679 6
123099 8
101969 6
105179 7
118729 7
117319 10
111109 11
118439 6
110649 11
112319 10
120689 0
107509 3
108999 4
116519 1
119159 11
114099 7
112539 4
113809 10
113519 11
122298 1
110610 1
107700 3
107509 4
119639 5
113579 0
110570 1
119730 3
109039 4
120259 2
109210 1
112879 2
110830 11
109639 9
113439 9
113059 9
112828 4
126358 3
110259 10
112579 3
113109 0
118599 11
109599 10
123889 7
117349 3
113589 4
121959 0
109799 5
109909 11
108719 4
112029 4
113869 2
111109 5
111399 6
116919 0
129679 0
104099 4
106659 8
114679 7
115678 8
109470 4
111650 1
122219 6
112650 11
165658 4
112079 3
115649 9
109179 4
114659 5
113439 8
112829 5
119979 11
306347 11
106389 9
108389 10
111799 9
113969 2
120099 1
117459 11
129839 0
106939 2
105869 7
112949 3
112039 11
110539 10
120959 8
121039 6
112079 5
122099 7
98548 0
110370 0
109368 9
115899 6
125039 6
112519 1
119149 2
115719 5
125049 7
117069 0
112289 0
107039 10
115149 7
114399 3
114619 11
120919 2
127429 3
117049 9
112468 9
116579 3
121799 0
110748 8
117448 1
110019 10
109019 0
121809 6
107139 5
113059 6
111089 1
116749 10
116939 4
106919 9
104199 3
108220 5
125398 6
113399 6
102499 8
113369 5
106249 3
115059 9
108579 0
117299 4
107689 6
118679 4
107039 9
106039 7
125509 2
106649 6
111449 6
116069 2
114829 6
103069 10
123159 6
105119 4
110429 11
112599 0
101469 6
109259 3
105469 7
116919 0
113599 11
152389 2
114639 7
108949 1
112739 2
100679 5
106849 8
111989 7
117889 6
124618 9
109388 10
108330 1
107819 10
106619 0
104519 2
111959 9
109659 9
119349 11
120938 8
107939 4
111859 7
117330 1
108999 4
112719 5
104470 8
108959 7
114979 5
116899 7
111319 1
109739 11
107670 6
115110 7
107299 10
109188 2
121808 11
111199 7
127909 0
112629 9
110479 6
108609 8
107209 4
114979 8
115719 1
112399 8
118059 3
117279 7
103469 10
110519 4
109169 5
113609 10
111209 7
114409 5
115789 9
110809 5
116609 2
105369 8
105749 6
114019 2
111069 3
116769 8
107869 2
108889 0
112659 7
118869 7
106709 5
107079 11
108799 10
125179 11
118789 2
110209 6
111289 4
110489 2
116289 9
104379 7
112049 11
114139 10
118479 9
109899 4
112509 1
115099 11
106589 10
130279 3
109359 4
118679 3
114979 9
110668 8
107508 6
108439 5
117559 9
156568 9
102039 11
112179 2
108869 9
117299 5
108389 10
110539 0
105509 3
110419 3
116919 6
117849 0
111169 5
115389 7
123999 3
120049 11
112539 11
112819 8
183688 0
106689 6
111449 0
104379 3
115729 11
116239 2
116349 3
111459 3
107789 2
123589 0
101779 6
110649 10
112309 11
104849 8
109389 8
105619 4
113969 6
105969 9
127999 11
106689 9
110439 9
117869 3
105879 2
116739 1
123819 7
109339 7
106689 2
116779 6
102589 10
104489 11
118249 10
111179 3
118799 8
115659 11
113948 4
106779 5
117048 7
109959 9
113490 2
115668 5
111470 11
107410 9
114719 10
107879 9
114708 8
115299 4
111110 9
112868 2
120288 3
113578 2
112869 8
107859 10
112109 3
126669 7
106349 5
107719 8
110339 3
111159 3
109789 8
107689 7
110529 5
111839 2
120879 9
101419 9
112649 10
118989 8
115329 1
110889 5
119059 10
109109 2
113259 9
146279 8
105069 3
109969 0
109099 9
115219 8
110589 6
108389 9
115399 3
121409 7
118578 3
110459 10
120188 0
110248 7
122318 1
114929 9
114809 8
109209 11
111699 7
119959 4
104769 0
110249 6
108189 3
111049 10
106499 5
115659 8
112609 7
107189 0
117429 11
112569 0
110249 8
105309 8
114179 1
107859 5
107559 9
116009 0
113009 8
121479 0
101099 2
113469 10
111899 6
111299 11
115139 10
108429 4
107779 6
113259 8
114889 0
111099 11
109119 8
113739 1
112889 6
109309 7
112259 4
103769 1
124969 11
102089 4
111079 1
112089 9
107589 9
109849 7
123209 5
111879 0
111189 3
122949 8
105369 5
110229 5
113529 10
110159 8
108669 1
112099 10
110249 9
110589 10
128279 5
103119 1
118729 6
109989 10
114219 0
107839 9
111939 3
113209 9
107959 8
127379 9
100879 8
107729 4
117689 7
109859 0
121688 10
114419 2
122688 8
111279 8
159418 9
121169 0
110789 6
114869 2
111599 5
107619 0
114619 1
106629 4
118919 8
109019 10
105489 6
108209 3
107689 10
114279 7
101889 0
111229 9
121549 11
129439 3
106479 11
116089 6
112359 3
114579 9
113659 10
113610 2
114828 6
105188 8
128468 7
110019 11
110799 9
109759 3
108599 8
105569 2
118959 5
119259 7
115979 11
122459 6
111839 2
105489 2
110679 6
111549 4
115019 10
110659 10
106229 6
115659 4
121949 4
105179 1
108849 7
122559 1
115529 2
108639 11
112309 5
118379 10
119879 5
120119 4
108959 7
121059 6
111319 2
116399 5
105319 4
108689 7
108699 11
118789 0
108419 8
120189 11
115979 2
109910 9
109030 11
109499 8
113159 5
109659 11
124350 0
108768 2
114789 6
110059 8
114469 10
118949 9
118519 7
111409 10
125439 2
129869 3
108489 2
114539 7
112409 3
116709 11
109189 5
109079 6
108029 10
112669 11
138028 11
107948 4
110199 0
113310 7
111179 1
107428 1
109908 4
115108 7
121788 3
109259 0
113428 9
109579 4
106659 6
113739 4
111579 6
114599 3
116268 6
121129 3
103979 6
109419 2
107359 3
114769 0
116839 1
109319 4
113919 11
117909 7
126839 11
110159 7
109239 9
116119 0
110239 8
107979 6
106059 10
108679 2
108519 6
120779 4
107399 7
114599 9
110709 6
119519 3
112719 11
103979 6
106599 10
111299 9
117099 8
112759 2
105399 3
109669 0
111449 8
107079 7
115899 1
111559 2
118769 1
126509 8
107439 2
114079 4
110099 10
109029 2
112599 2
114389 4
111949 1
106079 9
130539 9
106769 8
120738 0
112839 10
102819 11
113728 4
117008 6
115159 2
111628 0
122528 5
106499 4
105570 8
114019 9
109359 9
113148 4
122939 10
112239 5
139429 1
103839 10
124519 1
107689 7
119889 3
104369 9
113979 4
106009 5
109479 1
171088 6
110710 2
114408 8
115099 8
109929 9
115839 8
108709 0
116759 0
131839 9
293787 2
117699 11
107399 0
112529 2
110869 9
111109 9
113759 7
132219 7
116119 3
116299 4
111649 8
110519 8
110599 5
115399 7
122989 7
121499 5
109019 3
118299 10
108419 2
112569 9
112749 1
107389 9
106999 11
118619 0
121528 10
105979 11
106670 0
110990 2
115850 11
112339 7
119479 9
116970 8
112229 7
123019 11
105979 8
111649 10
112059 11
107619 3
116129 2
115199 4
111029 4
113969 5
120159 4
107669 9
109369 0
117729 4
112159 6
118049 3
114109 11
108959 1
124109 9
108279 4
114569 2
110479 4
114419 5
115429 6
108409 3
113639 11
107559 2
121739 11
113599 6
110719 1
120439 10
121208 11
115130 2
115839 3
105199 2
108499 8
129778 3
104270 4
110950 11
109570 4
114759 1
113788 8
113139 1
111589 5
109389 6
145299 11
107759 6
113909 3
110709 10
111409 1
118659 6
107439 3
110479 9
121059 2
106919 11
106959 2
107629 8
121689 9
108729 6
111669 0
110639 4
112489 0
126689 7
112539 11
111219 1
105769 8
110219 10
109489 1
114389 2
111579 0
108129 1
123998 6
106050 3
111429 8
113568 10
107989 11
109379 5
116548 1
168048 8
115949 10
116739 8
105059 6
103589 5
109949 11
110429 0
107759 3
114519 8
106069 2
118109 2
114469 4
106959 2
114269 3
119509 6
97619 9
101009 6
103469 1
103679 8
100440 6
105599 8
93730 5
90959 4
89719 0
89449 0
88800 4
91439 7
85690 9
86059 6
89199 0
89660 9
98399 1
85439 9
88379 4
84279 1
85129 9
83969 7
80829 0
