231197 9
111198 2
145197 8
138987 6
162728 5
193177 10
85418 0
193447 8
81039 10
207107 3
12620 7
194717 13
143228 5
137478 1
136038 8
71119 6
267505 12
40279 7
169447 6
110359 9
92879 3
69049 8
82959 2
103709 2
117808 9
110568 10
85529 13
89948 2
142127 15
120228 3
157878 3
112838 13
195157 0
191567 9
160068 8
370254 8
185397 9
129948 12
89689 4
127748 3
62899 3
134538 10
124018 5
66139 12
85328 15
83888 9
12210 7
85189 9
108208 15
72299 4
96378 2
264786 15
100188 5
208846 4
71579 15
73979 12
115018 2
189047 15
72029 9
87099 4
23919 7
132538 15
121428 4
81289 13
72579 6
129948 1
78838 13
71568 4
123918 9
79799 2
71389 14
118878 1
205047 14
269706 10
96489 10
112358 2
280186 3
213137 3
124278 2
137027 15
190827 13
81249 9
223386 2
67108 6
65768 6
187017 10
127869 9
132598 5
173487 9
141907 13
135308 10
14460 7
86149 5
164697 3
158567 14
122628 6
118648 1
51060 4
76639 10
80749 12
94658 2
61968 13
211357 8
14900 7
72049 14
108638 8
169327 3
149527 15
72409 2
86948 13
70728 2
82328 1
201257 4
278966 15
250847 4
119938 5
75949 11
26600 7
109388 10
179907 4
67949 0
128988 2
3541874 12
151838 9
57879 15
98368 15
239226 12
92178 8
190177 10
126438 11
67939 12
109428 15
179397 2
105878 5
264116 1
106078 5
217326 3
102209 15
114068 2
77269 13
83688 15
80618 9
100789 2
123729 1
82428 14
159268 9
137078 5
144997 8
176437 14
85328 9
178438 15
143348 5
113128 13
157528 12
181897 6
77959 10
188297 13
161217 12
137788 15
238206 6
10590 7
118958 1
99138 11
94858 6
159668 10
89619 5
148418 8
190027 2
170577 4
1865201 5
53730 14
77098 1
70059 9
74149 11
89619 13
96788 3
145618 2
104138 4
174438 0
18550 7
80969 6
197117 2
90318 8
69198 6
161688 2
42109 6
90709 14
176027 10
99898 9
185127 6
26610 7
112298 13
90259 0
62139 15
124528 9
86029 10
94039 10
127938 3
279846 14
10811 7
83709 0
142378 14
133288 3
168737 3
87049 6
89698 13
143368 15
148928 11
147147 13
92249 15
102288 11
139798 3
182017 10
162818 8
148167 4
63209 13
157108 0
127868 10
63689 11
17209 7
68039 11
79999 15
79599 12
176787 9
209987 3
110308 0
151387 2
153008 8
12970 7
96538 12
164098 2
75798 10
109508 6
114008 13
220986 10
83878 9
106598 10
246296 13
101259 12
186017 3
109888 11
136408 0
196237 15
195807 5
119888 12
112598 4
210457 8
163007 6
144878 8
95648 3
165337 9
134538 14
25529 6
165278 8
80139 4
97319 2
269466 11
77549 1
50919 8
100088 3
67639 8
143738 1
178797 13
58469 8
279395 5
79138 1
93459 11
216226 14
217607 12
190277 15
99288 2
77399 12
99819 3
183808 8
92779 1
93069 14
218816 10
15550 7
90079 5
246577 8
13609 7
158697 1
262136 0
95508 11
99069 2
249106 12
96089 2
110358 2
24259 7
134878 12
167537 3
133808 5
113498 14
103898 2
118348 4
175518 3
133989 10
69059 5
105329 13
306545 3
79209 12
164348 2
61149 6
81449 11
117118 10
84758 0
169377 12
79169 10
97258 8
21870 7
123668 0
85598 4
64719 11
105969 9
13069 7
89758 8
89819 14
74839 9
34390 7
140968 11
133408 0
86359 14
113289 1
149488 13
70159 6
225146 13
181717 5
227376 4
68829 10
323735 4
131447 5
82069 1
152518 13
62309 13
82259 11
149018 8
88889 0
153227 13
164277 13
162957 1
143158 3
208787 5
96528 1
158228 12
151987 3
205087 10
254086 2
117868 14
75449 5
56099 13
207637 2
125518 15
107628 13
100878 2
114038 8
134318 2
147198 13
234977 14
16979 7
130838 8
130188 3
78959 6
113918 3
78319 12
88858 10
77299 9
124058 0
129888 14
15010 7
68599 0
129638 2
193157 5
118939 3
117448 14
140018 12
89858 0
89749 15
113108 12
73389 4
97708 9
287065 2
106929 0
95048 10
99239 4
90258 10
78899 13
70449 11
140027 2
165607 3
127998 4
92549 12
457673 9
172078 8
72119 15
195547 12
203187 12
74189 0
189327 10
78679 10
57219 11
216746 4
19140 7
195977 4
244356 11
148888 14
70188 13
143057 5
139568 9
147758 2
168357 15
16420 7
178017 8
100888 1
96649 13
98378 3
195567 9
95479 5
58799 11
108368 14
196797 14
224166 1
129068 4
86719 8
86159 1
136998 9
18140 7
67209 4
28590 7
121179 11
204666 12
172178 13
87598 14
82779 13
140038 0
98988 5
80999 2
158548 5
89249 12
68989 14
150267 9
126807 3
82868 12
179547 15
111649 9
214097 3
136748 8
143198 0
83058 13
30809 7
130208 0
82059 6
185547 4
81209 5
64039 15
377414 4
98189 1
219456 11
159028 0
65349 4
124548 12
245696 8
58089 11
30349 6
131918 8
241787 8
71529 3
116158 1
201596 5
156227 6
84259 14
92058 12
19060 7
316905 1
91878 1
81069 4
80829 8
243516 9
117588 13
90689 2
96769 14
258936 8
84908 15
204856 5
123098 5
143938 1
115728 13
77759 3
107328 3
198207 1
160857 13
170327 8
72868 11
195657 4
106558 2
77019 6
264166 8
99829 14
122178 5
269585 0
77718 10
143328 0
112228 0
200507 13
142468 1
148058 3
267976 5
82019 1
11460 7
93608 8
101779 3
143458 2
20740 7
72199 12
87698 6
92618 6
92009 3
71918 15
101548 8
141808 12
132098 1
69070 14
130078 8
166258 9
98808 0
79449 12
11570 7
139008 8
147428 12
178128 1
69259 0
100709 11
75579 14
165908 2
97048 14
118178 10
278316 10
105519 13
93059 13
114928 2
122278 5
97329 10
117428 12
10650 7
113538 15
66039 12
140488 13
139938 13
133138 1
73469 11
73319 2
143688 3
145758 2
99739 9
84529 5
70189 12
103189 15
104108 1
138918 2
144267 15
142067 10
121628 4
145878 3
77709 2
14849 7
18799 7
214667 13
107528 14
90159 5
135187 0
82228 1
222777 8
122038 0
91208 15
141518 4
97769 13
84368 11
234137 10
110028 4
86368 8
69999 2
25590 6
41729 6
100928 5
88338 15
77969 9
86989 5
92099 9
263556 10
58759 13
89738 13
80468 14
111879 5
215077 11
94829 13
69639 2
194248 11
128078 11
57508 6
91948 8
78439 2
200847 3
16430 7
61648 6
82198 11
99629 13
20110 7
108618 10
133408 4
183347 9
62808 12
78969 5
97999 4
67169 4
185227 8
18890 7
80069 9
58439 11
167358 13
56590 10
17300 7
101439 9
65799 5
78458 14
324314 6
74369 13
175478 6
123978 5
75428 4
110188 14
209606 0
60629 4
106098 2
83908 12
146158 10
91578 0
36989 6
10130 7
154377 10
118948 15
123907 9
77548 3
91649 3
171087 1
80059 5
60269 3
102328 4
183087 12
72849 8
15700 7
84818 9
100638 1
74389 0
68989 3
63249 11
58379 4
57109 4
56639 15
142688 12
58979 1
49629 4
50489 4
54219 3
3551064 2
120608 9
97029 0
103689 14
87778 10
74928 1
60579 13
139638 15
133388 5
107738 1
157228 1
76168 12
60069 8
131757 6
160157 3
149318 14
80718 1
69759 12
122178 11
128988 10
113298 9
153457 12
269586 0
240726 15
49939 6
113988 1
232827 12
95238 8
98149 10
82818 14
72889 10
130338 3
143918 9
33249 6
64849 6
207977 5
100548 9
76809 1
70039 9
150208 1
15019 7
189797 12
207277 6
200677 3
157088 10
65679 13
82559 0
219347 10
78248 2
106899 4
101438 15
252546 0
163967 3
188306 4
149618 8
78239 4
63539 0
63549 7
132808 2
189007 5
146857 3
90958 11
24140 7
125048 8
117138 5
146757 3
146728 15
102568 10
126447 2
66699 13
91659 4
150648 4
117078 6
98378 5
118588 10
17870 7
127248 3
78169 6
149118 0
116439 9
110958 2
97118 4
208207 3
13020 7
12520 7
114758 15
116268 3
102098 11
75129 12
117108 9
238796 5
197026 10
138578 10
152838 12
88228 14
188617 15
150038 3
87778 14
131498 9
93468 13
150958 14
81859 12
90759 12
108019 3
234156 1
98628 14
18430 7
113688 3
114998 13
78109 14
11110 7
130098 5
117808 2
73279 9
69238 5
110059 13
105838 1
180187 9
108618 8
74829 9
33800 6
84048 3
107819 12
151677 11
79439 5
150348 14
86289 13
75469 8
257196 5
64259 4
236077 3
61710 5
90498 3
14180 7
80559 13
69549 10
177138 5
187697 0
185858 10
135258 1
148008 15
295855 8
24299 7
117088 3
85739 5
301975 5
179717 5
71759 6
148898 3
102838 4
102529 5
240856 1
83058 11
75578 6
140988 0
122368 5
74109 10
98668 1
84609 14
90539 4
99819 11
73879 14
23340 7
113358 0
120308 1
74249 14
109479 9
11600 7
271485 15
157858 15
226616 15
105238 13
73659 13
147458 12
108198 0
90869 4
137088 8
11220 7
12270 7
73449 0
143908 6
87468 0
104818 14
90409 3
88209 10
111348 13
73199 3
107799 15
74579 3
95539 14
36409 6
92289 2
296205 5
253455 14
170137 2
93798 8
143578 3
126328 1
146038 2
221436 0
129908 8
98049 1
94558 11
105749 13
154568 4
113448 1
141018 11
280036 11
79068 0
137857 14
263426 8
213947 9
139317 3
155717 12
40999 6
89449 3
152078 0
198797 1
122847 1
128718 0
156308 8
146357 10
147187 2
156038 5
169987 9
67009 15
177227 13
160678 14
198177 5
268396 12
157458 3
133108 8
83369 13
84328 2
109868 15
133958 1
13380 7
79019 9
19939 7
30429 6
46239 6
186177 9
82699 6
257596 9
93568 4
71479 11
235676 14
165577 4
111968 8
121568 15
172978 0
48610 6
118628 8
222616 13
205067 15
35989 7
236826 4
326295 4
80359 12
103559 9
207936 0
123788 0
140798 8
90109 4
126358 9
109618 4
26520 7
126069 11
112559 14
104188 15
208387 15
151227 0
198486 13
126668 9
139878 6
139208 15
184037 12
160098 3
11400 7
424894 3
175357 1
119058 11
121068 5
215586 13
286995 9
161348 1
154778 0
148258 11
