240418 8
9959353 6
44239 0
97559 9
170918 7
47019 0
157849 4
101938 7
92339 7
110759 8
119602586 3
203848 0
169078 11
29859 1
87280376 6
172818 4
167038 2
117748 9
186328 7
141218 8
94208 10
97849 8
916729 7
107529 8
84169 2
96789 4
379876 9
29236777 3
96349 8
92599 11
144849 7
73760 2
220037 8
117249 4
168668 8
145368 11
42309 0
133549 7
8972665 6
286527 6
192688 10
141608 5
127259 10
90239 6
78859 6
103269 9
103799 9
169729 10
94859 10
137359 7
87069 5
112408 10
84039 10
85439 9
95689 10
115659 4
168978 4
83299 5
41989 0
80439 6
26609 1
93979 4
127409 2
79750 2
94838 8
112798 7
70929 2
42590 0
25169 1
38980 0
70659 2
82599 7
68590 6
67880 6
26490 1
68328 6
51299 0
90119 7
85259 9
68789 6
6314766 3
95929 0
26009 1
74299 2
97818 11
98308 10
160038 0
69319 3
42269 0
72469 2
67970 3
41560 0
25870 1
27869 1
25800 1
86019 5
119249 4
8818366 6
352996 6
271397 6
95429 7
79979 6
121738 9
129969 4
83859 6
99199 11
8777126 3
112699 9
98559 7
95709 5
100489 8
93459 9
114608 3
85739 4
25590 1
9215792 6
126388 10
117889 8
116949 5
25170 1
9453219 3
40570 0
75799 2
101489 4
134418 10
168858 0
54750 1
366056 7
101569 11
161948 3
69879 2
26750 1
115269 3
92879 5
31759 1
193968 7
7197806 6
87519 5
92850 11
85088 4
464074 6
89299 0
76459 6
99489 8
3848124 0
88039 10
75080 2
91058 11
6180608 3
248727 3
26310 1
130248 11
104809 11
78739 3
82549 10
138299 8
9108913 6
100009 8
100778 8
163938 8
132699 4
99229 10
103668 0
217198 10
92109 7
125388 10
103029 5
107199 9
83129 5
82809 8
147998 8
82619 4
78739 11
8323373 3
84230 5
81069 8
29979 1
89499 7
9270851 6
86189 10
90899 9
96589 4
169138 6
9690476 3
85379 0
89899 9
82379 11
9571348 6
67809 2
89919 9
105419 8
130688 2
141299 9
79629 5
113918 6
48320 1
104369 0
93699 0
75490 2
76799 0
86779 5
85219 4
84679 9
80279 5
9074073 3
92889 10
237057 3
85459 11
175589 3
135649 11
79089 3
118049 9
83679 3
29390 1
79259 3
87779 8
82909 9
42250 0
73649 2
84289 5
41919 0
84549 9
28205889 6
174868 6
132369 10
134768 2
329696 5
9277961 3
499904 3
95609 8
96439 4
156938 10
89679 11
158228 7
96558 3
93059 9
86499 3
284867 4
92729 0
85279 10
8051285 6
190698 10
98329 8
148728 2
99749 9
92899 10
125338 0
153638 4
154208 4
71459 2
42629 0
103599 10
96669 9
88939 4
115339 8
171818 11
93019 10
74499 6
128448 7
68139 6
27740 1
8333752 3
278817 3
113249 0
96539 11
26230 1
87849 11
92539 11
95539 5
69559 2
8551940 6
92109 5
80190 11
96638 9
156598 0
238897 9
127438 5
29191918 3
87379 10
337516 3
39759 0
26540 1
119178 4
87208 9
106959 9
104459 8
88779 8
25860 1
89209 10
89679 5
81400 5
42489 0
86389 5
100089 4
85839 5
93049 4
8525940 6
294606 9
9541098 3
26330 1
132798 5
106699 10
162948 3
95289 9
34430 1
357595 4
137869 5
98099 4
90869 11
96018 4
194468 4
90309 3
325186 7
93369 0
139059 5
7855727 6
97899 8
123279 8
120148 8
98169 6
215918 11
98428 4
91699 0
108999 10
65740 6
121859 10
9037414 3
102489 11
144518 9
9440829 6
333806 6
197268 8
41480 0
142279 9
93569 10
144178 7
29044929 3
658922 3
147628 2
101159 8
26980 1
9024594 6
99749 8
26520 1
143718 8
41000 0
80579 2
121758 7
194548 10
100099 4
26059 1
116959 9
97229 8
77539 6
27079 1
87519 11
48987165 3
90959 7
315516 3
47659 0
78419 2
116559 10
7469412 6
145609 3
78650 2
285046 3
211198 8
94839 4
114148 10
159709 6
254588 0
180768 0
242248 8
189307 10
117189 9
126198 10
101359 2
126799 6
362545 10
121229 10
85379 4
38760 0
91810 10
103249 8
47730 0
92239 6
107099 8
142439 11
83479 6
74289 2
82539 9
43000 0
84970 5
32700 1
86509 10
84489 7
100289 8
106749 0
91379 6
84139 10
68409 2
84269 10
89049 7
82579 4
81379 6
84289 10
42559 0
7050057 3
200548 8
226497 11
19107365 6
131578 10
247157 6
110898 0
199558 6
148858 9
111749 8
36669 1
36800 1
157538 8
100389 6
80889 0
135788 7
104488 11
97409 7
193978 7
168668 5
85139 3
113139 6
92859 5
262488 0
105258 4
195898 10
206608 0
894780 8
87909 5
100419 6
382185 8
138939 0
102749 5
133539 7
120379 10
166227 0
101268 6
182098 9
236258 9
343446 3
154938 9
82179 4
195477 3
169838 9
363706 0
125318 4
255786 4
184318 4
101109 10
176328 4
244757 8
112169 9
247197 7
120939 4
102798 10
93379 9
110819 10
117398 11
219167 4
130128 6
173658 2
134829 8
150028 11
113838 7
187268 5
9662107 8
73569 2
107309 10
191508 6
136408 11
267277 6
195338 2
85159 3
59349 1
232277 2
53180 1
151139 9
234227 7
129848 7
185847 0
104119 10
120609 0
149038 3
118399 11
155989 7
133898 10
293836 7
41179 1
218697 9
110378 5
168218 11
34920 1
148518 4
128739 3
270137 3
132578 7
162608 7
97939 4
166418 4
182528 2
179528 7
74939 2
184587 2
92748 3
138838 3
258647 8
99789 6
95418 9
31769 0
179518 6
30240 1
96649 7
113059 5
211628 8
147848 4
99029 7
109089 11
141749 6
96889 10
129408 5
76159 10
141819 7
87569 5
200647 10
155999 7
90539 0
87730 3
114539 9
135579 4
179018 4
170478 11
164669 0
103258 8
128509 6
91639 4
198627 2
256257 5
126489 9
108559 9
82239 11
89799 4
143219 4
1616831 6
67169 6
87399 11
146768 7
82259 9
105969 7
82799 8
67899 6
65589 6
89988 9
7538351 3
68899 10
25300 0
9555528 6
436825 6
22220 0
111469 11
120538 11
76479 7
194988 7
236248 7
76309 6
163448 4
8595279 3
26780 1
116619 5
29110 1
167608 0
150368 2
25790 1
29546213 6
84189 5
79869 2
145368 6
44620 1
151288 2
94289 8
329586 4
67069 2
8885896 3
30330 1
385995 3
9678066 6
393655 6
28469 1
106069 5
167798 9
114209 5
88109 10
96359 5
279286 11
151638 7
227057 9
456225 4
184918 7
255407 2
87498 11
131669 5
191328 5
114789 3
190607 11
90529 5
106319 8
211567 8
146218 11
359496 4
97049 11
118409 10
120978 9
122109 6
343106 5
178588 9
133208 5
126829 4
164758 7
162568 10
93379 0
108919 10
178558 10
185288 11
113899 3
184788 9
70309 3
278477 2
130798 10
91619 11
68389 3
142679 2
81469 11
165968 2
53629 1
54130 1
80828 6
101688 8
184108 2
77479 6
76919 0
76590 6
175749 4
90529 5
68070 3
184918 11
129569 11
92359 9
97989 10
53509 1
125908 6
77909 3
104108 4
144628 11
148568 9
156298 7
70139 2
37850 0
208858 4
56900 0
104099 2
38000 0
87999 4
37180 0
79380 11
84079 8
9198122 5
188308 2
171529 5
59830 0
148018 4
74329 2
97369 8
97689 6
125788 9
67430 2
66920 6
45359 1
94739 2
84009 11
68489 8
65920 2
98099 7
65090 10
69139 8
93949 4
78419 5
69259 2
65869 6
84649 7
84439 5
77919 7
25000 1
37040 0
65169 6
37299 0
30689 1
7777059 3
9691706 6
38200 0
27730 1
79529 11
89339 0
123159 2
173398 2
91009 6
29365365 3
76139 10
89889 11
31760 1
202437 3
94939 8
8546750 6
75559 2
108559 7
26869 1
121029 5
100339 9
80859 0
218847 2
108039 10
120999 6
121328 5
202778 8
80559 7
125738 9
125509 6
114479 4
96729 9
99479 4
121229 9
82909 7
66919 0
110099 8
25780 1
26479 1
162068 8
90049 8
84769 8
100389 5
77729 11
76969 7
37060 0
36279 0
28287008 3
100839 11
92399 2
173598 9
9378770 6
93139 11
26520 1
24900 1
84379 10
9617677 3
81779 9
95739 8
405665 3
66549 2
90530 7
100359 11
112779 9
152398 10
117209 8
68971690 6
166828 7
47270 0
209577 7
102279 4
148008 5
150638 4
76619 6
137568 4
87179 11
100779 11
126008 9
81479 6
130269 6
67809 2
109749 9
91238 6
85819 7
98459 9
112948 9
104929 9
71529 2
103289 8
72799 2
73089 6
12900 1
62929 2
86139 2
42450 0
92428 4
136528 9
95809 4
90919 5
81489 9
85869 8
85549 11
87319 4
41859 0
83119 5
95529 8
82149 9
9700 1
85779 4
38650 0
40119 0
6225637 3
150258 11
149619 5
115438 3
92809 5
87909 10
29057099 6
9956273 3
90509 11
293687 3
288996 8
37070 0
90809 7
291366 9
29122468 6
13650 1
114489 0
247037 6
178758 9
9213542 3
96339 4
98538 0
89168 7
127449 5
75899 2
13320 1
88949 8
10430 1
89729 9
88959 10
70549 3
93759 11
68269 3
89119 4
70219 3
6983338 6
67439 3
38100 0
129838 4
152898 2
137428 10
10490 1
103599 8
85599 2
132978 5
156538 8
130209 7
95278 0
120869 5
110619 3
147568 2
12520 1
122709 9
109369 9
96079 8
167818 11
105579 10
85029 6
127148 11
96309 11
110919 6
103999 8
77329 2
43599 0
199938 4
94919 8
121448 5
110429 6
85909 10
90189 9
48239 0
91708 7
83710 5
87419 4
67659 6
11779 1
74650 2
49069 0
86129 11
86099 10
69949 6
86429 11
99089 8
80279 5
83569 4
75289 6
82239 11
7267225 3
112588 3
139578 4
86049 5
252317 2
136008 8
161629 4
147709 11
88439 11
75559 3
96689 9
122848 9
46440 1
149518 10
11530 1
28232998 6
178818 6
73639 2
110329 4
95899 10
150578 7
87569 9
101679 10
104799 2
21052532 3
95379 4
175338 8
122579 5
111549 9
129108 3
106089 8
99809 7
132508 2
127039 4
117308 5
88939 2
160038 5
160828 8
69109 3
11260 1
87079 2
171398 8
8569 1
131158 0
72779 6
96709 9
98259 8
93669 9
100898 10
85599 2
156298 2
75910 3
87949 6
136678 7
85369 5
114919 11
118948 5
96579 0
137988 11
50699 0
98779 9
92709 7
104998 7
11960 1
11900 1
99919 9
80129 3
112879 3
91859 5
131348 4
51280 0
120659 2
113419 10
100939 7
93539 4
127489 4
92579 5
144538 4
79819 3
123619 11
88539 8
124328 6
93099 5
86909 6
40710 0
108249 8
75009 2
118978 9
80759 6
44570 0
76009 3
131088 10
90209 2
97079 5
94599 9
75149 2
87029 7
93809 8
109749 10
89239 5
