612512 0
254628 8
247937 1
97919 11
199868 10
102349 1
28653324 6
125059 8
83149 10
85959 9
423625 10
619763 0
607793 0
45649 6
50460 7
132348 11
70539 9
105269 9
112769 5
2146615 0
57720 6
66919 8
126288 3
204587 2
122829 1
182508 3
211798 4
86069 10
65979 6
253147 1
117789 2
247257 1
402515 2
140458 11
37439 7
495274 7
265587 1
198638 8
123288 5
2164555 8
511514 8
119579 1
66169 4
253667 0
35899 7
38800 7
151808 2
111529 1
111719 8
114688 3
87839 1
62399 3
63929 5
57319 3
60569 4
87849 2
42160 7
118358 1
92239 8
34190 7
80599 4
87699 2
36239 7
64999 5
89429 0
57369 11
55549 11
62700 8
57989 5
7816288 6
77099 5
153239 9
336947 0
96709 9
130799 2
175888 10
86689 5
228647 2
191818 2
283046 10
195508 2
141878 11
56429 11
124719 6
67479 3
244587 1
366165 1
45940 6
64119 10
77089 2
40940 6
107798 9
83068 5
126088 5
218248 5
54869 10
55889 11
58630 5
39179 7
73869 2
66509 3
39110 6
56079 9
51180 9
57659 11
42020 6
1628672 1
146099 0
75959 6
65649 4
67529 6
469725 1
131878 8
313677 11
148679 6
165978 4
50789 7
68169 3
2183634 2
101218 1
114749 10
95969 9
219388 4
41830 7
117328 4
79010 9
38389 7
84069 11
88442742 6
218207 0
179298 8
168689 10
224068 8
92729 5
48209 7
61539 11
72360 4
111949 4
165678 10
41340 7
154948 0
268427 3
89099 6
224637 5
308936 1
61089 5
67889 3
140488 11
113479 10
296016 1
163207 11
91288 9
210278 6
200068 9
164798 6
81329 5
295226 5
146209 4
307966 2
149448 1
137019 3
68759 9
175858 5
143708 0
102479 10
237807 6
76139 5
103029 0
113369 3
194987 6
157629 7
119529 5
214647 11
68400 6
73649 6
102679 9
368335 8
162268 2
368795 8
65349 9
92649 6
99819 9
117609 5
54819 7
139608 5
56560 7
328836 10
181518 0
176958 0
65369 11
49679 6
226367 10
183267 0
206267 2
9726346 6
87549 2
454225 6
187467 10
95499 5
102309 6
101189 6
115789 8
178958 9
156967 2
174538 6
105488 3
67169 9
236657 0
44699 7
172208 9
217218 2
84239 10
263417 3
78279 2
56999 7
124298 0
140478 6
132788 11
120589 11
164888 10
69529 5
60260 3
36810 7
246827 9
82959 11
271927 3
144278 7
133109 10
289357 4
89309 4
205388 9
231317 0
270727 10
157468 3
183408 3
105149 3
69460 3
66869 4
63629 5
39560 7
58489 4
61549 10
81139 4
78979 11
84828 0
909719 2
43639 6
77819 10
62869 5
55309 6
90479 9
146498 10
222958 5
90388 0
65620 3
47209 7
111389 0
150448 11
89499 5
267587 8
180948 8
122468 0
86819 6
143019 0
73859 7
128278 1
117799 2
8862146 6
61619 4
113259 8
85739 10
40654863 3
106139 1
156307 4
251908 11
239807 4
80209 1
81489 5
383035 0
62480 5
130848 1
200188 3
185867 10
307706 4
50939 7
180958 2
48729 8
115899 11
123679 8
210357 5
51980 6
40529 6
50670 7
94478 1
149158 0
289186 11
82660 1
54570 8
101888 11
114388 10
247397 11
87089 6
145759 11
240028 2
85919 2
91279 0
164908 2
49179 6
67610 11
84519 8
39969 7
100889 9
93559 2
110608 10
59740 8
37549 7
57870 6
148089 5
117929 1
121929 11
138798 0
42550 6
178368 2
180598 3
121638 2
191878 4
62289 4
40130 6
167658 8
231627 11
134688 0
71560 8
86929 11
227657 9
213978 11
154469 0
143858 2
173718 5
73229 11
42389 7
104388 4
75419 10
125778 9
203677 9
119709 2
113249 1
123018 5
61960 8
244397 2
268397 4
86039 1
65159 5
51509 9
49990 9
40689 7
75749 0
50670 8
59609 5
74569 1
58320 9
37969 7
63779 9
51300 9
76169 0
35180 7
9057824 6
155138 6
82389 2
70790 9
227008 5
188188 2
115649 11
144748 9
111818 6
48230 8
152048 2
222147 9
95409 10
197898 11
66079 4
154978 3
114339 2
124318 11
126799 8
110909 10
115129 9
57989 8
45460 6
115229 3
175288 0
104458 6
189897 1
301897 7
121868 10
119379 4
174358 0
71729 3
240867 8
204358 0
135509 5
59589 3
190628 8
269077 9
133528 11
42720 7
94549 2
312436 4
279477 10
241527 4
103089 10
72049 9
120258 3
214487 10
262517 7
100689 4
82739 8
121688 1
208758 0
257827 11
157018 0
177188 0
161888 4
200918 2
175947 2
193797 11
179648 0
112719 11
125819 8
38640 7
105689 2
68359 5
61419 9
210218 5
10079341 6
42000 7
38230 7
99489 4
224858 1
205827 1
19515591 3
120619 1
114198 9
73510 11
89219 2
195338 2
107279 5
179688 4
323616 0
274197 9
243447 1
132038 11
320976 8
129338 11
60279 3
134129 8
130378 1
126209 6
174258 1
52389 8
241817 1
104809 2
153368 9
442885 4
112349 6
82839 9
69229 3
158798 4
89149 3
74189 9
93619 3
186388 0
162498 0
90519 1
117259 3
215648 4
227627 2
81579 8
80510 5
159818 11
352796 8
90359 5
101709 11
67299 4
194268 0
130619 4
179869 8
59319 7
103349 10
122568 0
255517 4
65329 3
62409 5
75720 9
106518 10
11906160 6
75949 4
45739 7
162938 1
133359 1
81989 0
173368 5
103099 6
69489 7
53489 7
150408 0
197318 8
72439 1
204208 1
116848 10
58810 10
82369 0
182488 11
158978 5
175728 9
116858 1
132999 1
41159 7
47150 7
175728 1
157478 9
192888 8
70770 3
143019 0
81789 2
108659 6
214467 4
131389 2
152768 5
62989 8
137628 10
82179 0
199908 0
151149 1
198508 5
158638 11
262947 9
134858 1
132589 3
84219 8
60879 3
54830 10
75709 3
203907 0
66690 10
140348 10
45609 7
253306 3
109188 0
216827 4
83190 5
166878 10
142508 0
81549 5
109489 4
94039 8
40589 7
73499 8
237088 0
161199 1
77619 0
122618 3
160748 10
213857 6
118108 2
137138 10
68189 6
63619 5
328807 9
87708 2
189118 9
87469 6
130859 0
176808 11
75989 11
104748 8
85759 5
285877 1
91389 5
84429 11
104409 2
64659 11
9123223 6
98679 1
74149 5
53179 8
103729 11
129369 5
65730 2
19640169 3
19870637 6
72299 8
107379 11
108548 2
103898 3
107299 11
119449 1
9806295 10
84039 1
141078 8
122478 9
9548959 6
79859 0
59029 11
111848 0
103299 11
98519 4
157388 0
53950 11
108459 0
127868 9
44759 7
45760 6
121599 4
88029 4
80370 2
67464779 10
49930 6
73509 9
71073676 3
99078 1
119348 1
29714101 9
86399 10
489884 9
230598 9
233847 2
124738 1
67339 7
116878 9
66420 10
294396 11
51690 7
47659 6
76539 8
106559 10
42579 7
43400 7
146948 6
37762407 3
183748 1
61889 11
166198 2
188728 0
191628 1
150089 8
143778 5
105739 8
174818 8
121438 4
43640 7
265317 1
275576 3
66510 5
76499 10
43979 7
129959 5
144328 5
135739 10
109289 6
459185 1
56399 10
371556 1
69839 4
122148 6
88648 8
219087 8
78869 10
142908 0
64629 6
123418 0
50639 6
48919 7
91399 10
67409 7
111569 5
40339 7
92659 3
109099 9
97479 9
46859 7
81099 8
52250 8
110548 0
41560 7
355586 9
148678 5
197778 0
192937 3
93529 7
132499 0
149338 8
63689 3
65349 4
157787 1
105879 8
262427 0
64760 11
57630 6
81399 1
54719 8
100579 0
60619 5
104689 5
151298 9
42770 6
114908 10
252737 2
182937 5
59690 5
88989 3
75269 5
114948 5
85589 5
549654 4
133848 8
49785086 10
41899 7
9936364 6
86089 1
95769 8
71098386 3
61279 10
74009 5
57510 8
166588 4
306766 11
122979 2
105689 1
117229 4
202008 4
107248 6
208948 2
146408 10
49550 7
243377 5
193917 10
54759 6
63939 5
4471438 9
457314 9
84629 5
180188 9
64059 3
200237 4
125799 10
98179 3
214247 10
147488 1
614743 8
9874644 6
127979 2
105618 0
40580 7
58259 8
35860 7
66339 8
97889 8
95779 8
96429 8
169473341 3
745111 6
84739 1
45180 7
79179 3
43419 7
402306 0
79170 1
74689 3
107289 11
85179 10
145519 10
209507 9
205918 4
100599 0
180328 10
329416 1
81959 6
101949 3
48839 7
131509 6
63880 4
125298 1
76830 6
355036 0
168098 3
147228 11
178647 3
124899 3
110358 3
65039 7
462194 4
160749 1
135289 1
226767 10
148368 2
183998 4
66710 10
36819 7
41559 7
43750 6
61079 10
123389 4
231157 2
318646 2
179707 8
92589 5
60870 5
388736 2
129868 4
107648 8
94159 11
220207 9
346685 10
104068 3
530654 7
131819 5
90638 6
97099 3
197458 9
65209 10
94559 1
328896 1
107649 9
64339 5
99299 5
86149 8
132558 9
129368 2
9247041 3
70719 8
101568 11
128138 1
7467862 6
183178 1
145818 0
137479 9
56349 4
66329 7
155928 9
106859 11
41410 7
213017 1
84719 6
204328 1
54159 4
95879 6
348676 1
58309 7
102559 0
10087762 3
51359 7
69399 5
361626 1
99419 5
60799 6
117159 11
227257 8
96539 5
362296 1
70679 3
94059 10
139548 4
115169 5
214927 10
65200 9
128818 6
90829 8
138808 11
117169 10
51569 7
50170 8
128248 9
243767 10
103349 1
116059 11
51129 7
61949 3
73830 11
244448 1
176508 1
141248 0
67389 4
154208 0
127739 0
150518 11
55220 7
68800 4
94898 6
80359 8
229517 2
256307 11
143288 6
121439 5
73619 7
60049 7
40620 7
158558 2
160408 2
44899 6
76670 5
311166 2
357966 2
113729 1
69019 5
74380 4
82369 10
232447 10
51140 8
157489 11
270917 1
64359 10
112469 0
101159 4
276147 1
82179 11
143048 9
68519 4
116429 1
86919 3
61539 3
57140 8
115079 2
122809 0
135988 1
64549 3
68559 8
151269 10
46569 7
56070 8
86898 1
80250 5
65339 4
52499 8
69770 2
55789 10
86469 1
67759 9
55419 11
98259 1
65039 10
48309 9
63009 4
37830 7
56849 8
57539 5
91579 2
74659 11
59020 5
8597949 3
107709 5
72650 11
111089 6
107919 2
172058 5
84489 6
56739 5
21454039 8
101119 3
55950 6
86339 0
63399 8
105129 11
66789 4
99609 10
71129 4
59689 5
54389 7
77270 3
109658 8
49930 8
112188 8
132948 1
109569 0
112399 4
133179 0
67389 4
96969 1
75039 4
87649 11
34969 7
114998 10
103869 11
115608 11
61620 4
86759 5
103149 5
136548 6
107259 11
151688 0
56309 3
61960 3
38259 7
79799 1
35140 7
80569 5
69699 5
76849 1
55780 9
75208 0
56580 11
