14340 12
14380 12
14250 18
9170 13
540 19
27773400 7
61180 2
57739 0
2140 19
11780 23
13300 23
12610 10
9950 13
19420 17
8480 1
8780 22
22810 6
20729 0
500 19
10370 8
15010 15
7450 3
8680 1
19699148 9
15520 4
22549 8
8190 1
8730 13
12360 15
8100 3
9180 10
67809 2
7000 2
7909 14
11550 13
7660 6
12040 1
66900 7
11430 3
59699 6
11790 17
10230 17
7330 5
6280 22
59989 14
8769 23
10910 5
64780 10
62019 3
56600 7
2840 19
15680 15
4940 16
9070 20
9840 6
9290 22
7950 21
27051 16
8329 20
7080 10
7960 12
8850 6
17120 3
5250 18
6800 6
8950 1
7330 9
6560 6
6050 13
7980 14
6140 15
5719 20
10760 14
22180 4
7650 17
8570 3
6510 15
8170 0
6540 13
7030 16
7550 6
6840 18
4270 9
6740 22
6500 12
4410 12
7390 10
82299 4
6390 11
4650 13
4030 10
9280 0
6000 7
5100 7
7500 5
4830 1
540 19
7710 2
6430 11
4880 3
15820 1
1760 19
10010 6
6090 3
4640 6
7700 8
6030 10
5350 12
11050 16
6920 8
13231 11
6489 10
14329 17
10800 22
9830 13
8380 11
10020 14
8460 10
6830 11
15390 21
8080 5
8140 14
1050 19
4980 15
10530 17
8969 13
320 19
6311 2
5600 16
5791 10
8149 0
4310 10
10360 17
8680 3
5210 12
5870 10
7300 13
4760 1
5250 14
11810 17
490 19
6430 6
630 19
4480 0
4990 16
7300 22
9719 16
8589 21
6200 20
6320 15
17270 20
12650 12
12930 6
8820 20
13180 14
5280 14
8000 17
6850 9
11369 23
21420 15
8879 18
9400 5
7320 5
7520 21
10430 9
8250 23
9762470 11
25690 17
1400 19
6430 7
13060 0
29650 5
960153 20
14460 15
7469 8
10600 5
68110 6
57579 21
19890 20
27890 15
8840 20
9740 8
7110 10
8680 17
68760556 9
42219 10
13589 3
32260 14
19320 4
29190 23
8490 10
21520 3
6469 0
13951 4
11390 19
9761290 11
11120 16
17200 19
9030 8
7420 14
6750011 9
26440 21
6900 23
5590 3
9880 4
8380 0
7000 2
15740 17
27469 17
5271 20
7460 0
6411 22
6320 6
9019 1
4260 18
4120 8
4910 1
1580 19
9440 2
9770 14
8230 2
5090 12
5630 2
4830 12
7740 14
7260 16
5420 13
5090 13
25646345 7
4027740 11
16020 11
7590 4
7950 5
7350 22
8040 0
9914139 7
14820 12
7450 0
17990 2
16330 4
8251 9
12320 18
9339 12
7480 14
10898472 21
19650 23
13960 7
19740 6
952334 16
9460 23
20210 3
10411 23
5639 6
18360 8
11750 14
8920 1
6930 18
5140 4
5780 20
8690 5
6630 3
5540 11
5830 1
4910 0
9020 13
17349 8
5391 14
6500 6
10309 6
8310 2
9080 8
6870 21
7340 16
5960 8
9730 11
16020 8
9380 6
13470 13
6460 6
4790 5
21899 18
5149 11
5789 11
9759 20
7100 14
14150 16
5450 13
8910 22
6310 16
5200 16
15287590 9
1380 19
7370 5
8270 0
8240 0
8560 20
7780 4
26230 15
13520 10
5980 20
8480 2
6540 5
5971157 7
6320 7
7089 16
9051 22
5369 6
12969 23
11270 13
242489 12
7800 23
15699 22
5680 21
11810 9
12190 4
4150 8
9280 12
5940 20
6790 16
11630 17
8350 3
16870 13
5710 2
9580 15
6389 22
4900 8
4700 7
1351 19
4640 3
11169 2
710 19
4670 11
5810 20
5380 22
6170 3
13260 15
4780 9
7380 20
910 19
5600 22
500 19
5020 12
6540 4
4710 7
4060 12
7960 10
7660 1
6630 20
276538 0
8180 21
14800 13
17530 8
6470 2
13050 15
26810 15
10440 21
5400 11
8091 13
7480 11
18420 23
10470 12
7510 4
10010 15
4214350 9
7350 16
14210 15
16160 1
12970 10
7670 1
6650 18
11500 22
5680 8
7140 13
26170 15
9770 6
17710 15
5230 5
8470 5
6900 8
8040 10
9469 9
5330 9
4450 9
6030 4
8220 23
4950 13
9794020 11
19850 15
10976371 21
7840 23
8850 5
9990 4
8630 9
12370 16
6931 1
1389 19
6620 23
11249 0
8450 23
9670 17
5688969 7
11790 8
13640 23
8430 10
15540 8
8620 14
8180 10
10220 14
5280 14
7771 3
9200 5
8570 13
10610 14
9920 10
9867469 9
15700 1
18820 13
11410 12
8590 18
15340 9
900 19
6560 9
9280 20
9904918 11
8700 17
9771 23
5639 11
9975158 9
10151 16
10291 4
19991186 21
10390 8
9985658 11
8820 5
16980 3
8260 3
13090 0
11799 12
14111 23
11220 1
7589 12
6850 12
8180 1
900 19
7890 20
6810 22
6830 2
39911623 7
18030 18
8440 13
9090 4
8470 20
15390 13
9010 5
6370 5
6939450 9
12440 12
184939 18
7599 14
12680 0
6750 21
5880 0
9768290 7
7620 3
29987714 9
11849 18
15729 20
11250 17
11470 2
7110 2
50360 4
9100 16
3820 18
11380 18
16611 10
8589 6
5840 12
6440 20
11050 4
8200 22
15150 23
10630 0
2250 19
7370 17
7810 4
9110 23
5900 18
9756740 7
5989 22
700 19
9851 1
6019 5
560 19
17850 1
9949839 21
14780 1
11610 14
6351 5
6971 3
8740 2
