198429 19
118489 19
114339 3
118029 15
114979 17
108770 4
110279 21
124719 10
115159 13
117639 2
111739 5
120850 3
119729 6
110989 14
116459 7
127029 23
116209 23
105579 6
117469 9
110209 19
110409 13
109329 11
116959 9
117859 16
123739 14
110379 9
127199 2
118419 7
114949 9
110619 3
105930 19
109019 3
119919 13
122899 2
119969 3
113969 10
114979 8
112039 2
122709 19
113259 10
114209 2
122820 20
113429 14
107439 4
111459 22
117229 17
109860 17
106989 15
112759 7
107889 6
120089 6
113280 22
111169 6
110659 1
109429 15
113639 7
114250 8
121119 20
113240 6
123549 1
112539 13
115409 7
112750 1
110489 21
125829 8
117299 13
117449 10
111769 3
123239 4
109550 6
110810 7
118659 21
111769 20
121149 10
115879 6
110210 23
10124767 14
105299 9
109249 15
115609 4
128148 10
109379 16
107179 5
112469 14
117669 20
123310 2
114659 9
104799 19
114969 6
108429 10
100869 14
108080 12
113039 19
113669 23
116099 23
107580 17
156759 22
106369 15
111459 13
113479 4
104549 0
112590 13
122189 3
119859 2
105199 20
111329 9
107080 5
107239 10
109549 12
105129 22
114549 14
108939 23
124129 2
109729 17
107179 15
111489 16
109399 9
114710 20
118099 11
115519 3
104469 22
116720 3
112539 7
116719 20
114919 12
116679 0
119149 5
104590 14
109610 3
120329 15
106369 7
109149 15
114050 13
115479 12
117859 1
110329 5
110129 15
112430 14
120048 18
105279 11
116219 6
104049 18
120999 7
111979 4
120608 3
110930 7
112469 8
124209 12
108669 5
115010 18
113279 10
109959 4
109059 18
112359 15
116429 23
121408 0
118310 3
113599 13
117939 23
110289 23
118740 2
119619 0
116210 12
103479 8
4153190 20
106860 19
109929 13
110559 5
118909 23
126039 17
114639 16
118760 15
125859 6
119519 1
114069 1
104779 2
116769 11
107400 20
111059 6
109860 18
122779 15
114979 16
122839 21
120319 21
106099 21
118870 5
113449 14
110599 21
113169 17
114759 10
115699 14
111019 9
107509 21
109239 3
114739 17
126868 1
104090 9
110459 4
107499 5
123179 17
110189 3
105570 16
104639 10
111829 6
108810 7
110049 11
108999 12
111839 12
125069 9
110329 6
104480 8
115539 21
106599 17
112649 1
111569 21
118779 3
105469 1
11146270 21
134479 11
127979 22
131459 12
133069 21
134709 6
124659 19
129129 22
145369 16
126069 1
126359 5
128859 16
130550 20
133579 21
131390 22
139888 2
135190 9
133679 4
133269 2
135359 16
140819 4
135249 8
145559 18
127609 7
129219 15
139129 21
127779 17
140279 0
144329 2
129659 4
140939 11
127399 3
128449 17
134529 9
139099 2
134799 14
145939 0
145839 2
129719 2
131269 21
144479 16
128039 16
128039 13
135349 9
132699 23
140219 1
137929 18
140249 18
134569 23
131739 3
133110 2
132508 13
143578 2
127160 19
133119 10
139970 17
129959 6
129459 6
136849 18
149659 17
116759 13
126879 10
134039 13
138249 19
140099 22
137789 15
136029 20
10178367 15
141649 2
136289 23
132509 3
129679 15
127449 0
140049 13
138779 22
128799 8
131989 23
136849 6
130369 9
130939 18
137899 18
144619 9
132949 22
129440 2
136999 6
138259 23
142568 16
122619 5
126620 2
136649 9
133269 22
128289 8
130699 12
134739 6
128309 5
129379 22
145149 19
121769 4
126739 23
134949 5
138119 13
127129 12
132749 6
142989 6
139609 20
127049 17
137549 14
128170 19
136148 12
135348 21
130699 7
134759 17
127320 2
136699 5
138749 16
132019 4
131909 12
139709 18
137819 10
151699 10
127609 3
130919 5
132989 3
123459 18
126129 2
133149 4
147249 22
133269 20
125059 8
127209 2
124969 15
130759 14
132248 11
142168 22
143799 9
139059 3
125179 3
138948 1
125099 9
128219 12
123359 12
11139680 4
148919 3
146579 11
141129 20
135869 23
127499 2
129729 9
127219 11
149909 10
134859 8
129119 22
120459 21
131409 13
136209 10
126489 4
143699 22
123349 22
135289 20
132680 5
134748 17
129990 5
134359 17
136448 3
145890 10
122269 23
130219 11
133149 23
129639 11
128169 8
126149 10
149539 21
131989 16
133239 18
131389 22
135199 10
124229 14
135739 14
136179 4
137309 10
132699 22
135519 7
131589 21
130069 2
129279 0
136670 9
140548 6
121650 21
125709 7
132659 1
142389 19
132119 17
152359 20
128829 6
153399 19
122049 16
129819 11
132899 16
129389 4
131849 16
129129 6
142619 16
138249 10
131479 12
131909 15
128319 17
125839 4
130529 22
120839 18
10126177 2
97059 13
101879 19
98830 3
96169 14
88679 3
97180 7
87279 17
86829 16
88150 6
103099 17
91869 11
97010 19
94249 5
84769 6
84400 9
93719 14
88199 1
86790 5
83869 22
84219 5
101290 2
88899 22
86029 13
88379 7
85619 1
86660 11
86419 18
83850 10
89789 2
88769 5
89160 10
88929 22
97709 1
86939 14
92689 2
93109 10
87780 1
93319 2
90069 21
92240 6
96309 17
87569 9
89210 8
93499 17
88749 22
87290 6
92949 23
90119 11
91580 0
91389 3
86269 7
91140 4
90269 12
88410 23
101869 18
87269 13
93930 22
84589 3
91919 11
89460 3
87689 11
92829 2
89000 6
92799 16
92939 1
99900 4
91569 15
89929 14
89700 1
87099 10
86500 9
89490 16
88269 10
89840 9
87420 5
87859 19
90790 22
88709 11
86809 11
90710 10
88639 17
85480 14
87460 9
93469 7
88790 3
86500 13
88459 15
101949 14
90239 10
95979 19
95280 20
91000 18
95029 5
87130 10
89200 2
88939 3
92329 0
86410 1
104439 9
83769 0
87440 16
88539 18
88310 21
94409 4
87089 18
92010 11
89809 8
85540 14
90540 2
10127477 19
86519 7
91060 16
85449 16
80060 22
80809 10
84639 4
81809 14
86059 14
96520 20
97230 7
95169 20
78680 15
79950 12
85519 21
116639 22
83160 5
81169 17
85060 17
80339 8
81199 21
83799 5
78879 18
91709 7
79839 4
80320 7
79559 23
86600 2
80760 1
81989 8
80540 2
81709 14
79879 14
90189 3
80179 15
91460 9
79739 15
82199 17
80369 11
84359 14
82920 11
82159 21
84480 3
84779 22
101059 12
96649 21
101340 20
81389 20
95549 11
81260 21
83969 5
80970 10
81100 8
81270 20
79199 22
79489 23
81580 7
80419 1
95350 19
86789 13
89819 3
92259 12
86539 10
80159 23
78940 20
85269 23
81460 1
94279 8
101299 13
106179 2
80669 9
81159 20
78920 22
85099 12
82129 1
84540 20
85669 19
82560 14
80549 5
80450 17
78930 14
91109 2
76080 23
80839 0
91950 17
91459 15
82179 15
83650 17
84649 22
83819 12
83689 11
90479 4
82829 18
88999 21
80599 6
85350 4
82439 14
80380 15
84389 9
83260 18
86319 6
81699 9
86569 7
80139 19
83580 15
120659 19
87669 17
81829 12
80460 10
81609 15
82829 19
82190 17
82279 11
81480 6
84449 19
83949 1
84420 4
92319 13
79510 5
81599 23
79860 7
90530 15
81999 13
80680 18
82009 9
82970 12
80120 11
80709 0
88039 17
91659 16
87039 8
88420 8
76889 12
83110 21
77089 10
88940 13
84940 15
81949 2
81860 16
81349 23
82649 14
95170 20
79899 9
76660 21
80259 13
80399 15
81529 21
82229 17
83480 1
84849 19
77470 0
83049 0
85669 15
89870 16
81909 6
80079 18
81920 20
79839 16
80260 14
78769 4
78630 1
80929 23
81720 6
86480 5
82769 16
91590 1
79069 17
81990 7
81040 2
81419 13
86840 7
82159 5
79690 4
84460 17
85339 14
81960 14
81699 8
93000 21
79009 15
86359 18
86210 9
88379 20
100319 8
86170 3
85449 6
82190 10
80809 3
87749 5
93259 11
84599 23
80079 15
80060 8
80089 17
81990 19
81599 14
80840 15
79689 14
88119 10
99040 8
89110 0
96309 20
84010 3
88939 8
86619 20
81420 23
80009 9
80200 21
80699 16
80570 7
79559 0
80039 6
85130 5
91289 21
81039 4
87840 14
93609 2
86309 10
83439 18
81009 5
82270 10
85419 7
86279 4
89089 22
80969 20
100439 12
80829 12
80919 13
87430 20
84549 4
85609 18
79309 4
80799 4
77430 22
80159 4
78940 21
81349 6
21094649 11
83009 17
70870 10
69799 22
68950 18
69310 14
69580 10
70790 9
71950 12
70849 18
68469 11
70240 17
69769 10
72599 17
78159 6
69540 18
69729 3
72110 5
68669 20
69770 2
70059 6
72340 4
74099 19
70970 12
71169 12
70600 14
66789 23
68170 20
77239 6
69320 14
69909 2
70700 10
72249 20
72800 15
68639 7
70780 8
75719 6
70279 7
70109 12
73639 9
69369 17
71420 0
78060 21
68930 4
69179 21
70040 16
69699 23
71629 18
69940 8
71180 13
69480 23
70880 21
70330 19
70510 9
69899 8
73779 14
78679 2
67939 15
69820 9
68019 23
69710 22
70409 0
70370 0
72659 15
69540 16
77649 17
83500 21
86039 3
71440 3
79790 9
73029 2
71450 23
70370 6
71639 8
70379 21
70319 16
71159 0
83809 10
82819 23
71890 20
70989 7
71800 10
70539 6
79100 2
70629 19
69350 4
74819 12
70880 21
72040 6
72259 11
71470 15
69360 5
70969 6
72860 20
70940 21
71640 14
68730 9
78019 5
69669 16
70040 12
70830 5
74319 10
70990 21
69759 5
69870 16
79129 21
70640 0
71529 2
70660 12
72419 6
72190 1
83719 21
70209 4
71029 19
70189 23
70940 20
72179 5
71740 20
70739 11
74369 12
69649 4
69870 22
71860 20
72490 5
114259 17
71420 8
71600 15
69789 16
69849 14
70579 0
70620 6
70299 6
77799 11
73389 1
70589 10
71769 21
70070 20
71179 5
83750 10
70839 8
71560 11
69659 9
70880 7
75389 3
72030 9
70979 5
72640 16
74999 18
71780 21
73410 9
72780 11
82560 12
71469 19
70359 14
72230 14
70130 22
69300 16
69880 18
72720 17
76259 13
71929 19
72440 21
71539 15
74000 23
69589 3
82010 1
70719 13
70650 23
71059 20
70250 20
72909 10
72780 23
70749 6
70880 15
71929 6
71279 22
70390 0
69759 17
72009 2
78399 7
68480 15
70180 19
70490 1
70549 16
71269 12
68450 3
71469 14
68520 2
69990 7
69289 1
71629 10
69879 4
72550 0
80969 21
73820 1
70999 23
72690 11
71239 0
72570 3
70029 19
72060 19
70999 20
70200 23
82409 7
84369 1
83350 0
69999 5
77520 15
71039 4
72710 4
71759 14
69420 19
71919 22
69290 7
80359 23
84809 11
81950 5
72699 12
69929 11
71179 1
81260 20
70919 13
72750 21
71579 18
72730 7
73219 10
71160 5
70909 19
