284598 0
206088 3
226708 1
330217 7
266598 0
205088 4
200269 7
202168 6
191009 7
191968 7
224288 1
201669 6
188989 6
189518 5
190009 4
198288 4
196459 5
203978 3
197049 1
200968 0
213269 6
199389 1
380537 6
204069 5
201528 5
193289 0
163178 6
445747 4
204558 2
219209 4
225958 7
210999 2
218419 5
200308 7
228899 6
281788 7
205459 6
169559 7
193439 2
201318 3
199438 0
212558 6
231828 0
262847 6
219538 2
209158 6
215049 3
243608 7
209758 5
227278 5
213059 0
261088 2
215808 1
213909 5
210828 1
214828 0
238099 0
209468 6
216798 4
220629 7
238138 5
214178 0
207239 5
224368 2
219218 6
216499 0
193328 0
193269 2
208438 4
242998 7
237009 6
234158 2
221188 0
221708 3
195799 2
210408 1
235619 4
269747 0
191769 1
271558 2
221518 5
222968 3
215929 1
245448 5
277308 4
279438 5
259758 3
212158 6
185359 1
168778 0
176788 1
172339 6
229508 0
235768 1
163019 3
192888 0
247469 0
285987 0
222648 6
193058 1
221378 1
242689 7
278208 7
238098 0
255638 6
221678 5
209029 2
199568 7
209188 5
215198 1
212588 0
215659 4
196218 3
226248 3
226729 5
210228 3
209509 2
214429 7
212218 5
223669 0
211598 5
208688 0
213889 4
181648 5
202849 5
153959 5
189508 7
189709 2
247368 7
273358 4
180278 4
192729 4
188209 7
160449 6
218639 0
210339 7
220218 3
174329 2
191219 6
197399 6
179799 1
217748 7
227168 3
334628 2
255428 4
192328 0
182309 0
178049 0
200538 0
174969 5
181068 3
197839 1
195358 5
205839 4
193518 5
196969 1
196438 6
201329 1
195298 7
201749 0
189238 7
196758 2
188008 4
197338 2
194618 0
186938 2
178019 0
159549 0
175258 2
191509 6
194278 6
249028 6
185749 3
196148 2
220079 1
187198 4
196349 5
221218 5
269258 5
185909 5
200348 0
206699 7
203668 6
249598 5
247668 2
306088 5
249588 3
237208 7
193619 7
191028 0
221359 4
198439 6
237108 5
193129 0
206448 6
206499 4
223168 0
207148 2
199738 4
213268 0
209809 7
230209 3
197838 4
203219 7
220338 5
230868 7
206699 6
169449 0
138599 5
169189 2
174759 2
227218 6
240018 1
245629 7
209429 1
207778 1
188679 3
218628 6
236518 1
260278 1
209859 1
213778 1
213229 4
203749 1
227838 5
311938 1
276478 1
233088 4
167779 1
177198 2
157588 7
136199 2
166909 6
159149 5
204208 4
200899 0
162499 0
181898 4
208428 7
223379 3
225468 1
154209 7
153768 0
195618 3
178239 3
233218 7
228388 2
217808 6
220798 1
193518 0
200848 0
198909 4
192739 1
180009 1
181908 4
199069 5
190788 0
194599 6
183158 1
188189 7
181238 4
203898 0
192259 5
195278 0
180129 5
194618 1
187419 5
208098 5
179439 5
190138 7
182019 6
207438 4
157538 2
169309 4
194619 2
221779 2
223248 5
197999 1
224098 1
186268 7
221968 4
252818 1
246308 2
172939 6
192319 5
217609 4
301237 4
225199 1
263427 2
330487 6
278818 3
202158 0
205609 1
210678 6
216788 2
194858 4
205799 7
219709 3
210898 2
213349 1
215588 2
199558 5
203339 5
223368 5
205119 5
207618 7
210788 2
204049 0
210988 7
202339 1
203548 4
159639 0
206408 3
222209 6
219888 3
247488 5
221679 1
233519 0
212348 0
212499 0
282507 4
232359 0
169178 4
178829 4
182558 1
193849 3
198828 1
232088 1
305868 5
236949 3
224068 0
217708 2
181559 1
193578 2
184289 4
194039 3
229589 7
192348 4
195339 5
193958 1
210259 6
217638 7
183439 7
203128 3
198829 6
204128 3
203619 5
185319 7
179989 7
188538 6
177669 0
165599 1
172728 7
162609 0
181569 6
215948 1
233408 7
209579 3
184748 0
205279 3
207388 0
227529 3
212198 3
187309 2
175949 0
191709 6
182469 2
193839 3
182668 2
244109 1
272018 5
248107 2
198348 1
215008 7
204458 3
183859 3
166258 3
175139 5
178588 1
228049 6
202298 3
172229 7
202049 3
230848 1
239748 3
223508 3
187329 2
200418 5
187979 3
203448 2
289418 0
201959 0
204628 1
213858 7
206309 6
223328 0
212048 5
213778 2
225198 4
207308 5
228709 1
204708 1
213689 1
215899 1
204058 5
237178 2
224208 1
215168 1
200949 4
223198 5
211698 2
202039 2
204778 3
214969 5
243748 7
148089 0
158558 4
161298 4
190799 1
243718 7
166969 2
199078 3
165859 5
174088 2
168158 2
203189 2
178768 6
182239 5
174309 1
175828 1
185909 1
178409 3
213398 5
246888 0
275848 0
249308 0
240298 4
192959 6
167388 7
169558 6
189849 3
169918 5
167619 2
166479 1
175528 3
186129 4
169009 7
160099 0
180758 3
185939 4
183149 5
189788 3
183289 3
184578 1
169689 6
171159 4
165008 2
190748 7
169199 3
157099 1
159619 4
156809 1
155849 7
182289 0
203069 6
186219 6
189179 5
185959 6
185989 6
176509 3
184019 2
175618 7
176239 1
170409 1
248658 6
215108 5
269238 5
326487 4
297387 5
237618 7
218289 6
195938 2
298308 4
186618 0
207058 5
195228 6
208198 4
202768 0
193499 3
208458 3
201849 3
219438 1
196099 6
197938 5
191799 4
201978 7
221249 7
192729 1
211218 1
176199 2
166419 3
232638 2
162519 5
190278 3
197129 7
226268 4
219898 4
200259 4
373607 5
170639 6
243968 2
193828 2
381806 1
194069 7
221098 5
194199 7
210718 6
187779 2
232818 5
254028 0
223048 4
208769 7
219088 4
162089 2
166139 6
134559 2
148429 0
143499 3
198529 4
168019 0
165888 6
178369 0
177179 4
185488 3
170609 0
170659 1
195828 6
182939 2
254598 2
233968 3
228908 6
203389 0
200548 6
183009 4
179609 0
186239 4
175299 7
168779 1
171728 3
167959 1
183689 7
193399 2
165799 3
186008 2
183869 4
164779 0
175569 4
189949 1
172869 5
183259 7
184489 3
174908 5
197279 4
159989 7
155708 1
163818 6
159749 6
171269 4
212788 3
167149 7
167699 0
183138 0
172369 2
173138 3
232038 0
202018 3
206759 0
207158 2
165439 1
219868 3
198149 2
194268 0
196989 5
247328 6
293768 6
255078 2
240118 3
207228 7
189969 1
181648 3
207599 7
195428 5
218989 2
207488 7
192279 3
192118 1
197339 0
199458 5
211429 7
201629 7
197298 2
202889 4
221418 3
202779 4
213888 3
208269 5
191258 2
174559 0
176489 1
174698 1
216478 4
212859 6
239558 1
205538 4
209179 3
185688 1
220149 4
252248 4
206108 2
209929 1
200988 0
206878 5
199129 6
305958 2
287718 3
319798 6
187239 4
197978 5
184589 3
164699 3
176719 0
179409 0
174198 3
160908 0
172039 0
176848 3
194618 4
172339 4
172319 1
178028 3
180519 1
186018 6
195979 2
170458 0
166948 3
182549 5
182589 1
178539 6
181429 6
166609 6
145069 7
157679 0
164389 5
163669 3
203698 6
182509 3
188288 6
182099 6
180339 4
188948 4
173019 3
197388 2
198119 5
191078 0
166249 1
170539 1
168979 2
180889 3
214299 2
231069 1
317267 4
269658 6
193979 0
204258 1
223608 0
147658 1
160909 6
168419 7
206818 5
172449 3
131869 1
185848 6
236639 6
191378 4
236448 6
158908 4
183439 2
190608 6
167489 6
248399 6
239749 5
239309 1
266958 0
192508 0
213848 4
189378 6
199938 6
198908 3
209128 5
220568 0
194918 0
195719 0
205198 3
208379 3
220898 7
205608 4
200348 0
206558 4
232988 4
215098 5
213168 3
211679 6
196638 3
182999 2
172688 5
166498 7
194139 5
208128 1
255118 7
195679 7
214678 5
200999 4
202178 4
256768 7
215419 6
219678 1
202188 6
196919 7
255998 1
270048 1
246428 3
259848 5
226738 1
172079 4
163499 4
170858 4
177839 5
204169 0
182369 3
182309 2
182248 3
168279 1
177669 5
198908 7
186529 3
175028 0
172979 1
191669 4
191959 3
185289 5
176118 1
184469 2
196449 2
234929 7
172278 5
151379 0
164099 6
148519 0
158629 7
178638 0
195589 3
190299 0
181938 6
174609 6
150489 2
179809 0
189699 6
195078 3
177159 4
158369 3
173288 7
168369 0
249898 7
180949 3
187148 7
236358 7
271947 3
200098 0
216148 6
200899 2
186128 7
176139 0
175449 0
163379 6
172308 3
175109 5
183608 3
168649 7
163629 6
171849 7
176638 3
185189 2
164429 1
175728 4
175209 1
174628 4
179209 6
181879 0
170939 2
177008 3
165559 3
150209 1
152349 2
162599 1
159069 2
165029 5
223898 0
182089 0
177559 5
190169 3
168169 3
175498 7
198149 1
174569 7
232639 7
190248 1
161099 7
202379 7
210758 7
221258 3
215019 3
335327 7
319658 0
259818 4
203198 3
158779 2
143399 7
147329 2
194228 5
167379 7
226198 5
155409 4
174119 5
228698 7
199108 2
221059 3
179678 2
171888 0
225818 5
214338 6
273148 7
283278 5
292388 1
228868 2
200538 1
199278 0
189498 2
220029 5
199878 4
195049 1
202288 4
217858 6
230428 1
203298 1
200219 7
208498 3
227838 2
205479 2
194099 2
196629 0
214208 5
223528 3
200149 7
161938 6
180878 4
183489 0
191018 1
222449 6
254319 2
199268 6
206229 2
222608 2
205538 2
228229 0
195948 4
191759 6
216848 0
170689 0
180888 5
275858 3
195739 3
334937 6
189979 5
186628 0
170009 7
193449 4
167649 0
176419 3
178808 5
185889 4
179869 5
200218 7
177769 2
175649 0
174508 3
172009 2
185669 1
193199 4
174299 3
194818 0
177389 5
177608 7
196438 3
175619 4
176708 7
185349 7
181678 3
182878 4
156119 0
138259 5
147649 5
165249 2
185879 4
231038 2
181619 4
185108 7
181338 2
173189 3
193958 6
189008 3
195079 4
183898 3
181819 6
172538 5
208779 2
200638 2
203539 2
252488 4
181548 4
216988 2
203728 5
191179 5
198458 7
196299 3
216928 6
191939 7
198338 2
283278 4
216939 2
192129 1
195169 5
205658 7
212968 3
222689 4
205399 3
195828 7
198899 4
198968 2
215689 6
184529 2
192969 6
195909 1
170249 2
161099 2
200398 5
192968 7
205628 1
235739 5
245179 4
201778 4
228138 6
213729 1
207348 1
224648 7
189279 1
192388 2
204628 4
206219 0
224059 2
205298 2
277228 7
200088 2
235489 2
192898 7
203559 5
180118 3
151279 3
157859 1
195878 2
159488 5
188609 3
168979 0
136179 4
165659 5
209729 6
180548 4
191429 4
180899 3
152969 4
198609 6
201938 7
251959 2
199359 7
184349 1
197049 0
190329 7
178389 0
174609 1
177369 3
191779 0
