216638 10
110369 19
101449 15
106969 4
102589 9
106819 6
104169 17
116099 12
107699 21
105799 11
111639 6
119969 17
108739 12
112489 19
107439 1
106979 12
125929 16
124349 22
152768 20
145608 19
144069 20
153989 15
132329 6
134178 13
137519 22
151599 21
144818 19
149469 1
157418 9
132168 12
131779 1
131269 17
120819 18
138319 20
156918 4
116549 7
126649 23
107499 3
139599 5
152418 20
124578 4
104029 17
122809 18
158989 11
168408 3
167209 12
128759 16
125450 20
131489 2
132109 18
158539 21
131798 3
136009 16
174539 15
154538 15
138929 15
125889 21
109379 22
114859 19
123159 4
114709 2
121529 6
112619 18
117979 20
115468 3
122398 9
119229 22
109289 6
107359 16
122539 7
112209 5
107049 13
138649 14
130189 14
115979 3
113779 18
104809 20
157558 23
118409 2
125999 7
120489 14
121009 11
113059 18
112999 14
114499 22
118359 10
157698 21
111869 18
121349 20
111129 9
127839 22
125039 6
127679 8
128219 20
119859 18
117448 19
108179 9
103400 23
108579 3
100899 20
109819 17
106999 0
126289 2
121089 2
107259 19
114148 14
115539 23
114299 11
122828 14
106339 20
106810 2
125849 13
117759 11
112249 14
122469 9
111099 15
118169 14
122019 14
115099 22
116519 7
116809 14
109069 13
107899 4
102959 8
117269 5
146148 22
163818 5
133019 16
132049 21
137849 23
121509 13
143379 11
147278 15
121928 12
144728 5
135359 3
119419 17
121559 14
111929 3
113989 11
126829 14
123659 0
116459 19
134709 23
142669 9
190128 6
139629 18
126059 6
109699 21
131858 14
165368 6
144029 9
136998 4
134119 4
143138 13
149199 14
133839 22
147759 18
124609 10
104519 14
99509 14
111049 23
109819 2
106049 3
100299 12
107999 18
112930 16
114119 7
113218 0
112359 16
109869 19
100899 1
111579 4
106999 8
118839 23
159429 3
113889 12
107509 18
101789 1
103959 16
117949 10
100319 9
114949 19
106589 18
112899 11
101859 22
97049 18
98419 15
97899 21
101770 22
116270 5
102720 0
106319 3
133358 15
115419 5
118439 2
106409 3
102839 7
102730 9
122608 4
118888 8
121729 22
121549 8
116809 13
100949 0
101749 19
96979 12
101239 19
96839 23
101129 3
95429 8
103819 23
112769 18
116489 10
108219 5
103659 22
97379 15
105909 0
105239 14
100779 10
106429 13
107759 14
102049 14
104119 11
98230 17
101039 9
102779 8
103249 11
98909 8
100749 11
102649 22
113999 23
146219 6
145719 1
116489 17
144139 5
107709 19
119749 4
112329 23
128109 21
114599 3
105499 17
121819 16
100519 19
103179 2
97119 5
97599 0
91019 23
172019 1
123398 20
125859 2
108408 10
109810 4
108899 8
102450 12
107979 22
113710 13
144838 14
124999 23
119709 17
118579 7
102369 1
105899 22
111349 15
97959 8
109759 17
105869 19
101399 10
99969 18
100139 7
104159 1
103270 23
103449 8
107669 16
104199 6
113049 17
100849 17
107219 5
113809 0
113049 6
101189 10
96779 7
101739 21
101859 15
115989 22
100149 4
99379 21
106829 22
106340 5
96890 3
107319 14
102599 11
103559 20
106229 17
122459 7
106259 19
103199 19
123789 2
112408 7
103850 3
107639 21
100319 17
102669 8
113789 12
112509 9
100209 17
106589 15
102439 3
97309 17
99549 16
102989 13
103980 3
105790 0
110579 19
100810 22
98350 14
114729 11
103359 2
112039 5
106739 10
110519 16
106019 17
118569 15
106379 16
102279 5
99249 23
98119 2
96009 13
99569 21
100839 10
100520 20
109979 5
125398 17
113579 17
163019 21
131479 6
130339 4
112839 16
156179 0
206168 8
125679 0
136279 11
121799 15
117999 7
107620 23
104179 18
104589 11
114019 3
112369 2
115909 16
145948 17
117929 16
111669 19
102809 7
100620 11
104070 6
125489 21
94259 23
112459 18
117670 12
111508 15
103570 4
97010 23
94550 7
95349 21
122489 9
97979 23
94769 16
103479 4
90509 6
104539 13
102799 8
107459 1
96499 19
96809 0
110919 22
99939 11
101119 6
96959 6
99229 1
113459 7
94359 21
103449 8
93939 7
99510 13
108888 16
94140 19
99109 1
93959 16
92059 22
92219 23
97539 12
92499 0
98090 7
103919 8
106899 17
99659 23
95149 22
98409 2
103709 5
107459 2
95600 2
99990 17
93609 16
93689 15
110439 11
96919 4
95739 2
95049 21
96689 1
94940 5
100159 3
100970 0
95469 16
95309 13
109619 5
98969 12
100639 0
102079 4
99389 5
98470 3
97459 8
94029 9
96129 13
93749 8
97129 22
121929 8
106779 7
102569 7
102699 23
102269 12
103709 0
101959 22
108239 20
108610 19
151079 8
104379 22
117389 7
145069 14
127749 6
115448 8
135308 7
114889 5
139289 11
119529 2
107969 5
117919 4
112309 23
118169 7
116109 14
109929 16
113669 16
107239 10
135138 13
124758 7
111969 7
105110 11
104688 11
107159 20
108488 13
130089 13
119709 23
116249 21
104489 23
119609 13
110109 21
105079 10
112979 4
105059 14
112229 10
99939 9
106879 0
101499 8
108588 14
100700 23
102219 23
99679 17
98739 14
102099 22
111399 10
104179 8
100359 19
103479 22
109649 15
111449 23
111019 2
104729 4
100409 15
119179 2
109389 22
107279 1
101630 0
102979 22
104868 16
112590 5
103210 4
100919 3
99129 18
123529 13
107879 6
107609 5
104169 23
102539 9
165578 17
147499 7
137199 15
116009 14
100069 15
105249 21
100799 19
106369 18
110109 15
104129 6
127109 18
131729 19
145068 18
101119 12
104219 13
101549 15
106760 23
113639 9
103209 5
101949 2
102719 20
163038 20
93919 12
97890 11
98619 13
98849 13
95499 18
101389 5
101979 4
98959 6
106769 1
103109 3
104560 15
106828 14
99059 9
109659 5
131439 5
122288 5
185079 0
123079 7
113299 1
108319 18
98579 13
111929 4
108589 15
114749 14
103599 20
105069 13
113569 4
102569 3
97859 20
101509 3
116189 19
121849 16
111869 8
94819 9
101229 22
108719 19
114299 13
100219 14
114639 19
114109 9
109099 13
95689 21
97779 17
102380 21
110870 17
96379 1
91639 11
98259 17
96819 12
99559 2
103619 1
97039 7
100619 5
106419 18
115619 18
100999 21
101629 21
104768 3
108019 7
110339 7
105199 7
103369 8
95459 6
98889 12
111289 12
148518 9
158059 18
150379 17
148588 0
151779 22
131089 9
137519 7
123519 18
115668 3
107228 13
114528 2
165589 2
138969 8
100009 21
115839 17
95339 17
102909 14
120759 9
101309 6
96839 9
101629 23
103739 4
130939 2
154019 8
113339 11
107370 6
116419 12
116259 23
131929 14
120129 8
142199 12
163338 2
121830 3
116779 21
112559 4
109080 11
121889 6
118509 1
134399 17
138549 13
126198 2
106130 6
108549 6
113359 6
120169 4
110550 4
111279 21
128018 22
174009 6
148819 22
120899 19
150149 9
140689 0
127319 9
148488 21
164159 9
120789 18
130478 23
121888 23
124249 22
118209 18
124729 1
140999 4
125839 7
165198 18
159899 7
161018 10
138559 17
131129 11
131649 0
118238 23
132958 17
150509 12
163839 0
140838 0
151179 9
167348 4
145959 13
134309 20
115429 6
118309 9
131328 22
117679 0
126009 17
137409 1
109669 1
106269 19
112949 1
113969 22
117859 23
108459 2
120869 19
149679 7
104719 22
119479 9
122978 10
121319 19
106539 0
113019 3
109099 13
105259 11
151589 19
102409 18
99879 23
109299 1
104749 4
104710 9
108819 6
98359 5
101669 15
114189 5
96900 22
96629 1
101349 9
106539 18
134889 3
107429 19
97069 17
104729 9
94009 2
110289 21
96869 17
97919 23
101189 23
103599 11
103350 1
99439 7
97849 18
109279 21
117729 6
98939 7
95329 11
94999 1
98599 2
100289 7
121949 10
111369 12
95429 18
107749 1
114669 2
95169 15
101919 7
98099 3
96869 17
94039 23
100299 21
109009 6
97469 2
102159 6
122859 20
103309 0
94109 14
96979 0
100390 6
119279 5
151919 20
118449 4
162138 22
139118 3
111369 16
129089 23
140499 5
111329 7
125829 1
133289 1
133169 0
130749 17
118309 21
120949 9
124519 23
99329 23
108589 12
126549 9
135979 7
155988 19
174249 19
131359 7
122499 22
120929 21
141489 12
188888 16
130239 3
128069 1
144439 10
122528 15
112659 23
112888 18
105208 20
166679 7
142799 2
127499 21
138539 12
122529 23
138619 0
106819 19
109319 1
118609 11
99539 11
99729 6
95119 5
269098 5
104219 11
116869 0
101709 11
109779 13
97219 8
101239 16
98859 0
97529 20
96079 3
95689 19
101469 9
98629 7
94579 23
115679 0
99259 6
93189 6
93239 0
95309 10
92879 23
106679 8
94989 16
97439 22
109369 13
126409 16
98219 6
94779 18
92269 2
92509 9
90590 20
89280 16
91029 2
90459 0
93179 8
115209 18
91659 3
93510 14
95969 21
88529 7
95319 1
96569 12
88310 8
95279 9
91779 21
94139 9
110819 6
88599 23
85669 23
95059 15
89830 10
94029 8
91829 19
92559 19
96519 16
91629 23
107548 9
92400 15
92719 9
93199 11
85479 23
89469 9
90989 13
96090 0
87779 9
120639 13
156818 6
101580 0
111050 18
111459 9
99779 5
118908 17
106008 2
91390 20
100719 9
100939 5
140369 15
92750 22
96329 10
91469 7
93929 5
93219 9
99200 23
107619 13
126789 21
189408 4
89500 2
87119 15
86509 23
89459 13
99050 9
93139 20
97479 10
103109 3
89519 8
103659 0
86449 16
88900 13
85620 9
85369 8
88819 2
87409 10
83350 13
84059 14
82879 21
85599 11
84599 19
103979 6
85709 23
85889 20
87699 19
87519 0
94880 4
85219 1
88389 0
98839 15
85469 17
87108 16
101849 16
86719 3
86819 1
86039 10
253328 19
82699 8
89749 8
86110 20
84949 14
94809 2
90539 0
89990 10
83630 16
91229 14
83609 8
86979 14
85240 15
89419 21
81939 18
86089 17
99130 19
103779 19
83660 20
87399 17
84739 10
82920 23
81020 10
85299 1
86379 4
84959 21
80140 17
84949 16
93219 10
88609 14
90440 21
89990 9
83979 4
85809 13
85519 6
87630 22
81649 19
87559 23
90039 0
82680 14
103770 21
81809 23
83709 4
86079 11
84219 3
83899 21
83779 2
86319 14
83409 18
85030 9
83889 23
102679 21
85529 15
83710 17
82690 3
89029 8
87139 11
82229 19
84910 6
87900 7
109949 0
124259 10
115749 3
112239 15
97880 17
97379 19
110799 1
91569 8
93259 19
91289 11
96720 2
93390 22
132678 22
88409 0
85290 6
90489 9
102989 5
92939 14
91859 22
88960 12
86189 3
85729 12
100989 12
113219 13
107809 15
137859 22
98519 7
87529 3
83419 5
