43639 5
28400 2
33760 5
33929 3
34230 9
35270 5
35679 7
40450 10
32969 7
33330 5
35980 6
35590 11
33850 2
48410 8
29569 3
36020 0
32280 11
46019 4
37210 6
32570 9
41359 3
36870 4
35689 2
38579 4
36360 5
38709 2
37000 7
40199 9
42990 8
39160 2
32019 9
30240 7
40670 2
35099 5
33629 3
33210 11
41789 3
34070 6
36180 7
45439 4
42500 7
44119 11
33930 2
35729 0
36950 3
34760 6
36010 2
36899 9
37660 2
35320 8
76639 7
51640 3
51980 11
53180 5
52869 6
53389 11
54099 3
73729 4
52769 9
51760 10
53279 6
53790 2
52549 11
50630 3
54980 6
52360 0
50399 1
58439 8
50480 8
50739 5
50750 6
54399 8
49840 5
51579 3
49650 0
50049 6
52950 4
49629 9
63620 4
49209 9
52010 10
51009 11
51670 0
51499 11
52300 11
50219 10
61570 4
50859 3
51909 0
50100 9
50710 4
49889 5
56889 4
51729 10
50889 5
53079 0
50399 5
51649 1
52069 1
51740 7
61039 11
53110 6
51119 6
57190 4
57669 10
54320 4
49250 8
51550 4
49820 10
52300 0
52809 1
51210 2
53219 4
50620 1
49670 8
53949 5
51119 7
52829 11
59540 0
53199 4
50510 6
51499 2
49760 10
52379 2
50160 11
53859 10
51010 0
49389 9
51360 6
51719 10
50320 2
49819 0
51540 11
54139 4
52600 3
51029 6
56250 1
62219 4
52860 2
57299 4
53369 11
54790 3
54089 5
53840 6
54769 9
53040 6
53869 10
51790 0
51729 6
54549 3
75150 11
56919 7
53870 1
51169 2
51930 7
51800 6
51309 3
51200 6
51080 6
52420 2
52120 1
51669 7
51859 8
52539 3
53259 5
53520 2
51249 1
53290 3
53799 6
60620 4
50439 1
50530 8
51299 7
51450 1
62579 4
49090 10
52250 1
52529 6
50569 7
52690 8
53730 8
52639 3
52870 11
54199 3
52399 3
57559 8
53400 1
58069 5
51090 11
50039 7
51660 1
53139 8
52180 1
53929 6
51519 6
50710 10
64040 4
51809 6
51509 7
52579 1
60660 6
52929 6
50840 10
50649 5
50370 5
50639 11
52220 7
50759 0
51740 10
52439 11
51420 11
53799 5
52630 11
51009 9
53150 2
52299 1
52350 5
52979 6
57019 5
51529 6
50270 11
50360 10
50780 8
52200 9
52270 1
52810 3
53069 1
50709 3
50430 8
51329 9
55210 5
51419 8
50919 9
50920 0
51169 0
53580 5
52229 9
55230 0
49009 1
50140 5
49469 11
50830 9
51249 9
49920 5
50109 11
51040 11
51379 10
54310 2
51599 8
52090 11
80119 2
51360 11
50479 1
50780 5
52279 1
53459 10
54190 6
51209 3
53909 0
58209 4
49700 4
49249 2
53070 3
51849 7
51530 10
53779 5
51740 3
52329 0
56080 7
51459 11
58670 4
51060 3
55530 3
51849 2
51200 5
52809 0
51040 9
52830 10
53919 3
50329 10
51079 1
50359 0
50799 0
53609 8
53450 1
52489 9
52179 1
56260 8
52669 8
51870 5
53859 6
52130 3
52729 0
51740 2
51729 6
51620 7
52819 2
51410 8
57159 5
53729 10
61929 8
53190 0
51239 5
52450 3
54239 2
51989 0
53139 6
70929 4
50770 2
51029 7
53770 0
52939 6
51610 3
50849 2
49630 2
50379 10
50870 8
50429 7
56260 3
49839 10
55650 7
50599 2
52279 8
50729 8
49759 1
51619 0
56390 4
53269 3
53589 11
50749 7
50139 0
53099 9
53240 11
53439 1
51479 1
52699 5
54969 9
57360 11
52069 0
51650 9
50379 10
52400 8
52099 5
53620 10
51709 2
51460 7
50409 3
51240 6
52799 9
51850 10
63079 3
52840 8
53509 10
50550 11
50669 5
50890 5
52449 10
53979 6
51049 0
51469 5
52109 6
54790 6
55239 7
52660 2
51180 11
52689 0
50330 0
55799 4
57370 8
53789 4
49900 4
49009 8
52540 3
51839 3
53190 10
49689 0
52180 10
51549 0
50440 5
51949 10
50760 5
51249 8
57180 4
49610 9
49470 1
50869 8
52349 6
55919 5
52720 2
51099 1
52449 5
51640 0
50470 6
51179 3
50799 11
53059 10
51680 3
50810 6
51709 2
53220 10
60179 2
52720 10
53389 11
52760 1
53309 5
51590 1
51199 6
56680 4
49440 3
53230 10
51200 9
54489 3
57229 4
49410 5
54280 10
53409 0
52119 3
50599 11
57260 1
50259 2
51300 2
52369 11
52800 9
50749 7
55930 4
48639 5
51510 8
49759 1
51910 5
58719 4
48530 1
50880 11
52380 7
51590 9
51479 3
54649 6
55210 0
59360 6
50529 9
51050 2
50389 10
50750 3
47889 11
51120 9
51019 3
50550 5
51679 1
50900 8
50809 7
51290 9
60299 9
51789 0
51410 11
53889 11
51940 8
51199 2
51340 0
51169 8
51940 8
51999 0
51960 11
52829 11
53350 6
58499 4
51299 6
53509 5
51790 6
51449 7
57140 11
55239 4
50569 1
50710 7
51729 10
51080 11
52889 11
50170 5
50979 8
49770 6
52939 9
51670 6
50859 8
51930 11
52789 11
51080 10
49569 1
51700 0
51369 6
49990 6
56789 9
50660 3
50369 0
51100 8
50359 2
52570 6
50079 11
51360 11
50159 2
52000 1
50079 11
52139 11
