66970 11
40379 0
48629 5
48819 0
57999 4
46710 3
36130 4
41730 6
58459 0
42400 10
41499 10
39150 0
46989 5
44219 5
42259 10
63900 3
40249 9
59020 4
42920 0
50480 3
48840 11
36920 5
48030 0
42420 9
55060 5
36149 8
41590 10
46949 10
45170 8
61669 1
60280 5
49639 3
63419 7
57909 11
45399 1
67169 9
46690 3
51839 10
47400 5
51559 0
50290 8
42150 2
44340 5
38490 10
41850 10
45619 6
40210 3
41990 1
27050 4
25630 2
81760 5
53879 10
55519 6
58899 6
50939 5
52800 9
56419 1
51970 4
74739 3
54869 5
55800 8
53069 5
56939 10
51529 10
53320 8
51989 5
51610 11
55839 0
51480 11
54399 11
51170 4
51019 9
52370 11
51469 2
54769 3
70130 6
55839 10
51630 10
61399 3
56850 8
53999 4
51929 4
54859 1
53309 3
54569 4
59289 11
55720 6
57719 5
53190 7
53289 1
53620 8
51929 11
49460 0
52099 1
56129 10
55330 6
49779 5
54219 2
53370 9
54679 9
63149 4
54000 5
56559 2
54030 11
53910 0
53850 10
54260 8
52920 6
54270 2
55599 7
66230 3
55309 1
54140 2
54549 6
55250 2
51700 8
55069 4
60159 5
51989 10
251748 11
60739 3
62630 4
54759 2
62760 3
53240 10
58639 2
61600 11
60869 4
54800 8
59290 11
56129 1
64269 4
55249 7
58710 9
54069 7
59120 10
57029 2
52059 2
62180 3
59989 8
56400 2
53529 7
51360 10
56099 11
50950 10
55430 5
55130 10
55729 5
55899 9
66709 11
85869 11
57529 10
54360 7
53079 1
53940 8
52389 1
55210 10
52569 8
52660 6
77470 3
50029 11
52980 4
52919 6
54450 1
52859 5
55030 10
50079 5
66210 1
54910 5
54380 7
55189 8
55289 5
64390 3
55339 5
54239 4
55260 9
55469 0
55559 5
52820 6
57170 7
53049 11
60590 3
55759 10
50350 0
54459 9
58569 11
54429 6
54560 0
54439 2
56629 7
52000 2
54969 5
52040 5
53289 5
52160 5
55659 7
51150 8
57399 1
49660 10
61059 3
63969 8
54720 0
56049 7
54260 6
55519 6
57560 4
52299 6
54709 2
59850 3
49959 10
54659 0
54919 7
54740 5
53679 1
55260 6
54319 1
55160 2
60459 6
54950 4
56790 7
56149 7
55279 9
57629 7
52320 1
54149 2
57060 3
55109 6
58349 3
54219 7
56099 3
54559 4
56679 11
53430 7
55519 10
52520 10
63549 1
53929 11
55239 0
53730 7
55979 7
57329 10
56480 10
57249 8
54470 11
53569 3
51300 4
51309 1
52120 8
54460 4
53289 6
82839 8
51940 5
56759 1
56979 6
51680 2
55209 1
56450 11
56020 7
55340 5
56639 2
54600 7
55979 11
57280 5
52599 0
52770 5
53640 0
52599 5
64559 0
50170 6
54259 9
51889 10
57020 0
60269 7
52830 7
54939 2
52299 0
55949 4
53940 6
53930 6
50869 4
54819 2
51619 6
56670 6
55719 0
56100 1
62449 10
53770 4
55990 2
55579 10
54179 4
60939 3
50230 4
54039 9
58080 6
49889 10
55760 9
53809 10
69440 3
51019 9
52459 5
67410 6
54099 1
55720 9
52729 6
51999 6
54759 1
54910 4
53040 5
55100 9
54499 5
54139 8
53900 1
53429 10
51910 4
56519 7
59640 3
53720 2
56910 9
56390 9
52839 2
56290 8
57609 4
61140 3
52909 2
55809 1
55869 5
54330 2
55249 0
53119 8
54839 7
54669 3
49920 9
53669 0
51350 11
54869 8
51110 10
59819 7
51260 7
55139 2
52570 11
57569 9
58990 3
50000 2
57340 3
49480 1
56589 5
53070 11
56499 10
56150 3
51179 9
71449 3
59179 3
51470 5
58139 9
57310 0
56919 4
52520 1
59460 0
57370 4
55510 11
58009 11
57090 4
57139 2
56970 11
55089 8
65840 4
56140 4
55389 4
53420 4
58239 5
63729 3
51330 5
56439 7
53329 4
55689 9
52680 1
57729 7
53310 4
60569 3
48500 9
54409 5
58050 5
51160 11
62410 2
56660 10
56029 3
51340 2
58509 10
54460 9
57979 7
57000 3
51420 2
57439 9
57159 3
51839 4
56799 8
50119 5
58540 1
54379 11
55890 2
62940 11
55499 10
56210 9
55839 9
58840 3
53190 10
52020 10
55850 7
52639 2
56150 8
53699 0
56140 9
53369 2
57269 0
52219 1
56940 6
53959 5
62419 10
50590 1
57189 6
53730 4
54169 9
57080 1
57010 1
53989 6
54690 2
57460 0
55089 11
54709 10
54010 5
53449 11
54270 6
53209 0
55250 0
55439 7
10070750 0
51550 8
53229 10
55210 10
60109 3
49679 4
57049 6
53989 5
59600 3
51049 8
57089 4
51809 5
56990 6
52169 1
56670 7
71449 6
56190 6
55679 9
58840 8
59799 3
53399 10
59739 2
56020 4
61659 11
60119 11
57950 6
59819 5
57260 4
60300 7
61319 9
61890 4
67869 10
60269 0
59560 8
59189 11
57140 9
60839 8
59159 0
57699 1
61089 0
59440 2
59959 7
53790 4
58550 2
52789 4
60190 9
56999 4
59880 5
58829 10
59810 2
55749 2
58669 11
56679 6
64629 3
60909 10
56810 9
56090 5
60809 9
59549 7
59130 6
62159 11
59900 4
58409 10
59329 11
55950 4
