108816877 5
38760 6
40032504 2
139898573 5
60024972 6
8018079 4
40990 4
25300 1
42080 4
191842486 2
60008712 5
39998314 0
34660 2
19993847 6
18960188 0
18820 3
1010380 2
180038 4
25720 1
79766091 0
43739 2
19980967 3
29986767 2
118999174 6
24639 1
40964484 2
111919 0
35190 3
19871079 5
57982193 2
12080377 3
39953344 0
20028968 5
19966707 2
214538 7
44490 6
34059 0
58050 7
36450 0
56140 6
9615552 3
69920922 4
109997215 5
20011457 5
10009429 5
32979 1
18938738 0
47099 2
37630 2
36679 6
57189 5
20669 3
33220 3
58890 7
69683613 2
20063867 4
7962159 2
45300 4
60349 4
36680 0
40989 4
36780 2
56269 4
10706022 6
1046289 7
39955065 6
79996070 5
26769 1
25250 1
95889 4
20490 0
57590 4
39940465 3
106839 3
57969 5
19695531 0
28609 1
20190 3
20021787 6
40710 6
41529 5
18400 0
58350 6
37897787 3
11833849 0
28629 1
32190 3
109955966 2
140002311 6
28700 1
20158076 0
7848110 6
12005768 5
60319 5
19159 2
25930 1
18250 0
8869870 4
34390 2
55449 4
40800717 4
58995582 2
19008307 5
998750 0
35719 0
19951258 3
90031807 2
122179 2
29998856 7
59860143 6
28930 1
35070 3
18349 3
8966349 4
10966518 3
30011595 5
98962038 3
61003712 7
23500 1
19968288 2
20003397 2
23520 1
90090357 7
19926038 5
50075122 4
25790 1
27740 1
29390 3
19835239 2
19975087 7
77670 4
19924947 5
169987437 0
90013648 5
139993211 5
65029 4
64569 4
39874486 5
19990407 2
31210 1
28110 1
38479 0
27900 1
34840 0
26239 1
34540 0
58389 6
17729670 5
11998758 7
25600 1
24360 1
24640 1
108632948 0
19993868 2
51440 5
39964406 7
19990657 7
99996547 7
89999287 7
40002685 4
10078058 6
54820 2
33439 2
19832939 7
74849 2
39918526 3
80111098 4
34790 0
109858297 2
39995174 2
80130708 0
19880748 4
9038278 4
11071358 2
25760 1
19862229 6
18990277 2
17680 2
59520 6
30140 2
30895057 0
30027606 0
19977747 6
30960 0
33369 0
50067202 2
7884710 0
32066095 3
34160 2
79884291 6
29349 1
89370 4
42919 5
25960 1
129803164 2
20105927 3
99896397 0
20005777 4
61579 6
19926798 2
27160 1
38696858 4
60399 4
63069 4
78869540 0
43590 2
38999 0
9971209 4
63730 5
30879537 3
20005877 4
20112106 6
26500 1
89909 6
52869 3
139720744 4
19990967 2
40007985 6
19991627 0
76939 3
9985388 7
59460 5
28928547 4
58580 6
70891262 2
60009291 6
20003398 7
37119 2
35190 2
39927175 7
28880 1
69957541 2
20013897 5
19993278 5
39719 3
20399 3
39961615 0
19962618 2
59000492 0
1012910 3
66779 7
23820 3
9945879 6
19956678 7
79000989 5
26700 1
42840 5
58770 7
55659 5
58079 4
29566751 2
40099814 3
113378 3
38749008 5
51177901 7
19821709 0
19994918 2
70004820 6
27280 1
83059 3
39893956 6
18987638 0
63039 6
951440 2
49995053 4
134538 7
58858564 3
20200 3
17100 3
16640 3
57120 6
70886492 0
24760 3
79980790 5
8045838 5
56140 5
35559 0
18670 2
41230 5
11806130 6
62340 5
19935108 6
89995068 2
20007178 5
38999275 6
41869 0
1002950 4
19952968 2
151698 7
27090 1
39814857 3
20001627 2
100013576 6
68530 5
50839 5
58370 5
26430 1
19776310 2
47240 5
39962766 3
18778899 7
58040 7
56319 5
22870 2
56679 5
33860 2
55489 7
59470 4
57119 7
55970 5
99494652 3
20016058 6
37979275 0
35940 0
2017639 4
79956360 6
18990827 0
34819 0
34580 0
60932992 3
40002985 4
100007837 5
60079 2
109934246 5
213358 0
19810499 4
29976886 6
160529 0
36299 2
25570 1
35340 2
59749874 6
29420 1
40330 2
19910838 3
150004370 0
9132427 2
140864673 3
80000779 2
20007298 4
89990698 0
136558 5
79864131 2
10096758 6
68029 7
26050 1
89808230 3
45389 5
49953594 0
63840 6
38693788 3
20004247 2
19007038 5
35759 2
34560 3
26230 1
25749 1
35630 2
22000 3
58279 5
806892 4
21570 3
18931338 6
1010400 3
134558 7
39853627 5
78000060 6
1233318 4
34559 2
10737571 7
20078366 4
39909776 3
65049 4
27770 1
57929 4
29903427 6
59951493 4
35520 3
58967143 7
25189 1
995079 2
94279 6
84280 6
22049 1
57419 6
99711269 3
20006958 5
19999647 5
60005912 5
60939 6
19971768 0
56179 6
54419 6
59853734 5
40019385 2
109489 2
19866029 4
19993547 0
29250 1
19982287 4
18711141 4
90002858 4
62639 6
55079 6
26239 1
19858069 4
19990097 2
19014658 5
60986102 0
109997655 3
39810 0
28880 1
38419 3
39769 2
19863898 5
28300 1
26470 1
69942251 0
60026302 3
49003684 2
65010 6
39989 3
61780 7
56309 6
10739151 0
86649 6
19911449 0
20000757 0
20001737 0
59590 5
109942296 2
78699 6
9960999 5
28008196 4
57100 7
26449 1
11866150 0
20002068 2
87319 5
39923065 6
18994197 0
21087176 7
8946709 2
11067678 6
92469 7
35740 0
25900 1
33660 0
55899 6
59653495 3
43110 2
98700910 7
58069121 2
64360 7
31853217 5
41200 3
19960217 5
29997166 0
20001497 7
63080 4
39942245 5
39008605 7
68509 7
60916023 5
26190 1
25819 1
59349 7
58829 7
23270 1
79811311 4
20132976 0
59863083 2
10029358 2
66469 7
30011565 4
58649 4
26080 1
57798215 0
58729 7
31940097 3
111469 4
95279 6
39803076 5
38570 2
19983028 0
36130 0
60299 6
27560 1
17842909 2
56949 4
59229 7
41894426 6
60000692 6
34600 1
18965708 5
58640 6
180938846 7
89990908 0
130599 2
23760 1
