208067 2
33600 4
28180 5
26810 1
27929 6
29350 4
28680 3
59249 0
3620 1
29500 2
27380 1
27999 2
29340 4
29740 1
35179 1
27530 6
27010 7
27760 1
27719 4
27890 7
27880 7
28350 4
29690 6
32720 5
28750 6
38809 5
29340 3
36190 5
27239 6
27430 4
28500 1
33759 4
30380 1
32690 4
36090 4
32500 6
29979 3
30050 3
29820 7
30320 2
65949 0
29790 7
33409 6
64610 0
3680 4
30889 3
23790 2
24340 6
24090 3
23089 2
26880 7
24470 5
23499 6
22899 5
22890 7
24160 3
23470 1
24319 4
23230 1
24210 2
50479 0
9640 1
24200 7
23010 2
4030 2
23600 2
23120 3
23530 7
23670 1
22309 5
23579 2
47190 0
3830 2
23660 4
22830 5
23770 7
25150 7
24429 6
23260 1
24510 5
22450 5
23169 1
31900 1
24250 7
22120 1
22200 1
24039 3
23480 5
23040 3
22710 1
23220 3
22310 4
23270 5
23510 1
23600 3
23730 2
47780 0
3890 6
22880 2
23290 5
10540 5
24440 3
24310 7
23370 1
23839 5
24910 1
31150 1
23749 7
24939 7
23480 1
25910 4
24480 7
23980 3
23200 1
23510 5
25700 1
23800 3
24120 4
24410 2
24689 7
25770 4
23020 3
48649 0
25919 0
3900 7
23910 7
23450 7
24569 1
23659 3
25460 1
24630 1
23759 1
24109 2
23840 2
22920 5
23969 2
24119 1
25400 1
24930 6
23419 6
24419 3
24630 7
24920 7
23029 2
50109 0
3980 4
23630 1
32950 7
25270 7
25280 2
23939 5
24550 1
23340 5
24320 6
24100 4
23800 5
24400 1
23000 5
24020 5
24170 7
24660 5
23740 2
23409 3
25220 2
23190 2
23490 7
24329 5
23459 5
24040 5
24490 3
23480 7
23760 7
23310 5
23400 3
24170 3
24410 2
25550 4
26490 3
24700 3
24240 7
24140 5
23980 6
23959 6
53680 0
3920 2
23450 6
23490 5
23490 5
23930 7
23330 6
24499 7
23470 2
24100 4
24270 1
23180 4
23229 2
23170 4
10920 5
23900 4
24299 3
24349 4
51000 0
27999 0
4020 6
24720 4
23930 2
23960 7
24200 7
23920 3
24240 6
24020 6
23839 1
23700 4
46900 0
4000 4
23410 2
24189 7
23150 4
23540 2
25539 5
24529 2
24080 4
58649 0
4940 2
23760 2
23260 7
48289 0
4310 4
24540 7
23640 5
46929 0
4160 4
23400 7
24940 2
25999 7
24229 6
23190 4
47840 0
3951 5
23039 2
22510 3
10680 2
24200 4
24130 5
49709 0
3970 7
23920 4
23590 1
23980 5
24920 4
23979 4
22889 5
22960 3
48710 0
3931 2
48000 0
3980 4
46519 0
4780 1
23580 5
23330 7
23770 5
24050 6
24209 3
23990 2
49330 0
4230 7
24720 2
29960 7
27720 5
61449 0
5190 3
27009 3
26720 5
28160 7
25620 7
48439 0
4090 1
23720 6
23180 1
23290 7
23989 6
23250 5
23480 3
23330 5
23960 1
49360 0
6080 2
23560 5
23720 7
23320 7
23590 7
23710 1
48320 0
4140 2
24970 2
23329 7
23740 6
22970 6
23500 3
25310 7
24190 4
23869 6
23349 6
48670 0
25860 1
47060 0
4130 3
23190 5
48319 0
4090 2
47140 0
4390 7
23960 7
24790 4
24270 3
23850 3
25820 1
25110 7
24300 2
23610 6
25109 1
24839 7
49240 0
3960 3
23830 3
24080 4
48850 0
25680 1
24200 1
24890 3
49639 0
4019 5
24370 7
23160 7
53279 0
4260 4
48190 0
3950 2
23379 7
5509 4
23919 1
22780 5
49790 0
4469 3
25020 2
24490 5
23740 3
26169 7
24420 6
13790 2
25930 1
24070 7
47510 0
28370 0
4370 3
24400 7
24200 6
24189 1
23429 4
46590 0
27340 0
4240 7
25610 7
24650 4
23600 6
24139 1
24259 5
23220 3
24510 6
25320 4
23100 7
24520 7
24200 5
23809 7
23340 2
23750 5
23960 2
46769 0
4010 4
23530 3
24040 6
23739 1
24929 3
24240 1
24760 4
28229 7
48530 0
4730 1
29990 6
24790 1
23000 2
23730 4
23980 5
48929 0
26530 3
23620 5
23219 2
23309 3
24190 7
53639 0
7850 4
25500 1
23820 1
24039 2
23159 4
46870 0
31720 6
25800 1
46240 0
4420 3
23239 6
23039 4
22830 5
22980 5
23309 5
23559 1
22550 6
24290 1
24309 1
24019 4
24060 7
23920 3
23260 6
23939 5
24070 4
24820 2
23900 3
4749 6
50820 0
4760 7
46859 0
4980 7
24110 2
23580 3
23230 3
22299 7
30779 4
22780 3
47710 0
4969 2
25099 5
23240 5
24300 2
23960 4
23430 4
23290 6
23710 4
22769 3
47149 0
13310 7
24220 4
24950 7
24240 5
25090 6
48790 0
3970 3
49729 0
4271 2
24960 1
23430 3
25880 4
24549 4
23800 5
25330 6
24250 4
23999 4
24609 4
24630 2
24340 2
24379 3
23950 2
24000 3
24570 6
53249 0
7490 7
25790 4
52199 0
4480 6
23930 5
24170 5
24199 4
25129 2
24920 2
24450 7
24669 4
51290 0
4190 4
23860 7
48249 0
6600 6
24480 1
49289 0
27329 0
4730 1
24240 7
47929 0
5319 7
24000 3
23470 5
