148557 1
104128 3
109978 5
130458 1
118048 3
118108 7
122658 8
133688 10
111528 11
118748 3
121918 8
117229 8
124818 11
123678 11
112619 7
121928 8
114468 8
115938 9
115188 9
112599 9
112278 8
111948 2
106448 2
110088 8
132258 11
107178 7
110298 1
110638 5
103139 2
130129 6
114458 10
112368 3
185717 11
105018 0
104169 4
113518 7
105458 6
108899 6
110089 7
115148 0
103238 2
120878 6
103639 9
104778 8
113208 0
111139 10
118949 6
109618 8
156817 8
108399 2
112559 10
109988 10
108768 3
110208 4
110318 11
105078 11
115568 11
114599 4
108658 3
112408 11
108688 4
110438 6
112138 7
113658 5
106908 6
101559 5
118428 4
113278 11
128348 10
117738 11
106758 9
107979 0
114098 4
110208 10
117348 2
109609 10
130498 6
102398 8
102518 3
108109 1
113548 3
109038 9
117848 5
119208 11
111508 4
122248 4
99228 11
109088 6
113978 4
116118 9
120387 4
110949 6
109208 8
110328 9
122628 6
99849 8
121498 5
105948 10
114098 9
118128 9
111679 2
120808 1
111398 5
123868 1
109678 0
117387 6
114129 0
113138 2
108768 8
106618 0
127318 6
106669 1
124518 5
108018 9
112078 4
113759 11
111279 9
112298 11
111498 8
105549 8
166368 2
108638 5
107789 11
113238 10
113689 6
110088 2
115638 0
114878 11
108789 10
139218 0
113388 7
116088 11
126658 0
119938 2
121268 0
121008 4
137238 2
133838 11
116748 0
120108 5
122078 2
119268 11
130478 3
124108 2
126698 6
136838 4
114468 4
120248 2
119958 4
125089 2
115978 4
121128 7
124768 0
138807 9
117947 1
124138 9
124599 11
121719 4
120278 6
126828 4
122008 10
132658 11
123718 7
125818 11
121278 3
125548 0
120698 7
134368 8
130888 0
136747 7
112239 1
118818 10
122788 7
121508 9
133398 5
124008 7
121578 2
144528 11
120968 11
118548 4
121458 10
125788 0
128268 1
121438 10
124348 10
132718 5
119368 0
119948 9
124478 7
122298 6
120588 10
116839 9
117119 10
145727 11
111819 4
128247 9
117689 0
115408 8
128738 11
113028 0
118828 1
121098 8
188467 7
116938 4
120028 8
113558 8
120099 2
114498 0
119718 0
149578 8
115819 6
118748 9
114518 2
134558 8
118888 9
125328 6
116438 6
140148 9
119528 1
128218 10
124648 3
118058 2
120418 9
118369 11
110989 11
124018 7
127798 6
117468 9
120918 6
122038 1
128428 5
116538 5
118398 10
127248 2
135438 7
117368 4
114688 0
120429 2
118967 6
115949 8
114138 1
119038 3
137268 8
119788 4
118608 0
120998 9
120918 5
120168 6
117248 9
124128 2
128928 8
113478 2
125518 9
120559 0
123938 0
119018 1
119818 5
116778 8
138598 9
124248 0
115478 10
121498 9
124938 7
120498 0
122888 6
116179 5
122109 9
125558 0
115438 7
121738 4
123078 5
124238 10
117078 3
121908 2
117208 1
138128 3
118198 6
121458 6
124518 5
128388 2
124338 7
121448 8
121838 8
181427 10
119649 2
115028 11
120598 8
114708 1
119158 5
121238 11
131088 5
140168 6
121148 9
125658 10
125578 4
114078 4
121488 5
119558 6
124398 7
131858 6
121628 10
126898 7
125378 7
118669 3
123629 11
121898 0
131058 9
134798 1
113618 1
117128 3
118168 2
122358 2
116418 7
119148 3
119248 2
131158 5
110548 4
121527 8
112398 6
120718 6
116418 1
138538 11
113448 0
129078 8
118828 9
118808 7
124748 5
124588 4
127488 6
119888 1
118138 10
134228 6
117848 11
119168 4
120109 1
124738 4
131098 0
124647 8
124618 9
122518 0
129187 3
120878 10
119938 9
110188 3
126448 11
119718 0
119628 6
121138 8
133568 0
117568 6
124708 3
134778 11
118178 5
118418 10
120507 10
122827 5
141937 9
108828 8
129169 0
122458 3
120009 11
120618 5
112848 10
112248 11
183397 2
117438 7
117619 8
126518 3
128529 10
127278 2
117949 7
116718 0
122778 7
106438 0
112158 8
122708 7
111798 11
128978 1
120958 3
126478 1
139248 9
113729 10
117858 7
117288 5
116858 9
118488 0
114258 7
130068 10
132208 1
117188 4
117998 11
123798 4
109488 9
111528 7
115438 11
121378 11
124458 9
130488 6
119718 3
115579 5
121247 6
119678 1
122818 10
128248 7
118819 2
136197 7
113539 10
117488 2
113498 2
113748 1
120838 10
124928 8
119868 10
127558 4
111278 2
110098 5
113528 5
121068 1
119918 0
125378 3
119948 0
117309 7
129509 10
141917 10
121068 3
116448 7
116079 6
115048 3
116698 0
124898 4
131538 3
108618 11
132008 7
114888 8
117328 1
123507 0
128367 3
116358 5
129558 3
116398 2
120988 8
110408 7
118538 8
128878 11
126058 6
115998 11
116608 9
173558 3
109878 6
119288 10
129378 9
127878 1
117768 11
113128 8
137418 8
115718 1
120528 3
119128 4
109109 0
122478 10
128498 11
118688 0
124648 6
128178 0
118998 2
113058 6
134258 9
120418 7
118418 6
115029 1
115069 7
125209 7
110358 6
126568 6
127468 7
130458 9
113128 1
121408 5
118218 10
126058 2
118378 0
123278 6
116508 1
116858 6
117209 5
123268 3
126918 11
129608 5
109618 8
119218 11
130008 9
118768 10
126478 6
126498 3
128568 11
126448 5
112408 9
118318 8
123389 8
114209 0
125909 4
113969 6
117308 3
185297 9
105608 6
119289 7
123887 7
121718 10
119138 7
123548 3
124428 7
121858 2
130488 11
122928 8
112748 8
118868 9
119348 7
121068 4
113519 0
116579 0
135747 1
114369 4
128908 0
126238 4
118558 1
113308 2
122738 1
126598 0
179247 4
108819 2
114627 5
122769 4
122598 1
119918 1
122208 10
127358 10
138428 2
287315 7
125178 6
117558 6
121858 6
122758 5
125138 0
312325 1
126229 4
118649 0
118718 5
116958 6
116998 11
124528 6
108078 2
115238 11
128907 2
122267 1
126547 1
118067 0
117118 5
124338 7
132298 11
114988 2
121478 4
111118 6
127388 11
116318 5
116208 11
119178 10
137048 5
111278 10
119049 11
120608 5
120018 9
121728 9
117788 11
117408 1
132298 9
109968 1
126258 8
111198 3
125498 3
116218 7
124358 10
120538 9
118808 11
132838 8
115388 7
123518 7
117988 0
114098 0
124528 5
124187 6
117067 8
129087 7
108508 2
120138 10
122268 1
118868 10
118288 2
126228 10
125568 8
136328 6
112618 7
118048 0
123479 2
122149 1
124878 5
119267 6
119978 2
185987 1
119478 7
116438 7
121268 2
125248 11
113338 2
125088 4
117019 4
135237 8
109249 8
116479 3
126378 11
122998 1
120408 1
117838 11
122708 3
130838 2
110748 2
116789 11
119967 5
121947 9
124798 11
124109 4
111199 0
124538 0
120288 4
115248 11
116698 10
116729 2
115198 1
122079 3
113748 11
119008 1
198337 11
125368 10
124318 3
120878 1
124888 2
123008 3
117198 10
115778 7
133048 3
119838 7
129688 6
117318 1
119359 5
120669 4
130118 3
122678 11
132098 0
114659 9
123009 7
117788 1
115598 10
117878 7
118818 10
120928 8
130658 10
112069 10
119147 11
122699 5
119788 0
126498 9
118498 10
107928 2
124978 5
117788 1
119678 5
126068 6
118259 0
129509 9
123009 9
121558 1
116298 5
133568 4
111479 11
116578 0
115068 1
122368 2
118868 10
116319 6
123229 2
183608 11
110479 10
120398 4
121448 5
116268 3
116198 6
123888 4
120748 4
126188 5
119889 4
119398 3
122769 10
115238 7
118778 8
120258 1
115388 6
135718 7
127588 2
129898 8
126268 3
122188 0
120968 11
118638 7
120288 10
122569 9
118258 11
116898 4
118468 10
113818 2
116118 5
115818 10
114648 0
125869 8
138297 4
117078 6
119318 5
115498 10
123168 7
117868 6
115848 1
123848 11
124038 5
110928 10
127668 7
117278 2
118498 5
128158 1
124607 9
123167 1
127758 6
108399 11
121228 11
123348 9
114338 10
118138 6
116858 1
116969 10
130488 0
116179 11
117608 11
119558 9
126388 6
124318 11
131458 5
113798 7
118508 11
131848 10
122778 7
122338 3
121448 11
118708 1
122078 2
129297 4
126848 3
135238 5
114489 9
119318 3
121118 9
122769 9
124058 1
121128 1
118708 3
181247 1
117558 7
124468 3
123608 11
117428 9
113919 6
118058 3
118598 7
128638 0
118428 10
110308 8
120448 1
120958 6
111878 6
122509 3
118999 1
138018 6
117308 2
120938 2
121228 7
117418 10
122138 6
112908 4
121628 6
126658 2
113598 9
109299 11
122558 0
128558 9
128738 8
120548 8
120888 11
122598 2
132118 4
118358 11
117798 0
117798 5
115378 7
118818 7
136058 5
123218 0
132878 2
120478 1
132778 8
118338 0
121328 11
118158 2
129678 11
118887 3
121658 11
120868 5
115558 9
117588 2
118438 7
126858 2
119278 3
129148 0
137708 2
133978 0
129678 11
122958 9
118918 8
129148 8
115198 4
131598 1
133598 0
107558 10
116329 6
117589 1
127567 8
126058 7
121027 1
119129 0
146917 7
118929 5
124138 2
122598 6
127878 3
118218 7
122099 10
118078 7
186767 5
108958 5
120338 0
126808 10
130198 11
121538 10
124378 7
121578 7
144788 4
120638 9
115428 7
118878 6
123238 7
117929 10
117329 9
123568 3
125368 6
113468 0
123148 4
129338 2
118728 1
123098 8
119908 3
131328 2
130108 6
119818 11
118038 3
121718 11
112279 8
119029 3
118688 6
116708 8
134558 5
115208 2
117568 6
120648 6
122528 5
115258 0
121378 8
128607 2
117598 7
127609 1
109448 8
116888 6
121388 6
127338 7
125538 0
121608 8
124598 9
130438 1
114098 0
117208 2
116069 3
125598 2
117669 2
125448 6
126058 11
134888 4
122058 5
121178 1
119078 6
113658 4
127968 1
125478 8
114608 4
126698 10
113049 9
110918 1
121068 7
123738 10
124738 3
121208 2
117338 7
125138 6
128248 6
109038 7
116408 5
119049 11
121898 10
129678 7
119689 9
119548 11
181927 6
112498 6
114088 8
119478 2
116389 7
119098 3
119409 5
121188 0
122478 1
123998 5
125628 3
123098 10
124488 9
115098 11
119418 7
121608 5
125348 7
115409 1
112059 2
133458 1
121068 11
127118 4
117638 6
115688 1
187837 3
112548 7
117068 3
127828 2
123418 8
120678 7
122038 2
124358 5
129698 3
117587 2
135978 3
112658 5
121659 2
127708 6
119008 1
131828 0
134027 3
121798 8
127367 0
121058 4
123418 10
115858 9
117678 2
123368 5
141088 7
114938 6
125188 4
117918 7
119788 8
124228 10
118509 3
124618 6
133437 8
117329 11
118438 2
122388 6
119378 9
120578 10
111918 1
116128 8
112469 10
102428 0
