40006771 0
59999531 3
4629 0
3720 0
99990183 11
39997572 8
3860 0
5700 10
2751 10
19988310 1
10001060 3
139995584 8
3809 4
20000191 7
4720 5
4020 4
19986841 11
39999011 1
6640 7
69995622 0
20000150 8
71009691 10
12200 5
8984160 8
30997342 11
1579594 0
8930 11
27422106 4
7480 1
39981052 6
1051 9
17890 6
7040 6
19972451 4
19999551 2
20004630 0
79999363 0
300 9
28998100 3
7160 6
10099040 0
30890552 6
5791 0
5960 0
19991071 1
7998460 7
6800 3
31991461 10
6170 1
370 9
8510 5
29989711 3
19995701 6
60007581 11
5900 8
39995561 10
79999403 5
160004524 0
19994881 8
59993042 10
20002040 10
390 9
9750 6
77986062 8
260 9
2006750 0
19993171 3
260 9
60000192 11
5900 1
139000894 4
40991661 8
19998381 3
60007882 4
8140 3
19985261 6
7170 4
19998040 6
5820 4
5660 4
5530 3
5650 1
39975531 8
4060 10
40004641 4
5240 3
5289 2
48985451 7
60000992 6
4870 3
30997410 4
48994831 0
31992761 8
5010 2
4270 5
390 9
19002680 6
58992371 10
8260 3
4830 3
80986372 5
300 9
6889 4
249 9
6869 11
159992565 5
17290 7
11380 8
19960731 11
40010001 0
19997070 0
6760 7
8610 5
270 9
69977013 8
10004990 7
290 9
9740 10
20982162 11
19003400 11
4980 5
19994141 2
79003413 7
140997714 4
20007050 1
19992601 2
69999332 5
150004914 1
500 9
1001910 3
78990852 6
5280 3
5140 8
580 9
139991675 10
891 9
10420 3
6859 8
19979211 0
4220 11
28997751 3
80994782 5
20003141 5
19997130 8
130001494 2
8080 3
590 9
19991721 2
19997970 8
310 9
8640 2
6120 6
19986381 11
5680 2
69993762 3
19999161 5
4729 8
6909 4
5260 10
6370 0
5020 10
5800 4
19966301 7
70004132 2
6090 7
19995651 8
4560 11
129994793 7
280 9
8350 8
9440 0
19981371 3
100005323 10
6490 2
5740 2
6040 2
119971143 8
6060 0
27998941 5
5520 8
4010 8
11986281 6
8004410 11
6050 4
11995300 1
5210 11
6080 4
19982941 1
29006910 3
5590 3
260 9
40988802 10
39996991 3
5620 5
39996781 0
6650 7
4900 8
19988901 3
6020 3
59990061 10
50004622 10
6049 0
19990881 4
129998004 7
6080 7
4530 4
4810 8
280 9
119992713 5
19999850 0
19989040 2
90006343 3
47994252 4
2010320 7
300 9
7431 0
6000 5
39975002 8
6340 5
5410 1
40000391 0
59998391 7
19995720 3
19997691 0
19998411 0
9039 5
1360 9
100003003 11
18990291 0
1005850 1
9991140 0
20001581 4
7690 2
89988942 7
10006711 10
6009 4
311 9
60171820 2
19815022 0
30009811 2
19991190 3
39999230 4
6571 5
9289 5
79985063 8
109459 2
87892513 0
51998712 11
5170 1
99992253 2
11690 1
21388447 3
6920 1
48592466 11
30007851 7
11769 2
97980423 5
102006514 0
5300 11
6919 3
79987293 10
6090 10
19994140 11
69999862 5
6860 1
420 9
69988302 3
5320 4
6970 3
6530 4
69982822 0
20005251 0
5090 6
127985124 7
22000850 6
20005321 6
20002450 7
39996621 11
19995910 3
8680 2
169988835 6
90002633 5
20005030 1
20001111 1
240001917 6
18995861 1
2006200 11
88991543 7
27998091 0
5070 0
1997330 1
6650 0
3930 7
4470 8
28985191 10
400 9
7230 8
4560 8
30983211 5
6080 0
4300 7
5109 7
469 9
39986722 11
79998022 5
6380 2
38995191 3
31003031 6
6480 5
19987731 2
6290 3
39998141 10
5450 1
70004582 2
5940 0
39986991 4
880 9
39991071 11
19999261 7
20000341 6
20001070 8
70000082 10
6800 3
5760 0
5620 7
320 9
8560 0
19974750 1
5949 3
19987790 4
4000 10
4700 10
20994221 4
18001210 5
4540 8
4560 8
80989313 6
6460 1
5110 1
19987840 5
5640 1
4770 10
19998441 11
39996011 0
99997013 11
20001340 5
3820 1
67991082 5
2006089 7
19997870 1
19999221 6
5010 10
139993894 8
20005480 11
30000691 5
20001071 8
39993891 8
90003312 5
119994334 8
59000022 5
6080 0
71000752 4
6570 2
89988693 0
4689 8
331 9
19997421 0
9005650 2
30990121 4
99999593 11
19002081 7
300 9
11002010 3
19997121 1
19999970 5
320 9
20005441 11
57991962 11
62006861 8
69992382 4
5420 7
59998292 5
40007081 11
19996181 8
6500 10
19996450 6
119992884 3
5830 7
6390 7
4200 10
6250 2
360 9
79977032 11
20001561 10
19995401 2
40009430 6
19995991 1
6910 2
119996094 3
20000141 4
19997851 11
29994611 2
90002852 7
189996326 1
37999371 0
102001743 4
18997540 8
11006971 0
19994941 1
20000421 11
8490 0
19990491 1
20002991 11
5270 1
27991791 5
42011451 4
5060 5
39983692 0
20020420 7
19988220 10
9520 4
29985751 7
8800 0
19991681 8
19994830 7
60001392 4
109997334 2
6429 1
119994784 0
40001791 1
610 9
8900 5
320 9
17990821 0
131995474 4
10769 6
39991412 5
520 9
59998862 4
20000900 4
7999650 6
51999162 4
7270 2
6930 2
5130 3
5500 11
5269 3
109971084 10
10999000 2
118997913 6
6800 1
109995053 0
59999182 8
40001461 1
30002521 11
39996581 8
6240 3
6280 7
5840 7
4790 11
5860 3
57965672 5
22008980 1
5959 1
1250 9
6820 8
8983471 6
10993180 10
5350 8
240 9
20000831 4
39998431 4
70001592 0
6370 5
39989111 0
6570 5
79995322 3
20004151 2
4360 4
6020 6
17984260 3
2005331 0
40007361 10
58989132 2
6859 2
5000 5
4000 0
310 9
7130 5
4830 3
6740 2
340 9
969700 6
99993753 10
5790 0
3800 11
4170 7
440 9
99995433 3
5300 1
39984582 5
120004503 10
6350 5
5950 10
4340 8
6910 3
6580 6
5620 6
6120 5
511 9
19953322 0
5340 8
5631 1
4909 5
229981686 6
20000221 0
5110 2
4760 5
370 9
59989362 10
8379 4
39992462 10
80997282 8
7005030 2
6800 5
21990991 8
19997511 2
6030 10
470 9
270 9
11850 3
207981617 7
4010 8
5660 7
4410 4
4790 8
4630 5
21977150 0
39999752 0
20015070 6
7989350 3
5980 4
5330 10
4170 4
21986741 8
10001160 1
19993711 11
60002032 10
4110 8
59990832 10
5480 4
19992191 11
80002802 1
440 9
20007110 7
6880 7
19992041 10
4831 4
3769 11
431 9
7409 10
18982271 0
3930 0
20995421 11
3270 11
139988974 2
20004321 3
19998070 3
20005561 0
19997490 5
4990 2
4430 2
79986163 5
8017330 8
11983250 1
5240 2
19998441 8
8003840 0
131992404 7
6610 2
4080 8
228996227 10
5390 10
10991170 4
9002710 6
380 9
20994981 2
19998081 5
5880 7
8999770 8
99999873 11
50997461 8
17997381 8
4270 1
11998060 10
470 9
79998413 1
9998791 11
20001350 10
59997232 7
100000913 1
6150 5
5080 0
109987413 10
20006401 1
5020 6
5170 5
5170 10
19979270 0
6440 5
37997641 10
61003232 4
4660 0
4620 0
30987271 1
3920 10
189996396 0
20002950 10
50000772 6
19994611 10
7009 3
19994730 5
19996371 7
19005510 5
20994571 1
4200 10
5020 8
3130 10
3250 8
440 9
5710 6
19977441 0
40005881 5
6869 5
5040 3
5411 3
4829 5
4910 7
19968741 6
5600 7
29992531 1
8999261 10
231001737 4
20000541 2
20001250 7
20002321 7
99993653 11
19001030 5
50998772 7
7170 0
159993065 10
40004931 2
4520 1
5310 0
3110 10
19981721 8
7149 1
4180 1
39992311 5
37997391 4
6350 4
31994231 2
4240 11
40006691 6
19984151 11
48002011 5
12002001 0
19996470 2
80007282 8
19997761 5
680 9
27997291 6
11002740 8
11002270 0
19999571 5
350 9
39996761 4
5880 11
5180 6
19982831 4
70004182 3
20000321 10
50002211 5
39995271 5
9005420 5
4920 3
4870 0
5580 0
30978901 4
3460 11
99997913 10
20002341 11
19996911 2
4740 1
3900 2
17989671 7
5210 4
91994823 0
3260 11
4400 5
19993520 2
39998162 2
40004721 4
149993244 0
40001031 10
160016285 11
49987611 0
100001174 4
19994170 8
40001001 5
19106920 0
20891012 5
20006500 2
129997464 6
19998250 10
420 9
158001135 10
12002970 7
109995234 0
3900 10
119994763 2
30004321 8
40007832 1
19992681 10
8710 3
8120 5
49981402 0
59002321 7
4960 11
6560 6
22981711 4
138001544 11
5110 11
19995191 7
59003381 0
5310 10
6250 7
985131 1
5149 1
5310 1
3970 1
79983923 8
38001371 3
5410 1
71994322 4
19998761 8
80000892 10
19998911 0
110004613 11
6890 8
19990321 6
5340 4
4131 2
400 9
109991964 5
9999770 11
19999081 4
6070 0
5300 0
5980 10
59982311 5
39002172 1
20996400 11
19999061 5
5460 8
59995752 10
3650 8
8410 2
19985090 1
20000901 5
39998621 11
20000861 7
5630 5
5690 4
279993968 3
7680 0
7260 0
4990 4
177973085 6
5080 7
580 9
369 9
9199 10
3740 6
4910 3
5470 3
5540 3
5450 7
4820 7
959310 4
351 9
6459 3
160992325 5
310 9
5750 2
7993780 3
4371 8
4959 3
69986802 4
12000711 4
79999652 3
310 9
8004630 6
1997961 3
80001092 2
6320 8
19992160 5
19000321 1
60999912 7
7250 4
19990380 2
4860 2
351 9
6740 0
19991200 3
49998781 7
4460 2
5069 8
19992231 4
47995842 5
2008410 7
189993285 0
3770 0
4870 3
19992141 6
5970 6
4590 8
5020 0
18982851 2
5200 4
90999013 11
580 9
7370 5
59986092 8
8004290 1
5000 1
510 9
4640 1
440 9
11987531 0
380 9
4360 7
20991211 8
19004270 1
40001431 5
79998513 2
5940 10
4370 3
3990 6
4420 10
39977702 5
4810 4
39996071 7
5150 6
4790 4
19990220 0
5769 0
79992143 2
7940 1
6320 10
19987361 8
19002210 6
530 9
5720 2
991140 0
350 9
470 9
5430 1
5860 0
19987571 2
27999140 3
12000860 11
139997924 2
100001663 4
59999082 7
4730 2
4330 2
4750 6
550 9
58989402 11
30996031 10
4629 5
19995540 8
60003332 11
5150 11
440 9
4470 11
5240 7
4530 2
9980020 10
470 9
290 9
330 9
100002013 5
29999351 6
4370 6
3510 7
5710 0
4480 7
4380 6
3730 7
19971431 11
119995043 10
59001162 2
4390 3
3920 7
1001760 8
9991440 7
28002291 6
70997452 10
3949 1
995161 3
3771 7
18994931 1
4150 1
20996071 8
4380 5
4259 0
4580 5
4140 5
460 9
79984162 2
39999591 3
19995951 4
9004220 5
10999270 0
360 9
37998451 1
431 9
142000214 8
3930 0
78997122 4
998460 7
19999541 4
20000330 5
60002502 4
39998231 3
39995282 0
80003732 10
19996631 7
20003400 1
79998713 0
20002460 7
320 9
270 9
4580 3
39992632 8
4389 3
3829 8
77999733 2
3160 9
1988570 0
40002641 1
19997850 1
8469 3
39997202 4
19990881 1
40004921 5
6549 5
69988972 8
1020 9
60000982 1
37996352 11
5010 3
61998962 1
4031 1
360 9
4551 1
39989181 3
179999965 11
5440 4
19996111 11
7710 4
2960 11
4180 4
19986790 3
17994921 10
120002364 8
142000105 2
119995913 5
60003621 7
39999651 7
20003020 11
39995401 11
40001491 7
20003470 5
370 9
99997453 8
39998901 11
5600 2
4980 2
3820 0
59983632 3
39999581 3
3630 11
39001111 8
1002841 1
3249 8
59990282 11
20167169 7
