258678 0
188809 3
133939 12
152699 0
155759 23
141919 8
178249 0
120599 22
111119 22
123729 13
175919 15
158509 20
185198 16
133099 7
117439 17
131608 16
153879 23
159218 13
181109 19
208598 0
223178 20
194189 10
164728 5
147469 20
138009 23
150099 0
148309 23
142659 4
149789 1
154349 18
146879 9
136009 6
119579 18
112289 16
110669 2
123210 12
124799 12
119800 9
118619 15
125919 18
406467 12
205088 18
159728 12
158359 12
135749 1
129849 7
170099 15
146419 22
176849 1
125499 21
111819 5
117049 3
146549 18
157529 11
170689 8
179359 10
136350 5
311538 12
151339 8
151359 10
189709 10
262988 21
210788 6
180869 20
167239 9
152209 12
148119 15
143199 21
342018 23
143499 1
144589 16
183519 20
151819 15
159649 16
148459 3
126479 18
118599 4
112099 6
129789 4
125959 16
115769 3
110719 13
127599 8
179619 22
206199 16
198688 3
168729 2
144409 19
134649 18
168529 15
144339 16
184308 0
128970 8
115129 14
172448 17
147888 21
167449 6
168659 22
164939 15
120459 15
134279 17
154529 21
130539 16
185679 9
210779 23
214918 17
176879 19
167169 20
148059 23
132499 12
142489 12
152989 19
143899 17
154799 21
159099 8
158299 19
156188 21
173779 10
132489 23
126289 11
119409 17
119669 14
123899 19
125750 16
114749 1
145759 2
140539 17
190768 1
182028 9
180799 3
158139 6
150358 3
124270 8
125799 21
129559 22
167109 21
177979 15
126050 20
133019 0
119860 11
145829 3
162158 17
181269 5
181489 8
138709 2
122329 3
143389 21
163069 14
130789 8
185549 9
197258 14
203338 18
163218 11
157819 2
159549 3
157929 5
157239 8
153429 4
145889 10
155348 12
152128 10
156039 4
167729 7
184949 14
154249 7
143799 20
125679 23
125499 7
119979 21
124329 8
135139 0
124829 3
112500 10
130808 14
152799 14
176078 14
178039 8
167309 12
161748 5
136028 8
115000 20
133649 18
129449 23
164779 16
183199 1
125269 23
123990 16
132430 1
161129 15
177179 3
239268 9
155499 10
124699 15
122370 17
158298 12
166539 19
148519 8
199719 3
194308 3
199649 10
161899 10
161579 12
174089 16
151869 7
146539 19
149649 16
155689 20
156089 21
157759 5
187728 12
154899 2
151289 3
150919 16
134289 19
122759 21
118949 0
135799 5
149749 8
125709 17
111569 13
121219 12
157628 7
216219 3
188108 0
171619 0
151659 5
136619 21
163279 11
140229 0
173339 13
102599 0
102309 16
103360 2
117129 7
138869 22
139439 16
148169 9
120199 2
109769 0
119349 14
151579 3
121879 4
184219 5
200868 17
195059 8
179229 2
176709 0
155478 11
137319 1
139199 14
159809 13
133499 15
133909 1
136209 11
143189 19
140289 14
135299 17
155279 12
109839 11
100250 15
112039 22
115809 22
115869 11
100209 5
102009 1
136009 21
192538 15
184689 4
149129 15
158949 4
123359 12
130639 12
171679 18
142079 7
154878 6
119580 18
132089 19
145289 23
213958 3
197409 2
210688 18
173329 17
153909 1
188178 13
196048 18
191759 13
315247 23
265329 7
248499 12
181188 0
164839 13
178679 12
188359 7
205468 8
205699 10
217388 9
198639 20
201448 20
174169 17
142429 12
140719 7
160309 7
188699 9
133050 11
165379 5
230288 14
244089 15
260668 6
212919 17
197128 2
161449 15
171069 10
193238 13
230179 14
218228 12
151579 4
213069 9
276318 23
244919 7
200038 6
166129 8
217419 10
221699 15
237678 12
260158 7
274628 21
247829 0
239849 13
211918 3
199139 16
228068 10
246439 22
237268 4
295348 17
232568 8
226298 8
200959 18
173579 13
169168 1
180989 5
180579 13
170169 10
190058 23
241629 12
266629 23
255329 17
206808 1
149969 17
186589 19
182099 1
233699 6
208308 10
161259 8
215969 23
234629 17
271428 8
241418 8
169849 5
220858 8
233459 17
290468 12
251708 16
289768 14
227318 12
252018 20
201309 9
235308 0
227398 2
265838 4
246489 23
241938 19
240768 9
260609 3
218709 13
204668 17
169309 9
161539 11
204598 11
178419 8
195899 16
205878 7
247308 17
259329 23
241078 20
196578 10
163988 6
174138 3
191199 19
242208 7
196219 22
165308 2
219419 9
254388 23
247398 10
267958 14
217019 18
263498 13
213378 2
239519 15
255908 4
279868 23
224358 2
203479 19
195208 1
253799 12
215519 16
239888 20
247598 12
254209 13
289709 11
227139 12
196308 1
201409 23
185978 13
172618 5
184689 4
171429 5
184478 0
215018 7
248278 22
251058 4
235168 7
168798 12
186189 8
162049 19
241728 16
228779 14
174308 1
206379 12
214458 1
247938 21
264329 17
219369 9
219368 12
208129 4
241348 18
259348 5
266058 21
249618 4
219608 4
272828 18
241548 4
231688 2
238399 2
250488 3
259698 11
227108 3
236679 10
202959 14
255949 18
169508 13
196389 12
193609 8
169788 13
200159 11
161179 20
322587 3
236979 19
251298 19
186458 11
152370 3
175059 5
171359 1
262408 1
183159 21
170558 8
217808 18
235378 10
266508 20
246279 9
183519 4
258569 4
251898 0
236048 5
235178 0
278518 5
254168 3
216019 14
192588 16
203339 6
224038 15
252199 0
254168 10
240998 2
228958 2
247258 17
199578 12
225939 21
168718 5
183679 3
210088 2
165229 21
175559 6
216608 22
269907 0
268678 23
221059 19
190919 9
180859 3
173349 13
211609 5
239069 22
175649 17
211528 10
252368 20
248258 3
262649 6
190878 18
223128 5
247309 9
203998 12
255258 20
276609 1
256958 5
210619 18
227349 12
213719 2
285298 5
225398 9
233798 10
252269 4
221808 10
215459 20
201948 14
218949 5
159258 20
171559 2
190639 10
179658 9
150759 21
177349 3
257348 7
250978 20
283267 7
205309 4
164219 20
198378 17
201509 12
243598 12
172749 6
170299 15
261158 16
226308 22
243829 4
267738 8
208048 13
205438 11
241339 10
313657 8
448286 10
279398 4
260418 11
242039 13
214378 21
242148 19
262398 7
257479 22
234048 4
218598 11
213759 21
189149 22
196499 12
176369 12
207458 11
187739 11
190399 2
217519 15
251978 15
230518 0
226829 5
213378 2
169399 14
176399 5
175539 8
232708 1
177979 14
175618 8
198409 12
241238 19
326568 2
228498 8
180829 10
218608 22
253888 4
294258 6
303538 9
305488 2
234298 5
448817 19
228719 20
222199 23
260148 20
245908 20
230468 13
305148 10
243459 9
206508 1
208799 23
168629 22
199308 19
199168 1
166559 17
180789 12
233668 10
246749 13
242688 6
239358 5
160309 22
189859 12
173378 17
281618 22
185059 16
163709 0
234328 0
245848 1
238979 10
229638 12
190779 10
206978 18
248308 10
205279 15
255218 5
262908 7
292898 5
202119 1
224458 10
241668 20
287138 10
248568 20
243139 21
258339 18
252838 12
227918 17
226009 5
219938 15
223389 3
189638 5
179139 7
176528 18
195598 7
250018 1
272788 10
253178 4
224859 14
173849 19
187208 19
186689 23
216069 17
239078 7
181788 0
201689 10
407837 2
242598 13
277428 0
206849 10
247518 20
255558 13
268158 13
249748 5
279878 4
228888 4
227858 14
243188 11
222269 6
218408 11
231059 5
249798 0
261608 14
256318 8
238168 5
256259 9
211299 6
173409 8
187268 12
220259 17
184479 9
187958 4
229768 23
249158 6
225628 4
227038 3
217799 22
150229 5
167619 17
193759 5
216839 3
169098 0
181469 0
217808 4
242678 11
219948 22
212239 23
214918 2
225868 1
205559 14
248868 7
251488 4
251858 0
220858 23
188498 17
213518 14
186089 2
239798 16
245368 12
226828 10
201559 23
208429 12
226238 4
221219 8
201078 17
165159 12
184928 17
205779 14
170129 6
187318 10
221519 21
263468 22
339717 19
199409 12
154199 10
170909 2
174218 20
232119 13
178338 10
162319 3
212589 17
217328 0
239629 7
218158 11
173249 6
206688 4
248199 23
189328 23
289678 7
249368 12
253618 10
195839 19
207358 13
206139 1
233188 1
225098 1
227618 8
213288 3
209329 1
220998 4
211509 8
189578 22
171519 12
181339 11
182869 20
171788 18
162959 16
185719 14
237198 21
226529 17
269449 11
155808 4
178799 12
151029 0
216149 10
240838 5
175319 1
204068 11
265058 5
237159 8
269938 22
218588 20
269678 14
284828 13
247958 17
246478 23
238828 19
203818 17
236488 4
209709 15
225758 12
200389 12
240568 4
188819 18
241128 7
209278 21
214208 21
256468 22
207169 18
176039 3
166679 3
165509 3
187219 7
187178 19
244249 4
234469 21
261128 15
153539 5
160239 21
183768 2
206049 15
186049 8
178438 3
188979 16
206079 16
223208 15
227698 21
206699 6
201588 15
227059 14
221878 8
260508 5
277208 13
227088 19
208729 4
218519 14
236128 14
199898 21
229759 12
225348 15
243388 19
206629 14
213718 20
207389 4
194168 5
191199 7
157529 0
173529 0
173428 3
175269 6
178199 6
257528 8
221198 0
229909 14
217658 4
177579 11
158849 9
188918 17
227088 20
162099 13
189548 13
228169 9
227628 13
220839 21
219068 12
205998 21
245189 19
207208 20
258288 1
266908 17
232789 2
223958 22
203769 15
205318 18
211188 10
226058 5
229838 4
252238 19
250818 6
229688 16
201658 0
202418 12
174659 2
211118 13
174919 22
157669 20
166039 18
175448 9
252238 14
236838 0
213258 9
179379 9
146669 1
198069 0
179358 14
196459 15
202928 23
177189 14
228748 4
224518 7
221948 2
213599 14
173629 18
217658 21
237998 23
273018 10
319348 5
286888 8
248548 11
250378 23
204989 9
220718 11
263088 7
205899 2
221348 22
227929 21
195559 21
223728 9
161359 5
149788 6
162959 18
176409 7
158679 0
186868 7
203938 18
226728 19
248549 11
224919 22
174929 2
175808 3
161338 7
258188 8
189178 7
161129 6
174799 10
216388 13
227908 3
224459 19
186209 13
198769 13
235438 8
234378 17
261209 0
313297 17
276429 5
202929 9
210509 2
205479 3
212829 16
225539 5
199719 0
235759 21
232608 1
213209 9
206699 20
188529 12
174298 16
166018 19
181319 4
166139 5
171478 16
210218 3
242598 12
233548 22
227438 7
139769 13
154489 12
169399 19
184338 9
232019 9
156008 15
171148 20
219629 15
210638 8
242439 14
199628 9
193549 12
225688 13
216578 13
324547 15
273618 4
211069 1
230428 5
227978 17
192489 8
204818 21
206319 1
215228 11
210739 15
228848 1
204939 1
205298 21
169319 1
183969 15
196518 11
176329 4
154469 11
185359 4
254828 11
243038 16
236038 15
187099 10
147899 8
168589 14
157899 17
215418 7
140639 19
144179 11
174999 11
192178 19
181179 17
197999 9
158299 20
157319 11
208709 14
175969 14
214668 0
263228 15
257878 15
249539 11
178388 8
156189 1
184369 8
171688 23
196169 19
