65879 11
54219 0
79480 5
118689 0
131539 16
174649 3
132459 16
144989 18
151889 0
157489 10
166578 10
117810 0
182119 5
165288 5
213069 10
134939 15
132399 21
165808 4
177008 12
188439 3
185199 23
180218 5
368497 12
175418 9
139259 5
176319 20
127299 10
135199 10
145269 8
137189 13
150219 17
135509 15
109979 19
78980 11
69999 1
82729 9
110130 3
141759 22
119749 17
94699 12
77640 8
77639 2
125519 5
111669 10
132210 10
131519 6
111859 3
130559 1
117889 4
96349 14
122489 17
131799 10
148979 6
194449 18
126189 5
116399 21
118329 13
115419 4
108480 15
95920 17
101979 8
105659 5
119249 10
100779 22
101249 20
140829 17
143999 11
123939 0
137919 23
137529 11
139199 4
123949 21
113369 23
114619 14
161348 3
104970 6
135299 10
126629 22
108419 15
141389 20
172239 16
134679 16
129959 13
179338 3
123950 4
113200 11
106269 18
97429 5
96709 19
94720 1
82289 20
80439 23
51980 12
63790 13
68239 10
70420 18
72149 5
55050 2
52279 9
87830 9
133849 4
119719 17
120009 14
120889 23
105989 12
104959 22
105739 20
95349 18
98559 14
96659 19
109659 3
102940 13
118909 14
106659 6
98479 14
114480 20
118839 4
121659 5
114189 10
114619 23
123399 15
136199 16
93019 2
63179 15
68429 10
75489 2
73440 23
81799 16
72129 20
78739 23
80199 1
88260 4
43249 19
53610 21
130809 19
69879 10
66079 2
73789 2
78360 15
75179 8
81420 14
69169 7
62430 10
61919 11
57690 10
47339 17
53380 10
57130 17
65769 21
55100 11
57230 23
59050 22
56109 7
58140 1
59860 20
58280 13
57060 22
57520 20
59840 6
60449 15
63640 11
56549 4
58449 6
58730 1
56649 17
59000 22
58819 17
57090 1
51009 5
55849 7
51760 20
56179 17
54379 15
53740 5
54509 4
55730 9
56080 0
49900 5
55150 6
47279 7
45340 23
54440 3
39629 10
25450 12
25170 21
25500 11
26220 6
27329 12
26200 14
27300 19
25510 2
25550 17
27780 17
27739 17
32260 17
32260 7
32829 8
33200 1
41230 10
46680 15
51340 20
50280 12
81309 7
103310 6
151759 6
139948 4
169119 6
129889 2
159039 15
144689 22
133989 0
151939 7
170189 5
185489 1
189418 6
193789 1
157669 14
175908 6
173569 16
157799 7
169869 7
165399 9
173998 19
194599 1
182949 14
222318 3
167159 6
172008 3
132559 19
135928 3
107870 4
115799 23
139119 7
120369 10
91840 22
97550 1
90859 23
100739 0
103639 19
99330 19
89399 10
107109 22
104889 8
46529 23
57450 3
75469 4
58900 1
66029 8
59480 4
60749 6
62770 8
89979 17
73200 13
75249 18
127379 14
127869 1
114219 11
103999 19
120799 5
148899 2
132519 7
106309 11
98249 17
116159 12
131908 5
127510 12
138279 17
142209 0
138999 18
117819 21
130629 10
109569 12
112319 7
121039 19
113639 14
111150 0
114479 4
60859 18
109090 18
100609 16
96409 14
101289 6
112060 18
62759 0
79990 13
64799 22
66420 4
70309 14
86019 22
77800 16
81500 3
56180 16
51640 21
50319 18
55340 22
55629 9
37019 22
32380 3
37330 9
24279 17
94319 18
57190 1
60280 21
63769 18
59650 6
57540 1
59920 16
58779 5
55830 21
56100 5
55179 20
56370 1
62279 10
59040 16
54569 19
55560 15
55200 2
55659 21
54710 9
54889 2
231509 8
213368 4
255108 3
241749 14
224448 13
225478 17
235499 14
223678 12
222568 8
223249 19
247888 3
224788 21
220318 12
221748 11
224199 20
227098 10
224519 19
226368 19
224868 2
221058 23
228269 9
220318 15
214509 2
213998 15
226509 13
207048 17
214759 11
209708 22
233358 3
208568 21
234739 3
221798 3
222088 5
245069 21
226078 12
227568 4
222509 1
219378 12
229249 16
213579 11
217428 11
216499 16
232538 2
218649 23
218539 8
216959 4
214089 4
240438 16
219988 4
220279 5
214748 15
256439 17
221038 19
217399 16
222628 21
236898 13
228949 19
224088 16
237538 3
214009 21
232778 17
227008 5
220599 11
220238 2
229699 10
225078 15
220348 14
220829 22
224098 21
237658 19
250709 3
217279 2
223509 9
264427 15
226998 16
221588 20
214299 5
227408 1
220269 11
218918 14
262958 11
267478 10
252598 21
255588 21
149079 15
60030 22
58689 10
58840 7
59510 2
59599 8
58319 12
59579 9
57960 2
58599 12
58770 13
82959 6
60770 5
58770 22
57549 1
59510 6
57599 16
59540 9
59529 1
58620 1
58520 18
58399 14
57530 12
57879 11
57440 10
65069 5
58370 11
59729 18
67519 0
59670 0
63519 19
59330 12
56459 8
58800 10
58130 22
249518 3
58729 16
57750 18
59939 17
57880 15
59720 20
68319 4
57660 5
58749 6
57270 13
57809 19
56900 6
57180 6
57390 9
58179 20
76490 3
134229 22
57499 2
58730 4
58579 11
58620 11
57030 18
57169 5
70540 16
57389 19
56500 21
57159 4
231109 22
218668 12
216939 8
226048 11
213198 9
209519 20
211418 12
216248 13
219338 0
211399 2
210238 7
207729 4
213358 14
216519 4
210008 21
209849 16
216018 5
220619 22
208458 2
213488 14
212448 23
213508 6
246909 3
200609 22
209919 21
210128 17
219238 21
213019 19
211838 18
209598 23
210409 16
225779 10
214998 11
208669 16
