98099 16
65860 0
74319 6
70520 15
63920 15
60940 7
66020 14
66650 11
56599 19
65329 11
58600 2
64269 9
63550 13
60189 2
74530 3
62219 6
58540 19
58170 8
57300 12
59980 2
60049 16
63380 9
58989 3
61650 2
66289 7
60589 19
79289 17
71060 10
59999 13
60480 11
74380 4
63640 4
68480 5
69169 22
95889 11
67890 22
70089 4
68450 13
69799 6
69080 16
62049 19
72420 19
69609 3
66810 0
81459 17
64530 15
75949 22
67270 7
56510 11
62069 23
74980 13
74280 14
68960 14
76789 3
80439 9
93340 4
80449 11
98719 22
83280 21
74189 4
85749 17
75890 1
78199 6
70930 7
80879 18
69350 2
79319 21
74410 18
76889 16
88240 9
73640 4
74419 10
70750 5
76119 4
67290 18
74749 2
67890 3
79809 18
75140 16
73699 3
66090 11
73979 20
75780 19
86759 19
70469 1
72329 15
69900 10
75380 1
72410 15
76879 11
69390 5
73120 7
67480 20
68290 13
68449 10
60120 18
65520 11
74060 8
69220 4
59010 1
74819 10
68100 21
77249 6
69689 19
69510 6
75709 22
79359 22
76790 0
69809 5
75629 1
76429 19
78449 0
71970 21
77649 4
71650 13
70309 10
73740 5
67349 22
66580 1
77579 10
80039 18
75360 2
73300 3
76120 3
73479 13
76340 19
62869 4
53730 22
73019 22
68280 18
74580 2
73519 17
71029 15
75110 15
79859 12
74560 11
65239 23
72250 11
71639 6
74630 11
68109 7
72240 8
73249 10
69200 3
71129 23
70750 4
68990 22
68090 7
73619 19
65940 18
71519 2
77110 16
73879 9
69160 8
74389 21
73210 18
89879 16
72529 23
86190 22
67419 5
77800 22
70339 7
77200 18
76619 12
71870 1
79369 3
85839 22
69690 1
78569 22
115650 13
74479 11
71279 14
80919 20
75989 13
78889 13
69969 15
73950 16
86209 18
71990 15
75429 4
75340 11
71889 16
83990 16
76210 6
77629 2
73760 15
68289 23
70110 12
64059 15
69660 7
68509 14
70570 0
63229 18
66040 4
60799 10
61669 13
71350 19
62659 10
57970 5
61329 11
59699 17
57930 8
51970 19
54999 13
54600 21
58559 0
57920 3
56490 19
60139 22
57700 0
59169 17
59190 14
62529 2
58990 6
57719 6
56060 8
84550 5
59360 20
58969 7
57970 20
56150 15
56029 15
57680 21
50910 15
57779 21
57050 23
57879 1
52980 9
56929 3
56720 20
56310 17
57089 11
57600 17
258798 5
57360 20
53169 18
56940 3
58079 7
56439 12
56820 6
55399 15
55310 12
51280 1
56479 7
54900 21
57739 14
55570 3
57790 14
60359 18
55980 0
56070 22
51109 18
58050 14
55090 13
58359 23
54910 5
58260 0
52210 1
56180 13
55529 17
74580 14
54659 12
56049 2
52290 9
56709 15
58190 22
51270 16
56509 18
55900 17
55749 8
53680 11
56239 8
56780 23
57430 8
56229 20
55680 2
55070 23
55790 16
63220 7
57789 19
57830 10
55229 7
58710 7
53209 21
55520 11
57160 23
56269 16
55990 17
57549 3
54010 16
57210 1
57569 11
57130 13
55839 1
56160 23
64989 13
55560 7
55260 3
56909 6
52490 18
68870 17
68910 6
63840 6
69229 12
74339 12
70130 7
70359 22
65340 22
65720 17
73129 16
82740 23
70559 11
68300 0
69509 0
72129 19
71929 4
68710 21
65719 23
63729 10
66690 14
62020 5
65450 8
65999 4
66170 11
73820 3
64199 10
62330 17
65649 3
65810 22
57849 15
65380 21
63539 17
68120 13
66389 18
61430 12
65349 9
67629 13
64590 12
59409 10
63120 4
74119 10
64260 7
61489 2
67900 20
64229 17
58740 4
53770 9
61099 8
60200 23
58020 19
56930 2
59359 17
55510 0
56939 0
52760 20
56660 18
55209 8
58420 17
53439 3
57220 18
52139 16
58130 17
52900 14
56439 11
57570 16
72780 13
56619 17
62240 4
53930 10
58850 11
53009 11
56650 18
54880 15
57749 13
56280 12
57369 0
55980 13
57769 5
54749 14
55900 3
57629 22
57960 12
53440 21
65979 19
56140 2
57479 1
51640 21
58590 2
53090 21
56450 14
53669 19
58240 13
54280 11
57849 15
51450 12
58489 15
57820 20
55320 11
51950 16
57970 15
57670 16
61649 15
60420 18
66629 15
59360 13
63589 17
62720 4
65080 20
63880 23
80819 14
67510 10
66379 10
69110 3
65380 20
65149 0
66120 7
61719 19
68000 20
66019 21
71139 20
64760 3
68189 14
69570 7
68569 21
74569 22
59039 7
60459 19
67600 10
67199 22
59410 2
66519 20
65920 22
60590 23
67269 14
65669 0
68600 17
61980 6
70939 6
69890 22
69150 17
65809 7
66360 11
64930 13
63410 2
69350 7
64149 19
63530 10
66639 0
68480 1
63729 12
64900 22
53830 5
59720 20
54429 16
59360 0
57770 18
62049 1
63099 18
61460 0
58830 2
61039 11
60160 18
61599 3
72460 9
61019 5
60610 8
58959 2
58739 5
62710 12
63179 19
62910 14
60589 17
60180 5
62179 14
58349 10
58729 9
62479 3
61790 4
62789 17
73350 0
60579 15
60920 21
60710 8
59829 6
61180 1
61999 4
62260 10
62109 23
60670 6
63129 21
61500 16
57199 5
61840 14
61389 21
64689 10
58380 16
66889 1
61890 7
58349 2
61520 18
