45319 0
9760 0
9760 0
8570 0
10680 0
10540 0
10689 0
10080 0
10440 0
9990 0
9350 0
8690 0
10420 0
10590 0
10910 0
10710 0
10160 0
9230 0
10020 0
10480 0
9180 0
11299 0
10660 0
9630 0
11190 0
10800 0
10190 0
10280 0
9800 0
9500 0
10090 0
9490 0
9911 0
9660 0
9960 0
10670 0
9990 0
9410 0
11570 0
10310 0
11070 0
9830 0
10330 0
9740 0
20589 0
9449 0
9160 0
10340 0
10300 0
10380 0
10580 0
11520 0
10940 0
10050 0
11640 0
12020 0
12180 0
10829 0
9600 0
9760 0
9810 0
9430 0
10040 0
9180 0
9930 0
11360 0
10989 0
10669 0
9880 0
10780 0
10090 0
10470 0
10750 0
10370 0
10040 0
9370 0
9320 0
9840 0
10170 0
9109 0
10320 0
10209 0
9809 0
9840 0
10480 0
9640 0
10670 0
10640 0
10060 0
10080 0
9880 0
8710 0
9409 0
9631 0
9450 0
9180 0
10270 0
10030 0
9220 0
9230 0
9760 0
10120 0
9430 0
9240 0
9190 0
10331 0
8971 0
9049 0
8980 0
9110 0
9370 0
8350 0
9260 0
9720 0
9500 0
9800 0
9270 0
10540 0
9240 0
9989 0
9749 0
9080 0
8970 0
10020 0
8780 0
8450 0
8320 0
8150 0
9780 0
9270 0
9280 0
8550 0
9471 0
8600 0
9679 0
9360 0
9540 0
8710 0
9020 0
8570 0
7750 0
8960 0
8540 0
8020 0
9040 0
9560 0
14200 0
8971 0
9400 0
8300 0
9660 0
8190 0
9230 0
8910 0
8490 0
8080 0
8030 0
8830 0
7960 0
8600 0
9780 0
9611 0
9699 0
9050 0
8940 0
9140 0
8090 0
9070 0
8740 0
8580 0
8480 0
7940 0
7540 0
8740 0
7420 0
8020 0
8480 0
9209 0
8010 0
8390 0
9360 0
9250 0
9050 0
8670 0
9040 0
8790 0
9140 0
8540 0
7740 0
7989 0
7831 0
7189 0
8350 0
8530 0
7860 0
8460 0
8350 0
8640 0
8270 0
8030 0
8680 0
8590 0
8550 0
7660 0
7460 0
7649 0
7149 0
7940 0
8480 0
9420 0
8570 0
8230 0
9050 0
7940 0
8140 0
8020 0
8550 0
9100 0
8749 0
9151 0
7200 0
8199 0
8130 0
7500 0
9510 0
8430 0
8080 0
7930 0
7770 0
8080 0
8060 0
8670 0
9020 0
9579 0
7700 0
8449 0
8039 0
7370 0
7920 0
7240 0
9570 0
8290 0
7880 0
8070 0
8280 0
7610 0
8220 0
8209 0
9240 0
8280 0
8440 0
7880 0
7500 0
8300 0
7700 0
7880 0
8730 0
8450 0
8520 0
8910 0
8260 0
7610 0
17960 0
9260 0
9859 0
8220 0
8380 0
7800 0
8040 0
7560 0
7720 0
7490 0
8230 0
8060 0
9130 0
8880 0
8179 0
8209 0
8660 0
8509 0
8240 0
8890 0
8270 0
8570 0
7110 0
8180 0
7810 0
8040 0
8500 0
7780 0
8650 0
8260 0
8929 0
8431 0
8320 0
8700 0
8020 0
8430 0
8390 0
7260 0
7910 0
7780 0
7720 0
7780 0
7530 0
8740 0
8640 0
7780 0
8429 0
9349 0
9280 0
8680 0
8540 0
9140 0
8060 0
8020 0
7490 0
7530 0
8170 0
7780 0
7780 0
8570 0
7460 0
8459 0
8609 0
8349 0
8419 0
8630 0
8780 0
8720 0
9230 0
8210 0
7270 0
8130 0
8190 0
6890 0
8210 0
8800 0
8560 0
8211 0
8109 0
8210 0
8760 0
8030 0
8950 0
9080 0
8420 0
7960 0
7210 0
7390 0
7620 0
7410 0
8350 0
9390 0
8211 0
9111 0
8060 0
8649 0
8300 0
8700 0
8690 0
8860 0
7560 0
7910 0
7610 0
8550 0
7850 0
7570 0
8320 0
8579 0
9280 0
8120 0
7979 0
8390 0
8860 0
8580 0
12610 0
10340 0
7620 0
7890 0
8330 0
20140 0
8459 0
8151 0
8660 0
8979 0
8010 0
8320 0
8180 0
8340 0
8900 0
9550 0
7980 0
8650 0
8680 0
8060 0
7950 0
7140 0
7571 0
7451 0
8170 0
8490 0
7810 0
8480 0
8540 0
8450 0
8200 0
8130 0
9350 0
8110 0
8060 0
7770 0
8690 0
7520 0
7309 0
7550 0
8280 0
8910 0
8190 0
8730 0
8840 0
8130 0
8510 0
8550 0
8530 0
9110 0
7630 0
7909 0
7969 0
7500 0
7899 0
7970 0
8170 0
8510 0
7620 0
8720 0
8010 0
8200 0
8980 0
7920 0
7460 0
8140 0
9289 0
7860 0
7771 0
7571 0
7720 0
7400 0
9430 0
8870 0
8740 0
8810 0
8640 0
7660 0
8000 0
8460 0
8440 0
8750 0
8149 0
7671 0
7420 0
7599 0
8110 0
7550 0
8580 0
8560 0
8200 0
8100 0
8930 0
8660 0
8190 0
8440 0
8540 0
9329 0
8160 0
7780 0
7299 0
7630 0
7830 0
7600 0
8850 0
8150 0
8210 0
8510 0
8060 0
8610 0
8440 0
7390 0
7779 0
8380 0
7269 0
8199 0
8010 0
7890 0
7700 0
8400 0
9030 0
8290 0
8720 0
8270 0
16450 0
8769 0
8400 0
8600 0
9029 0
8390 0
8170 0
7910 0
7660 0
8960 0
7470 0
8190 0
7880 0
8600 0
8310 0
8330 0
9080 0
7631 0
8740 0
8069 0
9139 0
8880 0
8280 0
10720 0
8410 0
8290 0
8290 0
7800 0
7630 0
9430 0
8100 0
8349 0
8400 0
8520 0
8889 0
9520 0
9200 0
8050 0
8600 0
7390 0
6980 0
7180 0
7610 0
7540 0
8680 0
8240 0
8550 0
8750 0
7880 0
8660 0
8730 0
8000 0
9040 0
8290 0
8590 0
7520 0
7520 0
7530 0
7920 0
8370 0
8170 0
8380 0
8420 0
7409 0
8511 0
8340 0
8189 0
8200 0
7760 0
8710 0
8220 0
7740 0
7580 0
7890 0
7380 0
8230 0
7750 0
8230 0
7669 0
8509 0
8300 0
7651 0
7560 0
8720 0
9240 0
8110 0
7900 0
7450 0
7570 0
7530 0
7410 0
8480 0
8970 0
8980 0
7949 0
8089 0
8409 0
8430 0
8130 0
7970 0
8530 0
9290 0
7970 0
7900 0
7740 0
8670 0
7370 0
7690 0
8670 0
8469 0
8120 0
8911 0
9460 0
8190 0
8630 0
9200 0
8210 0
8160 0
8950 0
18070 0
8290 0
7620 0
7880 0
7669 0
8620 0
8800 0
7880 0
8200 0
8450 0
7810 0
9320 0
8260 0
8750 0
8520 0
8370 0
7720 0
7240 0
8130 0
8379 0
7580 0
8340 0
9119 0
9070 0
8680 0
9580 0
8140 0
8440 0
8480 0
9250 0
9820 0
9040 0
7890 0
7839 0
7820 0
7751 0
7700 0
8190 0
8680 0
8850 0
8380 0
7840 0
8290 0
9340 0
8510 0
9080 0
8620 0
8620 0
7970 0
8420 0
7720 0
8760 0
7490 0
8890 0
8060 0
8010 0
8160 0
8680 0
8180 0
8370 0
8810 0
8720 0
9400 0
8380 0
7331 0
7320 0
7360 0
8509 0
8040 0
8680 0
8620 0
8000 0
8260 0
8240 0
8200 0
9010 0
9760 0
8470 0
8029 0
9580 0
8460 0
7700 0
7910 0
8290 0
7830 0
8840 0
8680 0
8280 0
8530 0
8270 0
8920 0
9270 0
8510 0
8589 0
9400 0
8591 0
8230 0
7830 0
7110 0
8140 0
7570 0
8630 0
8640 0
9460 0
8120 0
7870 0
9220 0
8160 0
8300 0
9020 0
9920 0
7799 0
7990 0
7210 0
7380 0
7510 0
7950 0
8230 0
15790 0
8260 0
8630 0
8220 0
8320 0
8660 0
8331 0
9130 0
8720 0
8690 0
8670 0
8420 0
8500 0
7870 0
6870 0
8500 0
8670 0
8930 0
8680 0
9689 0
7920 0
8731 0
8510 0
8530 0
8810 0
8340 0
7850 0
8290 0
9010 0
7750 0
8060 0
8490 0
7940 0
8729 0
8629 0
8300 0
9069 0
8069 0
8510 0
8260 0
8230 0
8610 0
8440 0
8030 0
8900 0
8210 0
7920 0
8150 0
7940 0
9069 0
8289 0
8629 0
8659 0
8570 0
8420 0
8130 0
8870 0
8690 0
7490 0
7910 0
7340 0
7700 0
8220 0
8210 0
8880 0
8211 0
8311 0
8969 0
7620 0
7970 0
8610 0
9350 0
8940 0
8620 0
7760 0
7480 0
7260 0
7680 0
7380 0
7790 0
7440 0
8169 0
8389 0
8919 0
8540 0
9060 0
8360 0
8840 0
9200 0
8080 0
8000 0
7770 0
8020 0
8590 0
7360 0
8620 0
8849 0
8271 0
7999 0
8010 0
8540 0
8440 0
9030 0
9440 0
8840 0
8630 0
7920 0
7410 0
7530 0
7820 0
7719 0
8380 0
8569 0
8290 0
9320 0
9150 0
8720 0
24190 0
9870 0
8360 0
9110 0
7590 0
8210 0
8130 0
7651 0
7789 0
7059 0
9360 0
9610 0
7990 0
8300 0
7410 0
8070 0
8340 0
9140 0
8910 0
8420 0
8680 0
7220 0
7571 0
8091 0
7690 0
7950 0
8020 0
8530 0
9450 0
9050 0
8830 0
8160 0
9500 0
8880 0
8500 0
7990 0
8600 0
8729 0
7960 0
8520 0
8370 0
7630 0
9160 0
9070 0
7440 0
8010 0
8500 0
8930 0
8400 0
9590 0
8720 0
8451 0
9320 0
7980 0
6969 0
8050 0
7560 0
8710 0
9450 0
8670 0
8640 0
7890 0
8750 0
9050 0
9340 0
7780 0
9631 0
8209 0
7849 0
8390 0
8430 0
7920 0
8010 0
8150 0
8700 0
8390 0
8200 0
8260 0
7810 0
8520 0
9000 0
8391 0
8811 0
9040 0
8120 0
8260 0
7960 0
8100 0
8000 0
7790 0
7960 0
8480 0
8130 0
9170 0
9030 0
8630 0
8951 0
8180 0
8860 0
8390 0
8480 0
8220 0
7470 0
7380 0
7620 0
7130 0
8170 0
8210 0
8510 0
8920 0
8710 0
8291 0
8311 0
8669 0
9470 0
8470 0
7890 0
36580 0
8930 0
8220 0
7600 0
8180 0
8190 0
8771 0
9269 0
7319 0
8010 0
8170 0
8260 0
8180 0
8690 0
8790 0
7740 0
7780 0
7190 0
7700 0
7580 0
8060 0
8091 0
8931 0
8780 0
8209 0
8440 0
9600 0
8530 0
8200 0
