186509 11
157978 4
128549 0
150119 8
134699 5
147079 0
143009 2
142919 7
321788 6
5449 8
141869 10
152029 4
138069 4
160769 7
133509 0
312987 6
144759 9
154329 11
188339 2
144889 7
188028 4
138359 2
154969 11
11800 5
204808 10
145649 6
5400 11
192669 6
5350 10
163828 10
147189 8
144869 5
155829 9
146949 0
147359 5
304887 6
148249 11
130579 9
138769 0
145049 8
260638 6
5100 0
11360 2
138249 8
150789 0
10770 7
4980 10
136319 5
151038 10
144199 5
137269 1
294557 6
5789 0
147819 9
162859 7
133689 8
128989 9
147479 2
159729 7
143319 5
134729 0
172338 7
158419 5
145249 2
160519 6
5320 2
337507 6
134479 5
11770 11
181369 2
10970 4
165109 8
11370 7
159139 5
188138 7
5260 7
154338 5
10840 3
11550 10
127489 1
305478 6
5360 4
137799 4
140549 3
131499 4
127819 3
128239 5
153279 11
178908 2
177329 11
164879 5
177268 4
153499 5
133889 10
13180 0
140659 8
218228 4
153839 0
167539 1
135109 8
147849 0
155949 9
12109 2
174429 11
285738 6
12930 8
175499 2
142499 11
184308 2
196809 7
5270 7
10879 11
155728 5
156489 3
186559 8
353287 6
5540 8
146119 2
135509 1
170638 1
144448 0
154379 11
337878 6
5550 0
151469 4
150750 9
151839 3
285758 6
5850 0
150339 5
123289 1
146929 3
155479 7
177448 10
281698 6
5620 3
149229 9
147049 11
307367 6
5409 0
144439 0
143509 4
217369 7
13920 11
139339 10
134008 10
133579 4
148279 7
149599 9
283618 6
22990 7
169088 8
229969 11
195698 3
12740 2
236428 2
242098 5
269249 8
521487 6
5791 3
276027 6
6260 8
242099 5
12340 11
10810 4
301038 5
257178 10
260718 9
223138 1
12330 5
220378 8
251338 11
252929 11
258668 5
236228 9
530616 6
5620 3
242758 0
239538 6
5390 9
292378 8
243958 7
12170 9
241088 9
246098 9
12280 3
237448 7
223108 5
215158 0
204688 8
243798 8
221709 3
237028 11
229338 11
498307 6
5691 0
174489 3
187299 0
174348 11
11830 4
73409 8
71890 5
72349 5
11410 3
76010 7
70749 8
70139 7
144769 6
4970 2
71330 2
11060 10
79960 5
75069 7
69550 7
71669 8
72060 2
67259 1
71280 5
69409 9
69590 11
9539 10
68499 1
68439 3
76460 4
68020 8
69359 7
98219 10
108469 3
112189 9
129448 0
141710 1
147739 0
130249 3
116760 2
236988 6
4700 9
146999 5
153559 2
144759 7
170739 7
154449 4
174408 7
158649 5
185229 6
5470 0
13000 5
201289 5
411267 6
5350 1
211268 9
152569 2
130639 3
113809 8
14900 2
140629 11
151058 0
163228 7
143259 0
134539 1
288828 6
5590 7
16390 8
131709 3
19950 11
148059 0
163208 10
194679 11
255698 4
252228 7
466866 6
5920 8
279208 8
240748 2
234669 11
488926 6
237658 6
5730 10
217698 8
255568 3
472147 6
6180 7
256348 7
257218 11
266098 11
217108 5
11640 11
484816 6
6000 5
273428 4
233438 5
216839 1
219218 8
213778 3
237347 9
232119 9
464096 6
5430 11
492136 6
6069 11
257118 9
41219 5
44769 5
54150 8
38369 9
17520 3
45110 2
82879 6
5039 9
57900 5
45429 9
50669 7
55250 9
20790 0
90769 6
4990 7
16210 4
50790 4
59920 5
40120 8
43499 11
51670 7
48070 7
97290 6
5470 9
50909 5
64469 10
55769 8
15699 4
43500 5
22680 11
105539 6
5580 3
54030 5
53060 5
66000 10
59759 9
55430 7
54699 1
66560 10
46640 7
46270 3
49910 5
45559 8
85180 6
4870 4
60649 0
46160 10
52990 8
40910 3
48470 1
172428 8
151889 4
174619 3
176898 11
164919 11
150469 8
274178 6
5630 0
130729 4
127619 5
144039 9
131599 4
255708 6
6200 4
123439 7
126389 8
131519 4
126329 11
129739 2
250148 6
6710 3
143069 7
125969 5
131899 4
10180 7
126429 10
131039 8
126309 1
256898 6
131089 6
5510 5
244098 6
5440 5
128069 5
259228 6
6320 0
10620 10
130839 2
119999 10
10650 1
124219 11
137079 2
120259 9
139179 10
11030 2
20550 5
123200 9
136449 7
254538 6
5520 1
262638 3
240388 1
241098 11
241409 6
262358 6
5729 2
240579 4
296847 5
283588 2
283538 11
11810 8
299037 0
245858 1
276697 5
287487 2
231058 0
17210 9
265469 0
237888 9
247738 2
262318 7
239168 10
213888 9
204209 10
172428 8
245458 9
197828 4
153829 4
188558 1
156459 8
145079 0
171999 4
151019 0
14470 10
12559 1
176558 10
17730 8
191539 10
18550 8
201189 2
34020 10
173728 0
182329 8
188758 3
154158 5
180329 2
187538 9
198249 3
148669 2
145639 4
176518 3
223129 11
213569 0
243288 8
228528 0
217059 10
209648 9
26380 4
253088 3
239648 10
238558 9
235028 5
200748 2
390747 6
190038 6
6280 8
223649 10
12590 10
236978 1
199218 11
355658 6
5820 1
196159 10
191869 5
206158 2
192759 1
225248 2
205058 4
244098 1
201158 5
183888 5
194168 6
6030 1
136069 7
156859 10
14580 4
149998 2
145179 3
126899 0
129330 5
133110 8
125239 11
128670 8
148919 3
279177 6
6080 8
137899 7
132429 10
11330 11
122739 4
