94679 6
53540 6
47540 6
46830 12
50080 11
51039 9
52650 11
54869 5
57479 14
54310 11
56579 13
63480 2
50319 4
50900 10
49259 3
52649 4
54960 3
51019 11
54780 2
47890 1
52310 8
48590 15
54819 12
48380 7
52570 3
51330 9
53290 3
50120 1
49449 14
56139 6
67590 11
50070 5
51379 7
45420 1
51019 3
50530 4
53220 14
54799 0
52560 15
51580 13
47939 3
49550 7
51139 8
51280 4
52260 14
54369 15
54870 13
53690 5
53179 9
81119 13
42419 7
47820 4
46200 3
51149 1
48150 13
46129 7
46560 4
45920 12
45750 9
58490 6
46920 5
48229 7
50390 9
45239 9
51560 10
57000 0
69560 1
65659 10
75880 7
63540 6
61250 8
66649 15
61759 10
66989 5
62070 2
64260 6
64990 11
66310 4
59450 9
65279 3
66589 12
62430 4
61350 0
72750 11
62639 6
62000 3
61079 4
63170 10
66139 5
63949 15
68639 13
60890 5
63339 14
60980 3
64489 5
65330 4
65869 14
64840 6
68449 7
76370 4
63380 2
69550 12
64519 12
63460 14
62050 12
60340 8
63349 6
70590 6
60010 2
62540 13
62129 2
69860 4
62099 13
59470 1
75729 12
59210 13
62439 5
68540 0
63649 14
55820 3
58899 11
58090 13
58000 11
59809 4
66250 15
58239 1
56420 3
57759 5
63850 14
57119 12
59580 12
80339 9
62550 3
64169 15
60420 0
58439 7
64530 11
64219 9
59640 12
57769 6
69009 8
59940 5
61160 6
63470 12
66900 5
60909 0
68850 10
69239 2
66029 13
61810 11
64530 6
64459 8
63869 15
60070 8
60920 3
64609 12
58760 1
58890 5
64699 1
65470 14
57159 12
61170 14
81829 7
63190 12
60259 1
59140 11
62889 6
70830 14
64439 7
59180 5
59029 14
56170 9
59139 10
61540 11
65510 5
64880 7
64499 13
61599 2
79109 12
65950 4
64609 1
58180 15
58470 15
66050 8
60919 8
68069 2
63709 6
58280 14
60910 3
59549 0
64180 1
65969 7
57130 5
60149 12
73840 5
62099 2
57860 8
64539 4
59640 9
61699 4
65989 8
66870 7
61649 14
56829 4
64930 5
65490 15
59959 14
60030 14
62749 0
57080 3
106069 5
53169 7
56639 2
54770 14
58699 9
59160 5
55449 13
58920 11
56350 7
65840 11
54740 8
58900 3
52880 9
52930 0
43720 7
41199 1
38699 4
40800 5
51249 3
45419 14
45150 14
47399 3
46659 14
42050 12
47670 5
40280 9
41070 3
38000 9
40420 14
37830 7
39200 7
39259 6
39550 7
38150 14
41470 14
39020 13
39300 11
41330 5
45520 9
43700 15
44270 13
48780 11
40600 3
39169 14
38380 6
40360 7
38340 9
39909 9
39960 0
40440 6
39519 7
39209 13
38880 11
42359 11
39609 13
45710 2
41600 13
46140 8
45720 0
41670 0
41590 4
43190 10
47410 6
41750 10
46080 6
54799 1
43580 13
39180 8
38970 15
41099 2
41460 9
38799 9
43280 0
38480 10
44039 12
40989 1
47500 8
48139 12
43559 8
45660 7
38980 12
42050 10
40470 2
43519 15
41620 3
42130 5
43730 5
44189 11
50370 3
39620 10
41449 14
41180 3
40590 14
45539 8
39960 15
38400 12
41359 14
44009 12
40460 0
38399 14
42259 12
39090 15
41439 2
39679 5
42270 13
40419 6
39359 2
47690 12
50659 1
47969 10
46840 9
44739 14
52329 10
40570 12
42520 8
47300 0
46590 4
45649 13
41870 9
39940 15
39119 14
41639 3
39820 8
42029 13
38649 8
50490 3
46809 6
47739 1
46670 9
41239 1
43809 8
40440 14
40199 11
39479 14
41140 5
51740 13
39959 9
39170 13
40890 11
38720 8
39570 10
44040 14
41209 9
40060 5
38730 8
43909 2
40400 1
42590 14
40860 13
41620 4
38370 8
41169 14
40570 9
40460 10
42809 12
45110 7
41500 5
46669 7
45060 14
58720 9
42610 3
41200 2
42620 4
39910 12
47400 8
44780 4
44290 2
40559 5
42480 6
42000 14
46320 13
39170 14
40580 14
46470 11
40190 4
39470 13
42009 8
39770 1
42249 9
42199 13
41960 14
40560 9
52599 2
40060 14
39900 7
38259 3
39620 4
41930 5
39830 7
39200 0
42340 11
40050 14
40100 9
39750 2
41310 2
41460 2
40940 11
42540 10
40169 5
45830 15
39980 13
41779 5
48110 0
46410 8
44549 10
43170 10
51429 0
42369 7
37640 15
39370 4
40389 11
41840 12
40760 6
44789 1
41160 4
40450 12
42230 15
39190 0
42730 2
37149 12
40219 9
42810 5
40550 11
44670 15
44860 8
46529 14
45209 11
40500 4
40699 12
99019 10
45450 1
50469 6
47760 6
46919 11
46000 8
49849 6
47349 2
50360 6
48630 6
52070 3
47970 6
50739 13
50680 14
52139 14
49629 1
53610 4
49620 8
54460 1
65029 5
45679 13
51490 6
52929 7
50710 13
44600 12
48470 13
48770 5
48319 12
49569 3
57710 6
50319 5
50980 6
48339 8
52249 5
49010 8
49079 4
53450 10
48770 10
51800 7
71660 2
52330 6
48940 11
52080 10
50850 9
47560 6
51229 1
50860 5
48419 9
46479 4
48270 9
54030 5
50870 0
51690 0
55659 0
53350 8
50169 13
45899 4
52920 7
64909 3
48870 11
47099 9
53619 3
49610 13
52859 12
49820 7
45809 6
50019 3
51610 13
54999 3
49680 4
47250 1
49580 9
51150 2
51949 3
50820 13
50810 9
52710 4
48750 15
61179 9
51480 12
50809 0
49239 5
53190 15
47380 14
50750 7
55170 5
55489 10
52650 10
53959 13
48460 4
46220 5
51279 8
53000 6
51750 12
50350 7
57200 4
49899 3
61870 3
54340 12
47950 15
51400 5
51379 0
52660 5
47620 6
51980 9
49480 14
54259 1
48480 15
45320 9
46389 4
51980 15
51279 5
53679 10
52380 6
48579 5
49210 15
52940 0
59880 9
51840 7
50909 3
55200 4
48629 3
44079 10
53040 15
47709 14
49630 4
49590 14
52999 13
48540 10
50560 9
51579 14
57030 5
48800 2
49520 14
52519 3
53609 15
61580 0
50900 3
49390 9
50789 11
50029 7
51780 0
54279 7
45600 5
52730 3
55929 15
49010 3
52749 13
55760 6
50030 0
52479 13
51820 3
49739 15
52150 7
52210 7
61280 11
50520 0
50659 6
46930 9
46830 2
48110 14
51020 14
45800 5
49929 11
47240 2
51189 15
49320 7
50350 9
47770 7
53610 13
47219 4
52130 12
51939 5
50649 12
55650 2
64109 10
46810 10
45170 5
52390 4
46820 9
53860 2
50800 15
53600 0
50419 10
51470 14
49220 7
47860 12
46550 12
51139 9
48760 15
48140 8
53349 10
50650 13
50859 10
48980 11
104589 5
44040 11
46039 2
40039 10
45930 4
42430 15
44100 12
44790 0
44790 7
46680 10
49920 0
49759 10
46749 11
44220 14
42769 1
39819 1
40800 4
48940 10
42139 3
38370 14
46509 3
55719 12
47730 11
45009 12
45910 6
44050 10
41649 2
44210 15
45150 5
46789 0
48740 5
42909 2
41319 3
41710 3
42280 5
50659 4
45110 13
48329 10
46190 12
39460 2
43269 5
42239 8
39850 1
47510 13
41810 9
46920 8
43969 2
41369 6
39400 4
40580 1
39939 0
39120 0
42960 11
37890 12
40810 9
41180 4
43169 11
39739 2
38990 10
46239 11
47619 8
48290 11
47409 3
42740 4
42580 5
39880 6
40820 15
58490 7
42989 7
42200 6
41160 12
45899 2
46100 8
44200 0
40379 0
40350 4
40200 8
42639 13
42199 6
42910 7
42439 4
40540 15
42070 14
39979 12
41879 9
40330 3
40290 7
40440 3
40360 5
41430 5
48589 11
38520 7
42090 2
43599 14
43420 11
47100 1
43699 15
45610 3
38550 13
41879 0
42260 10
46600 11
45129 3
45500 0
44990 4
41299 10
40920 8
41100 15
40620 6
39680 13
39360 2
42089 7
41789 5
40640 7
49600 3
39100 0
42000 5
41080 12
41100 3
40830 15
41780 1
40360 6
38870 1
38920 5
42469 1
41010 12
40860 10
41929 15
45699 14
50420 10
48699 0
49760 6
42659 4
40420 3
41000 9
43509 2
38199 10
47470 0
38640 12
41389 4
38240 11
41750 4
42610 2
40860 0
39160 3
42399 10
39519 5
40580 10
45579 10
40419 6
40760 0
43460 12
41340 1
42800 3
44620 2
39019 3
37990 11
39750 5
39790 2
42810 12
40980 8
49360 8
40890 7
42680 5
42800 3
41640 11
41870 13
41360 4
40560 7
43290 5
38780 2
41370 13
38740 12
45960 3
45820 9
42780 6
44579 9
44499 11
40880 7
40980 6
41709 14
42370 9
42500 8
42739 9
41330 5
46339 14
40969 11
41330 6
38810 1
41299 1
42620 15
42080 12
40639 8
43069 2
41300 10
39150 14
42790 5
41020 11
43330 12
39249 14
41890 6
40289 12
41169 0
41910 5
42250 9
46799 3
47400 11
51710 3
57339 1
44500 6
39729 11
38699 11
40350 15
46219 9
41070 14
41460 5
38969 5
40550 3
44040 1
39940 13
42020 4
42250 7
40830 7
39780 10
40110 2
38450 12
41759 9
42610 3
45580 2
38589 12
42039 13
42020 0
62339 4
48530 8
52920 9
54610 4
49020 13
45029 10
43440 6
46980 11
50359 2
54140 4
56700 14
48640 8
56670 6
49149 14
51640 15
51419 5
51609 3
56480 10
50949 3
59200 1
53849 1
47600 1
55940 15
50089 0
52220 5
51029 2
53069 5
50810 9
51299 14
43540 6
50359 11
51949 4
51980 10
50689 14
53380 4
52120 13
51230 13
52760 4
65979 3
49950 0
49870 4
50960 3
225528 14
53180 10
48999 3
48459 3
50050 5
50299 8
53939 6
45350 2
50169 11
49790 5
51559 13
52639 12
47320 5
59669 13
46710 2
49540 2
45789 15
50000 7
50709 10
49129 14
46570 7
50260 12
48090 10
53050 6
48519 12
53550 15
51310 8
51850 10
56180 1
49319 6
51910 3
49259 5
61599 12
47880 5
47309 1
48070 3
48080 5
52600 14
51060 8
47919 15
52639 11
47780 8
47189 1
55140 5
45970 15
51210 5
50230 0
53099 7
44710 12
49750 14
53210 10
51550 2
58529 3
50080 14
52399 6
45639 2
52590 13
53050 1
50140 5
49570 5
52079 6
51490 15
52370 3
50570 0
53950 5
51879 8
51750 12
47709 7
53419 8
50980 1
53979 14
45310 13
61580 4
49459 10
51230 15
51099 4
50120 9
49810 15
51480 13
53280 13
52579 9
47950 10
50800 5
51000 2
46340 7
56179 3
48079 3
49020 12
48049 15
48960 9
47849 9
60319 11
