281128 2
154679 0
154708 3
160168 1
172869 2
162809 0
164319 2
146748 2
144819 2
139159 3
162629 0
185669 0
172649 1
145349 0
163139 2
240938 0
196668 3
182788 2
176049 3
130599 1
142829 1
157549 1
172249 1
132129 0
200539 3
184808 2
188129 2
164609 1
176418 1
163569 2
161969 1
147359 1
128939 0
134319 1
135009 0
154439 3
176868 3
145699 1
118469 3
135159 1
165729 1
202308 1
173158 3
134939 2
123149 3
146609 2
161079 0
177018 3
188578 2
230858 1
163639 2
160709 2
166249 1
165319 0
164369 3
156759 3
165719 1
182309 3
168219 0
197428 0
158969 1
164819 3
161499 2
162918 1
166338 2
173579 2
162099 0
163079 3
166448 2
171129 2
168069 3
174298 2
130689 1
142739 2
137219 0
149009 0
163179 3
206438 3
142649 1
155649 3
167919 2
161568 0
191569 1
199268 1
172079 1
141729 3
132669 2
151389 3
153359 1
148999 2
152639 1
196109 3
214738 0
206699 3
168269 2
173189 3
174399 2
162419 0
167619 0
181849 2
179809 0
196539 1
174129 3
177729 3
186309 2
175329 3
168449 0
173299 0
154669 2
144369 1
149789 0
166108 1
150309 3
165479 2
148709 1
128989 2
142859 2
125599 3
131649 2
154799 0
195298 0
146319 1
121269 3
145659 0
141789 2
145629 0
193788 0
167709 3
153569 1
130559 3
120029 1
143079 0
147389 2
165908 2
155170 2
232519 0
231458 2
230858 0
196569 3
210698 1
184219 1
166138 0
159048 2
154929 2
156189 3
146029 3
151379 3
146990 3
146539 0
151569 1
164209 0
158669 3
155908 3
158659 0
151609 3
154409 3
149739 3
157918 1
132959 0
127579 2
136418 0
134479 1
150519 2
175908 1
156359 2
126719 3
152149 3
149299 1
135849 3
172428 3
178259 0
164119 0
140569 3
115709 1
142389 1
154898 3
155558 3
150189 2
194869 2
237278 0
231878 1
226388 3
228919 3
161349 1
148629 2
164869 2
150639 0
166709 3
138398 3
113169 2
111969 1
155409 2
166309 0
164678 2
148699 2
133249 3
127409 1
144899 1
162239 2
220108 0
207358 0
202389 3
178219 2
184278 1
171949 3
159189 3
187478 2
182319 2
154799 3
150659 1
146779 2
151679 1
149679 3
157959 2
149309 1
155559 1
157669 3
157369 0
170029 2
166259 2
150169 1
152188 2
126310 1
146768 1
132899 3
143359 0
182509 2
170458 2
134639 0
146419 1
155758 3
142129 1
170259 1
151929 0
196038 2
141399 1
117759 2
126939 1
149259 0
159089 3
140359 0
186489 3
247709 2
199708 0
223428 1
174989 2
172869 2
149719 0
163178 2
163139 0
170069 3
159449 1
152968 0
149988 2
156429 1
157649 2
158629 2
145809 1
153868 2
152228 3
158319 0
144759 0
154709 0
161149 1
159849 2
128919 3
131549 3
127430 1
146249 0
183599 0
160599 1
130479 3
152669 1
147899 0
163508 2
169129 3
189938 3
163298 3
119659 1
124659 2
146238 1
146309 2
158279 0
182039 2
201879 2
199368 1
194228 1
196379 1
189558 3
165359 2
165249 0
168078 1
155429 1
146489 3
166209 0
173238 1
156288 3
150239 3
159449 3
164019 3
168058 3
150199 0
150969 1
165109 2
159459 0
153299 3
134630 3
147509 2
119130 3
136059 0
129790 2
152008 3
183899 3
180319 0
126868 1
150758 2
153629 0
137459 0
164519 1
168589 1
181608 2
138209 0
121349 1
144749 3
147699 1
145719 0
152499 0
236088 0
212188 1
210449 3
201988 2
188959 3
146219 1
147618 1
162139 3
143899 0
160149 3
122849 3
124249 2
115839 0
152729 1
156009 3
166119 2
149229 2
117309 0
149379 3
147939 3
172578 3
209949 3
212569 1
185068 1
187389 0
176899 3
173298 2
160869 2
171449 3
157618 1
169058 1
155549 0
158369 1
148219 0
150629 3
155138 3
173618 0
162049 1
167369 3
161319 2
163878 3
152039 0
177789 2
135519 1
129689 0
132279 3
139029 0
161709 1
180608 2
151899 0
148139 3
154419 1
140939 3
162638 3
162889 3
171809 1
157388 3
120539 1
139468 2
158059 2
168569 1
154789 0
226688 3
222798 1
213969 2
189638 0
183469 3
172979 1
174898 2
159239 3
164579 2
152609 2
163349 3
156418 3
168669 0
161049 3
167328 1
156649 0
155969 2
170129 3
160509 2
156718 1
162659 2
154969 3
144099 0
135429 3
136539 1
129349 1
154789 3
193328 1
143359 3
154679 3
163149 2
146819 0
169968 2
177099 3
172159 2
145438 1
130608 3
134279 2
144659 2
145088 3
144669 2
205989 1
246088 0
220738 0
207598 2
183238 2
163579 1
164199 0
162418 1
171869 0
159539 2
152049 2
152979 2
149378 3
173949 0
160779 3
156769 1
157299 3
151928 3
153329 1
177189 3
167499 3
167058 3
156909 0
123489 1
137099 2
130409 0
151079 3
179789 1
169908 1
137319 2
150719 1
154889 1
167399 2
170078 2
170518 0
165079 0
127119 0
118459 3
142359 3
155739 3
148759 1
240248 1
209608 0
210229 2
218488 3
191398 0
157118 1
150489 1
137559 0
174769 0
139599 3
159908 0
135599 1
121710 0
127279 3
155878 3
168229 2
168609 1
136329 1
114969 0
137329 3
146439 1
141049 1
229848 0
240028 0
207559 2
184049 3
170359 3
164279 1
158399 3
169569 3
168879 0
153539 1
159168 0
154959 3
168869 0
153629 3
153239 1
154689 3
160009 2
166539 3
166279 0
146539 1
164899 2
159548 1
153029 3
127209 3
149249 2
147789 2
149879 2
196168 3
147059 3
136719 1
153859 2
147599 2
150748 3
201018 2
168879 3
152578 0
126840 1
141658 2
153579 0
158298 2
139049 3
187699 1
234778 3
254368 2
222418 0
186919 3
156719 3
165209 2
171678 2
175409 2
172318 1
163269 3
159909 3
161299 0
170908 1
166678 3
162569 1
154119 3
150769 2
152399 3
193908 0
151169 3
159619 1
135119 1
136639 2
140698 0
139428 2
167459 1
162319 3
134729 1
149999 2
155429 0
143949 3
161738 0
179589 0
159879 3
154719 2
117879 3
130429 1
152969 3
170288 2
145979 2
200149 1
205138 0
194779 0
183958 0
207019 3
171298 3
165699 1
148839 3
163699 3
151889 1
158328 0
155138 3
154509 2
162449 2
156018 3
171309 2
170599 3
156339 0
158588 3
158508 3
159879 0
148819 3
145889 1
114659 1
130689 0
131329 0
139829 0
172689 1
182748 1
157089 2
164019 1
143909 2
161179 2
167998 2
167089 0
164919 3
119919 3
117379 0
144609 0
157339 0
153609 2
147008 2
227639 0
248648 0
216298 2
186989 3
156019 3
162429 0
127179 3
169079 2
143969 3
163499 2
138059 3
114019 0
133879 0
153269 0
161218 1
156469 2
145369 1
121849 2
139319 0
155429 1
142639 0
194428 0
201719 0
207168 0
186239 1
176808 0
174999 0
156159 2
167759 3
166469 0
160739 3
153819 3
163219 3
155309 2
165068 3
153008 0
157359 0
173939 0
148068 0
156699 2
161709 3
155719 3
155299 0
168249 2
128199 1
141659 3
140499 2
134839 1
199619 2
164288 3
131339 2
153570 0
152279 3
159609 1
159069 2
177108 0
163878 2
129479 1
113809 2
137648 0
149289 0
155279 2
129809 2
231208 1
190079 0
203678 2
195939 1
190979 0
172219 0
141499 0
144199 2
144439 2
146049 0
153638 2
169258 2
153659 3
157319 1
151949 3
157458 3
152038 1
155619 3
168919 2
151889 1
158059 3
172029 2
161489 0
159919 3
155819 3
129948 0
128510 2
134468 3
133170 1
145788 3
187879 2
152799 3
133639 3
159779 3
147749 0
167368 2
164479 1
174629 1
151869 2
120130 1
127639 2
146998 0
150779 0
147538 1
151879 1
192519 1
194638 2
144229 2
152519 3
158089 3
158109 3
144638 2
140159 0
138159 0
150309 3
153129 2
150849 1
166258 2
161248 0
159969 2
148619 2
156969 0
153009 2
166479 2
146169 3
152169 3
149139 3
161569 2
160628 3
165548 0
168429 2
158709 1
135399 3
129269 2
135699 2
133019 0
142929 1
209048 2
148669 3
138979 3
152479 2
174748 2
175889 2
173949 1
168959 0
155578 2
123989 1
119189 0
150709 0
164839 3
153439 0
142039 1
223808 2
194668 3
149339 1
161198 1
144319 3
148689 1
150359 3
133289 0
123749 3
115179 1
139659 2
127459 3
148249 0
151949 3
123469 2
121139 3
155919 0
181768 0
173069 1
149499 3
118179 3
120419 0
139949 0
133389 0
182869 2
192808 3
160589 3
150769 3
158129 2
161869 0
164089 0
154139 3
152949 0
146449 3
155249 0
155569 3
157879 3
209379 2
146358 1
146709 0
149679 3
156109 3
156849 1
159748 2
156508 2
160549 0
158169 3
174039 0
164109 3
168089 0
154119 0
118289 3
139479 0
124249 1
137149 3
172629 2
172629 3
132278 2
149059 0
158059 2
155519 0
162628 2
190189 3
147479 0
139949 0
111799 1
136789 2
145009 2
144349 2
140559 3
147319 2
194838 3
177369 3
155659 1
151608 3
155028 0
163229 0
148229 0
150079 2
141459 2
152669 2
151968 3
167649 3
154579 1
149609 0
155219 1
157508 0
163989 3
160029 3
165049 1
165239 2
158279 3
151049 2
158819 2
160619 0
168188 1
161189 2
147149 3
128969 2
139749 2
129159 1
147809 2
229828 1
156419 3
148949 0
165839 1
145308 2
165658 1
172249 1
188678 2
138368 3
115459 1
148118 2
154588 3
161929 0
142449 2
189088 0
196649 0
156039 0
152679 2
156688 0
145110 0
144588 1
142639 3
149699 2
149969 3
153819 3
166189 1
142710 1
159619 0
151159 1
156129 3
154939 2
161738 1
148959 2
161579 3
153789 2
169929 0
174118 0
186079 3
157779 1
159138 3
147988 1
124788 3
143878 2
132379 2
158309 0
188409 2
162649 0
145288 3
153609 3
150349 3
164609 3
158359 2
265458 1
139098 2
118879 3
134599 2
148468 0
164878 0
143789 1
169319 2
199998 0
157649 0
151369 1
186248 2
153358 3
150299 2
131929 2
127999 3
123429 0
127859 2
149719 1
146469 0
157089 1
124109 3
125259 0
138409 2
166729 2
176268 1
162009 0
145559 0
121179 2
140789 0
150009 1
172049 2
191458 2
146629 3
150439 2
151119 2
148709 1
149728 1
155218 1
147449 3
148749 2
151809 3
154729 0
161369 2
161218 3
154019 3
153129 2
157599 3
154789 3
152948 3
145819 2
157559 2
163879 1
157249 1
156338 3
154408 2
161959 3
167279 0
130659 1
137229 2
126539 2
135209 2
184958 1
168929 2
148479 3
154449 2
156179 1
148339 1
167048 2
154739 2
171499 3
146919 1
117019 3
127099 3
