108538 2
60310 4
85149 5
59149 1
63510 6
61149 4
70930 3
60949 0
60889 1
59910 2
68269 1
65209 2
63380 4
65549 1
65200 1
64409 6
63179 7
64670 1
78119 4
56149 7
61860 7
65819 4
65019 6
65620 5
60399 6
59979 5
62550 3
58999 5
58250 6
62139 4
62520 1
64879 4
57949 1
56850 4
78229 4
60260 6
60920 3
62449 3
65570 7
62029 2
70969 0
66780 7
55349 6
55939 0
63610 4
58159 3
59620 2
63359 6
59249 3
59550 2
76889 1
60230 0
59880 1
57239 1
61260 7
62639 5
54079 0
64760 6
58259 0
62350 0
56189 2
63859 2
55960 2
68359 1
67159 6
62549 0
72089 7
58140 6
56289 1
58719 7
59580 0
63629 5
61080 5
64649 0
57280 5
63249 4
62629 7
54300 5
63709 2
59289 3
61850 2
58879 3
75610 2
58709 1
60149 5
56489 0
61699 6
60410 6
65989 1
64329 4
61740 6
57249 0
55259 3
61359 6
58169 2
58520 2
61359 6
58180 0
60149 3
69439 0
55970 7
58529 5
62530 6
59909 5
54069 7
60289 3
60749 1
58140 4
65429 1
60069 2
64639 0
60269 1
66929 7
62009 2
58909 2
74360 2
69570 3
60389 7
78860 1
67879 5
63889 2
62119 0
67070 2
71839 4
68170 5
58340 7
62689 7
69680 6
64709 1
64929 5
88699 5
59060 1
67189 1
65750 7
69429 1
62609 1
69760 3
66290 5
64659 3
63920 1
56789 3
70389 4
64580 5
58059 1
68200 3
9094219 2
48310 0
44660 6
40499 2
40160 5
44459 4
41670 5
39349 2
43930 3
41129 1
45209 2
46469 0
44780 5
42070 2
43619 6
41890 4
45090 1
43570 1
42570 1
43219 2
43360 6
40639 0
51870 7
38970 7
46960 3
47540 4
47320 5
47880 6
47890 3
49300 5
55210 5
57449 6
52049 6
50490 7
50419 3
49629 4
53039 5
52399 1
53000 0
52280 2
51029 6
52369 6
63430 4
53259 3
52540 1
52809 5
51700 6
50499 2
52160 1
49929 2
50060 5
51809 2
50870 1
46510 1
49150 2
45069 5
57620 3
50499 7
47990 1
49609 5
49040 1
66129 1
49879 7
50609 7
49570 1
50099 4
56499 7
50929 3
46079 1
52949 5
53839 1
49749 3
53789 4
48889 2
51719 7
51920 4
47359 3
52889 0
54389 0
50130 7
62119 7
55400 7
51079 1
51690 3
51479 1
54180 1
49079 1
48550 2
48089 2
54520 5
56259 2
50620 1
51840 1
54960 6
50170 6
50940 3
48530 7
50509 7
56299 2
63849 0
42910 4
57479 1
54660 7
46539 7
53030 2
50619 0
52760 6
52169 4
53300 2
45399 0
56750 1
50469 4
50100 1
49419 5
51030 7
57469 5
59139 2
48179 0
70179 0
51489 7
50520 2
53089 0
51389 2
48370 2
52859 4
51380 6
50779 6
54010 7
52169 2
50200 6
48699 5
50950 5
53359 0
59690 5
53309 0
50560 1
52739 1
60240 1
49529 6
52009 7
49720 4
51129 4
56190 3
48639 3
52689 4
51589 6
59080 7
49649 3
55510 0
51959 6
52200 1
58519 4
50100 4
48459 7
50510 0
57179 5
64229 1
50459 5
49550 6
52159 4
48010 5
51460 1
48770 5
55250 5
54250 7
54330 5
49449 2
54230 3
57579 2
49370 2
52859 7
46380 5
55459 5
48930 5
50329 3
63139 7
53069 7
53560 5
52090 3
46110 3
60429 2
51730 4
48979 3
53559 3
55859 7
52479 5
47759 6
54050 6
53090 0
54589 2
52180 6
56519 5
51010 5
49359 7
74109 6
51939 7
52760 2
51559 4
50550 1
53910 4
54939 2
52670 4
52219 5
50200 4
50319 3
47910 6
53299 5
44350 0
51549 4
55160 3
60839 4
51380 1
54039 5
10078140 5
65230 1
52769 7
60350 5
55140 6
63179 4
60660 1
64359 0
71609 3
61230 4
63309 5
60990 5
66100 0
64229 4
61040 3
60519 1
91459 5
256308 6
69710 6
59589 5
70210 0
73779 5
84459 7
67059 6
72469 3
65099 4
65619 3
90479 1
243377 6
52210 4
56329 0
59549 1
55909 7
56079 5
56930 0
52569 0
57060 0
55559 7
60089 2
58860 4
48640 7
67159 6
50869 4
52550 0
49099 0
52720 6
53499 4
54360 2
47369 7
50380 7
51949 3
49860 6
56439 6
52719 1
49900 4
48220 0
52559 4
50060 2
56479 7
52239 4
63570 2
46929 5
45079 2
54250 4
48389 0
51609 2
50069 2
48280 7
49230 0
50090 4
52579 7
50519 5
47439 0
56390 4
55960 7
50349 2
54520 7
51349 6
52200 4
49439 0
58850 5
52019 2
52760 3
47779 2
46180 4
50789 5
54300 0
49939 7
49470 4
49549 1
51940 5
52769 4
48910 6
56769 6
51930 2
48169 0
49860 6
52669 6
56440 0
61560 5
50939 3
48499 5
44579 0
52610 4
50120 4
46509 1
50160 7
53440 5
47130 2
50570 7
56940 1
53179 1
49499 7
53520 2
51110 0
52359 4
49279 0
50940 4
61899 3
46360 5
50159 3
53990 4
49099 0
50410 1
50239 3
52660 3
53869 4
53940 5
51289 2
55290 0
55059 0
50880 2
54769 2
51300 4
52270 1
53030 4
52370 4
57570 7
47450 4
58569 4
49900 7
51539 4
48720 4
50199 5
51020 3
55659 0
46030 2
50709 0
57550 4
50599 0
49880 1
51209 5
45880 7
50659 5
46960 6
50879 3
45960 2
58479 0
51700 7
53999 2
50180 7
55979 5
54370 0
48409 3
48750 3
52489 5
51820 7
52529 7
55070 0
49930 1
48690 6
53789 1
57130 7
46660 6
51930 5
55509 3
66239 5
43490 1
38119 0
37049 2
37080 5
42389 7
40130 7
36290 7
38669 1
37400 0
42590 2
37210 2
43280 7
44299 6
38460 6
37409 3
39359 1
36690 3
40459 3
38150 3
42769 5
43669 3
39250 0
41319 2
44910 3
9088920 7
52699 0
50500 5
54839 7
53909 2
54750 0
57900 0
50129 5
50650 4
46639 3
51379 7
47390 0
49580 5
50530 0
53880 5
54210 1
57839 6
47599 3
64099 2
49460 6
48649 7
52090 4
56579 2
49970 2
50139 0
62630 0
53299 0
52440 0
50129 6
48679 6
50389 6
50710 7
50359 6
56350 1
50039 3
54670 6
45679 7
64130 3
53010 3
52159 7
49020 0
52929 7
52490 4
54789 6
54620 6
54609 0
60330 1
51619 0
50829 3
46349 5
53900 0
50479 2
52399 0
50370 7
55039 7
54180 4
67859 3
48280 3
51299 1
53220 7
51789 2
44730 6
49859 1
51400 7
47469 0
48900 3
49350 3
48639 4
53399 0
53410 1
50679 1
48390 3
50769 0
55370 5
55159 7
64660 7
48029 0
51210 4
53379 0
44600 2
53679 7
47240 4
53769 1
54929 5
56369 0
46670 3
54120 2
53439 5
54649 3
52250 7
53339 6
47579 2
55009 4
42209 5
62860 5
46649 1
54869 2
52789 7
51920 6
50439 2
52850 3
52749 0
55510 1
44839 3
55220 3
50789 1
51200 7
53529 5
48380 5
54849 2
52519 2
52470 0
57639 5
59700 7
54439 3
51100 1
53079 5
51690 5
55319 5
57090 1
51979 0
51890 3
46149 0
46790 0
49649 6
53090 2
54629 2
48620 4
52369 4
53630 5
47759 7
54770 5
60929 5
51119 5
49789 4
49400 4
49110 3
52819 0
47769 1
49820 5
46789 4
49710 2
46909 1
66050 7
49329 0
54770 0
57509 3
52859 7
52920 6
49739 1
54730 4
51029 0
64580 0
50279 7
51470 7
50599 4
52270 6
54109 1
55549 5
49009 3
54119 6
53079 4
52559 7
53349 7
55160 5
54270 7
54039 2
47590 5
52249 2
49990 0
78549 4
54890 3
48970 6
49420 1
51360 3
41950 1
52519 4
52560 7
53720 0
55429 1
56060 6
54769 1
64180 2
48669 4
49640 5
50759 0
52270 3
49309 5
54890 2
10093040 3
56210 7
56090 3
47899 2
56550 3
54799 2
55319 1
58740 2
54819 5
59280 1
55989 0
59319 6
59609 5
59889 1
55110 1
59189 5
46980 6
66939 4
49549 3
53029 5
50509 1
50770 6
50400 3
56569 1
55549 1
55639 5
48309 7
53740 3
52379 7
52580 4
54319 4
54720 2
53369 6
54470 6
54729 4
55050 6
65000 6
55819 5
52140 6
52549 5
49820 1
60999 6
49940 2
53379 7
54280 6
59689 2
54950 0
58470 0
49050 7
55279 7
47400 3
50290 2
53299 0
53740 4
65569 1
58290 1
57089 2
53620 4
53730 0
46950 6
50260 1
56369 0
49830 3
51230 6
52440 4
52200 5
45230 5
46250 5
50089 1
49240 6
54839 1
49680 1
52159 4
61139 7
46469 3
50129 6
46589 5
52980 4
52340 2
52270 3
49359 6
56660 0
53930 7
45680 0
51160 7
48629 2
46750 3
55780 3
50300 7
53939 4
50940 3
49339 0
55080 2
63219 5
52440 5
48219 2
42600 4
51389 4
52560 6
50869 4
56420 3
49029 0
51600 6
51989 2
58360 3
48039 4
55499 7
56369 5
53120 1
51430 1
55909 4
53730 7
58659 0
50630 3
49869 6
47800 1
53789 1
52730 5
50169 1
50850 1
46179 3
50770 6
48509 2
52840 5
50619 7
49080 5
50779 3
58390 4
57999 3
47850 4
56129 3
62669 3
52100 6
50689 0
51440 3
45089 0
53039 4
52310 4
51380 3
52519 4
45790 3
49810 4
56189 1
51749 5
54309 5
48789 7
53089 2
51079 0
51849 7
53729 0
63000 2
51219 0
50420 7
51409 4
55470 7
49359 5
49860 6
53109 0
60369 3
55750 0
53759 2
48289 1
48569 3
56460 4
48670 4
48500 5
52540 6
51129 4
54639 4
72510 4
50729 2
52120 2
49299 3
52580 2
52339 3
52250 6
52710 0
50680 7
50699 4
51850 0
51799 6
52899 5
52440 5
51129 4
51169 2
52460 2
55410 7
56469 4
10070130 0
45310 4
39680 7
44579 0
47860 6
44759 1
41010 0
46829 0
54030 1
48139 7
45390 0
52760 7
55010 3
42439 5
47500 3
49860 2
54149 7
45970 7
50269 2
45600 1
57639 7
48179 0
47820 1
43829 7
46099 3
46310 2
42839 5
45610 0
45959 4
47210 7
42490 4
46210 1
45760 2
50930 6
44130 2
44249 2
45620 5
48699 2
44470 3
46279 7
44250 2
44340 4
51039 5
46599 4
42789 4
47639 4
47719 3
41990 1
44199 5
41700 3
37929 4
40349 4
39990 5
45439 0
42240 5
40989 4
39910 1
42800 3
41910 7
47620 1
45659 2
46600 5
46599 4
40700 7
