34100 4
7239 4
22080 1
39409 5
17580 3
8060 3
17690 8
6770 9
8610 19
7130 6
30249 19
5439 9
67780 8
6180 13
12040 8
13850 15
15359 1
24520 1
42440 19
6450 17
5900 22
40180 20
9900 5
7680 3
56889 2
16540 2
7270 22
4240 18
11610 2
12060 15
5410 6
14030 14
9580 21
31939 18
650 12
14670 14
32230 9
14390 13
5260 6
5670 6
18730 5
5150 17
6800 19
5109 19
15160 23
14489736 11
15550 4
7240 20
6420 8
7770 22
5550 17
11139 23
7920 21
4511 18
10509 16
28280 0
5600 9
6000 18
6740 11
5020 11
3320 16
10220 15
4540 2
10310 14
4080 16
3720 4
7120 15
4480 23
7169 6
5820 21
15291 10
4260 6
812494 5
3749 1
5691 20
12571 23
2549 11
4200 2
6080 19
4760 6
3410 11
11590 19
5800 5
5290 14
6956250 7
4510 0
10360 1
5780 3
3280 14
4530 13
7220 9
7340 9
5770 16
11790 1
6900 21
10866581 11
5971 22
9014175 7
15191 13
9080 2
5879 4
6569 10
4320 15
4251 7
609 12
4380 22
9730 22
3380 18
280 12
12130 20
18790 23
10700 2
5360 18
4930 17
41410 9
9410 18
4909 5
4820 8
8011 22
4451 15
7333317 11
4150 4
5900 3
23899 9
380 12
14150 23
17120 9
5200 13
16590 14
3990 9
7000 2
5900 20
84639 10
7360 14
4440 8
6490 9
8380 17
15990 23
3100 13
39710 9
9748040 7
1810667 14
6191 1
5460 18
409 12
6631 5
5409 18
14950 9
13730 21
5530 2
6269 17
6560 20
4219389 2
22510 1
1858727 20
5320 2
11829 17
10280 19
6180 5
5470 11
7020 1
335798 14
4035591 1
29769 8
9291 21
17250 21
4710 6
4740 4
8130 22
7130 21
5420 22
24030 9
9270 19
5670 9
11550 20
9970 16
5799508 7
4870 2
7090 20
13400 8
66249 14
4650 4
6970 20
8020 6
9620 7
9330 3
4790 19
5830 6
7800 3
8450 17
7350 7
5770 7
10170 15
23190 20
62859 15
33370 7
26150 17
5099 8
18209 16
32310 14
10360 6
17700 16
5839 19
4351 9
6049 19
6727472 11
7220 10
19840 0
13480 23
5180 18
7630 8
7500 20
7330 16
4420 12
4469 22
2531 11
3851 22
9671 7
7280 0
17560 15
6530 8
7040 7
8888756 13
6690 18
8570 10
6590 16
11670 20
5310 4
3140 5
14460 21
29030 22
11080 18
6720 6
19960 9
6000 14
4950 17
16460 18
4520 4
1833277 15
9005105 23
5830 20
11180 10
4120 10
5160 6
6840 16
7670 10
12580 11
4730 18
4710 1
13300 17
27289 18
10731 18
7863984 13
6360 2
10580 16
18973453 21
5330 0
8580 22
5450 14
15950 20
238688 14
6550 4
7420 14
5530 15
6280 4
13720 14
4940 14
6110 15
7050 15
14350 22
4010 10
5530 20
17220 22
30642609 23
8790 8
500 12
4770 13
50126190 21
4650 8
3549 13
4891 15
5460 20
38805532 7
4520 14
8620 13
4570 2
9430 10
4024591 15
35947272 11
9160 16
6109 13
5840 17
5691 21
8099 21
5230 20
5770 19
4940 18
4680 9
4910 3
157829 21
7200 10
5140 0
6350 21
4790 5
22020 10
14290 22
18000 19
5510 6
8320 18
9620 18
32939 9
9489 21
5080 7
5100 3
4470 20
9260 10
8620 20
7450 14
6940 21
4230 5
7630 10
10600 22
5710 9
8200 5
20210 13
6271 18
4760 10
11589 20
7260008 23
8130 21
8360 19
6250 10
4980 15
3770 10
5250 1
13620 0
29909665 11
4610 8
10380 14
4490 16
21059948 23
4310 14
510 12
9770 15
13180 2
4920 16
13760 21
6020 21
5630 3
4700 5
5620 16
7750 22
8420 10
4980 4
360 12
8571 20
5517371 11
5420 6
4350 11
6380 10
9739 10
8529 20
551 12
9711 18
5069 8
7090 5
3390 11
4110 8
35580 19
5170 10
6790 14
3610 10
4780 14
5520 8
7350 5
6980 1
4890 14
5840 17
6479 23
11040 9
9991 19
380 12
3549 11
5310 15
5040 17
9000 22
7190 1
7880 15
7020 1
5950 8
280 12
11990 9
6860 0
28748503 7
13770 15
32830 21
3770 7
6210 15
7680 2
17610 23
11180 19
7790 21
6622062 11
8130 0
9590 1
8640 19
17070 9
3810 0
82509 1
13620 13
8990 5
6130 20
5050 20
9930 10
6180 3
8240 10
20150 23
18820 3
17510 23
5220 10
11089 8
3669 14
490 12
7780 22
5850 18
4500 1
5250 13
4210 22
10780 6
3600 17
17340 15
4030 16
5950 8
11240 13
8310 14
12600 23
11240 0
8180 1
12020 18
7360 14
8750 19
370 12
4800 10
4830 19
9060 15
310 12
5710 4
5460 15
10520 9
3580 5
4380 0
5270 2
6270 15
9500 19
4220 5
7730 10
5589 3
8371 6
3589 11
620 12
4660 4
4700 10
4271 2
4020 14
9000 15
7800 18
8050 17
5940 23
6630 22
4870 18
20440 9
25376237 7
4000 7
19860 16
8290 2
8680 4
9921239 11
17220 9
6040 23
9240 14
6349 3
3631 6
9529 6
9850 0
9230 17
6730 23
10780 14
8200 3
4070 16
6170 4
7260 2
7480 22
11680 16
10879612 21
12660 0
9630 20
12250 4
4580 3
9240 0
4100 0
