430467 21
108939 3
26060 16
26949 15
5540 15
14050 15
201359 21
33870 22
38919 19
69680 4
60189 2
37010 6
29410 18
59059 20
17320 3
36630 9
9720 22
8520 6
7930 16
7318847 7
8990 5
5740 13
6770 14
9210 14
7000 3
11260 18
14770 20
1220 23
14730 2
29029 7
21560 14
8892756 11
10830 18
17670 14
14260 22
10280 10
255738 21
8030 18
4680 20
8990 9
10290 22
11040 6
9420 8
21190 20
7200 18
7520 19
14000 9
680 23
14550 3
10590 20
5000 6
13710 9
17700 4
28059 4
10011 13
4740 14
17310 22
5710 18
24290 10
5280 14
4470 14
390 23
5460 2
4700 3
5050 12
14000 18
4300 16
8154471 7
6650 0
12390 16
32820 19
22210 1
5080 4
17480 8
3500 23
6940 3
7509 12
7150 18
9360 1
5940 16
7490 10
58110 9
17680 19
6789 18
10723923 11
5510 22
5600 18
7330 15
6090 21
8500 22
9600 5
8050 0
25470 3
19400 15
8100 5
16110 2
7660 3
8881276 7
6180 9
15651 4
14660 2
5920 10
11090 4
4850 8
20840 12
17491 22
22910 13
7200 14
620 23
6170 17
5920 7
10040 1
4510 22
16590 15
6060 8
6310 17
9330 19
7210 10
5780 18
5050 7
6459 1
571 23
11020 8
5451 16
22029 6
5590 17
8330 17
11740 5
12160 0
5110 6
7710 10
19170 7
5380 21
4820 15
3690 22
4180 4
8949 21
4640 22
16851 5
6849 3
13690 14
7999843 11
7490 20
16279 17
9987099 7
12229 19
25360 19
15059 2
10990 7
6160 3
8651 17
5809 16
47220 19
5260 7
7258708 11
9820 6
14970 21
630 23
7480 18
11650 12
12300 15
10660 4
480 23
8709 7
22990 21
9690 9
870 23
17470 16
15840 4
12010 6
7860 13
20019 8
22540 1
18599 19
9200 0
16590 22
19990 11
27800 6
10930 6
4290 1
6300 7
10149 21
23210 8
5090 7
5860 13
7070 16
8940 19
13980 1
5180 16
8720 22
370 23
10190 12
8190 0
14330 7
11650 8
30679 17
451 23
15640 22
21030 2
27040 5
11930 16
30660 16
9240 10
9058195 13
7380 7
4640 7
9970028 11
15770 11
14440 20
8996785 13
25050 13
2920 23
21934782 21
730 23
43520 13
18983913 21
5900 10
6410 4
6990 14
9640 10
5790 9
10670 0
7400 8
226188 14
450 23
430 23
6430 17
7530 14
9800 22
4070 10
18880 8
11140 19
18770 22
9010 15
440 23
5310 2
4890 4
14810 15
4269 2
5780 22
4720 1
4600 0
2769 22
4340 16
5650 5
5960 4
5490 3
6620 18
11790 13
10680 6
11080 13
7240 4
8180 3
4100 20
4360 3
17130 19
4600 16
5080 8
11560 9
17270 22
5950 19
18460 13
9420 14
7369 19
5790 9
6830 13
3050 21
6490 17
2470 21
6180 17
3910 1
6195926 11
11709 17
10090 12
8050 2
6000 1
9960819 7
6500 5
25120 18
5709 18
950253 21
3040 21
4550 3
4610 7
4120 7
3730 7
4810 8
5380 6
5810 12
4700 12
5460 9
7000 18
7980 17
6210 0
4460 22
13050 9
4130 7
6370 18
5010 3
12859 13
11020 18
5590 1
4520 4
4310 7
6930 18
4070 7
5350 10
5790 17
5741779 11
6020 0
290 23
4630 17
26500 12
3980 0
9680 0
4860 9
4950 4
4970 13
3850 20
4860 6
19610 9
16220 22
4930 0
5790 17
5160 1
8550 1
6970 19
6080 1
4479 22
520 23
5060 2
8729 19
4191 7
4111 22
5560 9
4749 10
8280 19
4500 0
5540 3
10590 13
4290 11
4700 19
4810 18
240 23
4440 1
5740 4
5090 9
3750 6
5010 5
5320 15
580 23
7000 5
6050 7
4750 1
7050 1
5620 0
6080 17
36782386 21
12400 9
809 23
460 23
4890 12
26470 9
38769871 7
38350 19
6470 19
4450 7
3080 22
2131855 21
13259 12
5131 16
5080 3
4520 1
4449 10
1842237 15
550 23
10960 18
4490 20
4600 7
5890 2
4560 21
8330 12
440 23
9630 0
5260 19
5830 1
35875762 11
4359 11
6940 6
5460 5
5560 5
5049 11
4760 0
4490 11
7970 13
9460 8
5850 16
4570 0
4180 20
8640 3
11440 9
7240 13
6220 0
9890 9
6750 13
5430 6
5320 0
9470 18
11180 9
5440 5
6210 17
5990 2
4310 20
19480 9
11389 5
5649 15
18110 22
4910 10
4400 7
4960 5
8780 9
390 23
14860 13
3320 21
5360 4
4820 2
9660 15
380 23
4260 13
20010 9
3310 20
4560 10
4360 3
6111 8
4669 0
5291 16
18109 13
14890 9
5600 8
4260 2
5860 10
13240 13
5230 14
3770 21
4420 11
6720 19
5780 6
250 23
4280 20
6230 19
6360 14
3280 21
490 23
5630 4
4650 11
10400 3
3650 21
6420 2
6840 14
6550 18
6770 9
360 23
7369 21
4971 15
5560 17
14519 3
4280 8
4280 11
5640 19
5130 6
5800 7
5960 0
7240 10
5740 3
4690 15
5890 17
9870 19
10470 1
5620 8
8630 19
4330 11
5820 2
6370 22
2830 22
4029 0
4060 6
5071 9
4260 5
7000 14
30089 22
5290 12
5550 3
15800 12
5140 12
4390 13
4700 15
3450 22
4000 7
5790 3
3880 5
