253698 6
153569 12
173648 15
166459 9
156298 6
183439 0
156578 6
179888 6
181888 14
172849 3
170338 8
188998 12
171499 9
183208 0
171828 2
170768 12
188969 11
156198 10
179628 3
171029 13
171888 9
155819 13
196269 1
168238 0
182218 3
180079 2
198358 6
199138 5
165488 9
194138 10
181609 1
178689 9
184448 4
192878 1
164809 12
183798 3
185148 7
162728 5
175449 3
187338 13
171248 5
176109 13
181519 7
187048 14
185898 15
197228 6
177728 4
164999 11
177598 14
165378 5
215827 2
179118 10
186868 13
185128 8
172688 11
10218521 15
178568 13
185968 15
188288 12
198799 12
223628 1
200698 15
194729 2
279067 1
185878 6
208918 10
192318 4
211278 3
200268 6
201798 6
219068 3
197478 14
196178 9
190788 6
195499 8
207998 0
206107 7
202738 7
196807 1
194869 11
228408 14
197289 12
201009 1
189289 13
224897 1
195149 11
175728 10
192468 11
189958 13
192349 6
219958 13
216198 15
194568 8
205858 11
220508 10
179178 3
190627 2
185878 4
196638 0
187888 14
205398 12
151439 9
166418 11
161698 7
158409 10
141219 15
20172085 0
87379 8
85800 2
89919 1
94769 12
80479 13
89309 15
88390 14
89688 1
90410 10
99269 2
83489 15
84409 14
87079 12
89409 4
96009 5
91379 3
89230 12
90949 14
86299 12
88229 8
85699 3
98689 9
89629 7
82450 9
87639 8
92729 14
88249 2
86849 2
86109 4
82530 14
90989 12
88149 3
98119 1
89399 13
86199 12
90269 10
86228 6
90630 15
89369 11
89809 15
90629 7
87689 8
93229 1
100269 0
84620 7
94219 7
88610 12
89179 15
90379 11
89389 15
92499 5
88749 8
89760 10
88988 12
94150 13
85869 6
88179 9
90729 10
98959 3
88829 3
89450 5
92889 11
89299 15
92599 0
92249 0
95679 7
90219 5
83599 9
86819 3
84019 15
88129 6
85739 10
89209 12
87579 9
88199 7
86079 11
101729 9
86919 2
86599 10
87929 8
90069 11
86969 15
85149 6
83350 13
85209 14
87059 4
93069 10
88549 6
104149 15
104729 5
102069 1
113039 10
106489 8
101259 8
105979 15
105359 10
108049 5
140509 15
115619 7
133878 6
138119 2
131109 3
152698 5
146779 10
178068 9
153339 15
158338 2
177638 5
163699 13
152388 15
175069 12
142459 2
169989 14
189518 13
169088 2
157119 9
170398 9
139909 11
150618 8
160389 14
166258 14
168158 0
177659 13
136758 3
154849 1
163948 9
165119 0
164538 2
164859 5
172399 14
155728 5
159739 4
154138 15
166559 0
166608 7
177088 6
160099 8
167738 1
179158 2
186518 10
163478 12
157658 10
159499 12
162098 3
167529 1
174338 4
165379 2
179498 13
148068 14
159679 14
170038 13
151039 2
171498 7
165098 0
142399 0
154129 4
153898 5
148419 2
150078 11
166409 7
130598 1
144729 8
141958 0
141578 13
142949 11
138198 5
10184352 12
169908 2
165329 15
157478 11
155178 15
163269 5
179158 2
148479 9
153688 2
159159 12
159298 6
153149 2
162288 5
168348 13
152338 5
172559 3
160758 2
152088 0
173909 13
187588 5
163368 15
158739 0
159928 9
151169 7
165078 7
157499 11
154698 11
164738 15
173128 4
163208 1
173409 2
177228 8
149898 11
161539 15
157628 10
165019 11
149318 8
176768 6
159088 15
163209 7
173539 0
169908 1
165719 6
191988 0
153438 4
157579 1
156188 9
159809 2
166698 4
175708 5
150479 7
156578 9
163709 4
140838 8
152189 12
159038 13
185179 15
147739 10
153619 15
173238 5
160889 9
156949 7
10189221 8
142329 11
167488 3
155548 6
157038 8
154939 5
159738 3
141449 10
157988 6
153019 0
144308 11
151129 7
171028 11
151389 7
146239 1
155679 1
134769 0
160108 7
150259 6
161628 6
141889 15
137159 9
142649 5
142299 4
133978 13
132248 0
153179 11
132098 11
128259 4
134709 9
146348 7
142929 6
145219 11
153949 8
138959 14
137678 13
126918 12
136609 3
148588 12
134599 9
157109 2
144128 12
140099 11
137388 1
134578 15
141329 3
140009 15
165678 9
126199 7
132058 5
132469 6
139969 14
141058 1
146729 0
135309 11
145018 13
130919 2
130969 4
124998 11
132878 5
119619 2
134659 11
143618 10
110248 6
126159 15
137219 7
128928 0
131649 3
124639 1
135089 4
10151381 2
136889 3
134359 6
139298 1
145899 2
124949 7
124209 4
134519 11
120649 1
145399 13
127719 3
118579 5
122759 3
126939 3
119699 14
137039 8
113628 14
114439 11
124609 10
119109 9
119409 7
112549 2
114969 10
134728 3
113339 6
120269 13
118779 8
125549 4
117619 6
124229 14
114169 13
122299 8
128119 9
110349 12
119629 6
122238 10
112738 14
119289 11
115899 8
121969 15
142948 5
111059 3
116048 11
121079 9
124079 15
114389 3
113019 7
111749 8
140428 9
117339 14
121929 8
122739 7
129009 9
121789 9
123489 2
128499 1
137529 5
112608 10
116448 2
115078 8
123509 12
113799 0
110479 7
126639 3
117109 11
126269 13
110459 1
118069 4
113089 6
120959 15
128159 12
122029 1
115588 1
133229 4
107289 0
102119 7
115119 4
112629 9
109249 12
107249 3
104029 15
106259 6
20141905 9
94579 9
76929 4
77569 11
81780 9
81729 9
80209 12
80549 4
81709 14
82799 15
79169 15
75949 13
90589 7
79249 7
75119 4
75369 13
77159 0
76159 11
79000 12
78119 15
84429 5
80190 11
79270 2
73289 7
77179 0
81910 9
78020 2
79009 9
79989 7
74379 7
76770 14
77239 6
106589 10
72959 11
78260 3
79410 13
79879 2
89459 14
78459 11
77890 10
81039 15
90859 0
90429 13
80839 14
81210 4
75810 14
82979 3
80029 9
79439 3
72320 2
89169 12
78239 7
83389 11
77449 10
78470 6
76439 2
79529 9
73860 3
75149 3
72429 12
76029 1
79939 7
90589 9
80219 7
74819 14
80039 7
77510 12
83219 7
80669 1
75719 13
73409 14
76059 12
81469 14
76519 5
75630 11
91960 1
79189 2
75189 4
80089 3
81620 8
82409 0
80359 3
81839 10
76810 11
80709 1
74139 7
83029 14
84279 6
78910 5
76399 12
75829 0
73360 8
77819 15
76689 15
74319 5
72770 11
82660 7
79169 9
77269 12
73150 3
86200 10
76529 6
83399 15
76880 6
77999 11
79209 12
78479 11
75159 15
75500 8
73699 7
75179 13
81299 9
76870 4
87949 4
72769 0
71059 1
70419 1
72949 10
71899 9
74080 10
72299 14
73389 6
72169 12
72790 3
72169 7
70449 8
72800 4
130619 0
90380 6
84839 10
90079 0
95579 4
87089 6
90349 7
91780 3
85639 0
91710 3
101149 10
86529 7
88179 2
93189 3
84559 0
93889 4
87349 8
90669 13
88749 6
90169 5
84519 2
85559 4
104069 1
89769 4
88779 12
86360 4
87249 8
90099 1
82819 0
90659 4
87469 14
96179 3
88930 12
92549 7
92799 15
91699 3
83389 2
84300 3
89230 4
95720 4
89199 0
92629 0
87629 6
93349 3
94019 3
87429 0
92379 14
92908 5
89589 3
86359 10
90769 13
88449 6
87049 7
91149 2
94460 4
98879 15
84850 9
93199 6
90989 0
90359 10
88939 5
89019 14
96190 8
93988 8
90709 10
91629 6
96919 1
86719 4
93119 14
97129 13
95309 8
96069 8
88389 4
84639 14
95469 10
93809 8
99449 14
92749 10
89269 7
93139 9
88869 7
89329 3
91090 5
100099 11
85080 10
87569 9
88989 7
104049 6
85789 0
84339 3
97689 15
88719 4
86880 10
94519 7
90139 5
87939 7
85689 10
93099 15
101819 7
79010 3
81219 8
89329 10
85709 9
78299 5
84450 14
80280 5
80649 2
80369 0
80629 4
76879 9
77229 9
10110562 5
78309 6
78639 14
77359 11
81969 3
85839 15
89289 14
84290 4
84499 4
80849 11
77679 14
88979 1
79329 10
82250 8
76339 10
83399 14
80999 4
78929 14
78219 2
76139 15
73229 11
76270 3
76899 10
75409 15
85360 8
79550 14
76509 9
78879 11
79599 2
73439 10
76669 4
77569 9
77469 14
74169 11
79119 3
77329 2
76689 10
83549 2
73729 1
75469 0
71989 2
75959 9
77299 4
78849 0
76200 3
75320 0
77029 1
80489 14
82389 3
73849 9
81989 5
77759 3
77000 1
75339 15
75139 8
72629 7
72489 1
73920 2
78339 3
77499 4
78610 11
76619 14
73209 7
87869 12
75780 0
72369 5
76559 7
79979 3
79440 12
75919 12
79779 4
73369 10
74900 7
73009 7
82419 7
74659 10
79130 8
84009 0
78609 15
78909 4
78300 3
77219 12
77579 11
75709 7
77099 6
74850 5
77279 8
72499 11
76610 7
84389 1
76899 6
73239 6
73740 8
76079 3
80519 8
77889 7
77199 4
74049 0
72539 3
75620 8
75790 13
76799 3
86389 6
73360 11
79630 10
78069 12
80919 2
80700 4
80099 6
74789 11
76119 4
73920 0
77920 1
76499 6
81299 6
84409 6
76000 3
74579 10
75679 7
76900 7
78610 1
76959 15
74919 8
77440 8
83328 0
80070 6
82899 14
10103592 10
88469 15
77579 11
75779 5
76439 0
80649 13
81369 8
79339 3
83579 3
82459 1
78569 10
79640 7
89129 6
87159 2
73899 12
77599 9
75960 2
80749 11
82779 2
76390 2
78930 5
78969 10
78839 13
79179 15
75729 0
82629 9
74909 14
85519 5
79890 9
78789 10
78959 3
75789 1
80209 2
82050 3
77839 12
76539 10
76210 4
82080 8
81839 4
73799 10
77870 8
78500 0
78139 1
81969 3
83449 2
79600 11
79510 3
82259 1
76939 1
73850 4
90119 5
76929 15
72029 14
75820 13
75350 2
80939 15
80489 10
79449 0
79520 8
76819 11
75469 1
78399 15
88599 9
84479 7
75379 14
82479 2
72529 0
82180 14
78609 4
74759 7
76720 15
79500 7
77349 11
81089 10
81979 9
72769 14
89639 11
83409 14
78969 0
78269 12
87460 13
80549 14
76919 8
75600 12
76679 13
76219 2
86349 15
77200 14
81549 2
77459 7
77599 0
79079 6
83130 9
79029 0
78419 13
80219 15
79229 4
83239 6
77309 6
74619 5
72670 12
89090 4
81530 6
73149 0
78889 9
77209 14
78289 14
84389 15
78939 14
74769 10
75470 9
85259 5
76539 1
90489 3
75329 6
76779 11
75509 12
76319 2
76770 7
82039 3
78329 10
81059 7
109389 3
76790 11
76499 6
74079 2
10112522 9
77659 1
78789 11
77679 2
84099 11
83679 8
88520 5
86340 6
78699 6
76619 2
86539 5
91539 6
78930 3
83199 14
82739 9
76799 9
78659 14
78180 10
76839 11
77719 1
75849 11
83110 7
