28510 26
3131 18
1538 14
1876 27
1672 22
1965 29
1684 12
1883 22
1682 16
1344 5
1597 14
1732 7
1809 13
1598 0
1911 1
1439 13
1925 30
1807 24
1387 5
1657 10
1731 22
1527 18
1840 26
1630 13
1848 8
1510 16
1795 7
1650 8
1936 27
1611 4
1600 7
1599 12
1711 0
1651 4
1792 27
2084 20
1877 15
1771 7
1967 16
1882 4
1672 18
1659 2
1810 0
1803 2
1734 20
1718 23
1642 29
1291 5
1566 20
2146 20
1751 16
2079 29
1824 29
1858 25
1770 20
2096 0
10220 26
2077 8
1765 29
2001 24
1815 10
1689 20
1963 25
2022 13
1939 8
2061 22
1828 3
1856 22
1757 25
1842 8
1660 29
2090 20
1754 19
2070 30
2108 13
1710 11
2053 0
1859 7
2027 15
1939 28
1983 7
1708 21
1996 3
2067 16
1885 7
1996 9
1762 14
2098 8
1868 3
2147 23
1751 18
2062 27
1815 19
2068 29
1655 7
2104 0
1973 18
1930 20
2087 15
1768 17
1839 13
1684 13
1852 6
1891 4
1938 29
1601 27
1908 16
1471 5
2078 27
1772 28
1714 1
1779 26
1738 9
1818 18
1737 4
1762 12
1913 29
1770 22
1735 15
1692 26
1635 18
1633 4
4357 29
1719 31
1824 10
1832 24
1820 18
1796 14
1770 2
1775 26
1899 4
1725 16
1825 7
1763 20
1876 6
1652 12
1591 21
1790 8
4248 10
1515 30
1872 20
1741 17
1858 6
1796 14
1814 11
1768 12
1709 30
1964 23
1738 17
1530 24
1988 16
1839 22
1724 27
1686 18
4373 16
1827 22
2096 28
1258 5
1942 1
1764 4
1795 1
1825 3
1793 12
1853 22
1809 23
1799 20
1744 19
1781 22
1733 10
1846 6
4110 28
1842 9
1880 3
1712 21
1778 6
1932 23
1895 27
1948 19
1996 19
1376 5
1938 22
1898 12
1767 16
1931 17
1700 22
1910 16
4593 0
1921 17
1876 21
1881 6
1862 6
1632 16
1753 20
1763 2
1970 6
1865 16
1880 6
2013 10
1975 0
1871 12
1770 10
1835 8
4357 30
2061 9
1880 13
1739 28
1812 0
1908 24
1825 26
1342 5
1891 12
1911 22
1618 24
1949 18
1906 20
1739 25
1960 2
1903 27
4301 12
1838 4
1706 31
1519 5
1984 16
1763 9
1833 11
1967 12
1683 0
1733 20
1716 4
1840 29
1724 2
2112 20
1843 12
1797 24
5845 16
1897 21
1947 6
1872 3
1853 28
1901 25
1823 21
1745 14
2085 17
1687 31
1975 0
1973 12
1383 5
1792 11
2014 26
1959 26
4283 27
1723 25
1888 0
1835 3
1964 29
1954 7
1887 27
1975 14
2010 20
1820 18
1747 9
2049 7
1837 6
1783 0
2136 31
1775 2
4348 28
1871 2
1811 2
1958 21
1918 1
1974 25
1817 23
1996 21
1676 15
1931 16
1814 19
2061 13
1919 10
2014 16
1951 19
1753 28
4194 12
1973 14
2019 29
1876 12
1772 24
2007 10
2078 11
2151 10
1938 13
1879 26
1801 2
1851 27
1802 22
1980 30
1842 23
1897 16
4418 13
1885 16
1910 7
2003 14
1939 13
1682 23
1932 2
1753 21
1946 30
1983 29
1300 5
1991 9
1743 27
1834 17
1956 24
1913 13
4468 18
2021 28
1846 24
1812 18
1804 16
1872 3
1951 13
1861 20
1917 20
2041 21
1811 3
1856 29
1724 8
1948 3
1474 5
1989 2
4252 17
1949 12
1855 6
1881 12
1990 10
1906 20
1821 10
1849 24
1847 8
1934 4
1973 2
1978 7
1899 17
2003 25
2078 31
2035 1
4483 16
1866 31
1454 5
1820 7
1320 5
1876 25
1891 29
1961 12
2053 8
2070 17
1701 12
1982 29
1977 1
1985 1
1922 14
1849 6
4420 24
1790 22
1943 23
1897 0
2123 0
2229 26
2196 21
1953 18
1980 3
1814 1
2045 0
1888 1
1931 3
1880 4
2071 15
1825 13
4372 2
1956 29
2013 0
2010 23
1834 2
2026 12
2052 2
2087 24
1914 16
1793 28
2107 26
1557 5
2038 26
1944 9
1602 5
2016 12
4381 2
1992 17
1739 11
1734 1
2109 10
2070 13
1421 5
1926 14
2015 15
2138 22
2004 27
2010 17
1974 21
2043 18
2050 28
1977 15
4449 2
1712 22
1987 0
2271 25
1909 16
2089 2
1844 9
1827 8
1962 19
1942 26
2059 2
1862 24
1959 28
1962 29
1855 10
1982 16
4534 11
2161 4
2079 8
2048 6
2059 10
1841 29
2090 26
1902 23
1411 5
2146 30
1996 26
1972 1
2080 10
2014 25
1794 3
1858 0
9749 24
1594 5
1960 17
1898 30
1987 24
2027 3
1875 23
2080 0
1898 20
1986 29
1928 31
2129 3
1880 3
1872 1
1858 20
2096 0
4775 4
1945 29
2082 18
2000 18
1895 0
1929 25
2094 13
1829 4
2015 1
1940 16
1859 28
1577 5
1955 23
1825 30
2043 2
1815 10
4439 13
1536 5
2088 28
2031 12
1940 28
2093 14
1885 28
2144 31
1857 1
2018 0
2030 18
2041 2
1917 7
2016 18
1967 22
1909 23
4368 31
1886 12
2065 2
2013 4
2088 12
2153 11
2073 11
2159 9
2032 21
2135 24
1986 11
1955 17
2122 9
2064 2
2056 26
2036 28
4828 14
1990 31
1819 13
1902 15
1766 7
2069 23
1923 19
1973 19
2011 22
1986 26
2110 17
1886 17
2025 9
1986 4
1888 14
1863 23
4421 25
1975 4
11353 18
2036 10
1893 21
1962 9
2104 4
1985 19
1910 7
1975 0
1909 23
1878 10
1920 25
2087 22
2116 2
1907 30
4410 30
2220 31
2144 23
1946 6
1895 20
2018 22
2091 27
1904 16
2072 9
1828 4
2113 16
2105 11
2037 6
2173 1
2120 17
2075 0
4406 16
2064 13
1758 1
2305 26
2235 11
2134 17
2160 8
2223 29
1829 30
2142 23
2201 27
1861 6
2025 7
2011 10
1981 31
2038 24
4606 14
2172 0
1795 27
2111 26
2177 12
2302 17
2011 4
2147 17
1915 21
2077 1
2168 17
1954 3
1952 12
2038 26
2161 13
1953 4
4746 27
1858 11
2205 13
2040 19
1451 5
1899 10
1867 18
2011 20
1914 19
2164 31
2030 6
1907 12
1976 27
2053 14
1869 19
2058 18
4818 19
2148 19
2125 9
2110 23
1964 0
2043 11
1908 28
1991 7
2158 17
2106 4
1969 20
2016 11
2261 11
2155 16
2093 3
1922 25
4623 4
1967 23
1966 30
2244 21
2090 25
2001 8
1945 9
1967 7
1956 20
2198 21
1961 12
2048 30
1910 17
1988 16
1860 7
2207 0
10516 15
2206 14
2100 24
2045 29
2047 6
1955 26
2340 8
2016 24
1971 2
2047 26
2099 0
2046 4
2145 13
2173 17
2137 18
2082 13
5914 15
2037 20
2283 14
2009 10
1659 5
2123 17
1537 5
1943 12
2078 9
2020 26
1934 18
2101 15
1905 30
2027 21
2153 11
2052 9
4386 20
1941 17
2070 8
1502 5
2197 30
1954 31
1965 21
1878 24
1829 6
1981 29
2402 12
2052 7
1954 28
2122 27
2122 8
1859 26
4690 0
1935 18
2233 7
1927 8
2106 26
2032 2
1994 23
2013 31
1925 12
1897 22
2095 24
1950 7
2038 21
1878 3
2064 2
2000 30
4358 25
2138 30
2260 17
2075 23
2072 3
2149 30
2084 17
2147 27
2006 2
2270 17
2249 2
2264 27
1970 27
2151 14
2011 18
1525 5
4328 18
2192 20
2005 13
2124 1
2245 27
2185 14
2115 4
2007 10
1974 11
2177 19
1994 7
2025 2
2040 23
2113 11
1960 0
1928 29
4636 21
2081 3
2080 15
1536 5
2088 16
2043 13
2085 0
1878 13
2320 9
1896 26
1857 21
2090 23
2206 4
2297 15
2310 14
2220 10
4552 3
2016 18
2122 19
2003 19
2067 19
1876 0
2001 22
2109 14
2139 1
2230 11
2035 14
2124 17
2220 12
1947 8
1843 8
2080 28
4555 7
2059 7
2099 16
2022 8
2247 28
1844 22
1798 16
2148 30
1910 12
1797 23
1943 20
2136 12
2200 18
2066 26
2006 20
2032 14
4193 9
2179 18
2341 23
2082 14
1894 9
1995 23
2199 14
2023 15
2247 10
2269 0
2099 12
2275 6
1989 29
2062 1
1565 5
2224 21
4566 12
2053 20
1993 2
1800 16
1797 12
2076 15
2211 2
2088 16
2334 17
2205 21
2018 15
1991 4
2294 2
1857 24
2138 10
2029 20
4317 23
1606 5
2070 12
1971 9
2092 20
2053 29
1934 1
2102 28
1944 24
2200 1
2223 30
2085 26
1874 25
2128 11
2039 4
1835 7
4269 4
2197 12
2167 20
1975 3
2057 27
2365 7
2110 9
2255 26
2172 28
1599 5
1955 19
2157 0
1944 7
2083 8
2164 14
2081 12
4330 20
2233 24
2195 8
2196 4
1871 4
2096 25
2087 30
2030 8
2090 13
2289 14
2188 14
2043 21
2224 18
2145 17
1973 20
1950 14
4208 10
2160 15
2070 18
2073 0
2132 30
2059 11
2134 15
1934 17
2205 11
1596 5
2115 11
2188 9
2404 11
2003 18
2208 7
2081 14
6515 12
2131 15
2056 23
2138 6
1980 9
2005 19
2136 3
2146 27
2014 10
2214 21
2176 14
1923 29
2323 16
1990 29
2019 22
1847 15
4520 12
2092 18
2189 14
1776 5
2100 25
2376 0
1656 5
2131 12
2254 16
2178 14
1935 2
2295 18
2090 17
2002 26
2165 0
2002 21
8322 28
2193 2
2074 27
1946 10
2129 11
2036 2
2005 9
2180 28
1961 19
2089 23
1902 17
2192 1
2087 9
2152 16
1986 3
2308 2
4503 26
2352 31
2097 27
2049 16
2164 6
2025 15
2029 6
1939 1
2275 31
2084 3
2309 0
1936 6
2186 18
1631 5
2233 13
2014 26
4520 23
2287 22
1930 1
2082 16
2059 22
2078 28
1934 23
2066 9
2076 23
2167 22
2029 22
2124 6
2124 30
2138 29
2129 4
2346 17
16864 3
1640 5
2141 31
2182 29
1978 3
1995 1
2304 30
2046 17
2001 11
2244 8
2025 13
1914 19
2185 19
2024 27
2247 8
2246 31
4472 12
2035 19
2105 12
1887 2
2093 1
2012 8
2020 24
2091 17
2350 14
2038 19
2247 16
2194 25
1958 26
2231 6
2225 2
2030 31
5685 17
1648 5
2237 20
2160 31
2271 25
1920 27
2116 30
2160 2
2328 28
2254 30
2025 27
2127 1
2286 8
2120 15
1930 6
2188 25
4371 14
2164 10
1402 5
2081 8
2028 24
1975 8
2169 10
2250 3
2086 19
1945 21
2267 0
2383 27
2279 15
2294 11
2058 10
2056 30
4334 28
2112 0
2054 22
2321 6
2151 13
2310 31
2155 17
1952 26
2167 20
2058 30
2083 11
2357 16
2267 24
1977 0
2275 22
2007 9
4492 24
2312 29
1958 8
2058 24
1790 0
2094 4
2080 1
2145 31
1907 7
2119 20
1973 18
1847 25
2166 8
2230 2
2347 14
1975 3
3985 5
2160 1
2157 11
1977 22
2052 6
2442 16
2051 3
2309 4
2247 7
2168 30
2113 29
2154 14
2111 26
2213 6
2383 16
2233 0
4125 5
1985 18
2197 26
2200 3
2374 24
2066 1
2046 21
2308 8
2215 2
2107 4
2208 1
2340 24
2032 0
2229 20
2280 26
2033 17
7530 13
2333 31
2062 7
1974 18
2121 16
2123 9
2015 21
2168 13
2163 23
2054 14
1907 4
2128 21
2065 30
2169 31
1937 2
2099 7
4603 30
1896 4
2218 8
2221 8
2066 29
2107 12
2256 10
2244 13
2054 23
2380 25
1986 21
2070 7
2149 24
2303 13
2001 14
2045 11
4736 4
2052 18
2080 18
2222 9
2101 4
2118 18
1546 5
2179 20
2162 22
2293 26
2132 27
1944 23
2184 14
2412 15
2348 7
2259 12
4563 10
2127 0
2264 27
2092 13
2093 0
2039 4
1955 9
2342 12
2282 20
2252 30
1954 7
2082 30
2180 0
2053 25
2195 26
2083 21
4480 12
2153 7
2211 27
2226 8
2257 20
2168 1
2159 11
2071 0
2284 18
2337 26
2066 23
2321 19
2312 9
1921 20
1936 28
2007 15
10469 20
2158 16
1710 5
2199 16
2140 3
2039 24
2064 25
2075 4
2093 0
2212 27
2226 22
2208 2
2151 15
2240 25
2369 27
2078 26
4327 0
2320 7
2180 29
2132 12
2126 28
2159 8
2184 1
2220 16
2189 3
2101 14
2109 15
2232 2
2112 31
2132 10
2126 7
1990 20
4756 3
1951 17
2263 8
2154 0
2162 6
1981 16
2018 2
2004 19
2004 7
2062 22
2109 16
2267 20
2029 0
2324 3
1991 16
2098 15
4462 14
2093 12
2159 29
1987 13
2159 26
2158 10
2292 14
2160 1
1910 24
2218 28
1932 6
2201 25
1931 18
2117 7
2185 16
2110 10
4414 11
2165 11
2395 23
2197 8
2046 9
2111 21
2275 6
2363 7
2239 26
2162 26
2164 21
2015 12
1974 23
2102 11
2243 16
2232 10
4357 12
2097 10
2255 3
2112 20
2246 19
2299 1
2031 30
2321 25
2249 31
2247 9
2160 24
2199 13
2434 27
1939 1
2188 22
2372 26
4259 7
2074 27
2252 3
2047 2
2175 20
2118 17
2194 14
2192 16
2104 12
1871 17
2068 27
2181 6
2385 17
2246 19
2191 13
2083 23
4792 17
2318 25
2327 0
2125 20
2142 30
1999 2
2120 6
2170 29
2113 0
2393 30
2284 0
1934 29
1954 0
2179 31
2099 19
2184 25
5994 10
2045 2
2283 3
1977 4
1958 27
2090 4
2302 17
2171 19
2055 3
2155 10
2238 18
1908 10
2186 10
2111 11
1916 25
2020 3
4325 23
2090 13
1605 5
2140 10
2067 0
2002 22
2001 8
2015 27
2286 2
2365 30
2427 20
2330 7
2016 23
2100 7
2007 25
2134 24
4779 6
2148 3
2110 15
2128 24
1907 31
2333 14
2137 25
2006 1
2143 0
2180 7
2061 31
2041 0
1724 5
2162 14
2353 30
1554 5
4706 14
2275 12
2326 4
1721 5
2085 17
1665 5
2349 4
2105 0
2172 26
2239 7
2246 19
2281 31
2221 21
2226 18
2163 15
2156 26
4403 17
2072 9
2517 24
2094 14
2377 2
2142 10
2030 1
2154 22
2251 19
2086 25
2264 3
2558 6
2126 20
2221 12
2057 21
1952 26
15621 12
2041 18
2245 23
2135 27
2147 13
2107 4
2392 11
2388 0
1687 5
1954 6
2239 10
2034 30
2058 30
2137 0
1641 5
1851 3
8382 2
2098 13
2068 0
2151 0
1990 9
2193 14
2269 10
2056 8
2044 0
2322 17
2402 19
2335 6
1977 23
2152 15
1690 5
2240 2
4611 0
2141 12
2171 19
2057 4
2205 7
2196 28
2426 4
2119 13
2069 0
2305 29
2166 29
2124 27
2135 15
2038 19
2150 1
2383 23
4339 2
2187 19
2186 18
2123 12
2466 18
2028 12
2512 22
2158 8
2233 15
2074 29
2129 25
2172 1
2309 23
2140 11
2093 12
2137 27
4618 28
2111 31
2118 22
1990 14
2228 16
2192 23
2170 2
2240 12
2344 23
2267 31
2171 21
2017 19
1996 29
2120 24
2012 2
2097 0
4520 7
2347 26
1953 16
2351 3
2315 21
1978 20
2304 8
2056 7
2277 9
2167 25
2249 27
2135 27
2192 17
2066 31
2232 6
2342 11
6214 11
2122 1
2558 29
1993 15
2358 11
2353 21
2524 24
2354 11
2200 25
2239 31
2239 9
2075 22
2258 4
1996 20
2107 10
2242 23
4706 9
1922 29
2272 16
2457 29
2265 23
2152 4
2161 4
2264 18
2245 22
2047 14
2154 26
2240 26
2268 19
1996 8
2337 9
2179 19
6530 3
2187 29
2157 29
1882 2
2042 27
1481 5
2380 7
2294 25
2049 28
2374 13
1941 30
2153 0
2186 27
2249 29
2114 24
2119 3
4697 17
2212 27
2132 6
1938 21
2122 23
2188 10
2047 0
2011 17
2346 19
2134 31
2091 4
2240 2
2217 22
2284 21
1924 19
2262 14
4421 28
2113 31
1956 25
2196 11
2053 14
2245 29
2242 21
2130 8
2361 25
2187 30
2164 28
1980 14
2011 0
2161 31
2281 12
2132 12
4750 8
1883 7
2253 9
2227 27
1953 19
2060 16
2241 0
2345 8
2245 22
2085 31
2137 14
2294 26
2142 14
2055 1
2235 8
2166 9
5087 0
2172 22
2226 27
2143 27
2298 14
2143 23
2138 4
2301 2
2107 4
2231 8
2151 6
2199 3
2247 12
2229 23
2148 24
2307 14
4608 23
2165 12
2120 21
2299 16
2223 13
2118 7
2230 25
1988 30
2194 10
2379 20
2308 3
1858 5
2091 26
2389 17
2143 30
2247 25
4410 18
2233 22
2221 24
2344 29
2403 23
2213 28
2073 22
2188 12
2357 22
2094 30
2288 19
2133 19
2099 14
2141 8
2141 14
2145 7
4595 28
2018 11
2258 20
2293 21
2259 27
2025 7
2110 25
2304 19
2079 20
2082 26
2056 18
2310 23
2151 30
1999 6
2341 23
2032 1
4561 28
2305 17
2243 14
2409 29
2411 9
2147 14
1898 19
2193 3
2484 21
2366 23
2142 25
2100 7
2017 28
1570 5
2234 10
2215 22
4864 28
2209 25
2066 2
2114 26
2051 9
2100 28
2267 16
2215 12
2373 6
2155 26
2163 18
2226 3
2229 9
2365 8
1972 8
2058 7
4724 16
2091 12
2167 15
2062 11
2134 25
2259 16
2393 17
2215 12
2263 15
2306 13
2193 13
2209 10
1655 5
2447 6
2125 10
2036 31
5143 6
2129 6
2367 13
2031 27
2200 13
2206 17
2363 17
2092 1
1995 24
2358 19
2224 27
2200 20
2247 9
2244 21
2335 1
2371 31
10326 28
1632 5
2078 0
2327 4
2414 1
2227 27
1992 24
1985 11
2187 19
2153 30
2359 7
2352 28
2163 2
2225 28
2122 27
2288 7
5886 20
2030 29
2124 2
2053 29
2185 21
2031 29
2209 14
2432 31
2252 7
2192 16
2302 18
2305 13
2156 2
2137 16
2194 0
2028 31
4588 11
2321 15
2388 7
1733 5
2154 28
2378 28
2176 25
1785 5
2265 17
2007 21
2029 25
2263 25
2137 12
2176 29
2216 3
2302 27
4029 5
2016 17
2226 9
2209 15
2359 4
2247 12
2185 22
2081 18
2168 13
2052 22
2227 17
2086 13
2202 3
2089 10
2029 9
2426 3
5007 29
2128 24
2138 22
2411 20
2476 29
1565 5
2278 30
2401 7
2189 25
1792 5
2168 1
2351 14
2138 17
2393 22
2335 15
2528 12
4520 25
2203 16
1965 27
2312 0
2254 1
2188 18
12086 28
2423 9
2331 24
2352 21
2072 23
2350 4
1861 5
2133 28
2115 31
2213 21
4696 27
2253 12
2153 3
2144 13
2478 7
2214 14
2337 0
2088 4
2162 14
2028 31
2041 28
2098 22
2346 27
2250 9
1892 5
2191 12
4666 16
2308 6
2242 16
2198 21
2299 23
2233 28
2172 13
2301 13
2482 31
2019 17
2414 19
2090 26
2287 9
2107 17
1707 5
2127 30
4656 31
2207 16
2220 8
2481 22
2476 8
2164 30
2193 0
2361 21
2154 17
2292 0
2012 30
2246 25
2222 1
1963 19
1999 26
2129 24
4581 24
2424 2
2135 13
2126 14
2130 20
1723 5
2497 29
1830 10
2358 19
1644 5
2228 29
1712 5
2290 21
2317 4
2205 18
2411 7
9040 2
2088 25
2167 27
2532 7
2456 0
2056 30
2125 16
2276 2
2154 31
2152 29
2332 8
2193 4
2361 8
2295 13
2168 14
2427 28
4558 14
2353 8
2234 3
2063 1
2088 12
2200 31
2320 1
2519 21
2178 12
2208 6
2229 13
2451 4
2163 7
2259 27
2275 0
2398 23
4629 22
2045 31
2264 12
2400 4
2021 17
2117 16
2211 3
2275 4
2245 18
2184 23
2108 6
2054 22
2356 13
2403 7
2286 24
2177 13
4713 0
2066 19
2418 15
2288 19
2120 21
2170 18
2243 11
2090 19
2368 17
2076 19
2201 29
2356 26
2349 17
2282 19
2268 3
2244 29
4778 9
2305 18
2327 19
2290 19
2192 7
2264 3
2091 18
2503 31
2388 19
2423 14
2397 22
2226 26
2138 3
2185 30
2134 24
2050 7
4608 26
2469 12
2220 26
1835 5
2218 2
2486 31
2322 22
2210 24
2194 25
2441 15
2276 25
2096 16
1710 5
2233 10
1941 3
2211 27
6253 30
2466 2
2079 1
2240 8
2193 21
2177 21
2236 9
2268 12
2306 15
1997 22
2278 22
2222 4
1978 31
2206 23
2350 27
2233 24
4582 9
2298 26
2276 0
2220 15
2240 0
2333 31
2348 21
2123 12
2266 6
2367 12
2088 21
2422 27
2227 18
2127 7
2408 14
2272 28
4579 7
2315 11
2077 3
2417 16
2230 27
2414 29
2257 10
2152 19
2285 16
2455 10
2269 20
2125 1
2102 1
2202 12
2172 16
2626 18
4703 1
2163 9
2262 15
2253 24
2400 26
2279 7
2469 7
2167 30
1903 5
2297 18
2207 13
2012 14
1828 5
2090 0
2116 11
2086 15
4593 8
2037 0
2229 11
2360 17
2138 13
2294 6
2505 8
2123 20
2187 14
2234 6
2093 17
1690 5
2263 20
2371 9
2466 3
2268 31
4732 30
2162 6
2298 20
2093 17
2429 16
2106 1
2384 13
2216 15
2262 2
2304 15
2426 20
2166 1
2286 6
2088 26
2376 26
2210 15
4261 5
1900 31
2157 8
2328 28
2139 10
2305 21
1968 24
2213 11
2311 2
2240 17
2308 13
2328 24
2297 1
2144 30
2161 7
2402 0
5270 10
2288 8
2308 11
2008 31
2380 26
2217 28
2050 8
2117 13
2388 18
2384 7
2280 0
2333 26
2112 19
2294 26
2289 8
2472 23
4573 13
2370 18
2312 21
2157 8
2274 1
2215 26
2285 2
2168 24
2413 24
2161 18
2272 25
2352 20
2178 13
2059 26
2024 18
2198 9
4723 1
2398 20
2187 25
2078 14
2165 9
2023 31
2386 22
2349 23
2257 29
2311 26
2306 12
2244 23
2170 6
2314 13
2229 9
2300 23
4365 20
2274 27
2332 25
1823 5
2275 0
2321 29
2156 31
2349 0
2439 25
2270 31
2324 9
2399 24
2184 30
2304 27
2206 17
2395 26
4612 14
2303 17
2163 10
2105 6
2200 11
2318 20
2281 26
2232 13
2312 26
2431 30
2154 15
2056 15
2314 22
2096 6
2328 15
2213 30
6214 21
2212 13
2494 2
2050 8
2347 10
2242 27
1902 0
2112 0
2273 12
2340 23
2201 31
2226 17
1725 5
2220 16
2168 26
2200 19
4675 27
2081 2
2395 4
2343 4
2390 19
2385 24
2163 22
2164 29
2348 18
2154 19
2063 30
2268 4
2237 1
2297 11
2328 14
2306 28
4433 3
2448 26
2109 17
2480 1
2093 26
2314 19
2313 25
13945 7
2207 13
2234 17
2247 13
2290 22
2123 14
2107 7
2126 19
2150 19
4795 25
2380 18
2420 4
2210 21
2166 0
2343 17
2223 22
2101 18
2131 6
2226 3
2492 14
2478 0
2392 14
2391 30
2252 24
2133 10
4415 4
2339 23
2345 21
2212 8
2348 19
2197 8
2311 1
2281 27
2154 11
2216 10
2248 15
2251 26
2174 23
2198 11
2142 12
2180 24
10283 31
2545 14
2087 0
2335 20
2330 17
2336 8
2247 7
2134 27
2246 9
2246 7
2399 19
2100 10
2238 16
2501 18
2102 7
2154 11
4686 30
2050 2
2160 6
2340 2
2237 22
2275 7
2113 14
2222 19
2191 18
2261 1
2192 12
2271 22
2289 22
2310 4
2288 19
2269 16
4567 21
2228 8
2184 6
2143 7
2323 24
2294 24
2385 24
2192 17
2384 1
2146 28
2313 30
2143 27
2342 28
2135 9
2363 26
2404 22
4905 29
2206 13
2271 9
2385 8
2407 25
2202 7
2284 21
2294 9
2186 2
2192 20
2458 14
2307 27
2195 21
2187 9
2428 1
2015 22
4811 22
2434 4
2557 13
2311 6
2314 14
2404 28
2160 28
2235 28
2073 1
2498 20
2202 3
2234 28
2323 7
1855 5
2104 6
2323 20
4815 24
2068 28
1903 27
2515 13
2268 15
2372 15
2217 31
1893 26
1862 5
2344 3
2303 17
2236 10
2203 22
2146 2
2064 0
2521 27
7748 26
2210 17
2310 3
2302 6
2137 6
2151 13
2145 30
2289 10
2118 18
2498 18
2460 31
2249 3
1728 5
2183 11
2252 3
2416 6
4676 4
2250 30
2192 10
2281 14
2253 20
2346 13
2175 31
2168 22
2210 8
2127 18
2255 20
2453 11
2342 2
2130 7
2170 27
2281 13
5910 2
2267 9
2274 0
2012 9
2423 8
2224 2
2173 25
2327 1
2163 24
2452 10
2337 30
2242 14
2196 26
2399 27
2194 12
2445 7
4787 3
2249 11
2227 2
2493 0
2064 31
2385 2
2304 1
2211 30
2347 22
2459 9
2198 24
2290 25
2359 16
2349 31
2278 11
2520 18
4717 12
2332 25
2273 27
2240 12
2360 30
2276 19
2390 23
2397 3
2211 8
2272 13
2059 7
2251 17
2184 20
2521 18
2398 8
2589 15
4822 14
2215 16
2409 6
2498 29
2442 25
2372 2
2499 6
2153 2
2264 17
2520 14
2218 27
2520 3
2164 18
2081 28
2208 25
1756 5
4811 14
2148 10
2253 0
2392 20
2368 22
2036 4
2216 8
2206 15
2203 25
2162 22
2345 1
2309 31
2280 29
2484 14
2227 28
2088 2
4966 6
2272 28
2255 3
2315 2
2302 1
2272 12
2347 0
2545 25
2034 29
2110 8
2448 25
2367 12
1736 5
2223 12
2204 29
2272 24
4648 12
2196 21
2339 8
2474 17
2308 31
2387 20
2191 15
2414 17
2201 9
2276 0
2261 2
2144 17
2246 31
2499 4
2108 12
2367 18
4965 29
2351 1
2414 9
2077 1
2450 19
2272 31
2216 20
2495 21
2360 1
2520 8
2415 4
2492 30
2263 8
2242 8
2223 9
2193 29
4512 30
2452 15
2339 3
2200 0
2354 3
2389 6
2051 9
2489 14
2455 17
2090 25
2371 18
2253 7
2314 25
2255 10
2288 12
2289 21
4775 8
2000 8
2382 3
2215 17
2346 19
2307 3
2296 2
2434 10
2379 30
2109 26
2324 18
2186 12
2428 13
2309 0
2297 26
2247 20
4584 21
2177 16
2114 14
2288 20
2237 26
2378 28
2128 28
2481 16
2319 20
2400 10
2285 6
2490 14
2488 4
2346 13
2220 1
2485 29
4707 7
2322 4
2281 12
2214 11
2062 31
2190 14
2229 16
2453 0
2225 3
2510 26
2269 27
2236 25
2291 19
2254 0
2073 20
2247 9
4844 8
2224 10
2154 20
2093 0
2330 20
2142 3
2212 0
2125 7
2346 31
2234 8
2215 7
2454 18
2508 6
2196 14
2400 28
2393 28
6303 22
2273 31
1801 5
2153 8
2407 27
2477 27
2432 26
2145 20
2169 26
1800 5
2224 28
2389 30
2357 23
2198 12
2108 18
16085 4
4789 20
2224 3
2336 26
2349 29
2180 25
1807 5
2382 9
2313 14
2458 9
2284 28
2544 11
2564 11
2240 25
2191 12
2366 24
2415 1
4803 30
2152 10
2216 26
2379 10
2336 26
2280 28
2211 3
2383 10
2317 19
2176 24
2375 16
2173 22
2307 31
2034 13
2242 2
2391 14
4524 3
2196 31
2328 2
2316 13
2234 18
2293 11
1892 5
2257 26
2374 12
2092 17
2391 24
2212 17
2374 8
2337 19
2202 29
1888 5
4723 18
2371 20
2324 23
2357 22
2349 29
2140 8
2500 11
2280 30
2392 18
2458 12
2241 10
2112 18
2437 21
2239 0
2310 3
2424 29
4879 24
2253 7
2216 1
2280 13
2448 21
2657 30
2180 6
2558 21
2182 23
2250 11
2356 23
2410 15
2213 21
2226 30
1984 8
2285 0
4926 0
2253 28
2252 18
2480 18
2265 17
2348 18
2055 31
2172 10
2386 2
2396 13
2124 13
2108 17
2559 0
2283 0
2558 8
2187 30
5006 9
2264 1
2322 31
2523 16
2284 16
2334 26
2482 2
2440 15
2238 28
2014 9
2291 14
2082 28
2306 3
2330 29
2237 1
2339 11
4876 21
2374 23
2132 7
2289 1
2307 20
2375 10
2169 15
2573 15
2116 21
2502 19
2379 1
2372 19
2242 16
2334 7
2239 10
2096 15
4841 25
1957 5
2218 13
2435 13
2307 10
2221 18
2245 14
2128 0
2311 4
2444 19
2365 8
2382 21
2272 7
2431 26
2199 20
2194 15
4813 10
2238 19
2297 15
2253 15
2527 2
2479 22
2172 9
2358 19
2402 22
2106 6
2178 16
2322 27
2290 10
2029 14
2447 3
2331 15
4854 7
2668 8
2332 31
2401 1
2281 28
2446 0
2258 28
2284 23
2137 7
2358 2
2331 20
2189 31
2201 31
2244 15
1981 4
2236 18
10897 27
2480 6
2489 17
1982 5
2365 4
2641 14
2425 8
2259 31
2437 6
2066 20
2138 29
2279 26
2237 30
2305 4
2346 9
2452 13
6443 22
2333 10
2190 10
2408 9
2249 12
2262 23
2144 21
2397 23
2199 9
2292 24
2473 13
2375 8
2138 4
2181 9
2242 28
2231 0
8301 4
2129 10
2292 17
2154 6
2324 6
2376 26
2601 16
2267 9
2073 0
2575 28
2419 6
2371 27
2170 13
2345 11
2230 8
2168 14
4580 25
2342 17
2246 26
2195 13
2578 17
2396 9
2448 30
2375 6
2449 28
2397 28
2250 12
2291 26
2386 18
2232 11
1808 5
2268 2
5287 21
2356 27
2432 21
2014 22
2223 1
2503 20
2214 21
1918 5
2355 16
2352 30
2379 24
2190 2
2497 20
2411 3
2467 30
2282 0
4926 1
2243 4
2274 19
2125 29
2515 29
2411 3
2446 9
2459 10
2114 21
2352 9
2368 0
2482 8
2272 28
2366 2
2171 1
2324 19
4423 16
2433 22
2310 9
2452 0
2298 30
2264 25
2266 14
2124 10
1847 5
2355 21
2185 21
2179 17
2221 26
2196 8
2068 2
2300 12
4752 31
2336 0
2189 10
2281 14
2101 12
2296 9
2303 21
2292 14
2270 25
2258 10
1756 5
2144 10
2111 1
2842 28
2190 26
2175 17
4438 12
2301 27
2482 16
2518 24
2311 4
2479 6
2259 10
2169 8
2362 1
2570 24
2325 29
1887 5
1809 5
2431 19
1586 5
2523 10
4155 5
2276 23
2272 8
2423 12
2153 0
2370 18
2038 2
2286 29
2451 22
2311 30
2114 26
2284 18
2437 17
2245 22
2505 11
2260 24
4647 12
2598 3
2456 24
2284 22
1914 5
2109 19
2168 16
2165 17
2417 18
2274 4
2373 20
1982 5
2502 0
2136 17
2388 20
2169 4
5213 17
2517 2
2365 19
2235 3
2617 31
2501 17
2017 3
2423 7
2303 4
2054 12
2581 1
2081 6
2557 4
2176 16
2266 6
2428 8
4862 10
2209 27
2258 23
2164 17
2177 28
2543 1
2228 9
2300 27
2457 21
2312 26
2470 21
2235 28
2361 14
2410 0
2424 19
2316 29
4792 25
54804 24
2450 31
2563 31
2311 17
2501 8
2276 21
2685 1
2356 10
2211 22
2473 29
2603 21
2272 10
2496 29
2577 10
2177 31
6112 7
2152 5
1807 5
2460 12
2292 11
2454 2
2252 16
2249 27
2180 8
2254 14
2058 5
2201 0
2294 4
2403 12
2377 26
2340 27
4604 6
2114 28
2522 17
2118 22
2365 24
2529 17
2390 9
2238 12
2235 11
2473 19
2229 24
2023 17
2481 21
2367 29
2409 8
2441 31
4795 28
2362 19
2223 6
2231 20
2546 28
2074 31
2261 29
2472 20
2302 12
2439 29
2504 1
2317 1
2246 24
2174 10
2302 23
2550 28
4132 5
2314 6
2201 11
2349 15
2451 26
2422 4
2145 28
2426 21
2486 2
2433 7
2084 11
2226 26
2463 24
2316 21
2263 1
2386 18
4922 23
2365 29
2191 18
2236 14
2219 8
2135 31
2402 15
2405 21
2389 19
2328 9
2278 21
2337 11
2473 31
2136 22
2390 1
2228 7
5104 21
2329 22
2283 3
2339 30
2541 16
2458 31
2439 14
2209 3
2397 31
2101 29
2130 18
2344 18
2320 30
2245 10
1935 5
2492 12
4801 22
2431 7
2160 15
2388 0
2430 4
2422 30
2322 9
2209 21
2267 26
2398 13
2389 29
1808 5
2368 1
2479 23
2426 4
1770 5
4815 3
2325 26
2073 8
2565 9
2193 23
2295 10
2070 23
2247 1
2155 21
2220 20
2140 17
2468 9
2395 8
2365 26
2552 11
2426 17
4479 19
2264 18
2142 14
2459 19
2383 26
2424 23
2117 6
2454 7
2331 30
2347 2
2420 7
2499 9
2326 26
2247 28
2473 24
2380 25
4764 17
2190 6
2273 2
2425 17
2110 12
2400 4
2466 23
2305 4
2276 2
2322 12
2422 31
2434 6
2314 13
2089 13
2281 23
2321 20
4845 1
2300 26
2471 28
1895 5
2544 11
2558 25
2203 16
2461 27
2456 14
2244 15
2344 29
2332 26
2640 27
2240 29
2206 0
2461 6
5035 20
2274 3
2585 12
2214 15
2542 20
2334 2
2381 29
2370 15
2322 22
2341 4
2111 31
2221 8
2248 12
2450 19
2256 27
2322 13
4794 2
2504 28
2257 28
2300 7
2450 28
2243 22
2153 6
2423 0
2263 11
2459 6
2341 6
2481 1
2144 15
2378 24
2293 15
2327 18
4903 19
2349 6
2308 27
2148 9
2196 1
2186 25
2244 24
2263 28
2081 20
2559 20
2235 12
2515 15
2486 15
2537 2
2398 11
2449 23
6990 24
2434 30
2326 26
1779 5
2393 22
2269 2
2288 28
2359 15
2312 12
2393 28
1978 0
2298 11
2476 11
2324 2
1891 5
2447 22
4821 11
2203 15
2333 22
2576 9
2377 24
2250 11
2409 9
2355 31
2498 2
2343 15
2303 11
1993 10
2182 21
2524 29
2323 4
2538 2
4726 29
2525 22
2633 17
2194 25
2190 2
2741 31
2579 13
2220 27
2034 5
2436 19
2403 19
2461 20
2242 19
2521 8
2112 28
2445 0
8979 3
2283 22
2301 20
2388 18
2377 10
2273 16
2410 24
2473 2
2231 28
2380 16
2332 13
2161 6
2313 20
2278 10
2301 30
2542 15
4693 22
2366 6
2303 9
2429 30
2161 28
2496 17
2362 31
2116 12
2424 14
2658 29
2294 18
2563 31
2260 24
2236 20
2374 12
2352 29
10037 5
2405 8
2514 24
2301 9
2430 27
2440 31
2241 6
2624 15
2255 27
2219 6
2088 31
2163 5
2364 27
2278 24
2490 13
2344 21
4800 20
2381 16
2207 15
2529 12
2390 12
2238 15
2443 19
2343 3
2334 21
2352 0
2073 18
2185 2
2176 6
2324 12
2269 11
2395 15
4651 5
2420 30
2371 0
2277 29
2181 0
2176 28
2608 10
2485 28
2407 1
2215 20
2203 24
2368 2
2178 25
2368 23
2394 16
2298 15
18782 5
2169 18
2339 18
2051 20
2244 9
2275 18
2087 18
2216 10
2665 16
2340 26
2405 4
2370 26
2307 9
2255 26
2350 30
2435 26
4912 27
2205 0
2329 3
2269 1
2190 22
2591 7
2493 25
2469 23
2331 23
1989 4
2343 6
2219 13
2518 28
2330 16
2379 2
2334 27
4618 26
2762 12
2438 26
2208 11
2379 15
2417 12
2427 12
2586 25
2448 20
2389 3
2257 17
2414 10
2318 31
2661 7
2489 4
2318 30
4782 24
2279 27
2393 15
2357 29
2488 4
2349 30
2391 29
2424 9
2078 5
2385 27
2281 2
2363 3
2380 13
2376 11
2293 12
2391 20
4636 7
2312 6
2346 26
2396 13
2306 29
2510 12
2338 27
2678 3
1937 5
2312 27
2462 18
2284 7
2196 31
1760 5
2273 26
2275 19
6658 9
2434 28
2410 12
2288 23
2357 6
2397 16
2484 15
2001 22
2479 13
2205 27
2401 21
2245 14
2203 13
2235 3
2457 9
2035 19
5015 12
2297 25
2425 17
2542 6
2443 11
2546 19
2300 7
2401 15
2621 23
2171 20
2226 20
2261 3
2013 5
2453 25
2423 28
2235 27
4865 10
2352 27
2437 24
2519 29
2303 26
2415 9
2398 30
2441 22
2331 29
2295 10
2318 29
2520 27
2123 7
2497 15
2597 27
2294 31
4709 20
2528 3
2332 4
2077 14
2527 13
2299 26
2335 28
2220 26
2133 31
2466 2
2140 20
2362 21
2221 8
2568 4
2327 22
2383 1
4669 3
2434 11
2429 23
2430 27
2346 8
1877 5
2484 30
2352 30
2316 13
2363 4
1938 5
2288 25
2327 19
2366 28
2150 16
2268 30
4856 9
2355 1
2151 6
2182 1
2192 22
2254 26
2474 26
2208 2
2128 14
2447 9
2541 30
2140 26
2504 30
2341 29
2376 20
2169 28
5738 1
2351 30
2091 27
2233 30
2277 25
2193 0
2284 28
2187 22
2609 9
2256 14
2315 10
2492 3
2360 14
2278 17
2441 18
2139 19
4974 31
2500 18
2326 9
2591 16
2599 22
2299 26
2546 19
2451 13
2272 7
2904 23
2321 7
2509 20
1922 5
2481 9
2183 8
2326 21
4861 15
2573 22
2257 17
2233 28
2351 17
2379 22
2377 24
2363 18
2569 4
2587 25
2470 11
2238 15
2190 23
2385 16
2515 26
2761 16
5075 23
2656 17
2439 23
2281 2
2468 27
2341 17
2338 15
2262 11
2246 19
2346 17
2387 25
2377 24
2422 3
2192 17
2447 12
2288 0
4120 5
2082 21
2224 10
2332 12
2381 15
2376 12
2336 11
2621 7
2552 19
2334 14
2239 23
2340 18
2474 22
2544 22
2296 29
2377 24
5040 22
2483 22
2501 14
2152 7
2017 11
2297 22
2538 6
2393 23
2593 0
2313 3
2471 18
2405 26
2399 31
2784 13
2413 22
2294 11
4492 8
2416 10
2352 22
2434 3
2550 8
2360 7
2220 9
2520 16
2239 4
2365 12
2324 29
2626 3
2498 3
2161 31
2183 15
2440 6
6158 18
2407 24
2244 28
2183 12
2447 25
2275 2
2656 21
2234 10
2336 22
2598 2
2406 9
2185 23
2579 22
2184 28
2263 22
2593 27
5567 24
2023 12
2344 29
2362 15
2410 8
2016 9
2729 26
2656 15
2109 15
2472 16
2142 23
2260 27
2215 17
1635 5
2399 13
2382 7
4861 0
2627 10
2297 16
2240 30
2574 10
2355 14
2290 17
2421 26
2603 14
2411 18
2578 18
2149 9
2373 6
2472 22
2589 18
2310 20
4508 5
2339 9
2289 9
2399 2
2189 20
2506 3
2409 9
2489 14
2343 7
2297 21
2346 27
2338 30
2527 31
2437 9
2362 22
2315 30
4998 17
2050 9
2474 30
2682 7
2253 4
2285 3
2502 24
2481 17
2324 26
2579 18
2526 0
2285 0
2787 20
2327 27
2443 23
2486 22
4540 0
2388 13
2484 23
2317 14
1906 5
2308 6
2460 16
2398 27
2255 30
2292 3
2370 24
2364 10
2573 27
16271 26
2165 31
2608 0
13542 29
2246 14
2456 2
2219 9
2397 18
2767 24
2409 22
2531 16
2257 12
2577 27
2184 12
2322 12
2408 6
2153 31
2260 23
2535 23
4850 27
2386 13
2529 26
2314 9
2197 4
2194 27
2513 25
2054 30
1925 5
2361 1
2203 17
1982 5
2342 24
2646 25
2302 26
2096 8
4808 9
2463 25
2230 14
2434 15
2530 31
2223 7
2168 1
2268 18
2337 10
2176 26
2298 27
2488 0
1747 5
2398 1
2612 22
2544 28
4774 18
2131 1
2290 22
2811 19
2477 9
2544 9
2358 2
2195 18
2394 4
2512 20
2495 30
2628 11
2290 10
2441 14
2477 14
2459 26
4759 17
2391 22
2506 30
2373 0
2442 6
2326 0
2508 13
2249 1
2564 12
2506 27
2376 7
2392 0
2411 7
2327 14
2383 21
2303 30
4889 16
2463 17
2295 17
2330 0
2344 19
2534 16
2121 10
2617 31
2530 27
2490 6
2668 7
2375 19
2371 28
2081 18
2255 29
2489 26
10708 27
2565 16
2269 24
2440 15
2625 16
2412 27
2306 20
2368 26
2401 16
2276 17
2510 0
2204 7
2580 6
2114 26
2505 7
2352 4
6386 16
2516 6
2276 20
2324 3
2314 27
2169 18
2718 4
2360 0
2220 26
2720 7
2829 15
1807 5
2373 31
2096 5
2268 18
2497 1
4723 2
2284 9
2365 31
2247 10
2258 8
2219 19
2206 10
2380 20
2552 15
2649 7
2375 19
2404 8
2581 20
2320 21
2183 9
2506 23
4781 13
2391 3
2390 13
2383 9
2373 0
2187 9
2574 24
2381 16
2187 9
2425 16
2364 2
2354 7
2347 19
2572 4
2499 17
2303 16
4964 16
2492 10
2396 0
2312 10
2408 12
2486 26
2277 6
2200 18
2474 4
2333 7
2075 29
2289 10
2339 13
2294 6
2307 14
2424 21
6315 0
2738 26
2472 31
2431 13
2305 19
2462 1
2259 3
2325 25
2425 2
2433 9
2409 17
2363 6
2237 7
2302 4
2152 12
2344 16
4629 18
2386 27
2425 29
2501 30
2148 10
2608 16
2288 4
2581 15
2191 21
2450 3
2336 4
2355 13
2305 8
2194 17
2514 29
1994 13
4805 0
2428 1
2592 25
2405 0
2294 31
2248 16
2356 22
2542 1
2499 27
2705 20
2220 15
2581 12
2662 10
2516 27
2360 22
2482 2
4973 1
2332 30
2290 12
2515 18
2385 0
2370 7
2362 19
2431 2
2502 1
2136 5
2409 18
2488 20
2291 6
2477 27
2474 14
2406 19
4654 22
2264 16
2474 30
2495 17
2411 16
2704 13
2601 19
2469 20
2299 19
2491 17
2380 25
2356 3
2221 10
2379 11
2431 18
2530 15
4913 7
2432 4
2437 2
2365 12
2389 16
2445 22
2601 6
2372 12
2237 28
2320 23
2296 8
2072 16
2654 4
2509 30
2204 28
2222 4
5100 11
2359 20
2167 14
2359 7
2187 20
2452 15
2343 20
2444 30
2425 29
2426 10
2514 9
1874 5
2272 23
2325 22
2706 0
2496 14
4809 14
2283 28
2424 8
2689 28
2309 26
2359 30
2404 4
2212 29
2380 3
2353 20
2406 6
2524 12
2104 16
2408 11
2326 30
2159 10
4780 9
2365 21
2698 28
2318 11
1919 5
2423 2
2323 8
2230 21
2100 5
2542 17
2562 30
2225 28
2196 27
2496 7
2383 24
2316 27
6520 27
2687 17
2427 24
2318 3
2344 28
2426 15
2118 27
2295 30
2314 23
2359 18
2471 21
2272 22
2439 9
2470 2
2330 18
2500 9
4860 13
2446 19
2306 17
2211 14
2296 20
2468 1
2438 22
2229 11
2405 17
2400 12
2186 0
2436 21
2371 7
2319 22
2418 25
2308 17
4840 20
2104 10
2388 20
2381 1
2634 1
2556 27
2384 27
2128 7
2375 19
2323 6
2609 17
2535 4
2215 6
2513 29
2301 17
14591 26
4743 16
2663 16
2273 21
2439 7
2378 30
2405 19
2391 3
2622 19
2384 19
2296 9
2514 0
2420 22
2496 27
2563 22
2573 17
2276 16
4985 10
2564 2
2303 27
2125 23
2453 15
2235 8
2238 29
2490 0
2496 11
2494 25
2636 22
2497 18
2230 2
2541 23
2359 4
2641 30
4832 17
2564 6
2462 22
2437 14
2508 4
2358 17
2364 16
2302 17
2493 7
2492 31
2396 31
2261 17
2375 2
2549 10
2574 21
2411 28
4875 25
2205 16
2161 5
2254 10
2539 22
2638 30
2504 10
2757 6
2328 3
2311 10
2105 16
2241 14
1862 5
2490 23
2406 29
2214 18
4755 12
2688 10
2331 7
2292 30
2413 15
2540 25
2320 7
2270 21
2614 19
2473 13
2825 3
2440 4
2342 20
2201 21
2238 22
2663 25
5069 2
2400 22
2318 26
2351 30
2655 28
2479 31
2307 16
2417 14
2375 13
2559 9
2370 19
2524 20
2486 16
2259 6
1911 5
2121 19
4817 3
2405 25
2510 14
2412 2
2355 19
2545 3
2285 30
2543 12
2364 10
2191 31
2316 2
2331 27
2554 28
2385 3
2258 31
2521 30
9406 21
2419 17
2537 22
2169 4
2473 18
2245 14
2414 28
2197 10
2376 31
2600 28
2189 7
2389 29
2210 21
2762 7
2377 24
2344 2
4938 9
2405 31
2453 10
2476 14
2430 22
2301 22
2394 28
2274 26
2306 6
2498 31
2284 7
2098 9
2467 17
2360 25
2460 18
2502 11
4731 31
2295 1
2356 26
2267 13
2356 11
2195 31
2399 4
2528 4
2432 17
2720 9
2142 14
2473 28
1698 5
2466 13
2476 27
2295 8
6466 31
1960 5
2395 15
2231 23
2536 8
2425 2
2498 19
2350 9
2388 12
2261 10
2336 13
2308 21
2376 20
2503 10
2321 10
2165 17
4961 20
2472 17
2295 23
2359 5
2459 21
2655 0
2431 13
2420 11
2588 20
2430 2
2324 1
2548 23
2650 14
2368 11
2401 28
2445 19
4741 27
2193 2
2429 20
2542 23
2263 2
2252 8
2388 15
2468 6
2296 3
2509 23
2510 23
2164 14
2399 28
2316 21
2368 12
2376 28
5359 10
2513 27
2185 14
2245 2
2390 28
2456 11
2495 25
2251 31
2764 14
2683 17
2594 6
2345 14
2573 10
2455 28
2289 18
2494 25
5070 13
2415 20
2100 8
2259 21
2452 28
2460 9
2321 12
2304 27
1937 5
2491 22
2462 17
2504 11
2338 2
2515 0
2642 25
2287 17
4911 1
2295 27
2209 8
2507 31
2209 21
2292 10
2362 28
2205 21
2373 4
2475 20
2379 11
2489 8
2426 27
2443 0
2240 10
2481 24
10399 8
2445 18
2474 1
2557 11
2255 18
2275 16
2449 15
2344 1
2421 12
2657 4
2413 2
2342 23
2659 11
2256 10
2410 11
2329 28
4660 15
2186 20
2636 11
2371 18
2431 6
2514 28
1936 15
2281 9
2520 12
2322 15
2360 11
2382 24
2447 20
2353 13
2364 14
2584 20
6612 24
2431 16
2185 18
2288 9
2162 7
2259 6
2334 25
2285 24
2534 28
2450 13
2432 16
2397 12
2403 8
2173 11
2328 11
2157 30
4731 18
2373 19
2161 25
2555 26
2333 8
2221 29
2469 17
2088 14
2250 3
2184 14
2404 26
2228 13
2423 6
2120 18
2239 23
2335 19
4681 29
2598 20
2347 28
2398 15
1639 5
2218 2
2518 17
2331 16
2404 9
2322 0
2268 11
2270 10
2382 9
2686 19
2441 31
2136 28
4724 27
2325 8
2305 4
2459 9
2075 23
2351 26
2314 23
2361 0
2367 19
2189 3
2173 26
1909 6
2523 24
2535 22
1846 5
2162 10
4268 5
2526 19
2387 31
2190 1
2253 12
2422 27
2358 17
2468 3
2222 16
2183 21
2177 31
2465 2
2407 11
2291 9
2567 15
2410 12
4947 29
2359 21
24434 17
2479 26
2570 4
2501 24
2250 30
2466 21
2617 4
2543 21
2504 26
2422 16
2452 13
2284 3
2366 18
2275 16
6196 13
2334 23
2426 13
2188 3
2014 12
2247 27
2294 9
2370 23
2451 4
2247 1
2316 11
2181 11
2284 13
2095 6
2368 10
2598 23
4766 3
2324 22
2437 16
2054 5
2490 13
2422 14
2295 13
2459 1
1724 5
2340 4
2170 0
2311 3
2597 1
2511 25
2360 6
2253 23
4792 26
2406 12
2393 25
2361 17
2420 9
2461 23
2461 4
2169 13
2282 11
2525 28
2259 8
2088 27
2308 24
2350 23
2646 0
2523 20
4660 22
2423 16
2235 21
2204 24
2392 30
2269 31
2437 21
1849 5
2636 18
2391 13
2522 10
2128 4
2226 19
1586 5
2574 0
2200 6
4386 5
2393 14
2232 20
2317 24
2227 8
2272 2
2587 29
2382 9
2194 0
1964 22
2444 23
2265 8
2189 20
2425 27
2333 1
2339 26
5147 30
2090 23
2305 15
2319 6
2116 4
2342 14
2297 11
2228 29
2701 13
2362 6
2361 30
2192 9
2251 2
2616 4
2629 11
2433 26
4548 21
2054 21
2316 16
2344 19
2259 7
2374 26
2232 3
2178 18
2250 9
2195 16
2542 16
2349 22
2512 4
2896 9
2370 10
2354 17
4642 29
2334 18
2536 26
2378 17
2272 8
2143 21
2386 20
2423 17
2523 10
2215 2
2545 23
2408 14
2169 10
2212 29
1938 5
2267 2
4605 28
2716 16
2203 17
2564 12
2129 7
2693 23
2430 16
2393 11
2366 15
2295 13
2399 12
2231 7
2286 9
2187 13
2371 6
2357 28
4822 17
2356 22
2589 2
2360 23
2539 30
2468 11
2501 25
2218 5
2535 9
2239 18
2376 26
2452 25
2248 9
2162 11
2339 16
2445 27
4495 17
2314 29
2468 3
2342 23
2236 6
2385 22
2164 2
2180 23
2221 9
2497 28
2260 29
2159 19
2286 7
2390 28
1811 5
2606 27
4306 5
2236 23
2214 0
2392 22
2443 15
2131 22
2802 12
2416 25
2288 21
2784 27
2398 0
2499 1
2350 9
2363 17
2428 18
2126 6
8824 5
2187 3
2423 15
2497 30
2429 8
2273 29
3098 27
2175 18
2072 10
2446 19
2353 10
2509 21
2420 29
2403 3
2388 6
2175 7
6096 22
2124 3
2430 4
2337 27
2318 28
2287 12
2417 24
2280 27
2298 10
2284 2
2430 4
3147 19
2296 17
2387 12
2331 18
2618 11
5174 25
2285 6
2384 28
2367 24
2594 19
2477 22
1888 5
2184 27
2295 8
2066 29
2648 21
2414 20
2289 19
1825 5
2647 4
2737 22
4593 26
2585 16
2319 21
2419 4
2320 10
2177 27
2339 17
2148 21
2313 17
2215 30
2336 13
2253 13
2431 27
2123 8
2407 16
2568 3
4791 27
2458 28
2506 18
2475 21
2255 4
2029 20
2101 27
2381 26
2427 26
2307 13
2302 19
2173 26
2360 1
2524 11
2430 17
1846 5
4817 2
2587 0
2314 30
2435 31
2412 1
2388 29
2249 17
2297 8
2504 22
2189 26
2310 8
2679 18
2302 20
2287 27
2346 8
2024 5
4791 2
2211 8
1802 5
2339 28
2478 19
2272 18
2058 10
2425 30
2266 0
2315 2
2296 21
2317 22
2151 13
2450 19
2506 10
2434 21
4556 7
2155 8
2329 17
2308 10
2602 24
2229 3
2503 21
2439 12
2216 8
2544 31
2258 14
2374 18
2258 29
2510 31
2595 6
2324 2
4783 23
1953 13
2382 18
1718 5
1945 5
2204 23
2137 31
2227 9
2313 25
2405 4
2196 27
2145 27
2448 0
2200 4
2601 21
2377 3
4766 11
2338 25
2462 3
2396 7
2142 14
2426 30
2197 22
2497 10
2115 23
2401 2
2444 8
2313 15
2234 4
2310 27
2371 18
2549 10
4680 11
2297 27
2528 0
2571 23
2478 11
2348 2
2372 22
2023 13
2361 17
2203 27
2010 5
2454 14
2108 22
2214 25
16084 14
2441 6
4598 10
2628 0
2176 18
2655 22
2406 4
2510 13
1713 5
2248 27
2481 19
2261 16
2336 25
2447 30
2471 26
2411 0
2419 1
2289 25
5191 7
2230 31
2270 4
2360 17
2304 24
2371 31
2241 31
2326 3
1894 5
2539 19
2286 13
2336 17
2407 12
2088 8
2300 17
2354 19
10495 7
2509 11
2553 11
2650 18
2063 17
2257 18
2587 0
2396 28
2368 29
2162 31
2477 18
2407 15
2428 25
2670 19
2271 23
2370 17
6096 14
2371 28
2736 15
2304 10
2267 13
2226 27
2418 2
2317 29
2368 10
2351 21
2219 11
2464 8
2413 31
2217 28
2307 24
2320 6
4860 12
2497 3
2304 4
2098 8
2152 9
2288 15
2386 26
2261 10
2272 2
2467 9
2265 18
2397 2
2555 18
2392 4
2289 29
1974 13
4447 29
2482 29
2208 19
2308 28
2533 29
2414 28
2650 1
2636 14
2134 18
2257 30
2493 11
2530 7
2257 27
2530 24
2281 13
2304 14
4941 25
2346 0
2568 0
2341 11
2174 28
2320 20
2690 11
2644 30
2243 14
2007 14
2111 20
2323 8
2291 16
2513 30
2494 7
2317 31
4688 30
2492 31
2126 19
2312 15
2265 11
2549 18
2290 16
2394 12
2252 1
2346 27
2362 1
2353 17
2007 25
2368 23
2275 9
2210 26
4814 24
2650 2
2317 3
2437 15
2440 26
2347 21
2326 22
2240 19
2376 15
2259 27
2513 12
2410 22
2383 22
2314 14
2393 22
2428 21
4637 25
2297 21
2223 2
2157 8
2505 18
2555 15
2266 3
2365 6
2323 7
2463 28
2388 30
2353 16
2186 28
2514 14
2419 7
2471 10
4869 20
2404 6
2334 9
2524 26
2544 1
2546 24
2373 3
2110 1
2386 7
2305 10
1838 5
2298 24
2237 2
2656 25
2436 26
2305 10
4734 29
2227 8
2551 23
2260 16
2504 3
2361 15
2120 1
2081 16
2343 28
2282 30
2356 31
2266 10
2355 2
2426 4
2254 22
2771 14
4765 18
2284 22
2503 12
2154 28
2338 24
2362 4
2295 0
2150 11
2391 25
2031 8
2428 7
2135 31
2465 6
2319 14
2289 19
2298 3
4859 17
2459 19
2388 7
2425 4
2414 10
2357 1
2246 30
2658 29
2750 15
2495 25
2128 4
2145 26
2504 10
2137 7
2522 14
2210 0
4802 24
2591 12
2512 30
2327 3
2234 0
2449 13
2397 24
2261 29
2378 26
2622 28
2339 12
2323 31
2439 29
2419 10
2276 14
2307 18
4542 22
2168 29
2257 15
2287 18
2298 19
2135 12
2163 30
2352 22
2244 24
2315 2
2332 9
2381 29
2408 26
2489 18
2539 1
2233 24
6023 5
2400 16
2540 20
2430 0
2263 3
2336 29
2789 8
2400 31
2119 5
2396 6
2274 23
2502 25
2567 21
2763 26
2291 0
2597 0
4672 30
2291 11
2468 25
2205 9
2170 16
2041 9
2318 23
2295 15
2530 28
2458 10
2257 28
2366 25
2145 13
2333 10
1961 5
2334 30
9454 28
2426 31
2284 14
2306 26
1996 0
2560 28
2327 8
2252 17
2356 26
2407 24
2186 0
2353 30
2406 16
2285 23
2250 18
2604 17
4975 17
2655 27
2729 31
2338 10
2051 4
2450 13
2516 1
2509 16
2947 31
2122 2
2346 30
2489 16
2598 17
2351 26
2313 20
2376 22
4969 11
2437 20
2345 0
2196 22
2512 29
2395 19
2317 23
2201 31
2503 30
2146 23
2557 3
2270 9
2366 9
2436 19
2401 15
2206 23
4786 17
2501 6
2479 10
2289 2
2379 16
2152 11
2455 9
2378 15
2589 1
1950 5
2454 12
2083 22
2570 10
2312 12
2250 18
2438 27
4854 4
2232 27
2405 14
2273 3
2251 26
2431 11
2567 7
2359 24
2448 14
2249 11
2257 16
2533 9
2289 26
2600 20
2472 12
2306 12
4943 15
2499 9
2347 30
2277 4
2203 0
2190 7
2456 17
2350 18
15341 8
2304 12
2411 9
2290 13
2576 1
2249 6
2339 25
2422 28
4562 5
2396 12
2109 17
2286 2
2264 20
2106 6
2378 26
2076 29
2396 20
2347 23
2309 2
2365 29
2197 18
2463 27
2460 10
2261 8
4674 0
2384 0
2408 2
2125 23
2287 9
2445 4
2533 27
2421 31
2475 7
2422 16
2341 27
2293 24
2289 30
2523 13
1830 5
2375 29
4921 15
2391 12
2424 12
2434 20
2148 15
2535 20
2402 15
2381 12
2297 15
2275 2
2268 18
2293 12
2414 20
2279 21
2425 19
2454 1
4835 27
2426 13
2567 15
1995 5
2526 0
2481 2
2159 12
2393 1
2360 22
2409 14
2504 7
2431 12
2082 21
2365 21
2524 29
2371 15
4666 10
2370 4
2487 28
2230 28
2487 1
2283 29
2171 10
2544 24
2610 23
2553 11
2440 7
2136 13
2386 3
2376 13
2542 29
2327 31
6317 22
2169 7
2539 23
2204 7
1866 5
2287 18
2416 9
2197 8
2227 7
2389 28
2002 5
2566 11
2458 19
2415 8
2220 23
2394 3
4832 3
2573 1
2393 7
2400 3
2248 7
2078 8
2400 26
2246 23
2412 19
2407 3
2281 20
2532 3
2325 16
2331 15
2290 14
2607 27
5193 25
2389 25
2405 8
2391 11
2276 16
2664 29
2490 25
2349 7
2741 15
2518 30
2353 21
2394 9
2532 8
2616 18
2457 20
2339 29
4726 10
2245 28
2420 29
2231 11
2478 21
2426 23
2409 28
2516 4
2490 27
2079 8
2352 10
2137 13
2424 27
2222 17
2491 16
2195 24
4683 15
2391 14
2317 4
2360 26
2489 31
2342 21
2279 18
2331 11
2626 8
2309 10
2493 26
2702 11
2378 12
2429 31
2078 15
2377 11
4843 14
2411 25
2315 6
2275 15
2299 3
2226 29
2513 10
2556 24
2313 31
2309 25
2450 21
2329 7
2382 2
2593 18
2484 12
2450 31
10351 4
2258 7
2668 25
2425 24
2338 31
2252 10
2584 13
2252 10
2561 19
2491 4
2490 24
2530 23
2488 19
2399 9
2275 27
2319 20
4951 9
2341 17
2437 25
2343 28
2371 12
2447 3
2424 2
2273 22
2320 2
2210 19
2424 15
2416 31
2312 22
2391 8
2703 17
2359 13
4579 19
2241 12
2568 6
2209 22
2650 14
2402 24
2310 28
2368 31
2180 8
2439 1
2437 16
2350 17
2508 7
2211 29
2238 18
2181 27
4827 0
1999 0
2219 30
2344 24
2379 13
2199 31
2404 8
2406 26
2188 10
2208 9
2575 16
2269 24
2020 28
2421 19
2298 4
2248 25
5085 7
2638 14
2392 31
2322 31
2373 7
2120 31
2224 13
2514 20
2080 26
2322 23
2680 9
2222 17
2271 18
2203 11
2317 0
2620 23
4633 13
2590 0
2290 12
2264 8
2121 9
2566 0
2566 16
2205 8
2475 31
2547 15
2545 15
2316 29
2393 23
2474 22
2760 15
2150 6
5069 25
2406 15
2340 25
2221 27
12082 16
2429 16
2290 24
2438 8
2313 0
2333 2
2005 15
2382 16
2460 0
2428 20
2589 2
2126 20
4734 31
2116 3
2329 25
2507 11
2379 11
2243 15
2427 11
2172 7
2296 22
2306 6
2311 2
2552 15
2327 18
2368 13
2045 7
2274 26
4758 22
2654 6
2289 26
2315 29
1720 5
2183 21
2671 6
2254 24
2119 28
2176 22
2437 10
2384 20
2353 8
2414 11
1906 19
2290 25
4957 21
2424 18
2464 8
2052 5
2401 19
2455 13
2285 0
2336 19
2321 22
2272 27
2360 29
2332 10
2398 10
2037 16
2292 8
2357 20
4603 4
2389 31
2410 26
2378 2
2139 9
2387 4
1930 5
2449 1
2173 13
2492 27
2402 1
2478 16
2331 30
2449 15
2426 3
2117 9
4632 21
2588 23
2510 12
2333 27
2621 25
2484 31
2269 29
2462 3
1612 5
2359 6
2481 20
2147 4
2829 25
2591 22
2095 11
2188 14
19880 25
2393 13
2379 29
2362 3
1964 5
2375 4
2083 28
2214 0
2310 4
1876 5
2298 13
2326 3
2390 7
1994 19
2258 0
2176 13
4438 13
2290 31
2349 7
2235 31
2354 17
2543 12
2006 5
2808 12
2561 25
2255 17
2296 25
2273 16
1772 5
2511 26
2584 24
2555 20
4770 22
2283 29
2089 13
2166 21
2311 29
2361 12
2194 15
2222 17
2101 30
2431 18
2418 17
2602 3
2282 22
2271 14
2079 24
2262 23
4567 14
2079 7
2328 6
2147 9
2249 20
2484 0
2404 18
2383 7
2494 20
2307 12
2390 6
2213 14
2472 24
2243 29
2040 0
2214 27
4957 14
2391 11
2388 25
2127 20
2129 20
2276 17
2400 19
2205 1
2310 0
2505 4
2319 31
2495 25
2135 16
2123 10
2403 15
2421 1
4706 4
2181 17
2179 16
2415 2
2404 17
2286 27
2281 13
2328 4
2252 17
2121 16
2222 13
2459 24
2335 3
2336 16
2390 14
2349 1
4751 25
2388 19
2263 22
2436 18
2340 24
2181 29
2153 8
2374 18
2156 25
2380 4
2215 29
2187 6
2307 23
2317 30
2257 23
2259 12
4718 0
2015 28
2089 18
2847 2
2342 30
2326 30
2394 15
2265 11
2227 15
2096 30
2284 0
2112 6
2151 8
2225 27
2326 25
2118 28
4590 28
2125 29
2192 16
2290 26
2343 24
2402 3
2407 11
2137 20
2230 4
2527 17
2346 17
2223 18
2222 28
2270 19
2252 11
2492 28
5949 0
1864 5
2288 6
2287 20
2269 27
2284 6
2304 7
2290 29
2474 14
2367 4
2352 21
2368 0
2223 19
2435 30
2382 19
2199 19
4482 27
2188 24
2358 21
2194 0
2259 1
2146 6
2229 17
2237 11
2408 14
2268 31
2453 7
2550 9
2171 8
2464 16
2516 17
2379 29
4696 17
1866 5
1956 5
2499 29
2459 2
2371 1
2436 29
2311 29
2328 16
2446 3
2199 25
2421 15
2066 17
2194 18
2230 8
2335 21
4516 28
2290 16
2311 13
2263 19
2168 19
2178 16
2270 8
2389 13
2394 17
2392 12
2349 7
2199 27
2318 0
2334 18
2124 23
2314 1
5384 0
2044 10
2457 12
2405 12
2350 3
2421 15
2125 30
2322 7
2171 29
2474 4
2151 4
2382 7
2375 11
2309 10
2394 29
2407 4
5103 30
2487 15
2414 19
2140 8
2386 26
2260 1
2295 25
2235 15
2463 10
2408 6
2187 0
2455 13
2129 31
2289 17
2517 9
2312 10
4659 9
2364 10
1961 5
2299 19
2437 2
2303 14
2212 3
2364 22
2515 22
2299 23
2445 24
2492 7
2357 22
2434 28
2288 18
2084 30
4715 24
2376 7
2558 18
2333 31
2473 24
2259 15
2270 19
2361 6
2157 6
2261 19
2218 6
2141 19
2405 31
2190 26
2307 1
2425 13
4648 15
2231 25
2381 17
2258 31
2532 11
2317 27
2626 0
2188 13
1869 5
2278 16
2371 22
2068 24
5295 13
5531 9
5690 13
5557 23
21572 15
3686 11
2382 24
2764 24
2252 19
2372 27
2603 17
2515 17
2495 30
2416 16
2421 12
2683 2
2382 2
2830 10
2378 29
2396 12
4894 9
2219 14
2281 1
2227 30
2438 7
2423 21
1878 5
2402 26
2714 7
2480 21
2386 1
2250 29
2947 27
2585 12
2112 27
2374 25
5154 3
2281 11
2399 8
2308 17
2542 26
2386 18
2434 27
2335 8
1972 5
2312 0
2520 11
2566 2
2452 29
2439 8
2526 7
2637 12
10834 0
2453 3
2419 18
2272 16
2783 30
2335 14
2539 0
2483 9
2330 10
2673 12
2392 20
2259 4
2330 6
2440 20
2593 13
2378 1
6500 17
2275 6
2641 7
2474 6
2599 1
2612 18
2645 24
2480 15
2448 30
2503 12
2719 25
2196 20
2661 15
2491 20
2495 2
2269 2
4918 24
2582 4
12411 8
2485 25
2261 17
2367 27
2459 16
2550 3
2500 20
2408 11
2422 17
2356 12
2587 14
2634 0
2279 21
2471 8
5183 0
2399 3
2574 13
2446 24
2189 6
2442 7
2653 18
2382 10
2523 31
2420 19
2265 1
2460 30
2511 12
2370 26
2473 12
2335 15
4680 17
2632 10
2633 8
2570 10
2555 2
2455 14
2579 10
2555 17
2403 12
2346 8
2472 3
2359 1
2610 24
2260 3
1867 5
2555 4
5282 13
2498 9
2532 30
2755 15
2523 17
2425 19
2432 14
2542 8
2554 0
2504 28
2236 14
2566 30
2502 22
2485 6
2341 2
2667 30
4731 28
2413 20
2495 20
2822 24
2485 0
2573 11
2364 15
2406 2
2353 3
2483 26
2331 1
2476 15
2591 16
2736 7
2421 9
2514 24
4973 3
2412 21
2254 28
2692 24
2541 19
2429 7
2756 12
2491 9
2599 26
2296 7
2621 13
2239 29
2291 8
2411 22
2376 11
2849 16
10105 20
2527 4
2618 1
2368 29
2386 22
2235 20
2374 6
2541 21
2570 28
2580 0
2477 8
2557 4
2531 13
1888 5
2379 1
2510 30
5314 26
2509 18
2542 18
2511 31
2594 31
2288 1
2522 1
2543 21
2377 27
2653 9
2538 19
2336 18
2468 12
2363 18
2491 19
2789 18
5136 12
2202 5
2385 27
2485 9
2577 19
2249 17
2335 0
2703 30
2671 24
2471 20
2502 27
2336 26
2566 30
2744 11
2431 21
2373 18
5004 20
2636 17
2531 28
2190 26
2898 6
2478 2
2540 23
2446 17
2518 0
2456 30
2583 30
2507 8
2569 27
2691 15
2648 15
2363 30
4338 5
2506 6
2466 21
2459 20
2519 14
2729 17
2350 18
2185 4
2587 6
2978 28
1933 5
2464 2
2385 20
2310 26
2583 27
2650 7
5005 9
2232 28
2454 7
2327 4
2303 13
2508 10
2660 9
2257 31
2315 4
2699 18
2691 2
2379 27
2411 1
2560 10
2329 11
2356 30
6505 10
2407 26
2654 30
2490 26
2286 25
2485 7
2714 29
2624 24
2427 23
2394 26
2455 26
2256 21
2655 18
2639 24
2626 29
2296 26
4734 8
2367 29
2412 16
2234 9
2785 16
2454 10
2644 8
2419 1
2335 21
2525 11
2294 29
1959 5
2275 18
2126 29
2439 19
2859 4
4933 13
2618 12
2709 17
2469 23
2339 18
2524 30
2626 6
2563 7
2445 4
2729 29
2157 1
2461 2
2482 10
2134 26
2348 0
2457 2
4779 30
2482 11
2425 19
2375 23
2713 24
2713 29
2466 29
2529 22
2176 17
2478 9
2445 12
2424 8
2460 19
2457 17
2805 20
2705 17
5071 29
2433 9
2507 1
2320 4
2389 10
2706 19
2527 12
2447 10
2529 13
2350 30
2385 3
2771 22
2123 5
2637 14
2604 29
2331 15
4921 3
2540 16
2582 27
2599 7
2696 14
2665 14
2585 19
2640 6
2684 8
2339 17
2526 7
2589 20
2404 1
2420 31
2416 2
2438 10
5025 0
2725 17
2574 17
2776 9
2473 11
2418 23
2594 19
1892 5
2295 1
2354 10
2619 1
2426 13
2495 6
2643 23
2592 27
2763 20
5094 15
2068 5
2703 25
2545 3
2119 1
2637 26
2593 28
2478 4
2403 22
2365 16
2569 22
2318 15
2670 10
2578 13
2608 12
2458 4
5268 27
2287 26
2588 19
2275 18
2334 16
2249 8
2514 22
2468 10
2332 20
2354 2
2309 12
2553 31
2722 31
2327 2
2227 9
2386 27
6268 30
2527 6
2772 7
2273 1
2438 27
2345 20
2566 9
2669 21
2554 9
2412 24
2244 20
2582 28
2589 3
2610 3
2421 19
2440 6
5176 19
2332 4
2232 30
2530 4
2600 19
2682 8
2780 12
2682 18
2329 21
2690 23
2570 31
2446 24
2483 8
17147 26
2633 0
2489 11
4771 8
2498 3
2540 13
2442 16
2599 31
2523 4
2195 16
2392 13
2499 30
2394 26
2505 22
2220 24
2455 22
2577 20
2420 7
2312 17
5280 13
2403 24
2602 1
2613 15
2479 6
2548 9
2365 22
2556 17
2468 16
2560 25
2622 24
2380 11
2574 6
2403 4
2488 30
2765 30
6734 18
2619 18
2531 1
2371 11
2426 20
2606 10
2340 10
2565 6
2761 23
2662 7
2771 8
2390 10
2189 21
2515 17
2496 31
2504 0
4994 7
2271 3
2398 28
2578 15
2370 2
2374 19
2512 28
2291 17
2480 4
2513 18
2707 29
2359 1
2507 14
2345 28
2639 16
2554 0
4995 2
2473 23
2468 6
2452 30
2483 3
2587 8
2748 9
2352 6
2562 12
2505 21
2556 25
2511 14
2403 17
2597 15
2699 29
2328 11
4805 13
2352 2
2338 22
2513 15
2643 6
2596 23
2517 25
2428 21
2508 10
2546 28
2382 31
1866 5
2236 17
2493 1
2625 13
2515 2
5372 10
2653 27
2504 3
1999 5
2607 14
2839 30
2566 1
2523 4
2454 0
2291 18
2486 4
2560 7
2794 29
2293 15
2428 23
2377 8
4975 9
2656 2
2390 24
2540 8
2348 10
2529 19
2725 16
2617 18
2195 30
2632 19
2399 4
2550 14
2416 17
2506 0
2372 19
3047 31
11136 4
2475 17
2755 0
2422 23
2329 4
2779 25
2408 29
2465 0
2525 3
2387 14
2653 15
2396 4
2415 3
2384 12
2567 2
2466 12
4837 0
2908 0
2664 21
2389 14
2702 9
2724 1
2570 31
2574 25
2605 23
2391 26
2525 21
2656 18
1766 5
2460 3
2201 31
2493 16
5132 31
2531 31
2336 6
2500 11
2649 14
2463 20
2555 15
2596 10
2367 15
2215 11
2730 10
2256 30
2188 15
2278 30
2551 29
2345 22
4649 11
2665 3
2378 29
2548 7
2647 6
2412 2
2349 21
2568 26
2838 28
2337 4
2263 1
2337 29
2452 18
2491 17
2537 29
2453 2
4858 12
2437 12
2359 20
2481 3
2389 27
2670 4
2377 23
2540 31
2654 26
2531 28
2446 0
2634 10
2579 31
2201 26
2841 14
2347 16
9479 7
2421 14
2498 17
2453 30
2621 16
2633 18
2616 17
2484 25
2332 4
2494 15
2656 7
2510 15
2250 17
2449 25
2230 26
2572 18
5131 13
2706 15
2413 31
2671 11
2246 28
2166 5
2679 12
2237 8
2314 18
2825 29
2197 5
2609 29
2710 26
2391 6
2411 21
2501 11
6864 18
2633 11
2451 24
2717 6
2796 31
2342 26
2532 22
2656 24
2501 31
2042 5
2588 14
2529 11
2408 0
2419 28
2377 4
2497 12
4994 19
2534 8
2511 16
2528 3
2308 21
2366 11
2355 31
2324 26
2583 8
2490 3
2572 28
2761 20
2432 22
2557 13
2369 8
2322 23
5135 12
2402 1
2553 29
2500 2
2494 14
2425 14
2413 14
2587 15
2374 0
2671 27
2278 8
2570 0
2601 30
2553 15
2136 12
2773 3
4899 23
2745 23
2245 10
2455 14
2409 27
2703 25
2635 2
2687 19
2615 13
2459 7
2489 28
2452 4
2458 29
2300 28
2393 21
2291 24
4921 21
2710 9
2461 25
2540 10
2730 27
2370 9
2713 28
2581 12
2483 17
2406 13
2437 19
2560 19
2389 23
2678 11
2510 11
2439 3
4880 19
2358 15
2277 2
2462 24
1772 5
2480 14
2646 6
2406 24
2520 12
2515 17
2432 31
2430 3
2440 23
2209 1
2693 20
2374 30
4808 29
2484 14
2551 27
2358 2
2627 7
2575 18
2170 3
2382 6
2635 18
2493 21
2460 30
2531 12
2646 13
2656 14
2413 3
2692 25
5285 30
2495 28
2543 0
22093 10
4104 0
3467 4
3786 16
3429 7
2250 4
2410 18
2659 22
2614 4
2353 3
2609 25
2702 1
2383 19
5130 8
2684 17
2615 13
2531 24
2351 17
2539 18
2755 19
2582 2
2617 27
2544 7
2283 24
2414 27
2289 12
2478 30
2679 18
2329 9
5070 1
2340 31
2508 11
2268 9
2426 26
2568 27
2639 31
2440 20
2694 16
2381 13
2454 20
2364 30
2466 24
2515 13
2356 31
2456 28
4958 6
2527 13
2538 1
2705 12
2271 6
2457 8
2355 23
2565 11
2480 18
2701 6
2509 9
2462 21
2628 1
2539 8
2622 20
2594 30
5002 9
2458 21
2351 29
2595 27
2565 20
2248 5
2423 12
2483 9
1894 5
2311 20
2347 31
2861 11
2266 4
2489 4
2808 22
2447 10
5191 31
2426 13
2651 29
2333 26
2427 13
2482 13
2702 2
2269 18
2562 2
2327 2
2324 29
2250 7
2466 4
2539 27
2533 13
2813 22
4899 26
2576 15
2527 13
2503 12
2220 5
2524 10
2776 9
2920 7
2697 11
2826 23
2675 14
2545 12
2346 6
2368 13
2392 18
2573 16
6861 28
2470 11
1962 5
2266 21
2704 23
2105 5
2410 11
2428 9
2634 28
2413 19
2480 2
2739 19
2376 31
2596 19
2465 9
2438 0
4819 13
2678 27
2500 4
2376 17
2218 5
2467 31
2592 10
2627 27
2437 3
2273 22
2586 10
2052 5
2296 18
2420 11
2930 25
2898 21
4802 15
2412 30
2302 25
2648 19
2544 17
2518 2
2316 26
2693 9
2602 12
2821 26
2507 3
2468 29
2304 9
2452 13
2587 25
2482 14
5427 18
2598 7
3204 7
2433 8
2598 23
2508 7
2435 18
2340 16
2613 31
2532 2
2677 17
2224 18
2113 5
2382 21
2626 3
2481 13
4951 10
2525 30
1953 5
2651 14
2534 8
2408 3
2729 29
2667 3
2777 29
2745 14
2592 17
2531 22
2916 13
2613 28
2641 11
2460 3
5164 23
2366 17
2559 25
2433 23
2467 10
2307 29
2556 0
2648 11
2535 21
2362 15
2347 21
2486 15
2492 26
2649 12
2458 26
2433 25
5056 6
2369 0
2629 9
2242 8
2512 9
2764 15
2536 30
2666 27
2819 21
2626 22
2612 24
2408 19
2361 27
2657 1
2458 11
2523 6
5049 19
2521 13
2620 29
2807 30
2511 31
2524 21
2653 16
2382 24
2564 13
2479 28
2284 2
2710 20
2573 11
2489 9
2512 10
2424 7
5334 0
2361 22
2448 14
2413 22
2772 23
2591 31
2625 22
2326 18
2796 9
2537 25
2526 3
2506 10
2494 27
2380 15
2363 9
2670 17
4970 8
2563 8
2495 19
2017 5
2419 11
2426 10
2201 5
2671 3
2423 31
2601 8
2339 7
2532 21
2534 31
2318 23
2689 18
2454 19
5070 15
2466 0
2099 5
2446 20
12939 31
2526 3
2504 21
2559 13
2670 15
2302 11
2705 17
2759 16
2358 1
2560 9
2503 10
2359 7
4881 24
2466 31
2494 12
2456 23
2607 24
2615 1
2534 7
2283 14
2642 10
2604 31
2523 28
2467 17
2308 4
2401 2
2674 18
2454 16
10633 30
2506 2
2363 12
2522 29
2571 19
2638 30
2495 26
2675 18
2451 1
2618 29
1912 5
2627 19
2396 16
2418 4
2380 2
2458 16
10150 31
2753 6
2189 15
2357 17
2451 11
2207 30
2436 18
2615 6
2525 22
2387 28
2552 0
1954 5
2555 21
2078 26
2207 8
2376 4
4999 13
2248 18
2555 31
2303 26
2441 22
2535 1
2339 4
2419 31
2408 21
2266 4
2556 0
2340 4
2372 14
2194 26
2210 8
2546 17
4876 14
2322 18
13887 24
2576 14
2563 28
2453 12
2353 24
2576 17
2552 19
2633 24
2017 5
2486 8
2482 29
2585 9
2299 31
2385 3
4780 10
2385 6
2484 15
2446 18
2610 8
1895 5
2279 7
2281 11
2280 31
2712 18
2567 0
2267 31
2644 9
2526 19
2603 22
2244 0
4486 13
2731 28
2727 25
2357 10
2344 23
2480 14
2380 11
2527 23
2595 6
2144 11
1886 5
2410 13
2446 17
2375 28
2287 18
2444 10
4440 5
2419 21
2593 14
2476 16
2298 22
2659 8
2229 17
2232 21
2416 31
2356 1
2418 14
2406 26
2758 24
2304 28
2392 3
2111 13
4833 8
2323 30
2451 13
2486 4
2460 23
2440 7
2319 19
2823 13
2286 11
2605 29
2327 23
2412 30
2591 12
2382 31
2235 24
2533 18
4824 4
2403 23
2336 22
2249 2
2492 16
2648 21
2609 4
2662 27
2432 25
2370 10
2364 25
2349 24
2385 16
2418 9
2255 2
2351 4
4813 21
2439 12
2382 16
2486 30
2666 3
2221 30
2410 22
2595 24
2391 21
2408 8
2274 3
2770 20
2385 9
2484 24
2400 30
2596 2
4923 14
2339 10
2538 26
2664 30
2282 6
2442 24
2194 2
2521 1
2536 16
2277 9
2510 22
2328 10
2342 14
2721 4
2719 7
2452 27
4971 21
2471 22
2164 1
2506 31
2853 22
2686 13
2363 3
2533 2
2345 31
2489 10
2321 12
2314 18
2348 6
2304 18
2270 18
2419 26
4952 17
2251 0
2386 13
2420 27
2217 26
2392 4
2223 23
2428 19
2311 6
2213 14
2627 15
2170 16
2636 31
2397 3
2488 1
2214 26
5121 16
2410 14
2359 4
2480 9
2836 28
2413 24
2425 31
2530 6
2395 9
2495 2
2579 17
2280 6
2468 9
2068 5
2327 27
2477 28
6150 21
2548 21
2382 26
2443 24
2683 18
2168 30
2399 27
2437 12
2350 9
2557 0
2799 8
2576 31
2455 18
2431 24
2343 29
2639 29
4769 23
2459 20
2567 13
2249 29
2387 28
2587 13
2365 17
2443 3
2543 18
2459 22
2067 5
2636 25
2507 15
2306 13
2385 22
2317 9
4919 24
2856 24
1776 5
2228 22
2287 28
2501 11
2243 3
2751 27
2384 20
2548 10
2549 2
2272 22
2326 19
2386 31
2286 21
2387 31
5038 21
2516 6
2365 9
2551 1
2224 18
2606 11
2721 1
2436 10
2549 3
2645 30
2526 17
2386 9
2528 1
2516 2
2263 17
2454 12
5202 10
2305 27
2617 21
2383 14
2347 6
2289 11
2264 28
2597 12
2269 1
2466 16
2271 9
2187 17
2007 5
2593 3
2636 16
2555 3
4773 0
2500 1
2415 11
2448 20
2443 11
2186 0
2358 24
2441 18
2466 15
2535 23
2368 13
2552 24
2822 3
2717 30
2335 18
2232 15
4822 7
2451 20
2534 2
2143 27
2497 19
2802 3
2599 8
2573 27
2329 15
2220 10
2568 21
2441 25
2423 20
2529 15
2521 26
2602 18
4441 5
2395 3
2422 13
2367 15
2295 12
2207 17
2303 21
2594 18
2485 11
2407 25
2395 0
2495 8
1821 5
2506 24
2607 15
2614 15
4556 31
2647 31
2564 14
2386 13
2384 23
2959 28
2272 28
2842 24
2544 4
2258 15
2463 22
2265 25
2501 25
2437 9
2209 30
2447 2
5086 23
2549 14
2670 13
2276 4
2487 22
2431 9
2758 16
2252 22
2262 18
2464 23
2277 15
2354 21
2072 8
2219 11
2547 31
2344 10
4685 2
2297 30
2690 17
2406 20
1940 5
2306 15
2488 25
2504 31
2499 15
2371 23
2434 17
2318 7
2560 0
2498 27
2416 26
2557 7
4889 27
2456 12
2496 3
2419 30
2370 25
2497 12
2283 15
2521 22
2501 1
2648 24
2574 31
2321 22
2735 16
2406 24
2617 11
2677 22
5096 19
2725 12
2510 8
2325 22
2440 15
16244 30
2574 8
2436 3
2282 18
2346 22
2427 18
2159 30
2370 16
2580 25
2363 27
2272 23
6533 29
2656 12
2243 28
2307 16
2285 9
2446 15
2673 24
2492 18
2517 8
2439 31
2749 24
2457 11
2547 24
2578 8
2453 30
2445 30
4909 2
2366 10
2128 2
2496 22
2534 18
2382 21
2736 10
2392 24
2626 4
2364 6
2684 24
2441 19
1964 5
1968 5
2512 9
2642 21
4583 11
2348 6
2277 20
2492 2
2500 29
2491 30
2164 21
2471 25
2375 7
2304 12
2564 21
2276 10
2710 6
2441 11
2232 4
2432 31
9628 27
2445 8
2362 18
2247 23
2377 16
2564 23
2510 16
2385 23
2466 26
2864 13
2527 15
2447 22
2592 9
2384 18
2314 29
2711 31
4828 7
2240 1
2377 20
2482 28
2776 25
2524 25
2596 24
2608 23
2441 28
1981 5
2222 13
2469 15
2475 13
2387 11
2883 28
2355 6
5096 25
2620 21
2379 10
2430 10
2464 27
2622 21
2353 15
2372 2
3115 12
2439 18
2519 13
2251 31
2385 26
2337 30
2249 7
2467 30
10521 28
2632 27
2404 30
2180 24
2561 9
2440 21
2441 1
2369 29
2571 12
2388 6
2596 16
2250 24
2594 30
2605 8
2439 9
2396 25
4896 27
2309 18
2062 5
2342 12
2752 15
2425 26
2122 27
2285 23
2711 7
2764 23
2305 25
2556 23
2525 14
2619 30
2445 27
2432 28
5063 11
2342 2
2466 27
2456 19
2513 20
2551 11
2533 22
2337 10
2254 25
2456 14
2505 4
2151 19
2322 28
2445 26
2566 9
2481 24
4982 14
2160 4
2629 20
2404 15
2523 19
2432 7
2528 22
2431 27
2376 6
2524 17
2256 29
2413 4
2521 15
2522 8
2463 1
2391 27
4841 8
2630 19
2506 14
2193 31
2356 1
1997 5
2274 0
2548 3
3078 23
2342 7
2461 27
2550 24
2375 31
2530 22
2627 16
2437 23
5056 21
2701 23
2362 18
2332 1
3029 23
2114 5
2284 17
2375 21
2594 11
2565 15
2516 3
2553 25
2407 11
2465 23
2381 17
2617 27
4788 3
2769 0
2677 19
2359 18
2508 15
2723 23
2254 17
2501 1
2202 31
2409 17
2676 2
2423 16
2682 12
2427 19
1985 5
2096 14
6217 7
2599 28
2338 6
2647 10
2672 26
2445 21
2426 31
2364 28
2555 10
2620 19
2371 1
2259 24
2013 5
2281 15
2764 22
2407 31
5027 12
2599 11
2352 1
2400 26
2282 18
2549 27
2722 27
2294 11
2370 23
2471 0
2392 11
2385 22
2801 23
2495 14
2620 25
2382 28
4635 30
2212 18
2452 22
2501 3
2470 0
2405 4
2839 2
2398 18
2713 29
2532 27
2347 27
2613 11
2472 12
2458 22
2149 14
2451 25
5088 16
2486 27
2828 27
2430 15
2510 17
2203 5
2683 8
2673 6
2454 9
2162 15
2429 30
2422 14
2468 0
2436 18
2538 1
2309 14
4951 16
2386 7
2392 17
2403 25
2729 28
2327 31
2509 4
2776 17
2446 17
2778 6
2414 4
2664 10
2466 30
2017 5
2553 31
2381 14
4636 4
2356 18
2560 4
2519 20
2316 22
2239 30
2437 4
2181 25
2283 12
2368 13
2142 31
2387 22
2318 20
2392 24
2313 15
2523 31
4863 3
2596 10
2375 13
2686 26
2446 13
2409 29
2455 12
2147 17
2493 3
2362 20
2618 29
2955 20
2604 18
2764 27
2471 20
2534 28
4840 15
2709 29
2369 0
2188 2
2364 25
2676 24
2585 9
2418 31
2486 26
2556 31
2565 26
2510 2
2506 18
2393 15
2557 16
2287 17
5992 26
2310 17
2478 3
2344 31
2463 20
2599 14
2311 21
2334 17
2426 15
2318 3
2205 15
1784 5
2365 25
2658 18
2387 23
2207 7
4624 12
2563 30
16159 30
2520 17
2567 7
2534 22
2498 2
2592 25
2447 7
2399 15
2695 18
2272 19
2235 6
2480 11
2582 18
2572 7
4831 30
2139 23
2658 25
2484 18
2246 14
2658 6
2427 17
2618 0
2443 20
2589 14
2619 4
2560 6
2322 2
2844 2
2475 0
2607 24
4922 26
2590 3
2095 8
2558 3
2208 3
2638 14
2400 11
2667 29
2529 30
2498 14
2370 25
2457 9
2571 6
2581 18
2491 19
2512 27
4963 12
2409 1
2588 23
2373 26
2468 25
2531 7
2696 4
2644 20
2695 22
2294 10
2469 20
2303 25
2552 10
2481 12
2379 7
2327 17
6358 25
2395 8
2231 26
2517 2
2444 6
2479 4
2517 11
2494 31
2483 23
2040 5
2697 2
2727 11
2347 26
2492 10
2280 11
2594 16
4886 10
2504 4
1880 5
2545 9
2314 29
2513 2
2420 2
2516 25
2478 9
2391 22
2566 11
2364 12
2463 2
2245 7
2329 28
2241 11
4951 14
2559 31
2185 29
2079 5
2556 4
2350 10
2747 30
2508 19
2645 2
2606 2
2519 14
2462 17
2487 24
2469 31
2462 6
2388 17
4763 29
2292 0
2652 16
2540 10
2546 23
2515 14
2544 18
2465 17
2817 22
2448 27
2330 13
2489 28
2318 7
2755 22
2575 6
2246 23
5421 27
2467 8
2597 11
2665 15
2335 9
2683 26
2221 27
1998 5
2587 3
2711 12
2663 9
2383 10
2216 30
2431 27
2342 26
2347 26
5170 12
2677 14
2242 14
2440 12
2601 22
2687 2
2370 23
2446 27
2588 16
2355 23
2913 30
2851 23
2568 26
2082 31
2279 8
2854 9
8716 13
2121 5
2407 30
2243 14
2675 16
2511 30
2527 14
2561 28
2347 9
2578 7
2288 21
2700 25
2670 21
2305 4
2501 17
2720 15
4723 15
2347 23
2437 13
2471 31
2286 13
2382 23
1914 5
2026 5
2592 12
2483 20
2551 8
2500 13
2625 6
2463 15
2535 3
2480 21
4726 8
2873 9
2670 3
2501 6
2609 12
2290 28
2537 18
2532 23
2243 15
2300 2
2375 18
2307 19
2609 2
2497 16
2425 24
2682 4
5027 19
2365 15
2463 10
2238 16
2453 23
2505 21
2278 21
2568 8
2465 19
2419 27
2522 4
2410 27
2379 8
2778 23
2625 1
2466 18
5043 16
2458 16
2356 16
2454 6
2633 13
2777 30
2401 28
2634 1
2570 12
2765 10
2654 14
2619 4
2737 28
2394 19
2548 6
2153 24
6745 24
2371 15
2386 13
2846 9
2275 8
2323 19
2185 28
2404 12
2647 19
2635 16
2551 20
2545 28
2689 26
2496 23
2323 25
2122 5
4864 9
2333 28
2628 19
2467 13
2632 14
2490 31
2223 3
2640 26
2545 14
2297 25
2583 23
2344 25
2459 15
2947 2
2216 21
2729 26
10279 22
2537 12
3001 1
2407 11
2525 26
2450 27
2478 4
2148 18
2256 4
2588 1
12659 4
2602 14
2454 22
2413 6
2495 22
2189 11
6173 26
2263 2
2894 9
2546 11
2052 19
2278 3
2241 19
2077 15
2221 27
2465 3
2320 9
2385 11
2286 6
2423 8
2453 9
2631 29
4888 9
2480 27
2375 27
2533 3
2282 26
2578 23
2704 25
2372 22
2068 0
2495 10
2379 14
2131 23
2461 23
2529 7
2606 18
2618 0
4837 4
2295 13
2589 18
2339 2
2748 1
2629 29
2612 11
2695 12
2540 13
2334 3
2232 16
2117 8
2644 13
2422 6
2494 9
2445 8
4709 1
2517 21
2468 27
2377 20
2557 16
2661 10
2412 26
2354 22
2339 1
2398 20
2328 12
2396 1
2392 14
2416 2
2683 0
2331 29
4594 8
2160 18
2384 18
2691 14
2629 22
2405 14
2328 19
2498 9
8866 2
2418 27
2725 3
2335 29
2289 18
2478 24
2447 15
2887 27
4576 7
1978 5
2451 18
2459 16
2196 4
2168 30
2454 17
2381 25
2440 18
2158 9
2435 26
2362 9
2453 1
2303 6
2386 7
2533 6
4762 27
2488 6
2273 29
2460 27
2719 14
2317 23
2659 26
2470 30
2677 19
2594 25
2253 24
2503 12
2270 28
2425 14
2780 23
2166 4
4992 19
2108 19
2473 14
2327 17
2185 11
2505 4
2324 4
2289 6
1804 5
2432 0
2570 27
2501 15
2501 26
2233 10
2387 31
2478 12
4693 0
2243 9
2414 4
2889 27
2109 16
1813 5
2434 6
2493 19
2398 12
2222 29
2430 28
2463 20
2414 24
2363 19
2347 25
2669 6
4655 4
2423 17
2283 15
2584 19
2533 22
2628 30
2208 9
2319 8
1906 5
2364 15
2411 13
2538 20
2488 24
2393 29
2318 1
2610 1
4540 12
2082 5
2418 14
2438 19
2578 9
2109 18
2162 18
4476 0
5818 13
5755 28
6831 26
6256 15
15994 27
2381 28
2635 17
2687 28
5626 22
2738 0
2359 10
2560 14
2528 28
1779 5
2517 26
2296 13
2534 15
2821 21
2667 30
2380 25
2754 14
2810 8
2524 12
2630 17
5095 16
2678 26
2431 6
2462 17
2753 18
2542 2
2212 10
3177 18
2601 17
2638 30
2462 26
2424 25
2720 31
2607 18
2526 1
2435 26
6787 29
2480 22
2633 19
2679 24
2523 18
2582 14
2715 31
2469 4
2503 26
2649 27
2619 2
2383 7
2523 28
1978 5
2025 5
2589 15
4895 3
2301 23
2243 28
2545 22
2419 15
2560 20
2592 0
2558 0
2458 4
2685 27
2052 5
2747 6
2636 21
2224 29
2541 6
2597 22
4958 3
2544 17
2504 28
2446 8
2843 15
2133 5
2500 3
2741 25
2508 18
2433 14
2467 24
2449 6
2396 27
2680 27
2593 6
2845 8
4850 18
2501 17
2432 0
2265 17
2864 13
2652 16
2514 10
2534 9
2478 31
2678 29
2371 30
2687 7
2493 31
2380 6
2634 21
2638 0
4874 19
2580 10
2508 13
2566 16
2705 20
2405 18
2577 15
2645 22
2499 6
2540 0
2513 8
2624 11
2568 13
2719 2
2448 11
2540 23
5298 18
2585 28
2591 25
2458 2
2778 31
2723 21
2385 25
2515 28
2729 0
2362 24
2749 15
2786 24
2372 25
2445 12
2699 26
2384 28
5064 16
2278 29
2449 25
2038 5
2463 30
2656 16
2741 21
2164 29
2424 10
2568 14
2662 21
2718 23
2633 28
2579 3
2647 24
2565 9
5120 8
2582 19
2725 30
2769 25
2433 18
2585 0
2553 31
2710 7
2461 12
2686 6
2547 10
2522 29
2348 22
2465 8
2498 26
2656 28
8806 17
2304 10
2456 14
2416 14
2474 19
2558 12
2660 13
2647 0
2701 19
2799 14
2547 18
2614 30
2482 0
2705 13
2487 11
2930 19
4534 5
2752 14
2577 14
2712 11
2419 2
2860 26
2621 21
2466 24
2450 28
2608 10
2431 29
2772 1
2536 26
2541 3
2656 8
2557 27
5176 18
2538 13
2601 31
2591 3
2240 24
2339 15
2761 2
2491 25
2867 4
2323 17
2518 14
2257 2
2523 30
2553 12
2903 24
2284 26
4841 24
2407 24
2719 2
2539 30
2685 4
2712 9
2847 1
2351 20
2416 24
2467 22
2622 19
2525 28
2648 22
2660 23
2785 11
2630 23
5271 20
2425 12
2755 21
2168 6
2397 19
2366 24
2622 28
2731 20
2485 16
2503 29
2599 22
2584 1
2542 23
2534 17
2188 5
2384 9
6776 19
2884 29
1776 5
2526 18
2470 7
2505 27
2382 1
12553 30
2585 8
2428 12
2645 29
2410 25
2497 0
2297 28
2678 22
2525 22
5014 31
2669 3
2765 0
2533 2
2712 12
2528 10
2332 26
2765 29
2712 9
2745 2
2637 22
2280 2
2549 13
2677 23
2423 7
2606 29
5057 29
2340 7
2047 5
2394 26
2441 17
2591 26
2641 8
2869 2
2428 9
2896 15
1921 5
2452 0
2699 7
2691 1
2316 29
2408 24
5419 30
2515 30
2354 30
2314 3
2706 8
2649 30
2483 21
2737 1
2464 30
2611 12
2614 22
2569 19
2431 10
2347 20
2544 6
2459 3
5072 0
2398 9
2535 6
3012 7
2823 17
2485 26
2752 16
2540 28
2649 20
2498 18
2440 21
2457 9
2741 25
2546 25
2677 10
2928 23
5202 4
2435 0
2459 18
2503 29
2594 9
2600 11
2612 31
2528 4
2433 12
2625 30
2821 26
2683 13
2394 12
2596 10
2271 24
2732 30
10890 25
2500 9
2405 30
2526 6
2726 21
2758 11
2726 0
2656 25
2358 3
2680 19
2308 27
2751 19
2623 13
2386 24
2603 30
2470 23
5049 15
2725 8
2469 12
2512 15
2765 31
2456 24
2681 17
2813 12
2556 7
2263 4
2599 29
2478 14
2483 28
2627 19
2630 21
2545 10
5403 19
3000 17
2613 7
2429 0
2491 21
2577 24
2682 7
2537 8
2698 4
2932 7
2550 16
2538 10
2405 4
2601 12
2795 24
2734 10
4847 19
2669 18
2276 12
2610 12
2595 21
2348 29
2504 12
2627 2
2653 24
2596 19
2373 15
2897 0
2591 1
2659 7
2312 7
2517 3
5200 4
2584 25
2742 31
2549 23
2321 2
2402 0
2283 18
2487 31
2637 24
2329 30
2300 30
2754 6
2435 14
2748 10
2709 1
2746 3
5012 18
2403 20
2633 16
2368 27
2466 11
2483 31
2268 5
2447 8
2970 20
2939 20
2681 11
2432 17
2738 21
2593 21
2704 1
2370 9
5579 29
2360 12
1991 5
2617 10
2679 13
2874 23
2434 14
2707 24
2135 5
2567 16
2278 29
2831 2
2669 2
2705 12
2259 12
2528 28
6448 4
2815 0
2295 4
2760 12
2575 12
2549 19
2552 1
2696 4
2651 11
2869 20
2213 21
2808 23
2240 16
2503 20
2684 6
2952 11
4912 28
2419 7
2779 25
2585 25
2657 28
2742 31
2620 10
2721 18
2425 7
2402 27
2742 30
2449 3
2572 12
2471 8
3308 3
2636 20
5972 3
2325 26
2755 21
2462 23
2801 28
2504 12
2486 18
2477 21
2648 31
2278 9
2403 2
2391 1
2998 18
2618 20
2554 20
2428 12
5013 7
2834 28
2967 28
2409 4
2749 20
2713 30
2523 1
2435 12
2348 1
2828 27
2464 16
2657 7
2477 25
2122 5
2665 27
2653 12
5040 24
2470 18
2668 28
2392 26
2596 19
2705 24
2383 23
2401 1
2444 25
2634 21
2741 20
2811 12
2554 15
2459 10
2525 6
2414 2
5034 22
2534 27
2995 1
2453 11
2487 28
2246 27
2545 0
2442 26
2367 2
3065 1
2664 0
2546 9
2366 0
2754 17
2578 26
2639 25
5150 23
2720 28
2400 11
2453 26
2532 1
2574 9
2465 4
3054 17
2394 22
1825 5
2738 23
2751 21
2816 15
2605 31
1947 5
2645 20
5327 18
3115 16
2898 1
2759 28
2793 21
2613 19
2651 12
2866 8
2516 15
2674 12
2584 8
2499 20
2543 10
2464 25
2431 7
2339 19
4773 26
2355 31
2456 2
2717 8
2452 0
2377 24
2503 1
2352 4
2606 29
2528 11
2399 26
2477 31
2333 24
2560 8
2491 24
2755 13
4988 18
2440 1
2389 19
2714 31
2394 6
2810 28
2313 16
14605 12
2464 27
2628 18
2724 19
2517 19
2501 3
2399 22
3050 31
2657 25
4968 13
2545 24
2304 2
2005 5
2754 14
2416 12
2909 23
2820 2
2882 31
2496 10
2638 9
2639 4
2469 25
2561 14
2597 9
2381 13
9533 28
2368 7
2579 24
2569 6
2584 12
2085 5
2601 9
2625 31
2884 17
2597 14
2772 14
2443 22
2565 17
2588 28
2540 19
2584 28
5280 27
2486 27
2660 9
2360 27
2545 0
2576 26
2437 23
2727 13
2111 5
2592 29
2406 20
2425 26
2862 16
2788 16
2377 13
2396 12
7081 25
2497 7
2202 21
2536 0
2412 2
2742 13
2645 13
2051 5
2458 20
2753 24
2695 1
2641 2
2726 28
2505 28
2108 5
2582 6
5103 9
2268 21
2655 12
2410 13
2826 6
2622 28
2456 7
2679 27
2801 19
2714 29
2624 6
2328 10
2571 18
2684 14
2595 19
2596 6
5202 2
2672 25
2700 19
2366 5
2674 2
2692 28
2580 29
2664 17
2374 13
2410 13
2370 9
2580 14
2551 9
2642 4
2434 25
2608 3
5058 17
2059 5
2741 7
2468 10
2781 10
2496 29
2783 2
2620 13
2412 27
2249 21
2290 17
3071 19
2499 0
2634 20
2504 18
2573 6
5116 11
2525 3
2853 28
2319 29
2473 4
2651 7
2641 0
2639 30
2720 26
2491 19
2460 4
2558 29
2477 18
2457 18
2363 29
2664 14
4997 25
2944 22
2517 0
2384 14
2326 17
2421 12
2789 27
2596 11
2463 30
2681 27
2749 21
2569 11
2364 31
2595 9
2999 30
2641 17
4646 25
2505 25
2422 7
2677 9
2590 4
2668 29
2829 22
2449 23
2745 29
2929 4
2527 13
2420 22
2500 7
3035 1
2630 24
2403 25
5213 8
2189 5
2515 12
2708 15
2735 25
2744 9
2492 19
2618 27
2456 10
2579 16
2613 24
2629 27
2644 9
2835 18
2324 10
2376 1
5245 28
2692 12
2457 8
2835 11
2802 4
2792 14
2677 14
2405 20
2826 19
2455 18
2413 16
2579 0
2327 20
2593 16
2453 17
2388 9
5147 22
2582 14
2892 12
2693 21
2638 31
2549 7
2813 16
2359 0
2493 3
2395 7
2559 18
2581 0
2481 28
2826 7
2672 23
2453 4
5210 9
2598 6
2589 19
2493 25
2683 26
2507 6
2556 8
3109 12
2456 28
2794 8
2527 9
2486 1
2514 13
2877 26
2529 20
2577 14
5186 14
2405 16
2651 25
2542 30
2546 26
2759 3
2378 13
2355 24
2866 2
2381 23
2359 15
2733 7
2371 17
2061 5
2628 31
2773 12
5186 10
2757 12
2415 14
2710 15
2553 2
2953 25
2330 5
2842 29
2576 22
2646 4
2444 11
2495 2
2741 28
2674 30
2630 22
2458 9
10607 13
2544 10
2566 24
2462 17
2579 31
2631 19
2758 30
2631 16
2791 17
2435 21
2514 14
2712 10
2249 30
2544 6
2435 11
2721 2
5237 8
2088 28
2404 31
2612 22
2636 17
2462 28
2915 12
2408 14
2473 24
2473 23
2549 13
2533 19
2427 10
2571 22
2757 4
2132 5
5076 11
2609 9
2797 6
2463 0
2595 23
2572 24
2543 21
2599 31
2601 3
2658 14
2556 0
2606 13
2788 20
2179 10
2685 6
2556 29
5393 23
2809 17
2514 0
2429 11
2693 6
2513 13
2540 26
2652 19
2849 0
2932 16
2712 25
2362 0
2678 30
2602 16
2603 4
2547 9
5049 0
2576 23
2439 0
2705 8
2540 31
2815 9
2650 12
3074 0
2433 9
2426 19
2558 11
2826 2
2738 6
2758 26
2840 29
2391 22
5016 19
15316 30
2376 11
2690 7
2736 11
2605 19
2521 27
2841 28
2634 27
2560 2
2363 6
2558 8
2477 10
2697 31
2565 14
2968 25
5391 14
2394 9
2518 26
2569 4
2803 0
2439 31
2704 2
2662 29
2671 12
2367 1
2395 24
2571 3
2393 7
2625 6
2734 13
2491 0
5208 26
2497 12
2468 26
2591 17
2654 22
2593 15
2863 21
2514 21
2711 17
2675 8
2688 11
2611 31
2642 2
2718 26
2626 12
2561 15
5081 20
2615 15
2776 9
2498 21
2559 23
2780 2
2748 1
2941 3
2746 23
3118 3
2441 1
2481 12
2462 3
2694 26
2419 26
2484 30
5063 19
2443 8
2384 30
2857 10
2715 13
2848 30
2479 30
2565 11
2604 11
2352 14
2261 6
2486 28
2548 20
2241 0
2624 30
2483 22
4955 1
2501 21
2886 21
2539 19
2329 13
2835 10
2655 15
2720 2
2671 13
2462 15
2820 15
2419 14
2699 12
2436 9
2756 19
2655 9
4905 30
2405 26
2579 2
2927 19
2510 2
2548 7
2436 20
2721 20
2889 22
2571 30
2553 2
2553 13
2917 0
2508 12
2646 21
2413 16
5341 30
2343 4
2823 26
2473 15
2223 21
2870 31
2815 29
2774 25
2702 12
2672 17
2585 27
2598 1
2529 3
2801 3
2604 12
2362 21
5157 29
2633 10
2759 9
2507 15
2710 13
2805 10
2730 13
2467 7
2552 31
2910 6
2875 6
2596 3
2650 20
2510 14
2546 16
2544 18
6533 13
2685 28
2653 20
2778 29
2688 31
2508 7
2483 9
2873 22
2598 7
2517 31
2297 1
2679 28
2327 20
2408 10
2579 30
2778 7
9576 13
2590 12
2943 19
2715 1
2300 10
2416 31
2389 0
2768 1
2599 31
2693 6
2440 26
2666 23
2443 19
2629 22
2551 0
2733 20
5377 3
2446 22
2438 8
2608 4
2766 6
2724 12
2800 9
2496 3
2631 29
2575 10
2357 17
2262 23
2625 1
2831 2
2389 13
2507 28
4891 20
3022 2
2487 6
2346 20
2985 17
2389 0
2650 26
2681 10
2644 12
2744 18
2769 6
2517 28
2463 22
2621 7
3015 7
2565 23
5208 19
2302 12
2827 19
2705 18
2492 18
2500 30
2354 11
2362 5
2657 2
2714 8
2496 22
2829 21
2372 13
2454 17
2482 0
2352 24
5067 16
2508 31
2356 8
2623 28
2639 22
2690 18
1944 5
2537 7
2663 11
2231 11
2632 14
2587 6
2514 18
2445 22
2683 16
2813 0
5821 20
2820 15
2575 20
2673 3
2676 28
2779 3
2727 29
2707 19
2589 4
2702 3
2853 20
2670 26
2399 23
2390 21
2476 10
2675 9
5349 11
2609 10
2461 7
2536 20
2739 0
2503 12
2726 17
2727 24
2762 8
2693 16
2892 17
2660 23
2277 2
2617 4
2592 21
2518 11
4988 1
2506 2
2521 31
13313 28
2459 18
2554 31
2804 12
2684 16
2641 12
2432 19
2460 23
2422 8
2523 25
2567 29
2266 23
2455 0
5301 6
2675 30
2336 21
2472 21
2611 14
2482 8
2645 18
2636 26
2466 18
2532 6
2456 11
2488 13
2503 6
2480 1
2614 11
2705 3
5196 30
2672 10
2671 17
2392 4
2256 22
2467 31
2439 10
2580 16
2929 15
2562 21
2563 13
2829 30
2620 16
2648 31
2622 7
2608 1
5050 28
2759 26
3062 17
2585 4
2594 17
2600 0
2865 21
2499 21
2447 15
2845 18
2474 0
2307 3
2370 9
2514 21
2669 15
2656 4
5045 26
2794 14
2495 21
2639 22
2356 29
2612 16
2768 19
2389 19
2713 12
2453 29
7819 7
2725 31
2636 25
2411 11
2406 10
2571 25
6821 30
2454 10
2480 19
2529 1
2569 19
2594 0
2658 31
2719 21
2462 26
2400 1
2296 19
2236 23
2221 21
2463 29
2260 26
2749 12
6586 17
2494 13
3000 26
3280 7
2911 5
3201 17
3863 13
3608 13
3948 13
3222 13
2728 10
3607 5
2665 18
2880 9
2740 18
2614 14
2056 5
2630 6
5572 19
2360 21
2541 26
2786 29
2369 28
2657 31
2015 5
2686 0
2931 14
2562 12
2867 2
2323 3
2487 25
2523 21
2347 11
2541 31
4915 3
2647 9
2739 9
2540 7
2455 13
2449 18
2609 9
2574 25
2869 21
2590 23
2848 10
2192 24
2637 14
2566 6
2565 6
2785 20
4739 30
2394 9
3036 17
2561 3
2474 17
2753 11
2826 9
2408 1
2336 7
2371 13
2453 25
2789 27
2525 18
2359 1
2722 17
2484 26
5061 10
2265 15
2573 13
1819 5
2492 2
2500 18
2105 5
3196 31
2498 10
2551 1
2364 1
2500 29
2746 25
2583 16
2756 13
2624 3
11532 21
2921 0
2398 31
2324 22
2705 4
2710 22
2588 8
2779 28
2406 24
2844 4
2301 13
2659 10
2591 8
2739 12
2321 17
2432 2
5133 12
2517 0
2401 26
2453 26
2658 25
2349 8
2627 12
2823 17
2302 8
2400 11
2317 26
2509 25
2493 29
2268 20
2571 12
2361 6
5047 7
2317 7
2313 17
2448 3
2760 6
2715 28
2980 14
2489 10
2613 24
2597 29
2275 17
2343 28
2429 30
3266 10
3920 13
3439 0
7381 5
2670 13
2851 29
2662 22
2339 4
2599 13
2434 24
2471 0
2927 29
2537 14
3273 31
2746 7
2434 8
2692 9
2627 25
2504 16
2495 6
2559 7
5038 1
2803 20
2390 30
2720 8
2240 21
2433 4
2443 4
2863 18
2624 11
2515 29
2542 18
2759 25
2666 26
2575 17
2389 22
2430 18
4991 4
2918 31
2362 17
2298 8
2380 6
2545 2
2613 9
2247 22
3496 24
3188 2
3820 7
3185 5
3745 15
2917 22
2847 0
2195 28
2223 20
5189 6
2377 14
3172 0
3630 19
3757 22
3957 21
3656 2
3255 7
2783 14
2327 29
2422 9
2798 1
3459 22
3917 29
4351 2
2533 5
3709 7
3851 3
2424 12
3038 17
9251 31
3383 5
3227 6
3957 26
2922 0
3430 25
2217 7
2847 10
3699 0
4205 24
3566 26
3334 18
2760 31
2550 28
2769 3
3698 16
3636 28
4883 3
3277 19
2467 24
6845 29
3902 15
4223 4
3362 30
2555 4
2466 1
2834 1
2276 20
2604 23
2189 21
4110 31
3500 15
3243 29
3987 4
2571 20
2316 22
2468 16
2761 30
2908 30
2784 6
5262 28
2748 17
2733 26
2333 20
2748 22
2380 28
2955 1
4074 24
3836 27
3270 23
5992 2
2646 10
2486 8
2857 11
2510 6
2696 16
2499 26
5179 30
2809 19
2336 5
2716 26
2751 25
2656 1
2987 16
3080 14
2153 5
2859 3
2908 27
2737 22
2448 3
2534 2
2516 23
2402 20
9103 28
2878 3
2314 0
2689 25
2498 14
2735 15
2407 12
2233 27
2741 20
2506 17
2552 18
2861 4
2290 9
2949 6
3241 17
2755 17
4961 10
2705 8
2925 15
3220 4
2508 7
2842 22
2300 27
2626 31
2475 5
2697 6
2664 13
2387 23
2770 27
2809 12
2549 20
2796 29
15540 7
2866 18
2439 11
2566 24
2691 13
2257 1
3164 30
2563 14
2694 19
2746 15
2542 19
2605 24
2443 18
2937 14
2899 6
2496 13
5149 15
2845 24
2618 12
2781 17
2549 3
2450 28
2701 20
2951 20
2444 15
2641 27
3067 29
2655 0
2116 5
2890 3
2318 4
2445 24
5452 11
2991 8
2915 21
2745 28
2460 21
2655 12
2325 6
2512 22
2841 22
2545 21
2624 18
2614 2
1987 3
3211 2
2430 4
3228 5
6098 15
2844 26
2475 9
2971 26
1894 5
2777 30
2745 6
2402 6
3293 12
2341 19
2548 11
2653 30
2863 2
2454 20
2548 0
2814 15
5313 11
2981 16
2932 20
2559 6
2674 23
2318 12
2353 3
2832 4
2664 28
2716 27
2646 7
2597 13
2945 0
2411 4
2501 3
2373 20
5360 23
2840 9
2863 19
2569 29
2491 19
2655 24
2753 30
2752 10
2803 25
2860 0
2492 20
2471 26
2906 30
2197 13
2630 22
3020 19
5071 21
2671 31
2512 15
2331 3
2443 3
2656 20
2368 9
2811 12
2742 18
2679 7
2624 0
3417 2
2564 6
2534 1
2437 0
2990 24
4769 5
2805 24
2657 8
2402 2
2693 31
2717 9
2262 25
2600 9
2518 20
2786 2
2389 0
2620 28
2765 28
2825 24
2469 6
2708 20
6615 17
2553 12
2671 29
2719 24
2578 7
2694 13
2493 3
2425 27
2856 13
2694 21
2628 6
2471 20
2581 20
2888 28
2475 14
2875 15
5225 15
2640 4
3074 22
2800 20
2660 20
2598 31
2661 24
2566 17
2350 30
2709 2
2348 11
2824 9
2440 2
2661 0
3068 28
2311 2
5078 12
2434 18
2937 25
2335 29
