75590 8
64719 11
690803 4
9968574 9
64439 10
19909888 5
87958680 2
102018824 4
20000657 5
39985533 1
86989 6
7964933 11
59956241 5
25230 0
11977275 11
60022229 7
28600 0
19962777 10
17979566 1
102000765 10
19005816 9
46640 7
46789 5
934821 2
290387 4
35570 1
23270 0
19625890 9
27600 0
20074076 8
20054956 6
49834408 11
270058 7
44139 7
39842325 10
29858092 8
60001350 11
19993936 10
24650 0
23400 0
19955807 11
19988827 2
259987927 2
40010233 3
100025383 10
129976064 1
24410 0
20055426 9
126048 9
61730 7
61569 9
19773989 4
66630 6
26650 0
45910 4
62179 10
58710 6
9638897 2
59986071 1
19210 2
79994427 4
80075975 3
49968986 10
36939 1
19932997 7
26480 0
39960234 9
118986990 1
24720 0
70978574 1
70067353 4
19947378 3
40003263 5
189973604 2
40018683 11
33200 2
34370 3
38928983 6
58310 5
121082990 1
27279 0
19838838 6
19996017 10
68280 5
69519 8
39851915 2
160007533 8
20024966 3
60989 10
58898720 2
1087219 10
61639 10
23140 0
63079 7
65740 4
72581779 11
62689 5
16954296 4
53280 5
100921134 2
27223228 8
11869686 1
19915387 7
120014740 6
80000747 6
39984444 2
162208 3
19851238 7
38990514 5
21004526 9
19996106 10
179996211 8
70192322 10
26410 0
69791385 9
20988367 11
29217147 7
109868668 2
65959 5
72250 9
68189 9
69680 5
80909 5
19581400 7
148878 1
62689 5
17768168 11
2064120 5
59933521 7
35979 1
19973927 7
65760 8
80921747 5
49155085 9
49856029 7
60981171 2
61179 8
9135772 6
123939 6
79696570 9
30780 0
19966298 5
20006126 2
79994567 3
98639 1
67030 6
26510 0
40650 1
67499 6
17699109 10
42990835 4
8058392 5
31067990 1
18878708 5
101006814 10
19996297 2
59993901 8
37992163 3
61030 11
11950915 3
102779 8
8912363 1
89286157 2
101718517 11
139970177 9
50010176 9
19997477 6
20037696 10
66839 11
60006210 7
25829 0
19865138 1
9041552 9
47360 4
101906736 6
38998903 6
77069 6
9961714 4
19976327 7
59992270 9
64849 5
19932827 6
40095883 10
19955137 9
19953437 2
69920 5
79918517 2
69970 5
66739 5
165398 10
89580304 1
120013571 1
9037122 11
30940141 3
42850 1
99971503 4
18991157 11
61369 11
61220 9
240870302 1
148168 1
119861482 7
25600 0
8986623 2
10990264 11
25210 0
35060 3
28480 0
19926727 8
35600 3
79937397 7
58002020 7
51993008 1
39995454 3
163268 9
116929 9
33370 1
10700377 6
99112292 10
8931204 9
28946850 2
61309 5
62110 5
11899815 6
20987097 10
9078562 7
123899 7
33260 3
67759935 6
29280 0
154008 4
21930828 5
37160 3
19906897 7
59954400 6
150368 8
89837631 6
134739 4
19871128 6
71019 8
69944574 5
45260 4
60069 9
57866571 5
2080460 11
19930877 5
1092890 6
24549 0
18879197 4
150006990 11
80009237 6
118699 4
129876584 2
19984647 2
40880 0
19970217 2
64019 6
40840 3
19891968 2
89997220 2
40122612 9
39984424 5
19892667 4
40058523 5
28240 0
64509 5
63480 5
39793145 1
19990267 6
85169 3
63360 4
39848705 8
20006457 11
19981347 3
60013790 4
9041732 10
30952111 7
28017999 3
2079389 4
62509 6
29862361 9
27220 0
23070 0
32099 3
23850 0
39827855 9
112799 9
61099 9
60380 9
79658181 7
20010976 5
20007127 6
36300 3
9044373 6
9906224 10
1056990 7
48982597 5
50955417 1
20014737 9
70109 11
59479 11
21097837 7
28766512 5
20006396 11
49982717 3
19997707 2
8053442 8
31965761 11
19991197 7
9037613 11
60943500 1
40019644 6
70992374 10
60119 4
28989250 6
49957967 10
20003367 9
19985037 1
138148 11
99879005 10
19986967 3
140994167 2
26350 0
38977903 1
29950 0
20971667 10
7072872 4
11934765 1
20000167 4
20003767 7
20010567 6
76050 9
29012869 4
25620 0
60599 11
62540 4
31741523 5
33900 1
18967376 5
19994227 9
94399 7
19923808 5
147958 6
877072 8
19032426 1
39941724 4
33210 3
19949177 4
66559 9
61679 9
26100 0
39946264 8
40023203 3
19896118 5
83429 1
139904968 6
40208031 2
59787282 9
20112626 4
59873852 1
60059529 7
52299 2
60479 11
59837981 8
95369 3
49202744 5
30692733 2
70004473 8
24120 0
103839 5
60114919 7
39771045 9
107429 8
61030 8
158824545 4
21009027 7
66709 10
27800 0
39901644 7
80001087 10
34020 2
39831345 7
87999 3
62440 11
63749 6
63079 10
18903357 1
26559 0
57773011 4
26540 0
60967381 6
63199 11
2014691 8
19933197 6
100018813 9
39990054 10
20030206 8
66269 4
62660 10
61679 6
20762380 7
119075419 4
107009 8
38379 3
38630 1
247317 4
25340 0
81466093 7
28162738 10
18840968 7
60009 6
58900 4
58150 4
943221 5
35059 2
61239 7
35400 2
19779809 4
81550 1
26739 0
7904933 11
31963911 4
149990500 1
9022283 1
150989211 8
1033800 6
58959710 2
8012733 2
24119 0
61339 6
91910902 10
8033592 4
62649 5
61894182 7
62320 5
26760 0
24750 0
27910 0
19847738 1
39369 3
70440 5
34320 2
32460 3
79813959 1
32450 1
54339 3
59924021 10
27000 0
19990897 8
30982701 8
58042119 8
35259 3
10928954 5
35740 3
112978 4
25309 0
9870885 5
18938007 3
33900 3
63119 8
10912094 5
20016556 6
25050 0
20078126 8
76219 10
19817988 6
25860 0
60300 5
60480 8
20038506 4
61220 7
24880 0
59869 4
8846784 11
66010 4
26029 0
59539 4
22530 0
30621504 1
34450 1
32359 3
35340 1
89823642 10
69983893 7
9018713 2
49980837 8
1059950 3
79932587 2
20067706 11
70899 9
25300 0
63570 7
35210 3
32970 1
59079 7
58139 7
139598021 8
69059 5
2100410 2
17814568 1
34139 3
19980067 10
76959 5
59990 3
63789 5
62890 5
25619 0
19708919 6
18984126 1
81036127 7
19976707 3
70058313 7
20071516 9
67800 8
62769 6
84299 10
38646667 3
3074390 10
59919 6
17985716 7
71490 9
121410 7
709044 3
58539 11
19941977 1
63770 7
23649 0
18944297 10
1027430 7
33130 3
22250 0
28870171 5
18999426 7
1028930 2
10110713 4
23860 0
19856898 1
23240 0
63240 11
89884741 3
25600 0
19971197 1
79016286 8
150998431 9
59991000 1
172568 6
39827995 3
69940 6
64740 6
34379 3
27909 0
60100 6
59807782 10
66060 8
61079 4
25160 0
60430 8
58910 10
7685106 2
60329 6
963291 11
60699 6
40906445 5
19980637 3
37129 2
124128 11
58844722 7
81004788 3
80002326 7
71340 8
69390 9
19735689 4
39140 3
19961337 9
24230 0
189960215 6
32280 0
49957577 3
10056183 7
20001397 4
9006753 11
58789 3
65040 5
10880594 7
60869 6
57619 6
41812356 1
17999746 3
28850 0
129985004 3
65399 7
9999034 4
138558 8
60189 5
61349 5
10672387 7
299025220 4
60939 9
58139 11
48859 11
59190 8
28529 0
23540 0
90827522 10
228858648 3
59002090 4
1060080 9
1027570 1
18926617 4
39994194 3
19986957 2
80019977 1
79996887 7
10050592 7
59990840 10
208947260 6
12119403 4
39874065 1
62089 9
9004133 5
70008644 10
39931203 3
175698 10
62519 10
62200 11
30619 0
63810 9
61009 7
11537999 3
8058342 9
61979 11
19898958 5
20048386 9
62079 10
59870272 2
28789 0
142669 9
59835802 3
68429 11
19999977 5
59942281 9
115590 9
67920 9
63109 9
25240 0
18712569 3
25440 0
41053653 8
119950071 6
309984644 10
20004266 6
20008007 4
19997897 8
30981311 9
37010 3
58469 9
57619 9
60309 5
58770 8
59419 8
33760 3
26399 0
57989 5
28550074 1
110050947 4
19803579 11
68150 7
19920047 10
20007457 5
20013787 4
28289 0
89989140 4
19976578 11
10007864 3
61289 4
50912128 6
57008159 5
69339 5
59700 11
21914848 6
169959157 8
19101306 7
913731 3
69639 5
37260 3
19857148 2
40013753 5
19997337 2
27630 0
199108 8
19770269 3
8047132 6
11951345 1
1108980 7
119885431 1
9075922 4
71250 7
23410 0
31459 1
59813072 6
60679 5
109931217 10
25820 0
59974450 1
20015057 4
39999224 11
18991617 5
57729 6
20940118 11
66100 7
19942217 11
20988617 6
19008897 7
9011393 2
10090053 9
34960 2
228847468 1
32018800 9
24940 0
40019234 6
49899 1
139892898 9
1144429 1
31580 1
18842508 6
59982271 4
36129 3
70550 9
19897157 5
9019003 2
11053093 3
9970474 5
37760 1
31600 1
30710 3
33580 3
33609 3
24050 0
60620 4
57729 10
80646410 6
26990090 2
62789 8
31935831 2
20017327 10
39992493 1
10990784 2
40010693 5
33850 1
2981141 2
15983666 10
125388 3
9948184 10
61930 6
9865055 4
62199 4
19938727 7
120007540 7
30049220 7
70909 6
26520 0
62159 4
60180 6
49646600 5
67559 8
34960 3
99862865 6
26999 0
88036249 1
60270 9
204978 1
33210 1
699413 6
58599 9
32200 1
29270 0
11802426 11
59369 7
18938347 6
77739 1
59570 8
59409 10
7828864 3
12991744 6
29330 0
168963517 11
72699 4
138919 7
59786383 6
19998536 11
68980 7
30925281 11
24990 0
68973603 11
27090 0
34980 2
60730 9
59479 5
159834756 10
63460 4
65129 4
39846435 2
40022793 8
69121022 3
71040 4
107690 10
34160 2
34180 3
90619154 8
188128 3
36070 1
63259 5
33340 1
19810679 4
7884683 3
11993084 8
20006547 11
19973867 2
20061696 5
68409 5
59920 5
19845788 1
39979993 9
64300 7
29930951 6
247097 10
59749233 1
20007527 11
10109533 5
19887328 7
50044637 4
119944741 3
20014037 8
105639 11
79875568 3
66779 6
111043676 4
62030 7
60609 4
27070 0
57769 4
18713369 11
1119030 8
39864554 11
63980 8
59249 5
60909 5
39803146 1
39005013 7
63969 6
23750 0
18909517 3
1106980 4
10948934 10
9030662 4
28510 0
62559 7
60070 4
19635740 10
74789 5
58429 11
59950 8
60600 4
61910 5
32519 2
60059 8
28370 0
57949 4
8543558 6
11961385 10
9008923 3
74189 10
60150 11
59490 10
23340 0
33570 3
25300 0
23960 0
33100 2
69648717 1
40005544 5
40114352 4
35800 2
32039 2
859662 11
24890 0
28931940 8
40010844 4
155139 7
38833685 8
60249 6
62469 9
926322 4
23870 0
8971514 9
31118349 11
9887704 8
19952538 7
9041652 7
110945448 1
78999 7
18936747 10
1075750 11
19948708 7
60049939 10
67849 5
70089 11
19783529 4
36580 1
89970241 11
81659 7
19930448 10
178048 5
99859815 4
39954894 8
39030 3
70510 4
7890954 1
172973228 2
19111296 10
69229 6
59930 10
59760063 1
21053306 10
64700 7
66964453 11
13008314 2
48926907 8
109978567 1
19018816 4
24610 0
62569 4
120904922 3
140001517 1
86249 5
72349 7
102049 4
63430 4
33859 1
24960 0
59170 5
60609 4
28547644 9
68109 7
60760 7
31599 1
10787225 2
34640 1
71669 4
60210 7
