118658 7
97519 7
96958 3
105519 3
111018 5
108768 4
107178 9
99249 10
112038 1
113178 2
117168 5
100829 3
103178 6
107318 2
103739 7
108928 11
104348 11
154648 6
100418 9
120419 7
98219 1
107548 11
101119 9
102959 4
98548 2
108819 9
100148 2
101368 7
94199 9
116618 3
95388 7
110188 3
95358 1
106659 2
104059 3
111088 10
108398 8
107978 2
123968 7
94378 10
96279 2
78858 8
94979 2
90209 4
86019 10
98239 5
81089 5
88369 3
103348 7
125898 6
74589 0
88018 1
108668 3
144388 2
181407 8
133718 9
120458 5
118069 10
110298 0
113628 10
115068 2
123818 11
115548 2
106999 5
118008 3
118998 4
110408 9
101208 8
121288 11
102219 3
100738 10
114799 3
105909 7
123688 8
116658 0
112928 0
118448 5
118168 2
115398 3
108129 3
119068 7
102118 3
122288 1
117998 0
124427 1
94098 5
105208 3
111348 2
107639 6
107688 11
113158 6
106508 6
130868 7
87038 4
81369 3
81269 7
78828 8
67429 0
88339 5
66559 6
113218 3
123288 4
106209 10
130287 6
106248 7
140017 11
97588 0
100479 0
142267 9
113558 6
119448 8
118198 9
104788 5
122818 1
107658 9
118438 3
98829 1
199567 9
123438 11
122508 10
110398 0
124668 9
107538 6
109718 7
109059 10
118278 4
99129 1
108938 5
106088 4
113458 8
111038 9
108208 10
104878 2
112478 9
122028 4
108998 2
96228 4
95349 4
76708 8
71509 6
84849 7
100618 3
122528 9
109408 5
89548 0
77799 2
62359 4
70729 11
70939 3
60099 5
101118 2
94499 6
122118 11
117118 4
112038 5
95309 2
118258 9
102858 10
125998 8
101368 0
113988 6
119198 5
118878 10
103959 7
109698 4
113028 11
105678 5
110419 1
102188 0
109648 6
105378 6
121409 8
99348 5
106618 2
101679 7
108028 0
102079 9
109699 7
102998 5
98419 2
101139 5
123708 4
98958 4
111129 0
95818 6
105078 10
103018 10
100518 3
80039 5
93688 3
128609 6
111079 2
105998 4
108008 10
86369 8
88859 8
94039 2
93769 3
97709 2
93049 11
68629 2
64190 0
90408 9
93259 6
94518 9
86939 7
104988 1
109948 7
125518 5
106139 8
102058 6
106268 7
108509 4
115668 11
105548 4
105589 4
111599 4
120558 6
103628 4
114128 10
105619 0
108558 3
110578 5
105518 4
105478 10
106458 6
119978 2
98479 1
105288 7
109778 3
112318 2
103049 3
108088 7
105809 5
110678 4
118548 6
107418 5
109648 11
111038 7
102258 5
107608 6
106009 9
114678 2
108548 1
121658 5
102229 10
82779 5
80199 2
77129 10
75899 1
54799 9
59409 5
94829 7
114699 10
97788 11
117438 11
107138 10
124098 5
99988 2
115078 9
99268 7
115679 3
182647 1
146747 3
164968 2
117118 10
90088 7
104918 8
84839 6
113568 5
111328 10
104528 2
110689 3
118198 0
117549 1
115028 9
99998 0
108828 4
99639 6
115308 9
99399 4
112189 6
101528 11
115658 8
98409 2
111678 2
103759 7
114729 7
112878 4
92208 4
78679 10
87209 10
117818 4
117568 2
108778 2
110239 8
110839 7
104138 8
114278 3
69809 0
63279 8
70508 11
92128 1
101398 8
108909 1
120358 2
115258 9
102908 8
111669 10
108329 0
112428 1
97769 8
121258 7
106309 2
127728 5
95778 5
103669 2
97568 2
112109 11
110838 0
118988 5
97648 3
114508 3
98598 5
121758 10
103128 0
120668 11
103479 4
263486 6
105609 9
107008 6
119068 4
109888 2
89139 3
88099 9
85238 6
76799 6
84849 9
262936 7
129409 7
128878 3
106058 7
97368 5
87179 0
91349 10
103218 3
111498 7
104328 5
114329 11
160497 6
109518 4
98478 1
100808 5
112528 7
129708 2
121148 1
103168 7
119928 5
112648 4
110288 5
109998 2
105308 2
104839 8
113698 9
115908 3
103238 6
106589 9
112718 8
107888 8
107919 3
113599 6
106998 10
106878 3
119599 5
99998 11
107608 11
109728 3
108789 8
105078 5
105978 7
106319 2
110838 3
121248 2
101038 10
108239 8
99518 0
111558 8
106248 3
112579 8
102468 8
112668 11
117008 9
111978 9
106928 4
114498 7
110818 0
113059 6
84818 5
38430 9
34169 4
81388 6
92889 2
105998 2
114598 10
110428 8
109419 3
109778 7
111118 8
106269 6
117458 7
104008 0
107078 9
110459 5
102168 0
113108 9
106239 4
108968 9
107188 4
131028 11
107578 6
110039 8
108029 1
113358 11
109838 9
112078 7
105909 9
109998 8
166628 2
109608 2
109168 3
112398 9
110618 11
112079 10
103698 0
112608 0
119678 3
105479 4
107948 5
105008 9
102979 3
113848 3
105448 9
109568 2
106638 11
107908 6
114828 8
110629 9
83508 4
76779 0
88868 10
43989 2
40499 0
41170 6
40270 6
40799 11
51329 1
39799 10
41089 9
40280 8
40199 5
38439 10
38610 8
41559 11
37429 9
40639 7
40939 3
42050 9
41609 5
41229 4
41500 6
39449 9
38209 9
41910 11
40209 0
41369 7
37860 2
40149 2
40619 10
39600 4
49829 6
36340 5
39260 1
40489 7
42359 9
40659 3
42269 11
40410 3
41200 1
39699 1
39230 11
38120 8
36969 8
33089 10
35219 11
30490 6
31499 3
33630 6
27839 10
27180 0
27169 5
