7600 9
10000 12
11249 0
531 3
8560 10
10700 8
3900 1
1918616 15
6070 4
5370 0
3820 6
5369 1
19580 7
4290 11
4230 10
6470 14
8610 4
3390 11
7850 8
5370 6
6120 9
10870 13
4480 1
3310 2
43160 8
3820 15
7471 0
9289 9
5019 10
6350 15
5500 2
7040 8
11300 0
4320 15
2880 15
3080 11
7030 5
380 3
4800 4
6080 14
24950 10
9360 8
6680 14
4380 0
6000 6
75849 13
5820 9
7510 14
74909 13
9410 5
13090 0
9795705 15
8610 4
6470 12
9570 10
7290 5
6090 5
9450 8
430 3
4760 10
3370 6
10920 13
3870 10
70759 14
560 3
21000 9
10020 13
5980 7
3960 11
6420 1
5430 13
4330 10
3230 11
4140 15
3709 5
3269 15
2909 11
3751 12
76660 10
16810 9
79709 5
3970 6
3860 0
8280 2
4990 4
5020 11
91499 13
41360 7
7270 6
8280 5
5510 10
6710 13
11880 9
15789 14
109990 14
6660 4
5680 2
8909 10
6340 15
9749 8
6000 7
5420 2
4120 2
4130 12
5660 5
4460 15
4840 9
12400 12
8180 5
410 3
10680 12
5390 5
5190 13
7110 12
9470 13
4540 1
3670 15
4350 12
3470 15
8840 7
4360 15
4651 8
4700 15
4331 8
4359 9
5950 8
4400 1
5520 8
4620 9
3980 10
19650 10
6020 8
5920 12
4170 9
6810 13
4010 6
10060 14
4090 1
5320 4
9340 10
5200 5
7320 14
7849 12
8180 12
1151231 11
7860 7
10280 12
7059 4
6600 5
58970 2
15840 14
6280 6
6030 7
7550 14
5100 4
5810 7
7521133 15
7269 6
5010 6
6570 2
8680 15
11190 12
4870 8
3740 4
6240 8
10780 8
6110 6
24530 12
3500 14
9729 5
3820 4
309 3
300 3
6151 2
5440 7
5769 1
3780 12
329 3
7800 0
9869675 11
360 3
7020 12
8840 10
9947794 15
4790 8
420 3
9920 10
6860 10
15850 2
4720 0
4131 1
15159 14
5910 8
6940 8
4320 0
6010 7
8640 9
330 3
3730 15
420 3
7920 13
3460 5
6300 7
660 3
4770 15
4480 5
10530 7
6877238 11
5910 4
10003683 15
14570 8
4090 7
5570 13
49680 14
6229 14
8907903 11
5679 15
13840 10
5151 7
1023063 14
8189 8
3771 11
10491 9
380 3
3500 6
5749 15
3935410 1
420 3
9200 2
6490 7
6730 5
6790 12
9230 6
4410 1
35950 4
4860 5
4680 13
30980 7
10310 2
5900 13
5920 2
10760 0
9610 9
9560 10
5700 12
4620 0
7990 8
58900 4
10419 13
710 3
6900 1
15310 9
6700 12
4690 1
6480 8
950 3
8766853 15
7690 1
730 3
6760 10
6200 15
4250 11
8329 1
4511 5
6309 7
11140 5
3589 15
4710 1
5880 7
520 3
5650 14
12710 9
5900 6
6610 13
6450 13
19240 13
660 3
67759 1
4430 12
4490 7
10590 0
430 3
5110 15
510 3
41290 9
14160 2
13860 4
9460 0
4880 5
5940 9
18729 7
2850 2
440 3
4250 5
4760 10
5430 4
6060 6
4560 2
840 3
3940 15
1002463 8
44299 4
7290 7
6740 10
7890 1
7923910 11
5800 2
7380 12
51419 10
12210 5
4920 1
4970 12
8810 0
4510 11
5340 13
3500 15
4130 2
3530 7
380 3
5500 9
4570 10
2940 11
4270 14
4390 6
4629 0
3831 2
4020 4
5160 11
10959 14
6130 13
4590 8
9830 8
3150 4
5390 15
340 3
2980 15
3310 2
3980 8
4480 5
7240 10
4300 7
3430 14
3570 2
3910 14
5720 7
5550 5
3390 4
3990 10
2790 11
4060 15
710 3
5690 4
4500 5
4750 8
4810 10
3150 2
440 3
4110 14
4180 6
4900 7
7689 7
6531 10
5709 4
4000 12
3599 14
410 3
4240 0
400 3
4330 5
5010 13
3210 2
4320 6
5030 6
4300 14
3050 15
8790 9
3470 12
7000 5
9220 8
3680 12
3990 7
3110 6
17190 9
3940 2
4210 1
9459 10
11940 6
4609 6
3411 14
4560 13
3790 7
3650 5
5490 10
3610 11
5100 13
3950 10
3530 0
3820 14
3750 6
8750 4
75179 6
14150 7
21670 1
10510 15
15140 5
11400 10
7920 14
700 3
11800 6
7009 12
15540 4
10819 9
7850 10
8770 13
430 3
12120 6
8270 12
75409 8
9480 1
10869 0
12550 5
8840 15
24600 5
6030 13
12740 0
10040 7
11690 8
10720 14
9040 1
7220 10
7580 13
1440 3
7240 11
37560 4
14190 12
20790 5
17900 5
10790 2
9469 8
8340 0
7900 10
7430 14
16450 5
15450 9
10710 5
2550 3
15770 1
6100 12
113629 7
11440 12
7330 10
6635389 11
13240 13
12070 0
6540 12
6350 11
4070 13
4410 13
6250 13
6560 5
4259 14
4640 11
4611 1
4689 7
7980 13
6159 5
600 3
5200 10
4560 5
3500 7
4970 4
4500 7
7190 8
4880 10
14270 4
5640 12
5680 9
19849129 15
8997422 7
8410 4
4990 10
4640 7
4460 15
3100 15
7151 14
4580 15
4049 15
6351 2
6409 0
6239 6
3070 2
3500 1
4980 5
670 3
4919213 4
4530 0
4660 2
6007734 15
4160 10
12880 5
