151569 13
107410 6
103209 5
99129 3
122009 5
105460 9
103439 15
102259 2
108549 7
98019 5
100230 6
102030 15
108259 14
113479 8
109159 7
102289 12
102460 15
96209 8
105279 14
98889 5
93179 3
92860 8
99049 6
107629 12
99979 9
97169 2
97929 11
98619 13
104040 12
97340 14
100569 5
118479 11
164519 10
164098 9
153059 7
179929 11
170189 7
188198 6
266618 7
274848 12
258308 3
212918 11
171129 2
154919 12
179919 3
214618 14
200699 10
154279 9
189649 14
245278 8
241908 3
251798 1
193409 2
210578 2
252088 5
279998 5
299548 1
312447 1
244498 6
316307 3
308338 12
250588 7
273668 11
302237 3
266818 5
300907 0
236358 7
217478 2
212808 15
211389 13
190238 4
226478 15
299058 2
304938 7
324167 13
235728 1
214339 12
228838 10
263478 9
246078 6
213529 9
324467 8
296138 1
312547 13
217419 15
270258 1
272118 9
287438 12
323768 5
338537 7
273978 5
241848 11
240518 1
256109 4
304587 3
287318 10
362917 7
213219 4
225768 9
236668 10
194129 7
184188 11
220609 7
199348 9
203018 2
240338 15
281477 15
284337 12
273568 9
243548 2
242898 10
201229 14
207059 15
259218 11
290207 2
199539 4
233248 5
291598 4
311357 4
287608 5
230398 2
256878 0
263569 13
225469 11
276708 12
318917 14
301498 4
274148 9
239688 4
260258 5
233618 10
253378 3
274938 0
304168 15
290948 11
238808 6
228988 4
308737 11
220359 8
204688 13
206458 12
245988 13
199678 12
271787 2
286958 13
290748 12
338667 1
332108 5
256228 13
207678 15
205139 4
260448 15
255638 14
196298 8
215099 13
268527 3
273209 13
262358 6
265878 5
263158 10
247998 8
298818 4
297288 15
304438 7
280007 6
241138 0
229908 11
271768 0
296748 13
265458 4
267138 1
302617 7
224628 0
217748 15
231158 9
222029 15
231669 15
198478 8
282848 4
265928 12
278308 3
202838 12
186829 14
189518 7
242859 6
206518 13
179678 4
233068 1
240248 1
315638 9
200078 4
210989 5
234029 0
240298 10
263378 6
295687 1
276038 5
233059 7
218388 7
239518 6
252398 11
268388 2
267958 10
238478 0
255419 14
209929 8
190158 8
186859 0
203238 10
199559 4
222608 13
198418 14
264907 8
268498 9
277867 0
186029 9
198809 3
195858 11
236258 8
286048 12
229678 2
274348 2
304508 14
287718 2
231478 7
284868 10
247018 0
260698 5
289127 14
324717 10
288848 14
261618 12
242248 11
219238 8
271398 7
331948 6
263848 13
289768 0
275367 10
233188 12
218238 3
262888 11
210408 1
213349 6
222978 1
281788 10
283738 14
266998 8
206178 14
226219 11
217769 2
286348 12
199279 5
273538 10
268838 0
275018 2
263998 6
308327 10
263689 10
215178 3
291797 7
303137 5
274618 15
261208 11
275358 9
234778 8
255728 4
274978 6
266938 14
246928 13
243908 13
247738 13
245009 8
200818 15
177619 9
226048 10
203309 10
209719 5
200858 8
258918 6
294558 1
273818 4
178749 12
201498 4
219948 0
232329 11
196829 12
222469 6
254318 2
271847 2
280767 3
192599 8
233718 6
232228 9
257588 9
302628 10
308578 13
258618 13
302387 4
241999 3
255578 7
282978 7
281578 13
283588 2
276038 3
286348 14
221288 11
205499 2
202509 14
247358 6
217349 1
202119 15
285228 4
277338 3
273578 13
256078 6
192359 1
213628 15
235808 2
255208 12
208518 5
238638 8
272148 3
269838 1
285168 4
254348 10
286148 13
306857 2
294117 11
307968 8
271908 0
242468 7
250038 3
278878 7
257158 7
262858 8
321158 13
259698 1
245249 11
218248 15
198958 5
186728 12
199348 1
201998 2
205849 6
263209 6
262227 8
280997 2
229459 11
180969 5
223309 9
208979 15
245778 11
191679 3
211879 7
237588 15
260468 12
253978 10
265668 10
219978 4
241569 4
230778 4
304817 0
278249 1
244358 8
227959 12
226188 8
218258 14
256299 6
269027 8
246278 10
227208 5
233898 9
222838 14
213709 14
208739 6
197269 4
187588 5
184069 2
209238 6
318168 2
267698 13
253098 4
187808 5
217859 14
221528 10
263428 3
208118 10
235898 1
312947 8
297188 11
251418 13
261058 11
264168 4
239758 3
285288 8
319658 0
290868 10
237568 10
277557 9
242678 10
254338 14
268649 14
279548 1
256799 5
304907 3
225248 15
229389 4
211108 14
239748 7
209659 11
223028 13
260938 15
274498 13
282978 10
270288 5
195838 9
233648 6
244108 13
288568 6
215048 11
257887 14
264427 0
273998 9
195709 1
249038 7
234988 5
240799 7
281278 8
269598 5
282398 9
246398 12
218459 5
214298 4
228358 12
280168 9
312598 13
263628 4
259488 13
227168 13
193199 7
193668 5
206148 13
192549 9
210058 11
217969 11
246208 6
266698 6
260308 0
174358 3
192718 11
216698 8
259878 11
190989 14
217618 5
248378 1
251288 7
281978 10
209489 10
235548 13
218578 2
257138 11
292208 5
344627 9
315378 11
264168 9
288198 4
270818 6
275788 0
268449 1
287658 9
278048 7
276708 14
233288 9
207089 15
231668 0
238548 10
206759 2
242039 13
270728 6
321767 3
242288 12
203459 9
203858 6
267728 11
244968 4
197399 10
227058 0
281698 14
273668 5
273568 14
244958 9
291088 3
231868 1
300158 7
335078 8
289748 3
266608 15
223708 9
251228 7
288028 2
268738 3
270858 13
267728 5
225768 1
200108 2
198898 10
222218 3
188259 12
180869 12
199309 0
227188 6
271658 15
288858 11
285698 6
181888 9
214039 15
256978 4
169479 7
183168 7
251148 0
265698 3
255148 15
215849 2
246498 5
236118 4
215248 9
289858 14
373747 15
245448 2
207619 13
237368 12
231588 0
257478 12
266488 1
270768 5
254758 5
243268 8
207179 8
190088 9
184079 2
263228 7
194298 0
211379 14
238528 14
272268 7
275168 14
252768 8
195088 5
210939 2
239898 9
255978 13
212048 6
220668 1
270867 7
264658 9
287298 0
224468 15
303547 12
230168 8
274918 6
300277 11
339948 5
254167 12
234588 7
247288 10
262178 1
267168 0
279088 9
302108 2
272107 2
248527 6
226408 11
211568 6
236188 13
198999 14
242938 14
288288 0
254488 6
297517 11
207229 4
265258 0
203868 3
239508 11
239668 6
219008 3
238148 11
264898 10
271918 2
303938 0
243248 14
268998 6
250738 12
265248 11
259528 13
301988 14
254418 12
212468 14
197399 12
209579 1
227278 4
256168 4
207499 13
199728 11
220118 6
194458 12
202398 14
168029 4
180509 14
188928 15
167939 0
168859 10
227308 7
246598 10
243768 10
247618 14
178309 0
172029 11
179018 3
217518 10
205928 11
202229 10
229148 12
238968 0
232518 1
226729 4
158968 4
202679 3
205598 7
214398 7
294857 4
287368 9
251838 3
214689 1
201408 5
216088 1
240178 5
220299 3
215258 12
251478 1
217049 6
208018 0
201898 1
197719 6
187159 10
191779 7
177579 3
191828 10
268918 1
276648 10
262168 6
208039 12
199259 7
233388 5
210549 5
179378 4
189699 7
249498 0
229468 14
250948 6
204429 6
232618 13
242188 11
216469 15
268538 14
287928 7
302018 0
219248 3
220798 10
214888 11
293088 2
257008 7
277498 7
255728 2
251238 12
204948 6
194419 14
214918 9
225488 15
173689 0
194408 11
270247 4
330008 15
260308 0
185219 13
196999 15
227648 9
229508 8
188678 5
239938 6
257388 11
279308 11
220369 7
242078 15
253068 12
271688 4
331067 8
306368 14
269018 15
214098 10
242258 15
256138 8
283518 6
261248 3
251508 5
227368 13
207918 2
221938 2
198179 0
213608 5
187229 10
229508 2
275478 3
229158 2
246658 3
216858 12
160268 8
179059 8
180758 0
226198 12
187778 4
212879 0
222488 11
240318 7
239408 6
226068 0
207178 2
252768 4
266488 5
286308 10
274118 1
233318 8
219238 8
220999 13
195978 5
201129 0
213208 6
230158 9
226319 2
183958 1
202038 13
188498 0
178719 2
225358 15
187459 11
173719 10
172149 3
244798 14
248018 2
246728 6
209949 11
173938 3
188069 11
225568 3
348028 9
170909 7
189049 13
291617 1
234159 15
278878 4
251128 13
268608 6
202528 4
278058 3
277368 7
314168 13
231109 6
229938 13
234688 6
257568 14
230938 0
235469 3
231478 3
265018 10
212948 11
202359 10
218268 2
250508 13
189579 10
185478 4
256408 12
252598 8
285688 7
212518 2
214018 2
215308 15
257648 15
195659 12
214958 15
229398 14
319178 4
229598 4
217928 9
275138 2
262858 12
283147 4
339718 3
359187 0
218438 13
230619 10
217339 2
201688 14
241148 3
225718 5
218388 9
203668 5
228028 10
169448 12
173468 11
191839 6
195598 13
172979 7
199959 4
266098 1
249018 14
264458 4
219539 7
198948 15
214609 5
258038 10
203268 14
241818 3
245658 13
231418 7
267818 8
212658 13
239468 4
224089 13
279718 13
307328 4
271568 1
243808 15
236928 3
199879 13
232908 15
238888 14
277738 12
249498 2
211568 13
224559 2
210648 6
212098 11
148878 3
193329 5
168239 11
161778 9
217209 5
282737 12
232728 7
161389 13
192099 2
188489 0
165718 8
152359 12
135599 0
151489 14
187089 3
212879 8
193659 3
151048 3
159699 13
194718 4
173948 10
231388 9
257278 9
221888 5
215468 1
170619 1
192369 4
186679 2
183409 3
193308 11
179919 10
178628 11
161298 11
146269 13
137329 6
140609 3
163569 15
151569 14
173359 1
188499 12
224968 0
214259 9
192759 12
171009 8
186258 14
150699 10
170549 6
126399 5
132159 13
189718 4
184019 14
199909 6
165889 11
149619 11
273288 4
230978 3
273448 10
242758 15
256948 1
175659 0
169129 3
193149 3
206148 0
199878 2
180239 8
188248 12
171499 12
152409 8
147339 3
167528 7
175729 14
148419 12
148449 14
224578 5
225718 10
241119 15
178379 15
203658 4
161508 13
185479 11
167479 6
145019 11
183218 11
205399 1
201639 12
199669 14
167808 1
214718 10
182998 8
248948 11
283328 11
236248 2
211449 5
169658 8
188328 6
215338 10
181249 1
197658 11
195298 8
179028 8
177058 14
140449 2
153109 7
176119 7
159168 14
156428 1
219488 11
203069 15
213768 3
185919 12
171919 14
191438 8
143339 11
183719 4
136449 10
135938 13
180508 15
211649 6
185419 12
164239 6
151369 10
175078 8
184989 3
246648 13
244218 11
229749 9
218108 10
179158 1
245638 3
176229 2
187669 15
184728 9
216159 0
165489 1
180299 0
159179 11
132769 9
131729 8
153219 10
151089 2
122719 2
175398 7
202269 12
228568 15
238108 0
162109 4
174729 7
168058 9
161609 13
136439 14
128159 0
113699 3
125749 2
145649 1
156879 1
148459 7
124069 10
141689 13
