193348 7
114668 20
100490 11
105210 10
102429 21
11116659 9
119669 12
109639 12
112589 4
112229 2
133999 15
136719 5
112719 18
116079 16
128799 5
126819 13
106790 8
109199 18
122429 8
108219 22
110069 15
111219 22
118979 20
108199 3
109699 13
115649 13
116679 11
110819 5
106669 7
111139 23
107389 17
110599 18
111259 18
109399 22
115529 1
297168 21
110150 16
114030 1
124428 16
112139 1
115869 3
118109 2
110159 8
114519 8
113909 17
111169 9
109959 8
122589 12
106579 15
112329 4
113859 22
103169 9
104919 14
103249 16
103159 19
105179 4
119399 16
113319 0
105019 1
102099 6
102839 19
97830 4
104329 4
102709 9
104389 22
108229 23
123969 22
113279 0
108439 6
113369 8
107459 20
120289 3
109789 14
106869 4
113139 21
114539 18
115508 10
120059 17
126009 10
170819 8
109689 9
119059 13
116399 21
123758 23
95800 18
100189 20
104799 18
102629 13
100169 13
119379 20
112169 10
101009 13
101719 18
95199 6
94639 12
99890 12
94499 16
98909 19
99689 6
107329 16
104109 21
96359 18
102809 3
103209 6
105349 14
105919 9
106949 11
113149 19
100969 9
98990 23
99139 4
94370 9
105999 13
99499 15
99389 6
105989 17
100939 1
111249 5
98599 4
103509 3
95149 21
108499 13
118439 10
104179 21
111419 10
99880 8
97729 4
101839 13
100609 5
102099 11
101919 7
107069 15
101599 23
115129 11
102539 8
105419 1
106909 9
109649 11
108319 9
110969 7
119589 2
105749 8
110479 8
101789 11
110279 17
110399 10
104679 16
103770 14
104319 6
110828 12
113868 1
102679 11
107079 10
111319 15
105959 11
103099 21
110879 21
107119 17
104799 12
110669 13
109439 17
104229 12
105539 12
113089 11
108099 2
104379 19
103449 10
108149 1
114709 20
109539 7
106229 12
105549 6
100749 12
102779 12
104609 3
108659 14
104249 19
103599 9
10130259 0
116339 19
97519 1
104849 7
103609 23
96539 11
101939 11
101799 4
100289 8
110450 11
95079 15
101520 20
95579 11
108099 20
96679 22
104819 4
99119 6
100749 0
101519 11
115079 14
102530 18
100559 8
95910 15
99069 10
94549 15
102509 14
97929 0
98989 11
107099 1
10120729 21
105559 2
93739 10
106739 0
107269 23
96149 23
103399 10
97109 9
101370 1
107679 2
106348 4
99450 22
111279 15
105889 12
102609 9
106909 13
99679 14
102609 19
103049 5
104469 15
107429 14
102279 23
99229 22
99219 17
96540 4
98910 11
101200 1
97599 16
116319 5
104609 0
95739 3
102599 23
98559 6
106329 19
102679 3
102019 11
103679 5
102329 4
108040 1
108448 2
103088 23
92839 4
97389 0
96779 3
102119 21
95919 18
105319 1
103779 9
99289 6
117279 10
100989 23
96460 11
104759 17
96189 0
98789 15
98079 8
95049 15
96259 19
93599 5
111249 17
99320 22
99659 11
96259 8
98729 16
95279 0
95479 4
94389 18
99129 22
97779 2
120579 22
102630 3
106328 13
98919 9
102599 11
100809 2
101369 1
103049 5
104779 0
109579 17
103779 17
104029 7
109779 3
100499 11
98619 17
104379 17
99669 7
99370 17
100519 17
113639 19
95219 7
92959 14
101679 13
101489 14
103159 6
97489 8
105349 17
96850 16
99359 14
111048 2
98449 9
96389 8
100769 18
98609 5
97399 2
100109 22
99579 16
95729 7
98728 22
115708 7
94428 12
109319 17
100349 6
101769 11
99849 20
98999 21
100929 11
109689 18
98979 11
103629 15
99239 18
102839 10
101290 13
105990 5
96309 15
97989 14
97529 19
107429 20
119489 11
106109 15
99989 18
102429 23
104409 2
100809 7
100889 0
99909 11
99050 20
103090 11
110268 9
101049 22
99649 23
100719 7
102299 4
101249 21
103309 1
103119 12
102129 1
107929 20
104919 9
105899 1
108099 2
104570 20
97990 9
101129 6
102939 21
101179 0
99329 23
99469 16
116439 15
98459 11
101919 19
99259 16
100410 14
103159 2
101050 11
105119 9
106220 18
10108238 9
106669 10
108050 22
106590 19
101210 21
98559 18
111708 23
98650 18
102649 23
97029 23
112469 21
100519 12
103239 10
103329 17
101099 13
102729 3
96329 20
96808 3
104690 14
99920 21
108519 4
99679 1
109479 19
102069 20
104169 3
97779 6
106319 7
105889 3
105209 8
107509 13
107349 16
99569 21
96610 22
101519 11
97049 0
98119 9
98009 17
100909 21
98129 20
103709 14
101219 16
105659 12
100899 17
100529 1
99550 9
95109 0
102469 3
99399 12
100769 9
108719 6
98909 9
101509 19
107949 8
95929 11
97689 17
98348 3
99869 16
98699 12
99309 1
105209 5
100609 5
99809 0
99809 6
99649 5
101670 22
98399 22
95660 18
102059 16
103679 10
110089 7
100489 1
100409 10
100249 10
104809 14
104519 0
98819 17
96029 21
92689 5
102199 17
107509 14
99309 4
99659 15
104399 19
105449 9
101209 20
97239 6
109209 14
95869 15
100579 8
114088 16
96719 19
95569 4
98589 17
94469 8
100719 7
98249 23
97029 14
105059 22
100659 9
10113129 22
94359 7
88099 10
86930 1
87859 12
91869 9
89939 9
90889 17
86569 19
91500 8
89829 6
85009 1
81019 18
82630 6
82899 5
83849 21
81519 14
83709 12
80599 1
84049 15
80660 5
85049 15
92209 17
85349 13
80899 17
84940 0
81140 5
82119 14
81709 13
82550 5
83749 4
80209 7
80380 1
81359 8
82059 2
99119 18
82089 20
83609 23
80659 7
82919 11
81989 6
82420 22
86349 8
84109 21
82459 11
82279 8
90439 14
82469 2
81969 1
82829 14
78749 10
84089 20
81289 8
84229 20
82559 20
81059 1
81399 20
81500 13
91449 17
80879 16
83699 22
85500 21
118388 20
82530 12
83519 17
80089 11
84239 1
82229 7
82589 20
81949 22
85980 0
81149 23
82059 19
82379 1
85120 2
84589 3
84859 19
80699 2
81970 3
79900 1
84619 0
82159 3
101109 9
89669 15
80660 5
80579 6
79439 13
79639 4
77809 16
81079 19
80199 1
83969 21
80439 10
77179 9
90670 11
77490 12
82099 11
82379 23
78940 3
79199 2
77789 20
81459 21
80710 19
81589 21
78739 13
79000 5
78389 13
90389 7
79049 3
86220 23
82720 8
81279 0
77659 19
81440 23
80069 11
79519 9
76759 14
80800 3
80499 5
10100769 5
80199 13
76780 21
80150 17
76279 6
78399 1
79299 2
76959 0
77519 23
78699 18
77829 11
77669 14
89979 18
77969 21
77209 10
78749 16
75230 19
79849 10
76759 20
81919 20
79599 0
78060 15
79489 6
78589 16
77989 22
90319 6
75709 10
78629 6
75659 21
78579 20
77469 20
78460 19
77889 19
77509 13
80470 17
81890 6
78069 23
77909 5
89988 7
82939 7
77239 0
79799 7
77189 6
80679 10
80119 11
78890 15
79250 14
78979 21
79059 15
75980 3
92309 17
77899 3
80369 8
75469 8
79709 5
76229 8
76370 15
79589 7
77639 15
81869 19
75540 9
77209 12
78299 14
94979 22
76780 12
81689 9
260178 23
80049 9
76529 1
79070 0
76140 2
78959 0
78070 2
87389 1
79459 10
82659 23
79389 14
76360 19
77789 19
79040 14
77140 5
79499 4
79919 13
79749 11
76040 13
91269 21
77569 2
78040 15
78879 3
77639 13
78849 0
79749 12
79679 9
75999 16
77620 10
78689 22
81559 7
77850 12
86629 16
81009 9
76299 10
76330 10
77019 3
77989 2
77509 3
76559 21
80219 7
79509 13
82419 18
84909 13
79029 6
95490 4
78060 3
81749 12
76719 0
89170 6
75009 4
80519 18
78029 17
84390 4
79990 7
78259 4
77410 18
10134269 0
77979 2
86830 15
76459 5
78049 6
76079 9
77970 16
76229 17
80909 4
75010 8
77750 9
80309 16
84509 4
78310 11
74969 21
75809 0
76669 7
76729 9
75909 10
77990 7
76459 18
75659 18
78439 21
77690 12
75789 1
86939 19
77000 2
77630 22
75829 20
75739 20
79500 2
77649 7
77579 2
75930 10
78339 19
78899 14
78030 10
81959 8
95279 5
89989 0
80369 6
81760 18
76989 8
76979 1
79169 14
76030 7
75759 9
75120 19
77740 11
77319 20
95849 4
85659 13
78110 0
79009 11
76729 17
76140 4
76789 7
78799 23
76439 20
75910 13
76829 11
76949 20
74490 2
85079 21
78719 2
80270 21
78060 8
77519 10
76609 11
77099 10
76849 4
81399 2
78670 2
76059 11
77269 22
84119 9
78569 10
81799 5
77209 7
77119 20
77629 1
80689 22
75649 6
79189 15
75629 18
79870 23
75969 3
77599 22
87839 16
74310 9
77359 13
78199 1
76279 23
78799 7
75769 0
76830 8
79560 8
76799 0
75939 22
78669 2
77939 11
85409 22
76150 17
76289 21
76859 11
80029 5
76680 20
77959 23
74279 2
77429 23
75119 15
78929 19
81679 12
78049 15
90529 3
73959 16
79680 15
77790 13
76679 9
75699 4
78819 6
77669 14
79359 1
8377095 0
78369 2
81899 16
78710 15
83590 2
85299 10
80579 11
81119 16
81540 5
80329 13
81159 15
79489 3
90639 3
85569 8
84079 8
80659 18
81179 9
80859 7
81369 3
84670 13
85249 20
85379 20
81239 2
85400 9
10146879 19
92509 12
92079 22
89229 10
93500 8
87670 11
84219 17
91219 5
77250 20
79000 3
75929 11
88369 5
78729 4
80010 22
75809 13
74149 4
77650 6
74789 11
76779 9
77409 19
77259 21
79639 9
76290 21
74889 15
86599 5
88839 19
88488 17
93610 4
82729 16
82749 15
85550 0
83030 1
86939 18
81899 0
92289 4
116819 7
101699 21
87359 12
80869 15
86899 7
81999 11
78130 20
87299 18
78739 7
77159 21
76560 16
77309 9
83629 1
78659 10
78790 10
75109 10
77430 19
74430 6
75339 4
74229 2
77770 15
78729 19
78169 15
78670 13
76090 23
91379 6
76790 10
76649 9
77029 19
74319 16
80589 14
78319 6
76249 12
76170 17
78469 3
77379 8
76290 3
84269 5
82819 9
81299 11
77760 22
81580 10
78989 5
74619 7
78800 8
75139 5
78439 21
75689 12
76779 2
75619 13
98109 12
84049 23
76490 1
81099 5
77579 2
81780 4
77529 18
75659 18
82379 2
75659 12
74309 22
69960 18
71810 10
78159 9
69949 1
71300 5
71629 9
68920 17
70830 8
72949 3
70120 12
69299 3
71889 23
69190 1
70969 11
69010 11
70859 2
80979 21
69950 17
69469 22
73169 5
69560 4
70229 5
69339 23
71630 6
68419 14
70310 19
68769 10
69239 23
69700 21
72749 23
10109489 22
89739 13
87689 22
117099 20
81779 21
79959 3
77620 10
78219 0
77480 7
74650 13
69489 10
71320 10
83370 19
