172288 0
118599 2
137599 3
124139 3
129079 0
111710 1
118789 1
120939 0
114739 1
129709 0
121409 0
118569 0
129659 3
111879 1
115339 1
113360 1
112299 1
113959 1
118269 1
171558 2
119760 3
113889 2
113039 3
110639 3
120619 0
111889 3
113720 2
122168 1
117339 0
127369 0
114359 0
121779 3
114789 2
110389 1
115509 1
108919 2
113019 3
107700 0
115929 3
108269 1
109409 1
121039 2
121369 0
119909 1
125648 1
121588 2
133330 0
114830 3
113609 2
116489 0
117789 2
113169 0
113639 2
114590 3
115568 2
156199 3
116539 1
125539 3
121119 3
121749 3
111519 2
114699 0
116729 3
127639 3
115999 0
116400 0
121628 0
112779 0
113589 0
122259 1
118369 3
124739 0
116019 3
122069 0
120279 1
113419 3
112880 3
120599 1
117140 3
128549 2
124939 1
120859 0
121239 3
114569 2
118499 3
115459 1
118569 0
120669 2
125439 2
116988 0
114169 1
119099 2
112499 3
116539 1
117389 1
121049 0
117729 0
135138 2
118210 3
114799 1
112389 3
117499 2
114459 2
116639 1
119729 2
128879 1
129549 3
122909 2
124699 0
125799 2
129339 3
122629 0
113879 2
117910 2
127099 1
117189 3
115999 3
113179 1
113329 2
120959 3
114539 0
124408 1
119430 1
118889 1
120379 2
116659 1
111219 1
125819 3
119879 1
117879 2
136259 0
115149 2
123359 3
113268 0
117350 1
114079 3
117399 3
117769 0
139079 2
118439 2
118159 0
123029 1
119449 1
128099 3
122850 2
117999 3
129850 2
111780 3
114769 3
121799 1
120689 3
112449 3
118209 1
117939 0
114849 3
130309 3
115439 0
117659 0
116869 0
110859 2
117819 3
127219 2
127579 3
146679 3
115139 1
119029 2
114249 2
111870 0
112140 2
113629 0
117399 0
120449 0
131499 3
120179 1
121079 0
115049 2
114649 3
112948 3
123720 0
120069 3
120089 3
115739 0
120029 3
116439 3
112079 0
118430 0
121908 3
119168 0
138488 2
117688 3
119909 1
120709 1
119529 2
114629 3
115159 2
114979 2
122509 1
129009 0
115789 2
119159 2
122150 0
119100 3
118839 3
118419 2
127369 1
126099 3
117489 1
109169 0
114689 2
117889 3
110399 2
126909 0
111629 3
320117 1
117679 3
107209 3
124059 2
123989 2
122309 1
115939 3
156859 2
124839 3
121699 3
117409 1
121429 3
118399 3
118149 3
125659 0
131229 1
117009 1
113279 1
113088 0
123030 3
120180 2
137819 3
120309 1
125389 3
116069 2
118219 0
118279 2
115499 3
122779 3
132859 1
116329 3
118879 3
121990 2
120600 1
115049 2
112619 3
117839 0
117789 3
125779 2
122099 3
125239 1
121179 3
115030 3
114699 3
115099 1
121549 0
112739 0
112019 0
110129 2
127100 0
113530 2
124879 2
122519 0
123039 2
124409 0
111989 0
111459 2
119149 3
112239 3
116669 2
120599 2
117199 3
117259 0
119499 2
120479 1
127949 1
119169 3
117149 1
112249 2
116469 1
117588 1
125039 2
118349 2
118899 0
123779 1
114999 1
126269 0
115939 3
113389 1
115439 3
123279 2
115499 1
135899 1
120279 1
123009 2
117399 2
121129 0
123019 2
118419 0
120999 2
153859 3
117089 3
122649 3
114039 3
118609 1
114459 1
120239 2
118220 2
120319 1
121719 1
120619 2
121449 0
117479 1
112549 3
122649 3
120269 1
114148 3
129308 0
111559 2
117569 0
111409 1
113319 1
114689 2
122939 1
126519 2
136419 0
114649 0
127599 3
116348 3
115080 1
113259 1
112049 0
120919 0
113519 1
125779 2
117679 2
110440 2
126979 3
118410 0
121160 3
116199 2
111129 3
121729 1
114919 3
119209 2
120079 1
119049 0
123999 3
119960 2
115739 3
120359 2
123259 2
115789 3
117819 0
122549 0
120729 3
117939 3
122770 2
115808 1
127070 1
112209 1
115169 1
120319 1
118149 3
124919 2
132079 3
124469 0
128829 3
114299 1
124319 3
119129 2
114539 2
119240 3
117639 0
115889 3
118889 0
126509 2
114219 0
128889 3
114579 2
112820 2
116539 1
115609 3
117659 0
161879 1
113010 3
116739 2
114839 1
117099 1
112729 2
119379 0
122929 1
123620 0
131219 2
120508 3
121539 3
122180 0
121439 0
116719 2
114739 3
121309 0
117229 1
111929 1
118869 0
119748 0
115679 0
115769 1
120059 0
118949 0
128079 1
111169 0
113479 2
115839 0
120189 1
118840 0
120979 1
126950 3
126470 3
119379 3
114829 1
117379 2
108449 3
117079 2
125769 1
124669 1
119460 2
128528 2
109299 3
119059 3
119249 1
114589 2
119629 3
119189 3
117109 3
126559 0
116920 3
110729 3
117089 2
115929 1
117219 1
121319 3
121399 0
134119 0
114109 2
120419 2
109969 3
113268 3
128370 3
115970 3
118159 1
109959 1
127939 0
114569 3
123529 1
122939 2
123349 2
124729 0
126449 2
123499 3
128339 0
113200 1
111979 3
113259 2
118029 3
119659 0
119119 3
116699 2
147379 1
113599 0
118290 2
121268 1
165068 0
118899 1
118328 2
115980 3
127249 1
118589 1
121309 0
122469 1
122579 1
113279 3
120799 1
115019 3
123539 3
131729 1
126619 1
120459 1
118448 3
118910 1
119670 0
125589 1
121849 3
122829 1
113389 0
112519 3
125689 0
116089 3
115919 3
112720 3
118779 2
121609 2
123319 2
114599 0
121599 1
121459 3
112959 1
124719 2
114120 2
121510 2
132568 1
116610 0
121329 1
112609 0
121099 3
114559 0
123009 2
124589 0
130029 2
117099 1
117760 3
120759 1
112780 0
118279 3
120579 0
113579 2
124489 3
118449 2
113049 1
118499 1
125129 1
116139 1
118159 1
129429 1
133499 1
130569 3
123889 1
122469 2
114949 3
113599 3
128629 0
114929 3
121579 0
132269 2
120789 2
122649 0
121339 2
124739 3
134579 0
125079 2
113379 3
148269 2
111120 0
117959 3
114399 0
119619 0
119329 3
115699 0
121759 0
127359 1
118939 1
120068 0
115370 0
116929 0
120849 0
118009 3
111649 3
116109 1
126349 0
110059 1
115510 1
113139 0
112829 2
113809 1
116689 1
118469 0
132229 3
117329 2
123459 3
122460 2
116759 0
116209 0
117859 3
113779 2
114859 1
123909 2
117269 3
115059 1
112620 0
112049 2
114989 0
114829 0
120959 2
126359 3
121709 0
116899 3
111709 2
120649 1
116129 0
120548 3
114999 3
117889 0
118059 0
117899 1
109579 1
116869 2
118399 2
117580 2
127779 3
125590 3
136150 0
123630 0
118279 3
122869 2
134779 1
138809 3
124219 1
133849 0
146399 0
149028 2
141899 0
150678 2
147079 0
150839 2
166949 1
163198 2
166339 3
142729 2
147729 0
145479 0
161379 3
183148 2
143709 2
140409 2
144569 1
158879 3
149769 3
152799 2
159308 0
149619 2
165099 2
156219 3
153398 2
148308 3
155198 3
143529 2
147949 2
153049 0
144959 2
151109 1
158768 0
149188 0
161479 1
148549 1
146469 0
154839 2
172388 3
156519 3
140509 1
147109 0
142949 3
144169 1
145669 1
157208 2
169589 2
163619 3
150469 3
146699 3
161908 2
146068 3
154079 2
151349 3
143519 3
152569 1
161168 2
150359 1
141059 1
157249 3
149159 2
162729 0
155149 1
144250 3
141519 3
164079 2
145509 0
137889 3
138509 3
146989 2
153079 3
152229 2
168619 0
143889 3
144839 1
147229 0
140419 2
138189 1
155059 1
191979 1
151119 1
150689 2
146609 2
157129 3
156109 2
155959 0
149449 3
146439 3
145529 2
148299 1
145878 2
151639 0
159128 2
150729 0
149419 3
148149 1
150879 3
154588 1
154698 1
151059 0
153939 1
152149 0
154019 3
153439 1
157469 2
163789 0
163489 2
155358 3
150928 0
151808 1
154509 0
154669 0
143869 1
151819 2
156099 3
164578 3
160509 0
156679 2
163459 0
144658 1
151468 3
153728 0
150649 3
147849 1
150389 1
151979 3
153979 1
152859 1
148599 0
150459 2
156259 2
167979 1
156839 2
160229 3
160639 1
146109 1
154779 0
165618 2
147889 3
149079 1
160639 0
152929 3
146809 0
146529 0
163038 0
126029 2
121119 2
112819 2
112389 3
109369 3
116419 1
114229 3
130569 3
118329 1
119879 2
116410 3
114779 2
125650 3
116559 1
119129 0
129909 1
123709 1
119829 2
113409 0
112599 0
116749 2
121340 1
122088 2
142958 2
120589 3
119539 0
119210 0
122589 3
124819 2
118079 1
114599 0
106669 0
122429 0
109139 2
113548 3
105920 3
106459 3
107289 0
111189 0
104489 3
110870 3
117839 2
108049 1
116479 1
110099 2
110690 3
116110 0
119580 0
110489 3
108329 1
121069 2
109149 2
110419 1
105390 3
103330 0
113109 2
121609 1
118519 2
130059 1
113459 3
114110 1
114959 0
113079 2
115519 1
112449 2
111659 3
108239 3
111669 3
110910 3
122839 3
110610 0
110089 0
115369 0
110839 3
122379 2
111219 1
126519 1
111090 1
116279 1
108239 3
114919 3
112809 0
125749 0
106729 0
103570 0
148198 2
108220 1
116249 2
107899 2
110669 0
118769 2
120869 3
110309 1
119979 0
110630 0
112589 0
112459 0
107999 1
110029 1
110950 0
111780 3
112299 3
118319 0
111229 1
116739 3
111809 0
109469 0
105610 0
120329 2
126269 3
112299 1
124609 1
110189 1
108389 0
112919 0
110049 3
104009 1
108889 1
108209 1
111369 0
123679 2
120890 0
122399 0
111270 2
114209 0
113259 2
114209 0
111179 0
108320 1
115289 2
109279 1
116609 2
111399 2
112429 1
113589 2
120109 0
114370 0
118389 1
113859 0
111259 2
116839 0
109779 2
110429 2
113440 1
114190 0
111100 2
125159 2
111549 2
113839 0
112569 2
111169 1
104719 0
111820 0
112949 2
121629 0
131609 2
112019 2
116239 1
110929 0
110699 2
112410 3
114219 2
116679 2
108379 1
179029 0
107139 1
111589 0
107089 3
114270 0
122079 3
114919 1
106389 0
168708 1
116300 3
120539 1
114559 2
110539 3
117209 3
114269 3
118039 1
125349 1
105800 2
108880 0
112189 0
113549 1
116749 0
125559 3
115399 3
110330 0
122239 3
110260 3
114269 1
108429 2
109749 2
112989 1
114910 1
120339 1
111959 2
122409 2
117269 3
121459 3
119349 2
110729 0
121239 3
115519 1
111599 1
120449 3
112379 2
113989 0
111009 2
116599 3
114889 2
111009 0
114730 3
114039 3
114489 1
110999 0
110469 1
113949 2
112300 3
117479 3
118369 1
115499 0
106509 1
114629 3
112259 0
119129 0
110410 0
110130 0
106749 0
113429 3
123779 3
173649 1
139489 1
106399 2
