307308 9
186028 13
168829 2
160169 12
151849 13
150489 3
150910 11
154749 12
154429 9
162849 15
147439 9
148138 6
163329 10
157459 1
150469 7
158369 6
150518 7
157448 5
154429 9
152229 0
128549 11
124919 4
125009 3
120789 10
123669 9
150789 11
177309 2
129679 8
136839 8
148118 4
150008 4
163489 8
171739 11
167059 15
121139 12
107279 11
129839 4
137929 11
139889 4
136549 7
199578 6
248278 13
351368 15
261478 4
221008 5
173369 10
172898 4
128409 2
126859 11
154609 6
144259 0
170199 4
259928 2
137859 14
163899 0
216588 1
237728 9
238538 4
205219 2
150449 13
173679 2
262578 1
188209 9
244808 3
280318 6
238418 8
169288 7
189958 7
194569 13
206488 7
191409 3
207738 12
197478 5
197809 15
194908 3
198568 9
191459 0
219958 4
230898 11
191569 9
209508 14
230548 1
220729 4
186708 6
220318 13
219529 7
247598 3
189619 5
200348 11
233858 5
206768 1
194048 0
164349 9
180048 13
181628 10
191259 13
225598 12
245038 13
248938 13
213259 0
238879 13
241838 3
233078 13
264598 9
304478 7
182758 3
171769 3
195478 12
204539 8
218248 1
239767 0
201648 13
266238 10
267208 2
252378 2
219518 14
209889 0
225308 12
208028 1
197769 13
196188 14
206158 1
216588 2
217859 9
199238 5
225368 2
208409 13
236868 4
212478 12
210019 8
231148 12
215128 4
243588 0
221649 7
224818 2
219398 3
270938 9
196979 13
210778 13
222439 11
209018 4
193628 13
171898 11
170659 8
188158 12
186909 11
214338 2
274938 15
253798 11
194829 5
221698 1
175139 10
191128 12
243088 10
261858 12
295378 8
271678 10
192868 10
216748 4
236628 1
228668 14
225719 9
270497 12
261878 6
292177 12
206619 2
192088 1
242909 3
238419 2
202188 14
224969 7
194069 2
217938 15
189649 14
208298 1
231729 1
233009 7
251328 13
205908 9
187189 6
221618 13
201808 0
237398 6
207918 1
216688 12
210739 2
233638 6
217479 7
219498 15
199828 1
205719 13
243508 4
223258 2
206299 2
190888 1
204659 9
168838 7
165809 10
179418 12
230808 14
285408 0
197368 1
201039 15
204608 12
182889 0
210068 13
230048 11
312408 0
237578 1
183339 8
184928 13
187099 11
204258 9
218119 9
236358 4
264438 13
270848 11
229898 10
221058 2
174749 15
183559 7
167688 14
150939 0
180829 0
168158 8
172789 1
218269 5
196058 0
177389 12
190148 9
230109 12
242839 10
233868 11
206688 1
195839 13
208238 3
217948 5
247989 3
296507 12
210719 12
197758 11
198399 4
193738 7
231649 4
228758 0
222768 14
230818 5
241718 12
239718 12
229858 5
262238 3
267698 14
216648 13
231468 2
281458 10
241088 10
233349 1
235498 8
237388 15
259538 4
257278 3
232368 6
223989 14
229079 1
232448 13
190838 14
207328 4
205329 13
252449 10
303418 8
249638 12
221999 13
254248 9
254928 6
243468 11
260378 5
259648 2
263928 8
209908 9
236959 15
270488 7
211929 1
235578 12
240418 15
317138 15
210588 3
205888 8
205038 9
192678 0
224848 2
189348 11
196648 2
224618 4
193539 15
199018 6
204569 0
213609 9
218008 8
256288 12
194329 5
230798 12
216188 0
219838 1
223828 14
196688 0
212038 8
206208 2
223579 3
232448 3
230428 13
206129 6
210059 9
205228 1
195669 9
173238 10
168359 15
168959 15
160409 11
207228 13
231029 5
240499 14
193288 0
206059 4
232379 10
204638 15
217439 12
213519 0
280518 2
217668 8
217818 10
164998 12
183879 4
260528 10
237138 9
217118 6
198949 14
228988 7
265088 6
263898 14
224548 11
240548 13
221958 2
223228 0
219948 15
219249 14
253808 11
251058 0
217998 9
212148 1
260858 15
235738 7
234108 10
269108 13
240308 5
220189 7
225939 11
228598 0
257208 15
262568 0
244708 6
244608 5
272698 9
234459 3
234749 14
207588 7
206118 2
203948 9
208368 9
246398 0
280738 9
273488 12
240198 5
251028 12
218428 5
241038 6
198958 11
211129 8
255638 12
171939 6
206659 9
197538 0
198148 12
209309 11
211318 6
239648 15
238028 1
210628 3
195188 11
203088 11
204529 0
163929 13
178688 14
158399 2
164869 12
187689 12
239398 11
260278 8
196558 0
263778 12
243148 2
253378 12
281068 0
230369 3
216069 7
222628 15
227928 9
284848 8
277338 6
255008 15
218669 0
250267 15
225338 7
213738 8
210729 9
240508 1
288287 9
220489 11
242298 5
227538 8
264528 8
195349 11
209738 0
223869 2
232638 5
204798 14
212228 11
209758 2
231108 6
240438 5
207099 14
205368 2
211878 11
223528 7
202918 10
155639 14
179959 4
181608 11
193869 4
217448 8
286378 6
182769 6
212008 2
262308 8
183179 3
207779 4
226328 9
252398 9
276628 11
174409 2
170539 1
193259 2
236348 2
206159 13
176189 13
234929 9
252668 8
239178 7
204438 7
196579 10
195248 12
185219 5
226418 13
180139 13
186058 4
198979 4
204018 1
249498 9
236219 1
260468 10
298438 0
265748 10
256718 15
238859 5
445786 3
208819 8
230699 2
255258 7
260898 7
254428 3
239278 8
257428 1
262868 11
234908 14
234078 7
228549 11
241608 10
274618 15
260238 0
249638 5
285008 1
248478 7
225978 15
266928 2
280228 15
244578 11
245358 11
234219 13
235268 9
224158 11
246838 12
321858 5
291147 12
269058 12
209369 2
228918 15
272728 6
182608 8
180849 12
216309 6
168218 4
196089 8
226768 3
189229 6
224279 12
224518 13
244188 7
320578 8
221358 13
219638 0
206039 12
219218 1
208638 7
216558 2
231978 5
200469 5
208128 4
202428 2
218798 10
211878 14
179119 13
160469 8
225808 5
238458 9
246308 0
190619 7
185338 14
204079 15
206118 3
227199 13
234868 4
240678 11
247498 8
233778 12
209399 15
208758 6
220518 6
289148 9
205238 10
259767 12
234108 3
188698 4
236658 12
202279 2
201619 13
209449 10
184198 5
212779 15
223008 13
205969 8
186869 2
232428 6
249338 2
340918 15
252848 3
250958 7
253988 1
201598 11
274747 6
313657 11
248688 3
237618 1
231929 12
234479 14
222738 9
215589 13
234449 4
237358 12
250338 0
214018 11
243268 9
247028 9
291707 1
227698 1
252359 7
259568 9
250858 2
232078 11
281708 3
252678 7
216358 8
208939 7
235658 7
258588 5
258258 10
170939 3
166929 13
190489 2
230778 14
243748 7
178169 11
212178 6
226969 1
216899 8
219438 5
219359 10
224498 15
208988 0
274598 5
221509 9
229969 0
225048 6
343948 11
284058 8
306788 15
212288 2
170049 0
189469 0
228298 13
230888 4
231588 3
202909 13
230308 1
228968 1
277358 1
215488 13
205249 10
232548 10
217288 10
252789 14
213159 4
228028 7
223938 3
214159 10
221908 15
191339 15
197609 4
202958 10
228128 4
226188 5
204679 6
207459 1
188199 12
235699 1
272708 7
268407 11
254279 14
293607 11
217388 11
231578 11
253418 8
277218 13
280178 14
212768 6
232628 10
274248 5
228929 11
241229 0
253778 12
270748 1
274758 3
263687 7
282807 7
251809 14
231469 7
245558 2
228698 10
253658 6
257918 9
283508 13
214708 6
224688 6
194588 13
219599 5
201388 2
235118 6
213059 11
202268 9
240518 12
250398 15
244628 9
202999 5
195228 3
214919 11
213378 3
205538 8
170889 12
164049 11
166299 9
166349 8
206939 9
163809 7
189858 0
212769 13
430247 3
207309 9
182488 13
221679 3
178938 12
192439 4
196728 1
247239 15
204479 8
220528 8
211319 13
178438 8
199489 14
221278 14
185848 12
225048 15
254698 0
253388 3
232238 10
188419 4
166799 6
167758 5
184619 10
142469 15
159729 7
160889 13
166619 14
214998 2
174109 3
150949 7
170239 10
206388 13
208388 11
227008 13
207868 8
209869 6
195919 0
208588 5
269427 6
316478 7
258968 13
228868 8
228839 9
285078 8
253958 8
201138 2
222348 8
258638 12
273588 7
219809 11
259578 7
254918 14
267327 11
233998 12
279558 12
279627 15
229229 7
254268 2
236688 8
242108 6
263268 7
229238 7
282768 15
269678 0
233858 13
227409 12
240738 13
215738 0
256288 12
283838 1
292328 12
290337 7
258247 15
249288 6
251538 0
299947 2
208659 1
163048 8
205049 3
204789 6
214298 6
179868 6
228289 0
248268 9
267308 6
241228 0
189439 4
195339 10
214069 10
212059 14
198218 15
192969 1
196158 15
216849 0
208548 10
216818 5
214239 10
194958 15
201769 3
201558 11
211718 14
194609 13
217308 12
207479 13
198858 8
205109 9
201828 4
210479 1
193239 4
209388 10
174608 13
178329 1
180488 0
188138 14
213558 15
171778 1
157649 8
190199 11
182589 12
241548 1
221628 3
205479 9
176548 3
222478 8
224588 0
188339 1
231598 4
231968 5
269738 15
231038 10
212968 11
214548 15
218058 11
228878 3
191248 12
236758 15
273118 7
253938 13
238338 13
198788 14
213759 14
226818 11
214008 14
206538 8
234808 4
251308 10
252538 8
213888 3
249748 5
242968 12
274967 2
244388 10
239918 11
257868 0
276728 14
263238 9
246948 4
256468 3
266758 1
265988 14
293787 3
298188 14
227279 4
169918 7
179309 6
194138 13
222899 10
182168 6
197189 0
214448 10
186169 7
215238 2
181749 15
218988 3
182689 11
212148 6
217668 15
212269 11
190898 7
185109 3
215628 14
210909 4
198858 12
213778 13
261909 2
279438 0
319758 2
173418 12
179108 14
189639 14
196728 6
156619 13
157299 3
144049 14
177708 12
219809 12
190408 7
162779 7
182439 15
212579 14
223598 13
210299 14
195088 13
173749 0
176409 14
208578 5
234598 0
236578 12
228789 3
212088 15
180699 8
189959 9
183039 4
183578 3
193909 6
197668 3
248118 4
212869 0
247198 14
222108 8
296388 4
262728 15
247318 0
251038 7
276348 1
239998 6
254398 1
231648 5
261589 15
249399 0
258438 1
225598 15
265308 14
187689 12
189509 3
202419 12
203009 3
226478 2
208248 11
285529 2
247709 8
289398 8
245418 12
245267 10
223409 13
260818 9
248738 4
248308 14
242578 10
241279 15
203849 9
217778 9
249778 0
295178 5
297778 14
256768 5
252498 8
255828 10
178839 9
198599 3
216068 0
197869 0
222948 10
206189 2
201298 13
206118 5
195248 5
197718 2
179949 10
210319 5
207508 13
206068 3
206028 1
203158 1
209859 8
189308 10
231099 15
195849 0
281988 14
175198 2
151468 15
179229 0
169499 8
153708 9
149218 9
127689 14
128690 6
131910 13
151788 8
121559 10
145859 9
150179 12
175499 8
187018 10
152909 9
170129 1
156439 9
160339 1
164189 6
156979 12
184969 14
173539 9
169999 8
188619 11
155669 8
156829 3
145609 8
