56450 1
18760350 5
19916738 2
44460 7
20118117 5
119837016 0
120115644 7
29630 3
63270 6
24510 1
44879 7
44530 7
37059 1
63759 7
62449 7
23970 3
32960 1
59190 7
20470 0
65719 4
36270 1
8308025 2
30979236 5
49050023 5
97119 5
46230 5
9794050 0
1012349 1
39994435 5
38850 0
24480 3
31729 0
48033344 6
63719 7
11816291 5
67030 1
159984190 0
67189 7
63230 5
58019 7
60709 7
77682144 1
2067349 7
20022477 6
279922715 5
99998898 5
19994207 1
136629 7
62389 7
39798967 1
98957298 7
60009783 7
62670 6
31700 3
78029 4
53209 6
52330 6
99702450 1
60042122 6
29014526 4
11090718 7
28640 3
19826319 0
99139 1
17840 1
19917488 4
189981746 6
39992855 7
90006799 4
149990681 5
20089337 4
40080 1
36990 0
55689 4
64189 4
19707941 2
60028872 0
19965718 2
40011615 6
40002815 6
8017949 0
51971324 2
61049862 5
38960945 6
39987146 2
20002248 2
60007732 6
63760 6
59989783 7
37690 1
74199 7
41320 0
38319 1
25360 3
49609 7
64270 5
35859 0
64700 6
35319 0
319477355 2
80711853 0
98007897 0
45540 1
26500 3
37690 1
39937076 7
69977171 1
68950 5
99916478 6
115469 0
32969 3
19847589 6
34130 0
59986583 7
18986787 6
30985037 1
10996168 1
9035848 2
20031957 7
27349 3
19909039 0
36450 2
59960602 1
67290 7
109967437 5
77959960 1
26940 3
41980265 2
20005678 7
20048237 1
66589 6
64459 5
19874139 0
7992509 7
71946852 2
170011938 6
20107786 5
39878547 2
80969 5
18929578 6
21094406 5
34190 3
75559 5
39794927 7
61670 5
39949955 7
59975573 1
20015417 5
40191003 6
79793542 1
63249 6
7736232 2
33969 2
8945190 6
252003658 4
111089 4
87809 5
56549 6
89768961 2
19969708 6
99809 5
39893206 1
111289 6
25470 3
89865901 2
80006090 4
20002297 4
8078428 0
19957608 6
71954741 2
40001125 0
75079 4
36539 1
39883596 0
127998644 0
12014628 6
39994086 7
84320 5
19909208 2
1025710 2
35519 2
59010 6
62469 5
158814132 0
20014527 5
99995738 4
69649 5
60419 1
59858764 0
87889 1
27710 3
22920 3
23419 3
38846756 6
33670 0
1018799 6
9988199 7
19983457 5
38540 0
39931196 1
7868010 5
59209 4
56350 4
58679 6
62000 4
10664002 7
28001466 7
67210 5
25630 3
38880 1
1910711 7
7974860 0
33359 2
33990 2
32910187 4
109001486 6
90003219 5
20004757 6
64859 5
64610 7
19867228 6
25030 3
33430 1
28180 3
27928867 2
11986278 7
41050 1
63659 5
61370 5
43859 7
22510 3
17762500 6
61609 4
2020369 5
39917696 7
60050182 5
25119 3
183678 5
64139 5
39661419 0
26149 3
19987378 7
28670 3
39955765 1
19002067 1
34050 2
31021946 4
27560 3
89609 4
34539 0
18533153 5
64519 6
8980249 5
58949463 6
23450 3
36150 0
37040 0
57920 6
38430 0
23670 3
21868809 5
27962567 7
70099 4
59339 4
11877940 5
61469 4
60529 5
24800 3
39934555 2
19870149 7
149997021 6
19986438 0
63289 7
59399 4
19883009 2
68199 7
27926388 0
2034239 1
20031677 5
39945216 4
60649 1
32650 1
39896596 0
67799 5
37640 1
34989 1
63240 7
60379 4
60599 6
34090 2
59779 7
59580726 0
40000065 1
60088272 5
58918183 0
1027510 2
95539 2
27480 3
59858494 7
9140017 6
59644165 5
156509 5
19774300 7
121869 4
25529 3
19831629 2
40007785 6
73310 4
8038178 0
31885317 6
159999170 0
111069 5
36929 2
74559 2
89861080 1
29770 3
35709 0
62640 6
60439 6
64959 6
19672601 5
110269 4
27884458 7
24790 3
141963442 2
20018417 4
70069 5
59709 0
8920209 7
110938296 4
39170954 0
97750 0
88849 1
103079 1
658163 5
19889148 6
28999886 1
30995216 6
79998340 6
139058362 2
47949 1
29060 3
64780 4
41440 1
63879 4
35610 2
60919 4
10608613 7
17992808 5
11997488 1
40420 2
26150 3
18691160 7
59640 7
63859 5
39820877 0
90049358 4
30160 3
19920848 0
20077837 4
60449 4
59399 4
60360 4
60829 4
63450 4
19642291 6
19985677 6
66230 5
19932648 4
28749 3
39961385 1
105819 4
63059 4
19846169 6
119980895 2
20017188 6
9014298 2
61090 6
59309 6
10860630 4
37988896 2
2137939 4
39873026 7
103729 4
19897369 6
8014489 2
64520 4
60759 4
35930 2
34229 1
41784877 7
108001087 4
63469 4
11936119 7
39910 0
73319 1
19932178 4
59960383 6
121079 7
39877216 6
38690538 6
39994115 7
29986996 0
50020 0
41790 0
39907046 2
20000758 0
19999747 2
87209 6
61280 6
61009 6
27801149 5
22006047 7
79997030 4
63709 6
59179 6
19875408 4
60520 6
25149 3
35920 0
58669 6
19808219 2
20012197 4
33020 2
19964038 4
35759 1
20019118 7
39946335 6
20010278 4
40128823 1
91000 1
25659 3
29743309 6
8018729 0
33569 0
33990 2
35190 2
62039 7
25770 3
32629 0
57139 7
60239 6
11641612 4
25570 3
19968008 1
26460 3
19982457 4
49983474 2
50004494 1
68039 5
18612071 4
70001952 7
19990418 0
20006947 5
9023079 1
35950 1
59159 4
62620 4
10817621 7
69985981 0
115059 5
36120 2
56259 5
60459 7
60199 4
19669891 0
40060814 4
19939798 0
40002405 0
38005595 2
12006129 6
39987725 1
26570 3
8023988 6
31959757 7
8015658 1
61976583 2
40000485 1
8021119 1
21984387 6
59995583 5
8046788 4
111948446 0
109998536 0
8062798 2
51996024 7
37529 2
19905059 0
29429 3
19976528 4
9048199 4
30958006 5
24830 3
19973118 0
82719 4
24880 3
39894887 5
27850 3
23990 3
57939703 5
