180049 2
97068 0
96208 11
96439 5
95009 6
99389 4
98519 6
95419 2
93579 2
104249 3
294617 8
111089 0
114159 9
113988 0
109758 2
112219 8
130459 7
290577 2
97399 7
95339 9
94269 9
93199 9
94289 1
94170 4
105679 11
92579 2
92699 10
93479 9
101979 5
106198 2
95819 1
97270 9
94809 4
96749 9
110329 4
91609 7
109669 11
98829 1
101999 3
90429 5
102969 9
86529 9
92959 11
88529 6
86789 3
98859 6
90359 8
88099 3
94530 10
92460 1
95099 6
132188 2
84249 1
96899 0
83660 3
103709 3
90019 9
91749 11
96229 8
90169 8
89459 9
89509 11
90899 6
93189 5
85719 10
92689 10
99719 0
78679 7
80069 10
93579 6
89119 3
88830 2
85008 1
91230 6
90379 0
88499 0
98909 7
101839 7
89699 5
89959 3
87579 10
89329 0
94359 1
88379 5
86059 1
88969 7
93569 10
95359 7
10101330 1
85239 2
92719 1
100029 11
82659 0
80149 3
77499 2
81520 3
80019 10
83389 0
85349 8
87020 6
109519 0
88039 5
77320 3
86039 7
83669 10
79649 11
96379 8
79959 0
82389 10
86919 5
94699 0
94379 1
79259 11
73279 2
75280 1
72469 2
74159 10
69270 11
73059 2
75259 0
80899 8
72859 9
81710 3
73539 8
88089 6
81949 0
76389 8
70759 7
73919 1
73599 3
76030 1
77070 4
74119 10
73099 2
74080 2
73260 0
82629 10
82809 0
74699 7
76499 5
72039 5
71099 8
74069 10
67910 10
71819 7
71319 3
76330 3
75469 7
73069 4
70990 9
75889 8
83859 7
79319 11
75299 0
79360 3
75859 3
78719 7
73679 5
75440 8
81310 10
74779 0
77049 5
76479 2
75400 9
82459 2
77739 11
74280 3
74330 9
79469 3
77229 7
73240 8
72300 0
73429 7
75839 9
74319 9
78570 7
78239 7
84609 6
72319 6
73550 8
82109 1
74269 11
76069 3
80770 5
77529 10
77599 10
78349 4
72530 11
73040 7
73229 10
76689 5
70480 10
73520 0
76379 6
77909 2
71960 7
73800 1
75609 1
73759 6
78269 0
74329 0
74499 3
75039 6
11082350 5
79380 11
71670 7
74629 6
75510 2
78560 3
74879 5
74919 10
74499 5
71940 11
79449 10
84239 9
76589 9
82719 7
76480 4
88929 10
87469 2
76219 9
84669 6
83570 1
83889 9
80709 11
80799 8
80499 2
83590 2
89699 0
84769 1
74239 11
88499 1
81469 9
85610 4
92759 2
84580 5
86869 10
83019 5
91129 4
83179 3
94030 0
91479 7
91219 10
86519 0
81479 1
75689 2
71480 6
76149 4
77179 6
71129 8
72119 11
80789 9
74729 8
84509 6
79629 5
72040 6
71949 6
74569 1
71290 2
72820 7
76729 0
73309 8
71420 4
76230 5
81749 2
78569 7
83399 11
71500 9
74749 0
74459 8
76189 5
76160 3
72609 9
73749 0
71490 2
70930 3
72859 3
73439 7
74330 1
78979 2
76369 1
70749 6
73720 8
70989 2
68109 6
68969 5
70049 5
70579 9
74529 3
71679 2
72049 4
71449 9
71240 9
76949 7
75529 8
72639 5
74300 7
72610 11
71219 3
70930 11
70660 3
70469 8
68679 1
71460 6
69229 4
73559 7
74470 3
75500 2
70329 11
72219 4
72220 10
74579 11
70799 11
71440 4
71609 9
68839 6
71919 8
68760 8
72619 5
71689 1
72370 10
88759 0
75249 9
78449 7
83709 1
77180 0
76380 8
79839 8
78889 5
77049 7
75509 6
80469 3
81809 9
10084100 9
82769 11
69960 8
70880 11
71539 7
72439 2
71640 4
74379 9
72309 7
72429 6
75009 6
76429 0
79469 7
78419 7
76240 3
71659 11
72819 5
72559 5
70960 8
72639 11
73859 6
70560 2
72209 11
73979 5
70689 5
69630 4
84039 5
84649 8
78149 7
82190 7
71529 4
72649 1
69509 7
75809 10
72089 7
72999 8
72399 6
76790 9
71719 8
73149 11
71579 4
76420 5
66889 10
72820 0
70200 3
73119 5
70499 7
73670 7
73379 7
71679 5
72510 11
73549 5
79359 2
82519 2
91319 9
75170 4
70060 3
74509 1
67569 2
70130 8
70679 11
71179 1
71309 2
73160 3
73229 2
69959 2
72910 7
71529 3
77249 4
75479 3
72920 5
72799 4
69269 2
71579 11
68769 10
72849 9
72529 6
71520 3
74529 4
72299 7
77250 9
73800 5
78589 11
73739 9
72629 7
75100 7
74299 2
73699 0
73010 2
70400 11
73509 10
72570 1
74390 7
73389 10
71639 2
78210 11
72249 10
69839 1
72409 4
69860 4
71599 10
74399 10
71939 5
69559 8
73949 5
70619 4
73199 10
71130 6
72719 6
77789 11
71830 0
71999 7
74269 1
69730 11
72950 7
72389 1
71969 11
74610 7
73819 3
73259 0
70469 1
70529 2
72089 8
82109 7
70790 5
70289 9
71699 6
72129 5
71800 1
71929 6
72819 2
72259 4
73590 8
73329 8
72859 3
66980 3
69729 7
10081320 5
71009 9
74830 0
72250 2
70049 7
70689 0
75170 5
72429 1
72639 4
74270 8
71899 7
79159 0
74299 1
78349 0
71560 11
70179 3
72429 6
70230 5
69039 5
72179 8
72420 7
75170 9
71829 1
74309 8
72050 0
75809 6
71969 3
77969 3
70570 1
68859 11
73799 3
70499 4
70680 9
69659 0
73619 3
72330 8
101589 3
72739 1
73599 7
71720 2
79730 3
73429 8
70289 9
70550 2
72229 5
75009 7
71140 7
74839 2
73659 2
74849 2
71220 7
73280 3
75199 1
72919 6
75700 2
70599 7
70079 6
70520 7
68149 4
72029 5
69919 6
71879 8
74129 10
71159 7
70730 1
70600 3
69089 10
75130 4
77299 3
69939 3
72379 10
72959 2
68460 6
73129 9
70969 11
69870 3
71779 0
73509 9
66810 3
73499 1
72649 7
70579 6
79909 3
71059 4
69879 11
72460 1
74020 1
72389 2
68760 8
71150 6
68569 9
72229 11
67640 1
73649 6
71009 4
71589 7
76239 8
68779 0
72859 11
71750 2
73449 11
75039 9
71000 7
73859 6
69739 2
72159 1
68450 4
73739 4
75499 8
80029 11
86720 7
72060 1
68879 3
74099 7
72520 5
73609 4
73399 3
69889 10
70970 10
72809 7
68909 6
73800 7
67669 8
80109 7
68609 3
72360 8
73969 7
68829 5
70590 1
70969 8
69819 0
72209 0
71359 5
70779 9
72560 2
79370 1
70389 2
11076790 6
71079 10
70110 4
70349 3
68159 11
69950 0
68289 8
72059 0
72350 2
73719 10
74389 4
68899 8
70940 2
69759 3
73949 11
72449 0
70400 7
75149 6
72079 11
69679 10
70169 11
69159 8
70719 0
74959 4
73409 5
71479 2
77479 5
74500 2
73429 4
71739 5
264227 0
74089 8
74159 0
70759 0
74129 5
73509 4
72269 4
75750 10
76069 7
79869 0
74779 7
73069 11
75489 7
74299 10
73259 11
73439 0
73939 8
76629 4
76249 4
73360 10
76699 3
84209 7
90749 0
78520 10
76840 1
74339 3
76659 10
74679 1
74309 10
71089 3
71769 10
70910 8
76179 11
80899 5
86439 6
80839 0
72619 10
68449 9
74989 10
75420 4
73390 0
74929 6
74059 6
78460 1
72119 8
71749 6
73929 9
82470 4
88419 4
78979 8
75399 6
75849 2
72059 0
70800 6
75669 2
75949 7
70850 9
72219 11
71139 3
69590 9
73919 11
72679 10
75769 1
72290 3
70969 10
75199 4
72180 7
75719 7
72039 8
73109 10
78329 11
74060 1
76459 11
79289 6
71729 3
84459 7
74940 3
260237 8
72809 6
71020 1
71509 9
73049 10
73059 5
72099 10
68779 0
75040 0
83509 9
62179 9
62669 5
62360 10
62879 2
62280 7
67019 3
62369 11
62070 10
60959 8
60000 0
61630 11
62519 10
63240 9
64579 2
61899 4
77180 2
72949 6
73879 4
72320 2
70689 2
71869 7
71179 11
70740 7
72479 2
73329 3
72679 4
70820 10
68939 5
68499 11
79770 6
74489 6
73429 4
74689 1
72570 10
70619 3
69029 11
72759 6
69050 6
72469 6
71010 5
71140 4
70909 10
69519 1
74979 4
70630 4
74649 11
73010 4
73379 1
73479 10
74219 11
68610 1
68119 9
68289 11
70910 1
70890 3
73719 8
71230 11
78019 5
67889 10
71999 7
72789 0
75180 11
72939 2
71689 7
74630 0
67040 0
67859 1
72949 3
67749 7
71679 0
75029 0
70860 8
69369 2
71199 7
68259 7
73420 3
71879 6
75270 0
72880 0
71609 3
71029 4
70710 3
69689 4
71509 3
75629 7
72680 6
68899 1
71699 4
70060 7
67729 11
70989 5
73330 2
72209 6
74599 8
71339 11
76309 4
70780 3
68309 8
74930 0
74100 3
70699 4
74949 9
71799 7
69290 10
72049 7
67839 10
72499 4
72469 6
72199 8
76340 6
77530 3
71809 8
73299 0
67939 5
67439 10
70839 10
74039 10
72789 11
72089 10
70050 7
69919 3
68869 9
71249 7
72540 4
72299 8
74989 0
79499 6
74550 2
69689 6
68929 11
70270 7
71610 5
74319 0
71119 9
69249 8
69389 7
69609 3
74729 1
71569 2
73649 11
10095950 2
83369 10
74690 4
73080 9
74319 10
69589 3
71860 6
70439 10
69649 5
71550 10
70879 1
73899 3
75239 4
76460 1
69699 10
69779 9
69940 5
70729 10
69329 7
69849 9
70180 10
68619 11
67589 4
67060 2
67969 8
77289 0
72729 0
77259 10
73589 8
70609 0
68589 5
72299 11
71539 2
73699 7
72310 3
70639 5
75059 9
69430 4
69409 9
72989 7
70090 2
78929 1
71779 6
75399 7
72830 10
72100 8
69979 4
68680 11
73040 5
72299 7
74189 1
73330 11
72710 6
69869 10
77459 4
88050 6
77229 8
74369 11
73949 3
70030 11
71259 11
73979 6
74009 9
70389 6
75749 11
75089 6
86139 8
85589 4
72520 1
68789 6
71579 0
75060 0
71590 1
70929 2
72580 11
73580 10
72609 2
70069 3
70409 8
77839 6
85209 9
84229 0
85989 5
69989 7
71030 4
69519 2
72700 2
73439 9
70879 8
77459 4
74150 10
70100 8
68269 5
70769 6
73000 10
75869 3
70079 2
103339 6
74609 1
71769 9
75049 5
70119 11
70220 2
75489 3
73799 4
73990 6
69520 3
62479 3
61819 2
66300 7
64909 11
61820 11
62100 2
66719 2
62940 5
62219 5
61389 3
62620 2
62419 7
62690 0
62189 9
62739 6
61890 6
62039 6
60730 1
73050 2
62669 3
60699 6
60720 1
61589 1
62850 6
61899 10
62970 11
60959 1
61879 7
63450 11
