228399 1
155439 3
171378 5
173389 13
158389 3
161089 19
169869 8
164108 10
165339 11
184919 15
152769 20
166489 8
164929 23
169199 23
182059 7
163189 8
153718 20
171629 9
163229 9
340008 9
165668 20
162798 2
167619 14
167749 8
160519 11
172198 7
172158 13
153639 17
163049 14
165249 18
185488 22
160648 3
176799 11
160019 12
157689 16
160159 7
165429 6
165819 18
182169 19
169879 12
168539 14
178118 18
169929 9
163259 8
181129 0
183248 22
165299 6
179788 8
176358 8
159619 14
192559 22
158669 22
161579 15
176579 4
172029 23
170569 23
10166087 11
160318 4
180139 3
165019 23
175808 4
170819 18
181139 19
164529 5
164649 18
173188 5
163598 4
182289 11
158599 10
163769 23
171908 9
165179 12
163049 4
188259 22
154259 14
191259 22
166759 6
163659 8
164719 3
169468 13
176249 15
182369 21
172278 5
187829 23
156789 4
176519 4
166959 23
173988 6
174549 4
169799 9
297058 16
153019 6
169998 8
171299 9
166669 6
175209 20
176288 5
184979 10
167569 9
163269 9
167599 2
167129 1
175359 5
163889 1
166989 12
177328 6
173729 0
173189 2
173379 20
157028 12
145999 18
142659 13
134510 17
133559 21
133099 16
10189747 11
161199 9
170209 11
183328 20
201299 8
205399 2
212489 5
195359 23
187448 22
196369 18
209178 2
189099 12
169689 23
171889 22
188298 0
213998 7
198479 23
251858 12
241598 14
235388 0
237598 4
264968 2
348858 23
269678 0
256088 5
259228 2
266178 11
283318 15
280008 14
264208 6
241459 16
245408 4
221938 2
215608 16
249208 14
246198 4
229448 19
267448 12
254819 21
271409 1
284698 21
301377 11
10329576 16
237968 6
259908 4
265529 10
263207 11
256029 7
279068 11
280208 15
295228 12
239949 19
241348 20
320938 12
264988 19
256608 1
247698 10
277868 7
263858 21
262388 17
259509 7
279689 14
254808 23
264698 11
288938 4
281128 22
270028 12
269558 13
322197 10
254349 10
260419 17
264348 12
290408 9
269028 7
250138 18
255738 22
292628 9
265888 22
274758 11
10312876 4
202969 9
252767 12
250659 8
324107 23
259238 12
249568 13
279698 8
284138 7
256878 4
247238 20
275678 20
310878 14
252868 0
284488 12
249668 8
267318 6
258048 21
271968 14
295688 8
304698 9
317448 18
290968 18
261468 21
248438 13
269768 22
279848 15
264598 14
258918 21
263548 23
284588 11
259559 7
257738 18
270948 9
292438 18
279418 13
297098 17
11280238 17
250208 22
282518 14
268578 19
261678 4
265949 0
273478 2
285307 6
285798 8
281967 13
278798 3
279158 20
252938 16
275539 0
302427 9
288857 17
331098 18
273208 9
301728 2
254618 8
270038 2
259938 21
319978 0
274618 12
253198 1
252748 17
230889 20
244579 21
273098 0
343877 22
291428 21
290308 7
282648 12
10249596 6
252079 5
258998 9
311378 12
234079 7
260408 16
271078 5
288498 22
252748 15
297388 14
274198 13
271648 15
305628 18
272768 6
275698 5
285827 14
282687 7
280278 8
286067 8
266467 22
260088 14
268098 11
265178 8
269418 13
267398 17
281918 23
268338 17
299078 18
250298 9
278828 22
260178 4
278628 4
296818 17
285438 6
282798 7
268478 6
234928 10
248599 19
294458 7
274707 15
9281562 23
232808 12
257658 9
274818 13
258718 13
295128 3
244348 2
290918 2
218438 19
236498 15
227708 2
254098 17
314067 4
246528 20
277089 6
295907 6
261529 13
299308 23
267758 0
266668 20
276737 9
283338 19
242128 5
281458 4
231209 18
222398 13
243949 10
275378 18
272309 23
283998 16
281118 13
292907 16
267418 12
309698 8
261128 9
264718 0
288678 3
10268816 10
236719 21
233538 15
236818 11
272088 0
237838 6
412408 20
245778 12
290718 6
247308 15
261798 23
319808 5
285038 10
263428 22
294178 17
263448 9
244478 20
245698 0
261598 3
276487 23
301927 17
254219 22
276789 11
297597 14
433247 7
295458 8
231808 15
262958 10
248899 14
306217 7
259338 12
306638 19
249868 0
301738 20
283618 19
290278 11
10311576 13
245318 3
226078 1
238919 9
304028 10
241748 19
290398 17
256758 21
290658 12
216848 7
233539 22
236118 13
276038 16
245308 23
203929 16
236298 21
310838 7
253268 23
262448 11
257308 21
257098 6
247169 15
265518 17
276018 6
318497 1
261218 10
272627 7
283209 2
263767 19
249299 22
294108 2
260938 14
271518 1
264698 22
256318 8
295368 22
240908 4
285338 2
10258216 5
212089 17
224508 1
222629 0
275687 3
253838 12
298827 19
229979 22
294878 22
213158 15
218069 19
247769 18
244328 3
240938 0
238569 16
276109 3
231679 23
261728 19
244148 8
265809 13
237729 12
283318 3
230388 17
278158 15
256818 2
249518 8
256169 19
242918 20
261188 11
244228 18
281338 23
217329 21
203189 3
180809 6
147199 10
156578 21
166098 13
155859 23
159769 8
165449 8
164849 13
151089 3
156249 16
146779 12
160258 22
10193277 11
142029 0
139279 18
148799 12
151908 2
146659 18
135199 21
141950 7
122619 6
122209 1
128369 19
121929 7
125789 6
107509 18
109910 19
107870 21
97319 13
98849 5
102120 22
99609 14
98459 12
104350 6
105729 1
102309 18
107649 17
104840 15
106859 11
104829 17
97879 20
105930 11
98369 9
100839 22
100909 18
103470 15
100130 11
112789 17
97429 9
98029 8
103390 20
101179 12
96079 4
99330 6
98999 15
99639 21
97799 6
110070 19
96689 19
109759 10
96219 19
97489 3
96149 19
93789 14
102389 23
94419 20
95649 20
106240 9
97940 7
93139 4
100089 12
96989 12
96849 13
102479 4
104070 0
106589 4
100959 1
104029 2
97869 13
101249 12
103119 16
97469 14
103129 17
97789 4
99059 1
97410 13
98009 10
107539 22
106570 2
99260 7
99569 18
100899 18
106830 18
97199 17
102179 12
107609 13
115839 4
148219 12
94320 5
108119 6
94609 11
103710 18
99110 14
103889 23
112479 2
10130697 13
90710 1
96269 0
100189 5
102199 19
97600 23
96409 14
100829 16
98669 18
97990 11
109089 5
108769 23
98269 10
97619 17
102879 10
105459 11
105630 17
96280 9
107259 21
95139 11
104270 1
98439 9
104309 1
103890 20
100959 15
96839 15
99169 7
101570 10
101209 9
108719 11
109089 8
95500 19
92690 7
95189 0
93059 12
101329 5
98589 6
101809 8
99520 19
103279 2
112149 10
97539 1
97050 22
99459 2
95099 22
107129 20
98149 6
96269 7
99360 0
99080 2
109619 13
91969 5
88740 6
90219 2
97559 13
102059 19
99399 19
97769 2
99390 23
103010 2
107019 4
100909 4
99359 20
100330 20
95889 3
98099 11
106150 1
102589 13
99299 11
103419 3
109610 2
101260 14
92759 23
94089 5
101450 9
95569 23
105059 16
92270 0
96029 12
97049 16
106480 11
98130 22
95489 2
97369 1
95640 15
95999 23
102209 1
101929 11
96840 10
92669 3
116269 13
92600 2
103469 3
100209 10
100810 19
95300 15
96559 7
99149 6
98499 1
93279 5
10135147 4
96519 3
97730 11
108510 12
96699 9
94689 19
107259 1
105729 10
107099 7
94849 10
104970 8
100320 22
101949 22
101240 11
99599 17
100789 0
99159 9
104080 22
98720 2
96519 17
108349 1
96700 17
101789 6
102579 0
102919 9
97440 21
99229 13
101689 5
100660 4
103519 23
117459 0
98229 1
98370 2
99160 22
103789 6
100019 2
106270 23
97130 10
111019 16
108509 5
99939 15
106180 18
102519 16
99309 16
98360 5
98639 4
96149 15
102019 22
94970 19
101779 20
95289 13
94979 18
96199 7
97349 2
94320 8
101139 3
98689 0
91669 11
99549 19
94519 22
103769 9
98609 23
95489 4
90569 22
92000 2
277658 5
99549 22
98279 12
102599 8
99079 4
97349 6
102949 17
96350 22
101069 7
98809 18
104459 13
95619 23
290358 5
98399 10
93259 7
97659 14
111749 5
103559 1
99459 9
101809 13
107320 18
103569 23
95909 23
100330 9
107769 10
100049 18
107240 13
112239 10
100179 12
95899 11
95469 11
10114147 9
92679 6
97319 23
100940 5
95629 7
95729 23
95850 22
91240 19
94259 15
101240 11
109569 13
95529 14
101879 4
94339 15
97689 17
96309 9
93159 15
94099 9
99009 9
104259 13
104160 13
100259 3
92459 1
94529 7
96970 3
94699 11
97459 21
98440 6
93919 3
104709 19
108210 12
96119 10
94299 20
95489 1
96880 18
105219 18
102459 15
99770 1
94430 6
89429 2
89320 2
100359 19
90109 22
99900 18
106070 4
95919 6
102439 2
95569 21
95599 11
92809 12
106120 9
100840 8
90719 20
93809 23
97290 2
94609 4
98509 23
97059 12
95509 5
95989 19
97949 7
109899 17
95249 0
92159 2
96790 13
99180 8
100539 0
94150 23
94219 14
98909 23
101089 3
98860 23
100829 17
95449 9
95740 14
97289 7
96579 2
105229 15
101549 0
94779 2
101159 0
105910 11
93780 9
98889 8
94559 8
92230 16
101439 13
99039 12
93720 10
98269 18
103429 1
102049 8
109809 7
99479 1
96389 12
96889 19
99839 5
96429 14
94379 6
98749 15
98049 7
99989 22
10123358 19
92300 17
92399 5
98209 0
95810 22
90039 23
92049 10
96450 19
95199 19
94729 4
103609 9
92280 19
95339 6
93330 7
94310 10
95689 21
96460 3
103539 18
89649 12
93509 4
104360 14
98939 1
90919 8
102320 3
98230 14
94229 18
91630 23
93119 3
91959 23
95110 20
97559 3
102869 6
95879 20
93730 17
95019 14
96299 6
97540 6
100099 17
92809 0
93680 8
94819 2
110489 7
95839 13
94959 8
102180 18
94379 18
90009 19
99109 12
95429 20
96109 9
99109 1
105689 12
96289 2
101750 15
101530 14
104419 14
104429 6
101159 23
104080 16
102079 5
102959 1
117179 18
96929 16
94669 1
96569 20
98329 4
95789 10
91889 21
106179 13
96179 7
98299 10
102990 15
106810 14
96459 19
103679 6
98069 18
99820 7
104679 5
95099 11
103630 10
99379 7
109629 21
99649 11
98710 18
101949 18
98569 20
95750 2
95119 7
95749 3
99779 17
99249 0
108679 13
103989 5
95699 15
99789 22
96499 21
100429 11
97409 19
102579 17
98399 7
102139 1
10115967 2
87319 13
92839 23
91550 4
88909 18
100699 1
94020 3
93519 7
96109 3
103389 14
118609 20
94009 19
94979 14
97330 5
94019 15
96529 2
104790 15
99869 17
93029 14
94699 18
87220 1
98849 12
89319 3
92680 20
92179 12
103699 16
98390 10
103379 21
96239 14
94340 5
94200 7
106239 18
105259 16
91260 7
93369 20
98839 22
99179 3
96100 18
97129 20
96529 23
94460 14
98549 18
93709 9
92669 10
97989 1
94919 20
97990 22
102659 0
