118139 0
59119 8
56719 1
54539 11
57509 10
54409 1
50280 6
54509 8
58479 10
55210 9
56219 10
47620 0
55009 0
47030 6
55359 7
55809 11
67150 9
56999 9
51660 5
47339 0
55330 6
56289 8
58540 3
61959 2
58499 1
48569 3
56310 4
58130 10
54709 6
60540 1
55309 2
53860 1
52589 2
56930 11
74370 7
51269 7
50470 1
58229 8
53120 5
54819 8
56410 8
56629 1
53769 4
57089 0
57359 7
53080 7
58949 2
55540 1
63139 8
58030 3
59380 1
52659 3
65320 5
50159 3
57840 4
52809 2
49620 7
54659 1
58299 8
54789 7
54650 4
47440 2
53509 7
53529 5
64969 0
57170 11
50149 11
54770 8
57129 5
57710 6
69049 5
52739 9
51780 0
49659 9
53540 2
54289 10
52080 5
51619 2
55040 2
56509 10
56500 2
57849 11
61429 11
54480 6
61509 3
55329 1
56129 1
56090 6
66310 10
54289 2
52100 6
48219 9
55010 5
63319 5
56849 5
53840 10
56439 11
57540 5
55409 7
55490 2
64149 3
52209 6
55909 9
57789 9
55020 11
66889 6
51090 1
47659 0
54270 6
47249 4
53910 6
56229 1
57390 8
54170 11
52999 6
52229 4
61309 7
56860 3
55939 2
52730 1
52589 10
60249 9
50209 4
72679 7
50120 4
52789 9
52110 7
54969 11
60040 6
62829 0
54700 8
56359 10
49939 8
54979 5
52749 7
57940 11
50679 4
55210 4
48249 10
52990 7
61629 0
69439 3
50379 6
56059 5
60740 1
50629 5
57340 3
53469 11
58280 10
51010 1
49879 11
52270 9
52250 6
55169 9
58419 6
53660 5
54619 5
56540 4
61229 2
72909 1
58110 3
63149 9
57199 5
58659 0
55259 10
64630 6
49769 5
60680 0
54599 3
53030 6
49799 7
57609 5
56119 11
52159 6
58730 6
56119 9
51060 8
10070280 2
39129 8
41590 9
36049 6
35299 9
35990 5
36679 7
37819 5
32830 7
35819 10
33790 0
39350 0
39629 11
36620 6
36170 10
40940 0
38940 2
35029 6
35600 2
45160 6
42109 10
39130 5
36329 6
35280 6
36250 8
34579 9
43880 2
36760 6
33260 3
35600 9
39839 0
38459 7
37780 9
38469 2
37000 10
39339 3
33259 2
35660 7
34459 0
34660 6
34030 11
36090 11
35639 10
40310 5
38029 3
35540 7
36979 9
44459 11
36670 3
36119 7
35550 10
41160 4
36899 4
43180 9
36319 0
36179 10
36150 3
33319 3
35270 3
36230 3
38179 4
34230 5
36749 7
35799 4
35940 10
33459 4
37820 11
35380 0
38329 2
44929 6
38280 10
34889 5
41140 6
41549 9
39759 10
35130 5
37179 0
35860 3
33990 7
34639 0
41030 11
34849 5
32869 8
38310 8
34699 0
37950 6
38150 0
42599 7
34950 1
39040 2
35840 6
34880 4
34209 8
36400 10
36440 3
42339 1
40710 4
34890 11
34469 4
40370 1
40539 5
36549 0
36480 5
38620 1
41709 3
34710 10
42359 4
36230 7
33529 2
33990 8
33060 11
37599 8
33770 5
34740 6
35409 6
34449 7
34980 1
37079 0
38700 11
45719 1
36160 8
38560 11
39509 10
36990 11
38180 6
37499 11
40740 2
42779 2
35959 0
34000 2
36349 6
34110 11
37020 8
40819 7
35080 9
35539 2
34800 10
34690 8
36880 7
37959 6
42050 5
38449 1
35940 11
41830 0
41860 6
35570 2
33229 3
34899 2
38640 4
39119 4
35910 6
39649 8
40429 11
36700 0
34790 8
43120 11
37680 9
36879 11
38240 0
44209 2
46209 5
33909 11
36749 7
34440 4
35459 10
36739 9
38080 9
41919 2
39970 1
35730 5
37639 8
41710 2
39680 4
38700 1
42789 5
45389 9
38810 9
38329 7
33630 0
36790 8
37949 5
37420 1
39920 9
40880 7
34490 9
37930 9
45109 0
40240 7
37739 6
36020 6
42800 2
38420 9
37770 5
39049 2
42060 11
36289 9
33669 6
34020 8
36089 2
35849 9
38180 10
34809 11
36649 4
39390 3
41549 2
35360 11
37550 8
37749 10
38090 9
37529 8
39309 6
39290 3
42309 0
39430 6
43329 1
39690 7
39499 10
38329 4
42290 0
44099 3
41470 8
34809 0
40789 5
47620 3
47939 8
44900 9
42769 11
46840 7
46049 2
43999 4
47489 10
44419 4
45159 10
47589 9
41620 3
49409 10
46730 7
42429 4
42750 8
46949 1
41549 0
42589 11
39969 0
44710 0
38989 4
46490 2
45600 2
43849 11
46360 0
42800 11
43100 8
45819 7
47210 2
41559 5
46260 9
45819 5
44869 6
10073480 7
48199 7
49060 4
49489 1
43130 1
51439 3
48310 1
45369 9
47660 11
49219 2
47780 2
43709 5
41100 4
44249 0
44860 9
35560 1
37669 11
38470 8
38780 11
36919 3
34900 8
38600 1
35690 6
46700 1
34029 8
35870 1
37620 2
36019 9
34430 4
36269 6
36490 9
36910 3
34289 4
38369 3
37550 9
37500 3
41300 0
37379 0
38419 1
40670 3
44969 4
39150 2
37750 8
36609 5
34730 11
46100 8
50249 5
48370 11
57170 4
39340 0
37869 4
37430 8
37400 7
38469 10
35580 0
37239 4
38530 3
40700 5
40950 9
44480 10
39179 6
37840 4
36050 7
36050 1
37630 1
38190 0
38709 5
40150 6
46369 7
47660 7
39709 0
38170 8
35300 1
35410 1
41880 10
37820 10
42440 0
42470 11
46010 5
35050 9
37399 1
35050 1
35820 7
36249 7
38320 1
35109 9
35520 8
36640 3
37300 0
37180 2
39130 6
36869 4
40990 2
42720 5
38930 8
38930 10
36779 0
38590 0
42930 1
45950 5
38990 11
42159 9
34800 1
35169 3
35099 8
35280 3
35779 10
36639 3
37200 0
39629 10
42300 10
41980 7
44020 3
36680 0
38739 4
36070 5
39110 10
43379 0
46280 5
43519 4
43120 8
36010 7
35700 8
34000 0
40699 1
41460 0
37880 3
33880 10
34520 6
37670 2
34889 10
36090 6
37139 5
37250 9
36310 2
39709 9
42580 6
39699 0
42830 11
34500 11
36760 8
36390 5
38610 1
37859 5
35300 11
36279 2
40900 11
42140 6
42949 1
42770 5
40159 8
39840 11
35420 5
35640 2
41450 3
35160 6
36869 8
37940 11
41610 2
43200 3
47480 11
43199 1
34070 10
35729 1
36769 8
36330 9
36069 6
38710 0
35640 11
40019 0
42120 11
42659 4
38620 0
38150 11
37240 0
36090 9
38119 7
49870 6
39330 4
40490 4
39950 2
37219 10
36600 6
40270 9
43529 3
45950 1
43259 1
39600 9
39630 10
36889 9
35740 9
37440 2
35679 1
34190 7
35589 9
39250 10
38889 11
42220 7
42040 6
41309 8
34490 10
36800 7
42659 7
38900 6
36059 3
37830 1
36690 11
44389 2
37800 0
43730 1
38170 8
35770 5
38089 8
35690 8
34990 4
37119 7
37150 1
34929 3
34589 5
38590 10
34610 7
35830 5
43310 5
45769 10
43610 6
41999 1
38210 10
36230 1
49040 4
39160 6
42359 8
42310 8
37340 10
38540 0
36430 6
34499 0
36450 6
34440 7
35240 10
37209 7
41320 5
41189 7
33730 3
34740 9
40200 9
44640 7
46099 8
45730 8
37799 0
37859 7
37240 9
36459 5
39550 0
10060200 3
56699 7
49130 0
41029 8
40890 3
42129 4
36279 1
42590 8
36669 0
34840 11
32770 6
36249 1
34180 8
33849 0
34599 5
36660 5
35980 9
36119 6
35680 10
34850 2
38769 5
38530 5
35399 3
34450 5
36410 5
34359 5
43540 4
33199 8
35390 10
33760 7
34760 6
34250 1
37460 8
33120 3
33729 10
32970 5
34699 8
36749 4
36190 11
36939 2
34120 1
34360 4
34249 4
36790 6
33340 2
38190 10
42550 7
41739 5
43640 10
38230 6
33070 5
34200 9
35920 9
36260 5
42170 9
35859 3
36690 4
33210 10
33549 3
35010 10
35220 1
32469 8
35700 6
34240 2
35659 0
32180 7
35870 8
34429 7
35920 8
35509 8
35070 8
34680 8
35849 3
34240 6
34220 1
38069 7
36840 3
35060 7
35439 0
37039 1
35630 3
36559 11
41680 10
36209 10
33889 9
34270 4
34350 0
33559 10
34340 1
35960 6
35800 3
34070 7
36020 6
35390 4
35570 1
33149 6
35159 0
31240 3
31110 11
31890 3
32170 3
30969 3
30819 7
30760 4
31559 1
32160 1
30620 10
31710 2
30349 4
29720 10
29930 7
31779 7
37739 6
31400 10
30810 4
30059 2
30440 2
31430 8
30530 5
31220 5
29780 2
33229 4
30470 8
31180 11
30369 9
29400 10
29900 3
28960 7
33299 5
31750 6
31449 3
30480 9
31360 10
29830 1
32540 1
30720 9
31050 5
31500 5
32440 8
32100 9
32469 2
30240 3
30900 8
31199 11
36869 1
31660 6
29439 1
31460 0
30220 9
31470 4
29590 7
30820 9
29460 11
30529 7
29500 1
31700 6
31909 1
31680 4
31360 6
30769 1
32200 7
31640 0
31299 3
31209 7
32480 5
30740 1
30629 5
29410 6
30869 11
30240 8
31430 5
29750 1
32019 3
32040 10
32780 4
32109 5
37249 10
30160 9
29060 6
30260 8
30930 11
31510 10
29699 7
30380 8
29780 9
29999 10
29600 1
30680 11
30069 7
31249 3
33510 11
31890 1
34470 1
30770 0
30990 4
29399 0
31360 0
30000 11
30420 7
29560 4
31960 6
29429 8
31550 2
29850 11
31730 6
31049 5
30600 7
30900 7
38820 7
224288 2
32409 2
33439 6
31420 5
30130 2
31339 2
29670 1
30670 5
30570 4
32579 10
29170 10
31090 8
31429 11
32680 1
30180 10
32550 0
32030 4
32470 1
31209 11
31710 9
30960 4
30679 1
32459 3
30080 3
31269 8
34720 2
30750 0
31239 1
31160 3
30360 8
31249 10
34859 7
32050 8
32959 1
31699 5
33040 4
31200 8
30909 2
29280 10
30430 1
30909 9
30529 11
32100 1
31100 10
30600 9
31030 4
29549 7
33449 8
31460 5
31579 2
33539 11
34190 5
33469 3
31120 5
30890 11
29990 6
41989 2
30400 5
30420 6
29099 5
32970 8
29710 3
31379 6
31000 0
31990 8
31670 11
31170 4
32600 10
33130 4
33079 5
30170 7
31899 3
30830 8
31170 8
31330 8
31349 1
29920 0
30980 4
30729 0
31360 4
30110 1
33179 4
29649 11
31810 7
32780 10
32200 11
33530 11
30230 4
10054891 5
35419 5
37270 6
31559 11
33670 0
31280 3
32770 3
33480 7
35230 1
32670 7
34659 5
34330 5
36319 1
35120 9
33660 0
34019 11
