213717 16
76959 21
60050 12
55159 10
57909 17
56420 18
54419 2
58649 5
51540 21
51369 0
55049 8
48579 13
52779 10
49770 7
62219 21
46869 12
51950 3
48199 10
54459 13
56219 20
51469 22
47290 14
49149 7
46679 9
48309 21
45629 13
43189 23
44379 14
48920 10
49329 5
47360 1
47169 5
45659 11
44609 18
58509 23
48450 0
48269 5
44050 13
49179 13
46849 8
47610 5
42339 9
42609 1
39980 14
42350 20
43009 21
44210 12
45960 12
44040 17
37689 12
41439 13
47869 9
50800 22
52399 3
50430 6
43839 2
49940 6
40270 13
47330 23
43220 11
46309 2
40970 9
41939 15
40820 11
44419 15
43350 17
46599 23
45480 1
42079 18
41860 2
46389 22
46790 3
41019 22
46520 8
42909 22
37470 3
39819 10
40130 20
40109 3
50290 7
43279 16
43360 16
38240 16
48740 4
50740 2
50069 18
47040 4
46009 22
58539 8
59410 18
46479 16
49670 10
47279 12
54300 17
59710 10
49539 12
44070 21
48400 19
49829 15
65099 12
54289 10
51989 8
52700 5
45039 22
53169 18
50240 17
48040 16
48300 14
47369 8
50130 0
51249 15
55429 22
62620 8
60239 8
52949 18
51050 9
60639 16
46539 14
65980 0
49999 8
48670 7
47670 23
51519 8
53030 21
49779 15
53810 7
54299 23
50779 7
60550 14
49810 15
52719 6
46620 9
48209 20
47710 2
46470 3
50299 10
53789 0
46869 4
51660 21
49589 7
44409 0
52449 0
44769 21
45540 9
44449 2
42320 15
47149 23
44350 3
44379 22
47760 21
47450 2
50810 0
52660 0
48259 15
52329 14
53380 9
56459 16
61199 11
71970 19
48819 9
47029 5
43999 10
49790 19
43180 21
50579 13
46500 6
48549 9
49080 17
41089 17
43240 7
41549 12
50910 20
48989 5
47449 9
45910 18
46779 6
44340 21
49799 12
42690 12
77559 19
49779 13
48770 6
46189 12
46369 13
48989 20
45879 7
49960 22
40799 13
38990 14
37229 15
47630 7
48619 15
50920 11
51609 3
49819 8
48659 8
54639 22
56180 19
45710 14
56099 11
47600 14
57109 8
54410 12
41690 20
45339 10
41870 23
47809 11
54970 22
47209 21
46739 5
47829 12
43949 23
41990 7
51319 22
47720 3
52409 2
43149 10
41719 2
48690 6
51469 2
61649 16
54580 19
50609 1
44959 3
42740 10
49349 12
42290 10
44599 8
53430 20
49220 7
48749 6
47750 22
48279 12
45470 12
44939 12
53580 16
50139 7
47879 6
48520 3
46959 6
54719 2
46469 14
41980 19
41790 15
41250 7
44880 2
53039 5
47580 17
41899 10
44200 16
40829 16
47550 14
40569 3
37860 8
40809 12
41260 4
42509 22
40430 6
43419 22
47230 10
45699 15
42670 3
39039 18
53390 13
40889 15
42420 14
46249 5
46740 18
41210 20
38610 13
41640 1
38590 10
36269 20
45180 13
40409 20
40330 21
39259 21
39850 21
45439 10
41590 12
46829 1
41390 22
40339 18
40160 8
41539 5
49600 23
45169 5
62139 8
59260 7
60189 18
50799 11
41540 18
49299 16
62469 4
49739 19
47879 4
50380 7
51439 1
51080 21
44090 4
42870 17
43670 23
43400 21
44840 11
46359 11
45709 5
49569 9
62180 11
44580 10
49049 3
51910 2
45589 5
45030 1
45339 14
45030 15
47709 9
50190 15
57149 2
68969 7
61329 12
47480 13
48979 1
46609 8
46049 4
44289 23
40169 15
39509 10
51809 1
48339 6
47340 18
48329 3
46920 4
56089 14
44870 6
49890 22
44049 2
50940 16
47429 4
50629 6
48829 7
39489 7
40389 6
41339 3
43569 1
38940 2
48410 15
42030 2
39470 12
38539 20
55009 9
45029 4
40490 22
47219 12
43720 19
40819 14
46030 10
46999 0
45740 22
49450 11
52939 6
48230 0
44379 7
46340 4
44489 12
41670 23
43509 5
49410 6
42320 17
41509 12
42749 6
257117 1
47990 20
53040 19
52779 4
45280 17
51269 7
52769 17
48169 15
48569 7
49280 1
50119 10
46410 14
48870 0
42459 22
41119 0
40649 3
46219 22
86199 17
49789 5
50290 9
50069 23
51589 10
46649 18
50119 7
51310 20
50789 17
56029 5
63609 15
59449 22
51279 9
50969 3
61079 21
57019 20
52489 14
50389 3
66080 20
60700 15
50619 22
52110 9
50170 0
62099 10
63609 1
56160 11
53319 23
58520 16
53330 19
58919 17
51350 8
53000 4
52969 20
54580 2
50740 12
53369 8
72599 12
64769 9
53359 6
49139 12
65719 4
77559 14
69949 16
75629 2
76129 16
70519 10
47390 12
55549 22
50670 18
52110 2
55569 14
50010 3
68770 22
49429 16
50659 11
57130 15
47579 10
47190 22
52119 18
48460 20
45340 14
44409 1
49959 11
44359 13
51080 21
50529 0
48459 3
49209 15
46139 23
47670 3
50149 23
47470 19
42829 15
54899 20
42729 18
44089 3
49219 7
47849 1
48960 3
47139 8
46840 18
49190 19
45529 15
49250 11
51559 4
47180 18
47989 17
49019 13
42969 15
45969 18
47980 5
58859 1
63859 23
70339 15
52370 20
53019 11
61880 7
61049 5
53339 1
52160 19
49269 12
58989 19
60910 8
58879 17
52139 13
51520 22
53639 2
43110 4
52850 22
50569 10
54630 12
64529 5
49069 19
53550 14
50989 17
52219 21
50279 9
49939 13
49440 6
50709 3
66889 2
62210 20
56310 2
62279 19
55940 11
53980 1
51799 10
54240 21
47360 14
49360 12
60600 20
55309 17
54099 2
52329 21
53069 14
53389 17
48569 21
50789 1
53360 0
47719 16
55439 18
53699 10
54379 1
44350 3
42499 11
41550 6
47099 23
46919 11
47569 21
66389 14
48440 10
49559 14
44410 13
42590 0
48510 5
48490 8
49979 22
49700 16
44939 12
46780 21
52610 7
50849 20
51290 18
49889 16
43860 2
46159 1
38800 18
46699 14
43719 10
46299 12
69849 1
49089 15
47729 21
46429 19
46900 7
47279 9
49610 3
49189 14
50839 0
46789 3
47830 22
46220 6
44089 3
43220 9
42939 20
45720 5
48129 3
48360 1
43979 19
46490 21
48390 16
142178 4
47280 18
47339 3
37530 4
38729 14
41060 0
52019 8
55970 19
58190 9
46349 14
50010 15
50280 15
48360 10
45400 6
47859 16
50070 10
54879 17
45300 16
44670 11
57149 5
49250 11
55419 12
51899 11
53810 17
50639 3
49030 10
50069 10
47039 3
39739 11
43790 21
35510 13
44650 21
46990 22
53489 14
49020 21
49219 18
49399 6
43389 21
53500 11
69428 22
50509 4
47710 4
51160 3
46509 23
46470 15
47119 23
50860 16
43330 13
46970 3
46340 11
50959 11
45660 23
53809 17
52120 0
49600 11
49039 16
42540 16
47809 7
44680 11
45039 22
60119 7
44999 2
42579 0
39389 4
41020 23
38610 22
42809 17
51069 12
45549 0
42079 18
38090 19
42440 20
40299 9
40489 7
37429 11
48029 5
44389 2
49609 2
43699 3
39870 20
39399 21
41179 22
38479 13
51029 9
42429 6
39800 22
41029 10
38540 0
49449 0
41730 14
44919 10
37300 15
37919 1
41259 2
37450 3
39840 1
43789 12
39839 13
48699 23
48699 11
49439 10
51000 14
50349 14
46759 23
55469 23
69779 2
46399 23
44149 13
45489 19
50120 14
46099 7
45980 11
42549 20
44230 21
46499 11
50439 11
43509 23
38580 15
41340 9
54849 0
47650 11
43799 14
49820 13
46319 7
48319 5
46409 6
41200 20
61830 6
42239 12
37820 14
42349 16
42490 5
43599 16
54020 21
67550 21
58849 15
51770 7
52610 12
51149 19
49360 12
41859 22
46090 4
45129 11
50899 2
49169 16
50399 5
45990 0
57689 5
48400 12
49190 5
46479 10
44380 18
44349 23
44170 19
48129 14
44170 0
45129 13
38300 2
41059 10
37970 15
46719 3
44980 13
50639 20
40979 20
44269 20
43189 9
46649 17
47279 20
46910 8
54279 6
43620 10
38509 13
41240 16
47879 7
50400 10
47539 14
44759 15
49210 13
42379 9
39910 12
42119 7
44150 0
45639 14
46910 1
43869 15
40490 18
41009 23
37180 2
40979 2
37070 7
41120 11
44960 4
71729 18
45500 8
49540 9
41550 1
50000 23
45239 2
41960 23
38719 5
42770 12
46209 11
45540 7
45039 2
41530 9
41539 22
41190 1
45079 8
41060 0
45209 11
42810 17
41689 23
38860 4
51189 11
141949 3
63560 10
55189 18
51869 14
54790 3
55579 17
46070 9
54979 23
56159 16
55519 3
50910 16
43400 23
51330 22
53919 8
56000 21
57680 12
61069 13
73629 0
51900 13
52540 0
48469 13
46960 13
48949 18
50310 2
52919 11
48939 0
47500 16
50809 15
48060 11
52429 13
55289 22
61570 21
59869 12
59979 1
51389 7
63700 13
50359 12
49770 0
45110 12
52029 13
49139 8
50249 14
50580 15
50089 17
55899 11
49059 2
51899 0
53799 20
55189 20
49719 4
57660 15
49279 14
48869 16
48119 19
49269 18
58810 20
48390 0
47639 10
49109 1
50509 9
45430 22
50229 21
46489 19
48619 12
48730 13
56290 21
51859 23
47729 8
44519 8
49520 2
48080 7
50449 0
48190 4
51559 3
53790 4
59930 21
48359 18
51410 16
53170 14
47419 23
45289 21
45639 21
48750 3
48859 18
50810 23
59840 12
59949 14
62499 10
56120 20
50279 7
56450 2
55369 6
48789 19
49120 23
68559 14
56979 7
61290 8
48560 8
50669 18
48720 10
54769 5
51320 0
47070 8
48339 7
57480 20
48150 4
50550 16
47550 21
53559 20
56109 22
51419 14
51429 6
50760 23
61499 22
49399 17
54709 7
52919 2
61639 8
63499 14
62899 15
45819 17
52220 10
50959 15
53689 0
54509 1
56919 21
57519 23
52170 9
49329 3
50590 7
47959 23
57160 8
54820 10
56439 11
53639 10
48559 2
49189 10
49820 22
50989 4
50200 8
51710 8
47989 7
50470 15
51599 5
52840 11
52470 12
44179 15
46830 22
41749 23
49079 2
44749 16
61359 23
48650 4
50099 4
48329 16
49540 9
47809 9
46409 3
49629 21
49280 0
50879 23
50809 20
44529 10
45909 8
47039 0
41709 16
44630 1
43269 11
44280 14
48329 9
49580 23
40559 12
71729 12
46620 2
1441623 12
47759 20
418715 22
48000 3
39840 10
37369 13
36979 17
37470 18
35729 22
36050 13
35579 11
40369 10
34869 6
38209 14
42020 19
38730 23
37530 16
41269 5
39300 17
40889 7
40470 21
42749 22
38510 9
34340 4
35420 17
33269 6
35309 15
37360 17
51979 16
34380 15
38949 15
39320 5
35029 18
34400 5
