6950 0
520 0
370 0
450 0
510 0
250 0
580 0
380 0
300 0
370 0
390 0
200 0
390 0
170 0
340 0
320 0
590 0
280 0
230 0
490 0
430 0
210 0
310 0
360 0
400 0
480 0
300 0
410 0
440 0
260 0
610 0
230 0
470 0
340 0
340 0
420 0
330 0
220 0
280 0
190 0
350 0
180 0
230 0
190 0
310 0
440 0
440 0
300 0
320 0
300 0
1051 0
309 0
380 0
351 0
569 0
311 0
580 0
611 0
300 0
349 0
231 0
449 0
831 0
449 0
331 0
340 0
209 0
351 0
389 0
291 0
340 0
309 0
320 0
400 0
231 0
300 0
380 0
460 0
309 0
311 0
440 0
389 0
371 0
239 0
240 0
220 0
360 0
380 0
370 0
430 0
340 0
260 0
310 0
360 0
270 0
380 0
220 0
360 0
220 0
180 0
540 0
540 0
220 0
350 0
380 0
560 0
310 0
260 0
430 0
440 0
260 0
310 0
420 0
400 0
720 0
190 0
230 0
250 0
290 0
350 0
210 0
180 0
270 0
330 0
450 0
330 0
310 0
550 0
280 0
290 0
510 0
320 0
290 0
420 0
200 0
680 0
330 0
410 0
380 0
200 0
530 0
430 0
330 0
200 0
340 0
550 0
200 0
350 0
390 0
200 0
469 0
520 0
440 0
480 0
440 0
280 0
229 0
351 0
329 0
231 0
280 0
249 0
191 0
340 0
280 0
429 0
200 0
191 0
260 0
769 0
431 0
240 0
349 0
300 0
211 0
509 0
331 0
229 0
231 0
260 0
420 0
540 0
500 0
400 0
309 0
240 0
331 0
240 0
360 0
180 0
229 0
360 0
290 0
210 0
320 0
210 0
350 0
270 0
300 0
250 0
809 0
420 0
480 0
169 0
831 0
329 0
411 0
380 0
271 0
289 0
320 0
311 0
720 0
209 0
231 0
360 0
280 0
190 0
220 0
240 0
250 0
340 0
560 0
250 0
390 0
200 0
220 0
180 0
190 0
200 0
250 0
220 0
320 0
460 0
330 0
300 0
450 0
240 0
240 0
220 0
190 0
630 0
200 0
310 0
310 0
540 0
200 0
310 0
620 0
250 0
390 0
340 0
360 0
300 0
310 0
340 0
360 0
260 0
230 0
470 0
340 0
360 0
450 0
220 0
400 0
280 0
320 0
240 0
190 0
370 0
220 0
220 0
290 0
380 0
190 0
300 0
190 0
240 0
200 0
440 0
260 0
270 0
220 0
400 0
390 0
200 0
380 0
190 0
230 0
200 0
280 0
500 0
290 0
310 0
240 0
340 0
330 0
480 0
200 0
270 0
410 0
580 0
669 0
331 0
371 0
260 0
291 0
300 0
431 0
680 0
200 0
329 0
360 0
271 0
340 0
400 0
320 0
349 0
231 0
360 0
589 0
231 0
540 0
309 0
191 0
240 0
409 0
320 0
240 0
240 0
320 0
531 0
320 0
231 0
220 0
231 0
380 0
449 0
451 0
440 0
340 0
440 0
200 0
349 0
211 0
329 0
229 0
220 0
331 0
420 0
369 0
309 0
260 0
371 0
700 0
331 0
389 0
300 0
280 0
471 0
369 0
660 0
239 0
410 0
220 0
420 0
460 0
540 0
400 0
350 0
230 0
230 0
470 0
410 0
190 0
280 0
230 0
230 0
390 0
260 0
230 0
300 0
310 0
280 0
330 0
240 0
320 0
340 0
430 0
440 0
290 0
210 0
390 0
350 0
200 0
200 0
210 0
300 0
350 0
290 0
290 0
380 0
500 0
470 0
270 0
550 0
390 0
220 0
270 0
580 0
500 0
300 0
380 0
280 0
310 0
350 0
360 0
220 0
400 0
240 0
320 0
430 0
320 0
260 0
320 0
390 0
350 0
230 0
420 0
310 0
210 0
330 0
210 0
310 0
450 0
340 0
300 0
230 0
230 0
260 0
270 0
370 0
220 0
440 0
460 0
310 0
250 0
310 0
250 0
300 0
470 0
410 0
310 0
330 0
210 0
200 0
390 0
300 0
310 0
270 0
420 0
400 0
250 0
410 0
360 0
470 0
240 0
390 0
350 0
250 0
320 0
350 0
370 0
270 0
210 0
330 0
300 0
260 0
430 0
240 0
340 0
250 0
260 0
220 0
320 0
360 0
280 0
180 0
200 0
460 0
340 0
500 0
220 0
400 0
260 0
240 0
180 0
310 0
290 0
210 0
