112369 2
131988 0
69119 1
63460 1
71970 2
71639 0
76539 3
68789 0
72069 1
67249 2
62620 1
62129 2
64629 0
68930 1
68788 1
86328 2
65550 3
67859 1
65639 0
64080 3
66009 3
76159 0
69329 2
67689 1
65600 2
68570 1
67089 3
71619 1
66849 2
67230 0
77199 1
59820 0
64899 1
61139 0
61020 0
58549 2
62239 3
66700 3
76188 3
69150 2
65579 0
64379 3
69199 2
69129 0
67170 0
78009 3
61589 2
63839 2
64360 3
62349 2
61599 1
67539 0
63940 1
64899 1
59839 3
63019 1
63659 0
63649 2
62989 0
63539 0
78079 2
60739 2
61699 2
62719 1
65220 2
60270 0
62589 3
60649 2
62270 1
60979 3
68099 0
62509 1
62940 1
57049 0
60939 1
62630 0
74010 3
60179 1
62569 2
60119 3
65099 2
63849 3
65299 2
65219 1
61470 1
70069 0
60609 2
64430 2
61879 1
72909 0
62309 2
61889 0
71570 3
60339 2
62049 2
62509 2
64450 2
61429 0
66659 3
82449 0
80399 3
63839 1
77750 2
66729 1
64299 3
66229 3
77059 1
67150 0
78189 1
78699 2
67259 0
84489 1
79219 3
68809 2
72389 2
73899 2
68780 3
71049 3
79429 1
74469 1
84819 2
80879 0
73759 2
69629 0
63040 1
67939 3
68989 3
70179 2
72569 1
71820 1
86919 1
81128 1
76379 1
114588 3
70229 1
61509 1
64839 3
63359 1
63510 3
63079 1
72869 3
63429 0
65559 1
66789 1
69890 3
65529 2
64709 0
68779 2
156299 2
71709 1
68479 0
78509 1
63949 2
67490 3
58799 1
64079 2
53309 0
49660 1
49499 2
54180 2
59590 0
54069 1
52860 1
70830 1
56369 2
55559 2
51259 0
49279 3
50470 3
48599 3
48529 0
47259 1
49780 2
49360 3
54139 1
56849 1
58849 2
63819 2
56469 3
56429 3
53209 0
62120 1
50910 1
50559 0
51540 2
50349 2
53890 2
52740 0
49529 3
49439 1
55409 1
55449 2
55090 2
50109 1
48129 2
48219 1
48789 2
48970 1
49129 1
48100 2
51319 1
63919 3
54660 3
49929 1
51869 1
47060 1
54369 1
47610 3
48089 3
46599 1
49090 0
47330 3
46919 3
52089 1
49620 1
51279 1
53389 3
48830 0
49149 2
50180 3
55809 0
48760 3
47970 0
49159 0
49690 3
48589 3
52329 3
52760 1
52109 3
50060 1
54809 1
50120 1
47830 2
51010 2
49019 1
57439 2
48219 1
48779 1
47029 2
46619 2
60579 3
46310 3
48439 3
46430 2
51729 0
53789 0
49890 1
50179 3
49580 3
51329 2
50709 0
52210 2
61379 0
48760 2
50769 0
48569 1
47430 0
50289 1
47349 1
48260 3
57349 1
52210 2
47589 0
51219 0
54680 3
49519 2
47410 0
49529 2
47980 2
49990 0
47300 2
49319 2
49249 3
52310 2
48069 2
49539 1
51750 1
47829 0
50530 1
48569 0
59780 1
55820 1
65679 1
60469 2
53360 3
61429 0
62039 0
62519 3
64630 3
54839 0
62809 2
58870 3
50139 3
56599 0
52470 2
54829 1
50160 0
71709 0
55629 3
62869 0
54760 1
55269 1
52229 1
54730 2
56059 0
49169 1
51310 1
48099 1
55100 1
54559 3
60659 1
57010 2
56859 3
61579 2
58079 2
78870 3
57499 1
51819 1
58390 1
56459 3
65099 3
61910 3
55420 1
58109 3
57989 3
59140 2
53239 0
51740 3
48809 3
53499 3
53500 1
54509 2
98849 2
52199 0
49250 2
50729 2
49570 1
54919 1
52019 3
49310 2
52639 3
49940 2
50229 0
48689 1
49650 0
54039 2
48030 0
49619 1
48210 0
50599 3
48239 2
64290 1
56070 0
48889 0
51920 3
56179 0
67969 1
61650 1
57570 1
53479 1
63600 3
63640 1
55149 2
51719 0
63129 1
59589 0
56559 3
51060 0
65519 1
53630 1
57269 0
55169 0
57940 3
56410 1
49229 1
52750 2
51390 2
52859 1
48840 0
50009 1
50340 3
58540 2
60789 3
57509 0
53269 3
56459 1
47850 2
65749 0
51749 0
48920 1
49559 3
53309 1
57939 0
53439 0
53639 0
53240 3
54219 2
54069 0
49759 3
49709 2
48260 0
49599 0
51339 0
48279 2
52540 0
53969 2
65239 3
56599 3
49820 3
50359 2
53999 2
52559 1
50149 0
50200 0
49729 0
50469 2
48880 3
48190 0
48050 2
48889 1
50240 2
49589 0
50869 0
48569 2
48789 2
55250 3
49609 0
46640 0
51929 3
48610 1
49549 0
51339 0
47960 3
48589 2
48879 3
49810 2
50719 0
50560 0
49919 1
56130 2
50450 3
48129 2
47090 0
48469 1
46850 0
59439 3
47639 0
49269 1
49579 1
48550 0
48269 2
50659 2
49360 2
48429 0
51210 2
56329 2
56319 0
53130 1
50729 3
46720 1
50469 0
49679 0
48560 0
47789 1
48090 3
57059 1
50849 2
46909 3
49210 1
51049 1
51939 3
50230 2
49459 0
48230 0
49199 0
52389 0
59909 3
53889 1
50359 3
55650 0
52969 0
54630 1
51740 3
52659 3
61780 0
52160 1
48839 2
54330 0
53059 0
56449 2
60560 2
64669 0
71479 1
57769 0
59180 0
64059 3
59269 0
58399 0
63299 3
71379 0
60199 0
69819 1
58219 3
54709 0
56770 2
50940 0
61129 0
53129 0
57019 1
56659 1
56859 3
58349 1
56869 2
62079 3
57399 2
63489 0
65129 3
53360 2
100179 3
55559 1
49629 0
50450 3
46819 3
51590 1
48190 3
55919 3
58479 0
57470 1
54339 2
55999 1
55040 3
51499 2
50810 1
50419 3
47300 1
47029 1
61999 0
49550 2
51059 1
49280 3
49900 3
55539 3
65690 1
57069 0
53459 2
50029 2
49900 3
50499 2
49020 2
48239 3
52079 1
49670 3
48779 3
49289 3
48379 1
55970 3
53609 0
50160 2
49550 3
55669 3
50579 0
47859 1
51520 3
49759 2
53289 0
48250 0
51189 1
47639 0
51149 3
48769 3
51090 0
49549 1
47629 0
49930 1
49879 1
60600 2
52329 3
51079 2
64689 2
68259 3
64569 0
55899 2
61469 2
55409 0
51449 0
60660 0
58999 0
67109 2
52350 2
49089 2
49360 3
50910 2
61039 1
56199 3
56250 2
54179 3
58620 3
54430 3
49009 3
47610 0
46889 3
50680 0
50479 2
54909 2
58500 0
59999 1
57379 0
51630 3
49719 1
51629 0
49039 2
60959 0
50510 3
47339 3
65839 0
60970 3
58489 3
56759 1
61789 3
58309 2
53339 2
58630 1
52090 3
48829 0
50940 3
50139 3
51209 0
51379 0
50150 1
55590 1
54969 3
52609 0
50639 1
55659 3
51040 3
54559 0
50980 0
53320 0
49119 2
54269 3
51350 0
53729 1
52000 1
50979 0
58609 3
52619 2
54679 1
51589 3
62849 3
49759 2
50340 2
46889 0
48690 1
48830 1
52559 1
45610 2
55309 3
56120 2
53050 2
53229 3
63899 0
57479 1
52009 3
54260 3
58730 1
51549 3
48490 1
60509 1
54789 2
54750 2
53439 0
56569 1
53490 3
59849 3
56000 1
56840 1
51839 1
52089 1
52360 1
51439 0
51430 3
51339 0
50799 0
51079 2
59609 2
75899 2
59760 0
51519 0
52999 1
47860 3
49749 1
50010 1
51989 1
51239 0
57570 0
58009 3
55019 0
54220 1
52699 1
64589 0
63559 2
64140 1
69589 3
106489 0
51509 0
51340 3
49780 3
50569 2
55140 1
63589 0
63659 0
58540 0
59150 3
64949 3
55710 0
51149 2
55439 1
56370 1
63490 3
67339 2
51709 0
51030 3
51939 3
48299 1
51809 3
55329 2
53460 1
236007 2
50089 0
51770 0
51879 3
51249 2
50020 1
57089 3
56359 1
73580 0
56569 3
50710 0
48380 1
50509 2
51600 1
49009 2
47839 0
51099 1
51379 0
53260 3
51999 1
58170 2
54480 3
54429 3
57609 3
51849 2
52429 3
48630 2
63809 1
48629 2
51140 1
47769 1
51650 0
51060 2
52119 1
49890 1
49979 1
48830 1
49309 2
48760 0
46359 3
51859 1
48940 1
49509 2
53079 3
48930 1
50240 1
63539 1
48179 3
50420 3
47560 3
52179 0
50370 0
50189 2
48379 2
52659 2
48469 0
48680 2
51219 2
50760 1
50609 2
49199 1
51640 1
51299 2
47400 2
57649 3
52389 2
66968 2
50680 0
51360 0
51340 3
46209 3
48410 3
51379 2
48560 0
52620 0
53379 1
49050 1
52719 2
50020 0
46960 0
50099 2
47590 1
51599 0
47820 3
49259 2
47650 0
61710 1
47419 1
50190 1
50249 1
52520 2
59579 1
55079 1
54859 0
46219 3
48689 3
48490 2
47829 1
48120 0
50109 2
47129 3
47789 2
48169 0
61510 3
63809 0
75339 3
54599 2
52940 3
60069 3
48820 3
50570 0
52109 3
57820 0
60400 2
57709 1
56479 1
55069 2
56819 0
61129 0
61100 2
54959 0
54359 3
70680 0
63380 2
59459 2
51410 3
59160 0
139728 3
80179 1
62579 1
59790 1
52449 0
54939 3
50969 0
54759 3
51810 2
49369 1
54520 1
83230 1
51609 1
54349 1
65260 3
59820 2
57129 2
54050 1
49400 3
48359 1
45090 3
45019 0
47880 3
52329 0
52310 3
44230 3
45540 2
48760 0
50409 3
50680 0
114518 0
53550 0
46659 3
51329 0
49539 3
51119 0
46800 1
47629 1
50700 1
46159 3
48219 2
47290 0
49159 3
48030 0
46069 2
50970 0
54059 3
63699 0
92389 3
48150 1
51879 2
47619 0
52420 3
47549 0
50090 2
48669 1
48940 3
47590 0
48330 0
48329 1
48959 2
47580 0
51029 0
53080 0
50120 2
51939 2
60460 3
69479 2
56499 3
56200 2
49299 0
52809 3
50280 0
49369 0
52640 2
53620 1
50529 1
49130 0
48579 2
51909 2
51870 3
53199 0
51260 0
51039 0
49460 3
48680 0
52289 2
64650 1
49870 0
48039 0
53520 1
49879 3
54990 0
51460 3
51719 3
51870 1
55649 3
53180 2
52510 3
54609 3
51159 2
52049 1
54559 3
64130 0
67349 1
67109 3
49529 3
63320 2
61689 1
63419 0
65259 0
68929 3
63689 0
55509 1
53729 2
50879 2
54739 2
50280 2
53679 1
57589 2
55990 3
51069 3
61829 2
52859 0
53749 1
51420 0
52610 0
52089 0
53890 3
56479 1
64119 1
61819 3
51409 0
58989 0
57060 1
51010 0
50139 1
50960 0
47599 1
57530 3
62480 3
53009 1
51959 2
55640 1
54939 0
53060 3
