238828 23
317077 7
109639 1
112139 8
107189 18
121069 4
104049 20
106809 6
114269 12
113539 11
111029 13
105859 12
108909 8
111589 8
121849 7
98809 4
99669 10
101399 16
102419 4
100069 19
94590 10
95670 16
99249 23
94469 19
119489 9
105499 7
103839 21
96549 7
96129 0
94409 8
95349 7
97470 11
96659 8
97340 3
112609 22
99849 4
92309 16
94489 8
96899 5
96219 7
100399 19
97079 8
97610 11
97209 14
114229 7
98769 17
95349 2
97529 15
95529 6
101600 3
90870 2
87389 4
91539 4
88469 3
94419 3
91969 12
90610 8
88499 4
87809 21
88379 10
91700 0
91970 21
89939 1
94209 11
97449 20
99899 18
92329 21
89770 5
91019 0
89719 20
91129 22
91899 7
92409 6
91779 1
88080 23
88919 23
101979 19
92269 13
93939 17
97820 14
92539 5
91399 23
90619 15
92959 2
91119 16
89199 2
93260 12
107749 3
84469 11
91399 9
93389 9
88520 4
92680 11
87259 9
92279 1
135669 9
91039 14
97799 8
93059 14
90549 19
88559 21
95010 8
91309 18
103389 18
99309 1
90809 20
98239 11
97360 10
111959 7
102679 23
103879 6
100430 21
98729 22
92379 16
93999 21
97069 19
93429 9
98819 10
129399 16
95749 4
95490 2
99859 5
98389 22
95859 6
93779 5
99889 22
100629 12
98759 18
104300 6
96648 9
92810 15
95799 22
95289 22
96739 4
93179 5
95559 11
96190 9
101179 18
107360 0
92829 12
94519 0
102359 18
95549 5
93989 15
101120 19
100239 15
103560 23
105329 15
107069 8
105739 16
103079 5
107539 6
105509 11
105659 20
99059 5
107689 11
107409 4
99729 16
120719 11
99019 19
92239 12
93630 6
96249 12
100579 21
94459 15
96999 16
92289 0
96469 22
107749 13
99569 3
95599 5
96509 9
98959 1
99959 9
94889 11
92979 17
96389 7
96689 5
99770 8
95549 9
101749 12
93129 12
100009 8
95829 5
96189 8
98929 1
93250 9
98879 7
106449 23
98859 15
99849 20
100999 0
92389 21
99279 11
96209 20
95960 12
94620 3
99719 6
105229 6
94239 12
96299 19
105029 8
106579 8
100709 1
97659 18
94730 20
95160 0
98899 6
112129 2
97719 23
99259 15
92959 19
102579 14
94969 14
94449 5
95319 13
95949 21
100959 3
103949 22
118879 1
92139 18
92939 6
86989 11
91849 21
87720 5
90059 4
92979 23
92249 20
91380 3
105239 9
93200 23
89879 20
90679 8
97229 16
92289 2
97989 1
94179 4
100019 15
92739 20
89759 1
103509 4
89799 20
89879 22
92240 0
85069 13
96609 23
86769 12
90839 10
89719 2
92389 0
92629 22
105309 9
96419 14
95729 16
93160 0
91610 15
88180 17
88179 9
92529 18
94389 7
94300 20
97979 4
90360 17
91239 21
93719 16
91149 20
91900 18
93739 19
93329 6
92909 4
90599 4
98239 4
105329 3
94449 20
94610 3
94160 20
93379 14
95839 8
94759 11
88499 15
95740 7
90788 23
90139 8
105709 16
90579 7
94569 18
87479 21
93460 11
91329 15
94399 7
90219 19
88969 8
89539 11
101179 23
102310 14
108350 17
94170 15
90619 3
91149 22
90959 5
89750 15
92399 9
89650 12
93609 7
102759 3
95189 13
91119 19
90889 12
90930 16
88929 20
98769 2
92309 13
89259 15
87740 1
92759 16
105339 23
90459 13
89669 8
97929 15
94270 22
90209 19
89029 11
90739 19
86859 14
86669 1
163508 16
95729 16
92049 21
94760 12
96730 4
97569 9
94779 5
103589 23
113159 1
108689 23
111419 13
95459 23
90919 11
98859 18
94580 8
105050 7
102619 14
99769 9
93809 16
95539 0
104209 10
95639 15
95349 20
92799 15
92679 8
102960 8
99439 19
99189 14
95159 12
96109 23
102799 16
104609 9
97179 12
93580 5
99230 12
97549 1
96029 8
95499 3
99399 15
97029 1
110209 14
93059 0
101159 22
92748 0
96900 19
95739 11
103599 19
98619 21
95529 12
97539 5
108599 4
89639 18
96928 10
102020 20
98139 18
96419 20
94039 18
102269 15
98219 23
91980 14
100439 11
108419 20
104488 23
94819 22
97649 18
99199 5
98899 4
95619 23
96589 11
93649 19
92329 7
107489 23
94849 3
93339 15
97429 6
96109 12
94019 2
94990 6
106559 15
97199 8
100429 1
104919 6
99619 7
102809 16
101549 5
95029 19
96750 22
96188 9
101319 3
95559 17
101789 12
114299 11
96909 14
105049 8
100429 20
95979 14
96229 12
100970 1
96328 19
96520 4
98299 16
158518 9
91630 20
88170 22
94469 2
86919 13
93359 17
88569 4
92759 22
95019 6
96109 1
103049 5
90789 19
93659 1
93269 14
265837 0
88699 11
89440 3
94259 15
90949 17
100779 11
84869 21
92889 7
90799 21
95440 21
92580 16
92589 8
91869 13
90049 5
94489 8
91759 15
99579 2
86629 18
94549 9
92499 17
88819 3
89479 23
91339 21
90919 0
91159 13
92699 16
96289 3
103210 11
92959 2
105808 3
89049 9
104419 18
89559 1
96579 23
93499 16
93489 15
89340 19
101659 12
97819 18
103699 22
95229 19
97159 7
91229 18
87510 1
90879 3
95669 2
93549 0
92419 18
94309 22
89559 5
95319 10
90889 13
92719 5
90429 17
89449 0
95280 17
91019 16
93009 18
101839 23
98519 14
90239 14
92560 14
91340 10
89009 3
93389 19
93979 10
95549 15
95329 23
93690 10
107780 5
107969 19
97279 12
94029 9
93569 1
93029 12
100049 4
92190 3
98519 1
98889 3
104989 9
93959 20
90379 20
102139 5
104249 2
99139 7
88989 17
95280 0
89639 4
88729 10
97759 8
107339 4
103749 14
98379 7
94759 2
94769 14
96979 7
91639 17
98509 10
97169 15
96899 10
105389 12
99460 14
101968 3
101759 14
101000 15
97149 12
97149 22
96259 21
99599 19
97179 8
145979 5
97909 23
93709 1
96519 2
93230 9
98730 3
103799 7
98549 22
102319 10
93409 7
107879 0
94099 21
96129 22
97679 17
95860 0
100579 12
91939 18
95579 4
90439 0
95919 3
109449 10
95669 13
96470 22
96189 4
103169 15
99749 5
96689 15
101269 7
91739 3
100669 2
111249 17
93830 6
96560 9
95379 4
100169 1
96049 21
95829 0
109289 13
98219 13
100369 11
106830 0
101730 4
96228 20
100199 1
96539 0
103249 0
105569 18
100689 1
100769 9
102889 14
117449 10
108959 20
105689 3
99509 3
99929 9
103070 20
110630 20
105419 8
98450 0
114170 22
99070 7
105619 23
106699 3
104279 9
102409 12
109309 3
99259 1
104759 12
110119 6
116519 15
97149 20
103549 20
98809 19
96169 12
99910 11
104408 23
104279 0
101259 12
102779 11
174088 14
95429 19
98720 23
93968 19
94640 9
97189 23
101289 3
102139 1
99419 17
100989 6
91719 18
98049 15
96630 19
96630 14
98589 18
92959 7
95209 15
97619 6
97319 16
100790 7
97239 8
93369 21
97169 22
98229 7
101239 4
93959 13
90069 7
94019 23
94999 11
95289 2
102059 23
90619 9
94819 19
91829 7
90820 22
97479 15
95779 8
96889 13
93429 11
90739 23
97709 20
90799 1
95129 15
87339 2
90359 0
94089 7
93500 23
93499 13
93549 19
94389 13
93499 11
102419 9
90969 20
90829 0
91990 14
91769 14
91359 0
94999 17
95789 14
90170 7
92449 4
90519 4
103979 0
92749 3
90999 3
87630 15
101248 11
90550 6
89379 23
90049 19
98129 13
94489 4
102000 9
93179 6
94249 12
92079 1
90699 12
91749 5
97709 23
94140 4
89919 5
93869 5
92519 8
105469 3
94429 3
97599 20
95789 3
99228 9
101399 2
95299 14
96519 12
95239 9
96629 13
115519 1
93439 9
94759 0
98689 10
98690 3
100049 11
99599 23
99109 10
90939 21
97669 8
123029 23
99399 19
89829 11
91930 10
93539 2
93479 23
95869 19
90859 15
91820 10
96208 10
93029 17
107199 20
91699 22
94989 7
94769 9
90799 15
93399 8
93569 9
89399 15
90969 7
89739 9
99689 6
92530 4
91570 20
89389 6
95499 13
89399 13
93309 10
87950 18
92250 8
91409 15
93059 20
101819 21
92419 6
97769 13
96339 2
93400 5
95559 3
96569 3
95859 22
92899 22
97649 2
90840 21
103130 23
94880 11
92259 11
90179 6
97529 8
90769 19
89828 3
87809 19
97659 2
88909 21
102299 2
93889 19
94450 0
92149 22
94979 14
97249 0
89719 9
91919 6
92539 18
94768 17
91060 21
112919 2
99739 12
91529 10
94309 4
91609 7
92859 23
88739 11
102609 15
99579 1
99709 4
101999 16
93759 7
94059 1
95290 23
93048 4
100940 21
90679 6
97489 20
89299 5
92689 14
87599 20
101028 9
99960 2
95559 6
94919 0
93249 8
97609 22
91969 13
95239 1
97379 10
94099 18
110019 13
94449 13
95639 4
94169 1
94789 10
91400 22
91279 13
101599 0
91749 12
88439 13
92089 23
153988 17
99289 16
96959 11
96000 23
93888 14
96889 5
96189 17
92209 13
96859 11
97149 13
103089 23
105029 19
96869 18
99799 15
93579 13
98509 8
94319 5
98479 23
93839 16
103399 18
102809 1
101928 14
99179 19
100890 21
99299 15
96749 16
98729 3
98989 12
99489 5
96369 3
104929 22
101509 1
93459 16
99520 17
96309 6
101089 11
99249 19
98249 9
96309 10
95929 8
105830 4
97668 18
100219 14
98609 15
95759 4
96369 23
105059 12
99429 5
100749 7
98379 15
110439 13
99429 20
101479 6
99249 1
101009 4
118469 22
122519 20
97450 22
101019 6
109079 16
94239 20
102209 2
96269 5
98489 19
97049 11
95030 8
95779 20
97929 20
97099 13
95169 1
107819 11
93699 9
96139 5
98249 3
94790 22
95399 17
96719 9
101489 0
104219 14
95929 6
99709 15
99879 0
102579 2
99148 18
99939 12
91459 14
88979 23
97209 19
91139 10
96829 6
103750 5
95269 22
90849 23
94949 5
88869 10
90829 11
95040 22
91159 5
90979 18
90499 10
91739 3
115659 5
88059 10
88500 14
93659 16
89119 21
89049 17
87659 11
87710 3
93769 6
88119 21
88949 6
106729 18
99489 18
96489 20
92950 15
94548 2
95609 1
94409 20
96699 4
97099 15
96879 13
110489 17
86200 0
89059 18
92629 0
86959 4
94939 2
87119 16
92569 10
88310 0
88829 11
91279 1
96559 17
90570 23
94868 22
92910 22
94439 6
87379 14
87259 21
84149 14
89339 14
89019 8
92129 10
98289 16
94799 9
94830 23
89450 8
91979 11
88459 15
90549 20
92029 12
89569 15
95270 8
86809 22
105339 22
91579 0
96299 22
86619 10
95719 9
85740 14
93899 23
