129829 11
135039 0
149419 13
153969 0
180329 8
166959 3
249667 8
220988 2
211168 8
197849 10
266797 2
207869 8
205299 13
190748 13
177089 2
254178 15
217298 13
205349 4
237189 4
254688 3
222948 15
207538 5
203599 4
218448 1
210008 13
162799 12
170309 10
193748 2
179719 8
222008 5
157739 1
200409 7
211128 11
205148 11
236508 9
207429 9
168849 11
122749 6
123079 1
102139 4
108299 0
127769 10
113469 5
115620 2
115490 2
117010 6
120269 3
109909 9
106609 4
73280 6
143968 1
176329 10
206609 14
178508 2
184009 13
220498 5
205209 5
221198 12
227328 15
217938 9
234789 0
251218 13
230758 10
237478 14
233288 12
225068 9
255638 11
232308 0
244508 15
249378 3
260138 12
210578 13
201769 7
215708 6
226739 3
248728 14
244138 2
246548 14
276068 15
237718 12
237088 8
251019 8
284158 5
233929 11
203018 4
226008 3
214798 2
228828 13
236058 11
221618 1
205159 4
287828 7
224108 4
199348 13
211848 10
237389 10
160418 13
121519 2
96290 9
85889 9
158679 4
183479 1
183479 14
217989 7
173029 12
181629 6
174408 12
191848 10
238668 14
217519 3
250398 11
243858 13
257728 6
183998 14
160379 14
144459 4
153099 4
160518 13
226779 10
188628 7
224969 15
251478 8
223348 2
274548 15
220788 2
230289 2
213498 7
242628 0
224908 12
219319 15
217149 1
250458 12
215109 3
198789 13
246628 3
209649 2
246838 10
201988 2
205059 15
208369 8
228818 6
217938 15
201129 2
145959 11
201948 10
272508 1
201638 2
191828 1
117979 13
149799 11
153359 15
196388 6
252798 7
240438 9
248238 4
239968 13
259258 6
238478 4
251198 14
266438 7
304368 3
248238 4
230808 14
215108 9
233669 9
206059 14
223808 9
217719 1
250058 13
218788 7
211069 4
213779 1
189048 7
225558 13
198599 4
209548 1
202029 0
200969 13
273958 6
182659 7
208089 7
221879 3
235968 2
215708 12
142099 13
136229 3
145699 6
166399 4
197498 6
170769 3
190638 2
189559 9
125959 1
137869 9
103269 9
95379 15
81869 8
54039 9
47939 2
46330 15
82029 4
114909 12
156449 7
210218 6
238199 14
162278 4
198639 14
216458 10
213409 15
230618 6
189949 0
199909 7
193108 5
128479 9
156619 6
135879 9
136749 6
126629 6
141239 8
139319 15
162519 15
202258 9
160809 3
187349 9
175308 6
173709 3
178269 14
198108 3
178359 11
178048 11
185398 12
204438 7
255089 7
232368 10
236108 6
245618 1
256008 15
242458 0
219139 11
232299 3
259558 10
234308 14
186069 0
163729 15
169709 3
259288 4
167219 9
165449 0
139739 12
122459 6
27650 8
24460 9
23070 13
44400 2
45609 6
42740 1
43870 11
47039 3
44399 5
45940 10
44329 7
44730 11
46320 9
46409 4
47650 5
46560 4
46359 1
45920 8
45980 2
47129 13
49560 2
46019 4
45709 7
46590 3
40250 6
33510 8
27830 4
26470 2
30299 10
39489 8
38340 6
35300 6
31819 2
31360 8
31320 13
32240 6
31209 4
34149 6
35090 6
37160 8
39529 11
36060 0
40880 5
42739 2
42840 6
41980 1
46259 14
38920 11
31860 1
30279 9
59049 2
57960 1
47459 13
48629 2
49680 14
50649 1
50020 8
51150 5
48649 13
49880 5
54430 4
52520 9
48950 2
49649 0
50360 11
57589 15
49349 2
47700 13
53049 9
40600 10
36940 8
41950 12
48139 11
48210 6
44509 5
43420 9
41110 14
38179 4
45420 8
47760 3
47239 11
46550 5
47770 12
51069 11
51210 4
50999 10
71030 3
63729 11
55560 2
48609 7
41130 1
44920 15
48599 2
51049 7
50770 5
50669 1
54760 3
51410 6
48759 11
42100 13
66120 3
46589 11
46580 5
49110 5
47949 12
48700 4
50849 9
48470 4
46470 0
43769 3
42480 3
36620 0
41629 10
43640 15
47800 0
50779 4
47950 12
50210 0
47140 12
43440 13
51050 7
34160 1
35200 3
28200 0
29810 5
30480 13
35710 11
37680 0
42949 11
44250 5
43460 9
44609 5
42200 11
42580 10
43489 10
43800 7
41770 14
45579 6
47940 13
45830 3
44219 3
44240 10
42930 1
43709 15
50060 0
44390 4
40100 13
41730 1
41450 11
40659 14
436106 11
326518 10
262158 5
263228 13
286298 7
281928 14
239758 2
354057 15
339307 10
264798 8
261038 12
148569 9
58920 2
54299 12
56880 13
53339 6
57349 13
57969 14
56319 9
52170 14
56409 0
54780 9
56900 1
53180 1
56270 2
52559 6
57340 12
82839 3
162359 10
57430 5
77750 3
256838 2
258798 0
433297 8
288968 3
248207 12
252758 0
262758 10
281418 6
247627 11
249169 0
247158 10
266428 1
266978 7
248018 12
252328 4
288338 5
243828 14
264788 13
341437 3
276717 14
266678 14
286549 9
300067 4
334757 3
302518 14
309508 2
291448 4
298348 11
374837 3
307647 10
272208 13
326218 0
320077 3
459897 13
433726 4
344128 14
283378 12
288167 0
327037 3
271108 1
281448 4
322807 4
346177 5
330297 8
397217 2
310238 15
531085 4
313488 14
410937 4
475506 13
303367 8
413187 13
371387 14
285708 2
272258 14
260148 7
281688 6
325857 3
318208 14
336667 5
248908 1
497737 13
354038 3
263238 10
293988 15
306117 8
283098 10
295648 11
274688 8
