177569 3
42000 8
118289 1
139299 10
146159 2
60349 10
1295420 9
211118 11
124749 7
147649 3
85659 2
148679 4
63499 3
72549 9
53989 9
163928 0
67100 10
64489 1
127599 0
33970 8
85079 0
61559 1
78959 2
8273537 7
51360 10
81079 10
9891705 9
99189 11
72900 10
105639 10
82229 0
79330 2
61279 3
55090 2
54669 10
53740 9
61649 1
59060 11
65419 11
29039 8
96009 11
50319 1
10222172 7
102199 5
60900 2
65480 5
57679 2
53200 6
8542275 11
67759 7
61739 10
62079 11
65040 9
66050 0
7639181 7
85480 1
135129 0
94439 7
76279 10
76190 0
9437548 11
30010 8
58019 0
59770 10
95169 4
8733613 7
60379 11
57700 3
78119 6
117689 6
74139 3
108919 1
80139 5
82620 3
164469 10
119969 1
8143308 3
47850 6
1815436 7
49380 4
100149 5
53330 11
92130 10
165589 2
56469 10
68809 1
26429 7
30090 8
104769 1
67130 4
65129 3
23420 7
53150 10
73329 6
53510 6
160408 2
113700 2
70809 7
71070 0
57379 4
87979 6
51930 2
387857 0
63510 10
215829 2
54770 5
83160 6
66679 3
58240 11
55090 0
72250 3
50790 9
26830 7
60720 2
53569 10
69720 2
77270 1
58030 0
50800 9
61040 10
66629 11
70369 5
34529 8
120579 3
68549 1
66909 5
59000 5
70399 1
114059 11
63770 11
63469 11
69869 4
61170 9
63250 6
85339 2
61979 10
87419 11
67170 4
67229 3
63280 4
63939 2
28460 7
63839 2
67070 4
213359 6
67540 6
68089 11
65240 5
100889 2
84119 3
74590 10
51759 9
53310 10
61439 0
35690 8
59709 2
49600 9
68300 4
59979 6
61400 5
67219 5
26440 7
61100 4
58749 5
49740 9
62480 3
59290 3
28129 7
74299 3
56460 4
62220 1
57640 2
55790 2
86719 4
204319 4
55029 10
32909 8
57350 2
9341219 7
30440 8
80340 5
78539 5
111649 4
34490 8
114499 11
196399 0
102119 9
98699 4
88469 3
80539 0
79849 6
71450 2
39009 7
71400 0
85529 9
122119 11
170699 0
122679 2
137189 6
43450 8
71000 10
151849 4
112649 0
162629 0
136689 9
210258 4
75390 1
32370 7
34050 8
119719 0
59980 0
93099 9
62940 3
56559 3
57960 1
29520 7
171958 2
69320 1
72709 3
63750 2
76010 1
60039 11
29090 7
112839 4
64750 0
61990 5
28640 7
62560 3
64399 1
60070 3
25230 7
28729 7
57940 5
62469 9
58420 3
67000 5
25170 7
31410 8
66580 11
58790 10
64499 6
67349 5
62450 6
76109 6
62680 0
29730 7
72890 1
173208 4
27709 7
64090 2
78340 0
27230 7
94319 0
23200 7
58819 3
157258 2
95339 1
10025313 9
223409 7
70880 3
96199 0
121129 5
67680 6
223758 6
28950 8
106729 9
62519 11
63210 11
202148 6
52909 5
111199 2
108589 6
55119 11
56269 4
128308 3
61439 9
122059 0
138539 7
50070 7
38699 8
95119 4
138629 3
285558 5
63059 11
65850 9
211139 11
92659 4
73290 2
108539 9
105199 3
31320 7
76279 1
86929 6
55019 9
210398 5
157319 4
96849 7
67229 6
56620 9
48799 5
261528 0
134299 10
68889 6
39330 8
30709 7
34559 8
29010 7
61220 9
78749 11
69110 0
68740 6
61049 0
84319 3
83829 1
66700 11
28589 7
50289 5
24800 8
53719 1
55819 11
55680 6
72959 11
50420 9
26209 8
62670 9
62160 11
57599 2
50780 5
71539 0
64460 0
63109 0
73620 1
74529 11
74519 2
78549 0
60840 11
59469 11
75800 0
157859 4
47820 8
69259 1
70660 6
35829 7
33230 7
73790 1
68349 5
116229 2
71800 10
68449 5
75490 1
70579 6
60590 2
115209 5
57090 0
58939 0
69890 1
8087578 11
76760 2
124749 8
81009 6
101959 5
123059 2
197149 1
60429 11
73300 2
88939 3
247188 10
103310 11
164579 3
142549 7
82810 2
147239 9
47310 8
83869 7
106419 2
115469 4
67229 8
37620 8
127979 2
76849 5
74450 9
182758 9
76460 5
249178 4
51170 8
77480 9
135019 2
103939 7
71949 4
89439 3
68169 4
90939 9
96949 4
142179 4
150789 0
72779 10
39660 8
96119 1
102009 9
82060 2
93529 9
142359 3
166849 4
64409 11
149139 0
85709 7
108540 3
78649 11
167399 6
73179 1
72530 0
91429 1
119179 4
146309 3
82089 1
44470 8
121139 11
90830 6
75840 0
85429 5
208428 9
92060 4
84799 2
73040 5
71849 6
207818 9
160658 9
87720 1
86569 3
31130 8
69119 4
86790 6
30009322 11
598965 11
60839 3
114459 3
70909 5
50930 2
19345833 7
99429 2
60629 3
60790 4
62880 4
29779 8
84469 3
50469 2
72630 10
109393426 11
35329 8
364868 1
27877987 7
228909 0
116529 10
39647808 9
71239 7
202409 2
262878 1
244488 2
234988 2
607705 4
238008 2
26600 8
20860 7
410267 6
57510 9
24429 7
203479 0
311498 4
294267 1
210529 6
183438 5
199049 5
175839 4
207049 0
24160 8
170098 1
41990 9
40580 9
164379 1
202948 0
21430 7
191688 6
167199 3
176319 5
27080 8
161519 1
22070 7
26070 8
18950 7
4463676 11
178109 6
427857 3
59740 10
166809 5
306317 2
62620 10
195858 0
63630 10
164528 0
165389 6
