148539 0
85359 0
87639 0
84649 0
83999 1
52780 1
43509 1
43730 1
2903763 1
50260 1
59669 1
78160 1
54860 1
113819 0
108559 0
101249 0
100399 0
201888 0
130319 0
218228 0
62849 1
49229 1
50490 1
62460 1
60329 1
60539 1
131369 0
142249 0
159099 0
120449 0
51140 1
122669 0
48040 1
49269 1
58270 1
87099 1
102039 1
110409 1
204368 0
130379 0
61130 1
62239 1
140489 0
172078 0
200708 0
190989 0
74199 1
63549 1
148159 0
188338 0
58660 1
100979 0
113209 0
104229 0
113209 0
2218550 1
84279 0
86649 0
87119 0
45160 1
97949 0
91499 0
45530 1
46110 1
44360 1
44489 1
83840 0
91549 0
99199 0
48700 1
41820 1
93069 0
90409 0
44770 1
1492766 1
126629 0
111539 0
95069 0
101329 0
88820 0
100749 0
100799 1
45809 1
96180 0
115138 0
57380 1
40079 1
40689 1
41190 1
102369 0
105059 0
47259 1
67639 1
176288 0
103719 0
55280 1
66159 1
142469 0
51789 1
118799 0
102519 0
45770 1
96769 0
43380 1
43049 1
127969 0
54830 1
157398 0
196528 0
138279 0
160428 0
2927004 1
103339 1
71849 1
59480 1
169278 0
119329 0
109289 0
52720 1
53209 1
43850 1
94489 0
109139 0
51920 1
49050 1
52990 1
92530 0
46139 1
104749 0
88810 0
52170 1
96629 0
52640 1
48900 1
99119 0
85760 0
45080 1
92379 0
1211179 1
49100 1
48429 1
47790 1
47969 1
44419 1
42410 1
110069 0
44889 1
117009 0
47620 1
122408 0
105959 0
46009 1
89760 0
46399 1
45579 1
42649 1
92879 0
87080 0
86899 0
86969 0
53009 1
103728 0
109870 0
46849 1
86179 0
42600 1
81879 0
42000 1
43799 1
100309 0
1846463 1
97889 1
245558 0
191829 0
91289 1
148909 0
57570 1
139169 0
167048 0
83060 1
95839 1
204949 0
65819 1
153229 0
165038 0
72399 1
126468 0
143019 0
168159 0
136019 0
120399 0
51590 1
96559 0
58029 1
154149 0
133199 0
129128 0
150238 0
142359 0
56519 1
110939 0
115789 0
109309 0
47640 1
925042 1
98299 0
45220 1
44140 1
42919 1
42210 1
45050 1
47550 1
42300 1
111289 0
119068 0
49959 1
50300 1
43059 1
43720 1
45559 1
95459 0
103080 0
130218 0
117808 0
47629 1
119519 0
60649 1
47930 1
106439 0
111249 0
45360 1
108530 0
110450 0
132159 0
1629475 1
94879 0
264077 0
136959 0
123749 0
106799 0
109439 0
55569 1
47240 1
89179 0
45699 1
94940 0
117449 0
95479 0
90499 0
47960 1
134509 0
130259 0
65129 1
93290 1
158208 0
151269 0
55609 1
109029 0
51870 1
92129 0
149949 0
52659 1
47970 1
115809 0
134719 0
80150 1
1506316 1
129569 1
45229 1
110608 0
95579 0
87339 0
96249 0
53489 1
55800 1
49969 1
130399 0
134729 0
130439 0
51959 1
118679 0
114409 0
58020 1
53249 1
127519 0
50849 1
116059 0
128589 0
121399 0
108369 0
117889 0
1886183 1
116089 0
95339 0
98829 0
97349 0
48210 1
112849 0
93019 0
44689 1
112048 0
51940 1
47200 1
95849 0
102749 0
93249 0
104309 0
46429 1
45760 1
94639 0
87449 0
109619 0
55490 1
49189 1
64440 1
61649 1
53139 1
47180 1
47010 1
141429 0
86649 1
101649 0
67900 1
71730 1
84679 1
58399 1
132878 0
137669 0
54879 1
147878 0
142749 0
1273688 1
114799 1
40240 1
117639 0
93119 0
96899 0
103039 0
100119 0
102109 0
52080 1
51619 1
88819 0
84710 0
92569 0
87489 0
53600 1
84879 0
84839 0
42540 1
1910982 1
144099 0
49439 1
48520 1
125949 0
117309 0
109169 0
47839 1
45520 1
91069 0
41010 1
50209 1
122209 0
116759 0
51160 1
44020 1
96159 0
51070 1
47209 1
107939 0
46360 1
96449 0
97179 0
88949 0
54210 1
111759 0
50440 1
91719 0
104790 0
51669 1
55670 1
122038 0
117488 0
117239 0
128918 0
116549 0
50210 1
49479 1
62040 1
132029 0
59069 1
57280 1
81090 1
175238 0
114269 0
144959 0
46749 1
1505946 1
165029 1
56370 1
114448 0
158888 0
56220 1
48709 1
135509 0
146209 0
117899 0
117219 0
54570 1
125579 0
164108 0
197168 0
1551236 1
72830 1
51529 1
109519 0
51390 1
109309 0
104939 0
101489 0
43289 1
41790 1
40440 1
46119 1
106699 0
91219 0
88150 0
87769 0
101789 0
88979 0
91799 0
98159 0
54670 1
114709 0
113209 0
117879 0
92279 0
46139 1
83549 0
107299 0
43969 1
91630 0
42269 1
93079 0
98799 0
116259 0
50910 1
85939 0
40960 1
81719 0
41790 1
82720 0
91409 0
89619 0
81419 0
84010 0
52170 1
125019 0
58840 1
124659 0
60210 1
120109 0
57649 1
52250 1
112298 0
115130 0
74630 1
55519 1
65920 1
61999 1
1888123 1
80549 1
157099 0
139828 0
187899 0
213448 1
58359 1
60990 1
148648 0
50470 1
55749 1
54420 1
60719 1
81570 1
79469 1
73959 1
2062221 1
90910 0
55599 1
46080 1
100439 0
108459 0
46209 1
109629 0
103579 0
41709 1
42300 1
116929 0
46059 1
147429 0
153908 0
92350 0
93530 0
46479 1
93249 0
46729 1
97359 0
44580 1
46819 1
44330 1
48939 1
44230 1
42150 1
46569 1
86050 0
46360 1
55480 1
131259 0
91429 0
102530 0
50929 1
1207499 1
84479 1
86119 0
42619 1
46420 1
48049 1
94470 0
44119 1
42620 1
91089 0
98749 0
50229 1
101839 0
45410 1
113679 0
2610086 1
146299 0
126419 0
129669 0
144108 0
84579 1
258217 0
102969 1
211628 0
130009 0
49350 1
47920 1
114859 0
60459 1
136489 0
106989 1
143889 0
73269 1
65230 1
76569 1
81639 1
85270 1
114428 0
112168 0
129119 0
116759 0
53070 1
53079 1
117249 0
109559 0
111159 0
56360 1
111229 0
96809 0
48569 1
128779 0
1771314 1
84719 0
90890 0
45729 1
96809 0
45040 1
60189 1
113739 0
45220 1
89999 0
1389897 1
86820 1
90560 0
52539 1
42420 1
46949 1
92909 0
116730 0
97070 0
107750 0
92159 0
45489 1
45700 1
47540 1
94970 0
43580 1
40860 1
116819 0
45849 1
118619 0
102119 0
101129 0
43050 1
152779 0
108170 1
90530 1
148248 0
203839 0
52559 1
103959 0
54669 1
188298 0
117219 0
53419 1
54680 1
72259 1
104829 0
169549 0
135459 0
121819 0
105289 0
126549 0
132689 0
91839 1
206248 0
127579 0
2560417 1
51089 1
115579 0
61200 1
55099 1
99159 0
46540 1
50499 1
44530 1
46259 1
99909 0
75369 1
176698 0
67890 1
120038 0
99149 0
101179 0
98609 0
106409 0
998511 1
96339 1
49719 1
95069 0
44199 1
43790 1
83199 0
44390 1
86529 0
84289 0
82449 0
99450 0
83040 0
84959 0
45370 1
42999 1
82549 0
44890 1
49160 1
119459 0
111430 0
100939 0
47690 1
91359 0
76859 1
107139 0
101470 0
42459 1
49920 1
89719 0
43340 1
90500 0
42759 1
42630 1
96019 0
45980 1
83269 0
87879 0
161559 0
99970 0
46169 1
89839 0
43200 1
52219 1
51289 1
53630 1
49879 1
118539 0
87619 1
274938 0
99329 1
2527667 1
255508 1
60509 1
94629 1
242748 0
100109 1
169488 0
1447577 1
56820 1
91379 0
43909 1
48010 1
121489 0
55879 1
53870 1
54389 1
118289 0
95519 0
39259 1
44000 1
112918 0
107730 0
49759 1
128529 0
42000 1
48129 1
41640 1
111879 0
48459 1
120099 0
48530 1
41570 1
96170 0
146398 0
112799 0
118249 0
87069 0
45660 1
43029 1
41789 1
76060 0
79339 0
42899 1
102549 0
51640 1
93929 0
71839 1
98419 0
44160 1
83009 0
46160 1
91479 0
48050 1
105349 0
57969 1
49680 1
92789 0
277327 0
5695738 1
111309 0
116969 0
85940 1
66060 1
1425087 1
106589 0
89069 0
45510 1
47909 1
43170 1
122819 0
49459 1
126509 0
138149 0
48550 1
53569 1
102149 0
40820 1
94169 0
53889 1
48320 1
110569 0
87009 0
108359 0
89019 0
82710 0
42940 1
98329 0
89209 0
39099 1
88029 0
43080 1
86729 0
89259 0
79210 0
46830 1
43890 1
75269 1
38130 1
38409 1
87299 0
97188 0
99469 0
47079 1
40950 1
42630 1
40779 1
78459 0
74700 0
41159 1
42940 1
76459 0
44730 1
50799 1
77820 0
78649 0
75349 0
40420 1
48479 1
46640 1
5512620 1
132058 1
116690 0
99919 0
121630 0
2224199 1
125739 1
49199 1
84259 0
47039 1
97459 0
125338 0
46360 1
83549 0
47550 1
47759 1
57130 1
55629 1
90220 0
80970 0
76639 0
45410 1
52740 1
46330 1
101599 0
120879 0
50089 1
91689 0
111969 0
52790 1
118159 0
126779 0
52019 1
55110 1
1902192 1
122049 0
110099 0
101929 1
135019 0
96419 0
50820 1
51979 1
56920 1
51269 1
46350 1
85349 0
43980 1
45489 1
79969 0
48079 1
46530 1
39159 1
80350 0
2056881 1
105599 0
92409 1
79639 0
42360 1
81959 0
106239 0
51290 1
93819 0
46189 1
44700 1
77789 0
40470 1
41730 1
37490 1
94459 0
85610 0
46890 1
48720 1
120388 0
92549 0
44029 1
106999 0
100649 0
45560 1
117299 0
46630 1
44300 1
47170 1
70049 1
42780 1
95729 0
44529 1
107199 0
113039 0
92928 0
62530 1
105389 0
43409 1
43430 1
43860 1
43510 1
98108 0
136668 0
80530 1
107759 0
52459 1
61639 1
120208 0
93789 1
76750 1
157918 0
103249 0
141348 0
103729 0
57650 1
147028 0
2799305 1
170288 0
102959 0
92729 0
95319 1
48680 1
52300 1
106789 0
88359 0
98529 0
82489 0
47840 1
78979 0
86679 0
77900 0
43260 1
76229 0
81470 0
84059 0
76329 0
75490 0
71779 0
85079 0
46520 1
46479 1
44410 1
45809 1
43339 1
40750 1
86859 0
45799 1
41400 1
82560 0
91290 0
53060 1
109479 0
42040 1
37869 1
82590 0
53479 1
43610 1
98429 0
44579 1
75249 0
72299 0
73689 0
45510 1
39260 1
74519 0
78339 0
84450 0
80170 0
42149 1
39710 1
40730 1
77659 0
70749 0
76629 0
41780 1
70479 0
45140 1
84909 0
42180 1
69579 0
42060 1
78089 0
40220 1
78319 0
37820 1
1151969 1
122409 1
39190 1
40309 1
