111549 6
21140 0
27340 2
12677893 7
6590 2
6330 3
760 1
3370 7
4790 3
4680 3
4970 2
5150 4
3580 7
6510 3
47750 4
52659 4
5170 4
45050 4
51769 4
4420 5
4260 7
33780 4
5720 3
4580 4
610 1
7810 7
5960 3
8010 5
3440 7
5230 2
280 1
2920 0
5131 3
6029 6
5991 3
489 1
8170 4
5270 2
4180 6
4260 4
410 1
8320 6
6370 7
28330 5
6240 5
6140 4
3750 0
8860 2
6810 7
780 1
20740 7
7800 3
8930 5
4210 0
5160 3
10510 7
3620 0
12990 4
5400 0
7060 6
4330 7
5530 2
5120 3
68079 3
480 1
26690 2
6060 2
8350 4
4410 2
6800 4
10920 4
3229 0
6451 3
369 1
5331 4
4720 2
4799 3
6750 3
5460 0
4480 7
7490 3
3110 0
6740 3
5850 3
13330 4
6120 4
6470 7
5930 4
10780 2
7090 3
13630 5
8300 5
6369 6
5400 7
4019 6
7430 6
8890 5
3550 0
6280 2
6370 2
3716502 7
6840 2
9270 3
4850 5
3730 3
5410 7
5410 3
700 1
3810 4
4510 0
5650 4
3940 2
922763 0
3994840 2
4340 6
24940 4
5140 2
5200 4
6110 0
3570 6
5160 7
5020 3
5190 6
3910 6
4910 7
2470 0
3730 6
20010 5
290 1
4040 7
400 1
3550 6
450 1
240 1
3970 2
5800 6
4290 4
480 1
220 1
3560 0
1891615 3
5160 5
4340 3
4500 6
4800 5
350 1
230 1
6980 2
8370 2
5420 0
14869 3
6810 6
8524935 7
29190 2
5370 6
9300 3
6020 0
5430 4
8990 7
4310 7
4470 6
1760 1
310 1
6400 5
6300 5
41269 5
4540 3
3920 6
7270 7
6470 0
12250 3
2720 1
3360 7
10420 2
3570 6
11740 3
3810 4
11300 7
4890 4
7419 6
4520 4
4420 7
3829 6
5400 2
851 1
4289 3
6979 4
8050 5
3650 7
4160 2
350 1
300 1
21330 2
4100 4
480 1
6570 4
4990 2
3760 3
4170 3
4030 0
25970 3
31370 7
1939 1
9020 5
6290 0
6180 3
410 1
7160 6
9220 6
5170 0
1005403 2
6220 3
6500 4
5630 5
4280 3
5060 6
6290 3
6050 4
9907205 7
14300 6
310 1
14860 4
7100 6
21299 5
11600 0
550 1
4830 2
3510 7
340 1
440 1
6270 4
290 1
4850 5
3660 7
14660 5
5980 7
4420 7
490 1
4830 5
620 1
9280 3
710 1
44809 0
3590 5
4040 7
510 1
5120 0
5160 7
6500 0
7670 3
68050 0
25720 6
12080 7
12819 6
7550 0
11300 7
13750 4
5950 0
7140 7
79700 4
8759 0
12650 5
10340 5
17060 4
6829 0
10440 0
12790 4
9690 7
9930 3
9370 5
6950 4
2790 1
14290 5
10600 4
8510 6
7800 5
14830 5
6369 0
4811 7
5360 6
8189 3
13100 2
5990 0
5260 0
6100 3
93589 2
2420 1
972603 6
16700 7
540 1
12670 4
7460 6
4640 0
6640 0
11800 2
8889 7
23110 0
15600 3
8730 6
1430 1
1844586 6
13300 5
3800 0
11240 0
530 1
360 1
5890 0
6510 2
28854311 7
4480 3
11349 5
3280 0
7770 3
300 1
5360 5
13280 2
4850 6
4990 3
15160 3
6470 3
5830 2
4360 3
4190 2
4280 3
4430 7
650 1
6660 6
5100 5
5300 5
3931 7
3220 2
7860 4
349 1
7460 3
3980 3
5519 6
7620 4
4620 3
5340 7
6440 6
4860 7
5650 6
6620 4
6170 7
920 1
4910 4
5450 6
640 1
7700 5
370 1
9600 6
470 1
5380 6
7050 7
930 1
10470 5
8830 4
32270 2
9059 3
1080 1
5400 0
4420 7
5171 4
4620 4
5380 0
7689 6
8180 6
9120 6
5230 7
7200 3
690 1
5160 3
8280 3
620 1
5830 6
14420 3
5370 6
5800 3
330 1
6490 0
5530 5
6820 5
7860 6
3471 0
4800 0
8760 2
6509 5
7990 2
5810 2
6300 3
8840 4
3360 0
5150 7
9250 2
44310 5
6080 4
4739 0
5471 4
4960 2
6849 3
18230 2
6820 5
6140 2
6630 6
6180 0
4700 2
8190 3
330 1
5740 0
4120 0
3860 4
5680 4
340 1
4739 5
6140 4
5191 3
5075791 7
11200 4
862333 5
3880 3
5140 0
8070 0
7200 0
61019 2
4191 7
72749 5
4190 5
410 1
7460 4
3780 0
5440 7
730 1
4170 5
4420 5
5220 4
5420 6
13880 4
12749 0
4291 2
62590 4
5120 2
29270 4
3390 0
4890 5
6049 6
411 1
4940 6
5269 6
5180 5
9200 2
7410 4
5280 3
4760 7
6130 0
5280 3
6570 7
5480 5
8520 6
5840 2
4940 5
3330 5
5070 5
4430 2
4910 6
4569 7
5640 3
4271 6
13789 0
5480 3
490 1
4570 5
5420 3
4870 2
4850 0
5250 6
3440 7
3810 2
3430 0
3430 7
5480 7
620 1
4700 0
440 1
3900 6
6010 3
4740 3
650 1
3460 4
5760 5
4980 3
4190 4
3450 0
3800 4
6170 0
4129 4
3991 3
4809 3
491 1
5020 5
3280 6
