16680 11
4350 2
730 7
2240 14
740 14
1709 15
860 1
1540 0
700 10
1720 14
771 0
1649 6
771 15
2149 6
831 11
1800 6
680 13
1620 2
1740 10
749 13
1751 3
730 1
1680 6
890 4
2100 8
780 5
2760 6
740 8
1870 8
750 7
1900 0
880 4
1820 8
680 2
1650 0
730 6
1760 13
720 11
1840 4
780 15
1920 13
780 15
1730 12
860 8
1650 11
810 6
1920 7
950 10
1460 12
940 10
1690 12
750 12
1860 1
920 5
2850 11
790 3
2000 8
1690 1
800 11
1720 6
1050 3
3360 9
760 8
1710 13
1060 0
3070 15
1460 1
690 9
1510 3
720 9
1569 6
2140 12
791 13
1629 11
771 10
1940 10
869 14
1480 2
2700 10
760 15
1560 14
780 14
1611 5
680 10
1931 4
1729 6
780 1
1770 5
820 14
2210 6
1630 5
790 1
1580 3
810 3
5020 7
760 11
1680 12
1710 4
730 8
1950 14
840 14
1830 8
2750 2
680 5
1620 3
760 5
1540 10
800 14
1640 9
1610 6
790 15
1770 7
910 3
1600 14
690 3
2050 2
2490 3
750 3
1530 8
710 12
1610 2
2670 11
810 13
1570 13
760 12
1540 1
860 10
2350 14
890 10
1990 4
1490 3
780 15
1520 9
1589 5
720 11
1649 13
880 6
1580 14
711 5
1660 11
849 6
2000 13
2240 3
749 4
1751 1
949 1
1600 15
751 6
4709 14
1680 0
830 9
2720 15
10060 13
1760 10
1450 0
850 8
1570 9
830 10
1430 11
810 11
1470 0
2090 7
740 2
1370 6
980 8
1780 4
1380 7
800 15
1710 14
800 5
1630 10
780 6
2510 13
1770 9
780 4
2720 15
800 3
1710 10
2620 3
770 14
1520 11
900 3
1670 13
820 6
1720 15
1570 0
820 9
1390 3
850 6
2020 13
809 9
1651 9
889 8
1640 9
1831 5
740 11
1931 14
1800 15
769 5
2931 10
820 14
5770 0
810 2
1940 1
910 13
1610 9
1950 0
880 11
2860 7
1690 8
910 8
1670 8
810 14
2250 4
780 11
1590 12
920 15
1670 14
1470 3
870 9
1940 6
870 8
1950 13
840 9
2840 14
1770 10
810 15
2720 13
880 0
1820 10
1680 11
840 7
1830 8
870 10
1480 15
860 14
3470 1
1520 7
810 3
1630 15
790 3
1750 1
1580 7
810 9
1860 10
820 8
2769 4
800 11
1909 14
1991 8
811 12
1969 2
860 7
11430 7
810 12
1490 6
1750 6
820 10
1690 4
830 12
1830 7
1720 10
820 10
2220 9
940 1
1620 2
810 5
1900 0
890 14
1700 7
2450 11
780 4
2030 3
1540 1
860 4
1590 7
860 9
2130 5
780 6
1870 1
780 10
2440 12
1580 2
840 14
2540 0
840 9
2130 9
740 15
2150 5
1990 9
800 15
2180 14
830 1
4310 10
2760 4
800 13
2130 2
840 1
2360 13
789 2
2300 5
2211 1
769 0
2100 5
880 11
2380 5
4891 13
800 14
2379 10
760 5
1800 1
790 10
1830 2
2490 14
790 10
2210 8
810 8
1860 11
2900 2
750 12
2420 2
810 10
1810 1
740 12
1910 6
2030 12
890 15
2120 7
870 7
2080 15
850 6
1890 13
920 11
1920 12
2050 11
800 2
3280 11
2010 3
890 5
1760 6
910 13
1850 10
770 11
2970 13
870 1
1820 10
2510 14
740 0
1810 14
3190 0
910 1
1779 12
920 2
1871 9
960 4
2240 2
869 9
2031 11
1889 5
820 3
5189 1
971 6
1909 9
800 0
2360 5
1810 5
790 6
3410 4
950 6
2010 5
2290 14
950 9
2080 11
780 9
1910 4
900 0
2020 15
1970 2
870 4
1950 8
880 6
2030 4
1830 4
810 14
2580 15
770 11
2020 3
910 6
1980 3
1650 9
900 15
3680 15
970 7
1720 12
840 7
2000 15
1840 1
860 8
2280 0
770 6
1780 14
1880 0
810 9
1820 6
910 1
1800 5
770 2
2940 10
769 7
1680 13
1560 7
809 4
2111 14
5329 3
860 7
2891 3
969 5
1910 13
890 10
1820 15
1020 10
2140 12
2020 1
800 9
1750 14
870 14
2070 13
1820 8
850 7
2020 5
900 0
1840 11
870 13
1800 8
1950 3
750 11
1840 13
910 0
1750 2
860 5
3440 7
2360 15
840 5
1830 6
860 7
2120 5
2740 5
820 5
1820 3
840 3
2180 14
780 0
2030 3
2570 1
790 11
1830 3
900 2
1920 8
1790 15
830 2
2270 0
820 12
1860 8
820 12
3920 14
1900 11
920 14
5131 7
900 0
1769 15
871 0
1559 15
1880 5
750 2
1850 2
830 8
1660 4
1740 4
840 5
2020 5
820 6
1850 2
800 14
1680 9
860 14
1660 1
1810 2
860 12
3760 15
1850 7
740 12
1880 10
870 2
2250 14
850 8
1910 2
910 3
2050 10
2530 1
840 1
3280 0
780 8
1990 4
860 6
1840 13
2400 10
830 9
1950 1
890 3
2070 4
3130 3
860 11
2200 6
850 9
1770 9
849 6
1780 2
2300 7
931 0
8209 10
840 5
3271 3
2039 11
850 7
1890 5
960 0
1930 4
780 12
2050 14
1720 10
800 14
2060 5
870 4
2020 15
890 9
2690 0
2000 13
810 5
2100 0
890 6
1850 12
2080 0
920 3
1830 12
940 11
2450 0
880 14
1850 11
950 4
1750 12
2000 10
830 2
2260 5
1980 10
930 0
2870 5
910 0
2090 6
770 6
3350 12
930 14
1800 4
1990 14
830 7
1790 4
930 6
1929 6
1891 7
1120 7
1871 14
809 10
1671 4
940 14
8480 15
1940 0
820 4
2029 5
930 5
3080 8
880 5
1910 15
2110 4
850 15
4140 6
890 13
2230 2
1990 2
780 7
2170 11
790 8
1890 13
870 9
2060 13
1910 5
820 4
1840 3
950 10
1810 1
2410 3
850 5
2020 14
850 0
1640 12
720 12
1880 5
2380 15
910 2
2460 4
830 10
2300 5
1020 1
2990 1
2540 2
870 3
1760 11
870 13
3370 4
1920 4
880 5
1889 11
1031 1
2040 15
820 6
1789 8
900 11
1780 4
5991 6
740 5
2069 6
2130 8
730 11
2500 3
1000 11
1640 13
880 13
3360 3
1010 0
2240 5
1950 14
820 15
2200 6
830 4
2040 11
840 9
1950 4
2190 11
820 14
1980 4
900 7
1810 10
1870 2
880 8
2200 5
930 13
1940 10
830 6
2240 11
1950 14
850 2
1930 10
870 9
2230 5
1900 7
850 11
2370 4
1030 2
2820 12
900 14
2030 5
1970 5
820 10
2269 14
1029 1
1900 13
860 13
1820 10
2231 2
809 12
2291 15
1000 13
5809 11
2410 10
770 7
1990 2
1020 1
2890 8
850 3
2340 0
940 14
2090 8
2160 7
900 14
3100 12
2060 15
890 2
1810 8
920 5
1990 5
870 11
1840 5
800 12
1840 9
2320 9
830 4
3860 5
2180 5
920 14
2070 15
900 1
2160 2
790 5
1870 0
880 0
2060 11
1940 1
940 7
1970 1
940 2
2450 13
840 0
2430 12
2570 15
870 8
1960 12
960 5
2291 7
2240 6
889 11
2609 7
931 5
2220 0
849 13
2831 3
21219 4
910 3
2140 6
880 0
2880 13
2000 0
960 10
2040 9
870 13
2000 1
790 12
2460 2
1940 3
790 7
1870 13
820 15
2950 13
990 8
2030 6
2760 10
990 4
2080 12
700 12
2340 3
1920 14
780 3
1730 2
940 10
1890 4
880 4
2090 2
960 8
1979 5
1920 11
860 0
2000 3
2440 10
991 6
1789 2
1000 6
1760 0
829 13
3740 9
920 14
1930 1
1880 7
760 1
1900 11
980 4
1710 11
1040 15
2340 1
4720 14
960 1
2590 15
870 9
2000 0
1880 4
870 1
2130 0
880 15
1980 15
900 5
2490 7
1960 7
850 2
3040 15
900 8
2030 5
1940 3
800 12
1810 1
920 11
3440 0
910 5
2000 0
2370 4
860 9
1730 8
990 2
1760 14
810 13
1790 12
2190 6
860 6
1910 11
860 11
2371 9
1960 5
909 9
2800 6
920 14
2151 8
789 8
2060 9
1080 13
2031 7
2849 11
860 5
1960 2
1900 6
900 15
1830 9
860 1
3330 14
930 2
4680 15
860 14
1900 1
2170 9
870 12
1900 10
2020 4
780 1
2620 10
900 6
2430 13
830 3
2060 13
960 11
2140 8
1980 9
840 3
2220 9
850 8
1880 9
930 13
2110 13
1810 12
810 4
3660 10
940 3
2020 10
1700 15
1030 3
1760 7
1040 2
2150 0
830 14
2539 12
1929 6
891 2
2140 1
1020 13
2460 14
2109 14
811 1
2140 7
800 8
2080 8
949 5
2230 6
2970 7
900 8
1860 1
960 10
1990 6
950 11
2350 4
5580 2
1060 3
2330 7
800 12
2920 4
1880 15
1020 9
2070 5
1020 7
2330 8
890 9
2590 6
860 1
2470 1
2400 2
950 7
2300 3
1930 0
770 9
1970 1
1010 11
1750 9
800 9
1880 3
910 10
2310 8
2120 15
1030 13
3780 14
890 3
1910 10
750 2
2119 10
1931 0
960 4
1980 6
860 12
1780 14
2309 11
911 14
1800 6
920 11
1729 8
889 9
1831 3
1740 3
840 1
1540 4
910 10
2620 13
1890 11
940 11
3310 14
810 13
6270 9
760 14
1910 8
2210 14
800 0
1910 2
930 7
1870 11
2210 5
780 2
2230 3
880 6
1870 3
830 4
1970 4
2070 2
940 2
2260 6
880 15
2180 10
920 1
1870 7
900 6
2800 10
2260 1
950 7
2170 15
2000 8
920 10
1950 12
1040 3
3220 9
889 15
2280 6
931 11
2069 6
2060 6
911 0
2220 1
1771 7
940 14
1800 3
989 0
1900 4
920 10
2110 14
980 0
2640 13
2300 0
840 4
2980 4
900 11
1950 0
830 0
5100 0
2030 4
840 15
2700 13
910 10
2200 8
1810 1
840 13
2050 8
1000 1
2260 8
910 15
2090 12
1880 5
910 0
3450 10
1000 15
2060 5
2280 13
910 10
1970 1
910 6
2210 9
980 4
2570 3
2170 5
840 0
2290 14
1020 14
1859 11
860 13
1780 15
2160 11
960 3
2911 4
989 1
2211 7
1969 3
951 15
2611 10
951 12
2169 8
950 0
2250 6
870 9
2310 3
1800 8
860 5
2020 14
2740 0
850 12
4980 6
1060 15
2290 10
870 3
2250 7
880 9
2170 11
2870 3
820 8
2210 6
860 9
2290 5
910 3
2930 7
2060 1
850 5
2230 0
990 10
2370 13
2000 13
830 14
1820 11
860 14
1960 1
1000 15
2240 4
1890 10
740 2
1890 2
940 3
2330 14
2019 13
880 8
2160 4
971 11
2020 10
820 2
2909 5
2740 11
800 11
3060 4
900 12
1890 15
2420 3
930 7
1890 6
990 9
1990 1
910 6
1830 10
1930 8
890 10
2220 9
1270 14
7290 10
1240 10
2390 1
1070 10
2780 1
3260 15
1290 13
3080 2
2330 13
1210 4
2940 8
1270 12
2450 6
1070 12
2240 9
1180 13
2730 9
2200 14
1270 6
2500 6
2410 2
1170 7
2390 1
1160 3
2240 2
1180 13
2200 15
1111 9
2389 7
2369 4
1211 1
3791 13
1091 7
2820 12
1060 7
3030 3
2230 1
1040 11
2760 0
1160 4
2350 9
2290 7
1140 6
4370 1
990 6
2380 10
1160 9
2310 6
2090 2
1220 1
2580 4
1260 3
2450 0
9470 1
1150 15
4950 2
1070 11
2260 0
1140 1
2750 13
2520 4
1320 2
2480 4
1080 7
2340 12
1160 7
3091 10
2831 5
1151 15
2431 2
1149 15
2200 12
3709 1
1280 11
2720 14
1110 11
2260 6
1070 14
2260 9
1300 9
5080 15
2570 1
1210 6
2270 4
2270 11
1080 13
2310 12
1320 1
2320 12
1300 4
2550 8
1240 15
2220 5
2160 3
1080 13
2470 11
1180 1
2240 14
2320 14
1180 13
4230 3
1220 7
2560 7
1270 2
3310 2
2540 4
1140 3
8980 7
1100 7
2109 0
1360 3
3251 13
2200 0
800 8
2220 11
1060 7
2030 2
2070 5
900 7
1940 8
900 9
2230 11
930 3
2200 4
2300 11
840 12
1960 1
990 4
3590 11
2140 2
810 15
1770 3
870 15
2250 9
870 10
1950 4
2090 1
890 15
1760 0
1040 2
1830 3
840 13
2230 5
1780 7
840 2
2130 5
890 3
2180 15
2590 1
950 7
2200 12
940 8
2670 3
840 6
2060 2
880 14
2370 6
3390 1
949 8
2180 4
15120 3
1111 12
1839 10
1000 9
2880 8
960 3
2020 11
940 14
2100 13
2300 5
970 15
1890 0
1030 7
2410 15
950 15
3690 8
1820 8
980 2
1900 2
1270 6
1710 6
1810 1
950 12
2050 3
910 8
2020 15
960 10
2510 3
2650 2
930 5
1950 8
850 7
2080 9
1910 4
950 9
2240 10
930 11
2400 5
1000 3
2740 14
2630 2
920 4
1979 6
989 7
2151 0
820 13
2029 6
2251 12
929 4
2091 15
980 2
1989 8
6650 6
1020 6
3060 15
1040 14
2120 0
1000 1
2260 15
890 15
2850 6
1910 11
870 3
2800 13
2570 3
800 3
2070 13
1060 10
2030 3
920 5
2110 0
990 14
2000 13
2000 13
800 2
2080 4
920 8
2030 11
2220 1
980 12
2020 7
840 5
2020 12
890 14
2170 2
2250 11
840 3
3640 10
1000 13
2190 3
840 12
2110 1
2370 1
869 1
2180 13
929 1
1991 9
1980 11
1171 13
2369 11
931 12
1860 1
920 3
2320 14
2060 8
889 7
5360 11
940 2
1900 8
1900 4
850 14
4070 15
1010 0
2140 11
870 8
2780 12
2110 9
890 13
2690 8
930 11
2120 15
920 6
2060 11
2170 8
1140 0
2130 1
1100 8
2130 1
1820 13
970 0
1970 15
920 10
2890 2
860 15
1860 9
1040 5
2690 12
2090 5
800 5
2080 0
2200 13
930 4
1860 13
920 10
2359 10
1000 5
1971 2
929 12
2000 3
2040 13
940 8
2131 12
989 6
2011 8
811 3
1889 9
2259 5
1000 13
2110 14
970 5
9610 7
1830 11
890 11
1930 5
910 6
2210 1
770 8
2130 15
3260 0
1100 14
2810 10
1000 13
1920 7
2370 8
1000 13
2170 0
990 6
2040 4
960 6
2380 9
2490 0
850 11
2120 5
960 4
3030 13
910 4
1940 6
2670 10
920 2
2190 5
1030 9
2490 0
1960 11
1020 13
2131 12
1011 2
2109 9
860 1
2140 13
1169 4
2100 13
2520 7
871 11
2400 11
1980 14
920 7
2810 0
970 12
3230 13
900 12
2120 2
900 1
2000 13
5110 10
910 6
2890 0
1840 6
890 0
2030 13
950 15
2050 9
810 7
2520 14
880 2
2260 11
5300 1
1010 10
2090 12
980 6
2270 6
840 12
2260 15
2690 8
980 15
1820 11
1060 6
2200 10
2700 13
890 5
2580 7
900 3
2069 12
1060 8
2280 14
2269 14
960 4
1860 7
980 0
1840 11
1831 2
900 10
1600 11
880 3
1780 11
930 0
1920 11
2630 11
960 15
1740 2
1060 8
1830 0
990 10
2070 1
1670 1
970 10
7940 10
870 7
2260 3
1970 3
1060 8
1830 3
1010 13
2090 6
920 10
1850 10
1030 15
1730 12
1780 1
950 11
3610 12
2030 2
1070 7
3150 12
990 12
1930 2
820 6
2100 15
900 12
2250 10
1780 6
900 9
2180 7
1099 6
2211 7
880 2
2200 7
2440 0
920 15
2000 14
1011 10
1889 14
2571 11
909 15
2750 9
1020 4
2490 7
850 14
2220 15
2390 7
890 10
2270 15
990 2
2260 7
2000 8
1010 9
2160 0
900 13
1950 7
880 9
6910 11
2230 10
820 11
1980 14
980 15
2040 7
870 15
2320 8
3290 9
940 2
2030 3
880 3
2130 9
2380 6
980 13
2870 1
970 1
2130 15
930 13
2010 14
1010 8
3240 4
1799 4
960 1
1980 12
1940 1
920 10
2091 9
1029 4
1720 4
960 15
2111 6
949 15
3180 9
2240 4
970 9
2150 1
1990 11
960 13
2030 9
1140 10
1910 0
860 2
1790 11
1060 0
1740 0
1880 2
890 9
1860 10
1090 0
1770 13
840 13
1660 8
4760 8
900 6
1680 0
880 12
3110 7
1970 9
940 8
2770 10
1200 6
2280 2
1150 6
2160 0
2180 2
1340 1
2340 5
1060 10
2060 15
3000 5
950 11
2140 6
910 9
2140 7
900 6
2089 8
2960 7
1060 2
2309 3
1389 13
3909 11
1309 7
2569 12
1930 8
840 12
2300 1
960 4
2300 3
2350 6
1180 2
2630 14
1160 6
2340 3
900 0
2050 15
930 12
2530 9
1970 5
1010 15
2160 10
2140 9
970 8
2110 15
870 3
2950 4
970 1
4770 7
1240 2
2270 14
2290 12
1010 3
2430 3
1050 4
2250 6
2130 9
990 3
2320 10
1040 9
1910 5
1070 13
2160 7
1950 6
950 14
2000 2
940 10
2969 2
860 15
2029 6
2931 13
1160 14
1880 4
1020 12
1960 9
4090 11
1020 4
2100 4
1050 0
2070 0
1140 7
2780 5
1960 13
850 6
2290 15
930 12
1870 6
2170 4
930 14
2440 2
990 12
1730 7
960 10
1990 15
2870 4
1060 5
2140 3
1030 0
2120 14
990 4
2130 4
1010 7
5920 11
1920 4
1000 9
2540 7
1980 6
890 8
2230 6
1010 15
1940 7
1020 6
2590 14
1180 4
2290 8
2129 5
960 15
2109 9
3320 12
1120 8
2040 10
980 4
2880 11
980 3
2049 9
970 12
2420 10
1950 2
940 11
2700 11
1030 3
2130 5
990 0
3400 14
1990 8
930 12
2040 14
970 11
1860 0
1860 0
880 14
3530 6
1000 6
2220 13
830 4
2160 13
2240 3
1010 14
2380 15
1030 12
1950 2
2350 13
920 0
4670 7
990 0
2050 10
880 9
1880 0
2250 6
850 14
2360 6
10760 12
2380 8
920 0
1740 12
2880 5
1100 7
2440 1
1079 8
1930 12
1900 0
910 2
1980 2
1000 5
2180 4
1040 9
2950 7
980 7
2180 14
2140 2
1050 15
2630 4
1960 15
960 9
1960 1
1030 6
1940 8
920 15
1970 1
890 6
3830 7
1900 5
930 13
2030 0
1140 10
2550 10
1950 6
1120 4
1870 11
1010 2
1980 11
1190 15
2220 6
2140 15
920 3
2010 1
890 12
5440 14
919 1
2091 13
1929 3
980 3
1820 15
1000 3
2629 14
1780 9
991 4
2009 13
1080 13
2229 8
820 0
2189 9
1970 1
920 9
1930 12
1040 6
1750 3
1670 2
920 7
2030 9
1060 1
2600 14
1000 11
1880 13
1990 3
980 15
2040 5
1050 9
2660 12
1050 10
1720 4
950 0
2100 6
1820 14
900 4
1690 0
3210 12
1090 15
2260 6
1190 3
2070 15
860 2
2010 14
950 3
2120 11
2470 7
1100 1
1920 9
2040 11
870 0
5880 7
1080 13
2711 0
960 5
1920 13
1040 6
2209 1
2160 15
940 0
2220 0
929 6
2049 9
940 9
2019 2
2180 10
960 0
2270 8
900 12
2250 15
1760 12
850 1
2190 5
820 15
2060 13
820 10
2010 14
3480 9
1070 6
2310 7
1100 6
2030 15
1880 7
850 13
1970 1
980 11
2160 5
930 8
1860 6
1780 15
950 4
1820 14
1130 1
2850 6
950 4
2740 0
1720 12
1010 12
1880 2
990 5
2250 8
2350 4
980 8
1890 15
920 13
6109 0
891 0
1960 2
960 11
1789 4
1811 15
1080 14
1889 10
1940 14
851 2
2180 7
1040 5
2199 3
930 11
2380 12
990 12
1820 15
1700 11
990 6
1940 10
1100 8
2930 1
1860 10
1100 13
1830 4
960 7
1630 10
1010 6
3320 3
1790 9
1070 14
1890 15
920 9
1800 0
890 15
2170 2
1500 8
940 8
2170 7
930 15
1940 12
2060 4
930 11
1800 2
890 8
2520 8
810 14
3380 4
1990 5
970 3
1600 8
1020 6
1740 14
10869 1
940 7
1949 1
989 5
2020 2
1100 4
1949 7
1780 8
891 7
1960 10
1040 5
1959 5
930 13
2530 4
1940 7
960 9
2450 14
970 2
2020 0
1890 8
870 8
1750 12
870 12
1990 9
1040 14
2410 11
1140 4
1890 5
2400 12
1050 0
1900 2
2050 4
870 12
2010 1
1090 11
2290 1
970 13
1970 14
1110 12
3170 7
2480 5
960 2
1840 13
970 0
2080 3
920 1
2490 12
2080 1
940 12
2130 0
970 9
3050 0
6630 4
900 15
2189 10
1049 10
2211 6
869 12
2631 8
2069 11
920 10
2200 13
1060 14
3400 6
2320 0
890 11
2240 4
990 10
2360 6
960 0
1850 8
2040 2
1060 0
1860 13
1010 2
2060 9
910 7
2000 13
2530 12
1050 14
2200 14
780 5
2100 9
2750 10
890 7
2280 4
970 12
3190 5
940 14
1930 12
1040 10
1860 9
2200 8
1040 8
2170 12
2060 15
1050 15
2030 3
1010 1
2170 8
1000 15
2190 9
1109 0
1880 2
1960 12
909 14
7271 12
1971 1
2209 12
1851 12
1120 1
3220 6
920 12
1950 12
1090 4
1840 12
2390 4
1150 13
2220 2
940 12
2400 9
920 2
2030 4
2220 10
940 15
2260 5
1030 0
2440 1
2060 14
970 3
2470 7
1010 7
2120 1
880 7
2440 6
2950 14
1010 6
2120 1
970 5
3030 6
2310 14
1140 2
1910 4
1050 9
1860 7
990 2
2210 11
2430 15
880 11
1960 13
890 9
2039 5
949 9
1731 9
1869 15
869 3
3300 15
1011 3
2471 11
8469 11
990 13
2000 12
1080 13
2070 13
840 13
3770 2
1280 9
2520 0
2120 5
1150 1
2550 0
2580 4
1160 6
2670 10
1280 3
2330 15
1180 7
2250 5
1330 0
2530 11
2560 15
1270 11
2460 4
1270 7
6080 10
1090 9
2400 15
2860 0
1200 4
2150 9
1280 5
2600 3
2350 9
1120 5
3229 6
1331 13
2431 6
1260 15
2360 0
2269 6
1320 12
2800 4
1369 3
2649 14
2589 3
1250 10
2350 15
1350 3
4050 7
1270 3
2530 9
2350 7
1110 13
6220 1
1330 0
3060 6
2220 10
1080 9
2450 3
1240 2
2420 10
1420 1
4240 2
2420 8
1220 12
2450 8
1270 14
2640 13
1270 0
2530 10
1390 10
2190 4
3440 7
1170 2
3040 11
2350 8
1260 4
2280 4
1211 13
2880 7
1180 11
2111 3
1240 7
2900 11
2151 13
1100 0
2369 7
2320 13
1210 11
4460 12
1300 1
2480 3
1170 2
2120 12
1300 4
2200 11
3460 6
1130 13
2750 10
1310 5
2580 10
1150 1
3200 12
2800 14
1160 3
2230 14
1240 0
10710 11
2030 4
910 14
2240 10
1030 4
2260 15
830 5
1750 7
1980 1
950 14
1760 0
960 8
3040 12
2060 6
891 12
2420 6
989 13
1800 10
929 10
1780 8
2151 9
940 13
2070 8
1150 13
1900 9
910 15
1970 12
1950 11
1030 14
2140 15
1020 15
1820 1
1580 12
970 15
1760 6
1010 6
3920 3
1200 2
1700 12
1000 7
1920 10
1860 5
960 6
2360 1
2030 6
1030 14
1690 8
1070 6
2200 4
890 4
1960 12
920 12
15330 12
2170 9
950 13
2420 12
930 9
1959 0
991 14
1960 12
2580 8
900 12
2069 1
929 12
1889 9
1631 10
1040 9
2020 13
1040 13
3470 12
960 11
2600 15
2200 10
850 2
2160 8
1150 0
2470 0
1890 5
1020 10
2320 3
1070 5
2200 6
1000 0
2400 0
2750 14
1020 4
2230 5
1270 1
1980 3
2540 6
890 12
3170 10
1020 2
2050 0
990 11
2250 10
2120 8
990 10
2120 1
1000 1
2530 3
1100 15
2360 0
1050 2
2370 5
5910 6
950 3
2040 8
3989 8
949 10
3189 15
980 1
1860 14
1000 12
2111 7
880 15
2020 1
1919 9
850 15
1910 12
1950 12
1040 4
2300 10
1110 15
2290 5
950 5
3350 8
1080 0
2290 13
2480 0
1180 11
2140 11
1160 0
2860 3
840 11
2130 11
2370 12
1010 8
2000 13
1080 2
2120 2
2190 13
990 11
2320 7
900 6
2160 2
1050 4
2820 6
1990 15
1010 0
2390 3
980 3
2510 6
2110 15
1030 6
2080 13
1099 4
3189 13
1000 13
6531 2
2009 4
1080 5
2309 15
1060 6
2430 8
1100 8
2050 1
2380 14
920 4
2170 13
1030 5
2160 6
2160 2
860 5
1820 11
1190 9
2340 0
1020 6
1930 13
990 5
1830 13
2680 7
900 7
3100 3
1940 0
830 15
1950 3
980 4
1840 12
970 13
2290 12
1050 2
1750 0
1870 15
1000 15
2340 9
1070 10
2630 14
1670 0
1090 7
1760 8
900 11
3820 1
960 12
2320 13
2779 4
900 10
1811 0
1220 14
2371 0
920 12
1960 10
6660 3
1500 9
1730 4
1160 8
2080 10
1940 8
1040 5
1690 12
1050 5
2100 1
1020 13
2390 15
1880 4
1060 9
1780 13
1030 8
2020 7
3140 6
1010 15
1940 0
960 12
1950 3
950 11
2170 3
1830 13
1100 13
1800 12
880 12
3040 13
950 9
1660 8
2320 12
910 4
1720 1
1060 8
2010 1
1930 1
1050 13
2320 6
1060 7
1770 6
1030 8
2850 15
1070 5
2050 13
3089 12
1180 1
2220 9
1760 4
1060 9
2049 12
1140 3
2091 7
909 7
5650 1
920 3
1690 0
1860 12
980 3
2240 6
890 12
2010 9
920 10
2280 11
2790 2
1060 15
1880 9
1080 6
2190 11
2420 15
1120 1
2350 7
1030 3
1940 8
1100 13
1970 9
2040 2
1010 13
1930 9
1130 11
1700 12
1990 15
990 7
2400 15
950 2
3730 14
1010 9
2060 2
4260 3
1030 13
2130 12
1230 7
1960 6
1000 8
1970 3
2369 1
1029 9
2391 8
1129 3
2891 2
1980 15
949 8
2280 10
880 7
2040 9
869 14
5720 0
1000 11
2180 13
2350 5
1260 1
2170 14
4270 14
1030 10
2190 13
1030 7
2290 9
890 6
1990 12
1160 6
2870 6
2100 1
950 2
2350 9
930 11
1850 9
1770 4
1090 4
1920 10
1050 0
1980 12
1030 9
2210 2
1860 2
1070 1
1950 1
1020 8
3280 9
1130 15
1890 4
2060 7
990 2
3570 8
969 10
2220 8
1720 5
1069 1
2051 4
1040 4
1960 11
1080 2
2329 8
1920 15
1071 2
2769 5
990 2
2630 14
2270 15
890 12
6660 6
1150 15
3080 0
990 1
3070 14
1940 10
1130 11
2550 15
1080 4
2010 14
850 6
2600 3
2310 2
1020 14
1980 12
890 15
2360 4
2200 10
980 4
1980 13
1000 9
2160 4
980 4
1740 12
1010 6
2510 10
2760 5
1070 8
2580 14
2220 1
1010 1
2539 10
1020 6
2751 6
1120 15
2180 0
1020 8
2491 7
2491 9
1091 6
3269 12
1060 11
2530 14
1040 10
2340 1
2700 12
860 12
1780 7
1020 12
2020 11
3830 0
1170 9
2570 14
910 7
7200 3
1060 12
2810 14
2340 10
1190 10
2730 6
1320 10
2150 8
2160 11
910 11
1960 5
1420 13
2670 5
1270 10
2290 7
2390 4
1250 7
1920 13
1030 14
2650 10
940 5
3149 3
2431 10
1229 3
1960 12
1009 4
2240 12
2051 15
1089 14
2231 8
1009 11
2051 15
1360 15
2480 0
1050 13
1890 12
2260 13
1030 13
2300 7
2300 2
1000 7
2090 5
1010 15
3240 14
1180 9
4590 3
1100 5
2350 13
2170 6
1060 10
2050 9
2700 6
1000 7
5600 3
1070 2
2620 2
870 12
2190 6
1140 15
2270 10
2300 12
880 8
2210 1
1070 14
2170 10
1010 4
1960 12
1910 7
960 9
2929 13
1080 12
1940 14
1869 4
1080 9
2040 14
1031 3
2389 1
991 8
2200 14
1980 0
980 2
1889 15
1170 3
2140 4
1960 2
1020 14
2320 6
1050 0
2270 13
1130 4
2980 4
2310 14
820 0
2980 15
1070 8
2250 1
1010 12
2040 1
2200 13
1130 0
3020 12
940 12
2390 1
1840 12
950 10
8000 12
1090 5
2210 4
890 12
1870 14
1120 8
2080 4
2410 2
1100 9
2360 13
3010 2
1059 3
2060 0
1049 12
2231 9
971 8
2169 13
1069 11
2149 0
2371 4
1071 3
2069 9
1009 2
3410 8
950 15
2570 1
1980 0
940 10
1910 4
1070 6
2900 1
1930 9
940 15
2320 14
990 7
3160 9
980 12
2590 11
1850 12
850 4
1880 7
1030 10
2140 0
2160 15
900 14
2000 10
7600 15
2160 1
950 11
1930 5
2090 14
1200 14
3300 3
1030 15
9100 13
1010 10
3100 6
1911 9
1029 1
2360 11
920 7
2229 0
2509 2
1140 7
1771 9
1091 13
1859 5
1130 12
1780 4
1080 9
1780 4
2080 15
980 14
2060 13
1950 13
1100 4
2030 5
950 9
1900 15
1040 9
1670 14
1100 15
2110 0
2430 2
1090 13
2370 0
1690 13
1000 4
1780 4
1000 15
2580 13
1030 9
1790 15
1040 8
2040 3
1790 4
900 7
2170 3
1140 15
1970 3
970 12
2070 15
1910 4
1030 10
2080 0
1010 5
1850 0
5690 1
989 6
3151 8
1200 8
3051 0
989 10
2180 10
1820 4
960 3
1680 13
909 12
1771 5
1840 3
1030 4
1960 0
1040 8
2030 13
970 15
1800 0
2420 10
1120 8
1900 13
1000 14
2060 8
910 9
2260 6
2170 4
970 0
1660 3
1020 5
1870 14
1850 11
960 4
3330 6
1030 0
2310 0
1000 15
1820 6
1020 2
1990 11
2150 6
1040 11
2000 9
1900 7
1020 13
1930 11
1030 12
2290 6
1030 8
3770 0
1140 0
2140 2
2230 12
1020 1
5980 9
991 12
2069 8
880 11
2400 12
4471 8
1080 8
2140 0
980 12
2069 14
2030 5
940 7
2340 2
910 12
2030 4
1120 9
2000 15
1960 5
950 5
3150 7
1050 2
2090 4
1890 15
1020 5
2160 1
1000 7
2090 8
1060 8
2630 3
2280 10
1050 3
2060 3
1040 13
2550 8
2120 2
1260 12
2270 8
990 0
2350 6
1090 4
2230 3
1980 14
1050 10
2760 2
1010 10
2000 14
900 5
2320 0
980 0
2110 6
1960 5
1149 13
2040 4
6411 9
1091 6
2240 10
1140 7
1869 6
1031 14
2280 0
1109 6
2930 4
3380 1
1050 0
2130 14
2450 7
1050 14
3680 10
1150 0
2140 7
900 3
2190 1
990 12
2260 3
2030 13
1030 0
2020 1
1020 14
1980 14
1060 12
2600 7
2120 8
980 6
2130 7
970 11
3450 0
2610 14
970 7
2250 8
880 9
2650 0
1030 5
2250 7
2180 3
1000 12
1810 7
1140 11
1880 8
2369 0
1020 6
2080 13
909 3
1971 3
1080 3
1771 12
5769 4
1009 0
1671 3
960 13
2050 5
1140 11
1840 15
2100 15
1050 7
3680 0
1160 10
2260 10
1790 2
970 5
3740 2
1080 4
1810 7
1000 0
1690 11
1060 6
2770 11
1980 7
930 1
1870 11
2550 11
1070 10
1720 11
1130 14
1990 10
980 5
1930 2
1090 11
1700 5
2570 12
1050 13
2640 0
1010 1
1850 14
940 11
1680 0
1960 0
1010 6
1920 12
1050 4
2530 13
2031 8
1011 10
2109 3
1071 6
2669 12
1060 2
1791 2
1809 14
1060 1
5269 1
980 11
2000 7
2450 11
1030 5
1870 0
950 12
2380 15
930 0
1910 7
2670 8
1000 12
2200 5
1030 1
1920 13
1810 10
1030 13
3260 7
1120 6
1760 11
1040 3
2540 1
2220 6
1020 0
1690 12
1060 14
1960 15
1070 11
2620 11
1270 11
1810 11
1790 2
970 3
2070 4
2150 1
990 7
2300 4
1130 5
2210 8
1220 2
2000 15
1110 3
1879 12
1980 9
1011 8
2200 2
2380 5
1060 1
2729 4
949 5
2571 1
900 11
2840 13
1020 6
5229 5
1980 2
950 14
2030 12
1210 7
2270 9
1030 0
2800 12
2270 6
1020 15
1810 3
1190 13
2740 7
2100 0
1080 2
2430 2
910 7
2060 4
960 6
2300 8
4220 5
950 2
2890 8
1060 13
2340 13
2430 9
1030 9
2300 1
1080 15
2280 13
950 1
2160 6
2200 4
1000 15
2620 15
990 10
1949 15
1000 0
2060 5
2409 4
900 9
2340 8
880 11
1951 1
2040 10
1029 0
3031 6
1000 2
2240 14
920 1
2110 8
1060 2
2150 15
5780 2
970 3
2440 14
2000 12
1070 7
2270 4
1220 8
2530 15
1130 6
1930 2
920 10
2090 10
2060 10
1000 9
2960 2
1070 13
2110 11
2980 7
1100 11
2540 8
1100 9
2890 15
1140 5
2130 1
3230 6
1080 10
2230 12
1090 2
2290 10
1080 3
2010 5
2190 15
1299 5
1709 12
1191 7
3169 10
1829 1
1031 10
1860 4
1071 2
2740 3
889 0
2700 0
2009 13
1130 2
1810 14
1020 14
2140 6
2270 9
950 0
1950 5
880 2
2480 2
980 2
6570 4
2050 4
1050 10
1920 14
1110 5
2080 12
930 6
2440 10
1700 9
1180 6
2080 14
970 1
3060 0
2540 2
1080 2
2710 11
1010 9
1930 5
1040 2
1840 5
1280 5
2630 12
1950 7
1020 7
2090 9
2630 6
960 12
3199 2
1251 8
2080 13
969 7
1911 0
1160 10
2560 8
2800 9
991 15
2071 2
1000 9
1619 3
1130 15
1920 2
1970 10
1030 14
2080 5
1070 0
1920 10
2210 4
920 12
2090 15
1290 3
1930 6
920 1
5330 3
1940 5
990 2
2040 2
1180 6
1960 4
3220 11
940 4
1920 6
1190 9
1820 8
970 9
2140 15
1810 10
1060 0
1970 0
1250 7
3440 1
1200 14
1990 1
2420 14
1150 14
1860 3
900 7
2480 7
2210 2
1230 7
2200 5
1020 8
2360 9
1100 10
2560 0
1240 0
3660 2
2800 4
820 6
2389 12
1910 5
1050 8
2090 8
1060 13
2040 0
1020 11
2310 6
1040 11
2130 13
2350 15
1030 5
2620 14
13240 9
2120 2
2210 5
1000 3
5200 10
1000 15
2790 3
1130 14
1930 0
1780 13
1100 13
2410 3
960 5
2040 15
970 13
2200 12
2390 0
1010 9
2420 7
1010 14
2120 8
1991 6
1140 4
3320 12
1009 5
2560 6
1029 13
2100 13
2460 0
980 4
3870 9
1070 5
2290 14
2180 1
970 1
2190 0
1130 7
1880 11
1030 4
2480 8
3420 15
960 5
1940 1
1190 13
1900 6
1000 8
2140 12
2270 6
1090 11
2060 13
930 14
2410 15
2400 3
1030 4
2780 13
1250 8
2270 2
1050 7
5820 0
1100 6
2200 3
2360 9
1170 1
2410 12
2580 10
900 9
2020 2
1030 0
2220 2
909 7
2231 1
1000 10
2629 2
1960 6
1000 11
2360 11
969 6
2140 3
1031 9
4200 8
2470 12
1040 0
2370 7
1070 15
2030 5
2140 4
980 11
2350 8
1070 13
2100 3
940 13
2040 12
2730 0
1090 7
2190 11
1150 15
2060 3
3520 2
1040 14
2260 14
1050 15
2670 9
1050 6
3150 6
2280 14
970 8
3120 5
920 11
2380 10
900 9
1930 0
6450 8
1100 8
2400 13
1020 3
2329 13
2389 13
980 9
2671 14
1071 11
1860 1
1049 6
2211 0
1349 10
2180 13
2230 12
1070 13
4010 7
2280 5
930 12
2190 10
1040 10
2230 3
1000 15
3170 10
1300 13
2170 7
1840 15
990 9
2500 12
2310 6
960 12
2020 6
1040 6
2240 2
1030 12
2520 10
1070 1
2030 15
2370 8
960 4
2920 5
1030 13
2270 4
1070 13
3870 11
2220 1
970 9
2420 4
1210 13
2000 5
1930 3
990 9
2259 13
989 13
4991 12
1020 9
2260 5
2049 11
1060 4
2120 6
1311 14
2180 9
2149 1
1130 11
2790 9
960 10
2080 13
1080 12
2020 8
1930 15
1120 0
1940 5
1160 1
1850 11
900 2
1890 9
4000 14
1060 12
1830 12
1030 5
1930 8
2100 0
950 15
1740 13
1020 14
1940 14
1010 13
5110 10
880 5
2540 0
1910 0
1000 7
1930 11
1820 8
1080 7
1760 6
1060 1
2050 15
870 13
1940 1
1050 6
3530 1
2259 5
1011 5
1840 6
989 15
6240 5
1040 10
1940 11
1680 3
1049 5
2860 8
1009 2
1970 7
2420 13
990 15
1840 5
1250 9
1910 6
1150 10
1920 1
2170 14
1070 13
1940 8
950 5
1760 2
1780 12
1060 11
2430 13
1090 13
2120 8
890 2
2900 8
1900 15
1040 15
4710 8
1030 13
2080 11
1070 5
1820 13
1860 11
970 15
3000 4
970 7
1820 4
2110 1
1200 7
1760 8
1250 4
1850 9
1090 10
2080 13
1140 5
1679 13
1951 13
1080 11
2400 11
3160 15
951 1
6440 12
1131 8
1869 11
900 10
1810 6
980 12
1780 7
1820 7
980 8
2210 6
2230 9
1010 4
1910 0
940 1
1990 7
1100 1
2000 1
1130 5
2060 15
1850 8
1190 9
2380 12
970 12
2640 8
910 2
3440 0
2330 8
920 6
2890 10
990 5
2550 9
2090 0
940 13
2470 3
990 7
2080 0
1070 11
2690 6
2220 6
1000 11
2110 12
1140 15
2340 0
2249 13
1060 11
2031 14
1049 4
1960 7
1040 8
3349 6
2340 6
1109 8
2249 4
931 0
5829 10
1130 5
3600 2
2890 3
1040 5
1820 0
970 5
2100 11
2700 11
1230 0
2030 10
980 3
1890 0
1060 0
2150 10
1120 8
2460 1
2070 7
1020 11
3150 15
1970 10
1000 2
2790 11
1150 3
2040 2
1010 2
1900 8
990 6
1950 6
3070 8
1000 13
2300 3
940 7
2130 15
1920 6
1010 13
2690 8
1080 2
2149 1
980 8
2100 13
2380 10
1309 15
3440 10
1191 12
2531 13
1251 1
2300 9
2340 13
900 7
2310 12
1000 0
2060 4
5330 2
980 0
2180 2
1040 6
2370 3
1160 12
4400 0
2280 0
1410 14
2640 15
1090 12
1870 8
2190 9
1330 14
3460 10
1440 8
2400 1
1270 9
2340 10
1880 1
1020 4
2300 3
1150 6
2430 12
980 1
1920 6
1190 3
1960 2
1930 11
1020 1
2230 7
2550 12
980 11
1740 10
1051 14
1880 11
949 12
2451 1
1109 5
2720 6
2060 15
1049 11
2131 8
2359 1
1000 3
1670 4
1320 15
1830 2
1380 13
1900 5
1140 5
2290 3
1790 4
1060 5
6720 0
1210 13
2300 13
980 10
1810 10
2140 2
1100 5
1970 10
1050 5
5220 14
1990 14
960 12
3050 8
1060 0
2210 10
910 12
1950 7
1900 13
1070 2
1720 12
1180 8
2000 12
2250 3
1080 6
2560 12
1010 15
2070 4
1059 13
1691 12
2140 14
1100 10
2040 13
949 1
4820 12
1171 10
2480 4
2540 8
1000 9
2020 4
1170 14
1960 9
2190 15
1030 0
1720 8
970 5
2610 4
980 11
1680 4
1050 10
2270 6
1980 3
1050 4
1630 12
6280 4
1040 5
2190 5
1060 3
3060 9
1000 4
2040 2
950 4
2040 12
2760 6
1090 15
2160 0
1030 6
3400 2
2070 2
1140 5
2360 14
1080 7
2150 7
1130 5
2110 11
2340 0
1000 14
2890 10
1020 3
2340 12
1080 9
2051 4
3009 12
909 0
2620 7
1000 13
2100 11
2169 15
1050 9
54520 2
1250 6
2400 3
920 12
2320 4
2200 12
1070 3
1990 11
1120 13
2220 12
2280 4
989 12
2071 3
900 5
2460 6
900 12
2411 15
2829 15
1031 0
5479 6
1220 15
2330 11
1150 2
2140 10
1020 9
2170 5
2070 2
1100 3
2270 5
2030 8
1040 10
3020 1
1110 10
2170 9
1190 10
3500 11
1210 3
2050 11
1990 9
1150 8
2060 2
3280 15
1030 15
6780 14
1160 5
2280 13
1040 1
2170 10
1290 8
2240 0
1880 2
910 3
2380 0
1040 15
2640 1
869 10
3380 0
2340 1
1200 4
1920 3
1329 3
2020 0
1960 11
1200 7
2020 9
1031 5
2629 11
1010 11
1910 7
2080 4
1050 1
1730 4
970 13
7660 8
2040 8
900 6
1970 7
1060 0
1750 1
1100 6
1910 4
2500 8
1170 12
1740 12
1090 10
1980 9
1060 10
1950 11
2010 8
1170 3
2640 4
1020 13
