18979154 9
22003532 3
19009014 21
97984517 13
12011690 27
20013153 19
279987514 24
4970 18
13550 11
69986801 31
29004425 12
6260 0
330 7
70999280 15
350 7
6670 0
88981515 20
50983278 17
40017035 17
17981885 9
3891 28
122029836 26
19976394 14
5759 16
39996386 3
39987346 31
20018173 13
4510 1
19983893 30
12790 26
4220 6
39984116 3
110008618 11
19999794 20
79981402 16
28210 31
19991303 22
99996226 26
6940 3
32519 4
3730 22
27949007 10
11991040 17
29260 16
4310 0
7370 30
159971175 6
70010391 0
20001753 24
19994003 14
14260 6
89985784 14
109998107 15
149996134 28
350 7
15279 23
39988287 3
90001184 4
5400 3
350 7
19991613 12
59992130 10
18990 3
18973895 13
1031119 26
119983549 21
19997993 20
8710 11
59990089 18
18987125 23
1023689 25
8880 20
973890 28
79009563 22
6980 30
40001486 6
19987314 22
20003112 24
18110 27
39982017 5
330 7
5720 13
37976548 21
300 7
202014519 12
7400 20
21985482 31
7989 30
37999368 4
9330 9
40005856 8
9340 6
19983263 16
59995099 1
40001226 14
10003352 28
29979205 29
21200 18
6280 1
19980693 17
17199 18
7531 9
19980913 13
40015706 25
59987889 12
8420 14
29990615 24
189998460 18
11299 20
3811 20
5400 26
4240 5
5760 1
3780 5
27947357 8
22020361 19
8990853 9
11004041 27
6549 28
119986439 0
70015591 26
19992253 5
40001866 15
47981650 22
2014888 2
7130 10
6130 28
19984333 15
40015336 22
19987954 8
7997434 23
6350 23
6100 4
7350 14
51979296 16
19989513 20
20005583 2
70011561 23
19995343 24
5410 21
20000003 18
47981440 19
42000354 23
6120 30
4040 30
9830 0
169993567 12
4730 18
5949 0
39986127 22
20006083 4
79991243 3
20004212 20
17090 13
6810 9
100963645 21
19010994 3
38987787 16
41015696 14
19997823 12
40004906 2
59996879 11
90002354 23
9860 27
19988303 15
40007297 28
59992150 27
6400 12
109981477 20
24730 11
19985913 1
20007743 2
47975170 23
42025664 21
59994980 17
40000907 31
129980780 14
15260 31
67983103 3
4560 12
2008698 30
19988053 4
100009745 29
6680 10
6740 10
30015915 1
29971185 20
20001053 1
80027392 15
7970313 18
11998370 30
18991045 17
1018929 6
119992578 3
40003846 4
10001232 9
19986343 4
50018538 24
98978596 15
10100 20
1006569 21
29991125 24
7994813 23
31997043 4
5890 20
10760 28
49997788 22
20004213 0
119992439 28
110006747 24
14559 6
59983580 21
6530 14
6390 0
29998845 9
39989246 18
6200 10
19982033 13
80009863 5
79992832 22
7380 23
5740 22
4880 5
5239 23
9982132 11
300 7
19983924 2
19999114 9
20012543 2
4570 13
6200 25
6060 25
19978044 14
50009298 30
6491 11
7984344 20
5690 16
70988850 26
1017999 6
89996414 24
11070 5
19988113 3
19999793 28
78988673 24
6800 0
61012049 9
9979 25
99977576 2
89988494 25
40015476 18
5500 8
79988923 10
19991103 21
1005839 8
129010411 28
40023716 1
79987452 9
19989473 4
19995143 13
40005296 8
19999083 6
15850 21
18975114 15
1009879 4
36070 22
29964245 5
6220 17
8630 20
360 7
129983460 8
19988493 21
9120 14
27660 15
29249 30
6060 13
29925686 23
40037896 18
99968796 14
26012567 5
13992048 22
9479 23
8351 24
39980796 16
17986455 14
22026251 30
19986173 19
39999136 24
59995840 29
29969 17
59974120 31
20007143 17
5870 18
19991473 25
8590 30
119986919 20
60002409 12
17985865 9
3370 6
7200 23
2010978 30
22986351 2
17006236 27
360 7
17670 23
7520 23
99974256 12
11710 25
19986263 21
19998953 29
7480 11
29730 26
19952053 18
19500 3
8810 15
118970260 10
5890 9
7620 4
6049 4
5900 22
991180 30
19990913 13
320 7
7995853 8
189986110 4
5021645 1
4710 19
136998644 29
19990964 12
100007585 10
12300 21
6230 2
5020 18
320 7
39975646 16
79989903 29
6390 24
79997203 28
5060 24
19999663 25
40005706 16
23982160 11
5790 10
36004179 5
5620 31
10859 27
19981874 8
4150 22
19992253 4
39993746 20
4960 6
320 7
900 7
8320 21
149987673 26
10820 14
78985393 9
4991 25
1044959 4
5020 8
29961295 3
400 7
59993829 25
18989205 6
1024469 19
29990854 6
400 7
19998523 16
19997593 31
23299728 2
3400 6
25684202 31
5350 20
8630 11
99981986 0
1022620 4
108976587 3
4700 3
1019649 29
29989495 3
40003516 9
6200 25
7110 26
4840 19
138971853 9
4980 29
1009079 20
5240 15
5120 22
59981939 29
20018023 24
4420 15
5010 8
19072793 29
915130 15
19972454 23
60017799 19
5890 29
49994707 30
580 7
5986624 1
6580 22
53998664 25
20003943 10
39999456 23
20000853 2
13580 19
12170 6
19974883 10
40024786 6
10600 17
9280 6
8940 16
6680 30
4730 4
49932468 10
59995910 13
13310 17
10630 17
9995132 8
5960 27
29973375 12
20009253 11
19998893 6
20002353 6
1560 7
18978654 11
1016069 18
6900 27
70004361 24
8983742 0
11004451 11
5260 15
18976764 3
4010 0
4820 5
5040 28
1002299 11
39995066 25
5290 15
4860 10
4220 8
4600 27
4460 12
4150 27
79974473 18
19995733 31
19988743 13
20015693 3
19994283 14
20010263 18
8780 21
7690 29
19980883 31
80000922 8
5880 16
39995977 29
4389 27
79996223 16
118982960 20
1017209 30
39990736 19
12410 16
4470 10
39990796 20
49991698 18
6110 18
6170 13
360 7
8988242 22
10997051 1
40007736 27
80001132 23
40003146 6
29996495 2
19999163 19
20006203 21
5180 29
19975533 13
20012713 22
89993174 22
20002383 28
20003083 22
20004823 1
79990172 10
30005665 9
5020 15
20008143 19
6331 17
19981913 12
188981640 3
4780 9
4960 14
30996814 2
20012883 15
67979263 19
2015178 17
5270 17
7995473 8
16930 28
9959 20
4820 12
3760 22
1971569 23
149975884 5
80010562 22
10329 19
80005972 27
79989482 2
19992923 3
18995325 3
81005392 11
19994633 30
30023784 31
19971854 28
79002443 12
4600 17
4860 31
998249 4
7520 20
19994053 28
13150 21
19988443 20
6170 8
4850 4
19990853 1
19998333 18
180003478 13
97982057 4
12016010 8
19992933 30
130001330 17
119999869 12
7997153 25
12011090 29
8986682 18
11015541 14
17980895 2
142018219 15
4720 2
9139 10
40005526 26
6720 1
129972341 20
8500 13
58981220 20
9290 20
10993501 13
9011 6
19992084 3
39987646 26
20002943 30
90005684 31
12709 26
19996214 5
20008943 25
139989271 8
40007607 29
19989403 11
30006874 31
79999193 30
79988272 16
20000093 2
57992191 11
4680 5
32009533 31
28001736 18
6760 1
11986520 10
20022443 11
17966565 9
5300 25
22005281 29
60008179 27
19998743 25
3640 9
4329 25
39985407 28
19999193 23
20000593 23
5380 15
209979422 2
6149 17
6040 27
20008473 24
5840 3
330 7
47974660 16
2013508 12
149991913 29
5130 6
70029001 8
1975098 11
6960 2
18002715 10
5660 9
39982696 22
19993873 18
18993574 6
7120 12
80999192 22
5110 15
20007723 16
12690 26
4820 5
8972313 21
4140 14
131012349 18
139996692 5
39981086 27
13810 19
10002831 26
28978746 31
118998339 2
52002005 4
80019892 28
59985419 20
20002183 4
14310 11
5070 3
69995260 1
19976784 5
17140 19
169996706 11
5550 10
269996001 14
340 7
20000944 29
8987352 25
11028950 23
17966405 8
9080 0
12003730 28
9510 16
19991443 19
60005859 22
12590 26
19982274 1
7000 23
976209 15
29014755 17
59985430 19
18001424 26
8730 19
109990367 29
6410 18
7810 19
4570 18
4420 19
21992682 23
300 7
8987453 30
11011070 1
5520 21
6470 12
4880 11
7120 19
4870 12
39972957 9
6540 3
69984761 17
31990033 26
8019413 31
119995608 2
60004339 24
19995853 6
20008423 6
79984053 27
20001303 9
80009232 16
19996103 1
16170 22
4700 10
19983963 1
19991003 9
19987454 25
18929 14
200000991 0
39999036 17
20010993 5
7290 5
7930 21
19960323 12
1100 7
12290 8
5150 25
14620 2
19977913 30
7490 6
19989924 26
6431 31
4420 18
19996912 8
98983117 29
1017029 31
29998944 18
17010 0
19985123 8
69992620 5
3700 20
7983484 23
4380 22
5190 3
151998171 4
20012153 13
37984228 18
4330 23
22012871 10
19993333 0
59986870 19
60006759 24
58994880 27
1011439 11
5230 30
5050 1
19989803 31
119998208 12
9880 6
77971194 2
5369 21
7111 14
1002599 12
100989264 16
80015352 12
28991126 30
151004242 1
5810 30
290 7
6070 26
39982886 21
16540 31
5110 29
59983729 18
5220 15
160004105 22
69986771 29
60002569 17
4130 1
4700 13
17975995 18
330 7
730 7
3880 1
3770 10
3449 10
4580 29
3620 2
4260 28
4580 3
3920 27
1989509 17
7090 14
19989273 31
20000713 5
39995546 31
310 7
19997193 14
8992943 11
31018443 31
19994353 19
5340 29
3880 22
19984213 12
9910 23
8982943 17
11014561 25
130001400 31
69993601 9
5360 1
30000205 21
59997629 5
177982839 19
92032111 25
310 7
9990902 27
4130 3
5400 21
19979443 22
217987826 27
5231 19
72007099 4
5200 10
19999373 12
149982962 17
20014592 18
4709 26
3731 15
19990663 17
4699 6
4580 18
5540 10
57971032 3
12012840 22
120006218 10
78984824 28
31019713 14
19986344 18
58992400 13
31015404 3
39996575 20
13070 1
189989980 0
7019 28
99993926 23
20005253 18
39989646 20
20000513 31
17320 12
17969185 21
72007009 11
995689 31
8004794 1
80999961 16
20011113 2
79990672 13
59992550 24
21240 16
320 7
4590 30
6540 15
49984608 19
59994299 23
19994243 17
20006803 17
19999383 22
320 7
26950 18
5340 23
78946103 16
1012089 2
17992664 16
12009120 27
20003863 9
99993886 0
40005577 24
60014840 16
19985193 13
100000905 28
19983573 10
40015776 10
17985925 17
32027523 16
390 7
5720 9
19982933 12
139979292 3
18620 21
4309 6
3730 6
59988900 15
8949 23
119996439 30
59995609 11
119997298 1
5280 21
19991153 24
20006083 14
270 7
8988432 2
30104273 19
5240 11
140897512 28
80001402 1
80004092 11
8990113 30
630 7
11000621 26
4020 13
17988355 19
62028138 2
19985103 4
39996966 20
60001809 30
5660 17
80002502 0
19995323 27
19999672 22
37982379 10
5471 31
41993424 3
40016386 31
79982392 20
24179 3
19993333 6
109994377 28
20006063 25
99996065 22
4650 30
7660 30
19991724 1
118988180 16
1020439 24
6430 18
159976105 31
29000176 5
4520 0
111016415 26
19981593 2
8310 19
7981123 28
72016029 20
20003173 9
8984712 9
9995542 20
1035129 18
4740 15
117958630 22
4530 14
3740 6
142000850 31
20007893 8
80003572 13
19994363 9
9010 2
4710 16
119992048 25
59996059 20
19999032 4
5360 18
4209 29
119997649 13
2160 7
8985482 10
31010434 23
18982964 14
51011657 3
39988026 6
80004242 10
20020583 15
20971752 21
6540 3
7993564 18
40003786 23
11009790 21
8993523 27
91005393 2
4669 2
5490 12
5210 10
5220 15
59976690 11
8993282 9
6540 0
4510 21
4440 13
5280 31
5060 6
11969680 29
17998885 19
8990 19
71005179 1
340 7
5571 9
19997272 2
5271 13
99990876 15
10470 20
128976201 10
6749 9
141008951 27
8590 15
39995636 27
19993403 30
18988194 28
10010951 3
21011641 6
47984560 21
330 7
11988780 26
400 7
40014916 1
159998705 30
20002543 26
5400 17
2600 4
5110 11
5120 20
18968435 28
1018839 24
7981834 2
12024069 5
79986573 30
6930 13
17979905 31
5451 18
2014318 16
340 7
39995266 12
19998683 14
100001675 11
60006499 26
59993649 28
720 7
19996403 22
27985327 26
5900 17
22012081 2
20001473 17
4300 20
4480 14
4340 8
4740 20
4850 9
19970893 21
5460 26
99994796 3
5520 24
39994846 13
8991713 3
4000 14
120987637 30
40017846 23
5669 1
19987294 16
20016392 13
4900 3
5600 4
69979171 19
4290 5
19995213 18
20008573 31
3580 12
8570 16
19974873 6
15210 28
59993579 6
19991112 14
16510 22
4660 28
5710 3
5210 11
79973443 24
4510 2
39991276 8
4880 31
4460 2
29976645 19
60016480 14
69997901 17
8350 1
5270 11
19988533 21
59995749 8
60002300 4
4069 21
1984098 2
5370 29
5290 30
991359 3
5001876 19
4240 8
11993870 14
20008122 22
18991774 4
1009309 3
117985630 6
5090 28
4340 18
2021288 16
79987202 5
4570 2
19997243 21
40000906 18
19997083 9
8987283 14
11038320 0
4390 0
4820 22
4160 3
89961794 19
4960 22
159988695 25
620 7
89997934 14
5490 29
68983852 27
1008679 14
28007696 8
5670 16
4350 10
11992750 24
4070 20
19995853 0
7400 17
4110 22
229982455 27
40005036 15
59991269 13
20003373 2
5090 12
18982334 6
4350 13
5200 10
41000545 9
14750 22
4270 22
4070 30
79969382 21
20004834 29
60000420 12
9700 9
119983658 1
11060 11
39989396 15
420 7
68999021 19
9996031 6
21016402 15
19988233 24
70004161 0
29991525 0
40013266 9
329 7
5580 14
5140 13
99987936 30
19302460 15
100691218 10
60019519 16
4620 24
19977693 8
60009929 19
1983969 30
5230 13
138006073 27
80002852 20
39999376 23
19992373 26
59990959 20
4140 22
160009144 3
19984993 10
40011635 27
20002593 1
20006053 18
4430 21
19990574 25
20004134 4
40000617 31
39994067 25
4990 3
2769 5
4411 23
48977518 18
3750 27
5030 30
4120 22
10991261 1
48996738 5
4220 26
230993664 10
320 7
100011946 5
59983770 3
20014322 8
38988777 29
20997522 9
40020686 19
158981105 16
109089 8
4780 26
119885689 15
8999403 5
92035531 18
2560 6
17961026 3
2025618 4
19990463 3
4051 11
4800 27
4780 24
4949 20
4300 20
3240 15
3950 10
3890 6
4010 18
3230 15
4320 11
59953420 3
27983526 4
2018018 29
20002323 10
19990114 10
20002283 26
3551 28
13869 1
390 7
4200 0
19977404 15
6049 19
20004182 24
19990913 4
6380 30
3280 6
983930 2
39007327 10
40008006 16
591 7
4749 17
1978438 1
16998556 19
6899 0
1007610 27
319997878 26
17980105 31
1010259 13
21016012 9
13410 18
4590 9
19979123 22
78983413 21
1011860 13
9996461 21
107983928 28
460 7
42010704 10
25930 15
39982466 21
189990569 16
7995883 18
3940 6
12009990 1
37469 4
139989122 17
4980 27
59963320 23
4470 0
19981973 19
5270 11
147992925 4
2022998 4
710 7
4996375 1
94994460 6
99985635 22
27050 27
3770 27
4630 23
29993924 14
109992316 4
79993992 6
40006546 31
4988116 11
45002182 25
70000791 13
89987594 25
20017372 0
1991209 1
4600 13
4689 5
57992511 2
90008433 6
19995843 30
280001203 18
4931 28
4220 5
19984314 0
20001063 18
100023105 24
19985733 19
3880 20
4409 20
49990038 15
5880 10
4320 28
39972766 6
3860 28
67994483 9
6620 25
4490 12
5040 6
30995024 2
71004999 0
3280 5
20010893 6
89980754 26
38991677 26
5930 2
1009619 12
7140 30
19983103 21
20008883 4
7989543 14
3860 13
3710 5
3310 5
3810 4
11983770 18
16060 14
19991173 3
9023302 20
3650 13
100972535 12
147986684 19
12017670 16
19992773 30
16320 0
59992309 14
4020 13
4180 23
3760 21
17969135 15
4440 26
8420 0
5996235 11
16004796 22
6994794 5
12994709 4
6006295 0
3930 17
5200 27
13999238 28
39993416 14
130004550 31
8997502 5
4910 2
10994751 9
19982873 30
4020 22
610 7
90010474 28
7988144 4
32009862 3
20001883 23
4729 26
9049222 0
2830 5
4010 9
10941262 22
7791 0
5200 14
5840 4
4780 14
5370 24
4260 22
958750 13
4550 2
18988714 23
11549 14
39998427 29
5400 26
8988952 8
30995394 11
18995934 24
7940 20
61006908 9
39993566 29
10870 8
4460 30
49991837 19
290 7
5500 16
4810 15
19981193 18
99992236 20
20010562 1
4560 15
37983548 3
52005706 10
57988991 11
2028758 6
19996103 29
48983329 15
7950 18
6310 8
7530 16
3820 21
49972387 28
4829 10
11007181 25
5120 25
4290 22
8974983 4
3880 29
4220 29
3600 2
3290 29
50997267 18
7995063 28
3950 11
39989806 26
42006365 5
100007205 4
6000 24
39995876 26
80982901 5
67002133 1
72017869 16
19992643 31
10090 14
6600 18
4190 14
19982213 30
50002028 5
9089 9
4711 4
57967582 13
12010050 16
7995453 10
100998334 24
1017329 21
19994233 11
39998646 24
89999333 23
20005614 12
19987083 29
18589 27
4011 21
109985976 31
5080 22
5170 8
6790 0
5680 31
4730 9
49974128 21
4540 18
5710 21
19982033 26
370 7
4900 19
39995556 22
5490 18
19997063 29
30001394 11
3800 23
3550 6
10002402 28
5230 26
19986673 20
77983154 23
7410 1
22011621 12
20003333 26
4690 30
8977113 12
11005300 18
60005989 29
59999719 6
79996972 11
88993275 25
6870 20
3980 12
4380 18
5700 19
4280 13
50988236 0
10050 30
5540 27
19989323 10
79999901 0
49992748 23
6460 30
59995929 15
8993572 12
6840 22
4871 8
139976101 21
8500 20
3750 15
1993138 2
9019022 27
3430 4
7980 2
19972743 18
40001217 23
20960 6
38970467 21
93997620 13
5269 27
7012904 22
7540 30
19994494 26
27981036 27
4150 22
12009669 19
20000183 5
349 7
7460 28
19988793 18
5759 24
7984333 4
41004875 1
88990955 19
5231 19
1999258 8
80012352 5
89984124 5
27700 12
39988057 9
8320 10
39991537 21
19985044 28
6889 20
10180 12
19998863 11
91980562 19
6329 1
37999998 16
13720 22
39991096 6
60000789 3
11600 19
8984543 8
11005200 26
17987815 29
4050 8
2017738 0
5910 18
19996923 23
19996533 29
20002963 16
5130 16
3940 10
39986926 19
79985853 4
3800 10
38993368 24
5350 17
4640 8
4960 17
6070 8
976460 13
28004266 29
4840 10
32004982 18
79999103 26
5000 21
20003552 15
19992743 17
5240 14
3529 15
19992952 3
18985045 0
31013283 26
5940 6
19979933 11
20001263 16
20006753 28
5260 28
4910 31
3600 14
3760 14
4370 30
19981923 1
9170 17
49993828 25
8993722 24
140996730 16
20007803 25
59994299 30
320 7
8993032 18
11010560 22
4200 28
5270 12
4370 14
6750 1
39975747 24
37987937 6
12016270 28
7987473 17
5410 6
32013343 10
39995266 14
5150 26
69993331 8
39990666 10
40011495 22
8990302 29
6780 3
4670 31
5090 2
10988111 23
60001139 26
7510 22
982409 31
5910 3
4690 23
5050 2
168996846 29
5750 9
5180 6
4760 4
19988533 10
49991788 13
60014539 2
19991043 2
7983673 23
122024466 26
19993134 11
6539 21
3780 22
19984713 25
4011 30
5289 22
39989337 5
49982287 30
59999989 14
20100 12
38981317 3
1027459 1
69999440 26
38976117 15
4960 24
4831 2
5709 1
129984830 17
1011839 8
5950 0
4540 15
39990416 20
20000393 22
30002805 31
219996533 11
37993298 24
112001654 27
20002763 23
59999169 10
18991454 9
31006744 11
5500 3
9992602 11
109998516 23
97991347 20
4320 20
5000 2
4060 24
11994840 10
40006776 29
3890 15
4960 17
3989 5
99988845 18
3620 1
8180 18
169984046 25
27986266 28
5200 24
2011858 19
5650 16
68989311 18
4750 13
11005071 3
19987313 0
80010142 3
4030 27
19996703 8
59996169 23
4070 11
4400 4
19993813 5
19995613 14
19998473 27
59995619 25
58992120 9
4370 29
30996234 10
20019382 4
7980 30
119988678 6
39989226 28
78998702 25
3131 5
4391 8
10991460 0
100006065 5
240002106 21
40004146 13
4990 12
59998199 0
20000203 30
20001643 5
370 7
19972723 23
70022041 6
20006613 23
4620 18
4060 22
38976487 29
31004413 24
40001256 12
6740 2
49983478 27
4340 24
19988663 29
20026113 3
59991659 2
20002443 21
20010633 28
420 7
5590 3
3730 12
3840 25
99969515 18
99999365 23
9040 15
4320 22
20003153 0
39991816 6
3510 28
37973958 11
4600 13
2020488 4
5630 26
19977753 30
12280 26
59993349 13
79999582 17
5570 1
39995536 2
37985558 28
5230 26
4150 26
52001375 12
20010343 9
19992703 12
89999623 15
16020 22
973309 13
19002094 24
10994291 20
17002366 19
4711 2
5930 4
5320 21
152000631 24
5480 18
19988913 26
3830 27
17985185 3
2017408 10
160004374 4
39993186 31
49990538 3
10780 21
3830 21
8980513 19
13960 15
6360 18
10986521 6
4630 28
3620 1
3850 18
4050 13
9088951 10
4520 21
4730 16
30894535 23
4080 9
48978818 24
21019112 4
7010 31
69987221 22
8988762 5
4350 30
81009231 6
109994037 18
40010835 14
19986284 9
20006343 26
59998519 9
50003437 1
10160 9
19984933 30
69993571 13
40008856 25
57982980 20
62018487 11
4870 24
19993713 16
20001513 2
20005563 27
98982415 13
3860 23
61000759 20
7150 10
12169 4
5300 14
968390 12
19007874 17
4040 5
3459 26
99995736 4
4190 0
59998159 6
80000102 17
4420 18
18981374 17
31006593 15
20000823 27
19991773 11
20014573 28
4920 13
49991548 8
6490 30
3400 25
59991129 15
19995383 30
4070 15
30003474 16
4780 9
59991689 17
4300 19
189998649 28
19995933 1
3350 4
5540 28
19988403 22
4809 16
49994738 19
5550 14
19998923 20
19992973 16
320 7
17510 24
260 7
119997448 17
19989533 18
79997552 25
100003655 14
19992053 17
20993192 6
3900 26
3980 21
39009177 30
109992067 23
20003293 11
39998135 30
20006132 28
17980465 27
121001898 9
9001572 28
12016130 8
59996069 30
19089863 21
4220 14
3800 17
3940 21
20902593 11
179980748 22
50021797 6
59997419 31
4120 24
137977913 9
12009989 12
39995537 5
40004006 14
17986455 13
2017598 3
20006383 28
3950 28
79990712 22
18983594 13
31005624 3
4060 29
5230 15
20000623 31
19996003 10
19983043 28
25660 24
6010 24
59985729 14
40002596 9
380 7
109998966 24
19999213 22
17981685 24
2017028 13
189992749 24
14019 23
49986927 25
30000275 24
3830 28
89996643 0
40011156 23
13860 21
19981783 22
19991293 25
3992937 25
16012456 18
10000621 18
169984416 6
10800 11
90004754 29
20003983 4
10690 5
19985003 25
17988725 11
32002223 8
16060 31
59983289 26
40010236 28
5170 25
169994555 11
5440 17
5280 22
189973949 6
40013305 30
60002329 24
99990215 8
11051 31
5131 28
5199 18
19985403 9
5060 28
39999555 6
19998534 6
79984452 20
7999133 2
1140 7
4100 3
4280 17
3910 27
61995967 11
4540 8
39981806 3
270010020 9
10009172 5
18985494 13
21029441 2
27970057 6
3980 2
4810 30
5360 4
4160 30
4390 27
4280 25
4100 20
161964203 13
9011132 0
5459 9
860 7
4500 3
4500 12
4300 19
4550 1
4470 11
4570 1
40976535 15
40002357 11
5360 11
5639 23
39976996 6
150003113 12
19995773 3
40008496 28
19986413 13
59998109 24
70016270 29
20005373 11
39981516 20
18330 10
19985953 15
13730 16
7977824 20
4329 3
29995965 4
72012359 12
3930 28
20008122 12
159994824 22
429 7
19999243 26
19993483 6
20002792 2
17760 16
19989683 23
3940 10
129988810 15
169980515 3
50021238 0
49993547 17
58987600 4
11020771 14
19977434 21
20020982 28
3819 3
27980607 20
12013639 25
5600 21
18975454 11
20002872 17
4100 5
1012599 25
3730 21
59991319 11
20003823 31
89991284 30
11090 14
4010 12
19978863 24
17990 16
257976630 6
42020193 1
19999223 2
20003574 28
4190 1
19983764 3
5120 23
360 7
20007394 30
59992529 19
4260 11
7988483 21
5210 30
4300 20
4509 27
11985919 19
3460 31
4560 27
4580 9
4070 27
59986320 10
4040 29
3430 15
7160 26
3740 0
19971374 3
57999261 14
4760 3
62012287 0
89997044 22
19997523 27
19984703 24
20014253 20
11469 8
3429 8
89990644 24
179998127 21
60003319 8
19993723 15
117986870 16
23004450 28
5740 17
58999320 18
4260 31
18985074 19
321026 8
140708753 27
19990663 21
4300 3
77976744 10
4350 27
22010301 14
4440 27
19997033 23
89987144 12
40016416 26
4069 2
19982074 1
5760 6
20010372 19
99992975 5
5720 26
8981643 2
4570 5
320 7
4630 17
90994842 8
60011289 17
139989361 16
5530 3
3590 3
7989033 24
5960 19
4020 20
51996436 1
40002936 16
4620 23
19295150 21
4609 26
704822 15
4300 8
3330 6
19982013 5
40005726 17
19993763 5
20004873 19
3980 1
118972249 4
4690 26
3470 6
4490 21
31008033 27
339993491 22
7620 20
5050 18
5780 25
59983059 0
19997873 23
3996617 11
56010772 26
19995503 31
70004090 13
19989913 19
11610 18
3990 23
39989896 12
330 7
8160 2
19994823 13
5260 28
10002702 25
19990594 9
11000 25
4110 24
4090 4
4330 24
19973914 3
19988503 21
20003003 2
80010741 18
19985683 9
39994267 8
170009355 20
4249 31
311 7
4020 8
7984014 26
4370 21
12006200 22
19998123 4
9996732 31
40010406 8
6320 26
159988064 16
37990497 6
52017845 3
7580 20
3970 17
59984059 8
39996796 13
19999203 4
27989376 25
82013630 14
20005713 29
19999673 14
5320 17
9987982 9
18991564 17
5320 31
4489 29
21001813 19
19992693 30
40008235 6
20002334 22
39990986 15
8996643 1
10995420 25
28002767 0
12016909 12
179993037 27
40003126 13
4970 18
59985249 27
40008986 20
4760 1
17977205 15
5090 12
5850 11
10008951 5
51994486 21
4120 24
7978713 12
13003679 28
39016137 8
59994439 1
38988207 14
3969 26
4740 18
4900 10
339 7
4850 14
4020 28
7980484 11
110994295 18
4820 0
2013289 28
4289 19
19980303 27
27410 31
18510 20
59968039 6
7060 6
3970 5
79984242 19
59095889 14
40907896 13
20002513 1
159996954 22
40002926 1
4560 2
4309 13
7831 20
3999 13
19977004 22
3960 2
3900 2
39993775 17
6371 27
18977174 24
5069 18
460 7
21007992 16
31988793 12
3830 28
8004253 16
3791 29
39994095 25
10010512 30
3750 30
6900 25
19982963 0
987399 3
39019407 28
8984082 22
111008886 17
7987023 4
12007940 10
20006572 31
3269 5
109992166 14
10005091 18
59991169 20
60003529 30
39994386 20
20026273 0
39978136 21
4180 29
77985974 13
12011829 19
80003331 0
39998326 30
47989229 3
4851 16
12009919 0
9091492 25
10904822 31
9730 8
4030 2
3890 31
5790 8
4170 23
4190 31
3910 2
109964936 21
7680 0
4950 26
38972407 6
31015404 3
27987286 22
12006950 27
19993553 21
40015955 17
78981083 27
218996254 1
2017478 8
20001183 25
3720 28
39982516 21
29005745 4
20999183 29
6920 29
69996531 28
8140 31
119996817 4
69989591 29
1006209 1
4840 28
27990796 22
4160 30
70999070 25
5860 17
20000923 26
20002013 10
360 7
40000635 2
17976585 12
12011069 25
3080 5
5500 0
40008946 31
4090 30
19972303 2
80025532 10
329 7
67969463 15
7010 0
996439 9
71007419 18
29995614 25
70010000 30
19994913 19
14988058 4
15019367 9
7982883 13
32003123 10
20013813 30
19992254 0
60007578 24
309 7
6460 31
109995667 3
19994133 31
38983267 23
1021888 15
5580 10
149991113 23
19995123 3
20001943 24
5950 16
89996363 8
39999176 30
140002871 3
8981872 30
6700 1
11001831 10
17220 17
39979876 6
19999113 26
50001867 21
20006363 31
19984023 26
40003426 27
10016431 18
20003833 4
8981113 2
5550 31
111005835 16
39982356 0
3050 5
30450 27
5270 27
19981643 8
5130 10
69997881 18
19992893 26
89995594 16
60006579 28
100001204 17
19999303 11
79991402 17
50004937 28
39999197 12
149992932 16
20021932 22
239977605 9
20006293 15
20012393 1
20019763 18
2750 5
4160 9
19964773 11
109992966 12
18990194 16
6270 14
1008529 22
10002802 11
19994973 1
130003559 28
60002749 0
59988399 28
5430 0
3860 12
3851 23
4089 3
58967240 30
31015404 4
4730 22
3960 14
5330 16
19996713 23
4070 20
49978237 28
31995063 20
58011000 19
19993174 19
140006520 16
39993176 0
19992863 24
60002349 9
20016313 31
19987513 5
8400 13
20002833 25
79999902 22
22980150 19
4030 11
4620 20
4620 29
46990170 13
16780 16
98980856 31
1007679 5
3940 22
20001283 10
25279 30
4771 25
3069 5
59956160 28
10015521 3
211980210 30
168020247 24
22979661 26
17009885 29
6390 11
109991007 19
20006622 17
90006774 12
119990527 23
39997676 3
6880 15
3780 5
137982333 6
32018222 19
19991973 29
70005721 22
8984852 10
71008050 11
40007515 4
160984463 8
4960 23
99009816 20
289998612 31
4509 3
149997132 5
79990492 10
8997383 0
11012010 17
3650 6
5120 11
79971942 22
110021906 4
4080 5
39997246 14
4240 2
19989153 11
39985846 3
29160 18
39983456 11
20001253 4
3970 15
20004293 8
4340 31
49988477 4
79982542 4
30024795 6
5080 19
4031 27
3879 19
4120 25
19976353 24
4809 3
39991677 2
5749 31
3480 12
4800 18
19986263 1
6680 22
8987773 21
9991791 0
5280 28
61009058 10
310 7
199998810 22
4340 20
20001932 3
19992334 1
5120 0
5440 22
3891 25
39981515 5
5049 9
3940 5
5260 23
19988334 20
39999915 23
370 7
19985183 20
79999752 1
22110 29
4510 3
19981183 1
40000496 13
40011016 2
59997709 3
60003088 8
19980403 1
22800 23
5410 2
4200 23
4620 12
3780 12
9965702 27
30010524 12
60011579 3
4430 29
179979677 17
5580 29
3630 20
8491 5
69994901 24
4650 2
19972063 13
40005906 9
20016673 15
79975902 29
157996645 25
2007608 23
5660 21
4610 23
40005496 5
3850 26
59983659 13
7930 27
40003686 24
79995531 4
400 7
49996938 30
39985066 0
4530 23
23110 15
27972806 27
4050 24
6200 31
4430 14
1998718 18
20002603 28
9092801 2
10906671 11
3900 11
4890 30
4380 30
19985113 24
50007637 21
79998992 17
19087813 3
3860 24
904330 16
19993453 20
20004803 30
8993792 3
5790 21
11000351 20
19996593 4
20002303 18
3660 3
120000917 0
4880 29
4800 22
139984321 26
20007273 2
19991803 19
8990843 30
11012271 12
20000323 5
69993690 21
40001606 22
8993043 26
3680 10
201001428 4
50016857 10
11974720 2
218019684 16
80004352 15
19992143 16
9480 30
3919 20
19982804 22
4460 2
39995465 25
100006195 26
59995909 15
41995214 20
3680 14
17091145 2
914260 8
4530 16
39987466 2
8991142 11
5870 13
31005794 15
37983297 28
102016942 14
19998423 22
4670 3
3820 19
19992483 22
17270 6
27967677 2
32013712 10
19999583 24
39980886 21
24920 23
4320 28
2850 6
39986886 21
7680 16
41978584 28
3410 28
58012381 23
148985232 14
9000222 9
109998526 13
5470 21
42996323 4
2900 4
79009243 19
7985973 9
12012930 22
108993397 0
161017052 19
4420 3
1972389 2
4360 26
18004454 22
3930 1
9995862 3
39990866 12
20012412 1
3549 6
39980906 29
40014256 1
79994782 15
39987716 5
9087222 23
10930451 22
59997409 19
5010 29
4229 31
4151 14
19970503 23
350 7
20011123 30
129988009 29
110029526 14
38972007 13
1015039 29
30006104 31
7520 21
19982133 26
19992973 29
4020 14
4650 27
38990367 28
4600 18
70993879 30
9920 25
49998528 0
99985735 20
9008852 27
4160 20
31000514 16
20000283 17
58989290 15
20998102 28
22002371 21
3660 8
410 7
18011324 12
4500 11
3820 22
981240 0
4760 30
43988552 21
4003207 1
5100 16
994069 10
3570 10
19995563 18
9009152 15
11001221 31
119995987 30
120007288 23
4230 25
7982373 17
12008310 16
39997656 3
40000386 26
100994624 4
39004786 12
60009459 28
5700 21
500 7
4010 15
58976240 13
91000832 4
109997006 19
50004248 11
3729 27
40009926 10
8670 0
19974513 25
18320 1
139978731 20
13650 11
59999618 31
4371 11
39988226 6
40001146 26
50997857 19
18101443 30
3770 30
30907185 11
20982592 3
18999724 26
4560 2
47997709 9
91997752 26
30016395 24
5800 0
59996949 11
109997586 31
3951 22
19980344 4
40008096 14
4059 13
19998483 26
20000313 21
19994623 3
4540 30
49994927 6
7940 11
3520 6
59996539 4
4590 18
19999463 24
3780 18
5600 13
99977245 16
4660 0
40005586 28
19994593 14
4120 6
4700 30
4060 9
39999846 12
3700 15
69971640 6
19070 19
4240 23
39986496 21
18987894 13
4509 29
999920 4
2480 4
11420 10
100008434 25
5820 19
19984413 23
17981975 29
12017020 16
3949 29
2420 4
19991783 16
3220 5
39994697 9
59994059 0
40005526 4
10190 3
19991603 21
129999779 11
160003343 5
6740 11
4430 20
450 7
109979547 10
20005654 9
369 7
50011908 14
59991369 20
58984609 21
21005832 23
20003953 20
2820 6
9360 3
4460 9
4090 21
119983518 5
4420 16
19990963 15
7199 28
3680 18
79997642 24
90000343 3
4109 11
3740 8
3900 19
3960 11
3150 11
49972988 26
20000743 0
9690 23
3970 13
5130 31
69976740 16
19988713 20
19010 27
59999669 2
48990858 30
11005580 15
20007092 30
5160 5
2780 4
3820 28
118966639 27
41018035 30
39992806 9
38989987 8
1016660 26
4360 26
39997636 5
39983856 29
37997258 10
2009958 19
3600 2
40013266 3
19975413 10
4140 24
4770 31
8996292 25
91003553 29
69995961 12
4230 25
140001640 4
3160 4
59985029 18
20630 28
79994082 22
38985847 5
61007028 6
20007453 29
6390 25
19997053 13
4040 14
19973733 30
40015376 5
200005519 17
19993233 31
39995566 24
18990944 17
141007029 29
10670 23
39989936 26
19199662 2
813901 13
168980726 22
4460 8
350 7
40000016 2
70992699 24
80019821 26
19980394 31
59000289 28
4840 23
1002909 3
10005982 28
50984736 17
9026492 29
99992145 17
109990616 21
10150 19
19981543 24
40014616 8
20000183 11
130015849 4
969729 5
4230 17
4280 24
3180 4
5130 28
316984579 25
92013792 25
109996846 31
60000279 3
89996813 16
19997003 21
60008499 30
79993045 23
7998223 31
11989680 15
100020949 26
18980914 30
8996892 2
12008110 12
24890 21
119977972 27
4340 23
13759 29
77970337 22
360 7
62015669 28
4210 21
19995774 15
380 7
4260 10
49992729 30
4890 22
8984383 29
19000155 8
52015667 13
109990851 20
5991 26
4129 13
129996255 4
3720 16
20008613 26
89985627 2
30005275 13
229996503 11
19996694 27
60003751 26
420 7
70003393 17
109992800 10
20002274 13
19988684 27
20010373 14
20002004 31
19993494 10
140000956 5
19098693 4
4130 22
20900784 1
19999124 22
77986077 5
10001581 31
5780 24
3860 8
112004159 10
20000903 26
60006031 12
4171 21
39970507 1
10020902 2
510 7
29992755 11
38991979 13
1011389 9
10150 20
139975136 6
460 7
260 7
320 7
20011624 23
4480 6
3610 31
3900 18
39994098 1
40000467 17
19994074 12
14740 14
39971698 21
19000844 3
5400 19
3470 31
41004426 4
20001394 21
5260 18
59998361 14
3800 31
99995419 21
3960 26
5409 26
420 7
39969477 28
20014674 15
20001973 20
20002524 23
39991428 10
60008281 11
19994854 17
50008250 21
19998303 1
20002514 25
138981067 5
1016369 9
19993544 31
119999942 5
20010183 19
19989184 21
20009084 27
400 7
39997897 11
4410 19
19995594 15
4570 26
3950 19
3710 30
4440 16
19987734 17
3640 19
291 7
189984305 8
20004614 11
19983734 23
20011614 3
20000993 10
17984026 23
3880 23
4170 29
122011280 17
59989520 30
40990966 2
5320 29
59006302 4
8390 0
19993954 28
18989665 16
21018803 24
19992994 1
40008377 30
3700 24
3700 10
1976879 6
98010749 3
19979584 11
31319 0
3770 10
4000 20
59975751 18
320 7
78988256 15
41015507 30
77980576 20
32010464 24
39997657 2
57992183 13
4000 22
32003934 10
7210 25
3810 25
40008697 27
340 7
27972378 9
62015539 4
54987295 1
3870 26
4060 2
4070 18
15008508 27
19997904 13
19995764 29
149999408 13
18986574 21
20000934 4
3490 26
21009653 28
39993277 29
2589 6
110001411 8
7700 22
57977723 18
10002482 14
3710 11
32011624 0
4420 29
4070 28
3760 20
3630 29
4630 17
4230 3
3820 16
59968001 10
4620 22
69994163 27
6090 0
3610 10
99990419 17
19983544 20
60002411 12
17440 11
37985040 9
3820 23
12008591 5
68988364 13
3960 11
22991011 22
18023435 18
3660 10
119992972 16
6230 29
109990960 27
7610 19
8984603 16
3470 11
3710 16
4370 19
3670 11
60983990 25
380 7
108993422 13
1019940 18
39988037 25
4030 18
19998744 1
40000347 25
59996211 22
20009274 21
37983849 4
12009610 31
19989664 11
3720 9
60003511 17
10004982 6
29993005 17
20990033 4
4390 9
3620 8
300 7
48998620 11
15740 10
19993594 11
3870 18
39992717 21
20987193 3
58997952 31
18710 17
20004184 3
19987493 31
60008221 21
4700 17
40006618 12
19985693 26
120009153 23
28987217 3
4240 3
150997687 12
19996293 17
20012924 13
59986831 14
7991584 15
1107588 30
3770 15
30903685 29
50003648 10
19995483 31
139992296 14
120002522 27
49993750 16
59994621 0
60031850 24
19988933 22
5040 28
310 7
19997874 9
19981704 9
12830 6
109999700 13
4080 19
19996053 0
50000009 18
60001321 14
20001453 18
39990978 26
8690 31
99998028 18
290 7
19998774 3
60005271 29
57978453 5
82004743 11
2610 5
110004780 16
20000864 8
109998940 8
30002895 31
179996604 30
3890 27
99992508 0
7490 1
3830 27
39998017 30
19991624 17
3510 14
3790 2
3710 26
39991788 15
70010842 12
14360 12
2450 5
19975274 8
3800 24
4000 28
5100 2
19969284 4
20010393 23
100991848 12
4710 16
4420 30
49004620 26
59998091 18
3660 16
3930 0
29978366 22
480 7
20016753 0
19997194 17
3300 20
3410 20
4060 24
4860 20
99970469 12
20012674 19
89990097 31
90005366 28
10011192 25
39996547 8
19995734 23
147985590 11
3540 6
22010922 17
4060 2
19998674 29
2450 6
19979544 28
20020763 19
40007198 6
29990986 16
3670 14
19994324 5
89997167 21
8769 12
39997478 0
20002253 25
4150 15
3600 2
4210 2
19987824 18
19997934 5
149999707 17
9870 2
2370 7
5710 14
5300 20
4960 18
5120 24
6000 25
4730 2
4880 17
69951483 1
3550 15
19992924 31
120006562 6
40004077 29
7160 31
4550 29
4670 31
38955259 17
5179 18
5400 24
21018313 8
19990064 21
3460 6
5750 9
69988273 4
7420 26
79987195 10
19991574 31
11329 4
40000658 27
8991233 15
140992455 11
40017618 14
7988384 3
12016400 9
39995218 11
6769 0
99985318 6
5020 21
6110 23
4420 5
4700 30
6250 17
4200 31
4829 21
79974426 10
39998667 30
58983352 5
21019793 0
8981923 16
4391 16
11016380 6
6470 15
79985055 3
97984030 29
2008939 21
20006414 8
8996113 25
31003484 29
991210 19
4320 2
7994573 5
11004151 13
4210 15
8330 20
6880 19
7973904 17
42016735 4
49994429 23
4611 11
40004727 26
49992019 10
77982686 14
2025527 18
19990013 31
7160 9
59987911 27
5829 19
3891 12
4709 19
5470 26
69984833 20
129995404 20
40009858 8
69993563 17
20001724 20
27989307 29
12010920 17
99999039 26
97993580 9
12009680 26
6987534 10
3390 6
3760 14
31991104 9
4240 13
4080 31
460 7
1016609 20
18975855 2
5280 2
2995137 0
18006906 11
20007943 31
39994757 27
20013634 4
69986553 27
5006566 0
14984588 2
5460 30
994379 0
370 7
19011685 1
3559 6
169991571 2
8011 0
78979286 23
61012430 6
370 7
2003549 0
3840 31
5983555 4
71006972 14
30988354 16
20001983 28
30014786 25
89995856 8
20004944 21
4280 8
189992825 16
6988404 0
13012049 27
19990484 23
50009069 20
8030 9
59989131 6
10008772 25
18982275 21
5120 11
8996502 0
12010740 22
8992373 4
31001885 28
9660 13
27983087 2
5280 3
29997006 17
12004421 15
420 7
60028131 4
19976454 21
10010432 24
39988477 27
4900 21
39982378 28
20008333 15
3992487 0
86009670 8
109993630 24
19994214 18
100012538 25
19994974 8
27989587 28
192009973 19
994369 11
19005225 29
996129 10
69000614 2
20003734 0
4430 13
3680 22
3740 22
49996409 25
3820 23
79982015 28
59992581 28
490 7
1002859 5
4360 22
460 7
19004764 20
7988883 3
4760 21
3790 14
4410 3
72001401 8
119990882 1
20004354 5
60000631 5
40002057 21
20000524 10
9091062 31
49894030 0
1005289 24
10730 5
30007745 31
39992798 1
20000073 14
27981438 31
142017123 24
4531 30
39990137 31
19995344 16
12109 8
3911 8
4571 18
4069 25
39982708 26
20001283 3
8990053 17
31015655 26
4780 11
4230 16
18970964 29
3340 29
7018435 5
63988827 25
50003370 25
9099692 21
10895192 6
8994973 23
11000241 16
4260 11
120001122 13
9400 24
39988077 21
20004184 19
20004043 9
20001804 13
5770 11
4080 15
3840 15
3830 11
4230 11
4180 27
19973034 1
19998013 23
20005104 31
199985157 22
90004786 1
6180 4
99995468 30
529 7
400 7
19995554 15
50003459 15
20008114 14
39999297 4
119993892 15
59997221 12
20987493 12
4330 30
1170 7
56993534 15
2016399 29
20005263 10
59978421 21
139002447 26
41011456 12
6310 15
8981423 26
4150 15
90992146 31
20015883 16
4320 29
89995777 17
5870 8
79997494 3
6760 12
99993488 22
8984053 8
9999242 31
1010219 10
179996923 19
19199713 26
60805883 13
28991646 5
5660 19
71010272 8
3600 31
4760 29
21970482 10
17997676 12
7559 2
50013490 3
109994659 12
39982717 1
17680 8
7984633 5
4160 14
960 7
12019610 15
39992737 25
5310 4
3920 31
19979364 3
4290 28
19999043 15
19996824 9
20000694 2
19993133 24
40014876 11
10007792 17
29997636 26
4170 13
7090 20
6820 20
4910 0
4220 1
4780 2
4391 10
19959364 29
39990868 5
18380 31
19987704 1
4411 25
3931 28
119984302 14
20019113 12
47972501 22
4600 30
10999551 13
30998995 9
40007688 9
12010 22
4770 15
6850 2
19980524 1
3340 5
19997584 8
120002472 19
19999594 21
40005447 13
80004584 14
4459 17
4220 1
19979494 3
59994561 2
20002184 2
4790 21
40003007 6
159977900 8
21009763 24
9012843 0
9999211 20
57976293 5
2012309 2
13530 22
119991351 19
10004092 9
29992096 17
12990 20
39991817 15
17983346 15
3531 15
3451 6
4249 15
42001386 20
5170 22
3130 6
140008885 11
19988493 19
29992396 22
4360 19
19991684 5
10120 6
19994394 19
4260 23
360 7
69997593 17
9830 27
3650 27
21975932 23
3610 6
38005809 10
7989853 16
42012786 29
140001076 28
26949 16
19979454 19
3870 28
4010 14
19985354 26
3200 11
39998377 21
4100 19
9995682 10
20001054 28
139992245 30
20001504 3
19998973 8
89999757 4
20005443 2
19992784 22
8140 21
9993892 16
108984321 12
51017338 3
39986737 5
30020925 0
59989011 21
58988022 8
1019879 5
5090 18
3790 14
3260 4
329 7
49978920 1
20007444 30
89990907 25
40006227 9
19984834 17
39990698 29
90015457 13
39998767 5
8090 30
60005051 5
4040 16
17974685 19
142006324 22
19992484 13
7790 28
77990866 20
5430 0
4430 11
71998321 26
4840 19
20002873 23
7986583 27
62002800 14
39999628 13
117994204 6
12002879 17
20013493 15
19995514 6
10219 8
40005648 0
4320 4
2430 4
6570 14
10971061 6
19003594 13
20007403 5
8983843 8
4170 29
30987264 14
20006024 26
15550 27
19996264 15
5380 12
59980912 8
5230 6
10599 27
119989293 2
90013277 14
59997671 4
4180 13
19975043 27
19998474 11
39080 31
4920 20
290 7
3920 12
19968744 8
4210 20
4010 13
4540 20
4109 23
59964632 11
40022307 3
6780 16
69990763 15
209997388 1
370 7
70002203 10
69997502 12
19998224 25
20005674 15
19995003 5
19996154 19
4200 30
59988621 9
40011437 12
20004664 15
4960 17
30005845 29
3880 19
87965059 25
3729 29
82021763 28
19988314 4
18987314 24
71013081 0
1410 7
20006614 8
8060 1
27972947 27
42015696 9
40008808 14
89990876 6
67982925 29
22013781 12
39993267 29
40010097 29
7690 16
4640 8
49985259 9
410 7
19999544 23
39999077 0
59985301 19
189998745 8
80007344 17
4780 18
280010861 8
139986856 19
5569 12
58983453 28
51012239 1
3690 12
67987114 2
5120 20
102017687 15
19984634 27
1999239 10
47992261 24
9002493 26
58995872 0
4340 22
82007463 23
1987259 30
37004000 16
1002209 8
30001135 26
5530 21
102987676 8
57012523 24
19993194 14
490 7
4360 1
3750 26
992929 2
49000080 3
120006212 11
988459 18
4560 24
3960 11
19002724 2
5580 29
5171 15
69974743 30
20010094 27
3650 3
59993591 4
13380 18
4930 27
4639 16
59973992 23
79996724 30
19996714 19
100012628 3
20004594 8
4209 17
19991944 5
137986438 30
142016233 12
129985614 1
20005844 16
109991990 17
67999935 4
4820 16
2013608 8
4380 8
19986464 17
19992364 10
20004784 22
20013654 1
8851 18
19979644 3
520 7
20007624 29
19985704 22
40007527 0
10690 14
39982207 9
20007214 5
20007443 19
20006154 4
39988957 28
18991695 28
3710 11
4860 9
3920 26
3570 11
50996568 29
20007333 31
4060 3
39990188 0
3770 30
4760 11
3210 13
109987360 21
9997112 11
40000327 4
129990654 16
20008874 14
4580 14
20011533 15
19981554 5
6510 15
17977756 17
22024151 19
98980469 0
51015468 3
27985637 22
30998335 26
3840 13
3680 13
7720 10
4280 20
3609 10
4580 21
4030 21
984830 25
29994435 0
20004324 14
6989 22
58975133 3
4729 11
997270 23
30007025 24
40011937 1
20001084 5
27976557 6
8220 31
2016548 0
19999684 15
3110 5
19995163 31
39997008 21
38983148 29
51011058 10
4610 5
5670 14
6080 1
19972984 9
20290 2
7540 13
6140 3
38964268 26
5330 19
11019591 4
460 7
5680 10
5480 22
59966581 18
9000223 8
29998045 11
44005124 26
36992890 19
32189 31
199987117 9
4080 21
19998673 26
79998615 25
5430 26
59991731 18
18983325 2
8450 23
5530 2
171003950 28
6180 17
19986564 24
3970 20
19988684 29
5240 10
4111 8
5549 13
4300 24
20978104 3
3431 31
7760 18
49004040 25
5560 3
7977524 10
12011530 14
7210 24
149995427 2
19993144 2
20013963 26
19988684 12
280 7
7910 30
4360 20
260 7
57974493 1
12016941 26
20005873 17
7981234 16
32005994 13
7990514 25
4070 21
142007034 1
100012088 18
6140 0
17969665 14
6002125 17
3360 5
4140 25
3940 15
7560 18
25992699 0
39994417 26
20005244 23
4700 11
5240 13
7983644 29
91998265 24
59999801 14
4620 3
13370 23
9990332 11
531 7
10005541 10
950 7
19989154 11
18993475 1
1016169 28
39997158 2
600 7
28987776 27
5330 19
11004971 15
19985894 2
100015418 16
40000967 17
39994587 4
3040 5
7983294 25
12022980 10
3620 6
18972164 10
1014180 22
20002483 1
20000284 2
19998553 10
39982867 21
18002165 2
72016781 6
3950 6
19997254 1
99980938 22
23859 3
59989942 4
320 7
59999680 6
8010 29
3680 12
59989151 4
20005994 17
5550 29
9220 9
3739 25
19978055 22
100003618 30
59998860 4
5750 19
3880 10
4730 6
