109639 0
101469 3
104239 1
105219 7
99859 0
105779 4
107010 7
103120 6
92609 7
110679 7
102790 1
98660 6
104239 6
141489 5
81539 4
78410 4
80920 5
100299 3
102189 1
115250 0
105309 6
104779 1
109869 6
103469 5
101950 5
96909 0
102279 6
78679 4
83740 2
86499 4
72210 7
73499 2
71940 5
72100 7
74299 6
79010 7
80279 6
77050 7
74610 2
78349 3
79870 0
90139 6
111669 0
95640 6
98909 2
101069 6
104419 3
102349 7
102769 5
100479 5
104419 1
83850 7
78170 7
71569 0
84290 6
82549 5
78540 2
79130 7
78649 5
79560 1
83119 0
84539 4
83580 3
83999 3
83819 5
83679 3
83639 2
90030 7
84430 5
84589 0
90319 5
67390 0
70540 4
64999 5
67359 5
70830 5
72189 7
66069 2
66809 7
62800 4
58200 4
60210 4
64519 7
71069 6
61459 0
67959 7
60589 3
72490 2
93109 6
91709 6
134779 1
88930 7
81739 3
72310 2
43289 4
64970 0
62819 0
64580 0
68809 0
64780 5
69549 7
70260 3
73159 4
62250 7
73659 5
75389 7
97209 6
76349 0
85749 5
87890 2
92569 2
80870 6
69309 1
75030 7
86329 1
98929 1
99779 3
91720 6
84949 1
62969 1
66480 1
60470 1
85330 4
71219 1
59580 5
61850 1
71440 1
93519 4
99759 1
105630 2
116279 7
101819 2
99929 6
90730 5
88500 4
84229 0
89330 0
86190 4
90439 7
93370 3
95650 1
102229 7
77029 0
57450 3
81289 3
87040 7
71369 2
113629 6
110099 1
88900 0
68710 2
66179 5
70050 5
64899 5
67769 5
90210 7
72529 2
79769 0
69129 7
64960 1
79439 4
69949 0
159878 3
133849 6
196539 3
165518 5
173519 1
150899 0
124699 0
65640 0
74600 4
74569 0
77820 4
72039 4
80690 1
91880 3
98749 1
111479 1
97209 5
103829 3
82559 0
67030 2
83479 1
103079 2
101099 4
106130 3
101009 7
103839 4
83889 5
77259 1
120579 6
109269 7
104119 7
100539 3
83610 6
74839 3
83830 5
89369 7
102789 7
115759 6
86089 1
87680 1
95579 1
97119 1
115019 5
99000 2
99910 1
78609 1
73620 4
79469 5
71699 2
68369 2
76329 3
73830 5
68529 7
67690 0
62309 4
59670 4
64929 1
74130 7
59379 2
60920 3
69369 5
76750 2
84459 2
85669 2
105220 6
83460 5
81899 1
70500 1
73059 1
62280 3
79209 5
70920 0
64960 0
65369 0
72699 4
82030 6
80789 7
81349 6
75680 3
67469 5
73109 2
66969 1
69689 3
79090 4
86019 7
79690 0
77219 3
80509 4
85400 3
83819 2
78790 5
87399 3
78639 7
89860 4
87450 4
91469 4
90049 5
86240 6
83639 2
92739 2
85730 1
89589 7
100459 5
88600 7
82029 6
76309 2
75650 5
79839 0
77839 4
79189 7
77050 4
83770 2
81759 6
77629 2
76650 0
83999 3
54070 4
82689 0
98380 6
87310 0
88789 4
88150 3
89320 0
89359 1
83949 6
79839 2
71699 2
81820 3
76619 6
50260 0
54230 6
65939 4
64419 0
65989 4
58449 7
63169 1
64100 3
68330 1
82909 2
86189 4
93169 3
99980 4
90839 3
88639 5
79190 2
72789 0
70300 1
66589 1
75940 4
73520 6
124759 1
84919 4
87980 3
93489 1
92699 4
75460 4
79029 2
74690 1
76179 0
86510 5
96539 6
103709 2
88749 3
100769 6
86019 4
74669 5
71730 3
85439 3
100509 0
95559 0
92179 3
77799 0
81340 0
61949 3
64850 4
72009 4
97229 1
98230 3
98089 1
101439 6
98469 2
94830 0
99230 3
113059 5
88849 1
101699 6
90709 6
86439 6
29560 0
26640 0
26209 3
25739 3
26290 7
27450 4
26130 0
27729 4
27059 4
27350 5
28930 3
34340 6
37470 3
40180 2
42179 5
39689 7
40510 5
43920 1
42999 7
36060 7
30860 5
30720 4
26120 4
35219 7
26970 6
26230 1
28739 6
29810 7
28270 1
28740 1
28050 3
27929 5
28079 1
29790 4
30610 4
29870 4
31309 5
31200 0
33560 3
35169 2
27060 3
26540 1
24110 5
25400 7
26600 3
27289 0
26040 1
26350 4
24970 3
24020 5
32170 3
38750 1
35769 2
45520 1
51750 2
55039 5
67970 0
72649 0
69830 5
98499 3
91809 3
93670 7
90689 1
70709 7
64280 7
64789 1
79050 7
77789 7
96979 7
92850 3
90929 3
92159 7
92499 0
92749 4
94429 3
92309 2
101080 7
103819 2
77949 5
77830 7
78989 5
78130 4
79549 5
81219 7
86649 2
84039 3
80969 2
90400 0
86399 5
96319 6
88229 7
89239 5
91209 1
87520 2
91849 1
93619 0
86609 2
83810 5
79539 4
75350 1
60020 5
63459 7
68010 3
62920 4
61830 7
64659 7
67890 3
105189 4
91300 0
99679 5
94589 5
95359 2
82140 4
80009 2
72360 4
67619 7
74469 2
73750 3
76149 6
86770 3
90220 4
90739 3
99559 6
86350 5
69379 2
71810 2
68199 2
78059 4
83559 4
59730 2
54660 5
59870 5
83179 7
83919 3
101000 6
74639 7
69259 2
67660 4
87619 2
95130 1
95049 5
89589 7
69880 3
45679 4
36870 3
97739 7
44960 4
57699 2
79550 6
58959 2
