127658 7
93308 0
105779 3
122168 10
108368 22
107469 21
118638 22
90548 8
102938 19
105439 13
106278 8
106368 20
112508 15
99678 1
95689 15
105748 2
99048 13
106259 7
101078 14
105258 8
95589 16
100108 0
102999 18
97858 7
102548 1
100848 1
105378 19
101399 7
102858 15
96469 15
103818 12
108508 22
101529 8
91549 22
96158 11
106948 7
93738 10
102748 11
100528 15
104989 18
103829 11
113708 14
95828 16
101258 8
102228 18
108559 0
105178 18
106378 3
104129 7
100128 1
88009 19
98489 18
104228 0
105849 14
115919 22
109408 16
130128 22
104018 2
99379 16
107508 17
105208 2
109609 10
110098 22
105898 0
107968 11
121138 4
105348 0
99548 3
109759 6
105028 13
110248 17
104569 11
109839 12
102588 18
129188 20
95169 16
121049 18
110118 3
120918 5
107938 20
114708 9
100659 17
111878 5
109499 15
110969 12
96388 10
111228 16
99579 9
114828 11
103408 20
113109 12
104959 18
111808 9
138068 21
94219 0
87678 14
61779 21
51609 1
58469 15
60580 14
59389 9
89638 15
109398 16
100269 12
104038 1
111228 7
104179 12
114288 10
108768 14
109368 19
101819 1
120948 12
98848 4
107349 4
110428 3
109158 17
113178 15
103209 1
107368 21
112118 6
117188 8
103069 22
106388 18
119278 4
114508 23
101609 20
98208 12
104708 22
107408 21
130628 21
94338 7
94389 9
91748 3
94259 23
101348 14
109478 21
112399 10
109778 12
108248 5
203517 23
109378 17
113329 17
108388 16
98528 23
76309 19
59519 0
61179 15
57209 21
50239 7
53280 19
87509 5
60569 2
62699 11
58739 7
61559 18
83419 14
101888 15
96919 1
106959 20
103278 11
115838 18
107449 21
112628 1
107688 17
107989 2
111339 11
105798 2
119618 0
103208 5
104359 19
109378 2
105709 22
114889 14
106118 22
107678 11
109629 15
121707 12
88358 0
87879 5
90958 23
93389 19
114818 10
101559 0
122258 14
103479 12
121058 18
113478 17
109618 7
96529 7
109638 6
104519 21
109368 8
111148 20
101178 20
70689 18
64729 12
71359 10
62159 14
66559 9
78599 19
97399 11
96498 19
94439 12
112938 19
111728 5
77009 18
64999 20
72009 7
74929 23
89028 7
106459 1
107488 8
98598 9
99968 19
128808 11
76118 9
88129 7
110819 2
111378 12
107378 20
107168 22
101869 22
104898 16
105328 4
127108 17
99339 17
116938 14
106158 16
102819 15
107959 15
101388 1
110958 22
103159 21
180007 12
92658 12
88868 10
88919 11
100198 20
110268 6
103659 11
108718 6
104129 18
131407 22
99719 8
94858 1
69629 17
65899 1
92629 22
105798 8
93629 13
106698 17
99348 17
105089 9
97318 2
114258 21
118018 2
78718 6
91279 7
95588 5
73539 11
84239 21
73379 12
74769 15
92078 21
104418 0
117278 13
106029 23
104128 7
108188 13
106338 7
126458 15
98558 7
113218 21
95528 12
117998 2
99009 17
115729 10
98018 23
118338 10
115768 19
110038 14
99038 8
103948 10
104448 17
108568 3
103029 20
107328 7
109008 12
109378 23
116228 17
105569 3
120298 4
110048 0
104008 18
123507 9
93958 22
84159 16
79048 8
91579 20
86449 0
74039 14
70609 19
91248 16
112869 18
105338 20
109258 11
119918 7
119859 3
92788 15
96559 18
91508 1
91689 20
87459 22
93769 3
97668 13
119928 20
109019 16
114688 2
100648 14
117138 22
106349 16
117338 8
101778 16
114018 22
94268 16
180927 14
98318 9
89368 22
88379 13
95068 3
96769 23
122158 9
101418 14
120908 22
102629 7
89468 10
93819 5
89848 14
110338 16
105879 2
106148 6
100559 1
86088 11
84179 22
76809 10
72079 13
100348 2
97168 12
117988 2
105589 19
95288 2
98329 8
73368 3
89909 12
83869 12
94258 18
96209 18
68179 21
87518 22
83549 13
78319 22
98048 6
104699 11
81139 0
88449 23
82039 21
105298 7
92558 1
88819 6
101318 12
107379 2
111308 18
120438 8
103288 22
107799 18
106748 21
104358 6
107669 1
103278 9
111828 22
103169 18
112308 12
116308 15
124518 14
103158 8
113538 10
106378 11
112738 10
109728 7
104989 14
111578 7
111868 22
84459 4
82729 16
66839 20
81508 5
95759 1
94038 11
98558 17
110929 12
88929 12
88158 4
74349 17
85489 13
83959 13
88548 17
94968 5
99669 9
112818 20
138428 10
108778 0
122158 5
104019 23
88958 20
101329 19
108958 16
103678 18
104689 12
169167 0
82739 14
78829 13
89448 19
107048 21
110769 8
110138 16
105558 4
109309 0
114807 20
98709 1
106398 16
105789 14
113908 20
102398 12
115788 0
104718 7
108628 10
120718 3
107429 23
104929 13
106938 4
109568 6
109878 8
88639 16
83459 6
94728 5
70509 19
63719 3
99489 15
97598 4
112758 5
88949 16
79759 0
94848 15
91958 3
126629 17
102468 12
77849 20
84218 8
82929 18
101858 20
107789 10
107248 20
111538 11
112708 6
113229 9
99188 11
108728 3
112488 17
111468 20
108088 8
84149 12
83568 20
82338 5
81129 3
115028 19
108578 8
104739 6
106958 18
104408 2
108079 19
110738 11
106078 23
106659 21
125238 19
108679 6
107798 9
102309 8
109628 0
108098 16
108008 15
105559 22
109058 10
117898 13
90579 16
83598 16
67619 0
68949 5
82889 16
85698 14
61170 22
