19660 12
12988741 7
18370 6
9150 8
11330 20
1020 17
9620 1
53919 6
8910 6
23770 14
6890 10
6920 5
7990 2
17810 22
485966 19
1180 17
6010 0
12150 11
45030 9
1020 17
8060 23
7739 23
1200 17
8890 23
5770 7
6000 14
560 17
6770 6
9690 9
7970 18
10170 8
15880 20
45510 3
6700 12
8590 6
10740 9
7950 21
13140 4
90150 23
18229 3
7830 13
6350 1
19990 1
12780 23
10900 15
1310 17
5480 12
19440 19
15089 15
17940 20
8960 1
9250 23
7510 1
9360 3
14180 2
10230 13
7070 0
5590 2
9540 22
15689 23
8289 4
16129 6
5949 6
8030 18
13880 9
13630 22
14290 20
25910 19
8100 10
5520 15
7919 21
7069 1
8131 9
10479 1
41060 19
9470 22
7180 10
6030 0
12560 10
8680 21
8540 20
8520 22
23440 19
4450 7
5180 8
18750 11
10170 1
18140 9
32860 19
11470 8
12640 2
10891 16
8469 22
1480 17
10130 14
4750 1
370 17
18920 9
12760 6
4320 4
4890 18
15930 0
11880 0
14509 22
6169 1
4169 14
560 17
4369 7
10520 21
23750 11
24820 15
17470 6
6640 5
22580 3
9980 0
6131 5
11580 7
4649 4
7659 22
19800 23
23010 21
8390 15
15300 21
10490 6
14540 7
500 17
17200 5
26069 20
20800 16
10560 3
1220 17
4720 13
11740 8
7600 23
13320 1
6290 20
15590 20
8431 10
18629 10
9299 8
10540 15
8240 14
7390 6
12650 20
13060 20
21100 11
9550 2
10650 3
7379 7
18151 21
12720 9
11870 4
6060 4
17270 15
15530 23
5450 14
11920 23
5330 1
7690 4
9780 12
6420 12
14991 9
7620 1
5349 14
6130 16
6700 14
5520 4
39910 11
6450 22
21480 11
24899 19
10080 15
6650 1
19020 11
38680 23
7930 18
6810 13
10990 10
4210 7
5270 16
10559 10
24469 19
15210 11
6700 4
6730 13
7820 3
11320 15
7810 2
9530 6
15680 0
8250 0
6270 7
12999 15
6800 15
10749 5
6700 14
10249 17
12310 10
10030 3
14810 8
12970 11
6920 12
9240 11
4950 8
14040 13
6100 4
36749 23
11410 23
7970 2
6660 4
26987144 11
17720 16
7500 2
14880 23
9789 5
7860 20
9140 8
8569 22
18390 4
9820 20
4600 16
8550 5
16870 5
12220 9
12560 3
23420 23
5989 16
15519 16
8610 14
19210 11
5850 4
9960 2
17270 12
5020 14
5040 8
9840 20
7010 15
6850 3
9650 23
8731 6
5860 2
10179 21
7330 5
5840 23
8230 21
8070 0
4710 6
4870 14
7310 0
5960 9
5550 11
660 17
7790 6
4130 11
3830 11
7300 19
17690 23
6000 6
9567587 7
9151 22
8249 13
5820 1
20110 19
6140 3
7740 15
8270 4
14580 10
6410 4
6470 22
33639 19
9866635 11
7220 23
4650 16
6550 12
10330 5
11850 9
14360 12
10880 22
12230 10
6280 23
21019 1
8270 11
6340 14
8730 23
3920 11
4620 3
8200 1
5960 0
20480 10
5430 9
7470 14
7010 22
7500 5
9529 5
9793285 7
6860 21
8780 20
6660 22
8300 18
6030 10
7710 15
9942574 11
6240 4
8600 15
11810 9
5700 1
8260 20
8660 8
650 17
5790 2
4900 2
13750 23
6140 0
500 17
8090 2
6510 12
6319 3
7820 21
6169 6
10149 23
16580 12
6440 19
4500 15
9852345 7
6240 0
8300 13
5390 16
16360 19
6150 12
5540 2
10620 18
15170 18
9010 22
8590 2
6260 12
8040 20
13910 13
6570 4
650 17
8410 20
480 17
8780 22
10830 15
9770 13
11529 12
11211 20
6660 14
6669 23
5410 14
6090 6
6370 23
34160 22
6440 10
5480 16
5970 23
5820 3
5990 10
10710 6
7760 16
6760 1
5440 12
10500 12
5320 0
9676796 11
20939 13
6410 3
9956304 7
6870 15
12220 0
6750 14
8830 23
9970754 11
15339 21
9011 19
17230 2
15350 19
5540 12
12910 23
5890 12
6550 4
5730 18
15800 21
7520 10
8460 1
5910 13
8200 22
6189 6
7020 2
17011 10
6310 18
7100 13
6160 18
4960 6
6520 8
8220 10
8100 20
6750 23
5880 11
10440 17
15840 22
15280 9
14929 23
6020 2
4360 2
7789 21
15030 11
6260 10
14270 4
20440 19
32600 22
9150 6
10990 21
12700 8
8629 12
25100 3
9532357 7
9640 3
9983704 11
11370 4
7410 18
12580 22
4540 11
630 17
400 17
7490 12
11330 6
6429 18
13460 13
16860 13
14540 5
10490 2
9340 14
9900 8
29862402 7
11420 9
7300 3
18820 10
7420 8
41870 19
11400 13
38880 14
7340 16
22829 12
4960 5
13659 5
9834955 11
13220 18
10430 18
5230 9
8890 16
14650 12
5080 3
7610 8
11850 11
17620 8
9300 12
3589 11
9876604 7
14730 13
7820 7
23140 1
9942064 11
15929 5
10169 19
27219 23
25060 3
6720 20
22130 20
12270 4
6590 2
13580 1
11689 20
7429 15
5980 16
11249 21
10020 0
5510 8
6870 8
15220 10
5540 5
11480 3
2295102 22
5840 10
4460 1
10000 1
7210 2
3750 0
6280 1
5800 4
12570 16
28400 19
5930 11
7709 0
7509 1
27629 9
7970 14
4570 2
15500 15
18070 11
9560 20
3930 6
31420 2
23900 8
7169 11
18960 5
5630 8
11270 23
6790 21
13570 2
4120 2
22640 10
8300 0
29829 0
5389 2
16130 5
530 17
5340 2
7630 2
8000 12
7430 10
17160 9
8160 4
16250 4
14150 16
7027706 7
20150 8
16770 3
7030 10
10910 20
6340 1
9080 5
5529 8
9609 18
6860 3
9180 10
14250 12
17550 6
71169 19
6059 13
31150 22
7180 21
6990 15
7660 10
6740 14
5570 7
8460 19
7090 20
7490 2
9330 10
6580 12
9091 0
9449 3
5679 10
7740 18
6390 16
9970 9
6040 12
6040 10
9020 0
7060 21
6050 18
6410 6
7060 21
5660 7
5140 5
5200 7
9380 9
5759 18
5471 3
6160 13
13410 13
16180 12
4520 4
6690 13
6530 5
7770 0
8670 3
560 17
7010 21
47730 19
5671 18
8380 10
41329 19
410 17
6460 2
7080 16
5880 3
12020 21
12990 23
4540 0
5370 4
5240 5
61019 15
11200 7
5880 7
9400 13
9980 19
12710 3
5220 1
5610 3
13030 15
8999 2
8440 22
7109 16
13429 18
9350 12
4300 2
19570 22
10110 20
10372941 11
9670256 7
8340 15
10580 4
30389 10
13049 0
7980 3
16850 8
8330 21
7930 23
10950 23
9210 22
13140 1
13300 8
10120 16
26629 7
7180 8
8800 20
83990 9
11240 6
5690 1
22731 15
11229 16
9600 0
6540 3
11290 5
24340 18
16120 21
20200 23
21970 13
6131 15
6920 1
850 17
10080 12
7550 15
9400 1
7840 20
9480 1
11410 8
58589 15
53530 9
7381134 11
6760 8
8669 23
19751 11
21680 22
22650 0
14010 6
9810 3
74169 19
16500 2
11530 18
6750 5
20180 21
8700 23
17660 19
27439 14
23459 3
21200 19
5850 3
19640 16
6950 10
54920 21
13920 8
9570 4
12520 6
6810 12
36300 23
20990 3
20889 10
7500 22
14690 18
5380 3
5930 1
65370 8
41050 19
33760 19
5880 16
6530 6
21680 5
12470 14
5980 23
5920 8
7970 21
5230 8
23259 19
12080 22
7490 12
14900 19
5450 14
149589 9
9986284 7
11650 16
7529 10
9671 18
36539 19
6530 21
19860 7
32510 8
27569 10
15260 22
9828036 9
11670 20
7380 21
69996975 11
16939 20
6180 15
16300 12
7910 18
7530 19
5410 12
12530 18
11800 21
5530 6
36000 19
7760 7
6539 1
9040 7
8570 22
10650 12
5300 11
610 17
930183 4
4720 16
590 17
16190 3
7800 8
8690 4
10750 7
17200 4
611 17
8071 4
4720 3
7140 10
5180 0
7050 2
5920 11
12060 14
29800 19
11540 19
4180 16
17120 23
9840 23
6071 2
106689 0
8870 3
6060 12
6031 11
7880 11
15259 13
23330 19
13250 7
1250 17
8630 10
4730 5
14280 22
6550 6
10700 2
60219 3
9320 5
17210 8
4940 16
17030 23
13260 21
68089 14
8210 7
6150 2
12620 23
4690 11
11850 23
6770 8
540 17
640 17
28880 13
5189 3
7329 22
5669 6
5131 2
9530 21
7920 21
4210 16
11390 8
6400 5
18130 21
17730 22
7720 9
940 17
6210 3
13560 22
10969 15
22400 22
7510 13
6920 12
8170 6
9590 21
5750 1
5300 10
12200 21
9260 18
5490 3
9680 10
5180 6
3840 1
7930 9
4590 4
6040 16
5640 8
7931 9
7689 22
10600 14
12460 1
6810 10
13780 6
8230 20
4420 3
12200 2
4770 5
6160 11
5190 5
46409 20
17930 16
13220 21
5540 6
18920 11
6030 10
6430 12
16390 6
5000 14
7830 3
41469 3
7970 21
4850 11
8680 14
12260 4
5620 5
71700 8
6309 4
11219 14
510 17
710 17
55810 19
19960 18
20810 7
5400 6
7429 16
540 17
10660 5
19150 22
6440 1
16470 20
5590 22
19160 7
7850 13
9820 13
5530 18
6620 23
8370 3
5390 2
5620 1
3880 1
5980 8
35279681 9
26900 7
910 17
30589 2
10200 2
13079 23
10580 14
1100 17
8640 9
10700 12
3930 17
5920 0
7350 22
5070 2
7740 23
6750 15
4630 16
14160 13
5770 9
4880 4
9551 19
18449 23
12240 1
22190 12
5230 9
143199 6
4720 7
13410 6
24390 12
5880 10
15511 4
4509 16
25690 15
6310 9
13350 4
9560 15
7190 8
8680 21
21920 19
23839 20
6340 23
5291 8
8110 22
4800 2
720 17
6880 1
14580 23
6180 14
15580 6
5120 1
8050 4
7470 13
5560 15
23680 20
8791 0
4100 16
159709 5
7780 6
15470 19
12770 13
10630 22
22380 3
7510 21
5950 3
8909 0
4549 12
7851 22
5669 20
4400 11
7540 9
5020 3
10050 11
5580 6
25440 8
6500 16
5060 8
440 17
8730 20
11270 21
12890 7
9139 16
8711 22
591 17
19470 18
4990 15
4600 1
6720 12
9280 13
6840 20
32020 4
7100 12
6410 2
4180 1
6090 22
7550 18
6719 22
25389 2
4450 12
5740 7
14030 10
6100 22
10760 6
5900 16
5760 1
6050 2
15940 10
11550 22
10110 19
8159 1
16509 11
3869 16
500 17
7029 16
5610 0
7150 22
3600 4
18080 14
5650 15
4620 8
17640 1
22450 16
6520 7
13410 18
29160 15
10100 6
4330 11
6990 0
27320 2
15830 0
94109 10
