198579 19
133179 19
128099 3
137899 15
146019 17
140178 4
127519 21
123599 10
124619 13
123029 2
121579 5
128839 3
125379 6
130949 14
130689 7
124849 23
135429 23
121259 6
124019 9
130179 19
122169 13
131629 11
125649 9
132669 16
120299 14
126559 9
121849 2
140769 7
128569 9
140379 3
129499 19
125279 3
137119 13
135209 2
121079 3
132959 10
119999 8
130449 2
132879 19
128229 10
132359 2
134039 20
146029 14
128979 4
136859 22
129209 17
131329 17
130249 15
126069 7
127859 6
134259 6
121909 22
130639 6
138249 1
131429 15
136799 7
127149 8
127169 20
139359 6
122099 1
124429 13
126779 7
127969 1
123679 21
123959 8
149669 13
129969 10
139789 3
143169 4
132039 6
126849 7
125229 21
123219 20
178209 10
115899 6
116759 23
116289 14
118469 9
122039 15
119359 4
117540 10
133190 16
123499 5
115460 14
126569 20
116439 2
116459 9
115579 19
114879 6
126249 10
120449 14
115149 12
169359 19
123079 23
120309 23
127169 17
119179 22
131139 15
114920 13
121899 4
126459 0
126359 13
118339 3
121019 2
113879 20
126539 9
113829 5
116629 10
120739 12
120879 22
130279 14
114809 23
117888 2
114509 17
125139 15
123239 16
113409 9
118859 20
117439 11
117369 3
118439 22
118630 3
130059 7
115339 20
134448 12
120179 0
123429 5
120969 14
113809 3
118209 15
134809 7
118749 15
120969 13
129869 12
122369 1
118819 5
121229 15
120170 14
143238 18
125309 11
125089 6
118490 18
121299 7
111030 4
115409 3
115419 7
140449 8
113459 12
117129 5
122009 18
128679 10
121569 4
133479 18
123219 15
175469 23
122399 0
123269 3
124699 13
123159 23
121499 23
120989 2
140239 0
142459 12
128349 8
132409 20
138709 19
149269 13
126839 5
128769 23
131249 17
125979 16
123059 15
129489 6
126639 1
125789 1
131059 2
146239 11
136329 20
141149 6
140209 18
132999 15
125019 16
128639 21
121289 21
122079 21
132339 5
124029 14
121779 21
125989 17
133629 10
129969 14
124029 9
153509 21
136789 3
123989 17
128149 1
133559 9
124839 4
124069 5
128449 17
139939 3
123039 16
130319 10
130529 6
129839 7
143699 11
147469 12
155359 12
119509 9
122959 6
135149 8
138769 21
125089 17
127089 1
123139 21
135789 3
125669 1
131809 21
121149 11
131569 22
137479 12
135629 21
146339 6
146369 19
120919 22
129639 16
135889 1
132349 5
121689 16
129679 20
188908 21
128039 22
124790 2
119439 9
128819 4
116529 2
124849 16
140039 4
148288 8
120319 18
115369 7
123759 15
117419 21
121129 17
120479 0
122329 2
134249 4
117419 11
122219 3
117879 17
124709 9
123530 2
123410 14
124119 0
129379 2
120389 2
117779 21
126569 16
117939 16
115339 13
126079 9
119879 23
130869 1
118869 18
119319 18
122329 23
122190 3
127119 2
115879 13
126768 2
127110 19
117379 10
114209 17
116179 6
125619 6
123029 18
114489 17
123559 13
119329 10
129039 13
124109 19
123909 22
127440 15
119028 20
122139 15
119629 2
119389 23
128459 3
124929 15
126459 0
121429 13
120929 22
117939 8
128739 23
124749 6
136379 9
117109 18
117929 18
120690 9
122679 22
113708 2
109770 6
104109 23
131479 16
109469 5
112399 2
108599 9
108599 22
114219 8
123529 12
117949 6
108929 5
179289 22
121039 19
114659 4
120179 23
110509 5
125519 13
119749 12
117479 6
127100 6
125559 20
155459 17
180679 14
154889 19
173338 12
158059 21
157779 7
149989 17
174859 2
184889 5
170579 16
154819 4
164448 12
196829 18
152159 10
160268 10
166199 3
162009 5
154599 3
176308 18
162409 2
178799 4
167379 22
198899 20
166839 8
172098 2
177209 15
169359 14
183418 11
191499 22
170988 9
183658 3
195939 3
216338 1
195248 9
187168 12
190459 12
195858 4
210409 3
228609 11
230758 20
207159 23
237828 2
201478 9
203289 11
182458 10
191259 8
221338 22
213038 21
195039 13
191638 10
218849 4
209068 22
233118 22
188509 20
169309 5
200159 17
190339 5
202258 17
229958 3
215559 10
196058 23
183349 11
178949 23
206149 11
205978 8
192829 10
210708 21
225688 16
215139 18
196228 22
200359 10
189528 14
187099 14
186658 4
172428 10
192439 22
189868 7
194389 21
198028 2
165219 0
177009 9
172758 6
186869 21
215548 7
177989 1
177519 19
218268 17
199768 20
218609 6
184028 19
178499 16
180759 11
194119 16
222828 4
189909 16
178029 6
220008 16
184858 10
167149 12
274068 15
200449 17
231368 4
225768 22
218238 18
218328 2
238769 13
214658 19
244948 3
188649 14
216038 3
230119 7
226348 17
254098 16
242188 6
196219 17
193848 11
242888 19
225658 5
240069 6
212899 9
232408 14
262278 1
210798 5
204258 22
213128 5
216379 2
198688 22
238028 13
233089 7
230219 1
255678 11
255178 18
259138 10
233888 2
232478 5
220609 10
229428 22
215298 1
219919 14
229168 2
233618 10
215999 1
216129 2
259818 21
199418 6
213158 17
214068 9
218358 8
202319 17
215998 22
200109 6
190628 23
207788 11
185139 0
183699 3
192768 7
180659 4
228468 12
199949 23
180519 18
188389 13
190598 22
204799 3
186418 11
183839 3
172618 11
185649 2
213389 6
217518 16
172508 1
182209 4
189979 15
198598 14
211658 1
172939 10
179899 9
179578 16
199208 10
239358 9
183779 5
166708 19
164679 22
193809 11
210058 11
166689 10
164619 17
199499 14
202769 9
180448 7
199029 3
180848 13
184479 15
180719 14
213978 10
267628 19
206778 20
228728 18
233928 5
228758 10
236298 2
202899 3
203999 0
208088 1
222989 9
223128 0
232378 16
209818 18
245079 21
200948 4
216528 18
211169 11
218758 8
219719 14
224958 2
220248 19
242808 7
265018 16
212879 16
225768 22
209818 10
199269 4
217418 14
223669 14
248767 20
244249 7
211658 20
319027 15
206289 12
209078 21
236768 22
209819 5
228088 17
215179 17
227318 8
222248 21
197239 5
201118 18
203699 7
330577 4
176479 7
180448 23
194829 2
182178 1
217458 8
182648 2
188429 14
182889 14
211038 3
225858 15
199689 9
190218 15
188049 17
181049 11
192008 14
218728 11
175789 21
188829 3
219268 22
198138 12
196179 21
184298 20
193949 20
207138 11
182359 21
207698 5
179899 10
200868 8
208509 20
199228 22
190259 23
208648 7
177649 1
188738 19
191489 13
210859 3
169059 12
205819 10
207299 23
186119 20
210798 23
175108 1
177299 8
182309 13
186409 2
186688 9
217818 20
207189 22
201108 12
172989 1
187488 20
261947 19
187159 14
195568 5
208148 17
231108 14
224039 2
223699 23
221518 0
205429 17
227419 15
200208 15
212808 17
203408 22
213879 12
220508 11
224178 4
201748 18
219998 21
214978 6
193249 4
201248 14
216318 15
220578 9
223508 18
226828 6
249348 9
251407 7
252198 19
197019 15
213719 19
211219 17
202548 12
216159 10
208708 15
216888 19
247138 17
222739 11
208738 6
207289 19
197448 1
198739 4
220228 13
211308 5
210349 23
252598 7
197308 15
244278 13
170869 18
194479 9
180458 12
196929 11
217548 0
204738 17
211419 16
199488 8
192339 8
218388 12
206039 21
181968 10
177039 13
200728 15
232058 2
208109 16
232178 23
194439 14
196738 20
194109 9
204978 21
193069 13
208418 15
206349 21
204609 17
223058 1
184449 19
173209 0
210648 0
174018 15
174908 16
187699 6
204678 18
183509 20
198278 16
207549 14
197528 4
190189 1
200098 23
198829 6
185808 5
244209 16
201648 1
210138 17
244238 7
231779 2
183558 13
184799 7
225618 5
208699 4
230859 17
224478 14
217958 14
239479 8
209099 21
203518 15
225669 18
219818 9
202769 20
232399 8
202338 3
238818 6
230829 10
214328 3
216268 5
235869 11
249498 23
199678 15
217878 8
255168 17
243578 19
242129 14
237828 15
216998 14
219458 10
231478 8
229288 0
236078 20
234018 3
213059 8
212148 20
217459 23
212629 9
250148 21
221148 16
208419 7
204158 0
201869 6
168778 5
208699 21
208668 4
208798 14
218709 2
204328 10
279718 18
229408 5
167769 10
184399 7
204668 4
186779 22
176128 20
168319 12
205568 12
161728 13
222858 20
208489 4
205788 18
192859 4
187879 4
194128 22
201249 4
183148 21
172399 6
216568 11
205248 17
201858 10
193149 22
181658 18
208019 14
226659 10
191638 9
198449 12
195558 18
199479 11
204078 17
161329 10
161579 17
176059 6
189118 18
205298 3
203919 5
218278 20
229259 2
218389 6
196548 4
175999 19
175849 12
189069 12
191499 14
206888 23
170249 20
204888 6
221628 14
182709 2
223938 10
201298 20
203728 15
182099 7
209898 8
234188 6
236709 7
219048 12
203629 9
226499 17
220978 0
217118 21
218069 4
249018 21
294717 16
207518 23
230788 18
270768 8
259548 13
198249 23
225979 21
204598 19
218999 9
243368 8
230988 14
208358 2
224409 15
192968 9
221149 23
216079 22
226668 0
215339 0
205709 15
197239 16
205758 17
233358 21
187129 3
244618 3
196608 9
185809 2
195508 23
221668 6
213298 8
221848 21
202569 16
206478 0
280928 10
186459 23
168508 20
180319 7
181849 10
222598 6
217808 2
213339 19
185728 4
208549 12
197858 21
177769 6
187618 11
191659 15
203468 5
208899 6
210088 20
192039 21
187438 14
207299 9
211379 5
181618 16
185819 12
182869 5
185268 10
190979 21
167689 5
166888 16
185679 21
184028 0
164799 2
194219 12
170998 6
170978 1
196749 21
208708 4
217959 19
186489 23
203898 20
199948 5
185738 20
227448 11
193188 12
185789 4
185048 22
197669 20
166189 5
200478 17
177029 8
180928 15
189919 16
181508 14
242328 0
183748 6
220509 6
228128 11
227158 1
204758 10
190949 21
206438 20
216198 5
240278 10
197889 8
224949 11
219898 9
208489 7
199468 3
205519 9
214508 5
200688 16
213419 18
223669 21
212978 9
216009 11
206548 12
216648 19
215088 14
207978 14
256268 22
245728 16
212919 18
211028 17
241398 13
229728 19
210449 21
203338 15
214859 23
226038 3
232878 1
236418 13
204149 23
195588 20
235628 20
215119 10
227148 23
199948 6
242609 15
257258 6
229298 22
187298 0
193038 17
176509 2
190998 7
247728 15
196939 19
216398 1
196489 16
225428 12
194628 3
339727 14
172108 2
175289 7
220119 1
197118 10
205358 4
203858 0
199919 21
198698 1
168949 23
171698 11
175569 0
201969 3
214318 19
199808 19
207249 20
176438 23
174739 7
200048 1
204499 0
191368 5
210018 15
192618 4
193079 4
202578 14
206519 19
198428 22
222208 7
210219 23
204029 11
190729 5
205068 12
214509 11
235588 1
182539 20
226959 13
210528 21
217659 18
283158 7
229928 10
196248 5
217738 19
