437555 0
112838 13
122609 7
30770 14
72999 3
117978 16
152589 20
94439 1
1226675 15
67579 11
116708 15
76570 10
94818 2
160239 21
75989 9
103688 3
86379 12
353906 0
70550 20
87939 2
19640026 6
67999 22
635902 6
312436 0
80989 2
88859 19
98339 11
92179 13
75799 4
66899 22
113359 21
69220 6
298556 20
114129 21
154558 1
77559 5
106669 10
68989 7
71849 8
7433062 18
92099 8
127219 2
87039 2
99129 12
74869 21
79229 13
110129 2
102369 9
303307 12
79039 23
83189 10
100019 4
66099 5
89339 7
88899 2
80489 21
64919 18
32610 14
69939 5
63519 16
61519 16
70349 5
38012749 15
62569 5
1459923 15
178288 10
383156 15
144288 18
96869 5
167948 18
91389 2
83369 11
92059 18
68969 17
191948 13
69539 9
138118 20
70419 3
80188 21
254377 19
130109 8
64069 15
173008 1
131319 0
70260 13
69109 22
85289 23
182378 0
60889 17
80349 11
73419 8
91639 1
66819 12
86639 2
71279 12
66700 10
70389 9
104889 9
64720 16
88069 1
60530 21
157578 0
63089 18
102299 22
63969 13
65540 10
64900 9
61879 15
64479 11
61129 23
59749 18
78409 3
90829 8
77949 3
64539 23
94769 8
102989 8
106998 21
69259 4
64319 15
98399 0
66519 3
92269 1
60599 16
61299 16
96689 11
68689 3
96698 0
110669 5
89619 11
62052202 6
117259 10
141758 12
35870 14
239847 1
236037 11
99229 19
155138 11
105519 17
97028 12
319097 11
90529 20
105258 10
95698 16
79289 7
159669 1
77870 20
295046 0
111879 1
291857 0
118439 0
127948 1
68629 12
71300 10
71699 9
64549 3
71529 15
95739 0
71989 8
69299 17
26920 14
85719 1
69089 11
68619 4
63929 17
75329 22
78539 17
71939 11
103579 13
69689 19
70069 19
72829 13
64679 20
74159 4
99228 11
69509 15
70239 20
72970 9
65419 12
71559 11
75679 13
71939 23
73870 3
80499 17
134179 13
59329 20
112799 5
67949 16
67739 12
68300 5
64350 15
66299 22
72829 7
87009 2
75959 19
64069 12
90779 1
63620 22
65139 20
67839 19
100989 1
70619 9
69249 16
85079 2
68329 4
89859 2
67089 9
65260 3
68630 12
173478 1
67019 15
67649 12
3454999 18
66009 3
83329 0
64810 16
62120 5
68629 20
77229 3
74749 19
148818 2
64719 16
67339 17
72359 7
109679 0
65910 5
68459 9
70979 10
72259 23
81029 2
62400 19
75580 22
59429 18
88119 2
117649 17
5265628 6
115349 1
166978 22
92239 17
77110 10
62349 6
89419 9
180247 3
40529 14
1906798 15
113188 1
72869 6
117569 19
87989 12
30819 14
83159 12
81389 9
89239 3
65980 21
106109 2
77579 11
61570 11
65600 6
89719 4
93469 15
95239 1
63960 9
59599 17
134548 10
74188 8
65609 19
68439 10
43499 14
133459 21
70899 9
67369 16
217728 1
49289 6
63739 7
63920 9
77759 8
28310 14
75789 3
65759 11
63389 16
131638 23
60169 19
78400 21
63599 10
71189 10
158158 23
31670 14
69059 9
83989 9
121948 10
96209 11
27480 14
33320 14
83389 0
84499 0
64139 11
62949 5
63120 11
34180 14
94279 1
99429 9
4844802 18
28460 14
68479 5
75289 10
84339 2
388885 18
81419 21
96639 22
77979 19
79399 9
88169 10
65209 11
126848 21
91949 17
69089 9
99629 20
72869 20
30400 14
63099 7
66129 13
58279 18
84439 13
60769 20
104188 0
66609 23
64369 5
63309 3
66329 9
69090 7
27131018 15
94499 2
59219 20
131838 8
85388 2
139339 22
88999 5
139408 5
105229 7
65299 5
155378 15
80039 11
69309 7
80079 2
83919 10
8280802 18
72309 10
67580 23
104639 16
115519 12
81909 17
79989 12
71339 11
62819 11
8990353 15
94179 10
59533152 6
73520 4
151338 1
142348 18
98749 21
103069 19
78109 3
89419 4
386585 15
328636 15
324266 15
175737 17
236217 13
172987 16
324187 11
143948 1
197807 20
66910 17
471064 9
76029 15
82789 3
268467 12
145498 17
274607 17
248087 2
87739 11
96589 8
430375 15
105299 20
88030 8
87168 18
83959 20
144949 13
125088 22
223698 12
88059 18
101239 1
140769 13
158168 5
90459 16
214227 9
227437 4
65919 22
155718 18
101589 11
114938 1
177818 4
159358 21
108029 21
113069 7
94750 4
95129 5
113849 3
159488 5
68499 20
101799 0
202348 18
75999 9
227887 6
38199 14
82708 11
65949 14
107378 17
75979 21
115588 7
99809 1
498294 7
77089 23
77979 20
71839 12
86290 5
9821644 21
81419 23
97229 7
151889 1
112339 8
214027 18
81279 6
198407 8
70169 23
102328 0
159707 6
273987 9
92499 6
234167 0
89449 7
166518 1
116629 2
93899 12
473924 2
71599 20
145399 5
232017 3
94239 13
97978 10
175998 21
91850 5
349996 5
68560 21
138959 10
78119 9
73369 17
216307 17
122038 12
91899 21
50389 14
33120 14
107499 5
135038 0
136198 11
208667 1
182008 6
112858 19
223677 22
122148 0
78819 22
103209 19
191518 5
101018 4
79089 17
29659 14
96049 19
275157 11
108878 1
66199 5
180168 8
144218 11
92199 18
90459 2
71869 16
231057 2
29970 14
116849 0
184927 23
433895 6
89179 16
124418 19
142049 2
140038 6
84819 20
84829 8
248657 20
10007171 18
87869 10
146349 1
79568 12
122569 22
100849 17
76089 20
103519 6
69959 16
74619 20
170188 0
174628 9
74879 13
170668 0
195418 0
130529 2
91629 9
68689 17
94589 20
157278 5
65719 13
73189 3
109139 2
79709 13
111709 7
161838 22
189008 0
25640 14
65239 19
8530588 15
106389 3
88309 23
311316 1
112309 17
82739 17
83609 13
78479 11
296327 10
144089 11
247277 0
106178 3
178287 6
126708 21
80569 7
79729 4
82739 7
84539 15
100449 17
63959 19
125139 19
333336 2
117088 20
65420 17
66990 15
114188 13
84409 20
60159 15
67799 8
77269 22
65019 6
77539 10
66889 3
65259 8
65919 8
92139 8
25939 14
80599 9
89678 8
106909 10
58989 22
69899 11
65659 17
96969 2
82548 23
67959 9
116858 2
72699 4
69250 12
111869 16
29689 14
106399 6
175178 7
61579 22
70089 3
81519 4
76549 16
63150 11
64420 11
63749 5
62399 22
67540 11
69710 13
62809 20
86009 7
68439 9
139139 10
88609 1
65110 15
112149 19
92769 19
76749 10
66510 12
65080 21
67549 17
105778 0
65529 3
69119 8
66329 16
66290 15
67299 9
66439 3
66829 15
166348 1
62589 3
63279 23
61749 16
21362916 18
259627 22
187947 21
8673276 15
64170 13
90210 4
73799 3
95098 1
91368 12
85828 11
81510 11
29377711 18
88339 7
71819 20
99359 0
82549 8
101019 17
96549 13
81589 4
68539 21
98029 10
9112512 6
74019 7
81090 4
158008 23
81199 17
134038 1
101139 22
84109 8
72339 4
150718 16
102519 1
121219 1
79109 5
134178 3
425905 0
101069 8
88059 12
8242322 18
73259 4
65989 10
8520419 14
30630 14
94578 12
154729 18
108069 8
89699 10
79579 23
67109 20
414495 0
146449 22
74599 11
238507 1
75579 12
296967 0
82979 13
276646 0
111159 2
123749 0
26749 14
85439 19
74859 15
72719 10
108049 0
8518309 8
68879 12
121708 15
195347 7
19436809 6
82859 22
89809 15
81689 18
100759 9
124839 1
73599 5
150968 20
154918 3
88759 21
199757 14
208207 0
100329 16
71589 20
201977 1
110279 19
151929 20
44640 15
119548 3
164678 21
83059 5
169629 7
88199 18
105068 21
111349 8
168898 5
116239 13
303756 8
111399 1
211827 21
154198 14
99759 6
379055 2
106509 9
114799 3
164988 9
235017 1
59880 23
369956 12
176158 11
144738 5
142869 15
92379 20
170187 1
38130 15
77559 17
44419 18
130448 10
162458 21
345556 11
62909 18
264837 11
89569 21
83089 6
32960 15
13940 14
133688 8
161598 9
208308 15
75730 5
170007 18
17529 14
110609 6
159208 19
113409 19
119198 6
113609 22
78819 5
72009 3
61789 3
194608 3
63039 23
274367 7
149008 8
121448 7
32949 15
96099 8
120938 11
84890 7
81550 16
113418 22
99039 4
165208 16
73499 12
75319 9
84399 0
83069 19
9155771 17
122428 8
194058 9
147498 13
81609 15
68489 17
89569 6
149348 19
111319 4
63309 23
70680 21
89079 3
115978 1
110679 19
110699 20
84030 9
40939 15
85189 0
65849 13
70089 8
999018 11
94768 20
13150 14
70549 10
65730 22
54160 6
122618 19
83029 13
56870 3
55049 3
79849 4
70129 20
92119 0
69839 10
74709 10
66559 13
31739 15
69289 5
65949 16
54109 3
70089 13
66839 5
48780 6
94849 20
89559 4
708341 7
99739 22
81319 22
172998 7
56419 3
153548 1
80688 8
163388 5
107448 8
75120 21
162109 8
127189 22
68869 3
90799 21
73309 3
89599 10
92289 4
89499 19
134449 2
80710 20
93219101 18
67399 15
206058 19
170368 10
29767506 3
70199 12
68329 22
85349 2
71459 12
33650 15
76519 19
83329 12
70379 16
79329 4
51690 3
38259165 18
69169 8
76319 13
67099 11
82329 13
20297009 3
100889 19
119798 10
106439 0
90319 1
222697 12
140539 13
159048 17
81229 9
127098 21
69930 20
152179 2
77119 16
105729 12
14730 14
75629 23
80019 11
102708 7
98599 3
110679 1
68289 16
85219 2
69709 13
80679 21
68059 5
67629 19
70529 20
69269 20
75259 17
107719 21
71609 22
107432373 6
85839 23
31920 14
131359 4
104109 16
156629 0
125599 5
113959 4
202207 9
79319 9
8433230 3
4288089 9
72439 4
132639 1
94329 19
72950 12
128218 21
69439 13
5167619 18
168948 12
92619 4
88229 20
140018 0
141288 2
90439 10
100599 6
154668 17
9060063 3
87250 4
160709 1
118369 0
115659 22
117298 13
10780 14
66899 5
144108 9
186528 9
107319 20
8514929 18
159548 4
95509 13
69759 22
99079 13
82549 11
109219 0
120328 22
83699 7
222327 1
73580 6
75589 17
106659 13
73799 19
122238 4
31740 15
102459 23
102228 22
104418 11
124369 0
81059 23
75939 19
61189 11
79219 8
53429 6
111098 17
66939 11
71948 18
88810 8
90328 2
153759 17
70029 10
14350 14
60329 21
86069 8
69619 8
62159 21
139559 10
67919 16
101959 1
68949 7
55899 18
69149 13
45700 18
72029 11
91789 2
91099 0
63269 16
4779193 3
121060521 6
74089 17
67539 17
908869 6
106899 10
185148 2
226937 23
233567 22
132019 12
406515 1
101499 4
112269 2
62840 15
160708 9
121378 11
92419 23
154118 7
283317 2
219927 1
73619 12
91139 13
83128 5
99118 12
6506953 18
122228 1
98588 16
58160 3
111878 21
