124349 6
78279 12
74530 15
76059 9
77869 6
73240 0
75989 6
76259 6
72940 14
81949 3
72079 8
73429 12
77759 9
72250 0
72479 2
74049 12
73090 11
72619 10
74880 3
71869 13
76649 9
70979 13
87750 1
73009 0
73549 3
75779 2
75620 6
80239 5
76529 9
73869 10
75259 1
77549 9
78070 4
74170 1
78059 12
87829 3
75670 7
72690 5
81519 3
78869 13
76319 5
77339 13
78109 7
77329 14
78890 15
73959 6
78459 4
78000 11
87119 14
75559 5
73769 2
82260 10
78459 13
76459 8
78619 11
75570 15
75929 13
75919 15
116539 12
81089 12
91200 1
76349 15
78569 2
78899 1
79950 6
77329 10
74659 4
82329 3
79369 6
77660 6
77719 3
78509 14
81320 9
90039 6
75459 8
78189 0
76940 7
77359 7
76939 1
78109 11
79229 14
78749 12
86329 1
74770 13
78360 1
78449 11
86549 10
76910 11
83200 13
80419 6
79869 13
78090 15
76619 8
76319 11
77679 10
77490 3
79020 2
73789 4
84349 0
83660 14
82639 12
84579 9
88559 11
90129 7
89749 10
94468 15
85959 0
87419 8
86699 2
92879 1
101339 12
85680 13
91099 15
85909 14
87109 1
88379 10
283017 2
81139 15
79759 14
10105845 12
72000 4
71819 5
74449 3
72190 12
72549 14
71989 12
72310 8
74280 3
73359 9
75559 7
74450 9
73099 8
83009 14
71059 2
74799 2
76069 4
70490 14
70680 12
72639 3
77680 1
69600 13
72799 12
72570 10
75469 6
70429 15
72580 11
81239 15
71729 7
69759 8
76400 1
74270 0
76179 7
73390 7
68989 12
72439 15
71040 11
72650 15
73369 5
71499 8
86980 10
70759 12
78669 13
80499 6
74799 9
71939 10
75319 3
73820 3
75459 5
74839 11
74469 15
73619 0
71289 0
71940 7
85019 5
74369 9
77349 3
72390 15
73149 6
71279 10
70420 12
75259 9
74219 7
70799 11
72040 9
73589 2
71140 10
80929 8
70669 11
73489 15
75090 6
72619 13
75699 14
72700 4
70280 10
72129 6
70020 15
70529 5
71859 1
74189 10
76999 8
86549 8
72379 15
71720 10
75879 5
71559 15
70970 7
73039 6
79149 2
72900 3
71369 5
72099 10
74770 9
70839 15
83749 2
69479 5
75060 13
72039 15
71739 12
74520 2
71979 14
72029 13
69770 2
72489 9
72589 9
70860 11
69080 8
70119 14
86880 14
70839 0
71079 13
76730 3
74330 1
71469 9
73620 0
72809 2
72519 5
73229 14
73480 5
73609 4
72969 15
88769 0
69520 7
76419 6
72250 8
74290 1
75149 2
73129 10
77009 12
72519 10
76139 12
71779 3
71419 1
72549 4
71859 2
10116725 13
70979 14
71639 14
75140 13
74619 2
71909 7
70149 0
69959 0
71179 4
74630 5
74880 2
72599 11
70119 7
86770 1
69429 8
71639 0
72260 13
73619 11
73279 5
73780 12
71919 2
73709 15
71100 11
72030 15
72569 5
74240 2
74779 9
87319 2
75399 12
75630 6
69649 2
72409 5
70080 13
71629 5
73669 3
73609 2
72639 0
75959 13
70919 5
72120 15
80529 0
71119 9
75840 7
75969 7
70109 11
71740 11
71459 15
73309 4
70430 1
73470 2
74569 8
69989 11
72470 15
72679 10
82290 11
73520 8
71139 6
74559 15
71800 7
69909 0
70619 1
71150 6
70039 0
70749 4
73330 1
77209 9
75619 2
79559 4
69509 5
71349 7
74249 9
75789 4
73009 8
72969 12
72069 13
73839 15
71679 10
72900 15
72689 5
70449 9
72950 7
83199 8
79499 11
72549 3
71380 6
73619 8
74060 5
73150 3
71629 10
73709 6
75939 0
72869 11
71499 7
71280 11
85279 7
70779 1
74890 1
74580 0
75129 7
70959 6
73550 6
74929 15
73939 9
71890 5
72170 4
71109 13
71599 0
71709 11
87659 11
70679 4
71810 9
81489 7
73349 6
72710 11
74140 8
74149 14
70810 13
73240 12
71569 3
73360 12
76430 9
88609 2
77119 12
78210 11
80579 1
78749 15
81359 3
85060 15
81380 9
84389 7
82429 5
81639 6
79120 14
81669 1
10132095 0
90119 11
97129 13
102759 2
97529 4
98289 11
96600 5
89208 2
96199 11
88109 10
100629 6
94839 15
91899 7
86599 0
94319 3
88419 1
92809 4
88089 2
92349 3
93119 6
92799 1
97159 2
92230 7
93908 4
97200 11
89179 1
90019 13
91749 3
89669 5
87620 3
91059 3
100479 14
86749 8
87109 14
91369 11
91779 10
88530 9
90579 7
89619 2
93489 10
90809 3
90569 6
102139 13
89660 8
88879 4
93199 6
89029 14
94739 13
89849 8
87390 9
89439 12
96839 6
87789 10
100609 14
86459 11
94189 8
99329 15
93799 5
96910 3
98730 11
96749 9
92329 15
95249 3
92979 7
95709 8
90119 9
98549 14
105549 8
96260 7
94179 9
97619 9
89989 2
89849 1
90879 5
104879 10
97809 2
92989 8
93939 12
94268 0
88800 7
91199 3
84869 11
95179 13
94029 1
90570 4
108510 6
95488 15
98480 12
100669 1
103389 1
96549 4
103299 0
96909 7
96089 4
96519 9
120599 12
98049 3
99519 15
101919 6
105849 9
99509 9
100269 4
106629 11
99349 9
96830 9
9147424 12
126129 4
129698 14
121039 15
123419 15
130199 13
117339 7
141468 7
101519 4
93740 13
98230 0
102830 11
99069 12
96279 15
93329 5
95169 11
100719 2
95159 7
117989 0
98119 9
142039 2
99659 9
97069 7
98819 7
98379 14
100569 6
107789 10
109349 11
98319 3
98479 13
96650 2
104610 14
95839 11
102248 10
96749 15
96279 0
93869 13
115099 14
91889 4
99059 14
95019 3
95729 9
96799 3
94060 2
94319 12
101359 7
102450 11
116339 10
94739 6
97990 2
105819 9
97519 3
95519 3
97169 12
92059 1
102769 7
98769 9
110919 7
89029 14
91870 7
96579 12
95690 7
94919 1
95539 13
94599 14
97829 12
98729 14
105029 5
90459 11
93019 1
95999 2
93200 4
99189 3
93009 8
92599 0
95019 3
96279 10
98049 11
104989 1
92650 7
101639 14
99899 6
99079 5
99009 12
94129 0
100729 8
96739 15
96839 15
2152590 5
107969 11
119319 7
115089 9
114538 12
121750 3
113699 10
116399 6
123549 15
116379 6
112029 11
129259 12
116569 11
122618 15
116259 8
129629 7
122769 13
132309 9
115289 4
115979 4
121438 0
120519 1
113148 1
116739 10
114059 9
120399 10
116539 14
117459 6
118419 12
115559 3
124498 7
117399 8
122929 4
134139 0
109839 6
112519 10
121749 0
121329 4
119099 6
127669 7
115959 3
128659 0
120869 3
113769 10
124659 7
124590 2
121219 3
119939 0
122409 4
121239 8
128069 13
112379 6
121158 5
119829 2
116349 4
115459 1
122459 4
125249 12
128729 4
109249 8
114238 1
122599 0
121778 4
120789 14
119289 3
135299 12
126579 7
113679 15
116539 3
114749 2
124879 3
116759 4
112329 4
120639 0
114739 0
159708 6
136149 3
134599 3
132219 0
140538 14
133959 5
139649 3
10206464 10
125609 13
124459 6
135998 7
131799 2
139739 4
138848 15
147088 9
126569 6
139459 0
148338 10
144989 5
140269 14
127159 8
140479 8
145579 10
134928 6
135608 1
138949 4
126999 14
132329 13
132428 8
156069 8
130598 4
134748 14
136779 10
148058 8
138398 14
139959 10
145779 7
134959 9
148109 7
142129 3
132659 5
134029 11
135179 10
151448 9
138199 7
132579 6
158188 0
136219 3
142589 15
145148 4
148099 10
130229 7
141468 5
142579 7
133759 10
128829 15
137268 7
147009 3
134379 8
136389 10
130278 9
130779 5
139239 14
149948 5
162299 2
118569 0
136428 4
125889 9
138059 9
133579 5
128590 6
148128 14
164118 11
131229 3
140919 15
139889 14
136198 4
143329 4
150888 11
10158965 14
119489 1
128889 10
133119 8
137868 10
135109 14
136369 4
169578 14
141719 2
125649 15
137499 11
157439 3
130709 10
143299 15
151288 8
150059 14
145288 9
145229 11
137619 2
139398 10
134219 4
157799 9
130838 14
160939 11
147199 3
139828 2
141879 10
138109 2
149348 1
129269 0
139459 2
159279 9
133639 4
144449 0
136638 3
148159 0
141008 1
149559 14
136499 3
149488 9
150208 5
148079 3
154768 1
144319 15
139309 8
144468 7
148439 1
149958 2
156939 3
128539 4
139259 11
141549 14
144729 7
131959 12
143818 0
179168 5
142028 7
140059 3
146608 12
148499 12
145259 4
132609 10
167828 7
139428 7
141499 7
140649 10
153709 8
147788 0
146499 15
10184934 4
121869 3
129769 12
134769 11
132608 7
119439 6
119239 5
124919 8
140809 11
115329 7
135708 1
125919 6
130249 6
117099 8
121258 3
131919 8
116599 7
116529 4
129539 0
123889 3
126229 8
142268 13
131499 3
136119 6
123839 11
123279 10
130339 12
127669 2
113789 4
128359 6
121149 11
136778 4
118309 0
118519 1
122239 6
132509 6
129429 6
119390 3
123768 10
149159 7
115299 7
123499 1
127249 15
116768 8
119369 8
124519 0
121649 6
139688 14
114259 10
124889 15
133069 11
123589 5
127879 0
116499 13
135728 8
132419 3
118719 3
126189 1
129498 10
128558 7
123599 6
140489 2
128629 12
136778 9
119259 2
119159 11
122889 2
128189 2
124119 5
119968 10
142959 13
153869 15
122519 0
127389 9
130589 14
125689 5
131369 9
125489 10
10144794 3
103690 1
86399 2
91169 3
102479 12
89659 10
85759 4
91030 8
90760 4
81519 10
83779 8
98169 0
84159 1
91699 3
92440 2
97199 11
94479 3
89959 1
89329 1
89269 4
93580 5
91810 15
94499 14
92009 13
93199 2
97509 15
87099 10
87599 0
86960 8
92650 11
89119 1
85549 15
88639 9
103019 7
91620 14
91190 2
89189 0
88259 14
97819 4
89039 7
88089 15
83500 7
90129 11
87749 10
6179182 9
125919 14
139998 11
128179 14
158799 0
138138 12
133378 13
143279 14
128399 8
129558 12
148419 13
126579 2
144598 15
134679 14
145799 2
125279 7
134589 0
135129 6
139639 9
123739 0
127629 13
133069 15
145379 4
137888 6
154928 6
139099 5
140879 12
127009 4
134009 6
138349 0
131498 9
135078 14
129659 14
139189 15
133059 14
152289 10
168179 9
134748 5
147449 1
131689 3
132079 6
148489 11
206708 12
144509 2
132179 7
132848 3
132809 10
134699 7
131298 3
131978 11
145829 6
130558 2
132069 9
147819 1
134199 11
142668 2
144549 11
152659 8
11009068 5
77249 6
80239 6
82269 2
89739 5
77549 6
83440 3
81719 14
84579 9
78049 9
79350 14
83809 10
100469 11
160459 1
156089 11
155559 7
