15210 4
11740 11
30970061 1
6000 11
4890 8
2340 4
3110 11
2610 10
4549 7
19981961 3
5890 9
330 6
2820 10
11980311 5
5080 0
7104310 4
2920 5
110892243 7
59995441 1
80012612 4
490 6
69992162 1
280 6
10001110 1
29992531 9
240010875 4
2910 10
79991032 0
290 6
20002121 8
2900 11
29989670 2
20007720 9
99998072 3
350 6
40031521 7
19986230 10
27750 7
119969123 2
13690 11
19968281 8
19996970 2
120012263 8
7250 10
7070 10
6360 10
39964331 3
13210 3
51994181 9
28003211 5
8770 4
79993051 10
40010490 5
7570 1
7520 1
6790 0
4640 4
109975363 2
6610 4
5560 7
7130 1
5840 4
8040 1
6649 2
19942801 10
1995051 8
5629 4
18007580 2
19995120 4
8180 11
7470 10
6740 2
169964964 8
5440 7
6290 10
5790 1
8991001 0
10993321 8
20013390 5
80002642 2
50011411 5
19987810 11
40009540 1
39979761 5
20000910 8
20003090 5
40001691 3
340 6
8680 1
5230 0
19975551 9
50001481 10
10007260 0
170011324 5
6180 3
6110 0
6520 8
19970660 4
431 6
8400 9
5960 9
19982231 7
19997920 7
6190 8
189996285 2
129992043 9
680 6
21469 11
77981233 1
132001774 9
6540 8
9889 8
39987381 3
129986612 3
40010711 5
20003411 3
420 6
19989410 7
20005361 1
6080 8
20184648 9
6480 8
5090 4
795362 5
5800 9
7780 1
18998551 3
389 6
7060 7
79979613 0
5800 0
3700 0
5780 11
300 6
119993533 4
70006482 11
7985450 7
11998010 2
11070 10
5720 10
5360 9
3860 7
99986063 3
1300 6
9800 8
7110 8
7920 0
5080 8
5570 0
19954581 5
19994561 3
69995131 9
60013412 1
69991451 4
20005391 5
5700 9
59997861 2
5400 1
5430 7
79975352 4
8005760 11
11995950 10
70011961 8
129998043 10
38992001 4
1000680 10
19993801 0
15570 8
570 6
4830 2
280 6
270 6
19983641 7
7590 2
20001320 1
19994441 4
19996140 1
90007432 9
48991572 1
121007192 1
4240 4
7986301 3
12011060 10
4660 5
7992900 2
4670 5
3700 7
4690 7
91986142 3
4830 8
5780 8
5660 10
19981051 1
58996201 4
71016372 10
69984352 0
5850 0
6610 2
5030 4
4990 4
4930 7
4870 11
5160 0
6350 7
6320 1
19959501 3
19996970 10
38991581 0
1008800 9
108993323 2
31011711 10
500 6
19990651 5
7994620 3
5220 1
4030 1
11999330 11
340 6
59992941 5
150010953 9
40021941 5
5800 9
79974032 0
19999040 5
19986461 5
20011150 5
7989220 5
12018520 8
8010181 9
330 6
11979810 7
8650 10
5720 2
20008670 9
149966954 4
20000551 8
1999580 8
6040 8
18006431 3
19993201 3
21993070 5
38004851 11
120011773 0
149983944 7
19003110 11
4709 7
20994651 10
6250 10
19989131 9
6720 8
5820 4
119994453 0
20001141 5
19992760 5
19104110 4
897111 5
120009642 4
10006811 10
6719 9
69980993 7
20012291 0
5050 4
4190 5
975150 8
4800 5
39007501 9
4120 5
109983523 1
20996090 5
5560 3
6610 10
5280 4
4840 10
4720 8
5239 10
289 6
18974241 9
38996351 1
1008390 9
6630 3
5290 0
69988542 5
390 6
39996801 10
7450 1
9993080 0
5580 0
41985371 5
17998190 10
19210058 2
803092 11
128990133 0
1024780 9
68975922 10
340 6
8220 0
3440 7
10996971 3
370 6
7429 1
60006982 10
19978721 1
4371 9
39988512 5
40009870 5
20000690 11
19990141 10
15860 0
38983331 11
31005440 9
12320 8
4290 8
19979101 11
14190 10
4660 7
19978001 5
6160 5
4400 4
5470 4
40987891 0
5660 8
3870 8
158999254 4
6109 4
3711 5
5009 3
169971255 1
32000091 9
6104639 9
61898923 7
19998531 4
20004630 10
4520 5
330 6
20010110 0
39989421 11
992310 7
5200 0
5280 1
69003912 5
49984441 2
20930 7
4000 7
5740 11
340 6
6120 7
5890 1
9967510 3
6220 11
330 6
984870 0
18994161 5
6150 3
39997981 0
100001362 2
10004630 1
9995550 3
10789 11
39990501 8
14679 11
139991244 8
19987690 11
41002661 7
340 6
5700 8
300 6
7350 10
6260 3
5890 10
18980011 9
5060 1
340 6
81989492 5
67997941 7
60012621 7
6211 7
19989751 3
49996571 5
21994431 9
5370 2
18012300 7
5240 3
18974181 7
6740 9
51012820 11
19991440 7
350 6
7050 5
251984646 3
6990 2
18012660 4
189982335 8
4520 9
19997491 7
239992165 10
8008550 4
42009141 9
20002611 10
29985901 8
120009602 9
7990230 1
3959 1
12008051 5
1983460 5
4490 5
400 6
5960 5
2980 5
5982720 0
22016380 1
431 6
5549 10
4270 7
4800 1
5000 7
20964081 4
3840 0
4590 0
28992801 1
20007020 7
350 6
50008601 11
986250 1
410 6
19014140 2
3929 2
79979223 10
3870 9
4010 5
4030 5
4551 5
9983340 7
40012341 9
39988531 4
4940 0
30002290 4
130993183 4
8003410 2
10996060 11
370 6
20025970 11
18974721 5
81007452 2
4860 1
5750 3
99978663 4
4050 11
20006951 4
7569 11
19984791 8
20004180 1
29008231 7
18690 3
71149380 9
19824362 10
19998861 0
80187760 10
99811804 3
7040 11
7993440 5
101994203 4
20001190 1
20004310 3
39997310 4
20001170 2
5320 10
9096569 9
630 6
12770 2
89882054 7
431 6
1004210 11
1996221 1
12870 1
460 6
27985901 9
7880 9
7060 4
6790 5
19973081 11
9015700 2
390 6
51988051 8
7250 8
38990181 1
7100 2
79994782 8
40012461 0
19986650 3
20001811 11
6550 11
19988990 1
20001821 2
19998510 9
20008631 0
20992431 7
19000230 3
30007921 1
5550 5
1030 6
7680 3
39975131 2
21002081 5
4990 7
5290 7
38990911 4
1006629 0
6140 0
16986111 1
22002401 10
430 6
9002230 2
6880 9
30987041 7
110006332 1
6710 7
380 6
19987461 10
6240 9
6140 8
19987920 4
19998270 7
20008190 0
20004011 2
749 6
460 6
58987952 4
12001430 3
5760 4
4930 4
5120 10
4290 4
5410 0
50974981 11
8010801 4
19993551 1
690 6
30993961 10
18994650 2
7650 3
15660 10
19985471 0
6300 2
8989900 0
31008290 4
19994870 4
6480 3
59986032 1
9860 3
19990180 1
6240 7
490 6
8470 3
149983134 10
29003851 8
4410 8
4490 4
1006010 1
4480 1
19981291 3
1002610 11
78997552 1
39995981 8
59999171 3
60011451 5
12989290 10
6470 10
4610 8
44993181 11
51999241 3
19998140 8
5191 4
860 6
148998934 7
80992332 0
40009941 7
5040 8
129983633 10
20017660 5
22310 3
19978291 10
69979462 0
180007534 5
20004970 10
550 6
20181559 2
6410 3
5230 3
7800802 5
3990 3
4260 3
81995432 1
1930 6
7900 3
6500 11
5560 1
10968910 8
4050 1
29014371 11
7990 3
59972641 2
20000041 8
120003003 3
19998130 8
120014383 7
169998344 9
450 6
19988361 8
5249 9
159994874 1
29000941 4
9998320 2
71005282 1
20995230 0
59009051 7
99998332 1
60001212 8
59990672 0
6390 2
4820 5
87986802 0
1009670 1
40998411 10
19995511 2
59999271 7
270001157 2
50014761 0
4000 5
48976981 7
11018990 11
5710 4
27980121 8
998920 11
5290 0
4340 0
39991661 3
5810 8
3480 8
992390 5
170995524 7
5730 1
36991181 2
6670 10
81996562 8
9001680 11
70996072 5
200016424 1
430 6
159989944 2
560 6
19999671 11
28559 0
6249 1
4590 7
360 6
5080 7
350 6
360 6
6640 8
4470 8
19934081 3
20012990 2
79002892 5
1026489 8
117959334 1
11996860 1
12569 2
19994481 7
480 6
5220 5
20013530 8
340 6
119978363 4
29439 1
5950 8
19986911 5
37978901 2
5360 3
3710 5
21991021 7
20013971 1
9090189 10
4570 10
5150 0
5130 10
50878892 4
40016400 10
370 6
290 6
19998561 2
4520 9
58979871 1
21013731 4
3609 4
6200 4
380 6
351 6
59973861 11
4050 9
20014321 0
39982192 4
20014181 4
6350 3
5410 3
49973191 7
7580 0
3630 4
4410 8
4220 4
49995041 9
7570 11
40002851 2
79993372 3
320 6
19979531 9
21003910 3
18993901 9
20019750 9
119998503 11
7590 7
8979780 5
4229 0
11003919 8
4911 7
57983192 2
4910 1
71996542 10
19997660 7
4110 5
20023361 1
39992541 11
119980593 5
58002231 9
1999640 4
20009120 8
120008613 4
4830 1
6190 0
19978431 3
350 6
4740 3
4150 1
10016890 5
9967740 3
4170 3
20014881 4
3991 1
60973212 0
4640 11
39024221 5
80001512 5
80005842 2
4770 10
19973191 3
5220 1
39980721 0
471 6
60025041 8
4010 11
39970091 0
40012901 7
19990950 8
4630 2
300 6
4970 2
99993383 8
20009850 2
3050 7
219978846 8
3239 7
100008763 11
40181419 8
7813492 7
4300 11
4060 11
3670 7
3050 7
7010 4
4110 2
430 6
31965511 3
2010290 0
18008970 4
19998951 2
20005890 11
4280 5
4220 11
19998710 3
9974000 10
10750 11
5350 3
4080 10
29996750 5
10984760 4
5570 1
5320 4
8984140 2
289001547 8
570 6
40999351 7
20018731 11
57979422 5
520 6
32014001 9
39992591 2
4480 9
69996661 4
11029 4
5370 1
8979721 3
51004431 7
4870 7
18982580 5
1000970 7
4371 7
140008723 5
7230 11
3340 7
39992671 3
19191298 3
792962 7
19998721 3
19999760 0
20004071 0
80012452 3
4600 2
8986401 7
5530 2
5530 9
4789 11
10980711 5
20131989 4
16210 9
19857942 7
5140 2
6180 3
4970 2
19968141 8
50018891 5
4180 2
20001790 3
19998270 5
59978572 9
20002821 10
20010150 1
4580 4
330 6
19981801 9
38001951 0
23003810 5
4390 4
9016970 2
19983951 5
10260 1
19984780 7
40014501 3
17820 10
1260 6
9880 10
19959461 0
20007670 5
7989400 3
12009281 7
20004080 2
18987991 8
111005102 0
69992842 1
120002543 10
480 6
60024561 2
19968581 2
90007432 10
9260 2
59984121 4
23002031 4
460 6
57007191 4
20010921 8
19979741 5
161998063 3
5950 3
5180 10
4440 9
7989350 8
9006281 7
10986640 4
90009372 0
200009115 3
9985230 5
60008462 0
5190 9
18988880 11
520 6
1013840 4
20008140 3
8977080 10
31017670 9
119976163 8
37999381 11
62012531 0
27992361 1
91996502 7
20009750 7
18990711 0
1010850 11
10002190 7
4770 7
70982232 8
4400 4
4850 9
4330 9
4360 2
5170 8
4170 2
4190 4
8972400 3
370 6
27992541 11
4040 10
3770 7
81999912 8
40003051 3
79990442 2
19001890 9
820 6
261005097 10
20000090 2
57993252 8
3960 4
4189 2
62011682 9
4060 9
39996501 3
18979151 11
50999761 2
190009244 7
5300 2
1987230 0
4780 10
4940 9
117991493 5
19993801 3
4030 7
3370 4
110004102 11
60000522 7
27989291 4
4779 10
560 6
371 6
5649 2
3711 5
5451 2
291 6
1994160 9
19997920 3
39996741 1
5290 9
39982711 0
8770 8
20004781 10
3870 5
4490 1
59990612 7
39999851 5
5410 2
19992361 4
60011442 0
5680 10
4120 10
4800 11
6851 2
4469 2
18955960 7
4620 1
1010350 11
4230 11
3560 1
540 6
299974558 9
3880 7
19997880 4
29998461 0
70998002 1
620 6
79008742 8
19991360 4
40000151 7
40002591 8
550 6
19994911 7
20012870 10
19986741 11
20003390 9
18998550 8
71005041 3
150000234 4
3360 5
69990172 11
58139670 0
