119439 7
79839 10
77280 4
77259 10
80600 14
75299 11
76710 10
75490 2
88169 11
68400 1
57509 6
57970 9
69629 7
57280 11
56870 1
68519 0
63789 12
71709 7
90519 5
83610 10
92039 12
67619 2
71319 6
63119 13
74709 15
79349 10
73770 0
57009 10
73080 4
74839 6
86819 5
79050 6
84549 6
85050 10
81150 0
79379 12
59190 11
53869 11
53519 4
52520 12
62370 15
64280 15
68509 8
68549 1
72290 15
76290 1
56270 2
63660 15
103780 7
95969 11
101699 3
95730 8
77769 1
89809 14
81080 14
81119 14
79359 5
82430 3
78219 11
74669 11
73710 2
67960 8
75400 3
67810 5
73289 9
71649 8
77340 10
70299 13
75690 4
71840 0
72589 12
73479 13
76269 10
71150 7
72559 6
77250 14
98469 1
70300 3
76970 14
74909 14
75810 8
78309 10
75450 15
79590 6
78879 10
75330 5
80369 5
77780 15
89690 11
76649 4
75229 3
72250 5
61269 7
58070 1
55700 14
72209 1
66590 10
64419 6
57260 11
64719 7
66080 3
70149 8
91099 3
103780 7
82089 5
65880 10
56420 8
68220 10
70979 1
76340 5
63279 15
70609 10
73109 9
86069 0
84159 15
85449 8
90869 1
79690 10
74689 8
59370 5
55349 15
52970 7
56269 0
63730 2
71349 4
69570 10
69559 8
72780 6
74079 7
66010 3
57649 8
114429 13
106219 7
109190 4
137219 1
92899 6
90539 7
84750 8
82840 6
79259 5
69020 10
85319 4
65660 7
70249 5
66880 11
64349 15
57570 14
55039 11
58320 2
52489 15
60230 6
55839 15
57429 13
52120 8
64719 15
82000 9
76509 0
85019 3
54990 10
49330 0
56350 7
52700 8
52629 12
58660 6
59040 4
74309 7
71839 7
72800 7
83489 14
85070 14
80310 11
72079 13
67760 5
55410 3
51920 6
50410 5
60389 3
69920 14
67249 7
61960 0
58019 5
72360 11
97429 14
92519 6
95240 10
92449 1
107429 7
83699 12
75640 1
72889 8
79209 11
69779 7
76720 2
76280 2
69239 2
68600 14
70249 6
77110 7
74809 8
83500 12
70180 0
74680 6
72850 15
76799 7
70550 12
73279 14
73889 3
76889 15
73229 9
76089 2
75399 6
77660 13
81469 8
70190 11
74149 10
77979 6
78360 7
73399 7
78779 10
73009 15
79909 14
85499 1
77789 14
71610 13
80359 14
81399 3
68870 10
58670 2
54180 5
61020 4
66469 7
57149 2
62290 6
63350 9
70250 14
81369 6
94490 15
88529 12
69600 11
62649 6
62300 0
69550 11
71810 7
69980 2
69019 7
61990 8
63499 4
72629 14
82469 9
82990 14
112769 2
90179 2
75469 8
80050 6
55590 2
54759 1
55910 10
55789 11
68830 11
66019 12
72250 7
70279 1
76200 7
69589 6
55849 10
73589 10
91189 9
115059 0
95540 13
99249 2
103409 3
76270 13
78970 8
77809 7
72200 5
73579 5
74510 13
77419 9
62550 3
84299 7
73169 15
67819 4
70769 5
73810 14
69409 10
73360 14
77989 3
70699 12
74670 15
71320 8
76040 2
74179 3
76500 14
84859 4
78910 2
73219 10
72829 7
77080 9
76489 6
73859 7
77559 4
78150 6
76610 3
79139 2
76410 3
81279 0
91679 14
78350 13
80609 15
86189 0
83589 11
82559 5
77910 10
67110 8
63150 14
67020 7
70789 13
64309 14
65869 6
77679 4
73289 8
85880 3
93029 9
87589 12
91110 15
73559 4
61149 6
78660 14
78589 6
92129 13
92269 7
91429 8
86460 4
107879 4
119079 2
117379 2
110379 13
119319 2
182679 1
70569 11
74539 3
66719 0
86400 6
85469 11
91889 10
99670 4
85560 15
87949 6
81529 15
93589 4
107059 2
140169 1
130719 14
117319 4
145009 12
143479 6
111889 5
92849 4
88380 10
96829 9
93749 5
88950 15
86660 4
78629 9
82129 9
78849 11
73510 3
81380 15
110499 15
85289 8
90259 5
102480 14
93939 6
91409 4
83469 0
92179 14
90470 8
80310 14
86109 7
92000 8
89279 5
87809 5
158199 4
90399 12
97889 15
112439 4
109590 1
98539 12
104509 7
120549 0
101810 2
123839 10
110150 3
101139 0
89099 1
102560 7
100140 8
117229 2
101869 2
100889 0
94000 0
105730 14
91159 9
81589 11
82630 6
74849 13
94889 11
96269 5
86359 11
94739 14
101690 2
91060 0
147809 1
129029 4
146559 11
96609 1
102369 2
94620 14
112010 4
109730 0
130619 5
95279 5
94419 10
122439 4
122319 5
126820 15
209268 15
140259 6
115089 10
109969 7
84199 11
103609 9
104860 7
99519 15
96249 2
110040 4
114279 2
108720 2
120379 4
121189 7
129959 7
205948 5
124259 1
118150 15
130830 13
118399 15
92839 14
97219 7
112279 11
114889 12
104629 10
104790 12
92919 8
87620 4
78930 13
108529 8
80579 9
86210 11
79169 8
83229 8
95530 0
129629 13
131359 3
127339 3
87079 9
114349 11
91870 6
106849 1
118379 15
126489 14
124659 13
137979 7
135479 11
197308 12
85970 0
90909 1
86919 7
89160 11
102779 1
101359 3
100999 11
93060 3
95309 13
125509 9
171589 15
152369 5
144328 11
145589 0
85829 11
95089 14
91329 14
110809 5
87900 10
87900 14
98509 12
94739 3
101249 9
105679 8
107949 15
107569 14
91590 9
117700 5
100679 0
103819 2
91129 15
95989 13
92549 10
97749 9
109109 3
100149 11
93389 5
118389 4
106799 13
108069 15
100070 13
106290 9
115099 10
107149 4
106199 4
117949 14
127589 3
94450 15
101119 12
107949 1
105049 6
97130 8
110060 8
111549 10
101419 9
112209 10
109169 15
100870 2
94189 9
95629 10
96899 14
100179 9
94099 14
97289 10
95009 4
93680 6
104099 8
96159 10
100549 5
89769 0
83609 0
83109 11
84890 15
84359 12
103139 0
98770 2
120850 12
127709 3
130159 12
140659 7
99589 7
91899 14
93870 13
88870 9
86579 3
86240 15
144650 8
90950 13
116649 6
121319 6
124069 8
121839 13
336917 15
432407 15
88080 2
82560 9
93569 2
109689 6
89089 7
133259 12
98939 15
102719 5
107709 0
121949 11
178279 15
114799 8
135269 12
115819 11
96379 13
98670 11
92229 1
89139 3
86310 12
88580 6
96569 9
92700 7
92289 7
96089 9
111709 10
95640 5
92410 9
91339 0
96269 15
103579 14
98909 1
98279 13
100809 6
89310 14
98579 4
79189 10
82940 5
83139 9
88499 8
96649 15
102029 15
299618 11
90809 7
144949 8
104979 6
129599 2
92329 14
105519 13
94700 14
101389 15
86559 7
107140 7
112239 2
86699 12
99479 11
91729 13
98079 15
99279 1
105819 9
91000 5
87810 10
98599 15
118559 14
82390 1
86160 10
90599 8
91619 11
83860 0
76489 12
90240 9
74810 9
92509 14
85989 4
67229 15
93579 5
89790 0
89029 12
84589 10
112320 2
115988 8
104640 1
96979 15
89949 0
89530 14
109669 2
82649 0
80839 11
91899 4
76719 11
82400 1
87669 7
109879 12
106279 14
93930 12
111339 11
153818 1
105470 11
121549 3
134449 13
92869 0
105679 13
122019 7
118789 14
148409 15
123989 1
116880 12
94670 13
283567 7
119430 6
142649 13
141788 0
128339 12
120750 12
157078 13
119208 15
157338 2
107359 4
140328 15
112709 11
136099 0
110770 4
104909 12
98149 13
102389 14
115079 11
112159 15
150629 5
136830 1
111759 14
113719 6
137509 9
116849 13
109059 7
127099 1
164579 3
121939 9
144389 8
127629 0
118399 14
135399 3
124979 6
108889 9
144639 15
128529 2
129629 11
118859 14
131309 10
128849 1
108269 8
110349 4
122170 13
102950 8
101559 5
111999 9
97839 7
115089 13
118719 11
147068 3
114069 10
123539 4
90789 8
80169 6
83890 11
94800 4
96229 14
81880 15
86479 9
89879 3
99469 3
124030 15
120768 15
121259 2
121209 3
114449 3
106579 8
108669 4
114549 11
216428 1
125159 8
103280 12
116799 1
134149 7
162009 2
152029 2
164828 5
163299 8
120779 0
99749 9
100110 7
107809 2
105729 0
118259 10
106479 13
126019 10
128989 1
133629 3
134409 6
107400 15
125119 14
109810 11
107449 15
135739 7
113799 10
101249 1
88410 4
109099 15
98429 2
110989 12
105889 8
95410 4
106848 14
128160 1
104229 1
91699 9
103669 1
86320 8
93969 0
81999 5
84620 14
78369 15
95930 12
111230 3
100310 12
103729 9
112699 0
83719 4
88499 4
96859 10
102479 8
106999 5
112879 13
138239 14
110789 11
109149 11
124369 3
118529 10
111739 3
97449 14
102539 0
102639 13
135329 8
102519 11
87749 0
100730 7
143499 8
119948 3
132368 15
124719 6
119790 2
99999 5
99089 12
100260 10
94650 9
137499 4
138879 6
175058 15
104059 13
132999 10
90580 9
108399 14
105159 14
99249 6
91940 4
102779 0
101389 0
90069 3
143439 3
131759 9
183079 6
118079 6
103309 14
93020 0
88659 7
103179 1
110209 0
121979 9
101590 12
85989 9
91179 0
75919 6
74970 5
81919 1
92660 13
75039 7
68980 4
74859 7
100949 12
74940 3
71449 7
79040 15
74619 14
70909 9
73280 12
65039 5
66290 0
56619 3
51589 13
61969 0
65199 15
60030 14
54950 0
75200 5
70480 13
62170 4
75330 10
76219 9
91669 6
71409 13
65480 13
59399 5
60490 7
66189 0
68170 8
74649 14
70870 7
71839 3
69950 7
68339 3
78789 13
77549 10
80189 7
87390 6
72880 7
74339 12
68789 8
57309 12
52969 3
53780 14
55659 6
63140 15
80679 12
70670 1
72190 8
74189 7
70399 10
78859 11
63750 7
102649 4
89999 5
90080 3
87369 0
93229 6
98880 10
86420 10
82969 2
73690 10
78369 0
78809 10
83070 9
66719 9
66360 8
75389 12
71340 13
68449 12
65990 13
80159 9
69319 12
71779 10
70780 7
67570 6
70909 2
75040 2
71409 10
74260 7
73299 8
69500 12
66029 6
74819 14
74939 3
82969 15
69350 5
72839 0
67520 1
65439 5
70060 7
73349 6
70439 7
68569 6
71349 12
72139 5
72300 14
73909 2
71969 7
93159 8
71460 14
67349 13
58980 15
55580 10
57499 1
64530 10
67279 2
52210 4
55839 10
62100 0
66380 7
89309 2
81059 5
161199 3
92749 4
65190 8
63829 13
81090 2
77889 9
80599 5
86280 4
78689 12
76909 4
84530 13
96729 5
109939 1
89399 13
88559 4
91529 7
103010 6
85060 11
65469 13
61970 8
54510 9
60839 3
86489 8
78330 15
90889 11
74550 6
80710 15
73799 10
57130 1
62399 6
93009 10
88089 8
91439 10
90700 8
111970 14
