140038 1
85789 3
87169 5
89209 1
93859 3
92339 7
87479 8
99739 10
88890 11
91139 3
92919 8
88709 8
89259 11
88359 11
84849 7
90160 8
88829 8
88549 9
94039 9
90279 9
86739 8
86769 2
86330 2
83939 8
83449 11
88299 7
90839 1
89309 5
84329 2
95170 6
84700 10
85919 3
82289 11
86459 0
86399 4
87248 7
82029 6
137868 6
83740 7
87509 0
87529 2
97519 6
89849 9
89989 8
86890 0
86408 10
89159 6
87179 8
87589 8
86099 2
89359 10
86609 10
93588 3
89520 4
80389 11
85539 11
91369 11
86669 4
86339 3
90779 11
84439 4
85239 6
89509 7
97209 5
87689 6
91829 5
83309 4
88639 11
89359 10
91229 11
88349 9
87999 0
87330 4
96470 10
96679 2
87889 10
87669 6
87159 8
86319 3
88450 1
86970 3
95479 9
85969 5
89009 11
89259 4
87289 4
97889 11
90289 6
89859 4
91470 9
87859 4
89679 6
88999 8
88689 9
89329 6
87269 8
92319 5
96560 10
91009 9
88109 9
87829 2
85569 1
87479 5
87320 1
88399 0
91569 6
87969 0
88849 2
10134772 8
127699 0
119649 6
135678 1
133148 5
128579 9
126459 4
145648 11
132619 9
123729 11
127449 8
127418 8
129139 2
130399 5
132948 11
155829 10
130269 6
138298 2
139998 0
126819 11
134478 10
128408 0
139969 7
128699 11
125258 0
129659 2
125759 0
133139 4
130519 2
121389 11
137649 0
117899 5
134108 2
128669 11
311537 3
105439 2
123099 6
132059 4
104069 4
114029 2
125859 4
108928 2
115358 4
112949 7
115279 0
119529 9
101169 1
109569 9
110149 11
111619 4
112379 6
113309 4
114059 10
115699 11
120149 7
111809 11
107689 3
121339 0
119129 7
109309 8
111308 0
113599 7
115258 1
110859 10
107709 7
11945945 9
107879 5
104129 7
117589 2
130808 11
113159 11
119769 4
113019 10
131969 0
102349 1
115588 10
107359 10
110759 5
113759 0
119749 9
115969 7
115399 6
135649 10
115828 9
109799 10
108309 11
110099 4
106399 9
106489 0
111299 8
113069 11
122009 0
113059 1
109679 8
107629 7
111809 4
125238 8
116689 8
111419 2
121199 0
109549 0
115459 8
110139 6
113509 9
102409 2
106819 8
106429 9
127058 6
120028 6
118259 9
112009 1
114029 10
111379 3
114969 2
108659 9
116829 11
114749 11
119748 7
108049 6
105589 9
121169 6
110649 1
102549 5
108479 5
113039 10
113809 2
118859 7
110568 4
104499 0
111379 2
112378 6
109849 8
116679 1
120299 3
103889 8
128729 4
102799 0
113029 9
120488 5
109059 6
104830 9
116469 2
109449 8
110559 2
122849 9
91809 0
99739 0
97889 1
93399 5
97229 8
95339 9
100070 0
102350 10
98019 9
10144311 7
120488 0
136139 6
140679 5
138968 9
139609 0
141448 7
161839 4
139699 5
133318 10
144859 3
136119 2
132388 1
143959 3
129419 6
121729 6
140648 5
131639 2
127079 7
151368 8
134529 8
138569 10
139299 2
132479 11
131789 8
141078 1
131699 5
134669 11
147348 5
150879 6
137619 9
133508 10
119919 4
137339 4
142378 5
149459 6
136879 7
123528 6
137909 10
132849 7
137539 7
137718 3
129809 11
152879 0
126359 9
133009 1
132449 1
148098 3
139919 2
136379 2
139879 7
144449 3
128458 2
136239 5
139089 4
134769 8
141379 6
143159 6
148918 1
140719 11
133369 0
137948 8
134729 9
148209 7
146769 5
163049 4
131378 6
137729 1
140969 10
136348 6
133929 11
135039 4
11158332 1
136928 4
148079 0
143679 8
160228 9
147249 0
138558 3
171439 10
149108 9
160509 3
150378 11
163329 0
145168 6
161659 8
144918 0
150169 6
140779 3
154959 11
153178 5
150679 10
156259 10
140519 5
142849 9
158088 8
157999 0
156188 3
144049 11
168918 5
139599 10
150399 11
152349 2
143848 7
161119 8
168108 3
145609 10
150179 2
160808 7
153599 0
151708 7
151768 0
167938 8
140759 7
152489 11
137759 1
160818 3
152089 1
166428 9
145819 10
168178 7
155869 5
159488 9
164318 0
167909 7
140959 10
147338 1
159798 4
141439 11
151749 4
162979 9
10191491 7
134348 11
153219 11
150998 9
138359 6
149529 3
177199 5
156698 6
148119 1
148178 10
155188 7
168708 2
149069 7
170558 10
137869 2
144679 2
157468 1
141339 10
153049 8
165418 10
151828 4
147659 2
145919 5
153979 5
161028 1
162008 0
164839 3
143798 0
153439 7
158439 10
154888 10
159999 3
156539 7
148438 6
142258 3
148199 0
160188 4
149909 3
155818 11
166669 7
146448 8
153879 1
156038 0
158659 3
161208 5
166479 3
147209 2
149738 8
145609 7
151889 8
145948 11
140899 6
147358 11
143138 9
151439 3
153568 6
157099 10
159378 9
176018 1
144568 11
148859 8
158958 8
151279 1
158699 3
150599 4
10195392 0
136239 10
151198 11
150279 0
156978 6
155729 0
162728 2
154989 6
164568 9
154479 7
154048 6
164158 1
158958 7
127859 7
141019 6
141098 6
134859 7
137178 9
147309 1
138559 5
150749 10
132179 2
142389 0
144748 6
139269 1
132098 6
156129 5
154188 3
156389 11
136169 5
353896 8
173978 11
200878 9
191889 10
429426 6
158179 3
157469 11
130689 5
156729 9
133239 8
144798 8
140299 0
136398 4
162389 6
138709 3
143599 9
135869 6
137168 7
135698 7
149969 10
149808 7
129479 3
132939 7
147348 2
147609 11
133019 8
147428 8
150989 9
137418 7
131569 4
135079 0
142918 0
134119 1
139949 4
10193251 0
139609 4
121559 1
140488 2
138009 1
140679 0
133438 4
133499 2
126389 5
130068 4
139409 1
128639 1
127039 10
133008 10
140609 2
140769 7
127868 6
129199 6
138199 6
128479 5
124329 0
142908 1
152498 4
132779 0
131629 5
132519 6
129398 11
133008 6
129029 2
135609 11
133518 2
121859 1
121059 1
127399 0
137839 5
136808 7
128149 11
140648 2
125879 4
121399 6
131339 11
121139 5
127949 11
124829 10
130699 5
137578 10
135279 11
129799 5
131779 9
128158 9
133238 11
137359 1
130689 9
129968 1
122148 8
134709 3
118329 3
125049 7
134899 10
137159 9
139229 11
129349 8
129569 7
139479 7
120588 0
129448 0
124539 5
134819 6
161588 8
97439 7
92130 2
90528 10
88880 1
86669 10
91349 2
92669 10
88889 8
90709 6
89169 7
92950 0
80899 2
82909 1
80779 5
84719 6
81299 2
80419 1
86009 7
80299 7
78569 2
83540 11
81069 2
91219 4
77739 4
85710 8
85179 8
85289 3
83479 11
84069 1
80419 1
82929 11
78909 3
79409 2
84749 2
87399 11
85968 5
84099 9
85459 11
80369 4
82309 0
87779 0
84180 4
78389 11
79759 10
82059 2
86419 1
96128 3
84799 11
85179 1
81819 11
83379 10
80490 3
80879 1
84069 2
82069 3
81579 10
80650 7
97870 3
89659 7
95819 6
83359 1
84199 5
83470 4
79279 3
81959 11
82769 0
87539 9
87059 7
81999 1
104339 10
88589 7
81159 10
77389 8
84369 10
80599 10
85740 11
82969 5
82289 0
83859 9
76850 10
79460 2
92979 5
83039 1
82079 5
81099 6
79009 0
82679 9
79489 9
81609 1
81220 5
87420 4
83639 11
80989 0
96799 1
88009 2
82479 10
83829 6
82449 2
80759 11
84349 10
81270 4
84019 5
82689 3
80569 6
80790 4
122539 4
112509 5
118599 4
115269 3
114629 10
111639 7
110018 8
117010 1
136159 6
137459 7
131958 2
146599 8
149769 3
153358 0
143259 11
20174005 7
135179 10
115229 9
125899 11
124349 4
121559 10
124179 2
117599 5
141758 10
108849 0
104579 8
109189 4
109439 6
107949 5
107939 10
109939 7
111968 6
115799 1
103719 11
98870 5
105239 10
115308 7
108829 2
110319 5
107289 1
112449 9
120149 1
114149 6
112539 11
108779 11
110399 9
108309 10
106079 6
115458 1
106679 10
115149 0
108199 11
107649 11
111299 9
120039 6
106159 11
107079 5
119749 7
111299 11
114048 10
102950 7
115479 3
107008 11
108550 1
110818 2
101619 4
108869 3
106679 5
114939 9
104099 3
102699 9
108709 9
106669 1
106979 1
111279 3
111179 1
110139 7
111119 3
115679 11
102369 9
129878 6
110219 3
105459 7
108889 0
102069 10
102789 8
105499 1
117939 6
106629 6
104499 3
106189 1
97659 6
108489 2
111059 2
113459 7
110949 10
131588 6
114108 4
114828 6
131169 2
118109 9
124519 11
136768 0
125909 9
10185452 8
129409 8
140108 11
138869 2
148898 4
142689 11
140519 0
157929 5
150069 7
144099 7
138389 5
153908 0
143729 2
155459 1
125229 8
147229 0
151178 11
150529 2
145519 11
148489 3
162008 11
144989 5
149229 9
156078 2
145179 7
146438 2
140989 3
154279 0
128299 2
136129 0
139189 11
146318 9
137469 8
142998 8
157489 4
134259 1
138138 0
142979 10
147499 6
138589 1
136469 8
156578 7
130669 1
141119 0
130309 7
137569 5
154238 2
143488 6
148989 3
135708 7
130759 10
146249 7
146978 5
158029 5
132058 0
152318 10
138749 11
143838 10
141429 7
152639 7
147618 4
141719 9
156148 7
126659 6
139538 7
149928 10
145629 9
140578 3
147659 6
10119352 0
77219 4
84280 2
81660 1
85049 8
79009 3
82929 2
79950 6
84440 11
81499 3
80269 11
77139 8
115219 3
115229 6
105859 8
113649 5
108999 2
107509 6
106699 6
126949 5
113579 0
118248 8
110559 2
112858 7
119259 1
112359 8
109239 6
107839 6
111449 7
106129 0
127539 8
113239 9
111610 1
110319 0
105569 2
113399 3
112889 2
118959 2
124599 6
107909 11
110359 4
105409 5
112829 1
121218 6
109848 4
112418 1
114639 8
126159 4
107769 10
107959 9
105349 1
303797 7
125509 10
119429 3
147638 2
121709 7
127739 6
129139 6
125348 7
127899 5
305137 11
106209 10
101989 7
98539 9
102729 11
98449 6
97569 6
104939 8
101149 2
102049 7
111379 3
94599 5
101979 0
104429 1
104669 5
108739 3
101479 10
104219 9
100759 11
139809 7
108309 5
90889 7
100879 1
102219 2
93509 1
101289 11
101249 4
101119 6
102989 1
110699 3
10130722 7
100379 3
96319 2
99979 8
108049 7
98189 2
102509 5
111369 3
101209 2
120979 3
102719 5
104499 2
103449 6
101239 1
101309 0
104969 3
93519 8
99419 0
92819 4
108129 10
91310 9
95830 2
92930 5
101948 7
100919 6
100550 4
98130 7
98119 8
102179 10
119299 3
103979 6
107239 8
93150 11
103799 2
96380 6
95129 9
100459 10
101379 1
100019 8
107829 10
95209 0
