37599 0
9729 0
4719 0
15760 1
15000 1
4450 0
7630 0
19700 1
15090 1
4380 0
19460 1
4511 0
18491 1
14500 1
4340 0
9130 0
9930 0
18470 1
14340 1
4610 0
12280 0
9920 0
22460 1
4480 0
10109 0
10540 0
24410 1
13900 1
4530 0
20340 1
16050 1
4540 0
14591 0
10800 0
10509 0
21510 1
4500 0
19780 1
4580 0
9700 0
10000 0
20879 1
4460 0
10080 0
10580 0
23569 1
27790 1
4940 0
11440 0
22860 1
24190 1
4020 0
24010 1
3970 0
16270 0
39519 1
15470 1
17210 1
22990 1
13240 1
3920 0
25959 1
14589 1
4069 0
26349 1
3780 0
13170 0
12670 0
23650 1
14330 1
15819 1
3849 0
11360 0
11679 0
11420 0
11310 0
26000 1
15200 1
13010 1
24539 1
4309 0
38910 1
22680 1
28480 1
13740 1
31150 1
4351 0
38400 1
15440 1
4050 0
12310 0
10710 0
10680 0
11860 0
11651 0
10960 0
11939 0
25120 1
31110 1
27320 1
16250 1
4230 0
25060 1
15211 1
15710 1
3960 0
28520 1
15060 1
20140 1
22270 1
15110 1
15769 1
14420 1
14650 1
15920 1
4200 0
22840 1
4630 0
12270 0
27800 1
4060 0
25010 1
4540 0
14150 0
12610 0
12820 0
23700 1
28599 1
22250 1
4220 0
12470 0
11820 0
37280 1
26760 1
25360 1
16980 1
14930 1
4850 0
10120 0
11990 0
13970 0
12330 0
12220 0
13069 0
26259 1
3960 0
10680 0
12560 0
16530 0
16550 0
27459 1
4220 0
34610 1
16550 1
14680 1
3860 0
22830 1
4170 0
27580 1
3909 0
12419 0
31590 1
16110 1
4150 0
31660 1
5310 0
14310 0
13200 0
13310 0
12530 0
24380 1
4080 0
13160 0
11890 0
12210 0
12649 0
22509 1
14999 1
17290 1
4530 0
14550 0
10190 0
13830 0
30540 1
3900 0
28599 1
28370 1
25210 1
3890 0
14210 0
33809 1
4649 0
10419 0
22880 1
3880 0
10960 0
10810 0
23090 1
10910 0
11269 0
15370 0
14050 0
29950 1
14580 0
16500 0
15151 0
14330 0
27140 1
15980 0
28800 1
4510 0
14120 0
10889 0
14049 0
12069 0
25400 1
12840 0
37900 1
27740 1
4411 0
16140 0
14970 0
28950 1
22990 1
31100 1
32140 1
26800 1
28650 1
13770 0
34069 1
4449 0
11049 0
10510 0
10550 0
10810 0
24280 1
12740 0
11030 0
12060 0
24139 1
26540 1
4760 0
11560 0
10620 0
21420 1
27839 1
28429 1
31880 1
13730 0
22120 1
26650 1
18010 1
16249 1
14229 1
4860 0
15900 0
11810 0
31710 1
12480 0
11790 0
38190 1
33949 1
11180 0
10950 0
26190 1
12130 0
16510 0
40139 1
30520 1
24230 1
11530 0
12340 0
23520 1
24080 1
12850 0
10610 0
32940 1
11020 0
36030 1
24850 1
4850 0
22670 1
11180 0
22230 1
15020 1
4080 0
13319 0
25000 1
3980 0
12780 0
12920 0
11250 0
13320 0
33890 1
38319 1
26530 1
31390 1
14680 0
14840 0
14669 0
22950 1
15780 1
4260 0
26840 1
13010 0
25530 1
20510 1
28530 1
15219 1
26849 1
27030 1
4280 0
12100 0
27560 1
4460 0
29590 1
12309 0
21999 1
4110 0
29020 1
24890 1
27649 1
10911 0
21070 1
4430 0
17280 0
15910 0
11510 0
21810 1
15620 1
26579 1
24859 1
5230 0
12000 0
33670 1
14900 1
4390 0
24010 1
11520 0
21549 1
26420 1
4440 0
13620 0
14100 0
11950 0
11869 0
11380 0
12029 0
26569 1
21750 1
12569 0
23260 1
16080 1
5140 0
13040 0
25320 1
23830 1
4280 0
22860 0
14500 0
13890 0
35360 1
3950 0
30019 1
21089 1
19800 1
12640 0
12640 0
11620 0
22740 1
13330 1
12449 1
14040 1
4659 0
11800 0
10170 0
10540 0
21240 1
4050 0
20660 1
22529 1
12351 0
12420 0
21250 1
12630 0
22000 1
14330 1
4160 0
10860 0
19920 1
13611 1
4300 0
12919 0
12790 0
21420 1
21720 1
21500 1
11190 0
10139 0
19669 1
32449 1
26900 1
14370 0
36010 1
4960 0
11120 0
21790 1
5440 0
21830 1
19690 1
10110 0
11700 0
8120 0
23219 1
13000 1
12880 1
13190 1
14980 1
5100 0
10730 0
32560 1
17580 1
27010 1
5320 0
8020 0
23890 1
26440 1
4820 0
27640 1
10290 0
15631 0
28500 1
25850 1
6740 0
12960 0
16730 1
25429 1
6031 0
26760 1
4930 0
24430 1
29960 1
5010 0
20700 1
14449 1
26239 1
4900 0
26240 1
5170 0
24340 1
28979 1
29090 1
4900 0
26330 1
7380 0
10690 0
9240 0
29580 1
15479 1
29249 1
16450 1
28050 1
16430 1
4190 0
23859 1
4431 0
13940 0
9970 0
10340 0
10020 0
23340 1
30790 1
5100 0
9930 0
23119 1
4880 0
10630 0
22830 1
28290 1
18410 1
5410 0
29989 1
19080 0
15860 0
34270 1
4820 0
33030 1
11889 0
32259 1
31000 1
4220 0
11570 0
21610 1
10170 0
9830 0
22240 1
4180 0
30279 1
10080 0
10080 0
