115939 11
46539 4
51340 0
49079 8
50900 5
49519 0
47430 2
49829 7
48410 6
47689 8
43490 10
47640 4
48780 4
43810 7
50290 0
46610 6
53420 9
46270 11
58760 2
45479 7
41539 4
44400 2
43989 11
45900 5
53199 10
46940 6
45819 11
46040 6
45099 10
44680 10
46480 8
41460 5
43749 9
43849 0
46230 5
49129 6
45190 11
40569 9
45010 0
39420 8
51970 6
45940 0
45209 2
44190 8
47239 0
43910 7
43509 10
45260 5
46319 10
43889 5
40620 10
49020 4
44750 11
50619 5
45690 2
44329 6
41690 6
44850 0
48209 8
50600 8
47109 1
50459 11
54120 1
38739 6
39589 9
40560 2
44189 0
47000 0
49449 4
44940 2
45430 4
46069 8
45440 5
41739 11
39070 11
42249 7
40630 6
41709 9
46950 11
51920 10
52020 8
41739 7
42740 10
36160 8
50419 6
46060 9
48049 10
44410 0
39410 0
38560 5
41990 11
37309 7
43200 6
46439 10
39739 7
45270 8
48039 8
44440 7
45639 4
45520 8
45069 1
39440 6
43530 0
50120 9
48690 7
50209 8
55209 9
54900 2
44260 7
41129 5
39890 0
44889 7
48430 5
49929 2
41840 6
41169 2
46390 6
43709 5
44449 11
38410 2
42129 4
40870 8
40779 7
47360 5
47889 7
45040 7
46239 5
42539 3
42700 10
53429 1
45180 6
39529 4
41290 4
47909 3
42179 4
39399 3
34970 5
40590 11
41170 2
41710 11
45670 5
45919 4
49510 5
43190 10
49710 0
45429 8
42310 4
40079 0
41420 1
44340 8
45360 2
45700 4
53689 7
40550 5
38429 8
38370 0
37440 9
46069 5
43440 6
44899 10
43230 7
37739 9
38710 11
36600 0
37729 8
45440 10
42589 5
48720 2
44600 6
48159 4
42109 8
45780 5
41500 1
46039 2
53090 11
55989 1
42030 6
41949 7
43210 11
39049 0
35999 2
34990 11
36959 7
35060 5
41989 3
42349 1
43330 4
42849 9
37700 0
38819 7
35240 5
43250 0
42259 0
44470 9
40909 5
36800 8
36060 10
35089 1
35570 7
36600 4
82349 0
54539 9
46080 2
47869 11
44200 6
47200 8
53780 2
51890 11
46910 2
46740 7
46020 7
48920 11
44070 5
44760 3
46849 8
43410 6
46119 8
48600 2
40469 1
42850 1
39560 0
60270 11
46539 6
52959 0
46110 4
46779 9
41150 3
45489 6
42550 0
49129 5
48690 1
46249 3
49810 7
43519 10
46330 6
46580 3
51010 9
47259 11
46449 6
51050 0
50010 0
65449 4
47180 7
49109 11
50150 10
44799 10
45590 4
46499 7
44410 9
44890 6
44999 8
47730 7
44329 6
45770 5
43749 3
49240 0
47489 11
43919 10
48210 9
43860 8
46130 4
51149 1
48090 8
55529 4
45210 0
45719 7
46480 6
48049 5
46700 6
47159 2
46710 1
47689 7
47779 7
48490 6
43819 11
46380 0
41310 1
51229 5
46230 0
44830 7
42539 3
43280 8
44899 11
49150 9
55819 6
44610 2
43980 3
50310 7
50200 9
48139 11
52120 4
39179 2
47179 7
45909 2
46060 11
48289 9
48140 11
47899 4
50820 1
48959 9
50270 7
54239 8
51180 11
53239 3
48030 2
57209 2
48370 5
46539 8
46350 6
46779 3
48700 6
45869 8
47930 5
51959 11
48540 4
49409 5
45450 10
48239 9
44680 1
49129 5
49259 8
43399 11
51430 11
46029 5
53260 9
60829 6
47990 3
48820 0
41640 6
39549 9
44679 8
46740 7
49589 9
49350 9
47809 9
45770 3
43569 7
47510 5
47239 0
46130 8
50629 8
52150 3
50169 11
50600 11
45350 6
47349 0
57779 3
46670 0
44209 11
45379 4
46760 9
49629 9
47579 1
43599 6
40550 7
47599 2
45420 1
47659 7
50600 5
46379 6
45810 1
51189 6
50420 4
47250 9
52000 10
52359 5
52760 1
65889 1
45360 3
41599 10
48300 3
47439 6
48840 1
44180 1
42979 6
41500 3
54230 2
49690 10
49489 4
49589 2
45750 11
49210 5
47489 11
47720 8
48609 6
46310 0
46739 7
46880 2
61829 0
43940 2
48049 0
48010 5
49849 0
48400 3
50479 9
42250 9
50639 9
47800 2
46939 0
49400 7
47910 8
41340 5
45929 5
53070 3
50540 7
54819 8
48860 7
47190 6
10081910 2
42209 2
47200 10
45230 5
47130 7
47469 7
45640 8
45849 2
45420 1
49419 5
47590 9
46689 11
48480 10
48670 1
48749 3
44480 4
44050 8
49429 7
49469 10
45720 3
49510 9
61009 0
53210 1
48159 0
59099 3
56749 2
58410 6
52119 9
49320 5
57129 2
57350 7
56369 7
55440 4
60439 7
55019 5
47940 6
56149 0
56000 5
48059 5
75420 6
58340 1
57330 9
55499 6
61759 0
50680 7
63769 1
53130 3
49610 10
49399 4
52510 3
47579 0
49229 2
51489 10
54320 5
45760 10
55669 5
53070 8
10058180 1
42860 11
46549 10
43450 2
48929 10
45180 10
48219 4
44440 7
47380 8
43780 10
43720 10
42799 3
46970 8
46309 1
47150 11
44309 6
41919 9
41750 10
45330 5
51010 11
44800 7
43080 7
51129 1
49470 2
45569 0
44840 2
45659 6
42110 5
41309 9
43560 3
53039 11
45519 1
45910 9
46199 3
47530 3
47019 2
45250 3
38860 8
43440 2
43520 11
48390 0
46359 7
45740 0
45920 1
57509 6
42120 7
49069 8
45510 3
47629 11
42450 0
47289 10
48050 11
49189 4
41380 7
45930 6
44000 8
42440 8
47839 2
38700 11
44819 6
39970 6
45379 10
45249 8
45140 3
49620 6
40930 7
52389 7
43980 11
42859 11
44030 5
44239 11
48820 6
48090 5
46330 4
47470 5
41629 1
45670 8
41580 3
46440 9
41569 9
42580 6
44200 11
50370 6
40699 11
42219 9
39440 0
41039 6
46210 1
47669 5
44060 8
41770 11
43910 2
47710 10
41380 10
39990 8
46819 5
44640 2
46429 4
44959 3
44840 6
44280 3
45710 7
43289 6
44440 11
45529 6
39730 9
45999 9
46929 10
48179 2
39999 0
38430 6
45349 4
37560 6
45529 2
47330 4
39980 6
41230 4
49470 9
44019 3
48120 2
42849 9
38260 7
35490 8
38759 7
40420 2
44609 9
42020 11
36120 4
43220 9
43530 3
41509 2
43100 8
37870 7
37750 7
38590 8
50069 5
38070 5
38509 8
42609 9
40780 3
40919 2
35680 6
34989 9
35470 5
38340 9
35279 7
37870 9
42589 0
45409 6
42300 7
40769 4
39360 4
35969 5
39610 8
39640 11
45089 7
41510 7
40470 6
38150 9
35390 5
56249 10
49440 8
42959 4
41770 5
44519 11
41109 6
46490 3
46539 5
43870 5
51099 10
48160 9
42209 7
47730 1
46269 10
52410 7
45659 3
49500 5
37370 8
48309 6
47260 4
49990 0
60490 10
45700 8
38030 3
46149 1
51320 6
45909 2
42110 6
48319 10
42640 1
48099 8
44610 5
43519 6
51210 8
47359 1
44279 7
45870 4
48029 8
42180 10
53919 7
47870 9
45749 4
8100030 5
42170 6
38360 11
38859 6
47790 1
43889 10
42459 5
44880 7
47230 3
39170 10
42369 1
46310 9
50109 0
44340 4
43469 0
41269 10
43520 7
41809 11
38950 5
38159 10
41390 3
46859 2
54620 2
45609 10
45750 10
44549 5
43179 6
40420 2
43409 9
44340 10
41150 10
42810 7
42329 3
40700 8
46170 4
48229 3
43900 11
43559 11
41820 8
40330 6
45259 0
40330 4
46719 5
46330 9
47159 4
54250 6
43409 4
44140 7
43710 8
39710 4
43619 11
45919 2
45350 6
39019 3
39410 7
48589 5
43009 4
46059 7
41210 10
45930 8
46929 1
42270 6
41789 6
40300 5
41870 6
42969 5
39980 5
44799 6
52240 0
40959 10
38790 2
42709 10
46579 1
44530 11
46199 2
41920 9
39219 10
43290 2
44270 5
45359 9
45670 7
42459 6
45540 1
42889 8
48750 2
44129 11
42210 3
42800 6
43619 10
48910 1
56929 1
43480 7
41770 3
41900 7
45449 3
47090 11
44149 7
44730 7
42439 11
45290 6
39350 1
42009 0
41920 8
40219 1
42060 3
43840 6
46399 5
44380 0
40430 2
42980 9
46219 10
43340 7
46149 2
61419 2
45709 2
43490 7
44539 10
39499 9
39030 0
42449 0
45740 8
41919 5
46500 0
40889 3
41100 11
43720 7
44139 0
37260 5
41080 7
45599 2
44989 10
49449 7
48840 6
48669 3
47890 1
61049 11
42030 6
39220 6
47430 2
48719 4
37640 5
40149 2
46259 11
43269 8
44430 0
45770 1
44010 5
47860 2
47749 0
39430 9
35670 0
40440 9
41420 2
45919 7
45810 10
46509 9
46380 10
39940 8
50979 9
42979 4
46249 4
44150 1
45519 8
45760 0
41889 4
38400 0
45549 10
40190 1
41110 10
46830 8
44710 10
48109 8
41850 2
40939 10
42970 0
43919 8
46039 3
46790 5
40329 2
46620 9
45329 3
54740 2
40469 4
42020 4
39780 9
43479 3
49040 2
43389 5
47960 2
42499 4
46580 0
45249 3
45340 8
40460 5
43039 11
38400 0
43020 5
48170 0
45169 0
46510 0
42759 6
41360 6
38870 10
57889 4
45999 5
44469 1
39850 10
40539 11
48910 9
43199 7
45880 7
47829 11
46499 11
45220 0
43149 9
46680 7
44439 1
46420 6
47899 7
42310 0
46100 3
45069 0
41749 6
42079 1
45540 1
10059980 10
52779 1
52219 11
53530 6
38360 11
47290 6
39639 9
50459 10
48510 3
45370 11
39820 0
41009 8
35810 0
37869 10
37830 9
37390 4
43570 3
41150 10
37170 9
35179 5
38350 2
37860 6
45560 6
36760 8
55439 10
38490 10
41349 1
38470 11
38219 6
41260 1
43910 10
38649 5
40540 2
41410 1
48070 2
37770 4
36489 1
37420 5
41840 5
41330 6
34790 1
36569 7
40200 10
42739 4
38319 2
35680 3
38949 0
34459 5
35680 8
46209 11
34140 8
30959 3
32509 6
33600 8
32679 7
33010 10
32620 11
32230 4
33189 0
31480 4
32900 3
31729 2
32510 1
31210 8
36429 8
33040 6
33820 1
32369 5
31400 6
32800 4
31009 11
33780 9
33740 0
32279 6
33289 7
39050 3
33639 5
33860 6
30630 8
40159 0
33380 1
33990 11
36239 2
33580 7
33350 10
32860 1
34310 0
31719 8
33080 6
32150 0
33049 1
32939 7
33080 0
34100 7
33700 9
32260 11
33350 11
32859 0
33750 6
33230 9
33149 8
34500 8
33549 5
33499 0
32200 4
33060 3
32799 11
32400 8
