308358 1
276248 3
278928 5
252508 1
250488 3
218489 7
207509 8
212278 10
216168 11
176318 3
205659 8
260988 8
257518 11
286328 11
216679 7
175459 8
196018 8
261968 9
207529 9
181879 9
223849 8
245818 2
256738 2
270858 8
208679 11
242008 7
258858 1
248008 5
282718 2
329378 6
242148 10
260958 3
269118 11
283038 0
252109 4
267467 7
266678 6
335708 6
231018 7
227979 0
211538 2
238028 6
184578 9
186248 8
223788 0
273027 10
259927 6
262747 8
279747 8
306738 2
222498 10
263808 10
211689 3
234778 4
259688 11
270778 11
276078 11
281888 4
272009 3
266269 11
267988 4
289588 6
312498 7
296318 5
281078 6
259027 5
260149 4
269387 11
309328 10
282908 11
285968 9
322497 0
269668 4
226738 10
205569 2
295308 10
199888 6
193529 8
293117 3
268588 1
257218 3
270838 9
201069 5
205118 11
226049 4
249858 4
248488 11
208068 6
254248 4
257558 9
277158 4
325168 6
245128 8
310278 9
299488 6
280228 8
273908 5
285028 10
254298 9
237578 9
240138 2
246528 1
263628 5
267738 1
273978 0
290518 6
310117 0
288318 2
269278 8
216909 0
253229 6
201318 1
216119 5
224369 9
10275511 4
287238 11
233729 9
283777 11
291928 8
274968 8
272818 2
258178 5
315997 11
235788 10
348677 6
308418 2
254298 0
257458 11
234798 10
266248 0
270538 7
276588 11
295468 0
264418 2
253558 0
256828 4
269357 2
205489 11
216768 0
224709 5
190718 2
218639 11
260818 3
264098 2
266238 6
241839 4
193198 4
210888 2
203438 4
290338 2
201248 4
229999 7
267247 0
10312092 9
324838 1
294678 9
265618 11
280688 4
306458 6
272078 4
288287 10
262778 11
278778 7
266108 11
252918 3
225979 0
215128 7
193848 8
217228 0
196128 7
330988 1
252628 10
265618 7
198848 9
204699 5
209158 7
261428 2
227459 11
206289 11
252838 4
252798 10
284388 0
225518 1
251308 10
282318 10
271488 5
361797 0
305208 9
321387 7
247509 6
248918 10
245218 9
10234232 10
243138 11
233628 4
205249 9
245248 0
193478 8
176509 11
196768 0
270298 1
329458 8
248028 7
221448 4
184749 8
226188 8
232978 2
230718 0
188358 0
276728 8
225568 6
242888 9
266278 2
235678 8
248358 9
220648 6
262938 6
326578 9
262538 1
224459 10
275198 3
253928 2
247008 9
234558 11
250808 11
277078 7
239638 6
286398 9
260178 6
237588 1
182119 5
200759 5
227859 10
195668 2
10209922 7
233008 4
264738 0
288927 2
273608 6
280978 8
253058 1
296008 3
313798 8
270058 4
271308 0
243938 9
230659 5
287098 6
250568 9
250848 2
227408 8
225638 2
231199 9
238778 0
199928 0
213349 1
197209 5
210329 8
199089 9
265618 0
294328 10
239298 9
210908 7
233229 0
265458 6
235328 5
200408 9
226908 0
241379 7
262129 4
281758 5
265018 10
268728 3
212339 2
10315991 1
290868 3
281938 6
269578 6
264128 5
169538 2
200959 7
204328 8
224008 8
172389 10
239688 2
270078 11
263618 8
234288 1
182559 5
200039 11
188988 5
271698 6
199298 9
213358 10
282758 4
272198 4
269158 5
239598 6
266648 7
302928 6
366138 10
347847 7
309378 7
243248 3
232468 11
246928 0
291518 9
283798 1
293968 1
304248 3
251308 2
194919 2
222328 7
242518 3
10200102 2
226589 5
236998 4
258818 8
320928 6
237958 6
303427 1
213129 11
291858 0
306267 8
257328 9
281868 7
224748 5
237918 4
247918 6
251288 1
243108 10
256758 6
284038 11
279368 4
199798 1
195009 4
206898 0
217238 8
179359 9
180149 0
286428 3
255379 10
284457 9
180718 3
190129 11
230978 0
236968 6
201638 8
199968 0
243838 6
257078 3
283468 11
247348 5
259948 10
251008 10
10268372 5
286608 9
238918 8
259478 0
275198 3
244748 11
204289 5
205438 10
253808 11
222098 2
181369 7
268328 8
273778 3
249748 10
185478 2
198609 7
232158 0
10278882 7
269368 0
281478 8
307738 7
236048 11
220618 1
219818 3
255278 1
225488 9
237298 10
253318 7
286777 5
256727 9
211818 0
193958 7
198428 10
230628 1
185079 4
174748 11
217029 4
249818 9
260348 7
254848 11
177139 11
197279 9
249318 6
251508 3
172099 5
209138 6
321448 1
259598 10
230858 7
235568 2
291218 7
259358 10
257528 2
297168 2
269768 1
258468 10
259908 8
274908 10
261218 4
270448 2
298327 5
282898 5
247629 1
255369 0
251918 3
266989 0
200658 7
208678 10
256778 10
255218 3
272238 7
186609 6
192818 3
188988 0
262098 4
380987 3
218628 11
279567 7
247069 8
267387 1
250518 0
10312452 3
284768 5
229168 3
263018 2
276088 8
187689 7
160489 8
206139 11
204818 6
211288 11
212068 9
226618 3
287928 6
291658 10
202268 9
190569 1
193898 11
239579 8
220878 8
198838 1
250368 3
246858 4
267807 0
251298 10
260418 11
238228 0
277308 6
324857 0
299698 2
268828 6
219258 9
204239 7
231209 6
251378 1
267308 7
241278 7
240208 6
244258 6
251778 7
185339 9
189328 1
218198 5
183469 10
10252781 2
234528 0
251449 6
293538 1
295358 6
276828 5
271138 3
286058 11
245148 5
340917 8
256008 11
286278 9
271808 10
267858 6
282678 3
268248 11
221368 5
235138 9
256528 8
250859 8
251778 0
188728 4
185199 6
247308 3
203448 9
314538 6
248598 7
284058 7
215558 10
171359 7
196728 3
218139 7
227158 2
190748 11
210418 8
232518 8
301908 9
234938 7
235608 4
232838 0
10197882 0
143989 1
151539 4
118939 0
104920 4
133979 1
125639 2
138629 1
118919 0
94169 4
90680 2
88399 5
126529 4
116129 1
123999 1
123409 10
120389 10
104969 2
95620 7
108999 6
104069 6
127469 6
156479 5
121659 0
110369 1
118729 4
107779 0
94690 5
95760 6
112539 11
100469 6
101280 2
102180 11
96289 2
89459 1
92419 1
77039 0
74239 5
70130 7
67289 11
69170 2
69099 4
73460 6
73589 11
72799 5
68309 11
78929 10
107399 5
162298 10
124490 11
100389 5
99549 9
87829 9
90210 11
105880 1
89829 9
114719 1
100750 8
83220 3
81729 3
82959 7
107110 10
94039 9
87349 11
81460 8
68049 7
67350 7
70679 0
80139 0
94710 5
101239 6
150779 8
129949 7
107179 2
105039 10
106509 1
98999 10
95609 2
106729 10
107209 8
105749 6
99960 7
103349 0
96329 2
87639 1
84259 5
76649 6
74540 2
68099 1
76560 7
67599 7
69180 2
72769 11
72190 2
74699 4
65190 4
67350 8
107189 8
160199 3
132469 11
10120553 1
86589 1
81559 11
107139 3
107549 2
112289 2
72789 11
68249 5
69739 9
71210 11
84839 4
92280 0
145719 0
169669 4
115319 11
109789 10
110239 2
109430 1
100439 3
97889 11
122739 1
101400 11
106950 10
97709 3
93629 1
89729 2
90010 3
83709 10
76129 7
70889 3
67880 7
76660 6
70759 1
74750 5
76009 4
72130 3
69579 11
64690 0
97399 9
138999 7
147919 1
96889 10
113749 7
96650 10
87610 8
88379 10
94129 10
88220 11
116799 5
92069 0
82170 9
81089 10
81509 2
102069 5
103420 1
89349 5
88039 6
74600 0
69119 9
73769 9
77119 1
89279 5
121409 4
145618 11
128019 0
123499 1
112390 2
113719 10
99609 6
100259 2
104759 11
105840 10
106090 4
100889 5
88229 3
84980 6
82139 4
79049 4
72090 5
68849 4
69850 3
68159 10
69690 7
67179 8
73500 1
71359 6
77810 7
64910 2
68990 8
87650 3
162898 0
129229 11
96679 7
102039 10
98749 9
86400 11
105999 4
96799 10
92580 2
122790 5
95060 10
83569 0
85929 8
75869 4
102139 6
102169 5
10118093 10
131289 7
112619 6
101500 1
104970 11
98969 5
95549 10
114730 7
111159 2
113019 5
107559 1
84159 9
84810 1
80459 6
76649 11
75949 11
69409 9
66560 10
66879 6
68780 1
72759 10
71600 0
76679 11
65300 11
66059 9
99509 6
138339 11
148839 5
101319 7
99500 11
92739 10
87309 7
102419 3
93469 11
94219 1
107939 2
104679 4
85070 3
75859 5
78659 9
103820 3
100909 9
88289 9
90580 1
76009 1
67339 3
71219 1
76799 7
98889 3
95869 11
134979 9
138389 6
114519 3
113459 7
110829 0
106519 10
94249 8
93639 1
102429 6
108499 6
105048 3
111499 1
101569 6
99389 2
83899 2
85399 7
79389 10
74700 6
69759 4
68730 6
70159 2
74160 9
73419 11
72129 0
66999 9
67620 8
85199 8
141989 11
153568 2
107749 4
103829 11
100279 0
82029 5
89169 7
96919 7
102089 5
109060 0
103200 2
79889 1
80069 8
84230 0
105069 11
108919 2
95020 11
83549 3
70169 11
77910 5
68679 9
81820 2
94579 7
131609 2
159229 3
120849 0
112009 2
111619 0
10126263 11
108689 9
105679 8
100870 8
91369 4
87749 1
83219 0
79399 10
69399 6
72100 1
66549 8
68710 7
80519 1
68990 0
70499 7
67290 5
65899 2
93219 6
157399 3
146169 7
103959 10
101180 7
97480 5
85899 5
89259 0
96350 10
90869 11
120029 10
97749 7
81460 7
83059 4
84459 9
98659 7
113560 6
92749 7
89139 10
73580 9
72119 3
69510 6
84169 0
88569 4
89840 2
145038 1
155379 8
123550 3
108990 2
107529 6
103509 11
93449 3
103309 11
108150 8
115319 3
102029 6
118599 8
88580 5
93130 2
82549 6
79760 6
73639 5
71850 0
68619 8
67689 2
65440 7
72199 1
74040 8
77489 6
71169 6
67359 7
90379 0
126290 8
154849 9
107379 1
99789 0
96269 2
85909 3
97119 2
95960 2
91989 6
101689 11
101150 4
81190 5
81769 1
84770 6
93349 4
104329 1
87670 8
91800 4
74649 10
68800 9
70309 1
76009 7
84989 10
97359 3
142359 2
157439 7
118409 6
119839 6
111089 7
102949 5
94989 11
97349 10
100269 7
99700 9
108650 11
105429 6
87949 6
10112363 8
106209 2
142509 7
155169 3
100959 5
102869 0
93249 1
85339 5
102879 3
108860 10
92660 9
111319 11
91299 7
84570 5
82470 7
87559 1
113459 2
89400 1
92279 11
77379 4
81079 6
68839 1
71910 3
121289 7
93979 3
154149 2
138969 8
111039 7
110219 2
120529 5
105729 3
94649 2
96749 3
98389 5
105919 2
111159 6
102779 1
89249 0
85670 3
93210 8
85729 0
74600 4
72250 10
69079 9
69270 2
70509 5
71939 7
73629 6
73440 4
67549 7
65950 8
108409 10
164379 3
127979 6
98339 8
101389 11
93560 2
81869 6
91489 9
95139 10
90300 1
124549 8
89569 10
79360 0
