197577 1
97909 2
120809 2
14740 3
62629 0
64999 0
524124 1
18480 3
72189 0
75079 2
69619 0
72029 0
10369 3
68020 1
11909 3
12369 3
14010 3
68889 0
73449 0
72070 1
68049 1
70929 1
70189 0
13830 3
83299 2
77319 2
67009 0
69339 2
69870 0
73699 2
72879 1
69749 1
13270 3
78819 0
19460 3
70979 0
71989 2
72139 1
67529 1
78470 0
13289 3
10500 3
71489 1
68569 2
66040 2
17559 3
15380 3
69860 2
69270 2
68779 2
68049 1
69729 1
68320 2
11130 3
66870 1
69570 0
10300 3
9600 3
70469 2
73329 1
10330 3
10090 3
66339 1
11540 3
9790 3
11000 3
70879 1
10090 3
67409 0
67829 0
65209 1
66879 2
66580 1
69030 1
67219 1
67979 1
71269 0
66249 1
67690 1
74099 0
9560 3
68479 0
66309 2
8890 3
65199 1
66919 1
67560 0
10610 3
69089 1
10310 3
12040 3
67259 1
12010 3
70079 2
65149 1
65439 1
67600 1
10830 3
10520 3
70699 1
73910 2
67349 1
68309 1
67859 2
68489 2
66779 2
66769 0
66019 0
68069 0
10190 3
65909 1
11360 3
67240 0
67268 1
12180 3
66869 0
67289 1
12260 3
75839 1
70359 1
67599 1
68449 2
68170 0
68619 0
65709 0
69569 2
68870 0
68869 0
67669 0
11520 3
69119 2
9740 3
67169 2
10800 3
72579 1
74199 2
64589 2
67109 0
66269 2
69999 0
10370 3
70209 0
66579 0
67849 0
65159 1
9370 3
68750 1
10940 3
12100 3
68189 1
12869 3
12891 3
69679 2
11200 3
70780 0
68699 2
77839 2
71939 1
67209 2
68099 0
13709 3
12230 3
67589 0
67529 1
64760 1
69449 0
70219 2
14550 3
67499 0
70279 1
68728 0
72059 1
84359 0
68839 0
68189 0
71669 2
67889 0
70570 2
69639 2
67029 2
65289 0
67110 2
68740 1
67909 2
66849 2
65929 2
68480 2
10056851 2
14700 3
64660 1
15080 3
73709 0
68580 1
17610 3
20500 3
71169 1
69150 0
75699 2
67770 0
72839 2
66629 0
67299 0
13550 3
68219 0
15680 3
69869 0
17640 3
83059 2
71749 2
73599 1
70330 2
67579 2
68169 2
12780 3
69389 0
72189 2
70980 1
71470 1
17700 3
69609 2
14309 3
15690 3
70529 2
70070 1
79580 0
74279 1
67729 0
64139 0
11520 3
65899 0
67160 2
9800 3
65080 1
65269 1
66009 1
67699 0
67720 1
70788 2
67239 2
66819 0
12440 3
75349 2
71019 2
67399 2
69620 2
68609 2
12669 3
69539 0
68809 0
10960 3
65819 0
66249 0
66549 1
12370 3
68699 1
11811 3
69819 1
67579 1
66649 2
74999 0
10970 3
73219 2
68109 0
13780 3
67259 2
69400 1
68280 1
68699 2
10670 3
9970 3
70119 0
74369 2
69269 1
10120 3
66359 1
66380 1
10090 3
80869 2
10700 3
77259 1
68239 2
75409 1
68949 0
10510 3
70969 2
75349 2
66409 1
71059 2
65910 1
64960 2
66609 1
9840 3
66189 1
12050 3
65259 1
11900 3
66199 1
77289 1
65160 2
66149 1
69599 0
64759 0
65989 0
66169 2
67309 2
66689 1
67139 1
66359 2
68799 2
68459 2
9790 3
66249 2
74049 1
66109 2
68959 0
11309 3
66480 0
67209 2
10930 3
66659 2
66749 2
11670 3
66969 1
10950 3
66610 2
66229 1
11570 3
65539 0
66939 2
64179 1
9780 3
66989 0
11040 3
75059 2
65899 2
70429 1
69019 0
66199 1
65669 0
11590 3
11130 3
65259 0
69309 0
67119 1
66799 2
67539 2
70599 1
71399 1
16269 3
69320 0
86939 2
75050 2
70680 2
65539 2
69259 0
71189 0
76799 1
67528 2
70129 2
69299 2
70839 1
70349 1
66479 2
13509 3
66729 2
10059592 0
66519 0
64120 0
68249 2
70459 2
70949 0
65199 0
68980 1
67849 0
64109 0
66990 2
14690 3
68509 1
66240 2
66269 2
65529 2
73559 2
65559 1
68040 0
67799 1
69359 0
66209 1
68349 1
68789 0
70219 1
18870 3
20740 3
19770 3
71229 2
73030 0
67009 2
15720 3
69839 1
80769 0
70489 1
69319 1
68039 0
67980 1
68180 2
66139 0
11350 3
10880 3
9529 3
67360 0
68989 0
70059 1
66669 0
12100 3
67150 0
65240 0
68039 2
75159 1
65659 1
65719 0
64820 2
68799 0
72259 1
10590 3
68349 1
11460 3
10470 3
67309 0
9370 3
67019 0
70039 0
68930 0
66850 2
66039 1
67279 1
73309 1
68129 1
66230 0
66729 1
67789 2
67149 2
65919 2
67769 0
69869 1
65649 1
69050 2
67710 1
67139 0
65629 1
71909 2
75469 0
66500 1
66530 0
67459 0
71899 2
66509 0
10650 3
9120 3
67819 1
9760 3
65449 1
10189 3
65999 0
68559 2
67999 2
67619 0
66529 2
66689 1
76790 2
68689 1
12450 3
65599 2
12480 3
70349 1
10390 3
68569 2
10860 3
66839 1
68049 1
68719 1
11580 3
12250 3
68529 2
66800 0
68130 1
9890 3
66279 1
11450 3
65109 1
74039 1
67039 0
11100 3
11330 3
10940 3
66089 1
66869 1
66999 2
65839 0
9680 3
68050 0
65709 0
66539 1
67389 0
67480 0
66290 0
64549 0
67839 0
9350 3
74029 0
8950 3
68239 2
66940 1
68579 0
67099 2
9360 3
9950 3
65379 1
69809 1
67229 2
67350 1
10211 3
9759 3
66149 2
64939 1
65909 2
9720 3
10450 3
69089 0
65919 2
88449 2
66729 1
66910 1
65630 1
68589 1
71089 0
65239 1
11659 3
13180 3
67759 1
68060 0
68609 0
70899 0
68289 2
18580 3
16750 3
12690 3
66690 0
10880 3
10057291 0
14850 3
52950 1
57769 1
67869 2
65379 1
67899 2
13169 3
71539 0
70269 0
68529 2
67099 0
17660 3
70589 1
11440 3
66729 0
70079 0
67240 1
76499 0
69379 1
14700 3
72359 2
10680 3
70989 2
70669 0
13200 3
66679 0
68919 2
11269 3
67530 0
66970 1
66659 1
68059 0
64129 1
65290 1
65149 0
79309 1
65849 1
65229 1
11760 3
67349 0
66509 2
65720 2
11160 3
64289 0
64419 1
66539 1
64640 0
68379 2
70219 2
9840 3
10520 3
68849 2
64889 1
11200 3
74389 0
71609 1
10980 3
71689 1
11090 3
10630 3
70859 0
68210 1
69079 0
66709 1
69179 1
11710 3
66879 2
65869 2
66740 0
11011 3
66880 0
65169 0
70009 2
9880 3
9120 3
83039 1
73879 1
66959 2
10310 3
70469 0
70399 0
71799 0
67059 1
66389 2
70579 1
69599 2
67380 1
66549 2
68599 1
64159 2
9280 3
16500 3
67709 1
66439 0
66329 2
65199 0
67329 2
68049 1
64990 0
64710 1
11310 3
67009 0
73509 1
69149 1
11540 3
69509 0
10470 3
67909 2
67130 2
73130 0
67569 0
69239 2
65539 0
67870 1
67350 2
67859 2
67289 1
10430 3
67719 0
68939 2
66559 2
67759 2
67989 1
68419 0
15180 3
16670 3
75019 2
66139 0
67539 1
65090 0
11140 3
69060 0
68089 0
66359 0
66649 1
66020 1
66109 1
67709 2
68269 1
75779 2
76359 2
79910 2
68848 1
13060 3
70819 0
69349 1
68029 0
75769 2
69219 0
15740 3
67199 1
68319 1
66889 0
70319 2
67659 1
12620 3
11040 3
68109 2
66399 2
26090 3
10520 3
72399 1
72089 0
15190 3
70729 2
9850 3
10860 3
69839 1
17230 3
72679 2
66699 0
12760 3
11880 3
67739 2
72249 0
69939 1
70349 2
73350 1
70469 2
10068922 2
15959 3
62849 2
2730828 0
60559 1
12010 3
62069 2
77919 2
11510 3
13060 3
65459 0
12760 3
67819 0
68539 2
11900 3
10730 3
67449 1
66010 0
10090 3
10590 3
72519 0
65179 2
10209 3
65010 2
9979 3
10589 3
11850 3
66040 1
66990 0
66519 0
11010 3
66189 0
76119 0
68159 0
66659 0
67460 0
66439 0
65979 0
69849 2
70950 2
68250 1
66449 0
10160 3
65769 1
66449 0
66000 0
66689 2
78049 2
68199 2
66829 2
65059 2
68788 2
68100 0
67619 2
68709 0
10940 3
66829 0
66029 2
65349 2
67149 0
65439 0
66829 2
66988 1
11240 3
71540 0
70239 0
10500 3
65749 0
66149 1
64929 0
63850 2
10120 3
64600 2
68859 0
64999 2
10830 3
72749 1
64310 2
70679 1
65390 2
10330 3
68049 1
80369 1
69989 0
11870 3
69299 0
67130 0
12220 3
11570 3
65299 2
65910 1
66490 2
67249 2
64389 2
69010 2
69560 2
67989 0
11620 3
67849 1
66669 1
9420 3
75509 1
10300 3
67999 1
69399 1
68899 1
68210 2
12460 3
13680 3
73140 0
16630 3
66500 2
68009 1
11790 3
65899 0
68319 2
9600 3
69969 1
10050 3
69619 1
66069 1
91830 0
12079 3
69470 2
11110 3
67729 0
9921354 0
801451 0
91079 2
65290 0
71039 2
71059 2
74839 2
75619 2
68509 1
13629 3
68449 0
74388 2
73529 2
69039 0
76449 2
20090 3
67409 0
77189 2
77899 2
69669 0
76089 2
67950 0
67349 1
11990 3
70819 2
66139 0
67599 1
66099 1
10740 3
70209 2
68509 0
68199 0
69719 2
76989 2
10310 3
10110 3
66699 0
9610 3
69639 2
66600 0
9420 3
67749 1
10709 3
67259 0
71419 2
68159 1
67899 1
67480 2
10170 3
69110 2
68859 2
69239 1
67369 2
76109 1
68980 0
10130 3
67660 0
65040 0
68599 2
67449 1
68519 1
68360 2
73010 2
76009 2
67629 0
67159 2
72880 2
67390 0
75019 2
10330 3
9631 3
915359 0
76809 2
11320 3
67679 1
66489 2
67059 1
67989 2
66910 1
67579 2
67559 2
69609 2
70100 2
66809 2
67669 0
68079 0
67879 1
74799 2
67160 1
65949 2
68699 1
67579 2
67519 1
66729 0
66859 0
65089 1
65609 0
71379 0
12710 3
66199 0
67990 1
66299 1
67749 1
71159 0
65100 0
10791 3
67730 0
67429 1
66849 2
66529 1
10400 3
66979 0
67250 0
65270 0
66339 0
67699 0
66210 2
69629 2
71239 1
19389 3
2078175 2
12080 3
63639 1
69340 2
67170 1
67859 1
68659 2
69789 1
67789 0
66709 0
65359 0
69739 2
11820 3
69369 2
67729 0
11669 3
70460 0
759440 0
68299 1
12650 3
163549 0
77479 0
11840 3
66649 1
9180 3
11129 3
66169 1
