12078928 11
38210 10
40920 9
503266 11
366197 4
455037 6
66209 11
918503 4
245838 8
57329 11
124759 8
32270 9
70730 11
320768 3
75539 7
285288 0
763674 0
369887 3
711855 4
247228 5
53699 11
405657 3
654915 0
299578 3
373697 3
74950 11
68549 7
582566 6
83819 8
890733 0
397767 1
162299 0
167609 4
167619 0
157539 0
27980697 7
66160 7
593135 5
38880 10
30860 9
308368 1
279038 2
234768 0
247829 4
56120 7
36890 9
233658 6
57169 7
173449 5
82539 8
209238 5
226318 1
171909 4
26210 10
253398 1
32169 9
95030 8
324367 3
69250 8
68979 8
67930 8
37029 10
164538 5
188249 4
163559 1
169759 3
180409 3
182519 5
175089 1
150739 0
177949 6
32109 9
46860 10
171999 1
142139 0
34699 9
162768 3
161309 5
149899 6
38140 9
56089 7
160039 5
155099 6
168358 4
149999 1
166139 0
32400 9
166198 6
50210 7
158899 5
152599 2
71379 8
326388 5
189818 6
173439 6
196129 4
11446603 11
231889 2
257149 2
308967 3
232328 5
170069 0
27090 9
238658 2
223688 6
252089 2
37150 9
73340 11
230528 5
183129 5
17388868 7
35270 10
353357 4
332767 3
490376 6
381527 4
30880 10
186418 6
174039 3
307078 5
350987 5
234408 0
209478 3
79009 8
161169 5
196578 1
71570 7
16438275 11
256419 1
78879 8
64180 11
80919 8
61449 11
204659 3
260548 1
50809 11
51819 11
84630 8
158694412 7
182409 8
674485 6
226028 2
69179 11
605856 0
95409 8
518076 6
66849 11
80989 7
890533 1
667045 1
312518 2
717004 1
105100 7
131830 8
602975 5
342057 3
52630 9
356867 4
459847 3
395866 3
715824 1
60810 11
220968 6
253708 3
59810 7
235648 3
674465 5
9998874 11
98759 8
102659 7
119239 8
660145 6
462277 6
206859 0
224468 2
130099 9
554936 1
70430 11
569586 1
629115 3
75829 10
1004892 3
865604 3
41660 10
91320 8
441687 4
365548 0
270578 1
84030 8
415977 6
516997 4
35889 10
195789 3
649015 4
777224 4
256818 5
52430 9
221238 2
196019 1
158889 1
9335419 11
44290 9
101869 8
383237 3
501186 2
313148 4
659325 5
202448 6
455397 1
52249 9
76780 9
315498 1
35890 10
39420 10
575316 5
595156 0
76020 8
39580 10
488906 1
126848 7
217159 4
36820 10
748044 2
131559 8
135649 9
267298 3
121669 7
472196 1
90910 8
131088 9
423616 0
93019 9
492356 2
92669 8
274718 4
777214 3
60770 9
211228 4
100709 11
451127 0
213418 5
57010 9
42690 10
391808 5
83730 8
235808 6
298008 5
387177 2
235948 6
211249 1
58240 9
291748 2
47429 9
206139 6
303848 5
74710 11
372357 2
325378 6
77719 8
34400 10
77919 9
221008 3
148499 6
5571918 7
524386 3
582786 5
44259 10
455667 1
82879 8
74549 8
77952037 11
35131982 7
846903 7
3937250 11
181179 1
424397 5
393117 0
86129 9
556845 0
123379 9
170828 8
254878 2
941273 2
799874 0
473266 4
428526 2
549236 2
95919 7
40250 10
377337 5
280158 0
751874 2
292418 1
589926 5
73439 11
68949 7
245707 0
270667 1
322318 0
271008 1
774274 5
49750 9
299377 2
1479558 6
217969 2
226089 3
428166 5
256518 2
130979 9
168110741 11
398226 4
76979 11
304557 1
761564 0
122799 7
946903 4
79179 8
90410 8
84399 11
70879 7
374317 0
389117 0
221749 1
986422 4
194889 5
280298 5
555746 3
304717 4
645945 4
80519 8
491536 3
842693 6
77480 8
164619 8
216839 5
263348 2
152209 8
393257 0
47379 10
102199 7
408717 2
45019 9
260538 6
36940 10
656555 5
193698 4
47130 9
562846 6
7339674 11
308158 6
432157 5
98370 7
355947 6
748154 5
279008 5
67559 11
824944 6
595445 5
403897 3
52309 11
293328 2
242618 4
52700 9
74029 11
244458 0
60410 10
118569 11
88899 9
521626 6
92979 11
61939 9
79199 11
92190 9
833173 4
487487 1
56249 10
109120 11
107919 7
904784 2
346797 2
319987 4
892363 6
260808 1
618075 4
261988 1
46579706 11
295077 4
476056 1
74629 7
39580 10
1195070 6
241828 2
149928 8
651086 0
59479 10
54560 9
121079 8
102759 7
929123 6
27740 10
420107 4
35169 10
52020 9
81449 7
32250 10
1148841 0
88390 8
56019 9
35810 10
188269 2
91609 7
222698 3
109189 8
152499 3
58050 9
186628 1
134249 11
96009 8
106309 8
476196 4
303758 0
175398 6
479656 3
181489 7
143679 2
352658 0
79960 11
185088 8
238018 4
97549 11
332258 3
410087 6
101670 8
10585419 11
29980 10
76959 8
216198 6
394517 3
156749 4
407687 5
138199 7
108259 8
106729 11
149468 4
326108 4
145149 0
449307 2
605996 2
169929 3
128399 4
439617 4
90929 9
107119 7
37989 10
755074 2
395446 6
277787 2
262929 2
346418 2
392947 2
160069 8
180628 8
43090 10
152189 2
413926 0
35550 10
510937 6
266349 4
555146 6
357177 2
683064 3
149999 0
284728 0
137419 9
9256450 11
151259 0
147339 0
200779 4
372067 6
185519 6
129919 11
391537 1
170338 3
294738 8
68399 11
449947 2
358697 4
468327 4
195198 5
160449 3
85759 8
245048 1
220678 5
168449 5
107640 8
638045 3
121849 11
132409 8
482266 1
205409 6
257669 0
44230 10
216289 5
26211 10
52570 11
58330 9
286298 4
291528 4
153599 6
162269 0
37069 10
170948 7
85270 11
363848 5
355677 0
156349 8
165569 4
171519 2
281278 1
46520 10
329187 4
339518 0
54799 10
227698 5
134668 1
57819 9
348817 3
147038 1
127939 1
103060 7
91000 8
123039 2
25680 10
52899 7
128019 0
126499 0
104370 3
124399 0
51719 9
119609 2
87700 8
66919 7
151709 6
34080 10
96019 3
73679 7
193879 3
102189 6
201159 5
122769 1
110959 6
94579 5
91949 3
58590 7
86429 5
88380 6
6473340 11
190639 6
187298 3
317968 3
219658 1
273898 5
366328 1
277769 4
89659 11
128589 9
199008 0
216729 7
206598 3
226838 2
292608 7
51330 10
305617 7
506766 4
161338 2
265928 1
261458 1
195329 2
188688 0
211299 2
263538 0
560425 0
43879 10
191239 2
79430 9
191809 3
255878 2
106900 7
182558 5
54810 9
90909 7
391507 0
74700 9
511546 2
45779 10
147068 11
127559 0
693445 3
386387 6
228768 0
98109 6
77889 8
81450 2
107280 2
113989 6
81129 1
9118001 11
339637 0
438037 8
100899 11
129769 5
220038 3
198828 7
154949 2
247908 2
124469 9
146429 8
403447 5
164878 7
160648 5
117429 6
146459 4
340868 0
167008 6
46250 10
167169 1
126419 7
143359 11
350107 0
122749 2
109929 1
154189 6
120149 9
232138 5
154959 7
138019 3
110239 7
173459 7
112469 8
166019 2
125259 9
66029 10
223278 8
46769 10
402487 2
367978 2
387737 0
464706 2
154489 5
147329 6
61529 10
340927 1
35899 10
173229 6
193168 6
225518 7
131639 0
33009 10
458606 6
115169 4
126799 4
248618 6
131069 4
9251280 11
86669 8
36580 10
170219 3
125049 7
170459 0
107399 8
343197 6
38070 10
198238 4
207959 4
35789 10
402497 5
235589 1
189798 2
196788 6
157378 1
250258 2
216939 7
244628 7
226168 7
132789 0
62150 9
159189 4
159259 2
372458 2
148478 5
65780 9
270428 3
175318 7
146019 1
91780 10
45730 10
160809 5
144759 1
130359 11
101609 7
227078 6
126290 0
116219 0
255789 7
363697 4
319688 0
182919 5
402707 0
92379 9
181449 2
357357 5
301088 5
118019 3
300448 3
183638 9
140529 1
204869 4
138858 2
8789124 11
85699 7
464196 8
209808 5
213798 4
114940 9
166378 5
347497 3
204299 4
108779 7
192059 6
275667 3
115239 8
453727 4
63490 11
363447 5
37550 10
145099 1
36259 10
244939 2
179629 3
156849 9
75569 11
256558 3
101229 9
101029 11
291718 4
228879 8
161188 0
40180 10
100160 9
228068 7
103859 8
307857 1
131668 9
498597 1
375817 2
102389 7
92810 8
395587 6
162059 0
85509 11
173838 4
243998 1
111360 8
40699 10
38460 10
184159 8
24850 10
43160 7
232008 3
193879 2
92099 8
244178 6
184379 2
234938 0
241428 3
131449 8
81590 7
275227 5
129349 7
34900 10
215818 0
606345 0
153859 1
121029 1
55970 9
188078 0
52530 9
133179 5
161238 11
259758 1
157209 0
226478 0
144988 8
232879 3
176299 7
292528 7
35990 10
225518 4
142749 8
77789 7
170009 0
39130 10
233138 3
193158 0
261249 4
204908 3
150969 5
62229 9
158729 4
98369 7
162419 3
313698 2
412396 5
172938 6
53780 11
49780 11
25280 10
48850 11
387097 1
226288 8
275698 5
519396 2
622525 2
254969 3
33249 10
65680 11
59979 9
103770 8
281488 6
400387 0
216069 5
293277 5
155719 8
11628702 11
99239 2
130139 0
318658 4
106000 7
136109 0
174428 9
39390 10
158199 7
51809 9
132008 1
175258 2
305568 5
85939 8
547186 6
163699 5
62699 9
167639 1
386327 0
76200 11
147238 3
188879 1
443436 6
798463 6
121519 7
172659 7
382067 1
79860 11
169118 6
297958 6
447747 1
182318 1
309688 0
154919 2
159078 8
403806 6
251498 8
185638 1
75300 9
110790 9
9882235 11
94979 3
103169 3
234708 9
103249 7
88670 7
128139 0
75329 7
77530 7
142579 4
110270 1
61949 9
109769 1
118590 0
85020 7
234878 4
67489 9
66000 11
72440 7
130750 5
104929 4
95789 3
175428 5
37489 10
51520 11
77629 1
89479 0
83339 6
75639 4
92680 1
50819 11
74070 0
31459 10
67829 6
25470 10
89769 3
80740 7
52089 9
27200 10
65619 11
26769 10
58300 11
65379 7
76270 7
231158 0
121139 4
98379 9
164409 7
148609 7
213188 0
140619 4
343618 5
151969 0
131069 11
216989 1
376337 1
112169 9
127149 8
175379 3
212208 6
213048 2
42139 10
209978 0
205349 3
120009 0
372167 1
275618 6
449837 6
44479 10
120220 0
252147 1
112839 8
126759 0
140289 8
312017 4
83420 7
154208 8
113520 8
52339 10
93639 5
90969 0
64249 10
87550 4
93899 2
39990 10
92409 8
63669 7
94419 3
9437258 11
166329 6
41300 10
244818 6
101519 10
303757 7
178429 3
167729 7
114819 11
93799 11
194629 5
105109 11
298278 4
68210 11
339688 1
117850 7
209048 1
121349 11
172749 5
51669 9
443727 5
129099 0
115929 7
70800 10
266149 5
243209 0
233498 8
68949 9
50020 10
146119 3
40089 10
120109 8
239918 7
126339 4
121219 7
276228 4
144039 8
60759 9
191949 6
