19189 8
10710 3
7260 9
7970 15
16910 0
10200 12
6520 7
7420 14
9320 7
4980 15
11660 1
880 6
7680 14
5360 5
5520 12
5510 4
12795038 5
10600 3
7549 9
6520 0
380 6
34770 9
260 6
7609 5
8509 13
34020 8
10590 14
5600 12
5200 2
6069 12
14439 15
5550 2
10200 13
39359 7
340 6
17770 7
11950 14
4170 7
16279 2
31320 3
5130 0
13340 14
7870 0
7579 14
16019 10
340 6
7490 11
5140 7
3900 13
4990 13
4110 8
5660 2
11359 1
4071 5
12449 9
10700 0
10390 0
13960 14
15760 4
3320 7
21429 5
3780 8
22160 5
31389 10
320 6
14220 8
4430 0
50999 10
5170 12
3220 7
4910 14
9450 2
7759 0
37500 3
4770 10
11040 9
9609 4
12690 0
42650 9
4910 10
19959 5
3910 11
20560 1
17860 5
7549 4
25480 5
7860 3
330 6
16460 9
9629 8
8120 9
280 6
4000 8
3750 1
4890 11
5680 8
4130 0
7710 8
270 6
6610 1
3850 1
9070 15
8319 7
33200 8
260 6
10640 5
14680 2
8211 15
8549 13
10850 9
19810 0
7690 12
12980 11
4949 3
19439 13
16630 11
13059 2
22699 7
4990 13
9760 0
35369 13
4660 8
4650 4
5800 5
3490 13
16570 5
5780 7
7760 2
2690 7
3539 4
3649 4
5500 12
5219 7
4870 14
7430 0
4700 15
12720 11
3600 10
5810 14
8070 14
7449 1
3980 7
5100 3
4850 2
13790 12
10550 8
6960 8
6160 8
3920 0
24320 5
10650 3
6020 9
12420 13
6150 4
9020 13
3809 9
271 6
19809 1
14640 7
3660 8
48109 15
4280 2
6270 4
3620 10
10450 0
12610 10
3820 0
9859 8
7450 10
21890 14
280 6
260 6
4140 3
9679 10
7000 1
23280 12
8460 5
9730 13
6580 13
18679 5
5070 8
11620 15
18410 14
7870 13
7409 10
5500 5
3580 11
5030 15
49560 7
16099 0
10910 4
280 6
4870 5
4170 8
270 6
29660 12
38830 0
9950 2
4590 4
16019 8
22130 7
28150 3
23689 12
16320 7
5170 13
6370 7
280 6
4280 0
4930 5
23949 2
8440 2
8930 14
8580 9
8540 7
15100 9
4569 1
3750 3
280 6
10080 1
8790 9
6180 9
12970 1
10319 12
3760 9
3720 5
10699 1
8630 1
4870 12
3720 9
9320 2
10620 7
51099 2
320 6
9700 13
12290 12
4269 0
5249 0
7440 12
6540 7
25560 11
11350 9
2789 7
6091 8
11219 3
10270 11
4280 7
8850 10
4570 14
6170 1
11359 8
46160 8
40949 12
3910 1
4710 1
5240 12
8690 5
6520 8
300 6
5149 9
15719 7
11040 4
9070 0
8350 13
5130 8
3880 13
3830 9
10159 5
38460 13
5360 5
5740 15
290 6
5680 12
8520 2
9209 12
3680 2
21200 2
18410 5
19819 9
7570 1
13130 15
8190 12
20510 9
3991 2
360 6
3640 13
5669 12
4920 4
11350 9
50679 10
65439 14
3810 11
17110 8
22000 9
5660 14
3649 10
8759 4
16560 15
31319 11
10660 10
4840 1
4340 10
4130 13
4180 13
8790 5
6010 5
4000 15
3700 2
3940 0
4079 7
3780 1
4680 12
5989 8
5250 3
270 6
4730 3
5320 13
3540 1
3570 8
14130 0
5110 0
4550 4
3659 8
4720 12
6140 12
3809 9
5650 3
4400 1
5110 1
3920 5
6830 3
5530 0
5380 2
8289 1
4791 2
3789 12
3400 11
3799 7
5200 12
4730 13
8490 1
290 6
3180 15
2540 7
4320 3
4950 14
4100 3
5180 5
5220 15
2491 7
5271 14
4489 0
4180 9
3970 15
3850 0
3830 14
3610 1
5060 7
6310 11
5740 8
3310 11
4750 0
4079 11
6080 3
6440 2
6669 0
3950 14
5780 2
5090 11
4120 10
3920 9
4690 13
3370 2
4140 1
3730 15
3630 3
7059 11
4460 3
5739 5
8650 9
290 6
3720 3
3860 15
3470 3
5620 9
4990 3
4670 11
6160 10
4629 5
5100 11
5800 10
6110 0
4190 8
13030 1
4460 7
4770 14
2890 8
3450 5
4180 2
4020 4
6539 5
4060 1
4811 9
4200 1
3180 9
5960 5
5810 2
5490 1
4130 9
4200 4
3920 5
4220 2
6550 2
4559 3
4400 5
3051 7
3809 8
4020 12
3100 4
5100 1
2920 7
5240 2
4080 3
6230 5
5130 10
3930 10
3350 10
3860 14
3640 13
3780 9
3951 1
4500 9
3979 3
6480 5
5560 8
5180 0
3310 8
3020 4
3980 14
4800 7
280 6
3630 11
4880 5
4659 10
4689 9
4540 3
4900 4
3280 15
5050 0
4670 11
5580 12
5440 5
4990 11
5740 11
4400 1
290 6
5430 4
3720 2
3111 7
5571 3
5420 9
4930 12
4300 9
2710 7
4410 8
3370 14
300 6
3870 5
300 6
280 6
6230 11
3770 10
4230 7
4050 9
3650 1
340 6
3820 13
6931 13
6700 12
5060 5
5240 15
330 6
4080 2
3200 4
6400 0
5250 5
310 6
4210 4
5230 0
17539 11
5240 3
3980 3
4310 1
6690 14
4210 13
5940 12
8280 15
4950 7
4570 9
3629 9
5720 10
5309 11
3590 10
3580 13
3810 3
4720 7
3740 12
10420 12
4250 4
5340 5
350 6
3810 10
6010 2
4160 9
4420 7
3980 13
4419 15
5550 14
4180 10
4370 5
4630 8
4570 12
3890 15
4390 12
3230 10
300 6
3130 10
7050 8
5980 3
3611 4
5929 0
300 6
5400 0
4190 4
3370 3
4650 0
4510 1
3830 14
3550 10
5230 2
7250 3
280 6
3450 0
5069 14
4800 4
5260 8
3440 12
5440 15
5000 1
4060 11
5100 1
6760 15
4080 10
3560 3
4970 10
7950 12
5909 0
4280 12
3610 1
3860 5
3470 7
4180 3
5690 13
4050 12
5980 15
3830 9
300 6
300 6
5050 12
4570 11
5030 15
4931 8
7840 8
3730 10
6100 3
5120 0
3500 11
6790 8
4120 10
3750 1
3110 11
7400 2
6320 0
3980 5
4111 14
300 6
4211 10
3659 3
11400 7
3800 9
4500 3
4720 15
4050 5
5270 10
7090 15
7479 11
10471 1
10139 8
4760 13
5200 15
5860 15
4760 2
5540 12
4620 11
4000 12
3370 11
4149 13
4231 2
6091 8
5810 1
6310 1
6380 12
300 6
4650 9
3880 12
4520 3
6400 9
4270 12
12439 4
3629 10
6499 1
4990 8
4900 5
300 6
4600 10
5320 11
350 6
5650 4
3700 5
4510 3
6580 11
4470 0
3819 0
7380 3
3819 8
3530 8
7750 11
5240 4
4370 12
4650 9
5430 11
5000 1
4620 14
4640 10
3779 8
3840 11
6591 5
4259 9
4050 14
11260 14
310 6
7250 7
4910 8
4880 13
5360 11
8800 14
8719 11
3331 14
309 6
5810 4
6450 4
3860 11
5800 2
3740 5
4600 8
6710 1
4000 1
4930 10
4030 11
3969 10
6040 9
3491 4
3549 14
5630 8
4460 1
6730 0
5990 9
290 6
7160 15
3040 5
5360 11
3220 9
280 6
6469 14
5280 4
3831 14
4179 4
5930 2
290 6
5960 14
270 6
9680 13
4630 1
4220 8
4290 0
13269 4
4640 14
280 6
3260 11
3790 5
4790 8
4200 8
5870 0
4190 11
5460 3
3670 7
5290 4
4990 0
4410 4
6219 12
4471 5
3980 11
4469 14
4160 11
6120 2
6580 5
6270 15
4960 13
4360 1
4860 7
4440 15
3480 13
4989 12
3560 12
4600 7
229 6
9209 1
5030 14
3960 7
4780 9
5700 1
8910 11
3460 5
5130 9
5570 4
6270 12
6829 12
5190 13
4080 8
3870 3
12440 10
3990 11
5040 1
3910 13
4620 15
4350 3
5380 8
3389 1
4971 4
3940 3
4629 13
4880 1
7790 2
4170 10
4470 15
5030 13
3910 8
3370 14
3650 8
4830 7
4460 0
4500 11
3509 8
4710 14
310 6
4080 2
4440 8
310 6
3750 11
4410 12
5890 11
5150 7
5340 0
3150 7
3060 11
3930 15
3120 15
4250 11
4400 8
3820 14
4539 10
4740 15
3970 8
5810 0
300 6
4890 11
3230 13
6160 11
4240 7
300 6
3770 15
5290 11
6339 2
3391 9
3909 4
5010 1
5300 4
330 6
5490 8
4190 2
6400 3
4560 11
5470 9
4830 2
3560 1
4340 2
4680 5
3511 8
5749 8
4950 13
12190 11
3620 11
4380 15
5480 1
6580 7
4890 7
3670 1
3300 7
4850 15
2800 7
3909 11
6709 11
4770 7
3110 8
4520 4
4500 11
4320 2
6630 7
4070 10
7170 13
4290 7
4630 5
3169 12
3720 5
3711 7
4199 2
5960 3
6520 2
5030 8
6560 13
4490 14
5420 15
5260 5
3800 9
5109 2
4271 1
3520 8
4329 10
5370 13
3490 12
5880 1
4230 4
3410 14
5510 9
4890 9
4400 15
5860 3
8400 10
3911 2
3620 2
4600 8
4539 5
7900 3
5460 15
330 6
4620 12
4370 0
7100 1
340 6
8420 2
290 6
4020 10
4560 2
5840 2
3389 8
4940 4
3490 14
4170 8
3640 0
5780 13
4320 11
3910 11
280 6
4940 13
2990 8
6340 7
4670 12
5620 8
6680 11
5189 13
6440 4
5470 5
4040 15
14250 10
4630 0
8390 11
4080 10
4589 1
3960 12
4031 3
4190 8
3960 13
13750 7
45809 11
5590 4
6520 15
3940 7
5960 3
4080 4
3960 0
4540 5
4740 5
5330 2
4230 12
4860 10
6010 12
3990 7
4740 2
5840 3
6920 14
3580 11
3000 4
4280 11
4210 14
6330 5
3260 10
5279 10
3451 2
5549 12
3530 12
9720 2
3680 5
4130 13
4200 7
9090 11
320 6
4770 15
3540 2
3370 12
8770 2
5060 9
5580 5
6100 15
7320 11
9310 4
4470 11
6570 15
4630 4
3470 10
340 6
3510 2
4640 14
5240 1
7090 2
4920 2
4920 13
7560 15
5930 9
5800 13
5520 4
4290 4
5160 14
5569 1
4240 9
4120 15
9090 9
5660 2
5050 12
5380 0
3720 2
4520 2
4250 15
6350 2
3690 10
3020 7
3570 5
5429 11
4900 11
3389 1
4590 2
4340 13
3810 11
8420 0
4610 12
7060 13
3830 14
7850 12
3460 4
4720 11
3831 4
320 6
7780 7
4660 10
6260 15
3530 9
5530 8
2830 7
3820 8
4340 9
5830 11
148847 0
