15059 12
431 12
81399 1
43380 5
26560947 11
10030 3
4900 8
5630 1
4230 11
5000 6
9010 3
11469 9
8091 8
8249 13
13169 0
69924787 15
15990 1
5000 9
5389 3
9300 9
4380 6
580 12
8610 13
3040 11
6570 10
97459 10
7460 14
4040 2
157378 10
52240 15
6360 14
7960 14
5310 5
8010 10
4230 4
11929 6
6960 1
11570 5
8870 14
5530 6
4000 5
8300 1
5880 3
8260 3
6080 7
7110 11
440 12
3460 4
13240 8
3410 14
16870 9
3520 15
6910 13
3980 10
17119 0
4611 8
5640 9
5140 10
6828667 11
23910 11
7750 0
10930957 7
15109 2
8320 6
8240 8
4609 4
6870 7
3870 15
5710 14
7320 5
6990 10
8840 6
5840 13
55950 9
6960 4
4651 15
4500 3
7400 10
7450 3
3080 14
6846158 11
9410 3
7090 13
7750 6
3880 15
4310 0
4160 9
6530 3
3890 6
69429 13
4010 9
4850 9
8500 8
15120 9
4470 5
3860 11
12480 14
12480 15
36560 5
4540 10
580 12
12329 2
9542038 7
9509 7
380 12
4920 6
5800 6
17280 10
4280 4
500 12
2940 7
9020 10
19540 10
11080 9
9030 1
4490 2
9690 5
7460 0
6810 14
3070 7
9871275 11
4859 4
7720 3
3740 1
7270 4
9993074 7
60020542 9
6510 5
5490 6
4460 1
6490 10
980 12
4560 2
10050 14
4229 0
26829 9
4060 9
10910257 15
6120 5
5260 9
3400 15
7550 14
5450 1
37150 10
5299 4
12840 13
8820 2
4089 1
10280 13
4040 2
4690 1
400 12
5160 2
8189 9
4920 4
19480 2
3369 9
40196944 11
18460 5
17309 3
7460 1
16460 6
7930 9
5760 0
5740 5
9290 5
7960 6
5580 4
5800 6
10300 5
12050 14
9769 9
3620 11
8120 9
170559 4
5710 0
17060600 15
9530 2
6040 4
7970 8
4960 6
10120 4
5520 4
50119 14
4370 15
2630 11
6720 3
16840 6
4250 3
21130 9
7070 15
4250 15
9844314 7
589 12
8411 7
9968704 15
4580 1
4060 8
4380 0
10529 6
5050 14
13610 0
4710 3
10079 1
3029 11
5980 3
4451 2
5420 8
3620 15
4950 2
11540 0
470 12
4000 8
410 12
4780 14
3080 11
3850 14
7108136 7
6100 0
29997651 15
8070 0
19960 15
6310 5
4010 2
3930 2
10240 8
5260 4
3920 4
4520 5
4649 5
4280 6
6289 2
12790 14
22720 9
4570 14
4340 1
3220 2
410 12
3240 15
9837305 7
300 12
5150 10
12530 2
11110 14
8829 8
3591 2
4880 3
4600 10
6220 1
5800 1
8640 10
4420 2
4130 5
3710 10
5380 0
4480 5
4300 0
5400 6
5640 6
289 12
6680 14
3860 4
6630 14
10130 7
10050 4
4370 6
13300 6
6350 7
3300 7
14840 14
7790 10
4730 4
9420 14
6836018 15
1021992 0
5070 4
4410 5
6120 5
9891 8
8260 5
11459 15
4410 4
2610 15
9410 6
13530 13
9770 2
5200 2
8884002 7
3820 11
5070 8
10730 13
54850 9
4189 13
6780 5
4940 4
12211 3
7870 10
4120 1
9110 3
5120 5
7671 2
6320 8
5480 5
5880 13
5300 10
4530 6
6230 11
5180 14
6010 2
6800 10
8170 9
6450 5
3630 7
3590 11
4660 4
5490 2
420 12
12650 14
6060 5
19140 5
4160 10
5820 14
6800 1
13950 13
7310 13
5320 10
4710 2
310 12
4699634 15
10500 13
4020 11
5020 10
7580 7
12760 2
4680 1
6180 8
7740 3
3030 0
11220 14
10680 8
3460 7
10120 14
449 12
3420 15
4471 2
43559 8
10090 5
5130 5
5330 11
7250 5
8040 8
9070 6
4060 10
10970 4
820 12
890 12
5010 3
5220 14
4820 3
5790 2
6900 10
3470 4
3790 4
3070 2
7310 8
5070 5
8355847 11
11960 0
6190 3
12130 10
9249 6
4480 2
5849 6
7459 0
5900 13
68860 9
16590 14
8400 1
7810 7
3431 1
2660 11
4540 4
5909 11
9832805 15
6760 1
18489 14
4710 1
7640 15
77489 9
4080 0
3951 4
12051 1
7819 0
5530 15
4150 15
5610 5
9847335 7
8920 7
7070 2
9976964 15
5300 3
10410 13
26043641 11
9920 8
5369 9
12870 3
10890 9
6550 8
8140 9
3910 13
3870 13
390 12
6810 4
4140 10
4870 3
3520 10
3290 15
5420 3
1920545 7
4970 2
6920 0
4970 14
860 12
5670 6
4180 2
11650 1
5480 13
6230 14
7650 14
4910 1
7960 7
3720 8
55609 8
4260 5
6280 6
3600 7
4810 8
8840 1
6480 10
7050 6
2850 11
4120 4
13970 2
4760 3
28569 7
671 12
8400 4
8745003 15
11530 9
4660 5
5560 0
6010 2
6437821 7
5720 11
4470 5
5280 2
17300 3
7960 6
6860 3
8790 4
5000 4
11730 2
5030 2
7120 6
9904184 15
14670 10
37060 1
9955564 7
5110 6
4071 10
4671 1
5440 7
8961911 15
4670 8
10430 10
430 12
1007832 3
6700 9
6300 15
5240 6
9968664 11
5530 6
4740 6
78830 0
9339 1
6580 7
9190 14
6680 3
7510 0
4420 4
5000 10
8090 14
4740 0
98639 13
57170 0
4760 4
3270 4
2900 11
50659 0
5750 0
