242688 7
31450 0
27659 0
29479 4
29360 1
28510 4
29800 2
30170 7
63530 6
4940 4
33240 2
29680 0
29650 0
28080 3
26160 4
57959 6
4630 5
30890 7
27360 2
26040 7
36619 4
46220 6
18310 3
16000 1
41440 6
53050 6
29270 7
55019 6
4740 2
51140 6
24780 4
22339 5
25530 1
25080 4
6210 5
61260 6
4771 3
7640 5
30009 0
6250 4
43330 6
4680 0
5210 2
19390 0
19649 4
22850 3
18550 2
20500 5
23440 2
22190 1
15259 1
13180 2
15970 0
17920 1
13800 7
15610 4
13960 1
14850 2
21689 3
22200 5
27729 4
31200 7
24840 1
53019 6
4960 2
64890 6
29330 2
34320 1
33110 3
67339 6
29440 0
36770 0
35670 3
13140 1
34630 7
26189 3
4960 5
20490 7
23310 2
34010 1
32069 2
30700 0
29010 4
28990 7
25809 4
27080 7
25930 5
25200 3
42940 6
5040 3
26230 1
23800 4
24990 5
46850 6
5160 4
31640 0
32920 0
29370 4
25890 1
23859 0
23740 0
21220 1
16919 2
24930 3
49020 6
25180 4
22339 2
24600 7
56480 6
5570 7
21580 7
27049 7
36930 1
36730 7
31649 4
58239 6
4750 4
56360 6
4880 1
35799 5
29400 4
36680 3
43670 2
49780 4
24510 0
31749 1
29849 3
45520 2
33490 0
29839 5
37899 5
36150 3
43060 3
46269 2
93689 6
5400 7
28819 5
29150 3
57290 6
5240 4
32119 4
30889 4
24720 7
30840 7
36250 2
38500 2
37920 0
36380 7
33899 1
29480 2
23570 7
25070 0
25440 7
28380 7
53839 6
56800 6
28300 5
28149 0
72480 6
5440 3
67119 6
5080 0
26410 1
27440 3
27179 0
36320 5
68770 6
5030 1
28190 5
6480 5
30369 4
37590 3
30620 7
32779 5
5489 5
70399 6
4820 3
41130 4
53600 6
5540 5
31070 4
32940 3
29330 1
29020 1
26200 5
27210 7
30170 7
29629 1
22340 4
29670 0
24850 0
25730 3
29340 3
31060 3
45860 6
5070 0
22509 7
25009 0
26210 3
25070 0
22420 0
20970 1
21620 1
24910 3
21690 7
22190 0
25920 3
56560 6
5100 2
29600 2
25169 2
25550 1
29380 3
27130 7
24769 0
21960 2
28730 5
25110 1
25940 1
28749 3
68089 6
5660 1
27980 7
28239 0
23579 4
29960 7
26810 2
26200 3
22589 1
23410 0
23230 5
28350 0
21280 3
51929 6
5200 2
23800 1
37490 1
49659 6
4729 3
24150 3
21400 0
23480 7
23240 5
48159 6
6040 4
26710 5
26730 5
23250 2
23510 1
31549 1
22300 2
23470 3
30800 0
23319 2
25900 3
20660 0
17940 7
21520 4
18080 5
39159 6
22620 3
17080 4
16650 3
17210 3
18570 4
20189 2
21110 3
21150 0
20730 3
64589 6
5210 4
23500 0
28280 2
24580 3
47289 6
5210 2
24060 2
22330 4
24610 7
45579 6
5211 7
24290 3
24280 7
22750 7
5620 1
22620 7
43599 6
4940 5
24870 0
36680 5
27970 5
25100 4
20149 7
21100 5
25200 1
25270 2
32129 3
33389 2
29150 3
30070 5
19090 1
16060 1
14160 4
13860 5
15469 7
38960 6
5150 2
16140 1
13580 1
15230 5
14530 3
13880 5
15910 4
44130 6
5000 7
26690 0
26200 4
26290 1
27090 0
23640 7
27980 7
26539 3
28029 2
32450 1
38500 1
25309 2
25211 4
29449 0
25470 1
27470 7
56139 6
5320 3
26360 5
24380 5
52499 6
22440 5
25210 7
26390 1
47160 6
6410 3
24639 3
25250 1
31310 4
26690 2
12510 4
26960 0
28170 2
29270 4
26390 3
23170 5
22100 4
22999 4
23680 7
21910 7
24220 7
26450 4
27530 2
28589 0
25799 0
24320 5
38960 1
22939 4
23990 2
24080 0
27340 3
26890 0
27149 0
34089 3
42820 6
50169 6
6151 3
25239 3
26950 1
30130 0
27490 7
58319 6
5310 4
29110 5
63100 6
4869 2
28510 1
29090 2
41830 5
29199 1
69159 6
5710 4
25680 2
24140 2
71580 6
5520 1
25010 3
28169 2
21360 5
37130 2
26950 2
25160 1
26880 5
28960 3
28300 2
26670 5
15809 3
19950 1
21140 7
41450 6
26180 6
46889 6
5180 0
20150 1
20690 2
22270 7
21211 0
23129 4
28480 1
27090 5
51369 6
5040 4
15019 5
16930 0
23360 5
22520 2
22130 7
55099 6
5610 1
38450 6
4740 4
24070 1
20240 4
21049 4
19160 1
18990 0
20670 0
23430 4
25039 4
43199 6
5320 1
24770 2
24730 4
23649 2
23019 4
22290 2
39260 6
4710 0
20840 4
23489 7
24700 5
50570 6
5360 5
19010 7
31499 6
5011 4
26629 7
21589 3
19990 4
20140 0
25450 0
51360 6
5140 1
27979 0
33080 3
26490 2
24720 5
27210 1
50810 6
5320 2
29330 2
23620 4
21630 2
24720 2
22960 1
23270 3
25730 2
25420 5
66359 6
5540 5
24770 2
32339 5
21460 2
23850 0
25720 5
22010 1
23449 5
43770 6
5100 5
17140 3
16830 2
15980 0
34490 6
5220 7
18439 0
29630 1
21350 0
22320 7
32320 4
24180 7
44379 6
5230 0
18900 7
16620 2
17410 7
16280 0
