36910 6
1060 2
15200 1
13050 0
16450 3
4420 3
5930 9
19690 11
9180 8
5850 8
4730 9
6340 11
3960 6
4320 5
5420 10
7689 10
3320 0
10059 7
5690 10
3620 6
2740 3
520 2
19550 1
4990 6
4710 0
10170 0
5660 7
4480 7
9660 5
5150 3
5660 10
9070 0
4560 1
4630 5
4820 1
4220 7
4991 10
4389 7
5289 1
900 2
15560 1
11240 11
5770 0
3790 3
400 2
4420 3
4399 10
5289 0
4911 8
47910 6
14700 8
5070 7
7120 11
5680 0
9869 3
11411 3
4700 7
5900 5
5980 8
9030 10
3980 0
9270 5
800 2
4530 9
590 2
5280 11
5310 3
13329 9
5040 3
5190 7
4430 8
5460 0
5840 7
5520 9
4200 9
4440 7
9240 7
66979 6
4799 6
4690 8
4310 1
5260 11
5330 3
10220 5
5680 10
5870 10
7189 4
3991 11
4511 7
4000 10
5639 5
4620 10
4680 0
4670 6
460 2
3710 7
7080 1
3780 1
4800 6
4970 0
9090 11
7120 9
18910 8
5420 6
5990 5
5070 6
4409 6
5089 1
560 2
5780 7
6120 0
3970 8
7520 4
4540 5
500 2
4120 7
4750 11
5110 9
8339 0
5580 8
4691 5
3540 3
3920 9
7530 0
460 2
3060 3
4830 3
4220 7
9320 1
480 2
5800 1
3830 6
5150 8
560 2
3940 6
4440 5
4360 5
5470 9
6060 3
530 2
5650 4
4390 9
5640 9
4320 7
5240 8
4870 5
4020 7
4949 11
21549 3
9130 11
9499 5
7500 8
7520 11
6040 6
670 2
5640 11
7080 5
5340 5
4100 4
5679 5
4571 8
4351 7
5780 7
5590 4
7160 1
5120 7
4210 10
4610 7
6060 8
6240 6
4590 9
7300 8
62108 11
5320 4
8510 5
5840 10
6230 0
7740 3
6010 5
6050 7
4210 7
5520 7
4949 5
5460 11
65969 5
1270 2
720 2
4140 9
8170 4
4670 3
4420 1
7370 2
4560 8
3640 11
4250 1
560 2
3680 3
430 2
431 2
5160 7
8960 7
4000 3
7840 0
8630 1
610 2
5790 8
7270 7
5420 5
4100 9
4700 6
3931 5
5159 1
7660 6
410 2
4840 4
5560 8
5830 8
4290 3
9090 3
4480 7
5490 5
57569 9
5770 0
469 2
6120 7
9500 0
23480 5
3710 1
3660 4
5000 8
4000 7
3920 0
11229 1
5471 0
4939 11
4190 3
4900 6
7230 5
26870 5
4830 8
4229 7
4711 9
5959 1
5080 8
15330 0
6300 6
3590 3
3090 3
9230 1
4329 11
8189 7
8190 6
6180 3
4930 4
5990 11
7400 1
6900 1
380 2
13479 8
6450 6
6140 9
4610 11
5290 1
4870 6
4250 4
25600 7
48849 8
4890 0
3370 11
390 2
3589 11
3580 9
3660 7
7129 6
270 2
6500 1
3510 4
4510 4
4650 8
4210 11
5910 7
4890 1
2650 3
3900 7
4900 5
3700 4
3320 3
5800 10
4470 10
4760 7
8900 6
4090 7
18610 8
4140 7
3330 3
3209 8
4060 7
4800 5
3910 1
4070 8
9350 10
5740 11
7890 0
5570 8
4990 4
5020 4
4180 10
10330 3
6180 7
3920 0
4020 10
4180 1
8360 3
5040 10
5050 1
4089 10
2951 3
3589 10
4760 8
3880 11
4580 5
5500 6
5660 0
5010 10
6360 9
4180 10
3150 4
5940 0
5660 6
4549 6
5000 1
3829 8
4230 6
7910 9
4930 4
4730 4
4610 8
3620 6
530 2
7950 0
8520 6
630 2
5510 7
5289 9
4780 11
3100 3
4600 9
8860 11
6270 10
3750 1
11749 10
5030 5
4850 11
7830 6
5990 6
11340 4
12570 1
7029 10
5570 3
8020 11
5180 6
6670 6
6750 6
5590 5
5600 4
5779 10
5840 1
4360 4
6320 4
12940 11
9870 4
4900 1
4500 10
7230 11
14449 1
15180 9
4700 11
5400 1
3770 3
4840 8
4180 11
4650 5
7950 10
5990 7
5580 0
4080 11
511 2
3839 7
7130 0
4350 0
4400 1
3310 3
4400 7
4980 0
4690 0
4270 8
360 2
4890 7
9149 7
3411 3
13199 6
850 2
6630 6
7970 11
6840 7
5970 5
6920 0
5399 9
6280 8
6269 7
3570 3
6040 1
670 2
4720 11
420 2
5620 10
4820 4
4590 9
4890 10
2920 3
5180 6
4960 10
4429 5
3900 10
4880 1
4120 3
5570 4
4630 1
5000 10
4960 9
5250 5
5040 10
4430 7
8730 9
5690 10
6949 11
3949 4
480 2
5420 8
5460 0
5750 0
4740 10
4690 8
3770 0
5110 5
5420 11
490 2
6050 7
5559 3
4960 5
980 2
6950 9
7290 8
4840 4
5820 10
5120 8
5110 5
10200 6
6180 10
3269 3
620 2
5880 6
12329 1
3890 9
5650 5
4070 11
420 2
3900 3
4280 4
4190 6
3450 3
4120 3
520 2
3810 7
7249 11
4880 11
440 2
280 2
4580 5
5230 5
4070 3
490 2
5570 7
4960 0
3700 9
4540 6
14410 6
3920 6
6040 1
420 2
3749 3
4189 6
4300 1
7590 1
4580 6
13670 10
10130 11
3930 1
4620 7
4991 11
