129549 1
60099 6
51579 2
46519 3
56049 0
51849 0
52829 5
50699 3
49330 4
47129 2
47590 0
47999 4
58620 3
47440 1
48619 3
48420 7
47809 3
48900 4
48589 4
51809 1
56649 5
52489 1
52980 0
49810 3
51119 6
50230 6
56229 4
52649 2
52079 0
49439 6
48750 5
58629 1
49439 7
46489 0
51789 7
47570 4
41389 6
47150 5
46699 1
40850 4
40429 3
41640 7
38649 1
40860 2
41489 6
41740 3
40169 3
44750 2
42629 6
42900 2
43699 1
42140 5
40369 2
41520 7
50539 5
39980 0
41319 7
42040 3
44289 6
39050 1
42619 7
39600 7
39159 1
39100 7
44869 7
38880 3
40310 1
39270 7
41210 0
40650 4
41770 1
40860 2
42720 5
43039 5
38859 5
42109 5
38960 0
43319 1
53689 5
48019 0
42290 3
41680 0
41829 6
43130 7
46140 5
45179 1
44489 0
47630 7
45729 5
48730 7
43119 7
41540 1
41679 7
43340 6
42199 5
43850 5
41379 1
40930 7
42299 7
42840 1
44389 6
46300 1
42239 1
42990 2
40669 6
43090 2
41309 0
42150 4
40249 0
41230 7
39899 1
43460 3
39729 0
41140 1
38329 3
42010 4
38439 1
43120 7
39579 1
42510 1
40249 1
42340 6
44209 0
40360 4
40409 0
56500 2
48929 4
47699 4
43929 0
45720 7
45560 6
43629 3
42679 6
46730 3
49610 1
41919 2
43220 6
43079 4
42740 6
39179 0
40990 7
41289 0
44760 4
41130 4
40640 5
38330 3
40690 5
51269 7
50499 7
52369 1
57450 7
47300 7
51439 6
46550 3
48939 4
45190 6
44649 6
48570 1
48349 6
46809 4
44580 7
44209 3
40699 0
45210 1
44409 1
50979 4
43660 6
47889 7
53180 4
48109 5
45229 4
49709 1
53679 0
48490 4
45199 4
41560 2
43189 0
44480 2
46409 6
41970 6
43189 0
44490 2
43609 5
39850 6
44319 2
45430 2
46590 6
46180 6
47390 7
43650 1
53990 7
40889 0
42450 1
43599 3
40820 7
41039 5
39550 0
40760 6
39410 0
40730 2
38720 0
41989 4
38249 3
41780 4
41040 3
41400 0
45319 7
38270 6
43599 6
41050 5
45539 6
40360 6
42229 2
42260 3
10071911 4
51550 2
54099 1
48860 1
50410 7
48099 6
47749 7
46879 3
44720 2
53319 1
50440 0
45210 5
47830 4
45140 4
41469 3
50530 0
53829 2
49180 3
42829 5
47020 5
55649 1
50839 4
50700 5
54859 6
58700 6
52560 0
51909 3
52289 6
50720 2
49859 2
51050 6
47639 2
53130 3
43750 4
50700 0
41420 7
51269 0
51379 0
50989 1
50739 3
59009 1
50479 7
43150 1
50119 5
51300 6
50229 0
47530 3
51760 6
61039 0
56530 7
59590 6
51269 1
52669 1
63659 2
63899 7
50979 3
55409 0
56569 2
71419 1
64550 7
59539 5
57469 1
61059 3
63779 2
58409 7
57359 1
59950 6
58329 5
56799 0
48310 7
54209 2
57839 6
55419 5
60999 2
60659 5
63279 6
53250 5
52629 3
57120 5
48889 7
59019 5
61289 7
53899 1
57340 5
52719 6
58589 1
49829 0
52190 4
54049 0
54870 2
54399 6
65269 1
67129 1
77799 6
72209 2
66489 2
65769 3
57729 6
58399 1
59799 6
54889 0
56570 7
56969 4
54439 2
51200 7
51859 2
56140 6
47899 7
55489 5
68369 3
60469 6
51099 5
62749 3
53890 0
53379 6
48939 1
51420 3
46439 0
47460 7
50999 2
48010 6
51789 1
48039 0
51289 1
48339 0
45150 7
52059 3
51920 0
53629 0
56699 1
48520 2
45459 2
49020 5
46620 1
45330 3
46970 0
57399 6
48740 2
48409 2
46949 6
51580 4
48009 4
54160 5
46459 6
54510 2
52199 6
47379 5
47809 1
49859 6
57980 3
51619 2
51359 4
46470 4
46649 0
49980 6
44269 2
43150 0
45889 4
46890 1
49739 0
46959 0
50689 6
52199 7
61680 5
79020 2
59949 2
60649 2
57869 6
69710 5
75539 0
58859 5
56399 4
55059 5
52439 1
49140 0
51769 1
51009 3
53450 3
55749 3
52339 6
60309 0
57579 6
53749 7
50290 5
46319 0
49770 1
10070902 1
49740 0
50369 5
43130 6
43259 4
45060 3
48219 7
43530 3
46709 0
52329 0
51399 1
53819 0
45090 7
49559 4
46590 4
45179 6
42860 5
45439 1
48540 4
47710 2
44820 4
56000 5
47709 3
52630 5
45179 3
45120 3
46520 0
45489 3
44180 4
42900 4
46480 0
46959 6
44030 1
44769 1
44430 1
48579 1
45310 0
45449 1
50690 2
48809 6
44190 2
49419 4
59469 5
53420 5
46919 2
56989 5
63960 0
65609 1
52049 2
51990 4
53239 5
59109 4
60059 4
48289 6
53790 4
59300 7
64039 7
61709 5
61359 3
68829 1
50509 7
52600 0
55930 2
58529 2
49900 4
45840 6
52300 5
52900 6
57639 5
49670 7
48160 6
50109 3
53970 1
52409 3
56929 2
53749 7
54509 1
53919 5
64769 5
56669 7
55919 3
61699 6
56049 4
50399 5
53760 7
57559 5
53190 3
54960 5
57309 5
65620 0
57680 3
61029 7
58019 3
58999 1
62239 1
72179 2
56510 4
64119 3
63079 4
66469 0
67049 5
67339 4
75720 4
59109 0
62519 0
53870 4
55049 3
52879 0
53720 3
64709 6
65039 1
70429 0
53460 6
54649 7
53879 3
56169 5
55709 5
52810 2
46679 1
52949 7
47410 3
48949 2
46220 5
46689 6
44710 7
46480 3
48539 0
53949 6
51629 2
51049 1
61819 1
49249 5
47940 1
49619 0
51819 1
55669 3
52379 3
49650 5
47719 0
51209 0
52260 4
45929 2
51690 3
52409 7
56980 3
55989 0
54049 7
51400 0
49540 3
50429 5
61750 5
50889 6
46870 5
53520 6
49979 3
51620 0
43489 0
47190 6
43669 0
42840 3
47749 5
45590 7
43350 4
46140 4
48750 5
47709 4
53360 5
49729 3
54850 2
59089 7
96759 6
49179 0
46349 7
43410 4
49079 2
56949 7
59879 0
53339 1
50769 5
49999 4
45280 1
42199 1
40380 0
41669 5
38580 1
42679 1
44610 7
43039 4
44540 6
41049 2
39950 7
48509 0
41760 1
39439 5
35520 0
39709 2
39439 2
39909 3
41799 7
38159 6
40410 5
37160 7
37679 0
36590 5
38619 7
37870 1
41639 7
40990 3
43289 0
42580 1
44299 4
36940 5
39150 5
41159 7
43370 6
49490 2
42010 4
40690 7
40770 0
39660 0
39479 2
39680 3
41699 7
39619 5
39110 1
39029 2
39040 3
41449 0
38270 4
45489 0
38820 1
39909 2
41460 1
39629 2
37600 5
37380 2
39099 1
40610 2
36459 3
42830 7
45629 5
38810 0
38069 6
39150 0
38629 2
39610 5
38119 0
48420 5
53439 3
45780 4
45909 5
55290 5
53200 7
53209 4
58190 3
62420 2
53949 6
48050 4
44770 0
49860 6
51180 0
54869 5
45920 2
42629 2
49350 1
56289 3
45430 0
47000 6
48649 6
48720 6
47879 5
46010 4
47780 7
51700 3
47860 2
54839 4
59670 5
82270 0
66709 7
68019 4
69949 0
71139 0
64969 1
64410 1
64669 5
56979 6
53500 1
58169 6
61369 6
51610 2
56259 1
58339 3
54720 4
60999 1
62649 4
62069 2
71839 4
59039 7
53780 5
58650 1
58429 4
55030 6
55249 5
49979 3
54689 3
48679 6
51189 2
45310 3
44179 7
47190 1
48589 0
56960 3
50170 2
51179 3
51980 3
55869 5
51879 3
49060 6
49739 4
42870 7
50219 7
45020 2
45619 0
45059 1
44819 6
42780 1
44619 2
44990 2
46570 3
42919 2
44390 0
40539 1
50560 7
55629 6
58889 6
52230 7
56949 3
49890 4
42130 3
46460 0
43999 6
42139 7
40780 3
44040 1
43320 4
41840 3
40589 7
42760 4
45020 6
43939 7
45940 2
41949 3
42429 7
42770 7
45240 5
44669 0
44170 4
43979 3
61630 0
44000 4
45089 4
49770 4
50189 4
45040 4
49539 4
46920 6
47379 6
44680 5
49049 4
52179 3
51260 1
50669 4
42270 4
54199 6
50599 2
49790 6
45119 2
47689 6
46649 6
57860 4
42789 2
43679 4
39470 7
41270 4
42139 6
44930 2
41799 4
40860 4
42429 2
42730 1
44429 7
47329 4
48490 4
44829 7
43909 0
43649 1
43609 4
40149 6
43490 7
45190 6
50999 0
20074574 2
55880 3
48139 1
40670 6
50420 5
39559 2
42860 7
40489 5
42719 1
41800 4
41550 7
41270 4
47389 4
44089 7
43220 7
40099 6
41099 5
43460 2
47729 2
50149 2
51320 2
49489 2
50119 4
45059 7
42609 5
52829 1
45179 7
43760 5
50709 7
51719 1
48679 5
49019 5
46149 6
39959 7
39689 7
41570 4
41660 3
42579 6
42730 5
41030 7
41509 0
41289 6
43359 7
39090 5
49210 7
42270 1
43830 1
44020 4
50530 7
61839 6
59420 7
58750 0
68479 0
55799 0
49790 2
55579 0
62449 2
56960 6
44559 6
47050 6
45219 5
67719 7
60660 4
59100 6
45309 6
47380 4
46799 6
50290 3
51869 0
43800 6
47450 2
51709 4
43990 2
37009 4
42220 1
41050 7
41019 6
39449 4
40619 1
37319 1
44860 3
42690 6
47529 0
48619 0
59750 2
69939 2
55659 7
68169 3
59109 0
52859 7
59100 6
53129 4
47729 3
57039 1
46599 3
56649 4
59340 2
57629 1
44810 5
48729 2
48009 7
53170 6
53639 2
60049 1
47270 6
44239 5
39610 4
40749 3
42130 4
38629 4
39910 6
40540 5
39950 5
38669 2
41039 6
39170 2
40500 0
39250 6
40779 6
38210 0
42019 2
38660 7
43629 7
44510 0
43549 2
43060 7
40059 5
50910 6
38519 5
40990 6
37299 1
40030 6
42079 2
40390 6
38199 2
39560 2
37019 0
39440 0
40609 1
42039 2
39219 5
37679 6
39380 1
37800 6
40990 5
42129 4
41030 4
38319 1
39080 0
41179 4
38260 7
36849 0
44870 5
37960 1
36730 1
37070 4
39969 4
40939 7
40709 0
38730 5
38629 2
37300 5
37989 7
37290 4
38229 0
37629 4
38669 0
40759 0
39140 2
38450 6
40560 1
37939 3
38940 6
38979 7
38990 1
38170 2
37629 1
44909 1
40199 6
40999 5
40379 4
41679 0
39730 0
41710 2
40940 7
41619 2
46909 0
48499 3
47450 4
42690 4
44510 5
42070 3
41229 0
41050 4
42259 3
40820 5
42480 3
38969 3
38110 5
