69939 3
58610 0
67619 1
78150 0
73409 0
75069 3
108919 0
63259 2
67390 0
70249 2
68520 2
62079 0
68030 1
62209 1
71590 2
70859 3
60960 1
68690 0
68650 0
65079 3
64549 3
88749 1
61349 0
63050 1
67749 1
72670 0
73159 2
69420 2
64259 0
63790 1
70979 1
78110 3
70109 3
88820 3
68509 1
82499 1
74430 3
62799 2
61870 1
62489 0
74870 0
76469 2
71160 1
70319 2
64870 2
63750 2
77490 3
68069 1
64430 0
74289 2
31000 1
46560 2
61389 2
64149 2
61950 1
64080 1
62580 1
78610 0
72130 3
67579 1
68500 0
63629 1
63350 2
67120 2
69920 0
64849 1
63820 3
63150 0
71050 3
75079 3
115530 0
70979 1
59399 3
62480 2
69850 3
75580 2
65029 2
57420 2
64859 3
66560 0
71539 0
61820 0
71609 1
67700 3
62359 0
66650 3
83899 2
60640 1
71469 3
61410 1
60199 0
68950 3
74509 0
79800 1
63800 2
64750 2
61639 1
65379 2
70960 1
65020 1
69660 0
55740 1
38530 2
43669 3
30250 0
30550 2
29200 0
30199 2
31660 2
39280 3
41430 3
82699 1
63830 2
68829 2
66159 2
65490 0
72429 0
94500 1
64199 2
64420 3
68459 3
85919 0
67199 2
66280 3
65540 2
63550 2
66960 3
74560 0
68630 0
67809 3
62650 1
72839 0
65049 3
73470 1
66849 3
63560 2
63890 2
63230 2
73279 3
77279 0
84080 2
67299 3
65610 2
65239 3
66550 2
106149 1
58640 2
59170 1
64909 1
67349 3
66539 3
70760 2
77559 3
65910 1
69750 0
70240 1
72730 2
73759 0
72390 2
60949 3
35770 3
40720 0
30640 2
37029 1
40060 1
38200 2
62239 1
66460 1
66769 1
69190 3
66039 0
75860 1
74480 3
80359 1
64199 0
71690 1
73439 0
71859 1
64830 2
70139 3
71010 3
95609 3
73190 2
84180 0
78759 1
72180 3
73339 2
65600 0
78029 2
69789 3
69710 2
70319 1
68049 1
73919 1
65220 1
83819 3
68760 0
66079 1
72320 2
77269 3
102439 0
83990 0
78830 3
73109 2
71960 2
71299 0
71480 2
69849 2
62510 3
48999 2
53200 0
47140 3
32530 1
31190 1
23020 2
32700 1
50039 2
51900 2
60159 0
68089 3
75309 3
76520 1
63969 3
68780 1
68739 2
78350 3
76299 2
91119 3
70530 3
68629 3
70350 0
78119 3
68440 3
67269 2
69720 2
77499 1
73519 3
78640 0
70609 3
67420 3
68939 2
81249 2
74030 0
71750 3
73149 3
65949 0
70609 1
75399 0
77650 0
79259 2
66300 0
75639 1
73299 1
66230 2
70969 2
70990 1
72229 3
71019 3
70480 1
77500 2
50069 3
41830 3
32130 1
32769 0
31770 1
30630 0
31069 1
36410 0
80340 2
72199 1
76710 2
62270 0
69479 3
71039 3
76330 2
69799 0
67480 0
70300 2
75669 2
69390 0
79329 2
71580 2
113259 2
62369 0
67810 1
69409 2
67050 0
64379 2
62330 2
79559 0
80879 3
80039 0
80189 1
67620 2
67619 2
65780 1
77209 2
72209 3
70149 1
74049 1
66749 2
74920 1
70339 1
64920 2
68889 2
79249 1
70480 0
74059 1
70589 1
81309 1
68730 0
48799 1
37669 2
33980 0
35179 3
33130 3
31180 2
32460 1
34180 1
46580 2
67890 0
71639 0
73940 3
80369 2
63379 1
67680 1
67969 2
63010 0
74679 0
66640 3
69380 3
72420 1
72119 0
74160 3
74029 0
84939 2
75439 3
75109 3
59220 2
68720 3
70790 1
70709 3
66770 2
76319 3
65390 1
75789 1
70020 3
73189 2
69920 3
71779 1
72310 3
69019 3
76659 1
77930 1
81709 0
67280 0
70859 1
70360 0
76289 0
74279 3
75369 3
91779 0
64690 2
76429 3
47960 0
45729 0
34929 0
32150 0
32720 0
34380 1
43149 3
53600 1
68909 3
66770 0
71219 1
79420 1
73960 3
75889 0
88670 3
70289 1
61080 1
63059 1
68160 3
75249 2
73690 2
73759 3
69899 2
70369 2
75150 1
71830 3
69199 3
62310 2
80909 1
78160 3
63859 0
68090 0
72269 1
79340 1
71090 3
74700 2
74240 3
70699 2
81749 1
71210 1
67759 3
81549 2
67720 2
66000 3
66449 2
66420 0
76400 0
72209 1
71419 2
47789 0
50470 1
51070 2
48190 1
83600 2
33049 1
36389 2
44630 0
42960 1
40580 1
49060 1
70789 2
67390 2
74649 0
72790 3
72439 2
77659 1
74309 3
75939 2
68870 0
81129 0
65750 3
67509 0
77090 0
67419 2
68099 2
83800 3
70909 0
70970 2
74489 1
82680 3
70319 0
65510 0
71299 1
76709 2
66679 1
68629 3
70250 2
69300 2
68679 1
76300 0
67820 3
72060 2
77679 2
66290 0
71109 3
77110 3
72309 2
73710 1
65799 0
55880 3
53799 1
54510 0
53950 2
78859 0
82989 0
66690 3
52339 1
50340 0
56710 0
50879 1
82799 0
84959 2
91099 3
86720 0
87619 2
88839 0
91819 1
87979 0
90549 1
87620 2
95470 2
88729 2
94909 3
101760 2
88950 3
88699 2
90780 1
91540 1
92189 1
94719 3
92649 2
96009 3
86239 0
90530 2
93119 3
91319 0
