176467 0
120478 2
136608 0
22270 1
123089 3
106308 0
119958 0
63329 3
125998 3
46219 0
74659 3
44449 0
138778 3
25390 1
117228 2
63149 0
122968 2
40169 1
86709 3
41299 0
68559 2
69979 0
55059 3
18110 0
90109 2
45769 0
30619 1
109498 3
67579 0
67319 3
106969 3
67489 2
47590 0
80618 0
62168 0
89299 3
33470 0
92358 3
116018 2
133778 2
122988 2
19110 1
51919 2
75819 2
131328 2
16940 1
16390 1
93639 2
147968 2
139618 3
15810 1
55779 2
143508 2
44679 1
94349 2
62179 0
62819 0
36390 1
153168 0
101138 2
15240 1
62379 0
60869 2
65639 2
56029 0
88948 3
87538 2
77619 0
23989 1
60430 0
151448 2
81819 3
74648 2
76118 2
18830 1
83229 2
104908 0
83779 3
25229 1
169278 2
86348 3
76779 0
21490 1
141788 2
99768 3
175817 2
75269 0
121038 3
30660 0
123118 2
92998 3
30559 0
18179 1
20420 1
19990 1
31229 1
75639 0
67859 2
66569 2
115888 2
74739 3
81119 2
19330 1
117058 0
65799 2
86129 3
124368 3
19679 1
125507 3
43730 1
82618 0
51050 1
85679 3
131658 0
19030 1
76439 2
129128 2
36059 0
24200 1
24229 1
89309 3
137388 0
63749 2
46879 0
79999 2
25129 0
15040 1
58299 3
100359 3
99518 3
76349 2
16240 1
108568 3
23180 1
20439 1
143388 3
108288 2
32670 1
150927 3
92319 0
154987 2
38290 0
93578 2
78329 0
99598 0
107679 2
149367 2
114558 3
115538 3
108538 3
23069 1
76798 3
78939 3
80419 3
91558 2
79569 0
81749 2
75709 0
52579 0
63989 0
126758 0
85759 2
45840 0
94119 2
68659 3
114368 2
20680 1
17859 1
17469 1
35130 0
32119 0
66499 0
99209 3
67679 3
19349 1
101768 0
32810 1
94828 3
74769 2
172867 2
15240 1
38990 0
65919 2
114038 3
81198 0
16319 1
99339 3
102648 2
109698 2
26990 1
100268 0
90199 2
33619 1
14700 1
68309 2
20470 1
127418 0
96218 0
85599 2
33299 0
18110 1
70689 0
27359 1
17420 1
87319 3
79258 2
61190 3
135028 3
167988 3
99728 3
153647 3
15530 1
88769 3
25819 1
75549 3
106519 0
19919 1
108278 0
106669 2
20840 1
40069 0
16830 1
67698 2
98658 2
99299 2
106208 2
19589 1
104108 3
131408 3
53639 0
66589 0
126258 2
73369 3
82748 3
81389 3
17990 1
66869 3
67030 0
76258 0
107939 2
97239 2
126238 2
79109 0
106958 2
21090 1
132538 2
67168 0
58610 0
21329 0
78669 2
21690 0
99078 2
11440 1
56599 0
37890 0
60928 3
68828 2
58360 2
96379 3
77769 2
10289 1
71438 3
73059 3
24210 0
57469 3
13530 1
87098 3
51340 3
13840 1
51539 2
62919 2
10380 1
64409 3
9040 1
48449 0
16760 1
9140 1
82339 3
68469 2
58420 3
60729 0
24229 1
70339 0
24610 1
13370 1
86178 0
72379 0
12000 1
76769 2
10239 1
11319 1
60349 0
12500 1
91449 0
15169 1
54439 0
49460 2
14650 1
112269 3
9430 1
10000 1
41690 2
52509 3
10520 1
10360 1
55670 0
11550 1
52370 0
71838 3
61699 0
52200 0
63619 3
61459 3
121018 0
19419 1
59259 2
28050 0
97438 0
72468 0
142998 2
105619 3
35340 0
101038 0
106779 2
61219 2
83398 2
116869 3
174667 3
42509 1
95419 2
95108 2
75139 0
192317 0
14909 1
66048 2
85439 3
177427 3
77629 3
63439 2
31059 0
19750 1
127008 2
33610 0
22249 1
30750 0
76969 0
104979 2
80849 3
125158 2
68598 0
21010 1
22350 1
105458 0
130838 2
24270 1
84178 3
125907 3
106048 3
94118 3
38410 0
100918 2
133598 2
88388 2
169347 3
65219 2
73528 3
37340 0
152628 0
83048 2
140168 2
64229 0
90669 0
70770 0
126389 2
15729 1
60139 2
59869 2
56969 2
92779 2
60619 2
127068 0
104908 0
107819 2
135497 0
95579 0
88019 2
59050 0
100558 3
101768 2
56119 2
21579 1
75539 0
27580 1
17180 1
94909 2
130808 3
160547 0
85639 0
68519 2
150368 2
81279 2
194287 2
73799 3
34529 0
137718 2
137148 2
113798 0
46009 3
71269 0
121488 3
71299 2
68689 2
102838 2
24840 0
91588 2
22570 1
82189 0
10249 1
12590 1
55659 0
51570 2
77579 0
73549 3
52000 3
76199 3
71399 3
10530 1
92809 3
61490 2
10260 1
23810 0
27009 0
92039 2
64369 0
43019 0
21120 1
80239 2
43639 0
45939 0
17830 1
52139 3
51109 2
61599 0
45700 2
11810 1
10629 1
69829 3
12260 1
54389 0
57819 3
9030 1
46189 0
51189 0
33759 0
56809 0
94928 2
207546 0
160498 0
63869 1
143527 3
111328 0
107958 2
34369 1
135378 2
159358 3
58089 0
213966 2
138958 2
45499 0
120869 3
89809 3
30150 1
193917 0
151527 2
142948 2
100468 2
116168 3
99578 2
99358 2
108929 3
30589 1
136328 2
38379 1
25710 1
117078 3
131528 3
114918 0
221206 2
87749 0
104018 3
183026 3
85718 3
130788 2
106988 3
36460 1
32209 1
31610 1
119838 3
32629 1
117988 0
140928 3
119788 3
218587 3
133008 3
40590 0
161697 0
115529 2
145817 3
82519 2
157487 2
2236164 3
171457 3
80529 0
109868 2
21990 1
52169 0
133928 2
15369 1
103188 3
14890 1
51969 0
27329 0
100949 3
103668 3
115418 2
64699 2
15160 1
110258 2
153538 3
26300 1
82559 2
89829 3
79749 0
64010 3
13599 1
118438 0
61969 0
97899 3
62799 0
56389 0
106628 2
36190 0
152137 2
12410 1
11950 1
15079 1
80108 3
62929 0
26620 0
82229 2
71588 2
77168 3
64449 3
12030 1
83589 3
28939 0
117488 2
107319 2
12299 1
114578 3
95288 2
69829 0
109608 2
83499 2
25480 0
112938 3
129408 3
85038 3
75319 3
73789 3
52819 2
30370 0
63349 3
12569 1
10200 1
13370 1
78479 0
64949 2
12319 1
71470 2
21120 1
90749 2
80089 2
12290 1
107569 2
56870 0
34270 0
77949 2
93048 3
10290 1
78579 3
74359 2
56199 2
26030 1
10690 1
11070 1
10420 1
102708 2
22070 1
121858 3
120068 3
11250 1
39869 0
91149 3
52339 2
102598 3
15940 1
10750 1
48019 3
143458 3
12250 1
56009 0
24479 0
55268 3
38380 0
71899 3
82989 2
25420 1
79779 2
11020 1
11759 1
11869 1
56199 0
56479 3
75118 2
51749 0
120278 2
60979 2
586780 3
87439 3
11710 1
80808 3
895776 2
84319 2
63509 3
73919 3
79949 2
81349 3
59549 2
12430 1
13400 1
57919 2
82198 0
73299 2
79479 2
62069 0
136308 2
76969 0
13110 1
67449 3
104589 3
91459 3
12370 1
87538 2
11710 1
53190 2
58499 3
54669 0
56749 3
27059 1
66819 3
92559 2
66709 0
88128 0
24300 0
48029 2
20440 0
31799 0
40250 0
75249 3
22720 0
16990 1
108548 2
11120 1
30740 0
83529 0
65269 2
62569 0
75359 2
28319 1
85098 2
94409 2
14310 1
60530 2
53070 3
71688 0
96158 2
64979 3
47759 2
65059 0
51459 0
19580 1
100198 2
73988 2
77599 3
12950 1
82178 3
25519 1
55789 0
105568 2
63470 0
10460 1
58560 3
55210 2
22860 0
13710 1
65409 3
21270 0
104759 2
84168 2
57059 2
103368 3
54499 2
85129 3
30289 1
103779 3
25509 0
74289 2
71319 2
59969 3
14310 1
13500 1
11110 1
27300 0
87238 2
80618 2
54770 2
11380 1
82459 0
55559 3
13520 1
74499 2
61549 0
12959 1
108058 0
12210 1
86729 3
52789 0
72579 0
13230 1
11090 1
48969 0
83359 0
111098 0
10170 1
58049 3
87158 3
24849 0
33639 0
71938 3
67139 3
63509 2
12170 1
103519 2
54759 3
12790 1
10550 1
82259 2
55419 3
10390 1
79759 0
124269 3
108949 2
83938 3
100009 3
11470 1
64899 2
26169 0
48329 2
69079 3
29579 0
84248 3
64430 0
12790 1
119288 0
88638 2
61039 0
106239 3
98979 3
12150 1
73339 2
67799 2
82189 2
13090 1
169127 2
67739 3
28390 1
12249 1
14229 1
60939 2
48990 0
69159 2
89678 2
12260 1
85058 2
69428 2
23640 0
64769 0
16980 1
63269 0
13390 1
11720 1
114169 0
105678 3
56579 0
43529 0
22000 1
74349 0
21159 1
11260 1
30470 0
56079 0
40779 0
58079 3
76299 3
11400 1
70459 3
11669 1
71328 2
51049 2
85378 3
77629 3
125718 3
54499 0
27740 0
53910 3
11049 1
97998 2
13130 1
47259 0
89479 2
11259 1
105358 3
79319 0
96798 0
85099 3
11569 1
47640 2
12370 1
65999 0
23290 1
10450 1
84908 2
97988 3
56129 3
125388 3
113248 0
58709 3
61990 2
45129 3
47679 0
30640 0
78929 2
81199 2
12240 1
102498 0
58049 2
11800 1
68159 0
77209 3
81708 0
20970 1
70889 3
67669 2
11720 1
12870 1
14830 1
65399 0
65099 3
61229 2
65459 2
74869 3
74999 3
100818 2
66419 0
72649 2
78089 0
109278 0
25090 0
19250 1
97719 2
139048 2
12779 1
61269 0
52569 3
19559 1
59839 0
149288 2
17880 1
66759 2
26729 0
73889 3
79078 2
62550 2
75688 3
41640 0
14269 1
116738 0
74828 2
77318 3
59579 3
72779 3
47599 0
14060 1
108889 2
24830 0
62919 0
79659 3
112178 3
53349 3
13010 1
14150 1
14140 1
71808 2
9770 1
97139 2
60759 2
82828 2
49080 0
71539 2
84009 3
14250 1
89178 2
138497 2
103108 3
45000 0
121688 0
19940 1
15590 1
66758 3
64909 0
87659 3
86889 2
59270 0
21810 1
126998 2
21510 1
93319 0
74238 3
13030 1
63449 2
57599 0
14630 1
76619 0
53599 2
12870 1
74998 0
12510 1
54629 2
57720 2
53770 2
103079 3
46879 2
55059 3
26920 1
79009 3
13279 1
53590 0
63799 3
52090 0
12790 1
98989 3
63599 3
11430 1
9790 1
9669 1
90959 3
57719 3
10330 1
69839 0
134168 0
52859 2
70509 2
45729 3
22259 0
69848 0
11489 1
97929 0
75729 3
61539 3
53359 0
73529 2
13779 1
70949 2
48889 0
43979 0
44899 2
10050 1
43709 2
18960 0
41289 3
41599 2
42739 2
9710 1
10059 1
41719 2
41089 3
22090 0
47139 2
11150 1
