242356 0
33079 2
130878 0
61699 1
20010 2
63419 0
21790 2
82868 0
71079 3
14510 2
56679 1
21460 2
17149 2
84578 3
16470 2
93708 1
118538 0
14709 2
66019 1
20620 2
14960 2
21529 2
70559 0
57639 3
77549 1
119578 1
19250 2
16700 2
121269 1
99579 0
60259 1
18580 2
93598 3
27020 2
56139 3
142558 0
53109 0
71599 1
76849 0
136897 0
33330 3
26759 2
107789 1
78779 3
40119 3
150627 0
65169 0
60189 3
86179 1
72419 0
67389 3
31479 2
96079 0
23509 2
81279 0
83079 0
65809 3
59429 0
84109 1
141727 1
112818 1
124358 0
19710 2
94809 1
121388 1
75109 0
17999 2
15630 2
118828 0
33089 2
75728 0
16500 2
86019 1
58669 3
109798 1
21810 2
15539 2
32219 2
98958 0
28930 3
20919 2
60599 3
84449 1
65299 1
101068 1
140057 1
37110 3
82059 0
76679 1
76939 1
88199 0
22489 2
76109 3
70579 3
40259 2
73289 1
73749 3
31699 2
20449 2
108959 1
124638 3
55828 2
98718 1
117608 1
169558 1
64049 1
104639 3
28779 2
79999 1
155097 0
33589 2
69629 3
158947 3
81379 3
22340 2
164087 0
108498 1
106899 1
129428 1
88408 0
152858 1
123528 1
68959 3
85068 1
136908 1
21320 2
21839 2
101428 0
86219 1
58730 0
101348 0
26300 3
72970 0
11300 2
59219 3
12210 2
72599 1
11810 2
61169 3
21740 2
161748 0
36219 3
22400 2
71899 1
154547 0
107459 1
98098 3
101749 1
71019 3
68669 3
120978 1
73729 0
72549 0
41109 3
87429 0
79869 1
91428 3
27530 2
174157 3
56559 3
109258 3
131398 0
107299 0
126558 0
130349 0
34060 3
72759 1
21869 2
85329 0
70549 3
115918 1
124528 1
42059 2
19180 2
73709 0
55439 3
66499 3
42449 2
73349 1
17820 2
25149 2
69918 0
124958 0
106289 1
85678 0
67439 3
73159 0
99809 1
121758 1
109909 0
93298 1
86419 0
21520 2
71070 3
32629 2
100358 1
111809 1
38450 2
119988 0
70459 3
37569 2
16430 2
15890 2
66429 1
100328 1
89399 1
94678 0
134488 1
101918 0
19010 2
17080 2
106478 3
21010 2
89098 1
108498 1
98538 1
18240 2
15580 2
64830 1
110239 3
83258 3
23640 2
74259 3
75199 1
33349 3
87239 1
18680 2
100879 1
20849 2
131578 3
97409 0
102088 0
102709 0
32489 3
74629 1
79119 3
22289 2
88099 1
18730 2
29329 3
82869 0
58849 1
118638 0
100429 0
69029 0
113198 1
65450 3
28440 3
89689 1
98929 1
18860 2
104888 1
75359 3
104278 0
32500 3
129018 0
19309 2
115849 1
21840 2
10960 2
64969 3
22469 3
56729 1
66539 0
70149 1
9680 2
127838 1
10190 2
47490 3
102459 3
51849 3
54089 0
60069 3
9950 2
79239 3
74599 3
12100 2
70299 0
12240 2
58119 3
15570 2
92408 1
67679 1
68519 1
100119 1
111008 1
30149 3
11100 2
10220 2
23790 3
11589 2
10399 2
50430 0
64839 0
55348 0
71688 0
99149 0
21630 3
70839 1
95329 0
24510 2
10600 2
113599 0
10079 2
48990 1
49640 3
102848 1
92549 3
52709 0
11950 2
9009 2
77488 1
25560 3
54229 0
20160 3
84538 0
58190 0
20230 2
80529 3
18509 2
65288 3
91269 0
15920 2
17329 2
139727 1
82049 1
22190 2
95198 0
68499 1
16900 2
118158 0
22170 2
76759 0
104709 0
15650 2
19130 2
117488 3
77689 1
72839 0
82579 3
18490 2
97069 0
108968 0
170857 0
53880 3
103228 3
162727 3
139818 3
31329 3
67668 0
17050 2
78399 0
51159 3
68979 0
28870 3
94098 1
104108 0
36530 2
162707 1
70019 0
146868 1
15610 2
50349 3
74208 0
20850 2
109309 0
104809 1
35569 3
104278 3
95798 1
17500 2
18129 2
18929 2
17820 2
80019 0
76629 3
16430 2
72019 0
73529 1
172017 0
87519 0
71899 1
18440 2
60019 3
42410 2
19579 2
100849 0
32559 3
27640 3
111548 1
84369 0
64519 1
14099 2
197427 1
73689 3
87599 0
66909 3
64718 0
79718 1
29330 2
80208 3
116158 0
79309 1
17290 2
18870 2
99718 0
141418 1
111818 0
59889 3
85339 0
19350 2
132308 1
122908 1
136629 0
36410 2
48179 3
118668 0
21170 2
16520 2
17590 2
95639 0
95328 0
128778 1
15790 2
17330 2
20760 2
18310 2
77429 3
31459 3
81979 1
60729 3
83559 1
105598 0
12050 2
104218 0
81829 1
74289 1
67999 0
23709 2
107469 0
109119 1
77459 1
96168 3
98668 0
94928 0
12640 2
83379 0
11140 2
71799 1
9700 2
86299 3
10409 2
12939 2
71119 0
47989 3
16890 2
136688 0
64309 1
83939 1
61019 3
80898 1
74149 0
91529 0
82188 0
57239 3
50590 0
72408 1
124078 1
11390 2
62719 1
59659 0
98319 0
86759 1
154787 0
161947 1
234646 1
138457 0
127007 0
35589 2
32609 2
160437 1
35599 2
59039 3
170328 0
98098 3
95129 3
144168 0
191867 0
217227 0
104598 1
25890 2
89078 3
36970 3
278706 3
124818 0
118488 3
37240 3
23149 2
91149 0
171697 1
93849 3
55529 3
43469 2
165408 1
131817 1
113309 1
27490 2
32989 2
128078 0
160078 1
38920 3
130677 0
136498 1
142698 3
141748 1
98198 0
100349 0
28980 2
33439 2
91018 1
178877 1
89689 0
122338 1
100198 0
79209 1
133638 3
97248 1
27190 2
105978 1
2267134 3
67009 0
75219 1
19210 2
151637 1
91679 1
119508 3
80888 1
30519 3
13490 2
64499 3
112098 3
59019 0
16210 2
91149 1
109599 1
69959 0
62579 3
68539 1
88259 1
63829 3
76019 1
13450 2
11320 2
54250 1
86689 0
22740 3
24240 3
62730 1
24480 3
15950 2
71609 3
58509 0
57449 1
14700 2
66969 0
73189 0
19920 2
93239 1
83009 1
106289 1
13259 2
11850 2
63229 3
13760 2
82639 1
71169 1
138478 1
44960 3
19119 2
83609 3
43249 3
52210 1
70899 0
113549 3
51349 1
22509 3
64809 1
78719 3
106218 1
67529 3
69169 3
118658 3
58189 0
107759 0
79728 0
14730 2
24790 3
106658 3
14030 2
28370 3
75089 3
70469 1
29420 3
15229 2
122809 1
13619 2
12620 2
84029 1
18749 2
75589 0
71219 0
38369 3
74129 1
23510 3
84508 3
58410 1
62190 3
13759 2
159767 3
125458 1
49759 0
101719 0
12389 2
74119 1
94229 0
64808 3
102429 3
12270 2
115498 3
14690 2
48909 3
50789 0
67949 0
103588 3
80289 0
63319 1
95448 1
101249 0
47879 0
93299 1
86008 0
73029 1
56619 3
605101 2
1107122 1
82819 1
59479 3
27929 2
85489 1
107968 1
12050 2
59149 0
13700 2
67899 0
75609 0
46540 0
32779 3
62719 1
85099 1
51149 1
73679 0
60769 0
68269 1
52009 3
20730 2
85548 1
73169 3
12360 2
58429 0
26990 3
60259 1
75578 3
83359 3
58429 3
10790 2
61499 0
10750 2
54249 0
71079 0
10740 2
29429 3
12920 2
62149 0
31139 3
94448 3
15210 2
63709 1
11970 2
79578 3
10780 2
14660 2
12510 2
11880 2
11949 2
13050 2
101139 3
85189 1
12930 2
58829 3
18600 2
10709 2
78349 3
79519 1
75299 0
59969 3
14370 2
15610 2
12790 2
63749 0
51259 0
56959 1
105359 0
110668 3
58759 1
65839 1
108268 1
66388 1
64699 1
48980 0
105379 0
81969 0
25250 2
10050 2
11370 2
105558 1
105429 3
12629 2
10500 2
11270 2
12870 2
108558 3
76319 0
80648 0
128327 3
98279 0
81298 0
112538 1
103078 1
72529 0
88458 0
97879 1
102699 1
87469 0
120918 0
93529 1
118828 0
56629 1
70269 1
70519 0
68718 1
58609 0
77778 0
11380 2
12170 2
71719 3
96588 0
49649 3
104309 3
27229 3
20260 2
107678 0
72269 0
63539 3
56519 0
75029 3
74269 1
79698 3
54520 1
60069 3
54109 1
60819 0
13060 2
111158 0
87308 0
98498 3
16470 2
90088 0
12120 2
79799 3
54869 1
60609 0
134918 0
52609 3
77479 0
43769 3
133718 3
58959 1
159098 1
13250 2
11040 2
11120 2
76389 0
11000 2
9450 2
75509 0
57029 3
23230 3
19470 2
88798 1
60339 3
75739 3
62039 0
59059 1
115318 0
73019 0
56589 0
69499 0
12270 2
67299 0
79128 1
94619 1
10740 2
59349 1
92008 1
15359 2
95209 1
96898 1
12280 2
12390 2
55709 0
77069 3
18419 2
72429 0
29220 2
12920 2
92819 3
101019 3
91789 0
51409 1
72289 3
64309 1
30450 3
77768 0
11890 2
25290 3
26629 3
52609 1
22040 2
16040 2
71229 3
26219 2
84389 0
103718 0
11930 2
20360 3
54739 1
81319 3
65759 0
68868 0
61459 3
53370 0
54199 0
96028 0
52970 1
71898 1
54979 1
10499 2
10980 2
116698 0
23850 2
65599 1
14860 2
83489 1
90279 1
79259 0
44720 3
10590 2
13709 2
81328 1
67619 0
12470 2
50869 0
93129 1
59379 0
20959 2
13310 2
46179 3
55140 3
18209 2
49549 1
84919 3
29139 2
13949 2
64529 1
13790 2
98239 1
54790 3
60389 0
10790 2
11140 2
120889 0
69719 0
23940 3
65639 1
93828 1
76888 0
110169 1
27359 2
97399 0
15870 2
12140 2
102109 0
15150 2
117628 1
53910 3
48080 3
14510 2
54810 3
74429 0
28990 2
46859 3
75159 0
118928 0
25950 3
76409 1
78859 0
78109 0
11400 2
61059 3
67099 1
80178 0
58299 3
13409 2
79959 1
71239 1
78589 0
63159 0
86808 1
108378 0
62659 3
58640 3
13990 2
11019 2
34170 3
19330 3
75399 0
52219 1
14000 2
11880 2
88979 0
48840 3
79868 0
14919 2
12060 2
11750 2
101058 3
87549 0
74709 1
25719 3
122868 0
16000 2
61489 1
116778 0
107399 1
77608 1
56329 0
112238 0
14049 2
88078 1
11230 2
24319 3
14729 2
66129 0
99219 0
56250 1
143927 0
62250 3
146067 3
22200 2
54819 3
62099 1
80149 1
57369 0
61419 1
11910 2
23410 3
82769 1
14249 2
52189 3
117318 1
64509 3
53909 1
97129 0
49510 1
57269 3
72509 1
61839 3
10049 2
27489 3
76749 0
54879 1
11230 2
22980 3
15729 2
57159 0
92539 1
70949 1
83568 0
52959 1
27269 3
