39738687 6
40182934 11
19779234 0
19987882 0
148981043 11
61170526 8
66909 13
62950 3
48619 3
39843826 7
79807752 8
140018827 4
18993412 3
1054960 0
50119 5
10011696 11
36239 11
34790 8
72799 3
19887594 7
7930586 15
33240 11
111896781 2
48679 4
90120825 0
29816181 13
183948 4
78807701 8
31008459 8
20013622 12
58991757 3
69529 15
62009 13
129865582 14
61130237 5
19950523 9
66819 14
39839317 8
89012205 0
10143125 7
10869438 9
159995899 14
19995202 3
8039124 13
11956417 4
20007633 9
19981862 9
10038676 8
29050 10
69943454 1
20029382 13
81569 4
19913254 11
20025922 12
19962532 0
111539 4
29887480 14
60008197 5
40032794 4
60033177 13
59907498 3
9048856 15
60010 13
70902925 1
19988682 8
57289 6
19943213 1
64579 6
19924513 9
21009823 0
18999282 9
111139 15
59510 5
26799 10
9834878 9
89992947 3
17970362 9
82199029 2
39819986 4
64279 13
36119 8
983080 1
27739 10
58720 3
38959554 5
61980 14
60019 12
67229 1
8718388 6
24900 10
62540 12
65469 7
28150 10
29270 10
10736329 3
19883653 2
59993858 9
19997012 15
63030 1
19949083 5
10042736 7
27660 10
9909427 8
139999557 11
32650 10
79982890 12
138012056 6
61349 14
12048387 11
19875354 9
96209 1
19923723 0
39975825 3
148000532 4
34020 9
12068697 1
19907863 7
188983938 11
20999703 9
30002039 8
84069 3
39916535 8
49997991 11
20018802 7
19987522 9
157819 15
1881032 3
58330 4
6921575 11
168976715 0
26050 10
24640 10
1143959 15
10822569 12
8118354 0
101871425 2
20005042 15
9035165 7
53679 1
69898844 13
26430 10
33290 9
40948036 3
20991383 12
19022312 5
39992325 7
20094281 13
8033245 12
51985423 11
36930 11
17837083 5
2085880 11
62220 6
55129 3
56000 3
19763284 15
19976023 5
40002685 15
60002377 8
39998785 15
168169 0
25730 10
23040 10
20772555 8
18010381 6
56390 5
71935155 13
35100 11
37965854 9
1102000 11
57499 6
53980 3
55899 3
19748045 2
1160819 12
60779 12
57360 12
18721404 1
8071985 0
51934593 14
59980897 4
26990 10
62659 7
19904023 8
20005253 8
225678 5
7812206 1
51961123 14
20009223 13
59039 5
59821029 4
19989632 1
10055776 6
55350 1
53499 1
90822618 13
59178055 9
39822537 14
63359 2
59953698 1
18989362 4
1109109 12
55100 6
79832321 1
73360 3
39938206 4
60430 14
56730 2
19886484 12
54580 1
139935768 7
62259 7
59941778 5
20011962 8
54840 9
54819 0
59865239 5
29210 10
54820 12
53540 12
19914794 3
19966143 5
149982394 8
8090994 3
55670 4
56030 1
11789070 9
31830 10
126729 5
47849571 0
23720 10
41985236 9
24680 10
60820 14
56349 5
53349 5
55119 14
39740937 1
95010 6
59915669 5
78984160 7
61014508 6
26919 10
59540 4
60489 14
19840574 1
100001302 15
20051532 2
18950543 15
56109 7
20985003 5
40149254 14
19815644 5
109379 0
29950869 4
20071992 11
98855243 15
131016421 11
39992735 7
69984294 9
42390 9
61500 8
59967097 5
20063902 0
48915701 1
62870 0
10963967 2
65279 6
59923208 12
111469 12
56510 2
57139 2
19710756 11
98000081 6
2166349 1
58790 4
39792387 2
38620 9
34530 9
19926623 3
38978814 11
1071920 4
180199 13
54769 4
54540 1
29548943 3
63609 13
39950495 2
62919 1
64770 7
19843204 0
112939 11
53969 1
169841467 12
39973486 11
100004183 8
117498 4
88600 0
27984267 11
88389 11
61730 4
57389 4
57670 1
11555682 12
40006454 5
20040412 9
19941833 3
56540 4
69952164 0
60062376 12
28928618 3
21011843 2
19999142 12
69439 8
19909983 9
260005712 2
20141011 12
35940 8
59831218 14
63449 15
109937159 2
60929 5
19940453 6
19997873 6
8034954 13
52150681 4
58813859 1
21031672 2
179961262 15
40015835 2
65679 13
34820 11
27220 10
36940 9
34890 9
20898474 7
56019 6
56540 13
57039 7
55210 7
158667292 14
10043795 4
37270 9
19904193 11
40004734 8
28095217 2
59489 3
33090 9
54470 6
51782495 7
97977161 1
53630 15
91965988 1
10093725 4
55470 1
29849580 6
59994677 7
40072884 15
19923702 6
27959 10
19978183 0
29026448 6
9962256 5
1104110 12
36110 9
70057814 7
38799057 0
1063770 5
61489 7
26690 10
29875630 2
10972257 6
9094625 8
60320 4
23730 10
19843214 13
56909 4
19943323 3
18979422 2
54039 2
90787259 12
40221733 8
59769119 9
66509 2
19947333 14
60720 7
119936005 11
100115221 12
19871584 11
40025824 13
80034590 13
78946199 3
36320 8
118962754 12
12014398 0
59996667 0
28900 10
19992852 7
85119 3
28459 10
39905366 4
20037212 15
19923253 12
55700 4
54959 15
19891194 3
62799 14
39940886 8
78985509 3
55999 14
33500 8
54129 14
1036011 15
19833614 4
79091888 13
996341 7
19898563 4
58209 3
32779 8
19921513 0
58010 12
19941823 2
25299 10
40013675 7
10017776 0
31240 8
29993169 9
78900570 3
51001341 2
27759 10
58976707 14
29500 10
24010 10
58770 14
53470 14
19834174 4
21061853 0
58829 6
79886621 14
100001252 8
246977 6
179745145 14
58995436 0
23220 10
55430 2
952542 11
29987269 0
10016236 8
30130008 5
39941615 7
19889244 8
40050994 4
155969 4
109847021 6
109961048 14
19994383 11
49996871 5
40054324 15
19955273 12
10044456 3
99948713 14
40000775 0
20064792 0
9993636 1
60370 11
49886672 12
20011292 1
17979802 5
54929 5
1995181 0
58139 7
34620 11
79863111 4
89996306 5
23350 10
99861864 1
60015577 8
8045675 8
63930751 6
46997949 0
11196035 6
19812334 3
20014193 7
19985332 1
20009873 0
48021789 0
161959 0
55079 14
11744290 9
60390 14
19946163 0
1009651 8
28024497 6
52860 13
54020 13
54449 1
10801959 15
20036372 9
33900 9
50015621 3
19911273 0
28020 10
24500 10
980691 15
108970867 12
40739 8
319973939 15
19974973 4
40004235 13
19000002 2
20126431 12
98779 11
26110 10
10757779 14
54839 7
60935089 3
127994790 7
81020951 14
66079 1
19942313 13
70131082 2
159849681 9
19994443 7
80007539 15
17985001 9
25120 10
12050687 7
56939 2
56849 3
19836854 15
1050030 9
38940085 5
49992511 5
20050562 4
101943983 7
36140 9
18048181 12
19915003 7
81383327 7
31579 10
98625335 11
39959956 2
20047092 15
18954582 4
60009 14
995941 1
139939 13
29813210 6
41984546 4
55830 2
17957221 0
102986415 0
58550 2
56329 6
16896321 5
169996976 3
110002208 2
40000545 3
19991642 13
20011483 5
57839 3
60639 0
17872102 5
1069080 2
977431 14
19964203 7
20004552 8
19974223 11
60015367 6
10113645 8
29815280 1
19914223 11
20019342 4
8026874 4
9962567 3
2058441 1
93039 11
8887557 3
90135755 14
61219 2
812073 5
39960555 12
39992345 5
62419 15
59450 5
58179 14
54090 0
19770534 4
60025917 6
65410 2
57939 13
269896719 15
36849 11
18013571 0
21897084 6
40004925 9
8067074 14
36399 9
72889727 1
98003200 7
32910 11
1017680 7
39937285 11
90017806 4
60259 2
97924942 9
42018446 6
141388 0
79844272 2
40321351 6
25390 10
33580 8
19632256 14
57929 5
37934804 14
57559 14
1989271 1
28041077 2
11923098 6
39998815 6
40000215 3
20000802 0
28199 10
25130 10
19947973 8
19983833 0
119997114 6
100188391 8
58429 15
19760605 0
140000807 6
55569 15
54390 7
79893731 4
55330 12
52069 6
9937467 14
56210 0
51879 4
25690 10
160836502 9
137888 9
38832876 14
51017961 14
59730 5
68179 2
53620 15
18817673 7
39987205 11
69989194 8
60048067 9
65339 0
49910162 14
97499 2
39898996 13
20002613 13
211838 3
59809008 7
39100 9
19939393 14
25400 10
37769 9
69935704 13
137638 11
139849679 15
19928083 0
19963152 13
55300 4
19934513 1
109995158 6
75280 13
53209 13
9908587 11
32490 11
29947439 5
19995942 1
39987025 0
19998722 6
60108866 3
19924414 7
18959803 8
31011320 13
59994587 0
50011111 13
9039935 5
30951140 11
20007952 0
20005233 15
98988641 6
1121540 3
79894310 8
48219 8
19031741 11
62799 5
1003970 6
19885383 1
57090 6
25880 10
54300 15
19814614 5
40003225 3
20010512 15
59980558 9
20016383 3
19988452 8
9142284 0
70869605 8
100809 14
55709 1
57824768 3
37060 8
54879 5
54850 5
1918422 13
55059 6
80883482 15
38989774 8
64100 6
39932846 8
20015912 11
80002600 4
37379 9
19956872 4
100008343 2
39991205 6
88037375 0
61969459 14
19996812 3
40047094 3
59958658 14
19992453 4
30008848 14
26060 10
19963182 4
37689 11
10025846 8
49955512 3
39990325 13
28990848 3
1074750 14
61922379 4
7100303 0
933782 9
84879 1
35759 9
61100 12
119802646 5
62580 1
20225370 3
39959765 9
81809 12
69179 12
65929 12
19543937 15
49104209 11
31200 11
60460 6
70811705 4
58966897 12
1074570 3
79820502 11
49986191 9
105239 9
59960918 12
29982099 3
70079523 11
71599 14
64949 1
29449 10
61010 3
61289 3
59560 14
2554287 7
16985790 13
18961743 8
21004963 1
28199 10
10026056 2
212828 7
24350 10
78706872 3
109993198 9
34210 8
24930 10
33299 8
930332 9
159990239 13
3035191 4
36961023 11
29640 10
119959535 8
20116041 12
29920009 7
20037692 4
64999 1
57809 14
59811949 11
50187540 13
19840554 5
109981578 14
9008246 9
220976988 12
93309 6
119933785 1
109079346 5
65139 13
11834279 4
19021041 15
18979671 15
60992578 9
28600 10
19978543 2
120012904 15
19993442 15
19988172 9
9110875 15
59439 6
28010 10
70815636 1
60359 1
17920832 8
25630 10
32208258 12
19775364 6
109789 4
39903376 5
10050726 5
40769 9
20043132 7
89849938 3
20042252 11
49961271 5
116739 7
61259 7
57922217 4
9941707 3
12083837 15
19896543 0
9081875 5
10918687 9
58829 1
39922056 4
2036580 15
8018005 12
69926984 9
20014103 11
17999831 3
33940 9
59020 0
59129 3
32419 9
25640 10
60599 3
56250 1
58439 4
21604018 14
207838 14
59679531 2
49987471 11
74879 7
19951323 13
39992175 6
60000077 3
48023260 6
2035231 7
89974886 11
203088 11
39912726 0
20044392 12
9846677 5
189967569 3
79966520 11
41519 8
8124614 0
37410 9
76209 0
31775202 11
106969 1
58820 13
57829 13
64379 4
59676801 3
19999052 2
20212850 6
18781513 14
11055496 0
59955427 7
20095222 12
59914168 1
77539 14
19902974 6
1037101 14
18976382 4
79982250 9
8119974 0
11911659 4
39975115 4
118419 12
17876572 3
52195341 8
39801286 0
66750 6
17934162 5
58770 12
61039 14
57840 12
59179 14
27940 10
60380 12
1840593 15
64180 15
99767484 11
27210 10
19981742 2
60016957 14
20979113 14
29011537 7
80340 15
39916046 7
239998158 3
100379 7
40051265 9
69149 7
169779228 4
120111503 3
69840 5
19826514 15
161188 9
8869627 7
31005849 1
65990 5
62869 1
39824216 4
157983798 11
42125045 2
82309 9
39799227 8
28000857 0
22093113 1
39915815 2
90939 7
209908701 2
39992405 4
84729 7
109910219 8
56500 7
55699 4
37000 8
56309 1
53640 2
