116130 2
86600 4
74729 5
63369 1
56700 6
48699 4
63970 3
56989 0
54780 1
52089 2
64510 9
58080 2
60760 12
57100 1
75479 1
51890 6
55399 15
51610 9
52269 12
51340 7
52459 15
57540 12
55269 6
48640 5
54329 14
54400 5
58299 3
55750 5
53389 6
53090 12
57069 9
51640 12
54449 1
69280 4
54109 4
54520 14
55800 11
58460 3
58309 15
55849 10
58930 0
51489 7
53300 14
56629 8
54760 4
55389 11
57480 10
57609 14
48830 3
52799 2
67210 9
54540 8
52909 1
54229 1
50180 7
52220 13
45910 0
47539 6
45190 8
52809 8
55640 10
46809 2
49780 10
44730 1
42189 6
47449 8
50889 15
52650 14
54469 9
50720 15
54459 8
49890 13
45489 5
49000 0
47689 13
52570 12
50039 15
50950 13
45119 10
50349 11
48400 10
49859 3
48750 2
50469 9
49390 5
46209 8
41920 6
48770 6
51050 9
43619 12
49199 14
58790 8
47790 3
45410 14
45979 2
45170 10
47779 6
48460 0
55289 3
52800 0
53949 7
44010 13
46030 6
49280 13
52689 7
43259 11
50980 9
48899 12
51980 9
49819 2
45010 8
55409 9
47940 15
42410 10
46349 2
49310 10
54959 11
50529 7
47199 9
48440 5
40479 2
44440 0
46270 2
46750 4
41050 13
45939 7
51930 15
46239 14
42640 1
46120 5
48019 13
43820 9
56510 1
47630 15
47509 1
41920 1
41090 11
47070 13
47779 3
47439 1
46499 11
45799 12
50050 5
49819 1
42860 11
46479 2
44030 8
47410 14
44910 10
43260 13
46029 4
43470 13
43260 10
45870 3
50580 1
48210 2
45990 8
43399 13
39820 2
49210 6
46049 4
50620 1
49230 1
47759 9
53309 10
49390 6
48139 0
45070 15
47499 15
47660 11
45979 12
48509 13
42050 6
47469 11
47370 13
63809 5
45610 6
50559 14
49080 7
50259 3
50120 4
50799 5
47610 1
48140 8
48909 2
48500 6
45600 14
47820 12
44479 11
47250 1
48509 13
47570 6
46289 2
47219 1
49129 10
10079845 5
66279 10
45090 1
41080 1
43179 2
48390 5
46159 3
43030 15
46030 9
49580 13
44320 9
44050 9
44870 15
47259 7
49160 1
47849 4
48550 15
45459 11
52119 1
48130 5
51420 1
59960 11
47930 4
41500 2
49599 15
45580 12
47199 3
45460 0
48949 0
48250 7
44200 15
45840 15
44000 1
50379 11
47410 1
46239 9
46000 1
41289 10
46079 2
44800 5
39869 10
50230 1
50939 9
44869 6
47470 6
46470 3
47490 7
51639 15
46070 10
49659 0
47190 4
48419 9
42660 7
45269 15
45970 10
48620 8
47109 6
44730 4
41769 10
47210 0
41829 9
44200 12
46330 9
39939 13
55340 7
50939 5
47020 2
47410 0
49879 8
52969 15
50210 10
42680 0
41879 2
41180 10
42809 4
46139 14
47619 6
43929 15
43280 10
49249 14
45270 13
46420 5
42210 8
43490 5
41809 0
52810 1
48669 9
42450 1
39430 6
34470 7
41880 12
37000 4
36099 11
37240 11
40259 4
41740 14
37000 7
37069 3
40800 8
39840 6
37949 1
36460 4
35230 4
35829 7
33860 0
37189 13
36979 9
37280 5
40879 14
37340 12
33760 5
44799 1
40870 5
41059 13
36629 7
34700 5
34179 10
38769 3
41840 2
38399 2
36480 15
36240 13
36099 5
36500 5
44470 11
40159 15
36440 15
35580 5
35789 11
38450 11
44039 10
38039 4
37800 11
35179 3
36509 15
40180 5
38199 14
43190 6
33650 8
34489 10
32650 14
37120 13
32719 13
41170 15
42950 14
40250 7
33110 2
39570 12
40050 1
37090 12
34340 2
42140 12
35620 5
35659 12
33270 11
35750 14
34810 5
34510 8
36220 12
41019 3
42130 4
33840 1
38269 5
34220 13
46880 9
32479 7
34990 5
35100 6
39049 4
47670 1
41139 0
36640 11
34200 12
40519 13
42040 13
39010 8
40320 4
35130 11
35559 1
34150 5
33900 6
37090 6
35490 5
37980 8
40179 13
40739 15
40190 6
39399 11
40470 12
43089 11
46929 9
35220 6
40590 12
42390 8
33790 1
34509 15
35460 13
34930 0
35989 0
34370 0
36630 15
36659 10
42480 4
41420 7
38799 6
40270 4
45469 8
43380 8
36160 6
36429 4
34870 2
35910 7
35520 7
37270 11
34500 6
34450 6
33800 9
53969 12
43389 0
36650 12
36999 2
37400 15
40610 4
39389 10
36470 5
36380 2
35439 12
34680 0
38370 10
34819 2
36090 15
34590 0
35619 4
36060 15
35929 13
34760 0
35020 4
35240 15
38650 10
36850 15
44039 14
47190 4
36830 8
10065275 5
59360 10
41629 11
47530 2
42710 4
43619 5
37940 0
41649 7
43440 4
41919 1
40400 5
38030 4
34939 14
37619 14
36650 2
37469 8
45499 14
41240 6
35839 8
35560 5
39630 11
41259 5
35590 0
34590 4
43549 4
34980 9
34950 15
34370 5
35330 10
37649 7
37359 1
38710 1
38329 7
36169 10
41050 8
40039 12
38770 0
39319 4
43289 3
38810 13
33840 3
40170 12
45360 0
38429 9
36640 11
40229 3
44669 12
36180 13
36689 2
37929 0
43960 8
37129 10
34280 2
38250 12
38659 1
41630 12
41560 4
35209 15
43820 12
48199 4
42550 7
40100 12
41209 4
36930 13
36799 3
38720 0
40750 10
43099 0
38480 12
35680 8
36279 1
35620 5
33630 7
35839 13
34910 6
40840 11
33299 10
36170 0
36510 7
39719 2
40050 15
47279 13
41460 0
41930 3
43149 11
37140 5
36900 15
35740 7
35700 0
34359 9
36189 6
34080 9
35330 15
31749 14
35230 5
34640 11
33659 13
32210 1
33090 0
33849 2
32690 13
34770 7
32979 15
38410 7
31700 9
31830 0
31880 10
33400 2
32589 7
32719 14
31230 6
32740 11
33259 9
35450 3
35669 11
32159 11
34040 13
34640 11
35379 0
33320 10
32280 3
32269 15
33849 0
31090 13
34859 7
32550 2
32760 0
31499 8
32950 5
32060 4
33360 11
31159 15
32900 8
41360 13
37719 8
33430 5
31450 9
33839 6
30969 11
32850 2
32579 6
32900 15
32630 12
32039 10
29999 2
33640 0
32650 0
31839 8
32240 8
34020 14
34570 14
33240 14
38040 7
34570 6
32290 1
32030 11
33450 6
30980 15
33810 11
31860 3
32379 15
31410 0
31380 7
38299 4
34800 14
30010 6
33209 8
34950 1
32990 8
35509 11
32369 5
32530 8
34580 2
36189 8
33610 7
32700 15
31349 12
33110 11
31280 11
33329 9
32570 15
34270 10
31369 14
34010 9
34660 7
33309 8
32930 11
32420 11
34059 12
31290 0
35070 1
30410 1
33189 3
38270 8
33600 13
33159 7
32330 7
31110 8
31459 12
29589 0
31220 2
33640 7
31409 4
30320 1
29930 5
32959 0
31990 3
31900 2
30669 13
30250 3
30500 15
31430 6
31570 10
31580 12
30220 5
31179 13
30340 9
31180 10
32139 15
32359 6
30800 2
31520 3
30199 8
29790 1
31230 11
36300 11
31849 9
28640 7
32919 5
30329 5
30920 10
30230 10
30920 0
28830 13
32620 15
36510 3
34199 9
32240 5
29770 13
33160 5
29750 1
32030 0
30999 3
31610 8
30860 8
30239 6
30839 10
30390 2
30060 12
32070 4
30239 5
31320 15
33230 5
32639 5
30480 5
30410 12
40609 12
30570 3
30450 8
30409 1
30419 5
29720 12
29549 2
31159 1
30020 15
29460 0
31159 8
29679 3
32620 7
31730 14
34220 9
31260 4
31670 8
30930 0
28960 15
32210 15
29290 12
31040 6
30000 9
30690 13
29689 3
30960 6
30040 4
30780 7
30080 15
31920 5
34010 7
31900 10
10057916 13
41569 10
38729 0
34360 4
32230 11
35160 6
36650 1
34469 11
33229 9
34160 12
36400 15
37409 0
35510 9
36600 6
36369 1
34650 10
31260 4
33429 5
31230 8
31920 11
28829 13
30389 2
29670 3
29910 15
29539 3
30220 10
29730 3
30969 2
29800 9
37980 10
31150 5
31020 9
29810 8
31740 14
31069 5
32150 9
30350 1
30899 13
29169 6
30540 4
32370 3
29909 13
29820 1
30660 14
30559 11
31019 9
29130 1
31350 5
30579 15
30560 3
31630 7
31540 12
32630 12
29820 2
30640 6
30319 6
29410 4
28910 14
30269 14
29700 5
31650 6
31800 5
38359 9
29910 6
30680 2
28659 7
30600 6
32780 2
35989 0
38089 0
34950 7
35130 7
33009 11
33260 2
28509 0
31650 4
29000 1
31400 1
30500 10
30180 4
29700 8
29369 6
30709 9
30740 8
32080 11
32199 6
31160 4
29020 13
30839 5
29620 13
29740 9
29800 6
30919 1
36010 1
30990 12
29360 7
29220 3
28400 6
29990 5
31969 12
30970 10
31880 3
33370 6
33239 8
33050 7
32210 0
30260 7
30920 2
28710 3
31690 11
29209 15
30740 4
29830 3
30969 8
29560 10
30510 5
29720 5
30130 10
31230 12
31099 12
33269 6
31930 4
30240 3
30329 8
30000 6
30280 10
38430 11
29710 4
31260 7
30250 13
30089 9
30080 9
31830 4
29900 15
30090 0
31170 11
30610 6
32669 9
30660 1
31080 5
30210 9
30420 9
28400 11
30149 14
29429 2
30560 5
29250 15
30179 5
28950 11
29200 4
29970 3
30729 4
31860 3
31520 11
31840 14
29390 8
29920 3
31690 0
38340 12
29300 12
30520 3
29379 4
29280 3
29340 12
31290 9
29229 13
30070 13
30140 7
30860 2
29509 8
29940 15
30279 0
28719 10
31040 0
29040 15
31199 12
29799 15
29660 5
30090 6
29159 0
29340 3
30210 8
29619 10
30669 9
29150 3
31620 4
30459 4
33180 13
34080 6
35260 12
30869 12
37470 12
30450 10
29250 2
29900 3
30610 10
31999 11
29470 14
30570 8
31450 7
30810 4
28940 8
33330 6
31100 13
31080 13
31840 4
29519 2
30969 10
31830 7
36619 12
33850 8
34700 4
35029 7
35980 8
33210 14
30230 9
31160 0
29580 0
29660 9
32039 7
32160 0
31980 15
37419 11
29459 13
30740 11
28300 2
29959 15
28500 7
29580 2
28450 1
31720 7
30650 8
30680 9
28950 7
30400 3
29670 10
30799 5
33069 0
30330 12
31270 15
30799 4
30300 1
30630 10
30000 14
29900 10
31990 10
30060 13
31479 10
30060 11
29720 15
28800 10
29990 12
29330 5
32700 4
34279 4
35980 4
35100 11
31670 9
31529 13
29830 3
30140 4
28879 12
29840 5
28810 8
30619 13
32140 4
32840 1
30160 3
31320 15
30270 9
30890 10
33059 13
30490 12
30250 7
