256617 10
288946 2
9822973 6
85990 11
86599 22
90339 13
75910 4
76979 6
99809 0
26340 5
108849 14
140458 7
120959 13
225547 0
97169 17
140328 21
343396 14
65669 8
75439 21
97459 2
82169 22
129460242 18
82149 10
26170 5
105058 8
136758 0
70419 7
287147 0
82039 19
77419 12
27454474 23
10823991 12
71909 16
67419 20
74628 19
77699 4
77439 15
79079 15
65529 8
102939 12
123948 10
163868 2
104869 0
19146483 18
69359 20
81819 15
66849 21
64659 13
82049 12
74749 12
80148 16
148039 21
41699 5
96379 17
72999 20
73879 8
87839 10
76959 8
67829 21
62629 8
70749 10
170798 4
125778 9
71820 21
61770 8
76259 22
68399 19
76719 22
77669 17
69439 8
72379 13
107718 4
67180 11
65267075 6
327036 13
72959 19
134649 0
71989 7
1437263 23
135728 4
358086 23
124888 21
81900 11
88848 0
97579 15
93189 17
75729 6
99519 16
76959 19
161288 7
98179 2
65989 19
69380 11
31970 5
79939 15
63929 16
66209 10
121098 4
83499 23
73359 9
62819 21
26709 5
77859 22
71939 4
25520 5
62299 11
84049 0
61200 13
66259 19
75399 20
67219 17
77599 10
60589 9
58639 10
77359 4
73639 20
71919 13
65839 6
61250 7
6693780 18
394616 18
73099 12
66390 21
95069 15
187088 18
66670 8
154308 18
74249 22
121499 18
60820 10
61149 12
87449 0
102089 7
63979 12
8147223 6
9526827 12
37139 5
74580 8
790040 18
80679 14
115289 20
64689 9
138968929 6
84489 14
75919 19
110989 4
813050 6
91289 15
67969 9
114769 0
98389 16
75749 22
109519 19
86239 10
85029 8
73970 22
8095643 12
25660 5
72589 17
64049 20
65959 9
72209 19
116209 4
99299 22
120160533 23
72699 4
73259 11
102579 14
153268 2
85109 22
85519 20
112349 1
123228 19
28490 5
8669217 6
74229 15
76099 19
112309 19
160168 3
44089 5
95809 22
75649 20
106159 0
66109 9
71639 22
68809 8
65670 8
124958 1
28120 5
61959 6
62220 6
62089 8
8285171 12
20980941 18
70259 22
138938 8
25148751 6
75079 10
63829 8
65519 12
65479 10
79839 8
76509 22
159748 1
29689 5
75340 12
74310 8
95110 8
160687 2
125938 21
101559 4
285306 6
136338 8
81039 10
112168 12
103189 17
188348 18
113849 19
147578 20
150368 12
165538 15
35960 5
133748 0
491185 17
159258 19
10003501 12
74210 8
116868 4
223438 4
94429 13
275626 2
98909 12
86449 4
101819 8
181278 0
111559 13
83028 14
105949 3
131469 20
95530 1
75499 13
268776 22
88869 17
273417 7
141828 0
101789 4
26410 5
81189 3
91009 2
94779 2
68039 19
91229 17
220007 8
80539 3
77059 21
143539 7
78210 19
86879 22
94828 12
72649 10
155628 1
89199 7
163648 14
109328 8
227308 7
90079 2
78149 20
116318 10
121958 10
65319 13
224418 17
142279 17
267077 7
175258 21
182937 7
84169 8
66050 11
68850 21
117338 18
193708 0
167188 11
139358 12
82679 4
112798 22
106209 13
356876 4
127609 8
115349 18
91818 3
166189 2
36589 5
87669 2
86239 10
69819 11
100709 14
66569 22
72559 7
114349 8
35540 5
136608 8
209688 15
190868 6
87429 13
175288 15
85899 10
75349 13
194798 22
76949 13
153108 13
93309 1
77309 3
91959 17
89299 0
120639 13
66229 10
651532 12
72589 16
102059 18
65689 8
70759 11
86159 13
146299 12
135918 12
24710 5
61329 11
24220 5
96948 8
81030 19
107168 5
178328 18
88919 1
100739 12
71849 14
71899 20
62669 10
59629 4
68479 18
60569 8
67219 8
73820 12
80479 18
6892568 23
71549 17
78289 17
58429 7
57840 9
147869 16
76499 7
25459 5
60409 23
61759 13
58799 9
61180 21
60569 20
80889 0
75529 17
59819 4
59860 13
108798 17
56490 9
63339 22
61759 22
91589 0
59180527 6
96549 7
130628 8
72240 16
102838 18
68230 21
62439 10
105538 19
275486 1
130289 8
307796 17
61199 11
62700 12
58096120 23
61239 21
210187 18
105889 13
102268 16
400495 23
112928 10
127558 4
91059 2
89149 0
96019 0
18361372 12
90589 2
67799 13
83159 2
60169 9
108569 13
67730 12
122788 10
90109 1
81389 19
87569 1
82689 18
64300 13
99668 21
19557278 6
179318 23
100218 14
62629 3
132818 1
25050 5
160818 18
232937 4
106619 15
125418 18
164827 6
118959 0
102609 17
97559 0
170188 10
223697 1
144778 0
70648 11
252797 2
217297 18
217168 16
57189 20
88629 5
170048 10
474684 0
67309 19
168778 4
372836 0
177038 6
153158 2
238177 21
90189 2
142008 7
54210 13
77139 22
87179 2
252947 17
89259 2
196597 9
104159 3
178558 8
202497 16
13529 5
134299 1
97409 6
79020 16
60419 11
72169 15
297836 0
144158 12
62299 21
190958 7
63019 3
116139 19
147228 1
130398 20
122079 8
106209 20
10850 5
76250 10
2617519 10
86479 16
61309 9
50539 21
73079 4
72809 17
65429 16
8096614 12
72270 5
81109 15
74169 14
244327 2
103469 18
74779 13
9370 5
151578 12
70329 4
79939 4
116649 6
97348 12
58827512 23
109629 9
83489 0
68690 10
70600 18
91988 7
75149 18
65789 14
455025 23
107858 15
93619 20
96249 2
88109 4
67109 4
99629 19
50829 19
125039 1
46809 21
53400 16
63919 3
72439 17
78519 17
58069 10
88279 2
48250 20
60319 6
90579 7
9330 5
62229 23
62049 23
52790 15
65399 11
43439 11
50820 14
110708 2
163409 1
81630 1
60920 9
47729 20
49590 14
91369 7
125469 1
68529 4
59539 18
88248 2
49529 21
72639 17
73119 4
75169 3
65209 7
123988 0
61169 23
53390 18
62459 9
58059 14
86059 2
53119 22
49120 22
51340 15
63750 7
47709 14
47370 20
67319 6
53489 19
48170 16
65240 17
16774481 12
153109 0
75879 3
54839 22
269927 9
187648 17
316926 0
176658 0
80699 21
201537 1
173447 10
60420 11
172048 1
228157 0
193398 21
96190 22
75679 23
76188 11
64169 22
146608 15
96679 18
162298 23
186718 8
59629 22
86539 8
65939 11
85159 18
77739 4
173168 9
86159 4
173958 1
119829 13
145008 1
218708 17
101119 19
103149 12
148338 10
91619 5
126479 12
166268 19
64299 11
11340 5
130318 11
63599 21
93279 2
262167 2
162129 12
117168 11
116209 23
96959 22
75290 12
151938 11
57889 14
132008 19
182857 2
79719 3
71339 11
111888 17
54690 23
188818 0
211498 3
76269 20
207117 7
109148 17
125848 20
109018 4
78009 19
62530 11
140299 0
269607 3
142178 17
65319 20
70320 7
57760 6
11820 5
407106 1
52219 8
194238 1
71719 15
70279 4
73719 21
81719 12
53290 22
72819 17
78839 8
69209 7
56639 8
8073985 23
49120 22
68939 8
48950 13
73000 14
109478 18
227508 0
140348 0
116808 2
104478 2
63959 8
89439 4
52559 21
64289 9
83739 2
97969 13
101349 15
76279 4
52349 14
65690 10
47820 13
119439 1
9650 5
70190 4
136098 1
68279 18
52260 18
59060 15
54779 22
56979 21
48140 11
69699 17
49419 20
89979 1
89449 0
47140 13
52819 22
143289 7
10640 5
63309 16
6534312 6
59029 13
83009 4
59452174 23
80659 4
65229 19
48710 8
59870 18
54799 8
71539 18
1092597 23
65459 8
101499 2
63660 18
341245 23
77249 7
8080204 12
367515 6
79089 8
9453968 23
96509 21
462154 19
81650 2
55800 22
78329 9
64689 22
74889 9
89149 15
70149 11
76899 14
92799 9
96439 19
152128 10
114879 9
66059 18
72669 11
82899 3
80269 22
205048 2
125259 13
56820 18
110959 4
88039 13
85368 17
106349 3
92289 22
158578 20
74149 18
72519 3
91018 3
80649 23
76839 10
70379 23
83429 19
52509 8
75999 21
11380 5
56719 11
128929 15
11420 5
74439 16
9939 5
100808 0
108299 13
67899 17
80959 2
10040 5
62769 23
111268 4
63469 7
6062808 6
80910 10
158658 19
110169 18
105139 11
123108 11
121478 19
85629 16
100789 22
103968 6
116088 1
102319 19
186308 14
139628 17
101939 4
92639 16
82169 16
48069 12
48038030 23
867460 23
335926 0
127739 0
8429429 12
224197 6
284597 0
108809 6
76569 12
226887 15
136718 4
79759 20
188908 2
183868 2
99559 4
53050 6
72849 9
134358 18
8299042 23
163528 14
134018 9
71239 7
216238 14
86759 7
9253620 10
195988 0
115559 12
115859 14
27009 5
101819 17
80849 21
76749 13
75849 4
87019 20
174208 10
113439 0
93119 20
80549 15
296286 18
66859 8
75689 17
71079 13
78329 7
167438 4
100709 18
99519 16
152369 18
156498 4
70629 15
77899 13
197768 4
79289 9
49689 12
30650 5
66689 17
62279 4
118499 0
69609 9
112229 14
139918 2
82949 1
219688 3
46549 12
59639 7
62820 20
99188 4
121619 20
85989 19
63559 11
66879 7
70249 17
77409 10
70588 20
28439 5
78959 3
94329 0
62870 7
188637 16
44440 6
77379 12
53309 12
70559 16
86129 0
85419 20
67460 4
64120 9
72309 22
69039 8
29460 5
71829 14
45449 6
26780 5
88199 2
62949 9
66669 20
80509 14
90358 2
4096472 23
80509 10
90839 16
127778 14
82099 19
253537 23
66559 17
73839 11
77628 21
64770 3
92859 1
77759 19
120028 2
70010 23
90909 22
98079 20
71729 23
62100 7
69889 14
176468 1
59499 11
57999 11
63599 3
62169 10
23790 5
62670 14
75719 21
65929 8
29720 5
6883708 6
9764834 23
125389 20
101309 2
75549 14
84379 13
146199 9
81799 16
90599 13
29318661 12
67170 16
18956704 6
63199 10
107268 18
76899 17
196488 18
94509 16
25000 5
74689 20
131088 2
77619 3
214878 18
85448 11
84879 10
182847 9
77828 12
106498 19
29780136 23
81449 17
91769 1
89499 1
98929 16
96029 11
113338 10
116408 18
152318 15
141289 3
91159 8
48671281 6
65710 7
68090 14
80139 17
65939 7
63439 11
72389 16
116198 14
105829 2
75029 13
65019 13
108789 2
9063512 23
66020 14
141909 17
63549 8
61279 14
9405828 12
8161503 23
66719 17
117788 7
11730021 6
66479 22
62819 22
66670 22
68820 13
19720075 12
74280 17
61839 11
114349 21
61700 7
73049 21
64759 11
59369 9
68489 14
112408 1
73789 3
139248 0
84099 13
147718 3
103859 11
117458 19
68919 8
8875394 23
62499 4
65069 3
9522256 12
85939 2
64830 17
60939 8
64739 16
59900 9
95229 22
117269 3
88199 0
63659 17
71219 18
62230 6
92130 2
9336829 23
95828 1
74469 21
71139 4
327806 23
60539 9
67339 11
66150 14
126339 10
76219 4
66379 14
69980 19
76679 17
67489 8
54449 15
