21349 4
24220 10
10420 7
19650 3
21100 8
11380 9
9540 5
29280 0
6569 5
6490 4
4980 0
5360 8
4930 3
3890 5
620 1
26610 9
11440 9
570 1
5360 5
12310 10
8960 3
4929 2
5320 7
6011 3
3980 0
9726645 11
4700 6
340 1
3450 0
8970 8
6730 4
4990 3
27960 10
530 1
118669 9
12100 6
9100 3
4360 8
48269 7
4989 5
158749 9
8310 10
4720 4
370 1
350 1
7480 6
7970 4
2830 11
5210 2
7080 8
10510 6
19110 4
4700 10
6009 3
6911 10
81059 7
8350 9
3100 11
4090 3
109489 7
4420 10
5950 4
23890 3
3700 11
5000 0
4760 4
9389 8
5451 4
4780 0
469 1
8160 3
3570 8
28700 7
11240 8
320 1
3170 11
4210 3
4140 9
6420 7
3840 10
6020 5
48880 8
5889 7
8300 10
4610 3
420 1
8860 8
5360 6
7170 6
5630 8
4500 5
37980 6
4310 11
400 1
9050 9
6451 8
48399 8
5310 2
4440 11
6540 5
5490 7
4540 10
4030 6
4800 9
8800 10
53359 5
7110 7
10550 2
4870 0
5830 6
5360 3
4660 4
4120 2
3600 2
290 1
16360 7
4470 3
11650 9
7000 10
5350 3
4860 4
5190 5
6429 9
4809 5
5040 2
4671 5
5089 9
4220 3
3700 9
4350 2
10850 4
5020 2
3220 11
8100 8
4300 5
5180 3
3500 11
5670 4
8070 6
17240 6
4640 8
6640 9
350 1
6990 3
4420 2
5989 7
4809 10
4880 11
4331 11
351 1
8900 3
5070 3
280 1
3700 0
5570 3
4480 3
4340 0
6470 4
15930 8
7280 2
5140 11
4340 10
6330 3
14940 7
330 1
4160 10
46409 10
4670 4
8490 2
6700 8
3830 8
4460 4
5050 3
4030 5
5090 4
4120 2
3320 11
5060 3
7620 8
3060 11
41490 3
4731 0
8520 7
5709 7
3700 0
13530 0
3940 11
4850 8
64020 10
12420 7
430 1
7689 9
8151 6
11760 7
5009 2
4130 10
10980 5
4420 8
36780 10
6470 6
6980 4
3980 11
12850 7
3990 6
630 1
4630 11
460 1
4990 0
11920 2
13100 3
5489 10
9980 4
11480 7
4710 5
9330 7
4520 7
4050 2
5050 6
4830 5
13500 3
4310 6
5550 3
5530 7
4340 5
3170 11
3060 11
3430 11
4220 0
2300 1
8789 5
9811 5
5229 0
3590 11
3690 10
6680 3
13520 9
7010 7
7500 10
13160 0
32480 10
7820 7
4210 7
21520 5
7420 11
4989 11
4940 2
300 1
4010 6
7650 7
6870 4
4670 7
8740 10
8890 7
470 1
6440 11
4140 3
6100 7
310 1
8520 4
4120 0
8440 4
5500 2
3400 0
8699 10
7911 6
10029 8
8190 6
4360 0
4010 0
8290 2
4150 3
3720 3
4530 6
4500 6
4880 3
5760 0
6060 10
10020 5
5300 5
5620 7
17560 9
7990 6
360 1
269 1
5920 6
4680 2
4269 0
6580 5
3560 1
7739 8
11160 7
12250 5
3690 11
4470 10
2020 1
9170 9
5280 5
4730 2
4060 6
9710 4
5800 6
5320 8
4110 10
4650 11
3700 11
5559 7
5760 3
411 1
400 1
5300 6
3169 6
5140 5
6891 5
5539 2
6160 4
390 1
4230 11
3610 11
8690 9
5860 7
3840 8
8860 10
6400 0
4440 5
11170 9
6780 10
8240 5
3730 10
6280 0
4300 8
6610 3
3400 3
10440 5
9031 9
2639 0
3780 0
4570 5
3640 2
5180 2
4560 2
4380 11
8480 4
23460 7
5190 2
7060 3
330 1
4660 11
5650 2
8020 9
4620 0
3780 3
4889 2
3480 11
5380 6
4011 6
6420 3
7049 0
5630 0
7590 7
4320 7
12690 10
6930 5
4980 5
11370 5
350 1
7770 9
4940 7
16090 2
7870 7
8610 4
3989 11
7540 9
4400 3
4960 6
5189 6
7319 3
4360 4
5530 11
5610 8
4020 6
5100 0
4560 11
3940 6
6640 2
420 1
14360 7
5610 4
5570 9
4790 11
6040 10
310 1
16850 9
4589 10
10731 8
269 1
7460 8
3931 6
5200 3
10959 7
3780 4
4060 8
12850 6
3860 3
4760 8
290 1
3650 5
10110 8
8160 8
4790 4
3890 5
11680 0
4270 4
350 1
4140 4
4530 2
5750 8
310 1
3439 0
7131 5
4509 7
6320 3
18229 7
4540 5
9080 6
11160 3
10640 10
4270 5
12690 9
3120 10
5670 2
2950 11
4570 3
10840 9
6230 2
3350 11
3779 11
12151 7
7871 8
17629 7
5890 3
16110 10
7590 5
4300 5
9360 7
3930 0
4480 0
10380 6
8470 2
5370 7
11530 7
23280 7
3169 11
6060 5
5650 5
9030 8
6990 3
6780 9
5790 10
4400 6
7940 8
15640 10
3470 11
5360 8
3510 5
9500 7
5910 10
3050 11
2900 0
5770 3
3770 6
540 1
3129 0
10071 10
4711 5
9309 8
9740 9
5390 2
4110 11
4990 9
400 1
6260 4
5230 5
9870 5
4560 11
15170 9
7500 11
5520 11
1720 1
8940 9
4920 1
7230 7
300 1
7989 4
6351 9
5309 3
340 1
4191 0
10609 7
3030 0
14130 3
3930 11
3450 11
5570 2
11950 10
8070 10
7280 0
9990 9
6060 3
11180 9
5260 10
6319 2
4720 6
5240 9
4680 4
360 1
4740 4
3709 11
4179 4
4770 6
6860 4
12140 2
5770 9
16910 7
500 1
3920 0
9600 11
3450 0
6820 10
12580 7
6680 6
590 1
300 1
6170 5
340 1
7019 9
5860 9
271 1
3849 3
360 1
3169 2
5260 11
7190 3
3090 0
7530 7
4780 0
4280 10
3760 10
5060 4
5670 10
20820 7
4100 0
7020 10
3000 11
4010 2
7760 4
7090 3
10660 4
5240 4
3780 3
4569 8
4849 8
2311 1
3640 5
3100 0
6229 8
6060 8
3740 0
7700 11
11270 7
7000 5
4290 4
15040 9
6930 5
6970 8
5870 2
3780 1
4410 5
3710 8
3220 11
8750 10
4349 11
3411 6
3900 0
4029 8
4911 11
4949 2
2540 1
3360 2
6850 7
3670 5
6160 4
9520 10
3670 4
2450 0
4600 10
4970 7
3980 4
13160 7
5080 6
6320 9
3230 8
3370 3
7090 3
6660 8
8799 0
320 1
8871 9
5029 6
4471 10
7440 10
17660 7
16570 3
9900 8
2530 0
3120 11
4080 6
22500 9
3150 11
10030 9
6870 0
7670 0
6870 10
4820 0
3789 10
6140 4
4700 10
320 1
6829 6
10660 7
5030 6
3690 4
4810 0
4510 7
5420 10
4010 10
3950 2
4760 5
3830 11
2970 11
7770 2
6130 4
5600 6
5330 6
8390 3
4640 6
11130 7
5540 7
5120 2
8880 10
7650 4
4230 6
4200 9
4700 4
5380 0
11780 9
350 1
7210 0
8340 2
13140 7
4020 11
3890 9
5170 0
4580 11
9790 9
13380 5
6969 2
5929 6
4509 3
4980 11
3871 3
7869 2
4400 11
6800 6
8880 11
5070 3
4710 5
5200 10
520 1
5560 9
3830 3
7470 10
3940 0
370 1
4910 3
2950 11
6490 6
4480 8
3570 11
5780 11
12770 6
4389 3
6671 2
3069 0
5040 11
4009 5
7540 4
4000 10
7440 9
5110 5
4660 5
10660 9
7560 2
3840 6
16720 7
3610 6
9890 4
3520 11
4130 11
7500 6
6730 9
4580 2
7220 4
4851 2
6469 8
4820 11
10129 9
11890 7
5590 9
410 1
4420 8
9590 9
7500 8
5370 11
6300 9
7010 2
5060 8
18730 10
12840 7
4160 0
340 1
10540 4
4849 8
4529 5
3860 2
7020 3
7490 3
4720 4
9070 2
5770 4
7370 5
6170 3
4100 4
3610 7
430 1
6950 9
6490 7
600 1
610 1
3960 0
4200 6
8100 2
370 1
4280 10
5760 7
7319 5
5460 5
3671 4
3531 6
14289 7
9590 9
5100 4
8300 3
6200 4
3290 0
6360 4
5000 10
12240 10
4200 2
8330 3
10880 7
350 1
7400 3
4900 11
9210 9
3149 2
4040 11
6131 2
17660 7
12480 5
6690 8
440 1
280 1
4140 6
3840 4
6810 4
4220 6
6560 5
5120 10
5150 6
4370 11
4030 0
3450 0
4410 11
4240 2
5520 9
5040 4
3730 8
6140 8
4720 10
12720 3
4739 11
7300 7
6430 0
5920 4
5240 3
11170 11
6520 6
6030 9
280 1
7910 10
7500 11
9200 0
4000 4
19680 7
420 1
4459 10
6060 6
6869 9
10891 7
8020 4
8180 6
9850 9
4860 6
460 1
5880 7
5120 9
8790 8
8000 2
7030 5
3550 6
24350 7
8640 7
4229 11
7260 7
19580 7
7470 8
3570 0
2980 0
9860 7
4060 10
410 1
8880 5
500 1
4150 5
3980 7
18850 7
6030 8
5620 4
4850 8
5050 0
7340 10
7790 9
4289 6
4000 6
4369 4
3760 6
18630 7
6220 9
4910 8
5840 4
3050 0
8390 4
3690 5
370 1
3160 8
4790 11
8630 7
9400 0
530 1
3590 11
5370 4
3710 0
12930 8
10079 6
3520 11
340 1
4471 5
11329 9
12270 8
4570 8
9990 3
7260 9
360 1
4570 5
3990 4
3720 6
2830 0
4300 4
11070 10
7730 8
8130 2
4450 8
3600 0
470 1
4310 2
19750 9
8949 2
11811 2
5809 5
5190 6
4550 4
14460 8
2100 1
3950 4
8290 2
5730 4
5090 2
5050 2
4330 5
10280 8
8040 10
13560 10
7620 10
4619 0
9771 10
5060 5
3591 8
4240 8
6129 2
3120 8
5040 10
4640 6
6810 5
4790 4
7430 2
5940 3
4920 2
13340 10
1880 1
5560 4
420 1
4050 4
9400 7
6450 0
3880 11
300 1
9640 4
580 1
3819 11
5260 5
4780 10
4380 11
4011 3
4120 3
6479 5
7820 5
3970 6
6080 8
3810 0
6340 5
10010 4
8280 7
8380 3
18430 4
3670 11
3700 11
4080 5
5970 10
9359 10
6440 5
360 1
369 1
5360 2
4340 6
7860 7
4729 11
3250 2
5760 4
3250 11
5750 5
6550 9
3790 3
15350 2
121069 0
5480 6
3890 3
7580 2
3550 4
3870 11
4120 3
2290 1
3580 8
9550 9
7480 2
3180 11
5400 7
5930 5
15860 4
369 1
8340 7
21160 8
4900 8
4740 4
3280 0
17100 8
5710 7
3360 3
360 1
280 1
4240 2
