43870 0
28940 3
26539 0
25110 0
25180 11
23849 8
23429 0
24380 10
23430 10
25250 1
23919 3
23090 8
23870 4
24070 7
23849 5
22930 4
24890 11
23260 1
22980 7
22309 0
24370 8
23530 10
22889 5
23700 8
22970 11
23840 0
24560 11
22780 4
24740 1
23960 6
31549 9
24380 6
24490 6
24730 4
23049 2
24599 0
22980 0
25360 9
23529 3
32010 6
24120 0
25780 6
25749 0
23949 0
23550 1
23370 7
24069 3
24510 10
24530 1
25200 9
85469 5
63679 9
83919 4
61850 9
54619 11
55280 5
59689 7
59140 8
56339 11
55160 0
57759 0
54409 7
56760 5
59089 9
56629 8
52689 7
65159 9
58710 10
54439 11
56070 11
56539 5
55100 2
54159 7
52370 4
56990 1
54550 2
55150 5
52249 1
60730 9
57959 3
52170 6
58569 3
55230 8
65619 9
53229 10
55860 9
53299 3
56820 8
54479 0
54190 11
55539 3
55869 5
51409 5
56509 8
50349 2
53910 3
58459 9
52929 2
55800 8
59499 9
87219 10
51040 0
55389 4
54150 7
57329 7
50770 4
57969 8
85069 9
58010 5
49969 0
54560 2
53819 3
57509 4
52129 7
61209 9
57850 0
63669 5
56819 8
53830 5
54979 1
53830 0
53309 7
55010 3
58349 0
51560 0
53739 5
60970 9
53639 11
56500 0
51069 1
56240 0
52849 4
56939 2
57830 7
59339 10
58450 4
57809 9
55600 2
50370 0
58759 2
54390 3
57470 4
56609 5
56469 5
56520 8
56129 2
53699 0
57779 11
53740 1
53020 2
64729 7
53200 7
61649 9
50700 11
55529 5
54040 2
49749 3
55540 6
55099 5
57970 2
52189 3
58489 10
55780 1
54019 2
55440 0
54369 4
62190 9
9273038 11
58589 7
55550 6
57459 8
56560 10
54849 3
54949 0
53660 7
60819 9
57070 0
55579 1
58369 3
54070 4
55800 10
62790 10
53779 4
58940 5
56619 8
58930 8
60180 6
56879 1
57460 1
57549 5
51620 1
57769 10
60230 11
59429 0
58320 11
57850 5
57669 1
53670 5
65279 7
59709 1
89819 11
53179 2
56030 7
54319 1
55870 0
56569 4
56000 8
56589 0
56459 1
57359 11
56600 0
56609 1
55489 11
57500 1
52479 5
55900 4
61839 5
55679 0
55629 7
56239 10
57230 4
56589 7
57540 0
54389 8
61959 7
57639 4
58100 2
53170 1
56679 0
57350 1
64889 9
57489 5
58850 9
52120 0
57879 4
52549 6
58550 5
65179 9
51960 4
57510 4
56260 6
57569 4
56739 2
57130 2
56259 3
55490 11
54659 3
56629 10
55539 2
55899 6
62839 5
56099 10
51960 5
56559 10
53540 8
59759 3
51470 6
56119 6
55190 5
61610 9
66339 0
56119 8
54020 1
55670 5
54679 6
56869 0
51440 2
59249 5
58590 9
50999 10
55150 4
55219 10
58540 8
54899 2
56760 5
53069 8
53620 2
49509 10
59559 9
49520 9
49959 3
51780 7
61299 8
60310 7
61969 4
59379 8
56910 5
49159 0
54050 0
50399 6
54180 3
51619 4
55920 10
54959 4
55120 8
52599 1
54389 11
52849 10
54929 8
55459 10
67699 1
226598 5
53890 0
53020 10
57910 1
51810 6
57700 5
54449 10
55310 0
52779 5
57390 10
54039 4
56010 0
51809 0
62009 1
51460 10
52239 0
58660 10
52209 6
57820 10
52969 3
54990 5
51109 7
56269 5
53869 1
54890 10
51689 8
56259 10
49970 8
59649 9
52640 6
55889 0
60070 5
54249 5
51380 3
55219 3
55380 5
56690 7
56669 6
56569 7
52159 1
56210 10
55459 4
53030 2
54279 7
53450 7
55300 11
54429 5
55639 7
56999 0
63779 2
52890 2
59700 4
53000 0
57679 10
59039 11
55020 0
55989 4
54050 8
56799 5
56419 0
56539 5
55860 2
55769 6
56329 10
63370 9
55169 10
61289 7
55729 0
56399 10
53630 2
57539 8
50630 1
56749 10
55290 3
55499 5
54660 0
57349 7
52170 11
56490 6
54999 4
54820 11
53279 11
55110 7
53509 0
61870 10
57229 7
55370 1
56439 1
56189 1
55879 1
51969 8
54230 3
55249 1
55460 4
55099 8
57510 10
54389 0
54609 11
53309 8
63300 3
60889 9
51490 6
56569 3
55529 2
58689 8
59000 5
58220 1
57899 7
53340 4
58839 2
56359 2
60740 9
51380 0
55559 3
59109 7
57990 2
65049 8
54910 4
58420 5
56369 7
58629 0
58899 0
50820 3
55939 6
53000 6
55949 8
53890 0
55609 2
55060 4
57340 11
58259 9
51680 5
54939 8
18073041 1
77689 1
56590 9
52359 1
57240 9
47769 0
58970 9
50660 7
52210 8
56689 1
56149 5
50860 2
54159 10
51550 3
57579 6
53570 10
63920 7
55069 11
58339 10
55910 2
58259 3
52750 7
57569 8
52810 7
57829 6
50539 10
55470 1
54130 3
56060 7
57929 1
62130 1
57789 8
60659 5
58600 0
55380 5
56350 5
58999 9
56930 2
50949 3
54420 4
54429 5
55809 0
59679 9
50130 1
57440 9
48629 8
55890 0
54569 4
57310 7
54369 4
50960 5
64579 4
54310 3
50430 0
54980 10
55209 7
54139 1
57680 0
55789 7
58270 9
53019 9
49500 3
55409 8
55229 3
55309 8
52640 2
