17970 12
9859 4
7369 14
6849 4
26800 7
4560 1
5470 9
11929 9
12619 7
4660 9
5840 1
4820 9
6210 5
6100 10
6770 6
5060 14
5130 14
2970 0
5320 14
6749 12
9869 11
7500 9
6490 13
8310 11
8240 9
5360 5
320 0
470 0
6530 8
6300 12
14809 15
7840 4
8280 1
8830 11
7650 7
10239 11
4949 13
6499 5
5800 10
630 0
6420 3
7190 15
6550 14
10490 2
5910 6
4489 8
6009 1
7520 1
9820 6
5220 10
5860 13
11940 4
5330 14
6750 14
5040 12
17260 13
4590 2
7190 2
5980 14
8540 11
9960 2
7459 4
4689 9
5989 1
4700 1
7660 13
280 0
260 0
5420 2
12110 1
16530 5
4580 2
7289 10
5120 11
5520 7
13770 4
5950 4
8050 4
250 0
4800 10
4470 8
4740 11
5979 1
4300 12
340 0
9560 15
6240 1
6680 9
9110 9
4120 8
5660 14
5900 3
5350 9
8899 6
4949 2
8039 3
9840 13
6670 10
4000 5
4240 2
420 0
5880 11
4910 8
6690 13
4160 11
7380 14
4040 1
270 0
7570 8
11180 14
3950 6
13950 15
6390 7
5080 9
10071 3
5070 14
9570 12
330 0
4760 15
8870 3
6700 13
17409 14
4400 2
4031 3
5630 13
13690 15
7380 6
8210 9
6060 14
5270 2
8330 15
5569 4
4029 13
4129 7
10950 4
20250 6
5440 1
4150 12
9350 15
6191 5
4420 15
4810 9
3120 1
7570 11
6600 3
5150 4
12900 5
3910 14
7840 7
5360 8
5280 12
3490 1
310 0
3640 1
5220 7
4360 9
5430 8
9270 10
4530 14
8990 8
3040 1
10380 8
3969 8
7080 11
770 0
4210 3
5460 14
4080 3
5780 7
10100 8
8670 5
4160 13
400 0
4060 14
4040 1
5549 8
5410 9
8340 12
5200 8
6340 3
10660 11
4280 12
4700 11
6520 12
3600 2
4910 11
5140 12
350 0
4870 14
7880 12
2940 12
4360 15
6570 14
5180 11
4590 6
4020 6
4899 8
7569 8
10649 12
8810 9
4270 6
5390 2
8630 8
5870 11
7030 13
4779 14
4480 5
5051 15
4210 15
9970 13
3600 13
5410 13
3120 1
7390 14
5780 10
4100 11
11259 1
8929 7
5209 15
4980 9
5400 8
310 0
6780 2
6900 10
10180 9
5640 10
6290 11
10960 5
9720 14
5200 0
4530 15
5470 2
8580 6
5220 10
13880 1
6669 14
5429 14
5720 12
5770 10
4040 2
8490 4
4090 11
8050 9
2590 0
5580 15
720 0
4120 12
4640 6
4429 10
9889 9
4660 10
5520 8
10340 3
11340 3
6780 4
360 0
4120 3
4729 12
4829 9
8290 8
6300 10
8540 3
14500 5
10020 12
470 0
4730 1
8390 5
5860 13
4400 7
360 0
4950 14
12320 2
4690 14
8460 11
4310 13
5890 7
5340 4
7840 14
9700 2
6160 13
8070 8
7300 4
6690 15
6060 11
7910 4
9350 13
331 0
4260 6
3699 2
4040 12
4480 14
5830 1
4030 4
6800 14
7090 10
9160 8
8230 15
3749 2
7851 12
14590 11
8490 4
8080 3
4770 9
9000 6
6390 10
4809 14
9859 4
7700 11
5660 13
3530 4
4880 4
6030 2
7910 5
4080 13
6979 1
7209 7
4700 3
4890 11
6720 15
4880 12
4570 13
3720 10
6600 1
4210 5
6440 7
6010 3
370 0
4440 8
4131 9
3940 12
5409 14
8270 5
15390 15
4420 3
8500 6
5490 10
8439 2
7580 4
5139 6
5790 14
6770 3
5910 9
7970 8
5660 6
360 0
4700 2
3890 5
4299 14
500 0
4900 13
4200 3
4439 2
6220 11
5400 3
6580 14
5500 8
6430 14
11440 1
4760 11
6290 14
6280 9
11140 3
5460 10
5200 6
8240 1
4620 11
530 0
6950 11
13939 7
8531 4
5120 9
11380 2
8850 8
510 0
5680 7
9690 12
4610 11
8320 8
9609 8
12000 11
5560 15
9540 12
6890 14
16710 2
9731 4
12379 4
18560 9
5340 3
5750 1
5620 12
2960 1
12009 5
9010 9
6520 6
6380 12
6130 14
11650 3
4000 7
9229 3
5760 13
4080 6
4650 6
5040 15
3990 1
5430 8
3650 2
6850 14
13140 4
5050 7
3910 12
4071 6
7160 12
5109 1
7060 11
3160 1
5340 12
8520 9
6540 14
520 0
3890 2
5150 11
8009 7
8529 13
5520 11
350 0
4910 2
9850 14
5480 6
440 0
8060 14
4000 12
5510 8
9680 7
9230 6
6240 2
7530 4
310 0
9110 3
5060 8
4760 4
4040 3
4760 4
4790 15
5130 10
4500 6
8860 10
17480 11
4620 6
5580 3
7790 14
6260 3
400 0
350 0
260 0
4840 2
5000 4
15079 13
4330 10
12400 3
5090 12
1020914 7
6649 4
9300 15
3965857 3
4430 12
5890 10
5540 3
7230 3
8010 13
5240 9
7940 11
5160 7
7160 14
4930 12
7090 14
5000 15
10629 5
6860 1
5600 14
13660 7
9560 1
14490 3
5489 9
7000 13
4020 3
5700 13
6750 13
11410 2
6930 3
7510 5
12059 12
4700 6
7100 3
5260 12
15730 2
5230 5
7480 7
8380 2
5380 5
5691 2
9310 10
360 0
320 0
4760 5
320 0
6870 1
5560 12
9010 5
5140 11
6230 11
6180 1
5520 5
4440 11
7330 5
4050 12
7260 1
9190 1
9980 14
7560 2
4599 14
8080 3
5479 7
11340 3
5440 10
3380 1
8510 9
6980 13
4590 8
5280 15
7340 5
6260 4
6440 14
10390 11
8560 4
3260 1
4870 10
4830 9
7490 12
6860 4
6191 8
9250 4
14710 7
6510 8
4220 15
5190 2
5030 10
7550 15
4750 13
5491 14
7919 15
8230 2
4980 1
6840 4
4160 15
17340 3
4470 3
6799 5
5151 5
3769 2
4280 4
5500 14
4250 4
6230 9
7820 3
9280 4
6390 10
4650 8
23980 13
6730 8
350 0
6960 9
8100 6
8920 9
4930 8
9510 12
4271 7
7930 4
5330 9
4330 1
4820 10
8830 13
4820 8
12300 13
5159 15
6520 10
7819 7
11160 7
10120 13
5000 8
4540 6
6060 12
7750 10
4059 8
4380 13
5140 13
5919 13
9980 6
6310 5
8050 5
5350 8
5300 1
6740 14
490 0
8789 2
4509 7
15209 2
3640 1
9640 7
4560 14
3920 4
5360 13
5590 8
5810 7
4140 2
10809 4
4160 9
6910 1
3950 13
6520 14
4480 12
5710 10
6050 14
390 0
4750 4
11330 4
5299 13
10840 4
8980 8
5670 13
4080 13
400 0
16170 11
5620 13
9371 2
4079 3
4610 9
5780 1
9070 7
7340 8
4490 13
320 0
7350 7
5100 14
13120 6
6840 8
4870 14
4130 2
11390 11
6600 5
5370 9
8780 4
5129 7
5289 7
4949 2
4519 7
5000 8
5380 10
6740 4
5940 14
4300 8
3420 8
6360 15
6390 13
7870 4
4760 7
6970 5
7780 8
5240 14
320 0
8180 11
6290 4
4000 7
4860 6
340 0
4750 13
8140 15
10270 12
4090 9
5880 8
3820 13
9000 5
4080 14
3790 1
7350 8
5830 6
3649 12
5820 10
4460 3
371 0
5419 9
8110 7
4260 1
5090 15
4860 13
5030 12
4990 11
5430 10
2960 13
5579 3
7280 11
5749 7
5630 7
9790 2
7430 9
4830 12
6930 9
4870 5
3900 8
9890 7
4440 13
4099 14
3890 7
11390 15
4380 5
10790 12
5450 10
4510 3
6920 13
5439 2
9829 10
5310 13
12410 2
2620 1
8570 9
3950 9
2370 0
7350 9
4260 12
4519 13
6180 3
5059 14
4840 10
5250 12
8520 14
5490 8
4840 9
5500 15
4090 11
7440 14
3590 2
5651 1
371 0
7890 11
5290 8
9000 7
4350 12
12950 3
4470 10
9310 5
6639 12
3300 1
8310 14
6810 15
3260 7
4130 4
7310 10
4990 13
7040 14
4370 10
6880 9
8690 7
3249 7
6820 4
4100 8
5320 3
8660 3
3640 9
7060 6
4880 9
370 0
4080 2
6800 5
3960 1
500 0
17250 9
3720 12
4950 3
4110 7
5860 12
4330 8
4300 12
5220 8
4730 2
5600 15
4720 6
6679 4
3660 7
350 0
8550 11
4370 8
3810 10
5000 14
4600 9
4340 5
4760 5
7960 5
5560 7
391 0
10089 14
4320 12
9100 11
10300 11
13830 5
3930 3
4570 2
4469 2
4820 13
7390 15
11330 12
7590 3
5710 9
340 0
8370 2
3390 14
5480 13
4600 1
5530 9
6240 9
7699 7
8570 4
5510 14
350 0
4320 3
4280 9
4160 11
5000 2
4690 9
5690 8
4790 14
6140 9
14889 14
7690 13
5150 5
13010 1
6070 15
4170 2
3819 12
11600 8
5819 7
5190 1
4760 3
4790 2
1960 0
5270 5
4080 6
3930 2
4430 7
5350 10
8069 8
3869 5
3391 1
10149 3
6750 8
5300 14
7290 3
6280 4
410 0
5040 9
7960 5
7039 11
5371 5
11439 3
19620 8
9810 1
4660 13
5800 4
3790 7
8620 9
4109 3
6149 2
4130 15
4470 6
7960 15
390 0
6040 3
11230 12
3410 14
3840 7
6689 6
8260 13
5010 11
4190 6
5310 7
6370 11
9270 11
4490 2
7500 10
3580 3
11439 3
16179 8
5560 6
5490 9
5650 14
4260 2
7260 3
10890 10
4480 7
3940 7
8710 5
3200 1
6010 11
390 0
4600 1
2280 0
5000 10
5630 6
3710 13
5590 14
12379 3
5540 13
4369 11
17359 15
9010 2
7630 8
4180 11
370 0
4900 1
3320 9
3730 4
8290 15
6950 15
9140 10
5370 2
5360 12
9440 14
3910 3
3880 12
9280 11
6529 14
4869 8
6919 12
8720 13
4500 3
4240 13
360 0
4550 4
4580 6
5160 4
4420 9
17919 4
4060 14
5389 14
12620 13
5430 10
4980 8
6240 10
9990 8
4200 8
4380 8
6429 4
6029 3
5540 5
11440 1
3930 15
13050 1
4650 9
4900 10
4810 7
5620 1
8620 12
8930 12
4950 15
5620 6
9070 5
7530 3
127518 14
4250 9
4080 3
5979 4
8760 3
5829 4
390 0
270 0
7560 3
4010 7
4970 14
3370 14
5790 2
5720 4
4260 3
5660 5
156547 15
4470 2
10310 10
4590 10
3890 7
8780 8
4509 9
420 0
6709 11
4729 12
4850 15
3450 4
5250 11
3390 14
3830 5
4380 5
4700 7
8290 15
168617 11
