70079 4
55779 4
60939 6
61369 4
63089 7
61369 1
75148 1
57720 1
60909 7
61169 1
59309 1
55369 1
55509 5
59919 2
56349 6
55829 6
55910 6
60039 0
52509 6
52659 4
55829 3
55989 1
57019 5
131048 3
52609 1
54339 5
59279 0
56699 0
61979 0
76598 4
54539 7
55810 4
51279 1
55949 3
55969 7
55729 3
57429 5
56209 5
57809 2
65509 0
54179 3
53349 7
57080 6
62869 2
58479 6
59319 0
58709 1
62239 1
48839 6
30499 2
36259 0
32430 3
44389 0
46049 5
56259 3
60679 6
60339 1
62959 0
58779 0
85698 6
60428 6
62759 7
69590 7
57479 1
58079 3
60648 6
58530 4
62799 0
60999 7
59319 3
58079 5
60819 6
62329 2
60479 3
61289 5
61849 7
60099 6
59319 1
65849 6
58909 2
59869 7
55989 4
54079 5
54090 7
58859 4
58809 6
59949 1
60119 4
59519 7
59399 5
59489 7
58439 1
60289 1
60479 3
61899 3
75809 4
59139 5
61099 6
62709 7
53029 0
28619 6
29020 2
34539 0
56519 3
58940 5
58830 6
61328 5
64119 7
62170 7
60328 5
62019 5
58470 5
74418 1
55299 6
59420 2
60419 3
57439 1
61119 7
58059 7
61809 1
63589 0
64229 0
59939 2
60529 2
61539 1
62919 2
57629 3
57369 5
62279 6
65969 0
58169 7
57249 2
56189 6
58320 2
61590 1
57848 6
60250 6
59699 4
63129 2
59419 2
59859 4
62669 3
60989 1
69029 0
62019 7
71379 0
57719 4
59299 6
58129 2
60549 1
25910 4
27050 3
33039 1
33129 6
35060 2
42579 6
49319 4
53419 3
59810 5
67219 4
73059 4
56200 2
59499 5
57188 5
58960 1
58319 7
61869 3
62989 3
59739 7
61979 4
60969 5
61339 2
60619 1
58949 5
60259 7
59859 3
75049 0
61389 0
60729 1
59789 4
62149 6
58819 5
59079 7
59769 3
62239 6
61999 2
59769 2
61659 4
62499 6
63719 6
62089 3
61559 1
76739 0
62539 6
62679 0
61819 2
62629 5
60129 6
69369 0
63319 5
31689 6
28220 6
26720 7
33490 1
37729 0
35300 2
35039 6
53509 4
47580 7
50509 4
61179 6
61939 4
61689 1
62409 3
60799 1
56939 4
61659 1
58139 6
60419 0
63189 2
60099 3
60249 7
60699 5
61129 3
68719 0
59249 2
57669 6
59889 6
63089 0
60569 6
62728 4
62248 0
58088 7
61770 6
61119 2
58599 4
59049 0
63319 3
65269 0
60069 4
76939 3
57750 4
58699 7
61968 2
62688 6
61749 2
59189 3
63129 6
59589 3
64949 6
52919 2
52259 0
63959 0
63169 5
65239 0
60959 1
60649 4
62809 5
61680 3
61059 3
71038 1
60149 5
59619 3
59050 5
59499 4
57899 1
60139 1
63509 6
57829 2
61599 6
57509 3
59869 7
59239 3
56589 2
57599 1
57099 1
58249 5
74009 0
57399 7
55739 5
58469 4
60589 6
56370 3
58719 4
59799 1
60039 2
56919 1
58519 4
59019 4
60939 0
59699 4
60879 7
58339 0
57509 7
61179 2
60539 2
58389 7
60389 5
47320 6
36559 7
43609 1
44779 6
52169 0
57879 2
55388 7
60188 2
57450 1
70649 7
54260 6
56409 4
59499 5
64729 0
60109 7
60399 2
58999 4
60219 1
59199 1
58649 5
59759 6
58629 4
61139 2
60189 6
68438 0
60610 4
71429 4
59129 5
56110 4
60719 0
60939 5
59990 5
60810 0
58930 3
58069 5
63079 2
60639 3
59969 1
60949 1
57449 7
60009 0
60579 5
115148 0
57819 7
57749 6
63409 6
71569 0
59999 6
62369 2
50310 3
51770 5
39859 1
31830 7
33349 7
35160 2
34369 1
59049 4
46760 1
46570 5
50959 0
49429 7
46179 5
45520 6
49440 7
48659 7
47079 5
49559 4
47950 2
47669 3
45399 5
46700 2
46420 2
43799 5
48309 2
46989 1
44590 1
45159 1
55979 0
45030 1
42840 4
43889 5
49429 3
45490 6
41379 2
42449 4
44249 6
48909 0
46279 1
47299 7
42190 3
45899 6
46339 2
47739 1
47539 0
48439 3
48569 0
49159 7
47629 4
49949 3
53139 2
46649 5
39859 4
34020 3
33409 3
35010 5
35729 3
36340 2
42529 2
43739 5
46400 7
47979 4
47069 3
47019 1
47850 0
49730 2
45089 6
53409 5
39410 1
39149 1
44939 1
46399 7
47590 4
44019 6
50859 0
44060 3
46330 1
45309 3
48579 2
45100 1
49130 0
40119 6
47329 1
46739 6
47149 5
44529 5
41900 1
48140 7
57109 2
44819 4
41709 0
46009 7
47369 1
47089 3
44970 2
48129 0
46749 5
49779 6
46649 2
44829 7
50309 2
47389 0
46120 5
28919 3
42750 0
33259 1
34119 0
35160 2
36130 6
34789 5
39389 6
35200 3
42979 5
44469 3
45000 7
43859 2
49849 0
45449 3
59990 0
47400 1
45849 1
47679 4
46749 7
41840 7
40759 2
46040 2
45549 4
58939 6
45599 3
46739 4
47940 3
40119 6
47249 0
47320 4
47699 5
41429 3
46329 5
49540 0
43460 4
46549 6
48799 4
46510 1
44850 4
48889 6
47689 6
49300 5
45609 2
42829 0
60859 2
43210 0
44140 0
47389 0
46979 4
