2380 2
11090 0
19988381 3
80003683 1
560 2
20000211 0
360 2
360 2
300 2
4180 3
2810 0
2600 0
3520 1
2060 0
320 2
6220 0
3149 3
691 2
3040 3
3289 1
7420 1
3530 1
2750 1
5060 0
6800 3
360 2
400 2
3150 1
2970 1
440 2
4850 1
7240 1
6110 0
2810 1
2380 0
2620 3
2370 3
2490 1
2410 3
3170 1
2690 1
2540 1
4250 3
290 2
5280 3
340 2
2810 0
2169 3
220 2
2380 1
371 2
200 2
2431 1
2220 0
2249 3
2340 3
2060 1
2320 3
2580 0
2580 0
3360 1
3220 3
290 2
2960 1
220 2
250 2
2660 0
2340 3
230 2
330 2
2180 3
340 2
2490 1
360 2
2620 0
2580 0
2140 3
2700 3
2330 1
2440 3
340 2
2160 0
2230 1
2310 1
3330 1
2550 3
300 2
3220 3
2490 1
260 2
2440 1
2110 3
2580 0
3000 3
300 2
3500 3
250 2
2689 0
1969 0
360 2
2171 0
2169 1
3080 3
2031 3
280 2
1769 3
3191 0
2220 0
229 2
2530 1
2540 0
2270 1
2340 3
250 2
2680 1
320 2
400 2
2900 3
220 2
2040 0
2090 0
2170 1
2300 3
1850 0
240 2
2110 0
2120 0
1870 3
3280 1
3210 3
2110 1
2760 0
230 2
250 2
200 2
3510 0
280 2
2050 0
2060 3
2010 1
2060 1
2340 0
250 2
230 2
2300 3
1960 3
2360 3
1980 3
2210 0
2820 1
3110 0
1890 3
1869 3
2251 0
2060 3
2389 3
2291 3
2060 1
1809 0
220 2
2551 0
1891 1
340 2
2559 1
220 2
1850 3
2530 3
2090 1
2900 3
1730 3
1890 0
2320 0
1910 3
2500 1
2500 1
2230 3
2250 3
260 2
210 2
2430 0
2210 1
2050 3
2210 3
2100 1
270 2
280 2
2270 0
2380 3
2160 3
290 2
2000 1
340 2
2810 0
200 2
210 2
3030 3
2480 1
2060 1
210 2
2210 0
2340 0
1930 3
220 2
2210 1
3359 3
2509 3
231 2
240 2
2240 3
2140 1
209 2
2700 1
1980 3
220 2
2320 1
1820 1
2129 3
2429 0
320 2
280 2
2040 1
220 2
2240 1
1710 1
2280 3
2140 0
250 2
300 2
2270 0
3340 1
2280 3
2420 1
2810 1
2130 0
290 2
2340 1
210 2
1990 1
2000 0
2130 3
2500 0
2160 3
210 2
2420 0
2550 1
330 2
210 2
2480 0
220 2
2450 0
1890 3
2150 1
3730 0
220 2
2550 1
220 2
230 2
2200 1
350 2
2120 3
1960 0
1800 0
1960 0
1950 1
280 2
2549 3
2331 3
2129 1
1911 0
2109 0
1880 1
1969 3
2340 1
1911 0
529 2
2111 3
2329 3
2280 3
2090 1
260 2
2160 1
210 2
2440 0
240 2
210 2
2240 1
1850 1
2760 1
2210 3
260 2
2080 0
1960 1
2200 1
2010 3
2150 0
1870 1
2190 3
1890 3
1920 3
2040 3
2640 3
2380 0
2090 1
250 2
2370 0
2320 3
1830 3
220 2
2580 3
2150 0
290 2
2070 3
2000 3
2280 0
1880 1
260 2
2130 0
2250 0
3040 1
1859 1
211 2
1800 0
1771 1
2080 3
1840 1
2080 0
2420 0
2060 0
2331 1
2249 3
220 2
2279 3
2230 1
2350 1
2560 3
2180 0
2090 3
2060 3
220 2
2320 0
2210 1
2490 3
230 2
240 2
2420 0
1950 3
2460 3
1930 3
2060 3
2040 1
1950 1
4660 0
2190 3
240 2
250 2
2500 3
2070 1
2050 1
2150 0
1900 1
2320 0
2030 3
2200 3
2050 0
2300 1
2340 3
260 2
2500 3
1920 0
240 2
2440 1
1890 0
2800 3
2320 0
1740 1
260 2
2020 0
1811 3
2011 1
1980 3
1909 3
2140 3
1890 1
2160 3
2450 1
250 2
230 2
2170 1
2080 0
2310 3
2260 1
250 2
2780 0
2450 3
2290 1
260 2
3090 3
250 2
230 2
2040 3
1980 3
2000 0
1900 3
2200 1
1820 0
220 2
2090 3
210 2
3330 1
210 2
2060 3
1980 0
1900 3
2130 1
1970 1
2210 3
1990 1
2040 3
1760 3
220 2
1970 0
240 2
2320 3
250 2
2420 1
2170 3
240 2
230 2
2180 3
200 2
2179 1
2051 0
2200 0
229 2
280 2
2460 1
2051 0
2620 1
2320 0
220 2
240 2
209 2
2011 3
1949 0
2180 3
2070 1
2980 3
2200 3
1810 1
1950 3
1850 3
1840 3
2040 0
2430 1
210 2
2120 0
1940 3
2130 1
1990 1
260 2
2310 1
2520 1
250 2
350 2
1960 0
2200 0
2720 0
2010 3
2340 3
2010 3
1680 1
1930 1
2380 0
220 2
2630 3
2010 0
2080 1
1890 1
2020 0
2050 0
1810 3
1890 0
2170 1
1780 0
2209 3
1920 3
280 2
2220 1
1931 1
2029 0
2380 3
1760 1
2580 1
2080 0
2169 0
240 2
2031 3
2239 3
2220 1
1920 3
1870 3
1820 0
2090 1
1750 0
1930 3
1930 0
1960 3
1960 1
1850 3
260 2
2040 3
2200 0
1880 1
250 2
2010 1
2180 3
2170 3
230 2
230 2
250 2
2870 3
6370 3
2390 1
230 2
210 2
2020 3
210 2
1990 3
2520 0
1860 1
230 2
2010 0
210 2
2250 3
2090 1
2130 3
220 2
2000 0
2110 3
2120 3
260 2
200 2
220 2
1930 1
1940 3
1880 3
2151 0
2180 1
1780 3
2529 1
1840 3
260 2
2160 3
2080 0
1900 3
2170 1
1890 1
320 2
2230 0
220 2
1950 1
1880 3
1800 1
210 2
1980 0
2030 3
1990 0
2030 0
1690 3
240 2
1960 3
2120 1
2190 3
220 2
320 2
2230 1
2980 0
1900 0
2100 0
1890 3
2350 3
2000 1
1770 3
1880 3
1790 1
2370 0
2920 3
240 2
220 2
2650 3
260 2
2010 3
1770 0
2030 3
1890 3
2050 0
1900 3
1900 1
2030 1
1940 0
1920 0
1770 0
2089 1
1960 1
271 2
3300 1
240 2
240 2
211 2
2320 0
1880 3
1989 3
1969 0
2251 0
2189 0
230 2
210 2
2450 0
1920 0
260 2
2030 3
2030 3
2190 0
1890 3
260 2
1950 3
220 2
1980 3
2270 0
1970 0
2340 0
2170 1
250 2
2430 1
220 2
1980 0
1870 1
2000 0
1950 0
1790 0
1970 0
2110 1
2820 0
1880 0
270 2
2370 3
1890 0
1990 3
2100 3
1960 3
260 2
1990 3
1830 0
2040 0
2380 0
1870 0
230 2
2550 3
1990 3
2270 0
230 2
2359 1
1740 3
229 2
2231 1
240 2
2100 3
271 2
2240 0
2000 3
1989 1
280 2
1900 0
289 2
2011 1
260 2
2469 0
1980 0
350 2
250 2
2740 1
1950 0
260 2
1970 1
2000 0
2050 0
2130 0
330 2
230 2
2560 0
240 2
200 2
2870 3
2010 1
2580 3
2150 3
2080 1
1960 3
250 2
2110 1
2160 3
280 2
2340 0
2050 3
2060 3
1940 0
270 2
1930 3
2020 1
2150 3
200 2
2060 3
2020 3
2140 3
2030 0
260 2
2010 1
1970 1
200 2
2240 1
220 2
1920 0
1800 0
2630 1
2090 1
2170 1
269 2
249 2
2489 3
1931 3
1889 3
231 2
2280 0
3100 0
1969 3
280 2
2120 1
231 2
2229 0
211 2
231 2
2739 0
320 2
200 2
1870 3
2080 3
1920 3
180 2
2160 3
1880 0
240 2
2240 1
2330 3
210 2
220 2
2110 0
2630 1
190 2
2360 3
2060 3
230 2
270 2
240 2
2460 1
1920 0
210 2
1940 1
1890 0
2320 0
2540 3
1880 0
1930 1
210 2
2540 3
1980 1
1870 1
2060 3
2060 1
1830 3
1800 0
1930 3
1900 1
250 2
1830 3
2240 0
1800 3
240 2
2290 3
1750 0
1860 0
1999 1
1751 3
2080 3
2089 0
2540 0
2080 0
220 2
2040 3
2040 3
2069 3
231 2
2200 0
2049 0
2110 3
1800 0
2010 3
1940 0
2100 3
1800 3
230 2
2080 1
1850 0
1750 3
2140 3
2200 1
210 2
220 2
2000 0
1680 3
1940 0
1950 3
2660 0
2200 0
1890 3
2140 0
2190 1
1870 3
240 2
1970 3
220 2
2410 0
250 2
2150 0
230 2
4080 3
1800 0
2080 0
2210 1
240 2
250 2
220 2
1970 3
220 2
2070 3
1960 3
1930 1
1730 3
1850 0
1900 0
2199 0
240 2
240 2
380 2
2080 3
1760 3
1920 1
1920 0
1969 1
1991 0
2020 3
2100 3
1989 1
240 2
2530 3
220 2
240 2
2280 0
1900 1
220 2
2280 3
250 2
230 2
2290 1
230 2
2220 1
1770 3
2050 0
1900 1
250 2
2220 1
1820 1
230 2
2550 3
2860 1
270 2
2270 3
2230 0
290 2
2430 0
2060 0
1940 0
250 2
1930 0
1770 0
2300 1
1960 3
230 2
1980 3
1710 3
1960 1
1960 1
1780 0
1960 1
1830 3
250 2
1970 1
230 2
2090 3
230 2
2040 0
1670 0
1950 3
1810 1
1810 3
2009 1
1960 3
340 2
211 2
2671 0
269 2
1960 0
1791 3
2529 3
2291 3
1760 3
249 2
2320 1
231 2
2009 3
240 2
2150 0
2100 0
1940 1
220 2
2030 0
1910 0
1830 1
240 2
2320 3
240 2
260 2
2180 3
1830 0
240 2
2050 1
1710 0
1910 1
2140 3
2150 0
250 2
240 2
1940 1
2080 0
1950 0
240 2
2030 0
2100 1
280 2
230 2
2490 3
210 2
270 2
2190 1
1800 1
2060 1
1920 3
280 2
2250 3
1660 0
310 2
2470 3
1750 3
260 2
2060 3
2180 3
2170 3
330 2
230 2
2090 1
2080 1
1850 3
220 2
2120 3
2000 0
2109 1
220 2
240 2
229 2
2060 1
251 2
2109 3
240 2
2251 1
3100 1
249 2
240 2
2320 3
1691 1
1920 3
61229 3
