219019 4
97749 17
94789 17
188269 6
212578 5
96709 10
39314907 13
197418 6
189479 3
56429 12
29568537 19
97789 23
71580 18
42769 12
184019 1
92249 20
153229 21
186659 5
177568 1
179818 0
175539 1
42679 12
180299 21
192519 3
178909 2
111030 9
16940678 19
19986336 13
70969 14
137069 21
45880 12
79950 15
82540 16
284188 6
84989 23
388187 3
108509 9
38669 12
27180 11
18649296 19
27020 11
94869 21
90159 16
96889 21
191398 3
189524326 19
215098 2
251578 2
286138 6
184259 6
267258 5
171429 4
82949 22
58514729 13
81379 22
82149 21
120529 21
184049 1
188319 0
79239 10
41529 12
83049 8
178158 0
194779 6
172019 2
238218 1
38680 12
18313048 13
183669 6
160179 0
38080 12
69790 10
26670 11
35600 12
74280 15
101060 23
24390 11
173698 6
165318 5
82790 8
203838 7
84349 8
68439 16
81119 20
84149 20
78979 20
212429 7
94069 23
61130 14
173458 6
157819 0
169299 4
79550 9
126710 23
77714721 19
237318 5
19092133 13
180015384 13
219848 19
19763288 13
224158 7
79129 21
242628 19
167799 4
157968 1
113639 23
85989 22
39340 12
75519 10
76730 10
167008 0
33199 12
82750 22
214358 19
64600 17
77679 8
35080 12
94609 20
26740 11
148971327 13
189209 1
199718 1
79319 17
157709 8
52910 12
78750 15
84719 22
647776 3
250349 13
345707 1
33670 11
306718 5
65999 17
73780 17
25399 11
61709 15
63650 15
65969 8
72720 10
71159 16
88250 16
255499 19
79229 13
71089 17
87559 9
104029 10
111659 0
239319 7
108009 22
72849 14
230078 2
98789 23
482036 4
81419 8
491847 4
84470 16
310268 1
112799 17
88539 10
84069 9
227438 19
98849 21
132029 23
39030 13
88499 20
61580 15
59899 17
118979 16
89050 3
212578 19
36429 13
119279 21
62010 14
82239 22
77370 4
84629 5
82589 3
76669 18
73940 1
78240 3
71799 3
66470 7
68829 16
60870 16
73559 0
26220 11
215899 19
36230 12
73710 0
73139 0
87779 3
40249 12
76910 0
77059 3
85959 8
60999 16
67160 17
57929 15
72930 8
80829 10
79620 10
26660 11
64610 17
39054889 13
116259 6
180448 5
84139 18
97709 22
64050 17
212268 0
95270 21
101450 10
211188 20
182879 20
97659 1
185119 23
118799 0
89669 21
75029 8
285828 7
212968 21
57690 15
60349 14
92259 4
135249 5
57239 14
204789 19
24970 11
58719 16
97670 5
103750 2
59469 18
89510 23
80389 20
81810 22
90009 22
65219 16
24689 11
85440 21
78749 10
90769 21
219738 19
66659 15
80120 20
63309 18
92540 5
78549 22
102369 7
35235407 13
69639 15
58250 16
27160 11
23160 11
102229 0
60609 15
56130 15
57739 17
58580 14
87969 0
58160 18
89699 5
24080 11
19229642 13
103569 0
81679 20
87900 22
37270 12
86800 2
59159 15
29583167 13
104410 4
74209 15
24520 11
72879 10
103639 5
82619 22
35430 13
79119 22
81249 8
222788 19
60949 14
91449 21
82769 5
35200 13
91199 3
95239 7
37689 12
81340 20
95319 4
35840 13
98749 4
96590 9
88540 6
81439 6
82629 0
67219 18
91119 5
95229 2
101589 5
90089 1
81250 5
39009 12
234618 19
76229 10
90240 6
225049 19
37320 12
70719 8
37690 12
56919 14
62599 14
79939 22
231219 19
65629 15
104200 6
88660 3
100669 21
56970 14
104619 21
56970 17
91219 1
75710 10
59910 18
57210 16
54800 15
101820 0
76139 10
57970 14
209748 19
202489 19
24640 11
78789 22
57390 16
96360 3
95639 1
89989 22
75250 8
96449 7
211359 19
81929 1
65480 9
58729 17
35340 13
99019 4
96039 5
62819 17
36030 13
74729 18
66900 15
23700 11
90590 3
86529 4
95049 6
79600 22
103839 7
100800 7
85069 22
84169 20
35430 12
57310 18
87509 2
93999 23
89220 0
43479 12
77960 20
78789 21
159909 5
64130 17
55019 17
87190 3
63310 17
55820 17
91799 1
81379 8
84519 20
24850 11
37670 12
55499 15
91990 23
81820 21
79199 20
203788 19
95129 6
10079838 22
62419 18
89699 7
57730 15
70820 8
62309 14
82810 3
57990 18
82770 0
83880 3
67580 8
201209 19
38280 13
63839 18
81650 4
81969 0
90530 23
90499 5
84549 21
67700 18
58629 16
57880 14
24700 11
205018 19
60420 18
88879 0
83850 20
92189 2
221868 19
55630 17
64380 17
43060 12
25240 11
59120 18
76730 10
110369 21
101199 7
44029 13
86300 21
94080 2
97609 6
24530 11
85159 23
35070 13
91139 0
79589 22
37089 12
56989 16
101120 19
92549 4
61129 14
85180 9
61799 14
35150 12
66370 15
34559 13
109089 7
95559 4
78989 20
80360 10
109149 6
59520 14
79109 21
92209 7
102109 0
58480 18
36800 13
80869 5
57940 14
78319 22
58500 15
83119 6
83230 22
95619 2
56940 17
78240 9
79149 20
83610 5
54410 12
83180 20
60840 16
67929 10
67809 8
62129 15
92269 21
43290 13
93089 1
73810 10
79849 22
36540 13
66819 17
205708 19
271238 2
86990 0
83280 20
93389 4
93149 0
91540 5
34930 13
38560 13
46070 12
80350 10
90410 5
56499 16
83050 22
92419 0
60970 15
37869 13
90230 7
40120 12
95729 2
90639 20
58710 16
89339 2
99519 6
58480 14
93869 6
102280 3
103020 2
83119 20
95249 4
116269 23
57339 16
37370 12
57610 17
6134096 6
83050 15
212458 19
90619 21
55929 18
83590 21
86340 19
84849 6
37330 12
71449 8
93339 6
43619 13
86609 9
88909 22
72580 8
42479 13
56229 16
95119 6
96460 5
85899 6
80539 0
83309 5
55340 18
24590 11
88240 0
56619 14
93340 21
57449 14
68310 17
98449 1
63609 8
90159 1
96149 2
75400 8
91539 23
56729 16
74619 9
91259 1
36310 12
81770 9
59449 13
36690 12
59140 17
84390 3
83849 20
59030 14
55729 16
80750 8
64769 17
85790 21
208678 19
112899 5
72070 9
63829 9
207779 19
120919 23
93309 6
37920 12
94509 1
82970 20
81649 2
102820 22
35309 12
147029 3
85050 3
60249 18
95900 7
90210 7
56199 14
90220 4
216988 19
93460 3
100209 6
94609 2
26230 11
64549 15
74199 9
56910 14
92709 0
85849 21
91270 1
88429 23
79999 9
84199 9
95109 7
78270 8
93309 6
100689 3
93599 4
97939 2
37079 12
93389 6
37069 13
25371 11
94309 7
84239 22
224849 19
57570 16
85119 6
79319 10
81359 20
210889 19
57369 16
95300 5
80859 5
23860 11
75730 10
90769 23
87039 2
56130 16
59939 18
55950 14
57589 16
103659 7
93409 1
74479 10
79069 15
107469 23
87440 2
87200 2
87939 23
86890 22
85209 4
151179 0
90019 4
36610 12
55790 16
208948 19
227699 19
100700 7
79039 15
60690 14
37150 12
93020 2
94489 3
77640 10
93710 2
91389 3
79900 10
36479 12
99020 1
24950 11
24620 11
35280 13
64499 15
91629 0
76039 10
59460 14
92789 5
74810 9
83479 10
39080 12
76409 10
96300 2
104879 2
95239 4
56640 14
58140 17
60630 16
57930 18
85459 4
57750 18
56040 16
75280 8
69009 10
55410 16
91219 5
10075158 9
61749 16
163359 7
60769 18
103059 6
83789 8
126219 23
216209 19
73709 10
38080 12
100789 4
90789 0
59319 14
35200 12
95399 1
93499 3
78009 10
38019 13
80619 8
78940 9
81280 9
97569 6
83810 8
84569 8
86899 23
94400 5
57759 14
84980 22
58219 16
96959 3
92579 20
97099 4
102920 5
102790 6
98869 2
55900 14
27929 11
58560 18
55379 14
23560 11
85150 21
65049 15
66980 10
56709 18
35100 13
36530 13
98629 4
59550 17
25070 11
62620 16
60900 15
63319 14
98680 2
92380 0
27210 11
59499 15
56490 18
23440 11
97459 6
57630 16
96890 1
95119 0
226339 19
84910 21
44330 12
91540 21
88069 22
58140 15
158419 0
88269 2
89229 23
58949 14
59880 14
55520 18
90789 0
36709 13
57190 18
82299 9
91619 3
92729 2
79489 8
84020 21
84609 20
25300 11
89649 2
93130 23
97099 7
221068 19
91989 5
91849 0
93939 1
83510 21
57719 15
92449 4
98299 7
72340 15
221028 19
96739 0
92970 4
100589 0
211218 19
84940 5
86769 7
81170 3
95569 5
36660 12
106990 5
75289 8
82719 5
23960 11
79240 5
89269 5
96089 3
85569 3
85069 1
55950 14
98479 5
56320 17
78479 9
38110 13
67070 11
73379 10
83819 7
81650 6
70599 18
71310 8
83309 22
37430 13
34630 13
92350 7
62650 8
69160 18
63509 9
89609 3
92569 0
93929 2
37049 12
26960 11
74810 9
35480 13
34310 13
209288 19
89999 0
62790 17
87280 2
88939 4
90849 3
80030 10
92679 0
73460 8
55249 16
23730 11
91330 22
84250 22
97069 7
35700 13
94259 2
56700 17
68229 15
94460 7
37790 12
33530 11
26390 11
96409 23
87139 20
79110 8
92809 5
87050 21
56669 17
35390 13
79030 9
94890 4
68289 8
35820 13
83640 6
35890 13
65510 16
71779 9
89909 23
94799 0
56279 17
56870 18
85069 19
57079 16
86510 0
60289 17
86829 5
86089 23
80199 8
93140 19
101559 5
93729 3
74030 10
59949 14
80610 1
59079 14
84520 23
75319 8
89789 4
93490 4
108429 5
61040 16
35569 13
94610 6
64179 8
91699 20
68409 15
35990 12
87339 23
211259 19
88620 3
104799 5
36980 13
221268 19
86150 23
68069 14
90280 22
84479 2
85189 9
95440 2
211958 19
81139 2
83609 6
69140 9
25010 11
94919 6
64350 17
72070 9
85940 21
83269 20
80570 0
35560 12
79479 0
41560 12
24200 11
94930 21
81829 0
63970 9
67419 8
91370 6
91809 4
37940 13
62749 17
85840 19
88369 3
78570 8
56070 17
91230 4
70094526 3
133559 22
27689 11
80020 10
142829 3
107519 22
120719 2
117629 2
100170 14
111929 4
240518 15
104289 12
26360 11
121939 4
117590 3
85100 10
25370 11
75119 20
107739 5
57580 16
107699 0
93740 5
17911371 13
76349 0
87389 1
67700 3
77269 1
