11188827 15
149338 2
38981137 12
79330 10
129628 6
84689 11
71519 10
148629 2
29715928 3
216447 17
89139 14
184638 17
54299 7
171198 3
94459 1
105559 0
18830346 12
66659 7
87869 13
147118 2
95299 4
9799904 18
166848 6
126068 13
59110 7
77589 10
90519 16
108748 2
9048423 12
93469 14
76439 13
85669 22
75019 14
69602274 18
35029 8
49411133 12
91310 19
135679 11
106398 20
362206 12
113889 15
100749 7
118838 0
133269 17
83699 15
92248 9
170387 2
115038 23
127638 7
139502104 3
697262 3
33509 8
110899 1
85159 22
105799 14
88419 22
144788 21
94909 11
77229 19
154498 3
112159 2
87329 16
72319 3
252347 21
69539 9
121859 0
74800 10
83019 13
7555210 12
30660 8
263067 12
101488 13
126709 2
92639 7
73609 22
74669 22
53539 9
86959 11
72599 22
89938 22
110639 0
109819 2
109588 15
100439 14
72429 10
88209 21
71769 13
146998 23
136968 11
70639 20
75929 11
78249 13
100918 7
93169 17
77969 14
96539 17
98049 2
76769 6
68589 11
57379 7
91328 19
86539 0
72050 11
78779 15
60700 13
84989 10
26719 8
17267795 18
95708 17
146008 5
117649 15
117169 2
98359 1
35539 8
79459 23
83659 16
112159 1
71439 10
111949 0
118718 5
125379 15
83589 23
115319 0
101948 2
73050 20
85970 18
107458 0
148448 22
143129 7
100239 19
114249 0
134809 21
70080 7
89329 12
50970 9
77099 22
59149 7
51530 8
85399 14
74459 5
69549 10
91729 20
94439 23
69959 13
70229 11
77219 15
123409 14
67049 11
104999 10
121718 15
88389 22
76869 23
81289 21
99619 0
50850 7
170569 1
168909 0
95589 19
62189 10
117929 0
87769 23
32530 8
61259 12
120469 22
125438 4
85189 7
75509 23
76279 15
73610 6
87048 6
24116904 3
82469 13
162848 5
164818 3
81819 22
92219 13
86729 3
101069 6
62479 7
83749 16
79289 5
99119 11
62869 22
75770 14
70379 10
128859 1
88059 7
69619 20
181238 1
82099 16
69149 3
50729 7
115288 10
37360976 18
843410 18
91550 14
81650 14
69060 7
104848 0
81010 4
226728 0
81779 6
410425 23
98219 15
68069 20
75719 22
5646873 3
74609 23
64289 9
155248 2
67709 6
88599 21
121929 16
82329 3
90239 18
79199 22
91679 15
74649 15
97769 2
10353017 23
76029 14
103499 17
95809 6
64689 13
94349 6
124439 3
164238 10
258137 18
68590 13
99988 20
96809 15
120339 18
87619 22
468564 1
110809 22
77479 14
142258 23
93319 20
185388 11
216047 14
96469 16
174678 3
79639 7
162088 2
254417 15
40840 8
167798 4
72579 22
84749 9
120089 14
226048 18
490204 2
143128 0
145169 22
100778 2
132049 17
232067 18
74979 3
46520 11
14718066 12
85379 15
99428 9
158588 7
85738 14
166949 10
118818 2
160888 1
99939 0
110679 21
116339 10
89779 11
80349 5
35739 8
73289 15
57490 13
63210 5
70579 5
122328 1
62320 11
8096683 23
269906 23
128549 4
75289 21
68759 6
103659 2
52199 22
62139 11
76299 4
101348 15
60909 16
100299 2
77988 19
78130 14
84508 4
9388868 18
582293 18
8660697 23
66230 17
70800 14
75069 15
77859 4
65939 22
57329 11
132849 10
112618 3
308886 0
65159 14
87459 13
396585 23
155179 16
60800 19
49389 13
154748 2
51420 8
105828 6
120548 15
65469 21
104259 6
184988 6
73229 20
121158 0
72449 11
195727 17
63649 20
71660 23
90909 4
225777 6
111849 22
221768 6
185548 13
84479 23
32789 8
80510 4
70099 4
46126723 18
1205405 18
83739 5
204368 2
164478 1
83739 11
109889 19
111868 0
332436 6
162409 3
85079 18
7284173 12
67439 7
90939 22
57989 7
98558 4
78409 10
54199 9
81779 22
676862 12
102809 20
181498 14
70939 21
102658 4
8611858 18
85179 17
79359 5
61639 7
101729 4
112699 17
75089 9
102769 3
78379 3
282986 7
122638 15
124818 16
98708 13
92539 14
98259 14
97909 4
95419 16
97669 22
29249 8
83029 14
54160 7
40279 8
80639 5
75179 5
167008 4
71679 20
76959 23
47417237 12
97558 9
84029 4
81049 15
94099 0
49178676 18
126429 2
118078 19
93039 0
86829 9
226977 23
159958 0
112849 2
718302 18
32279 8
103369 0
98559 6
104799 17
113028 19
98529 22
110329 21
338216 19
79999 5
167988 3
204407 22
82268 10
38149 8
125818 1
93618 20
146108 11
120648 1
189128 18
103389 14
160528 20
185498 0
168269 13
253477 21
99168 18
123159 20
72239 13
158078 15
99779 7
101129 22
104259 18
144999 15
310676 19
142188 9
98498 15
88069 23
194158 18
98529 20
148968 2
175528 18
304556 20
213158 23
372595 23
78470 13
138138 17
142008 15
117489 5
188957 15
90250 6
194128 23
108899 19
138798 4
115509 10
105898 4
100709 0
120009 12
140988 21
138338 16
119489 1
131119 19
51899 8
186058 0
233027 0
73539 21
153678 3
84289 3
96519 1
175898 19
98559 14
92909 1
86759 15
86069 14
70509 13
79729 23
70629 19
72469 4
86579 0
80209 17
115769 7
87599 3
94639 1
102388 3
71480 19
74249 19
78329 5
64839 9
71549 15
62559 5
78539 19
25700 8
77239 11
72250 22
74970 6
63400 5
7283423 18
85869 6
305277 12
185127 19
242447 1
94519 16
135899 7
99469 14
103529 9
157938 5
147528 0
145018 10
190688 7
96619 21
305686 2
95089 9
463524 3
113959 11
160188 5
100019 12
373855 5
116549 23
143348 21
113659 9
101969 10
105798 20
102148 20
172378 6
182958 19
110069 7
172758 4
120098 17
200268 22
123538 0
96458 16
215198 18
59389 9
115279 2
75139 7
147698 10
424945 1
127999 2
276147 22
113259 9
87479 6
93179 10
94129 12
134958 14
198788 0
190718 2
124379 21
223827 0
54640 8
100359 3
157469 23
83010 4
128278 16
352506 2
63499 12
154828 19
28057567 12
51349 7
75690 15
74890 14
70119 13
53159 9
67119 19
89548 15
177248 0
76019 5
116239 6
242517 6
31070 8
73359 21
95259 23
74649 23
940109 18
91879 17
175729 2
253677 6
133829 23
100019 4
318346 15
125188 21
429064 0
191868 19
94349 7
149308 8
128858 4
94308 3
137898 5
130168 11
87909 9
187248 11
128528 4
91488 14
49930 9
181818 15
103138 7
348775 1
201278 18
141528 21
272917 17
284816 16
58599 7
87509 6
166108 9
99349 5
79839 6
128538 22
72339 12
89269 10
78729 13
131449 1
322006 16
128928 7
124748 23
88739 11
159798 15
118559 16
181387 14
124108 10
154418 22
80249 13
92809 6
83759 23
170158 23
181758 23
138218 2
139459 12
199477 19
248727 21
143459 23
467344 17
353336 17
113218 5
1000657 18
92459 15
113309 6
77739 9
393486 18
88210 16
139218 3
340666 0
87719 20
94328 17
51870 9
148268 6
709882 12
260647 15
93689 21
255228 16
84979 4
170347 10
152598 10
166268 16
125738 17
283547 15
136238 0
174648 22
140358 18
32339 8
127669 19
93299 20
100298 19
135339 9
102119 23
182418 12
225868 6
143978 12
225867 3
114469 1
215587 11
236537 19
104039 5
34560 8
126329 13
236088 23
96949 6
308537 23
85009 9
121048 20
99659 21
212228 23
153508 14
164098 5
119178 0
125768 12
90399 12
4047772 13
81819 23
89129 2
16642622 12
77579 23
63799 11
752671 0
137729 4
228977 20
247167 13
125599 6
153078 19
151458 7
209387 13
100039 17
98959 14
350686 22
237087 17
87899 13
97819 15
244907 1
88309 19
244497 1
1074517 0
746071 0
141748 22
109379 3
88879 22
208718 17
117519 23
124858 18
95959 11
111429 6
85739 10
103828 17
156558 16
103509 12
125319 13
109219 16
95819 21
339156 1
269166 15
102659 13
155698 19
134019 11
117468 10
103949 4
31310 8
140178 6
374156 19
175969 12
120479 14
81489 23
44090 9
83950 11
211417 11
162368 15
114749 23
70057828 18
103299 19
131758 19
26569 8
179589 4
118369 11
123829 1
24579 8
39205435 12
51309 9
94819 23
75729 18
115869 2
88449 5
89228 0
101528 0
95969 1
192838 23
106729 2
31179 8
86859 18
97719 5
106159 2
109628 1
88479 11
96149 14
147188 15
202077 22
194918 11
189288 15
82889 7
93319 2
54710 9
86919 20
104259 7
131748 2
297076 4
30590 8
86599 20
102439 14
269617 17
234957 9
264747 9
78559 17
104759 16
100008 8
125009 21
142098 14
172228 7
81639 4
76839 3
81759 4
95029 9
218997 16
90659 4
67089 12
154968 10
43379 8
90349 13
88349 21
88659 14
91759 19
133578 11
124098 11
196718 10
110528 3
203628 22
31450 8
198268 21
71369 8
146219 3
28839 8
82309 7
148979 16
158349 11
105098 23
267247 22
171968 2
80059 5
88909 12
180718 10
340736 1
82309 20
112739 6
172797 23
201237 13
111029 2
319626 1
248507 14
154088 6
104569 22
181308 12
150158 0
27860 8
81079 3
121398 3
105538 17
79609 14
177678 22
71019 6
83969 16
90049 15
51480 9
154819 0
110688 9
75390 20
113779 1
25850 8
78179 14
70029 5
89639 1
71359 21
108259 15
81519 4
77529 23
74889 12
118669 19
70269 15
74469 23
102859 6
123088 1
68350 12
90110 13
77328 16
65770 3
123148 13
29620 8
68229 23
73269 6
92359 0
70379 5
78029 21
93398 4
92939 2
81809 17
62450 6
65079 21
67239 21
64949 13
81599 15
26430 8
76369 16
67489 6
74499 23
63339 11
70810 15
68229 3
73609 5
85899 2
57049 7
79779 14
76679 15
61640 4
76620 16
60169 20
69679 3
84539 14
68879 22
77919 23
65590 20
95619 1
83379 16
62219 23
3920373 18
69550 11
143838 23
9536296 12
86299 5
117789 19
29190 8
82959 22
9480087 18
88089 2
115759 2
846110 18
139118 16
193558 18
65219 9
161778 1
29060 8
76469 20
99718 13
82270 20
113688 5
133489 1
110768 20
76300 18
85379 15
87539 14
92129 2
97789 2
191798 2
59039 7
28610 8
67569 4
95139 6
90369 6
132908 19
52080 7
73459 21
69859 16
54489 9
67900 13
71489 23
58719 6
54919 7
76369 6
65819 20
68879 5
68279 6
59599 10
56460 7
100769 0
73909 22
67569 21
64539 7
94759 2
295136 1
100969 2
89349 2
71439 4
86349 2
26110 8
52489 7
68339 18
69009 21
68589 19
15163730 12
137328 16
79829 13
111539 18
80059 17
111698 5
221467 4
67149 12
116349 20
125568 13
85969 21
80979 9
206748 13
62139 12
62869 7
186228 6
101269 3
101869 5
231727 8
153598 1
156858 19
39410 8
113478 7
63919 11
75200 6
256036 15
69979 10
188218 17
107909 14
70610 10
146968 0
110848 10
340976 0
74210 6
