195938 0
117069 2
108250 3
110920 3
120399 0
109439 1
120019 1
123749 0
118689 1
116079 0
113969 0
113909 0
119168 3
114480 1
123779 1
113449 1
169949 1
111119 1
109669 1
115259 2
110479 3
112710 2
120988 3
106860 3
116459 0
118369 3
114959 2
117389 1
117159 0
119799 0
113729 0
105529 3
117189 2
116959 1
106659 1
115149 2
106680 3
112379 0
122369 3
108659 1
123979 1
114979 2
135359 0
120779 1
115949 1
124129 2
117909 0
118399 3
114609 2
110610 0
170368 2
118639 0
110528 2
118580 3
117989 2
125999 3
121819 1
110379 3
128019 3
119679 3
115409 2
123820 0
108288 3
111790 3
112639 0
113559 0
115419 0
131239 0
110399 0
117040 1
111999 3
114809 0
113129 3
113299 0
117439 1
114399 3
124609 3
117150 1
108610 3
116939 2
116879 1
118229 0
117349 3
113039 2
127619 3
118989 1
107909 0
114009 2
111770 2
116639 0
120329 1
113629 2
126669 3
121719 1
111319 1
113429 0
115788 0
118309 2
121269 3
117909 1
115559 3
135509 2
114009 2
106959 1
120919 2
117689 1
119788 3
121099 2
129629 0
118359 2
123919 3
111439 0
118249 2
111829 2
115369 1
113590 3
116770 3
119609 1
126079 2
105639 3
109809 0
118379 1
110179 1
120589 1
119479 2
112430 1
110990 1
127439 3
110879 1
116099 2
116859 0
114649 2
116379 3
121770 0
114449 1
151448 3
114190 3
114979 0
112529 2
124319 2
118309 0
113989 1
110479 1
114760 3
124310 2
111360 3
111879 2
108119 3
123869 3
123529 1
112979 3
113000 3
137799 1
110128 0
113560 3
124069 3
107729 0
114839 0
113099 0
107140 2
112199 3
122680 2
109969 3
116429 3
127889 1
128169 2
113889 2
114389 0
120759 2
121209 0
116360 0
124790 0
119730 3
120549 1
112079 0
113729 2
114029 3
113059 3
122859 0
109919 3
133668 3
116839 0
114200 3
122609 3
119059 0
120239 0
129629 3
118909 0
113329 2
114679 3
111779 1
112380 1
116749 2
113909 3
113099 2
128289 2
128639 1
108399 0
111749 2
118388 2
113970 0
111939 3
121069 3
127959 2
114169 1
107119 3
109509 1
112620 0
116510 2
111690 3
109169 2
114919 0
140629 3
106399 1
114019 3
123009 3
117299 2
118648 2
120530 1
126599 3
151958 2
111450 3
105689 3
112229 1
118599 3
121549 3
121029 3
324548 0
119989 1
111519 1
117559 1
120879 0
130189 3
125929 2
123209 3
127619 1
108770 3
115310 2
115159 0
122009 2
124549 3
112679 3
115239 1
128019 3
123409 3
108980 2
116359 1
113249 2
120529 3
126669 0
121619 3
117959 2
126849 3
112229 1
110329 3
111420 3
119099 3
111130 1
114419 0
124309 0
113759 0
124449 2
114079 0
113660 2
114099 2
125659 0
121539 2
111729 0
106559 0
120429 2
109419 3
110099 3
116379 2
112359 2
119109 3
126519 0
110229 2
118029 1
125039 1
110919 3
118270 1
128070 2
111999 1
114410 1
111559 2
110359 2
110339 0
125509 1
113459 1
115459 0
118279 3
127790 1
113569 3
118909 2
115989 1
132239 1
122289 1
122319 2
112219 2
113509 0
116149 2
119799 0
117090 2
156439 3
110479 3
122199 3
125379 3
118029 1
124619 1
118569 2
116479 2
127089 1
132729 1
118599 2
108940 0
118019 1
111070 3
113419 3
112169 1
114589 3
119949 0
121799 2
120280 0
110650 1
121910 1
115500 2
119139 1
117449 2
143089 0
107229 0
109859 3
110209 3
107969 1
111919 1
112399 0
113009 0
119229 1
127779 2
116739 2
114569 2
114349 3
114419 0
116360 3
130069 2
122849 3
111909 1
120639 3
112279 2
106909 1
108209 0
117600 3
115289 2
130739 3
126489 2
120989 2
116279 3
118409 0
117519 0
123099 3
131919 3
118270 2
117359 1
124490 1
115680 1
107979 1
111579 1
113879 3
121249 2
123199 3
121059 0
119280 3
123139 1
111289 3
121099 2
129139 2
130179 3
116109 0
112649 3
121919 0
131589 2
113449 0
118279 3
123310 2
126428 2
132019 1
126030 3
119879 0
162718 1
113330 3
123059 2
120870 1
115119 1
124959 2
114499 0
113949 1
128579 0
116399 2
114799 3
121749 3
118049 0
122799 0
117429 2
115489 3
119349 0
121139 1
121819 1
112989 0
110759 0
115299 0
111150 1
112430 0
123519 0
130509 1
116719 0
117699 2
121959 0
119149 1
114559 0
117490 1
116179 3
145839 3
118548 3
107930 1
110939 2
115029 3
112539 2
112009 1
288008 1
119539 2
123299 2
121809 3
114920 3
119728 1
112179 2
123529 3
121419 3
127469 3
113219 0
113709 3
113929 3
109130 2
117150 1
114609 1
112739 3
124069 0
121769 0
121949 2
124939 2
119599 3
121179 3
113149 3
122509 3
119179 1
119170 1
108979 0
114879 3
113869 1
112679 2
118149 2
119320 0
121939 2
116219 3
131659 0
112400 1
110439 3
114529 2
123939 3
111509 0
115739 3
110508 2
152110 1
108630 0
166339 2
114419 1
115499 0
114149 1
128159 2
120359 3
134119 1
110859 1
122029 0
116829 1
113549 1
119019 3
114920 1
113559 3
107880 3
120999 1
111579 1
111579 1
117039 3
114679 1
129019 0
123910 1
110519 3
118529 1
116369 0
121889 3
114139 0
118889 3
114369 3
112479 3
119608 2
118879 2
125119 2
113949 0
113009 1
115439 3
125519 1
119159 2
115319 2
118759 2
131719 1
111650 0
115389 1
108639 0
112699 3
116689 0
110589 2
114089 0
114219 2
118079 1
108319 3
105529 1
113349 0
112829 3
116239 0
114009 2
110669 3
105329 2
117059 1
135519 1
130819 1
129749 1
132299 1
122539 1
118989 1
116139 3
116109 1
108239 2
110670 3
129499 3
124709 0
121429 3
121879 0
116409 2
153309 2
143269 0
147659 2
157858 3
150629 0
153089 2
159599 3
178899 2
145918 0
149069 3
152459 0
154069 0
149489 3
158269 0
144378 0
144730 1
143578 1
147669 0
144969 0
149769 0
152059 0
147759 3
150019 3
148499 1
154878 0
162369 1
160099 1
146829 0
153259 2
147919 1
152708 1
145079 0
151869 3
153359 2
150089 3
152069 2
151178 0
143539 0
155049 3
147879 2
158139 1
147249 2
143679 3
151299 1
146148 0
144059 2
152689 0
141189 0
148779 2
150359 3
144529 0
146098 3
147979 2
145378 1
155699 0
147549 3
142119 3
148979 0
143649 0
158378 1
161408 1
148489 2
139079 2
133689 2
107569 3
114250 3
107150 0
107469 0
118999 3
107109 2
109869 1
112099 3
110190 1
114700 0
111029 0
111449 2
109309 0
135509 2
110349 0
130999 2
128709 1
106670 2
114930 3
115250 2
109939 0
124299 0
112439 3
110799 2
112879 2
116799 2
111260 1
108519 3
120119 3
144599 2
122669 0
106769 2
109199 2
109589 3
112359 2
114409 3
109109 3
112169 2
118959 2
111149 0
113009 2
121419 1
129388 0
127159 0
110400 1
112689 1
110829 0
117999 2
110179 3
110140 3
114050 1
115689 0
111129 3
111879 1
119529 1
122489 2
150139 2
112879 3
114819 3
115519 3
110600 2
118910 3
113390 2
116019 3
123379 3
114459 1
116959 2
123149 1
123929 1
137139 3
110519 2
115459 0
119589 1
113709 3
111489 3
117339 2
117429 0
118119 3
112289 3
118539 2
120219 3
137379 2
124068 0
110210 3
112239 1
111749 0
115059 2
113799 1
114359 1
107489 1
125159 1
110789 2
112679 2
114629 3
126429 2
137759 0
110119 3
107009 3
129989 2
106779 1
110759 2
111559 0
114649 2
116529 0
114649 3
116860 1
117908 3
132390 1
132519 1
114060 0
115289 1
116289 0
117869 3
112119 1
114949 2
120229 0
106850 2
108480 3
126119 0
121639 1
127119 0
132429 0
116849 1
119659 2
107799 3
108560 3
111270 0
109409 2
109829 0
111039 1
112609 3
122979 0
129349 3
127009 1
123219 1
111848 3
110169 1
117619 1
111119 0
114839 2
111779 2
125509 1
114719 2
114270 3
113230 1
121719 1
112849 0
130239 2
110329 3
126149 1
119419 0
114369 3
116149 0
116279 0
117949 0
112099 2
119289 2
116029 2
130419 3
116589 3
118959 1
116579 3
121420 3
120059 1
118779 2
117569 3
128169 2
114209 3
114899 1
123969 0
112829 1
124319 1
125699 2
114750 0
121979 0
108800 2
111019 1
113569 2
115349 2
116559 3
113889 0
115119 0
125819 3
153449 2
116329 1
126159 0
108800 0
110899 0
111819 2
111229 3
111029 3
111590 3
123908 0
112800 0
113909 3
120619 3
113459 2
128929 1
126689 1
117489 2
123819 3
110519 0
109870 0
112290 3
111329 1
116099 2
119739 2
113199 1
120589 3
123529 0
120600 2
116019 1
111289 2
117849 1
111659 3
115249 1
116129 0
125649 2
113019 1
119879 2
115899 3
112540 3
122479 3
115349 3
118199 3
109569 0
127489 0
111669 0
110400 3
111170 2
118889 1
113199 1
110409 1
118739 1
126169 3
113879 3
119249 0
119759 0
106729 0
110009 0
109719 2
111279 1
113589 2
122830 2
109330 0
111329 2
113929 3
113949 1
120569 0
122719 0
113999 0
107330 0
124090 1
116660 1
109349 0
114209 3
112759 3
121929 0
110449 1
114469 3
124899 0
123090 0
124570 0
127230 2
128910 3
128289 1
117429 1
114859 1
113659 0
156619 0
111579 3
112109 1
115129 1
112240 1
120988 0
121379 2
119030 0
123289 0
122979 2
117939 0
110549 2
110969 0
120649 0
110489 1
108970 2
104159 1
109389 2
106719 2
103120 1
104259 2
105419 0
111079 0
113709 1
107429 0
98670 2
109469 0
100029 2
102939 2
98309 1
105129 0
101569 2
107959 2
103119 2
110519 0
125059 2
109400 1
105939 0
104019 0
99559 2
99969 0
105059 2
103989 2
101669 1
103139 0
113240 2
112870 3
105679 2
160239 2
113349 1
119129 0
104739 1
108399 0
107109 3
115388 0
102980 3
106839 1
103089 0
105130 1
103590 3
106499 1
108299 2
100439 3
112849 3
120099 3
110569 1
107059 1
104849 2
106749 0
104669 0
105190 1
105019 0
117859 3
107239 3
105699 0
110070 3
107940 3
112169 1
115659 2
105229 2
111379 1
120269 1
101589 1
103350 2
105199 2
104589 3
103899 3
108930 2
109279 0
116129 3
147849 1
112209 1
106399 3
101229 2
101799 0
110000 2
104899 3
104909 2
110349 0
118829 3
108759 3
112620 1
107879 0
105849 1
111539 2
118469 3
107140 3
101570 1
108119 0
110449 1
106639 3
106199 0
105000 0
102499 0
105649 0
104699 0
107389 3
106650 3
114720 1
109839 1
105079 2
