160817 0
98178 0
91069 0
100818 0
91219 0
88668 0
87559 0
123278 0
92078 0
96378 0
92369 0
97339 0
102998 0
92989 0
89909 0
91688 0
91229 0
89418 0
95859 0
89808 0
107718 0
92228 0
93839 0
90949 0
86569 0
92398 0
88919 0
88288 0
86339 0
86648 0
86299 0
96409 0
91348 0
92749 0
296865 0
95648 0
88118 0
87989 0
87178 0
92029 0
85539 0
89278 0
90579 0
90138 0
89089 0
89568 0
92599 0
92408 0
91389 0
92788 0
103109 0
89508 0
91889 0
93728 0
100339 0
95168 0
95419 0
90418 0
87799 0
88069 0
89809 0
96108 0
92758 0
97339 0
101938 0
100338 0
94419 0
93588 0
91899 0
90479 0
91528 0
95008 0
104178 0
89219 0
87109 0
86149 0
86158 0
86039 0
89039 0
88208 0
92989 0
90278 0
92449 0
125398 0
90018 0
88689 0
90219 0
89959 0
91558 0
92499 0
98708 0
99268 0
94148 0
96869 0
101588 0
97249 0
88448 0
92169 0
95748 0
101209 0
100948 0
98388 0
95849 0
87418 0
107608 0
88028 0
90509 0
89368 0
91028 0
90219 0
101978 0
104158 0
98279 0
92758 0
98309 0
87399 0
85909 0
86669 0
95288 0
98638 0
93719 0
91919 0
92269 0
92688 0
90619 0
102998 0
98229 0
92099 0
90188 0
87949 0
88468 0
91919 0
95138 0
96979 0
92218 0
94209 0
98548 0
90489 0
89208 0
89109 0
90038 0
97588 0
96958 0
95249 0
92808 0
92509 0
98548 0
90229 0
93588 0
95468 0
91398 0
88769 0
86829 0
87188 0
87569 0
87958 0
90659 0
99548 0
93928 0
89949 0
90839 0
279045 0
92608 0
91529 0
92618 0
94219 0
100388 0
93178 0
92698 0
88259 0
87138 0
88029 0
96288 0
94439 0
92029 0
91978 0
86108 0
102289 0
89019 0
88809 0
88939 0
89308 0
91679 0
93438 0
96599 0
99218 0
95179 0
94288 0
155618 0
92018 0
88859 0
88039 0
85588 0
86499 0
86168 0
90159 0
90729 0
88139 0
100928 0
93158 0
97408 0
90348 0
90589 0
92198 0
89339 0
92228 0
95369 0
90528 0
92819 0
97518 0
90689 0
87948 0
90319 0
89409 0
91838 0
88829 0
88188 0
88729 0
86388 0
89819 0
92268 0
90838 0
92478 0
91478 0
88429 0
88328 0
87229 0
88288 0
86378 0
88089 0
92678 0
103519 0
97139 0
95668 0
98139 0
89639 0
86748 0
90189 0
89388 0
96339 0
95478 0
91909 0
97638 0
86339 0
83939 0
87208 0
86409 0
90658 0
93559 0
93188 0
91169 0
91358 0
90239 0
101488 0
95759 0
94438 0
90739 0
89079 0
87339 0
85389 0
86388 0
87199 0
94439 0
95579 0
100018 0
97419 0
91998 0
89199 0
87818 0
87119 0
93449 0
91848 0
91469 0
90208 0
88269 0
100508 0
89659 0
92348 0
92059 0
89939 0
90409 0
86329 0
89848 0
89379 0
89728 0
93148 0
107648 0
91829 0
90238 0
85929 0
87059 0
86628 0
88379 0
90348 0
90909 0
91838 0
131978 0
88349 0
89168 0
86589 0
89749 0
89029 0
88379 0
89758 0
91499 0
93039 0
92998 0
99448 0
93649 0
88049 0
90219 0
93019 0
91408 0
90219 0
89858 0
90819 0
85988 0
87418 0
97258 0
90948 0
92569 0
93109 0
91789 0
92438 0
88019 0
84958 0
88548 0
93519 0
91198 0
100938 0
96239 0
92359 0
89088 0
86339 0
86908 0
89509 0
86599 0
88948 0
91298 0
90038 0
99498 0
89178 0
99608 0
93469 0
90279 0
87408 0
91349 0
89488 0
87509 0
90038 0
91229 0
98619 0
91908 0
93168 0
89369 0
90359 0
89378 0
89959 0
98408 0
85179 0
87848 0
91599 0
98418 0
95259 0
92519 0
87299 0
91019 0
87188 0
87659 0
88698 0
91948 0
88309 0
88119 0
98379 0
90278 0
89639 0
91258 0
88799 0
93088 0
87599 0
87038 0
88458 0
88039 0
85218 0
90799 0
91399 0
91139 0
90598 0
93829 0
90159 0
89388 0
90449 0
90838 0
90299 0
87449 0
99188 0
91458 0
90258 0
90089 0
88128 0
90009 0
87638 0
89119 0
93629 0
86889 0
87979 0
123668 0
89108 0
89909 0
87728 0
89708 0
93089 0
89469 0
86689 0
89268 0
89369 0
88159 0
93938 0
86179 0
90659 0
86059 0
86888 0
90919 0
84178 0
86148 0
87479 0
87469 0
93338 0
97098 0
90389 0
89149 0
88648 0
91429 0
93978 0
90949 0
75299 0
75838 0
73819 0
75329 0
74239 0
78548 0
77869 0
78569 0
78869 0
78548 0
81199 0
79949 0
77989 0
76828 0
74729 0
79029 0
73169 0
75689 0
78178 0
87178 0
86299 0
81758 0
77869 0
76649 0
78049 0
75809 0
78128 0
77019 0
104968 0
74909 0
86149 0
74588 0
73729 0
81769 0
79309 0
79378 0
78749 0
81739 0
79149 0
77858 0
78289 0
78309 0
75989 0
82839 0
78469 0
80559 0
77209 0
77229 0
78799 0
77949 0
77579 0
78618 0
75539 0
78129 0
76079 0
75499 0
81268 0
78389 0
77099 0
75979 0
81638 0
76289 0
73469 0
73019 0
72049 0
76678 0
76459 0
77569 0
78999 0
81988 0
78109 0
76599 0
77319 0
75278 0
77008 0
77699 0
80959 0
78329 0
78408 0
78289 0
75219 0
77518 0
92039 0
77939 0
83788 0
77908 0
77629 0
74619 0
77019 0
77428 0
78249 0
81749 0
76739 0
77938 0
112698 0
79359 0
78029 0
76479 0
82388 0
78589 0
77419 0
80269 0
79568 0
78638 0
76349 0
77559 0
84368 0
77189 0
79529 0
81019 0
76868 0
76698 0
77779 0
79039 0
82819 0
80279 0
78619 0
78759 0
75949 0
83609 0
78279 0
79029 0
82378 0
84239 0
77529 0
77659 0
78189 0
77629 0
78589 0
77648 0
76918 0
76409 0
81389 0
76639 0
74679 0
76079 0
75759 0
76309 0
81068 0
77058 0
77539 0
77039 0
74449 0
78439 0
77039 0
81709 0
78068 0
78859 0
76459 0
75679 0
76899 0
79338 0
79169 0
80779 0
83428 0
78368 0
81229 0
83179 0
78029 0
79609 0
77299 0
79459 0
79228 0
79849 0
77459 0
77339 0
77949 0
78509 0
78099 0
79649 0
93498 0
79659 0
82108 0
77298 0
76459 0
78009 0
75719 0
79238 0
80169 0
78839 0
78599 0
79538 0
86649 0
78629 0
80698 0
78869 0
81389 0
78149 0
77239 0
78059 0
77979 0
77029 0
78599 0
81719 0
83029 0
83469 0
78848 0
78879 0
78489 0
78848 0
77058 0
79219 0
79469 0
79578 0
79528 0
79169 0
76989 0
74738 0
87569 0
78339 0
77918 0
75848 0
77358 0
75779 0
78249 0
79359 0
76459 0
79199 0
76899 0
77079 0
99999 0
74389 0
77708 0
76209 0
78179 0
76719 0
79299 0
78618 0
77329 0
77579 0
80698 0
80798 0
76669 0
84379 0
79438 0
75399 0
76599 0
76849 0
76819 0
76578 0
74739 0
76729 0
76389 0
76859 0
77039 0
79349 0
85738 0
79279 0
80189 0
86129 0
81598 0
81489 0
75469 0
79039 0
78708 0
77209 0
77229 0
79129 0
85928 0
77869 0
76599 0
79109 0
76589 0
76779 0
75409 0
76869 0
79469 0
78679 0
76919 0
78339 0
75789 0
85028 0
77519 0
76829 0
80299 0
77309 0
82559 0
81448 0
81599 0
79989 0
76559 0
76408 0
78179 0
78309 0
84689 0
78009 0
80359 0
78749 0
75579 0
76799 0
77529 0
77139 0
81939 0
80059 0
77379 0
77699 0
81999 0
75879 0
76368 0
73669 0
73349 0
78279 0
75969 0
78249 0
77079 0
78379 0
77348 0
77529 0
76619 0
86349 0
80698 0
80268 0
77409 0
78699 0
77319 0
75739 0
77029 0
74579 0
74139 0
74228 0
74199 0
74059 0
86509 0
77518 0
76359 0
81609 0
75329 0
77869 0
76908 0
75919 0
80729 0
77189 0
77429 0
75589 0
76729 0
87959 0
78269 0
76659 0
79609 0
76179 0
76368 0
77009 0
79359 0
78768 0
77789 0
77489 0
77699 0
77428 0
100079 0
80529 0
79979 0
77739 0
78639 0
81529 0
77529 0
74898 0
73989 0
75199 0
74379 0
78338 0
82308 0
76279 0
76059 0
77058 0
75219 0
74879 0
76129 0
77008 0
76659 0
80109 0
81189 0
77549 0
75039 0
82739 0
77909 0
73768 0
77989 0
77339 0
78749 0
75899 0
77269 0
75188 0
73409 0
75559 0
77729 0
75429 0
83088 0
77969 0
74519 0
75778 0
75778 0
75959 0
78489 0
76059 0
77378 0
74249 0
73039 0
79119 0
77828 0
83408 0
77279 0
74369 0
76539 0
74359 0
75828 0
76529 0
76319 0
74929 0
74148 0
75628 0
74499 0
76549 0
83419 0
75459 0
77349 0
75399 0
72319 0
76208 0
83548 0
74169 0
75339 0
76819 0
76668 0
76099 0
76419 0
76138 0
85419 0
78659 0
75049 0
74869 0
75190 0
76729 0
75019 0
76989 0
77108 0
75088 0
76559 0
75059 0
77299 0
81418 0
75558 0
75889 0
77959 0
74498 0
76988 0
75929 0
80569 0
74449 0
75668 0
76138 0
75009 0
73509 0
83288 0
75108 0
74278 0
75459 0
73969 0
74379 0
77268 0
73988 0
74459 0
77309 0
74929 0
74229 0
75769 0
87709 0
77589 0
74339 0
74298 0
75829 0
76359 0
75658 0
77509 0
76269 0
78689 0
73749 0
75409 0
78968 0
103059 0
75438 0
73229 0
75719 0
76699 0
107358 0
72459 0
74479 0
74259 0
74899 0
73499 0
75389 0
80629 0
73539 0
75848 0
74069 0
73879 0
72899 0
74539 0
72659 0
75168 0
73899 0
75839 0
76929 0
73749 0
73768 0
80289 0
76019 0
73809 0
75759 0
73708 0
74259 0
73929 0
72959 0
75228 0
73290 0
74168 0
75639 0
74499 0
79538 0
77238 0
73709 0
72649 0
75239 0
76398 0
78999 0
74639 0
75099 0
75679 0
72698 0
75868 0
76369 0
83799 0
75739 0
73869 0
76089 0
73789 0
74879 0
74329 0
76199 0
78268 0
74669 0
76739 0
75649 0
75349 0
80649 0
73259 0
75819 0
75168 0
74698 0
73489 0
75709 0
76259 0
74529 0
75299 0
75769 0
79449 0
75379 0
74589 0
81019 0
81269 0
77549 0
75619 0
75359 0
78269 0
74719 0
76049 0
