376757 3
247918 2
173608 9
158249 8
145129 7
187419 0
136299 10
113780 1
45129 5
19370 4
65690 1
131779 9
79299 0
83179 10
58739 7
99899 2
27490 5
71970 0
2838459 3
241528 11
70869 7
61750 11
36510 5
73789 10
69310 6
146428 3
23959 4
69660 9
88319 1
102729 1
132699 2
87389 0
27129 4
98810 9
221208 0
84979 8
117589 3
177088 6
84720 9
166119 8
263538 7
90539 9
314957 9
91619 5
64270 7
73139 10
158209 9
87990 8
231039 5
18120 4
135059 7
80189 5
116049 11
99139 11
61160 10
245608 6
68470 8
139949 9
170309 2
23340 4
144399 2
171708 3
137658 6
19605291 11
60810 10
81230 7
70559 6
283378 11
186079 2
85989 9
78040 10
100170 7
131719 7
165208 3
150378 6
81980 0
75719 8
137229 1
85959 3
20749 4
164709 0
108059 10
88390 9
218329 9
67119 5
82620 1
102219 3
205888 3
140719 11
188839 7
260028 3
62239 3
93940 2
48899 11
59070 11
174228 2
105780 11
163839 2
109100 6
99680 2
132589 8
81599 5
93169 0
107179 8
180449 2
64040 10
17969 4
50639 11
103219 10
59990 3
56600 8
18910 4
340528 6
74039 9
169039 10
128519 9
51979 11
19559 4
209649 6
94639 3
93409 7
66090 3
259958 3
26930 4
89480 7
172189 3
58789 10
97869 1
76859 2
272288 0
85909 3
87459 6
75460 2
186068 3
127559 1
131519 0
69329 10
278428 8
188128 7
203399 7
158309 6
158730 8
22330 4
138819 11
92929 7
144949 10
149339 8
280038 3
147409 11
200088 7
178839 5
108659 1
100199 0
155968 3
109819 6
164278 1
88479 6
56209 9
217899 9
140749 2
159549 3
108009 1
163869 5
166489 5
145609 3
78519 6
88480 10
244898 6
180359 0
168509 7
151659 10
139299 7
73409 8
73430 0
78970 7
68819 10
140889 2
247828 3
55320 11
78509 3
151538 10
52890 11
139979 7
24080 4
160058 3
171109 0
116369 6
120839 9
272918 9
31960 5
58710 5
24510 4
63600 1
185348 5
120159 7
87649 6
99509 0
114949 6
114249 11
25969 4
60390 11
120709 5
145549 6
146689 2
82399 3
265098 3
83329 6
129210 2
67930 0
18160 4
13730 4
174578 10
93849 9
172328 2
33830 4
92189 9
210279 0
244648 3
161709 6
111689 11
66839 8
27940 4
66120 7
103480 3
111959 2
96279 5
58260 1
20960 4
17760 4
69999 5
9933034 11
63750 0
60419 2
61920 8
76449 1
82140 10
207319 7
139169 2
209008 9
85010 1
63839 7
165459 10
29800 4
158779 8
121910 6
85089 10
209148 9
229528 6
89380 10
25580 4
128959 11
113299 11
67239 0
104390 1
139419 0
218398 6
59079 11
102400 2
22809 4
96100 8
93859 7
224928 3
97910 1
113670 0
103109 8
157258 0
160519 0
133189 5
69910 9
136359 11
81349 1
87959 3
100360 3
106559 6
56460 7
96390 6
84179 5
172869 5
25070 4
90229 5
99749 9
120129 5
82960 10
196728 5
77180 0
128819 5
109919 9
155249 5
189499 11
31410 4
113630 3
130539 2
96860 5
31940 4
169009 7
21910 4
119449 11
69259 5
100479 6
164918 6
142339 1
122359 3
105279 2
51349 11
110830 3
146319 3
262668 1
116950 6
61299 11
151459 10
39629 5
107730 9
282008 3
150510 6
96650 8
187958 2
58390 8
73419 1
9885495 11
16760 4
143899 3
167099 8
143349 8
17120 4
94569 7
77740 9
36450 5
105270 10
104319 11
175359 0
98789 7
194828 10
16360 4
65100 3
60389 9
64120 8
53659 3
97500 6
93929 9
94509 11
147729 10
160219 0
158479 10
177358 10
76970 2
54969 5
120319 10
109708 5
87739 2
98319 0
52760 5
104009 9
117199 2
139399 0
192638 7
184728 10
64120 3
127210 10
58410 8
64110 9
78179 2
60780 10
150058 6
109260 0
86059 2
76800 10
113130 1
188398 1
70570 1
141079 11
79649 10
260878 2
57099 11
171719 7
110519 1
145169 5
82490 9
147219 9
114790 7
81220 1
231258 10
112619 7
136369 1
76380 3
80019 3
123199 5
148519 6
138529 3
59200 7
117589 9
15680 4
118109 8
91559 10
103379 10
100069 9
185508 0
81509 1
236628 2
91439 1
103769 0
196698 7
95129 0
110219 2
13980 4
68499 5
165069 1
126979 10
90689 0
159768 7
121309 10
99069 10
52369 7
98039 8
37964581 11
66580 10
70070 9
107929 2
507386 11
64280 4
146989 0
43299 5
178659 2
79309 2
117980 1
295617 1
95039 7
87629 2
240548 11
113529 0
119699 8
91160 9
167959 1
363238 2
114499 6
146259 5
288617 11
259728 8
275168 7
143389 1
363367 3
150449 8
112809 5
163819 7
114289 7
247658 2
166159 3
167889 7
88309 6
75080 9
190219 5
164429 1
117869 9
211538 3
412077 7
84629 6
127019 2
104450 5
103579 11
107439 11
34010 4
101529 11
23320 4
92809 10
68460 8
141739 9
20730 4
66260 9
168899 3
87589 3
228198 2
26450 4
114109 6
176799 2
102719 6
57230 11
119068 10
150279 8
196348 10
139339 6
217488 5
188459 8
318407 5
112029 7
56690 0
93379 7
86990 3
111640 1
98199 3
140649 5
122279 1
102989 5
65520 8
86629 11
82620 8
38160 4
78600 3
107450 0
76539 6
289938 7
81139 6
47160 5
85589 8
220349 7
94100 1
158379 6
220808 7
110179 3
90509 7
40869 4
68789 11
239078 1
124109 0
160979 7
24220 4
252598 0
92349 5
80939 3
82899 9
127979 6
104840 10
100379 10
108659 6
56720 5
94069 8
27960 4
39839 5
51729 11
29770 4
201758 1
64960 11
63019 1
191619 0
249218 7
160989 8
214218 5
35140 4
163859 3
263818 6
68799 7
230848 8
168049 6
191739 7
37809 4
115359 1
129699 10
74410 8
234768 3
119629 11
124829 8
64540 1
65529 4
135849 2
113449 5
121349 10
181219 10
126769 0
118469 11
72129 5
192069 1
54910 11
152429 1
318688 3
90309 10
101210 0
147950 11
127850 8
220379 1
57229 5
39840 4
119979 3
114649 2
305257 6
276038 9
132349 1
72120 2
21339 4
49869 5
63720 11
27599 4
105769 2
99249 7
135619 0
170948 8
134719 0
94730 7
100459 6
184879 2
136510 3
149019 7
60379 11
125659 7
21560 4
251018 0
61829 11
182918 3
38060 4
59169 11
121160 3
89919 9
48349 11
83840 1
34850 4
158719 10
157389 10
83629 8
123300 7
133379 0
198389 3
148709 8
256448 3
28769 4
133519 0
72320 11
125999 1
142189 10
47420 4
92319 8
239908 6
70909 9
134048 1
126428 1
216458 2
165489 5
132579 8
143108 5
124868 7
130499 11
175809 2
64590 4
101309 10
261328 2
137579 0
121029 2
102749 8
133799 1
121739 3
178879 9
163319 6
420646 6
340797 3
86899 5
102089 7
247727 6
115039 6
35219 4
137189 0
24700 4
22010 4
116959 8
79429 2
184868 6
20089537 11
153209 8
496026 0
87519 9
96800 9
107010 2
172769 4
179919 4
88429 0
773295 6
79550 2
238578 1
201788 3
71389 6
105659 7
76780 8
193428 10
79579 7
286058 2
239808 2
253798 2
153929 6
271848 6
63569 10
65430 11
120029 8
158438 9
168618 1
90879 10
84610 3
52980 11
90160 2
81739 6
66730 10
148058 10
263407 4
149968 4
113990 10
322128 6
65750 0
163669 2
163209 9
168479 2
138339 1
94609 8
150729 4
132419 0
199528 6
109229 5
144578 3
134259 4
135259 4
193819 6
130179 7
79899 6
74830 3
131069 5
102499 1
177769 4
151459 0
92659 1
51659 6
88120 9
134689 6
97519 6
47109 5
58239 2
143919 4
163839 6
114029 1
56899 6
82949 2
71499 5
117099 6
56170 2
128569 10
67020 0
59270 10
67180 0
59600 9
8180478 11
74229 8
124229 4
146539 6
229298 7
142769 1
154359 4
140909 6
150929 9
291478 7
146599 4
151559 4
188269 8
98319 5
101589 9
329398 0
366437 0
170799 1
76979 9
121369 0
141909 6
129029 11
88459 0
54129 3
76040 11
127670 0
38539 5
90029 3
70990 9
67410 3
190569 4
129329 10
84269 10
254538 9
122779 9
179968 4
115799 7
61090 11
128389 3
211278 9
103769 11
189928 4
211568 7
121850 8
96050 2
134029 1
302567 8
127610 10
86280 5
68519 0
214439 6
248798 8
208558 10
97849 0
94660 7
163819 9
209779 5
131869 5
173168 5
90749 10
10028553 11
59640 1
56259 6
109999 10
63019 0
368037 11
113590 3
78770 6
146449 1
97549 11
112519 5
171669 8
62119 9
53170 8
131739 6
56749 11
358527 1
210228 3
78149 1
300577 1
179759 7
120319 11
203278 5
92649 8
186718 0
104159 9
195898 2
266288 10
193668 10
323047 0
123959 9
290878 8
222788 2
87430 10
80390 10
193758 6
68400 3
259858 6
74820 8
79120 7
152139 4
96240 11
182749 3
86600 5
106889 10
135049 0
107579 8
67730 5
60840 7
60110 7
55919 0
88659 11
265889 4
158139 3
98680 0
250138 2
53119 11
194459 7
193658 4
137209 3
68010 7
136209 4
116059 7
106819 0
545415 6
582176 6
56350 0
53409 2
103639 6
151928 4
88020 6
7093916 11
148808 9
113969 8
158079 0
255458 1
138608 7
172478 2
220008 1
557725 6
51660 11
69319 9
127779 9
297268 9
69080 8
339978 3
91259 6
280968 3
332567 7
568335 3
464147 6
108089 11
356677 9
215419 5
192408 4
256518 11
64960 7
72470 1
154789 4
72239 10
188689 4
68629 10
152359 4
105379 5
252188 2
662175 6
152909 0
136049 2
3567633 9
51970 6
69540 10
180429 4
686145 5
71750 8
64710 9
189879 10
44169 5
81129 8
60209 7
107260 9
127269 1
81349 10
57720 0
314587 10
8135638 11
294708 11
201688 4
92839 6
211368 0
183079 3
182518 10
59820 7
166838 9
206428 9
223468 3
164399 4
77710 1
87090 3
203968 2
81070 1
129989 4
121979 7
110439 3
195959 1
62689 2
61360 6
93180 1
50259 6
58360 8
125109 4
70030 3
61789 7
357287 0
77660 9
515926 1
58839 2
135049 4
58450 8
116519 2
