362845 18
514834 9
122578 13
168158 9
48866150 10
154658 1
119149 16
74750 17
151418 4
198207 18
253337 6
206817 2
482464 15
128679 5
460864 12
96539 18
85299 19
109669 6
188827 22
239037 14
252757 7
198787 2
100559 9
96429 23
122358 16
146488 7
46789 19
208318 5
82219 7
163508 2
1141206 19
331356 0
2001937 14
101768 19
399896 20
212557 11
142728 19
185248 20
280577 5
639692 18
243797 20
140749 13
232357 19
125259 13
131149 20
158138 8
8958963 10
194648 21
117569 1
181478 6
71173835 3
96919 5
172287 18
121758 20
63599 19
7914206 3
136898 11
155789 2
162888 8
130668 0
58519 19
198318 1
66359 19
78589 14
87319 6
99399 17
9171171 10
260377 15
201128 15
73639 23
166758 17
109079 0
162978 20
88530 17
190327 15
97869 0
72799 22
164978 21
73929 7
246907 8
73168 21
7815567 6
68869 17
116729 1
141939 21
88389 22
183837 14
217527 16
139778 15
629873 3
180128 13
63649 21
272167 18
222537 23
103209 6
248587 1
144588 14
95929 2
101269 5
117668 7
71200 13
103388 21
102149 18
81709 7
2327283 17
85919 5
134498 18
372035 0
323797 10
250108 1
300896 12
84239 19
166708 21
86249 7
125299 14
3362789 18
166949 14
116728 17
83159 10
130538 1
118939 2
83079 15
97589 12
67840204 6
156908 9
91669 3
1104947 6
391755 11
106279 4
171108 17
79399 5
320526 5
306086 8
601193 10
104259 14
124918 14
296987 11
283747 23
174287 18
222358 11
137808 21
305347 0
152609 13
250897 21
277097 13
184098 15
101269 17
167628 2
161928 1
168578 15
1514492 21
89029 1
88599 3
133889 7
111058 17
175738 2
132018 23
124649 5
108859 14
135799 1
119469 23
92588 6
66499 11
99518 7
67969 9
73069 12
86539 8
74809 16
146808 17
112939 16
75289 15
123208 23
123349 13
73809 10
57619 9
56839 7
899099 21
159558 11
245177 10
198208 16
322916 16
161558 1
185098 0
8301701 6
103989 5
74749 5
561003 6
150168 3
450944 5
150018 6
202668 16
98309 8
79359 16
173538 14
122009 14
234068 22
8784055 9
105099 12
95489 7
105259 20
47157379 23
322546 3
71910 17
147149 7
154028 15
77439 17
169758 0
130478 8
122709 11
155098 4
187278 1
217087 1
126779 9
77099 13
86459 6
206087 3
203148 3
279427 8
313417 1
200858 13
114539 8
151578 9
243668 17
173827 10
801250 20
93189 1
72849 22
92079 22
823190 12
126688 8
74019 17
242067 8
165548 5
165048 4
156458 9
163338 21
389625 18
168468 11
187068 9
360816 14
90759 4
139708 19
260237 18
139628 8
131219 22
95399 23
340106 4
81949 6
87839 3
151878 18
84699 9
152548 7
74459 20
73209 23
87389 1
66969 6
4262319 5
16151978 6
94389 1
78349 5
9758914 23
104279 12
64919 13
48269 19
9646565 6
83539 9
80329 18
59159 13
61859 5
72959 21
63329 9
65830 12
70269 20
90809 5
59199 22
67139 8
145708 2
67810 8
9933832 10
88168 8
9031332 6
72499 21
72849 18
79468 8
9677585 10
137658 8
83839 12
224667 19
173428 17
91909 10
199078 19
128608 10
106929 8
76709 11
87329 20
76279 17
98849 7
59029 9
72239 11
102449 18
58299 10
64929 11
98228 2
65419 9
95778 0
58810 13
76979 17
65849 7
66289 9
86399 0
49131196 23
129899 5
167918 2
148848 12
154948 3
61149 19
76599 8
97068 15
140009 23
191247 13
77769 15
372445 14
47199429 18
78319 7
91569 1
85939 17
339566 18
149998 5
74869 8
62719 17
93998 0
61790 7
87499 2
132709 15
62439 19
66130 17
57239 7
96719 4
74379 5
8116573 23
73480 13
76839 12
120339 2
63480 19
136569 10
149038 0
67729 21
10290668 18
71779 11
83449 2
66609 15
64020 15
79559 8
58129 10
80449 2
60199 13
65579 5
68139 17
88010 0
7203385 23
60389 11
89679 2
77399 16
80609 9
68999 8
54050 18
66979 16
59619 12
76699 23
82569 16
117289 0
119689 23
115599 5
81039 15
84809 1
57619 7
84199 7
97969 23
72699 4
71119 5
68139 5
54329 19
77039 9
63410 5
73459 3
57999 20
85939 18
70599 15
75719 3
74949 3
58430 22
57170 11
58459 23
70380 8
8404400 6
387186 6
84379 5
186928 15
85488 22
168718 3
152518 11
172478 5
81339 11
133598 5
62779 23
71630 3
18530020 18
84239 22
178278 9
2251863 15
126388 18
86359 21
196348 23
63660 9
37500934 12
99199 0
217297 2
110359 0
72959 21
301716 12
131528 21
154728 18
163918 9
139878 1
162438 20
235797 15
67979 15
62139 23
645443 0
247497 12
156758 3
229887 1
162048 5
190358 13
167508 17
110938 2
163278 14
91950 13
85990 15
185888 12
134959 17
212607 9
112019 16
668162 8
96809 22
99949 21
309717 15
56949 20
239437 4
508064 1
301637 8
186768 10
71089 7
207807 8
466385 11
218297 8
406815 12
183348 13
247397 15
10173829 6
103279 8
855950 12
94489 15
92148 8
174589 1
134848 23
71619 23
88459 5
79279 4
207197 14
92929 10
358216 10
132039 11
91539 13
140609 8
127508 16
68879 5
128129 1
125529 8
68819 5
68630 10
101189 12
67150 4
93929 15
127368 5
63450 4
72010 3
70769 14
164018 0
69979 5
70889 12
170008 3
60529 11
61160 16
62429 7
64089 14
60820 4
57130 6
65499 11
56469 6
72340 3
80170 15
65030 17
83109 11
68149 12
64249 16
125399 11
102538 20
105298 21
54779 20
66380 22
4573295 18
9801774 6
102939 5
119819 0
466255 0
199627 22
140279 23
168238 8
115768 3
75109 21
123309 7
290497 0
138199 3
74119 22
76669 21
127598 5
111198 1
190398 15
68089 14
113169 9
90159 11
123638 21
73189 12
70529 11
90099 22
130778 11
97399 5
7940545 18
75369 13
64239 4
59309 20
68189 13
96869 2
61119 16
168438 15
95169 5
138589 21
75070 15
88979 20
126009 0
73809 8
127839 3
27393144 12
81909 21
76329 9
189088 0
1120077 12
65909 23
67639 22
139588 0
115829 19
257487 16
289846 18
86839 3
115269 1
92749 1
174878 1
81149 2
154848 12
94319 7
63509 15
113319 10
89649 5
99508 16
98878 7
126079 9
49489 19
71339 21
68670 15
69649 7
59379 20
45459 19
118718 8
56870 18
61150 23
77289 17
67689 22
124638 0
58050 21
148958 23
99539 2
90009 10
35979812 6
92839 17
78819 4
1139116 0
101358 4
101509 23
61929 19
608693 10
73569 13
81629 4
71829 19
262946 18
128508 20
252717 14
470494 18
228217 4
186937 11
111919 9
186358 7
95159 16
123348 21
158418 14
2030476 8
113049 15
147868 3
118139 14
183567 16
117768 20
343336 8
130198 20
131838 15
146238 8
156088 6
125079 17
1220595 11
120959 15
58699 19
303637 11
71580 13
73759 15
79609 15
313806 18
71549 7
84249 10
2809437 3
76409 22
71909 17
71499 21
5578924 6
136418 0
218928 1
141258 3
156508 0
83269 11
168528 2
172518 4
121699 15
149828 8
69859 13
116149 1
75189 12
115038 20
79579 12
71488 4
85159 13
63610 18
189628 14
205408 8
187008 2
116539 18
241948 17
63319 19
177958 6
145888 1
340646 17
110299 4
116888 6
374966 18
132448 13
190788 9
279857 15
225417 13
122288 15
82350 12
231607 4
5719762 17
134768 13
70960 14
28124966 6
100339 3
108368 17
167489 3
65289 5
111209 22
163958 21
205317 11
63869 22
83499 4
116509 4
74559 17
380925 0
387875 20
133558 22
196278 9
80589 17
124438 6
793670 19
120539 21
82399 7
73959 1
79859 7
72129 7
125928 0
77889 5
60319 6
74579 15
59869 21
59590 17
65579 3
97119 23
100619 3
103769 21
119239 5
61219 21
91879 15
132878 16
66600 13
55319 21
55789 21
63020 23
63679 18
88069 13
135288 16
70269 7
59369 7
68909 3
66989 22
69829 0
68079 3
57989 7
138278 1
75479 9
53959 20
91808 21
65670 21
64325396 12
97119 1
216217 10
172738 12
26877021 6
94979 5
176287 4
162207 18
233928 16
265137 16
276776 10
123499 20
253157 5
217197 10
372406 4
119749 15
96329 8
65730 5
80539 22
63249 21
234377 1
162968 23
120609 0
66049 9
86539 13
107778 20
79040 16
129188 12
115559 16
101178 5
87799 2
81830 11
61980 19
127268 14
65990 8
75769 0
150688 13
57729 8
76589 18
89129 10
58689 23
56870 9
57719 13
73139 7
61509 21
47240 19
105409 16
7287943 6
19668536 18
95519 23
131849 17
76070 19
186097 0
134368 5
120768 9
77839 8
110809 16
66839 8
70780 8
63940 11
72109 4
68369 4
57479 8
55580 20
57969 14
102669 1
63329 5
53220 21
72499 10
45430 19
62039 23
66090 4
59610 7
61369 13
59299 22
8722237 12
74259 23
115929 3
86710 2
78199 8
75550 16
135418 20
84479 16
38781009 6
105389 22
84429 8
64929 13
105349 2
99299 23
71419 9
111258 21
166208 14
64790 11
116098 16
59539 9
61499 4
61649 22
79539 4
102229 1
58869 7
86519 1
101749 0
74569 17
56669 19
19376960 15
101199 12
56079 19
89299 3
155618 23
180558 15
83319 14
96899 23
94019 11
65409 6
90999 23
50339 19
69088 3
152318 17
68529 13
94269 22
77629 2
138288 0
68539 12
78299 8
72830 2
68979 13
67689 22
41489 19
129958 7
66379 8
63739 11
87039 1
63189 5
85329 3
67519 16
64709 11
61019 10
68159 14
57919 9
45476029 6
70249 5
101258 0
75199 16
66999 13
79999 19
201217 17
85079 2
115619 3
338866 3
69619 21
87559 16
74469 11
110969 15
59889 22
66669 14
91399 21
78979 14
110849 7
85419 23
91849 8
8190942 12
72070 11
73759 15
109689 20
174078 7
93579 16
137448 0
168878 16
140058 10
67239 8
81459 13
72959 9
133419 11
127478 0
58289 20
69170 13
66779 5
64879 5
61900 15
8108134 18
65849 13
64709 8
115828 14
113809 14
67039 20
63659 14
112229 8
64349 19
113869 13
73309 20
154298 0
70899 16
160088 0
66369 14
59069 11
64189 4
55989 11
78110 15
72199 14
67859 20
62869 8
56919 20
73819 18
73328 18
81539 15
84879 5
63620 22
67449 4
66499 14
77739 18
66420 4
63289 4
68639 10
89779 17
76959 0
70749 17
59750 19
70810 5
75309 10
84899 16
84739 15
55639 23
81529 14
77699 15
79649 2
60649 23
65640 11
78359 4
52329 19
65199 22
72969 17
87819 1
77679 14
49519 19
64569 9
35146192 6
100039 13
89279 12
187258 10
100399 21
104199 23
230687 0
188258 18
254697 4
238037 7
75459 19
121039 14
119898 22
119698 9
28676429 12
179188 0
80579 10
146528 4
94529 17
122499 8
105609 17
87710 20
166409 3
66759 23
109821254 6
209298 0
71539 7
