99239 7
58189 0
54110 0
52109 4
52149 1
50720 4
52029 2
48810 7
48029 6
44990 4
42740 2
38980 0
41789 0
40520 3
49770 4
41520 6
43320 5
40040 7
40679 2
44509 7
42819 4
42059 6
41539 3
41409 1
41950 6
39250 6
41439 7
40370 6
39629 2
40280 6
39319 4
37270 5
38089 1
38630 4
40440 5
42400 6
37199 3
38210 5
38360 0
47309 4
36410 6
38879 0
36710 2
39159 0
38160 4
38779 3
38150 2
40319 5
37520 2
40109 1
38610 2
39830 4
38119 7
38270 1
38309 6
36680 2
37709 6
40559 4
37659 0
36539 0
41070 1
36650 7
37290 5
38439 2
38500 1
49679 6
38820 4
40569 0
38440 0
40599 2
36520 4
38440 4
39219 1
39520 3
38540 3
40860 3
37709 2
38310 1
39479 7
39980 2
36809 0
37430 7
37670 6
36170 0
38639 6
40009 5
39380 2
38269 4
37720 4
37869 1
50610 3
37089 3
39150 6
36860 2
38080 3
38809 0
39919 0
36710 7
37899 0
40220 0
40349 1
40500 2
37349 0
42260 1
36429 7
39230 4
38409 1
42639 2
37169 3
39109 5
38810 4
43359 7
37210 1
39039 6
37590 2
39299 6
46110 2
39359 1
38470 3
40949 6
38630 0
36569 0
38809 3
37599 1
37759 7
36520 3
39059 5
40780 7
39279 2
37180 1
44809 2
37570 0
40069 4
36750 7
37970 4
40100 7
40659 5
39089 3
38300 6
38619 3
39030 1
46309 4
38870 5
38939 6
37740 4
37979 0
38480 0
41839 4
38930 1
38270 0
38210 2
38250 0
38170 7
39240 1
38559 4
38990 4
38689 5
40080 1
39139 6
39010 2
40079 7
38630 1
38060 3
37660 0
40350 4
39199 2
51220 1
39340 6
40740 6
38619 4
41840 4
38669 5
38710 5
39829 6
37510 3
39650 5
37540 2
38699 3
38769 7
38889 0
37059 6
40230 7
38349 3
38230 5
37369 7
39910 5
37730 0
39769 5
39300 4
37479 3
40179 1
37570 4
50999 0
37469 5
40650 5
43959 4
48699 6
42510 1
43020 3
42530 0
41110 0
39260 1
40100 2
41509 3
41210 6
37379 4
39180 2
40269 7
36930 6
37640 7
40630 7
38689 7
39709 1
39369 7
38610 4
38680 6
51369 4
41600 6
37210 1
40260 5
40109 4
39170 3
39849 2
45620 4
41119 0
43530 1
43519 3
41310 2
40809 0
40000 5
40109 5
38040 3
41289 3
39560 2
41679 6
41039 7
42700 5
40950 3
39659 6
42220 4
7071527 4
42760 4
38729 7
39239 7
40219 2
40039 2
39129 0
41010 7
41809 1
39420 2
42849 4
40360 3
39679 6
44610 5
40669 7
40200 0
41409 3
39100 2
42699 1
43400 0
42389 0
43080 1
40519 4
37350 4
49289 4
36200 3
40159 6
38640 5
40420 6
41640 2
38990 1
40360 3
41170 3
43199 2
42079 3
45699 4
41619 1
39989 1
38069 0
36880 7
38160 7
37629 0
46380 7
39579 1
40660 2
40399 2
40540 7
40199 7
39220 1
54079 7
41650 0
40469 6
39630 7
39250 2
38150 7
39649 1
37550 7
40600 0
37320 1
39240 5
39299 7
39380 0
37989 7
44830 7
38429 6
38880 6
46009 5
39890 0
40719 6
38420 3
38339 6
42129 0
39480 1
77970 3
40309 0
38820 5
39859 6
39470 1
231997 5
39140 5
41260 4
39060 3
38819 7
41330 5
40339 5
40290 6
40439 3
40140 4
38269 6
38200 5
37540 4
38820 3
40249 1
45419 1
39659 5
39759 7
37720 7
40810 1
39650 4
40059 0
234897 0
40230 3
39819 3
37750 3
38869 6
38570 0
38860 7
40099 0
43180 3
41499 0
37970 1
39669 1
38550 5
43829 6
39250 7
38849 2
38909 1
40729 3
41030 5
42069 2
39329 5
39869 2
43639 0
37130 1
37939 6
40360 1
38519 1
41000 5
39439 3
38290 6
41419 3
39150 2
37110 5
39580 5
39309 2
39120 3
40300 6
36779 6
48020 4
37889 2
38030 7
38599 1
38420 3
36809 4
37939 6
38989 0
38580 7
37600 6
38510 4
37690 2
40099 4
39690 1
39619 0
41240 3
39039 1
39560 1
37229 1
38590 6
37149 4
43679 7
37450 0
38599 1
37030 1
39689 3
46560 7
38349 0
39220 3
38249 6
41370 2
40469 2
39149 2
39089 1
38220 3
38670 7
39009 0
38210 2
38289 5
39030 1
38279 1
38250 3
39649 6
37939 1
38229 7
39620 0
37439 4
39270 7
39570 2
39219 3
40540 1
47479 0
39270 5
40419 0
38150 3
38619 6
37770 2
41629 1
36620 1
42170 6
40649 3
40480 3
37210 0
41090 7
40159 5
41460 6
39939 4
39360 5
39609 5
42220 2
41849 1
39390 1
40409 2
39310 4
39879 3
37529 1
48520 7
36760 6
39410 0
39549 3
41999 0
39739 2
39350 6
40769 5
40220 6
43419 1
42710 0
43609 1
41450 7
39909 6
39590 6
40449 2
36160 6
43019 4
42960 3
40179 4
39000 6
41859 2
41680 3
41449 0
47329 1
39699 7
38850 6
37760 5
40730 6
36779 5
39719 3
38890 3
40740 7
35760 1
39549 2
38100 4
38159 6
37380 6
39030 1
39880 5
39569 7
42809 3
39679 5
42439 5
38290 7
39609 7
40509 2
38050 3
37840 0
39739 2
45490 3
38879 0
39010 7
38939 4
37530 5
40180 6
40240 3
40679 4
41110 3
39009 3
39989 4
41719 2
38900 3
37950 0
39009 3
38700 6
40289 4
39640 0
41099 2
37410 3
38460 6
36810 2
40430 2
38180 4
39109 7
52989 6
43510 7
39710 3
39910 7
38139 7
39250 1
37229 7
37690 6
38299 5
40170 0
37779 5
38060 5
36979 4
37999 7
38539 5
39619 1
43400 2
44049 3
45180 2
36670 3
42100 5
37479 4
40520 2
37649 5
40640 5
10057852 0
43809 3
37430 2
39539 2
40580 6
39639 4
37680 5
39320 6
39620 4
38409 7
41559 6
37040 7
39499 7
37100 6
39079 7
35480 6
38780 1
37809 5
37380 2
38230 2
40919 0
38449 6
36860 0
38189 2
39640 2
50539 4
35980 2
40579 4
38690 1
37029 3
37220 2
38170 5
36989 7
36780 0
35779 3
37630 6
38269 5
38170 3
37840 4
38469 1
37030 7
38619 2
39540 4
39479 3
42590 3
35879 4
37810 1
37389 1
39040 4
41539 5
36720 7
43990 6
40149 2
36550 1
37159 1
39920 5
38969 3
38030 5
37479 4
38900 6
37690 7
38399 0
35930 4
38280 1
37980 0
37749 7
37410 7
41509 3
52210 2
62829 1
55849 1
54200 2
54389 4
53419 0
61080 1
52689 7
53049 6
51149 3
55369 5
47090 5
48389 6
43299 5
46400 7
44449 1
43380 6
35970 3
38809 3
38530 1
36269 4
37520 2
40589 4
38490 0
39049 2
39350 4
39549 3
38369 5
36269 6
46829 6
36369 6
36639 6
39010 1
39959 4
38810 5
39729 2
39090 4
38469 1
38939 3
38990 0
42830 0
37350 6
39840 3
39320 1
41159 4
36630 1
40239 2
43590 3
40869 2
38490 1
40569 2
38590 1
40220 7
39280 7
44079 6
39349 1
38940 1
40999 0
39559 4
38369 0
38740 6
38089 3
39870 3
37509 5
36470 2
39310 7
36040 2
38360 6
34660 2
42440 2
38409 1
37130 6
38929 2
40780 5
36959 6
38140 2
37719 7
39780 3
37380 4
36570 4
47610 7
37230 7
38250 7
35729 4
37980 2
37639 0
38409 0
36069 5
37769 1
37290 4
38949 2
39080 0
40879 3
39020 0
38689 0
36650 3
36390 6
38150 6
39559 3
36110 3
35540 1
38389 0
36260 7
37150 6
36270 4
40010 5
43960 6
38290 2
35950 1
39050 2
38409 5
36940 1
36239 6
37810 4
38159 2
39840 2
39359 6
38430 1
38150 3
38309 2
37970 5
46489 2
46830 2
45269 1
47940 5
47400 3
48409 2
51810 5
49679 4
50370 2
56969 3
48539 3
46980 6
38249 6
33880 1
34189 5
31299 7
35490 3
33039 3
35030 7
32749 3
33729 7
33300 3
35729 3
34560 6
33790 5
34060 0
32690 4
33979 5
32750 7
34250 2
32500 5
34870 0
32959 2
34090 5
33080 2
36260 7
32360 2
48199 6
31730 6
34999 3
34240 2
34490 5
35430 4
34890 0
33269 0
32850 5
31420 0
35030 3
32330 7
34299 3
32509 0
34140 1
33589 3
33130 2
33149 2
39229 3
32729 6
32999 3
35170 1
34269 7
36050 6
33589 6
33140 6
32410 0
35210 1
33539 2
10063052 7
35280 0
40940 4
33680 1
35259 5
34710 6
35469 4
34170 5
35410 0
34830 5
33200 2
32019 7
34230 6
32890 1
34509 6
34680 4
36629 1
33310 4
34770 4
33499 1
34060 0
35199 0
32360 4
35050 4
33670 6
33490 1
32139 2
34320 4
40230 2
34080 4
34340 2
34209 6
35340 0
33860 4
34540 7
32550 5
34639 6
35390 5
34389 7
33189 6
34950 4
32069 0
34280 5
32709 3
33489 6
32170 5
33619 2
32810 4
35380 0
34829 3
32670 0
33539 1
32660 3
34729 4
33319 5
33990 0
32529 4
39680 0
33010 2
34700 2
32450 2
32769 0
33190 1
34100 5
35090 2
33810 3
35199 1
32660 7
35299 3
33810 3
34460 7
33459 4
32850 5
32110 7
35479 1
33860 2
34029 3
31490 4
34200 3
35939 0
32510 2
30820 1
35760 5
34760 6
33210 1
34240 3
32059 6
38210 7
32699 6
34489 1
34300 2
34979 7
32680 3
32510 4
32199 0
34100 0
35260 6
33140 1
33840 0
35509 3
35420 2
33010 5
34450 1
31790 6
33879 2
31490 2
34529 4
32950 2
34260 2
32159 1
34510 3
32880 2
33489 5
32890 6
35639 5
35040 2
42449 5
34500 2
33110 0
33480 5
34700 1
33079 5
32849 6
33680 5
32280 3
35290 2
32459 0
35009 6
33480 7
32749 0
32410 1
34470 0
32809 7
36930 4
34499 7
32670 6
35810 0
33290 7
33540 2
33469 7
34280 0
32950 4
33660 0
32890 3
34759 2
32610 5
38419 0
34369 4
34590 2
34259 1
34860 1
35960 6
34440 4
35610 7
37070 1
34470 0
33049 2
33110 7
36349 3
33379 5
31640 2
35499 0
32450 4
33250 5
31460 7
35430 2
33060 7
35569 6
34429 1
34739 4
33960 0
32710 6
33449 4
32770 1
32739 7
39860 0
33469 7
32350 5
34660 3
32940 3
34390 0
33199 2
33489 5
31690 4
34519 4
34960 5
35710 4
34180 4
33700 3
34129 3
34340 0
