246028 0
147959 3
153408 12
167519 0
159639 23
139259 8
124079 0
115669 22
133819 22
141619 13
156099 15
153138 20
174859 16
118339 7
145909 17
146179 16
160289 23
158529 13
163999 19
161349 0
120029 20
106709 10
124228 5
145578 20
153549 23
134309 0
171029 23
192579 4
218118 1
206408 18
163169 9
157719 6
148259 18
149678 16
153899 2
169669 12
169919 12
149638 9
149510 15
148629 18
146439 12
154839 18
160609 12
144999 12
149439 1
153679 7
165699 15
149529 22
129889 1
126709 21
125029 5
124139 3
141689 18
198329 11
140130 8
124408 10
158089 5
136769 12
145709 8
164619 10
168828 10
170938 21
120079 6
147139 20
134019 9
154099 12
153709 15
136619 21
173749 23
202559 1
232568 16
207568 20
184479 15
178219 16
162968 3
133279 18
137459 4
152299 6
133899 4
170969 16
147759 3
125209 13
115889 8
169809 22
175388 16
176759 3
163429 2
121709 19
136239 18
149539 15
124670 16
296777 0
218069 8
204488 14
205559 17
180408 21
175219 6
165589 22
192538 15
162809 15
172589 17
154459 21
164569 16
164649 9
174629 23
166898 17
173429 19
167529 20
172038 23
165889 12
182679 12
168878 19
146549 17
122399 21
149449 8
130889 19
154749 21
181369 10
197308 23
131559 11
161619 17
157609 14
156449 19
188368 16
207278 1
172789 2
142679 17
116239 1
152509 9
219128 3
148149 6
135729 3
200789 8
224829 21
219088 22
186029 21
172248 15
185379 20
173889 0
169098 11
177098 3
161979 17
160309 5
165768 8
162879 2
176579 3
172008 21
168758 14
161379 8
163749 9
160138 14
169518 18
171879 11
145789 2
127339 3
150318 5
133750 8
150090 4
211659 10
170678 12
124750 10
154949 4
157419 7
158489 14
176819 7
182198 20
183089 23
140619 7
131539 21
157198 8
162729 0
173739 3
151289 10
220408 14
227789 14
205848 14
229578 8
197448 12
166738 5
164449 8
186268 20
187749 18
138519 23
151749 16
159449 1
152778 23
159298 16
147339 1
158889 15
146459 3
154039 9
153028 10
150288 15
131439 17
114439 12
163829 19
123189 8
137429 3
168749 3
172439 10
135349 10
159868 12
134099 16
162799 7
157859 19
211638 16
213719 20
161658 21
166779 5
183549 12
190488 2
164649 3
211508 16
277617 19
342868 21
203228 0
179559 5
190708 8
180119 17
145749 13
146119 12
148679 7
170599 3
176159 0
253958 0
184298 5
169908 21
225689 11
241978 0
269108 13
252108 0
189278 16
239608 2
206099 7
278058 22
282767 16
311937 9
190339 2
208808 0
208998 14
236789 3
215818 4
183049 5
201188 17
204859 8
236018 2
195608 0
209659 11
217248 1
203449 14
219078 13
189248 15
211079 1
214168 11
244478 19
213389 14
212119 17
231038 12
230369 11
233519 15
229928 22
218368 22
227488 11
210509 5
215898 1
195199 21
221058 15
297368 4
234998 15
229318 4
220338 12
229209 12
281058 18
290327 7
299977 6
240378 18
233208 19
231998 23
272128 3
243638 2
324477 18
336568 17
207248 1
216438 13
202628 18
194459 13
213839 23
224598 7
207749 12
193598 0
222029 13
213638 12
284478 7
207368 8
224258 10
233579 9
250207 20
230228 20
238818 17
232238 12
203609 7
239028 7
213828 9
204289 11
238758 5
204568 14
213679 15
209908 6
172749 17
168888 2
183399 15
209298 10
183559 13
245858 14
290318 12
232468 4
216438 9
252467 23
249299 7
302088 6
273107 8
279198 10
236048 15
266028 12
228299 7
209658 21
233238 0
287728 13
322988 3
288868 16
231508 10
249799 22
213448 4
222908 17
224939 8
284418 8
193828 18
186508 13
201618 1
212118 5
229158 13
193379 10
180359 23
211178 12
222028 23
199938 17
188308 1
180309 17
215348 19
192989 1
205758 6
186109 10
199199 8
212298 23
229758 17
206438 8
164319 8
171989 5
186299 8
189719 17
215888 12
258089 16
219108 14
201538 12
241609 20
198068 9
221918 0
256768 2
352217 4
191559 23
180339 19
187858 9
243869 3
230139 13
195188 17
228788 9
265408 11
273008 11
198219 8
191798 16
203849 7
167238 17
167409 23
169389 20
176538 10
185249 6
229268 3
200929 19
193448 7
235659 22
251309 2
271608 9
227909 23
190828 10
218019 14
230688 18
236768 13
302218 2
265008 15
224828 4
191569 23
198308 2
181489 19
178158 1
185419 12
208148 16
226139 20
193099 12
207169 13
234639 11
192228 12
240629 1
209409 23
184689 13
198828 5
264228 4
210208 5
199139 0
203188 7
222228 22
234178 4
226718 7
213258 12
221059 8
210388 19
172339 16
160789 14
179178 1
182459 12
203728 1
275598 21
241808 17
206219 9
203558 12
248068 4
219759 18
264069 5
250189 21
258778 4
225778 4
210718 18
227208 4
210079 2
223248 2
218939 3
284678 11
329667 3
196799 10
187348 14
205528 18
221179 13
201638 12
207698 8
212469 13
211048 11
208709 20
240638 3
192688 19
214408 19
200588 11
224619 3
242069 5
200388 1
211498 1
199978 21
285488 8
230968 18
207769 10
190369 20
224008 9
213999 4
203068 4
203299 0
185169 5
183609 0
203078 5
207159 3
252548 14
260548 16
211528 6
227598 15
224339 0
225298 10
230228 2
271748 2
243228 17
225299 12
213459 21
238538 5
210818 3
217438 2
218358 21
379127 6
286758 22
214769 0
204589 23
228258 19
205169 9
218839 3
235438 13
197298 5
212679 22
187519 17
212819 10
223728 20
230148 3
199169 6
246898 18
210718 5
245458 9
221379 12
225538 20
196589 1
214868 5
243908 18
214528 12
219039 2
212048 5
197299 9
221718 10
202868 4
171268 10
189089 20
262438 14
267438 5
213228 20
240838 2
218669 10
219099 9
258458 21
254478 3
255038 7
209598 20
192749 7
214688 4
196939 20
216728 17
233668 12
320108 12
318607 6
212479 15
199368 16
218599 22
196619 4
172609 8
166778 13
260518 11
187239 10
202439 8
242799 10
199928 4
172749 11
244678 13
325227 21
438296 19
188199 7
176978 22
205589 4
240758 11
230388 21
255618 22
259548 12
215829 12
200268 11
205968 11
214248 2
207218 15
229749 15
208998 0
238178 5
207558 2
221659 14
237358 5
207099 8
234388 1
212928 14
234258 8
218449 12
196198 19
199158 2
199889 8
214108 10
191279 22
195039 4
221748 6
230888 9
214418 2
209429 5
215678 19
188649 20
186278 23
181979 20
203898 20
223398 13
266018 10
239239 9
177728 1
200319 23
213138 22
254338 19
269588 1
258298 17
240858 12
223328 10
226108 13
197708 6
193089 5
256038 22
255798 12
265798 17
271798 22
210438 16
199759 0
230388 0
260108 1
196878 10
202418 12
214098 10
194039 18
255428 10
223798 15
266898 5
213269 7
213438 5
224478 1
251008 10
207069 20
234038 10
207028 20
224709 21
245709 18
201128 12
204159 17
199898 5
209778 15
224629 3
192538 5
187629 7
189519 18
176529 7
214658 1
204468 10
231298 4
274068 14
209638 19
292348 19
223118 23
216319 17
250598 7
259238 0
250058 10
215418 2
213419 13
221398 0
233768 10
258178 20
218568 13
344667 13
270598 5
207318 4
192389 4
233408 14
193309 11
202638 6
196509 11
211649 5
193539 0
221459 14
206918 8
222748 5
199929 9
231698 6
222659 8
216998 12
243578 17
238478 9
217709 4
177839 23
213138 6
230529 4
242518 3
224438 22
227709 5
218818 17
260308 5
192558 3
187629 0
209898 0
251388 4
276018 11
188379 22
202348 23
247198 2
229169 1
248828 14
257358 7
255088 4
215208 0
208288 23
209078 17
222698 14
235208 2
231939 16
245108 12
278408 10
229968 23
225878 12
236008 4
198928 8
177918 17
172438 12
166629 17
175558 14
225508 6
233168 10
175979 21
228488 22
236528 19
265228 12
250518 10
219908 2
203008 20
275338 13
234388 10
264468 3
253518 17
228749 0
183529 7
205639 11
225498 6
201188 4
206979 23
215888 23
239338 7
193769 12
219858 10
225108 19
218408 13
244199 1
218568 1
214579 1
247789 8
240348 3
221198 1
190789 4
204199 8
238998 22
223929 12
214749 11
220108 20
218098 18
229999 16
201688 14
224078 21
199729 17
181109 11
220118 4
236668 12
251878 0
196409 10
241758 5
227948 1
237438 11
246688 5
268638 8
274518 22
206949 20
191998 14
203799 13
242908 17
206028 23
204289 19
222959 17
242738 4
235828 15
216479 12
200798 12
194068 4
239489 18
207428 7
192159 21
224558 21
215928 22
230129 18
220778 3
200868 3
204569 3
222978 7
234608 19
207589 4
238648 21
231618 15
243918 5
219198 21
231239 2
216608 15
249768 8
202139 3
199588 16
215889 16
213218 15
247958 21
209889 6
188298 15
171349 14
187398 8
220548 5
266067 13
235189 19
189508 4
208859 14
243498 14
238098 21
246128 12
467727 15
269067 19
201819 14
218768 20
273038 4
226629 5
231769 7
261748 0
393197 0
277438 3
181109 6
198109 6
243528 8
213928 0
229478 14
219569 4
228278 11
219488 9
201089 17
208228 20
234918 13
246269 13
226158 9
196758 13
212249 21
206759 12
204978 21
183068 19
214319 20
193899 1
228288 17
187169 2
209178 22
197279 15
206818 18
190778 10
157448 5
159079 4
144129 19
160079 6
156749 16
174048 0
208619 12
228808 2
233018 13
185539 22
218638 20
202149 18
184489 9
199429 14
208408 0
254328 9
207808 9
219619 1
182888 0
197788 14
203839 15
230179 23
222008 14
210028 4
297318 7
208799 2
150338 14
208589 18
194518 21
187739 23
153219 10
163398 5
171328 8
238178 11
171669 23
189179 9
212959 11
223868 7
207189 2
233178 22
202868 21
198639 21
209868 9
219769 5
252169 6
227938 18
202308 7
197979 0
184778 7
236318 18
179299 19
202279 11
191318 22
197339 2
224868 3
182669 7
210269 8
184619 7
218818 6
199168 10
196199 13
208478 3
205499 19
214608 13
225748 13
198539 8
183828 17
203169 0
194908 17
261018 5
194309 9
196848 2
233529 3
237839 16
196148 5
173729 0
190258 21
178398 1
173229 9
270158 20
211138 12
206489 16
187739 19
216949 4
206259 5
213068 16
229999 3
244858 12
226598 22
215188 7
201849 13
175978 12
197879 19
216788 9
225518 9
265789 15
246729 20
256807 15
179548 8
160419 14
185708 9
197519 12
206188 13
163698 13
191619 15
205958 4
176619 1
237128 5
181389 17
208588 8
189479 21
197248 1
243258 11
185839 15
187318 1
216939 1
208198 21
231788 1
207889 15
200368 11
239819 4
236229 11
203648 4
192369 11
192419 16
173289 15
193858 10
226269 8
168748 14
155419 17
178539 7
231978 19
234948 11
221348 11
197239 19
230408 17
228139 9
186199 20
197049 11
189979 14
198119 14
199268 0
169559 15
179289 15
149319 11
161119 8
168489 1
205968 8
291788 23
205128 19
