9090 1
5560 4
6690 0
440 3
15180 2
5630 0
6020 1
2263412 7
13040 4
12720 0
7360 6
4740 1
5030 7
550 3
4230 2
9270 6
4770 4
840 3
4260 0
3620 6
7810 1
6760 5
18549 1
2731 2
4051 0
6549 7
4251 0
5280 1
3920 2
3420 7
3070 2
6070 0
7630 0
3240 7
3120 7
420 3
3910 5
270 3
3950 4
758994 6
3960 2
4930 0
10130 6
5840 0
3650 6
3590 5
7180 1
2980 6
6870 5
10950 5
17430 0
6820 7
9070 4
13690 4
73629 2
11670 5
6250 5
12310 0
3050 3
5970 2
9160 6
29860 5
4620 2
8010 6
600 3
11650 1
10709 5
5040 7
260 3
12031 1
9489 5
4940 2
810 3
7370 7
5350 5
6090 7
580 3
9870 4
4140 2
13350 1
8830 5
6440 6
8510 0
4270 2
8450 4
260 3
9710 5
4920 7
5520 6
6840 5
3920 2
21699 5
8590 1
6400 6
5050 6
4330 4
4650 2
4110 2
7680 7
11630 0
6913528 7
10390 2
4440 2
7351 4
7780 5
4149 7
4860 1
3989 4
5020 5
690 3
5600 4
9970 5
5160 5
4760 4
4030 5
6110 1
7580 7
8880 4
4540 7
3340 7
3600 7
6970 0
3460 7
8340 0
5250 1
5849 0
3591 1
3760 0
15331 1
3591 2
3280 2
4270 0
6100 4
5860 1
3520 5
53420 6
11870 6
3930 1
4110 4
4440 2
4369 5
7531 6
7651 4
4851 4
749 3
32390 7
5710 4
10650 4
5900 5
5090 2
16010 6
12280 6
8240 7
10650 6
12370 4
6800 7
6860 7
8400 6
8680 6
3780 2
4860 7
7630 4
8230 0
12520 4
22779 0
10530 0
7850 6
7510 4
9460 6
18930 5
8970 4
1040 3
1600 3
5770 2
27519 7
4940 1
11720 4
1940 3
9260 0
8880 3
340 3
6640 4
46260 2
4150 7
5240 0
790 3
8420 2
4010 2
2920 2
6560 0
5940 1
4149 6
6240 0
5551 0
4749 0
4280 7
4420 1
440 3
4730 7
740 3
7620 5
7440 5
4883592 7
3280 3
5290 7
6770 5
14250 7
770 3
9750 4
4110 7
3700 0
8300 7
8770 5
5190 6
7680 6
310 3
5410 7
3800 2
5880 7
5289 6
6151 0
420 3
5720 1
291 3
3409 6
3880 7
10689 1
420 3
4330 2
8160 7
4010 5
6760 4
4070 6
6480 1
7230 4
7080 5
7190 5
5190 7
5120 2
10390 5
9830 2
7260 0
5000 1
3559 2
6460 4
4609 0
4811 0
9689 4
9249 5
730 3
36370 1
12390 1
6730 4
11950 1
12920 0
380 3
4229 7
6270 1
380 3
5810 2
6620 7
390 3
8220 1
8980 5
12720 7
7160 5
3680 7
5640 1
7710 7
490 3
5590 6
9290 1
5920 6
5139 5
4380 5
4691 5
1140 3
6049 1
24389 4
6330 7
5470 0
330 3
3510 7
420 3
7820 1
4730 2
5360 4
4630 0
5520 5
5230 1
5150 7
3800 2
420 3
30830 5
12820 2
12619 4
5320 6
4760 2
1550 3
4200 7
7940 0
5480 4
4569795 7
6040 2
6830 1
1020 3
7720 2
6070 4
6470 2
7030 5
9750 1
7890 4
11390 0
440 3
4190 5
4380 7
12220 2
3709 7
300 3
7720 1
10420 2
349 3
4259 6
4720 6
6770 0
5310 2
6100 4
480 3
3770 6
5130 5
13520 0
5590 0
3510 4
4990 7
580 3
4170 7
3760 2
5050 0
5620 5
5630 2
4530 7
4250 6
5199 2
76499 6
4690 7
4550 5
5200 4
3040 2
300 3
7310 7
2500 3
29089 4
5289 5
16929 0
4930 2
8830 2
460 3
7010 6
4770 6
7550 7
5110 7
5200 2
6070 4
26210 4
8480 6
470 3
11540 0
691 3
7320 5
10020 5
4151 2
6129 6
5800 6
7410 6
4280 7
8780 1
4950 4
7590 5
8020 0
6050 4
4900 7
7350 6
5540 1
6060 2
9450 1
5510 2
5100 6
4589 6
6209 6
5880 5
4251 7
5629 5
7110 2
560 3
7780 5
3790 2
8780 0
6870 6
5930 6
9340 4
14010 6
65883229 7
5910 1
5590 7
6879 5
7511 2
6531 6
2780 3
4931 6
6579 4
4880 4
6380 1
8070 2
15370 5
1100 3
3990 6
12350 4
7560 0
10060 1
5000 0
5070 5
5830 7
7920 5
4649 5
10280 0
3891 7
9520 0
8960 6
5550 1
10430 2
5180 5
860 3
1240 3
8980 4
6440 4
13920 5
6680 5
4530 2
10920 0
11750 0
7820 2
5729 6
11191 5
12409 1
6589 5
440 3
10430 1
5130 4
6650 7
13440 4
11230 2
640 3
5390 5
7980 0
8670 4
780 3
4330 5
6090 5
5650 5
5370 5
5210 6
460 3
11560 1
10690 7
4660 5
4169 5
580 3
2840 2
5340 5
3031 7
4720 4
4449 7
10749 0
4280 2
7580 4
6890 4
10100 1
3320 7
6070 7
5450 4
3290 2
3920 7
6190 7
3310 7
4130 6
7720 7
3890 7
3200 2
8840 0
5590 6
4040 2
5900 1
5980 5
869 3
4680 4
4731 0
3529 2
4060 7
3890 2
4450 5
