228358 0
128579 3
124659 12
124569 0
129439 23
117269 8
128258 0
121468 22
117439 22
117889 13
121209 15
121519 20
131989 16
119489 7
137329 17
121139 16
121468 23
123629 13
119789 19
121039 0
121899 20
118119 10
134409 5
118109 20
119499 23
125710 0
128679 23
120839 4
123319 1
119979 18
120119 9
127439 6
125538 18
120908 16
117530 2
119229 12
113069 12
119619 9
128489 15
128729 18
117669 12
120589 18
120889 12
129438 12
126419 1
124709 7
119919 15
145789 22
129359 1
119979 21
118738 5
125030 3
117759 18
126849 11
122799 8
126059 10
120939 5
116189 12
118809 8
122669 10
118759 10
122699 21
133738 6
133549 20
120189 9
125139 12
121689 15
115759 21
123428 23
119699 1
117399 16
132669 20
112039 15
120089 16
131649 3
122969 18
118449 4
125008 6
126770 4
176629 16
121429 3
121179 13
119379 8
125179 22
127878 16
130749 3
132239 2
136549 19
124559 18
122239 15
119708 16
131229 0
118309 8
179138 14
132128 17
120669 21
113379 6
125559 22
118319 15
122309 15
124339 17
131839 21
132959 16
121059 9
126489 23
120799 17
129559 19
119099 20
132709 23
120569 12
131368 12
123418 19
134069 17
130999 21
132839 8
125028 19
124999 21
121018 10
145409 23
115809 11
109639 17
127839 14
123839 19
128109 16
125679 1
123519 2
131879 17
115769 1
128909 9
118049 3
124839 6
125658 3
117559 8
113630 21
137939 22
129689 21
123109 15
121149 20
120819 0
140588 11
124428 3
118069 17
140979 5
112719 8
116479 2
124499 3
131208 21
117979 14
122839 8
125738 9
134919 14
117209 18
116579 11
124459 2
121009 3
121359 5
131570 8
122128 4
141979 10
109009 12
111559 10
114409 4
122289 7
125039 14
125449 7
118859 20
129379 23
135989 7
118419 21
127899 8
129449 0
117169 3
117839 10
117449 14
123948 14
134069 14
114209 8
128329 12
116939 5
125069 8
115409 20
117009 18
127359 23
128829 16
114490 1
137739 23
118379 16
117009 1
117669 15
117379 3
121849 9
123279 10
111319 15
115889 17
117399 12
123058 19
115219 8
117890 3
126999 3
138329 10
122529 10
120299 12
119509 16
126679 7
119639 19
120299 16
125568 20
116149 21
128859 5
118229 12
120489 2
121139 3
118209 16
124789 19
124688 21
116588 0
134348 5
112099 8
128249 17
124539 13
117299 12
119539 7
118089 3
124338 0
132319 0
116518 5
118269 21
118239 11
124079 0
126739 13
126479 0
122839 16
148429 2
121818 7
119079 22
119159 16
115939 9
128849 2
120879 0
121699 14
183178 3
116279 4
127829 5
121239 17
118339 8
118969 2
124008 0
136099 11
133619 1
136869 14
113679 13
120889 15
125728 1
121830 11
123898 19
119679 14
136569 17
113529 12
126149 11
116229 15
125319 22
124199 22
124159 11
124098 5
136739 1
114729 21
119399 15
113659 4
125129 15
116519 4
117899 12
116899 12
133669 18
121639 7
121199 6
124449 18
118829 19
117689 23
137289 3
117809 2
134069 18
115959 17
121519 1
115999 13
120779 18
121299 13
117799 23
119699 7
129359 12
116059 0
115509 13
125148 12
112870 7
135548 8
115439 10
115909 9
116599 20
132459 20
125659 17
125629 12
119229 7
114159 7
117259 9
114948 11
123059 5
129519 14
118019 15
113189 6
134259 17
124779 2
122549 15
122198 10
119768 13
131839 14
121599 12
126399 4
114559 9
112859 23
123679 7
120419 6
124639 8
176428 10
122909 15
121369 12
124559 7
118669 21
132398 0
122199 13
118759 3
128669 16
120319 10
119489 22
116049 4
122789 17
120719 8
123518 8
126268 18
133669 13
135089 1
126319 5
116459 13
118119 10
125779 23
119030 12
129129 23
129789 17
114969 1
125069 17
117069 19
122249 1
128719 6
120689 10
121779 8
131759 23
127119 17
116739 8
122429 8
109069 5
109569 8
106029 17
90139 12
89379 16
108428 14
90300 12
93059 20
92149 9
90359 0
91409 2
95219 4
98560 23
94999 19
91939 9
91119 3
99519 13
86330 17
89259 9
89789 11
88999 11
87739 8
88549 16
87520 7
91599 17
89019 23
86009 20
99479 10
91119 6
95960 3
95359 19
88439 7
86499 22
88860 2
89259 9
88410 23
90519 10
84019 14
95169 18
91649 13
86729 2
91699 15
88169 4
91439 23
93730 2
91879 19
93980 1
87609 12
91599 16
101959 20
85729 12
89120 13
88579 11
88839 12
87909 1
86839 23
86679 13
89359 5
88169 4
99149 5
150639 0
91529 7
86239 22
88189 4
85769 7
89350 12
90009 8
91529 19
85229 16
85400 14
90189 1
97709 12
85869 1
89609 21
94449 17
92769 9
93379 12
86199 4
87639 18
88769 5
85429 21
85589 4
93439 4
85809 18
90919 4
84659 2
88649 2
88479 3
90859 11
89859 3
87549 10
86619 14
89139 18
96719 13
87939 12
88610 8
89799 13
85229 11
86659 20
87229 3
90379 19
88049 19
86849 11
91869 3
88049 5
108979 1
91539 1
89129 21
88729 8
90309 18
92979 10
81980 20
86809 9
86489 4
87289 4
85819 0
99970 5
94609 0
90979 5
83049 3
89540 14
88248 16
90400 6
85939 15
89769 0
88979 10
90399 2
92869 2
92339 17
87589 12
87649 21
86239 5
86059 3
86849 2
86359 21
84849 6
95990 22
89140 0
97299 23
87439 19
94159 9
92139 3
90489 13
86960 5
85139 22
86899 17
89359 10
89308 20
86229 3
98849 6
87099 18
92429 5
96079 9
90959 12
86780 20
87839 1
87669 5
86929 18
85949 12
84649 2
98139 5
89249 9
83319 10
84439 4
84749 10
89639 20
88159 14
88970 5
89979 20
87509 2
87719 10
90199 9
140539 21
87969 3
91069 7
88610 20
86019 7
84969 4
87679 20
84309 17
90880 12
85479 12
95509 6
88489 15
94829 16
89489 22
88179 4
82469 8
277368 13
88569 11
90309 10
104009 8
123419 10
89059 4
89809 11
84480 13
87009 21
88679 19
86169 7
87550 22
83080 4
89809 11
87979 21
84579 22
92949 12
95510 12
84000 11
88839 11
86529 2
86350 15
84069 15
91299 0
91669 5
88089 2
92389 14
88890 5
86789 8
82639 1
86109 14
86120 8
84610 12
83959 19
81869 2
89559 8
86199 10
97039 22
86409 4
86169 6
89669 9
84670 2
85220 5
90089 19
91149 20
83059 23
89390 20
86649 20
85349 13
93029 10
86000 9
87119 1
90079 23
84939 22
84849 19
92109 1
89720 17
84259 12
85099 10
86289 13
92109 6
81259 5
88479 22
92209 12
87709 17
85479 22
87049 16
90089 0
90289 0
90679 1
83890 10
104459 12
89389 10
87189 18
87959 10
91049 15
85699 5
85749 7
87379 5
86089 1
86850 10
87169 20
100579 10
88989 20
88929 21
88889 18
91990 12
90179 17
94059 5
83949 15
87039 3
86720 5
90339 7
89269 18
113199 7
96729 1
89439 10
90440 4
92680 14
83919 19
88589 19
84529 23
94970 17
87080 7
99119 0
88559 10
86239 2
82370 13
85539 0
88279 10
89819 20
90089 13
84119 13
91349 5
87079 4
85359 4
96939 14
91759 11
90610 6
92439 11
84329 5
87419 0
89540 14
87910 8
85519 5
87759 9
85439 6
97559 8
82629 12
87099 17
88359 9
86369 4
88270 23
93579 6
86989 4
92659 3
91829 22
83779 5
90770 17
89359 5
89209 3
89409 0
83780 0
86050 4
84979 11
92929 22
89249 23
94299 2
95100 1
99429 14
86189 7
85729 4
85639 0
89329 23
86460 17
87369 14
87709 2
89019 16
83120 12
86659 10
90369 23
97959 12
87829 4
93479 8
83820 17
89609 12
86299 17
89199 14
89279 6
84969 10
91209 21
84529 22
96069 19
84970 12
87530 10
92019 2
81949 20
91549 13
82129 10
92320 3
89139 17
83969 0
88430 7
95599 11
85460 6
91849 4
83249 23
88990 23
87329 7
88899 12
87739 10
91419 19
85370 13
89499 1
94009 1
101899 1
83539 8
82329 3
92889 1
84559 4
85839 8
86849 22
92209 12
84289 11
86510 20
89509 18
105849 16
87929 14
82959 21
90420 17
91909 11
91589 4
91379 12
88739 0
91919 10
87589 5
94859 1
93879 11
86459 5
85810 8
86160 22
86779 20
92429 14
89749 13
93399 17
85159 23
97819 19
85979 17
93639 4
91579 15
85859 12
92839 12
85439 4
88999 18
87549 7
85699 21
84220 21
83919 22
86559 18
96509 3
85779 3
87909 3
87019 7
83359 19
84989 4
86999 21
90549 15
88539 5
92019 21
89709 2
88980 15
95239 8
89309 3
88409 16
86589 16
91570 15
90479 21
89889 6
86429 15
86679 14
87340 8
85130 5
97739 13
92009 19
87139 4
88310 14
85489 14
87859 21
84849 12
90009 15
86870 19
83469 14
89949 20
98109 4
83610 5
88120 7
89519 0
86779 0
82369 3
87669 6
89680 6
87269 8
93839 0
87079 14
98409 4
84389 11
85349 9
90619 17
85099 20
88119 13
84860 13
87939 9
85629 13
85349 21
82899 12
89849 21
99389 19
81029 20
96149 1
86480 17
81600 2
84409 22
87399 15
88509 18
92628 10
94349 5
87779 4
104139 19
84889 6
83450 16
89590 0
88299 12
90439 2
84529 13
84040 22
87520 20
87379 18
88759 9
115169 14
90539 0
92070 9
91579 9
85959 1
87779 0
85769 14
89209 15
91440 23
84309 14
86639 4
106909 7
84429 2
89849 14
83819 18
88269 21
89629 23
89179 10
89820 5
89870 8
84309 11
89249 23
89239 9
94229 11
85440 7
86999 2
84569 22
87549 21
83510 21
86959 9
83169 5
92759 6
88700 18
89909 7
94459 0
88099 7
85079 18
86940 19
87259 11
89549 22
91289 2
87309 3
82970 7
85960 8
86049 7
98979 6
87949 10
91570 13
84259 3
83879 19
83369 13
92889 13
83170 8
90989 17
87019 0
87419 17
87700 5
104779 9
89270 2
85679 3
92149 16
91119 5
92810 0
88079 21
91450 1
85099 9
90219 20
94599 12
94059 16
85999 19
83229 4
90029 5
94419 16
83859 3
85259 12
88879 22
85909 7
87429 13
85070 12
100920 19
89159 9
85499 9
86309 15
83210 20
88979 15
85579 8
85949 14
86970 9
84060 12
87849 13
97319 13
83249 15
91579 4
93650 1
94690 5
86749 17
91159 8
83089 21
83889 1
88770 11
84569 15
86629 1
97099 1
87690 21
91909 1
90869 15
87989 11
90679 4
87659 11
94469 4
85599 11
91869 16
84109 15
133029 10
87499 8
87859 14
86109 17
91189 7
83869 19
85609 11
87560 11
90279 19
82449 17
88019 9
96339 20
86250 11
83559 14
88209 14
83659 0
82620 15
85349 15
83789 11
82609 8
83119 1
80579 8
80359 23
94709 19
