152569 5
83180 7
77919 3
79649 7
81730 8
83950 5
79000 5
81639 10
85189 8
80629 1
90070 11
83370 5
81529 9
81609 1
79279 6
84949 5
79670 9
85810 3
85889 8
85079 5
84619 4
87949 1
87560 8
87130 0
86070 11
81859 5
88499 5
83909 6
82599 8
86080 5
83579 7
87959 0
88669 5
80449 3
86479 1
83020 3
85280 3
116828 8
89070 10
77559 6
85209 4
86479 8
90509 4
88999 0
85019 1
90659 1
79789 3
83859 1
92149 0
84479 0
83760 11
83368 10
81469 4
87029 8
80359 2
90329 6
85519 7
92129 10
76950 9
82199 9
84859 2
88219 4
83879 9
87140 11
94910 1
88200 6
83279 9
83159 7
82029 7
85589 5
81939 5
85090 2
94189 6
82309 5
84309 5
80699 0
85700 8
86010 0
80740 6
81619 4
95579 8
88659 7
79149 0
85300 9
80509 1
82129 5
87409 4
88819 10
85939 8
80660 6
85210 9
83179 8
85309 10
83089 9
74689 0
80450 10
82949 0
84139 7
75839 6
77030 2
76880 3
78399 2
80689 9
80039 0
77999 0
85429 7
75559 4
76659 4
79059 4
80499 5
79359 0
76679 0
77199 7
76620 0
77799 0
76909 6
81209 11
75370 1
10122049 11
92849 6
104659 5
94009 9
84539 5
89920 5
90679 8
94229 3
96669 7
93119 7
99819 7
83849 2
83329 5
85660 11
79469 1
86789 10
89669 2
86899 9
85629 3
86519 0
84209 5
85759 4
84959 6
83159 1
89539 0
83469 0
86879 4
83190 5
82959 8
80579 3
88369 0
85709 11
87269 9
89329 0
83959 5
88539 3
79019 10
80959 9
84149 1
88620 3
83849 6
91559 3
82979 8
88739 11
87029 10
93919 10
88799 10
81149 6
80349 10
82339 1
88559 0
79369 0
85739 10
85250 11
85019 8
88359 11
81769 9
91749 4
82649 5
79459 2
81790 8
91019 8
85259 8
80679 5
88829 11
82140 5
90919 10
94760 10
95699 10
83129 4
89689 3
88779 8
84819 11
92729 1
89729 8
84948 11
80210 4
92189 1
89489 5
83899 11
84349 4
80459 6
83649 6
85139 3
81079 1
81209 7
86039 2
87289 5
85379 6
84159 3
83649 6
92789 5
88259 9
84149 8
89050 0
84600 3
87899 4
81159 0
85689 11
84889 10
80820 4
86139 4
86069 4
96389 0
80099 9
86169 0
83850 2
84559 8
89000 5
86289 5
80909 2
86119 6
82019 1
85820 6
91139 8
10134869 3
87489 5
92520 10
90608 0
89480 8
98749 8
88219 2
85419 9
96629 8
86169 3
96189 10
85839 6
89130 4
90619 0
94529 0
82259 4
89769 2
88369 8
87429 4
83789 10
95049 4
98659 8
79069 11
89619 4
86689 7
84779 3
95439 3
84739 0
88789 11
95329 3
84699 6
83559 10
90349 5
93389 10
89599 7
84639 0
83270 3
85939 2
90259 4
88839 2
85859 3
86059 1
90349 6
94679 7
90769 5
86449 6
84670 6
86099 8
86079 5
95939 6
83309 10
84369 2
87220 10
88079 10
89639 10
94629 5
85389 9
95919 6
87919 2
93129 4
89739 9
87739 6
95968 10
91919 8
89210 3
86799 3
88079 5
87919 5
88139 11
89009 0
100479 10
90219 7
85120 6
84949 2
89409 9
95659 6
88709 0
84879 3
87849 7
89289 8
92139 3
85809 11
89629 1
87529 9
91479 3
96289 1
88229 3
100369 2
85639 2
88989 3
88259 3
91159 5
85489 9
85959 8
86779 11
85049 11
87500 9
86050 0
89870 8
89949 5
91919 3
95049 4
94879 0
82019 10
83589 1
90490 8
88959 8
92700 2
81889 7
88829 8
88509 11
10129650 7
111899 2
92509 7
92609 6
98019 7
103539 6
93699 1
97489 10
95259 0
96839 6
99279 2
86279 11
82299 1
90270 10
85700 6
92439 10
91019 2
86369 10
87639 11
88379 10
90999 2
102229 11
90639 7
84788 11
91530 1
87569 0
89489 1
90439 5
85729 5
89189 6
82030 9
90650 11
92590 7
97239 0
83059 11
87179 10
86699 8
87879 4
83370 0
85479 2
84999 9
89269 11
94449 7
85639 5
95979 0
86239 8
95709 1
84320 9
90688 2
86609 8
90129 6
92429 7
89409 0
96599 4
97409 1
97269 6
88569 11
92319 4
84850 0
90679 0
87909 5
88969 7
88719 4
89189 3
87899 6
91009 7
100049 4
88830 3
90130 2
91900 4
85159 2
89919 0
94339 0
87589 11
88389 7
91529 9
90019 3
88199 5
91539 10
90759 1
101589 10
85759 4
90009 10
90489 7
91719 7
96659 6
98379 6
84919 5
99499 3
83650 9
86480 0
87789 7
88329 5
86909 9
86659 11
85120 9
86148 5
88360 9
84819 8
96789 9
86329 6
86069 5
86849 7
82780 1
89689 10
85359 1
89459 11
89439 6
86749 6
90529 1
83519 8
20162001 7
121409 9
127179 4
118249 5
112249 8
119809 5
123978 10
117888 8
135738 5
125199 4
122449 8
114559 4
124489 8
114539 3
121619 2
125449 8
124439 1
121169 7
114599 5
128049 3
117189 2
117138 1
131889 0
115489 9
132139 3
118749 11
117250 2
115089 0
116959 6
117209 5
111779 3
118649 3
134788 0
124419 7
115609 10
119449 4
120279 0
126158 7
171549 5
116759 8
127729 4
116899 1
114079 7
127519 1
116959 3
122128 6
117119 11
122359 2
137298 6
120969 10
112249 2
114379 4
115189 10
121389 1
117009 7
120608 3
115848 3
125959 9
112269 5
126479 1
120889 0
110658 2
114739 7
127019 7
124039 5
136818 11
120349 1
124789 4
126299 5
126339 2
132139 2
135719 10
127429 2
152138 3
124249 4
143008 9
133199 1
135429 0
136938 1
133039 2
129949 10
88349 3
86629 11
86399 6
85399 9
83169 4
80289 6
85599 10
79599 10
82469 11
88669 9
94249 0
97110 11
81019 7
93579 5
88739 2
93959 7
87489 4
82449 5
85300 11
78489 11
87619 2
94529 11
99209 7
89929 0
83539 9
85789 7
93839 11
85639 4
83939 4
93469 0
86719 0
88249 10
93619 2
90179 2
85799 2
81900 1
83550 6
81659 2
76709 9
78209 0
82799 7
83310 3
82299 2
82319 0
86799 0
101229 2
92499 9
85739 2
89559 7
85470 4
85949 4
91579 6
83539 1
85059 9
87629 9
85850 2
80119 10
95729 0
86399 7
87849 5
88829 1
85589 11
83099 2
87250 11
83819 0
92409 3
91749 0
79339 5
89799 4
82239 2
84099 6
78659 9
80279 3
83739 1
86040 5
87730 10
87409 3
80199 6
88259 7
84909 1
92129 11
83449 10
85699 2
87220 9
83129 4
84479 0
88669 1
85089 9
85860 1
84919 3
88230 2
86909 10
78609 2
80099 0
79360 9
83879 10
82949 9
77829 2
81129 3
85890 0
87028 5
78510 0
82159 9
87619 2
95469 2
86619 8
85879 4
82270 6
81169 6
88099 4
78369 6
80060 5
86679 4
81749 2
80399 10
10114720 2
110939 4
90369 1
89689 5
93129 8
97209 1
91119 10
85759 3
85849 5
84199 10
86169 1
87739 10
85999 2
86089 10
92449 4
82780 8
89510 3
89820 2
90539 9
81249 0
94259 5
81359 7
94159 2
83089 0
79980 4
79059 5
87699 3
85999 5
82209 0
84539 0
81160 8
80489 2
85499 3
84719 11
87219 0
81419 1
82180 6
85789 1
82999 8
81999 2
83449 2
82630 1
79390 4
82429 3
78199 7
88009 4
91210 9
79329 7
80169 11
78759 7
79079 6
84219 1
88159 10
84409 9
79179 7
85669 11
84239 3
83789 5
95810 5
88100 7
85719 4
87899 6
84119 1
85979 6
81669 5
78719 1
84299 9
96599 6
86859 1
94469 0
86739 5
83209 6
86620 4
82500 8
84459 7
80169 5
80019 9
79389 9
84430 2
83779 6
84119 11
87659 8
91949 3
85699 2
82239 9
86169 7
77069 8
90259 4
81999 5
84179 9
84119 8
83349 7
85409 10
84519 1
86429 5
86809 3
86609 2
81328 0
91960 1
93119 1
85349 4
85629 6
83649 3
82690 0
83099 3
91169 8
76929 2
82889 9
86639 8
83639 2
86270 8
82249 4
86789 0
90739 2
83859 8
91519 7
79609 1
10128559 0
96659 5
93209 6
91379 11
94439 7
95848 7
93079 11
93769 2
98579 7
97679 1
104379 10
83449 11
87699 1
91489 8
83039 6
91439 3
86990 7
83660 10
80549 1
83049 3
77929 3
86930 9
99110 6
87448 11
82459 11
85219 5
81729 5
94069 1
82309 9
84789 4
88579 6
81570 8
84449 8
85019 4
84469 1
78469 6
78609 2
84799 0
89519 8
87689 8
86259 5
84179 6
81990 10
84669 7
92349 9
100849 2
84739 6
80569 2
78169 11
81399 0
81639 9
82619 1
79919 5
81570 11
80640 5
86919 4
86449 7
95559 10
80309 10
83719 4
75780 1
86709 11
90689 8
83489 2
88379 10
82889 2
79610 2
83969 3
83009 2
86179 4
79329 7
86009 5
83209 7
87530 4
81249 4
79199 9
83329 7
86870 0
81740 0
81129 10
86029 7
87919 0
77439 8
81630 2
78430 7
89369 1
79579 2
81309 0
82249 9
91759 5
87039 9
86399 0
86829 5
88439 7
88779 8
77019 7
76880 4
93009 3
81579 5
91369 0
81029 0
85619 2
81630 1
85839 11
99669 4
88419 8
78379 8
81959 0
84470 2
86308 2
86449 0
82819 3
88779 8
86509 4
88409 8
85660 8
10126889 3
86949 0
88419 11
91510 6
90690 1
86669 3
82809 7
90809 4
84739 1
86239 10
84739 0
93539 6
84950 5
87009 7
82509 9
87259 5
82779 6
83709 8
86379 6
92259 1
84829 8
82299 10
83889 4
89430 9
80690 0
84959 9
85349 7
85579 11
86859 5
78550 0
82050 9
90539 11
87049 3
91059 1
100869 2
84309 7
85429 10
83029 1
82960 11
81669 3
87669 6
85939 1
88159 11
82059 1
87410 3
92159 6
90780 1
88279 0
90449 2
90549 1
90209 7
85339 5
85350 5
86899 7
86649 8
87459 3
84029 8
84469 4
76149 9
76479 4
79199 6
73839 11
80029 7
80408 0
117139 8
79730 2
82209 4
78489 9
81049 6
81649 10
76210 7
73479 2
75159 7
75150 0
78190 3
84499 6
79689 5
76159 1
77319 9
81480 2
77539 1
83269 0
82699 1
74499 7
79749 8
77829 3
81139 9
80800 10
75229 1
81809 7
73289 6
74639 6
77489 11
74149 11
76229 5
86629 5
82499 1
72779 10
70069 5
70889 10
73700 6
72929 7
71639 4
73900 0
67790 10
71589 1
71239 1
75199 8
72450 7
79679 2
72359 11
72340 8
71599 4
70849 8
77350 4
77060 2
