247706 6
229568613 3
90259 13
122929 1
91169 19
86399 4
90039 17
69069 17
29425960 6
79380 5
78799 10
71550 13
273456 6
9812614 3
495174 12
354266 19
129438 23
590773 18
53299 12
129818 1
185878 20
92789 21
96279 5
350245 1
204837 0
129949 1
52279 12
78359 21
78749 3
667772 2
110539 9
79579 19
75029 13
117019 14
71670 21
47469 12
93579 15
80569 16
26301108 6
74589 23
89206570 3
116839 9
47527226 12
52079 11
99929 19
38600 11
130689 21
126288 16
118089 21
178678 3
120039 19
152478 2
89979 2
101875490 6
880889 6
129169 5
109319 4
329316 22
91979 13
198018 22
137259 21
103139 21
118329 1
111868 0
125939 10
5134379 12
92059 8
163138 0
78729 6
128429 2
136439 1
677532 12
132218 13
10118510 6
101769 0
48589 12
140249 10
313736 11
83379 12
119539 15
64829 23
173628 11
177648 6
176617 5
159078 8
138088 7
184708 8
246827 16
74939 20
81979 20
128489 20
97759 7
72260 23
115629 14
108289 6
213497 0
171728 4
173268 9
248987 23
142579 19
225688 4
230247 23
560883 3
72099 13
267806 0
177938 5
170948 13
62270 13
73730 19
93029 13
65750 7
87659 21
102348 19
102008 4
91989 1
108489 23
106149 22
64290266 12
55990 10
141449 10
151028 0
357766 12
72199 22
197978 19
160889 17
101519 8
219157 12
122258 20
108829 11
26467706 13
308146 1
214368 1
185697 17
118648 8
10456206 12
103679 15
62419 22
118729 3
64830 13
90908 1
42699 11
81679 5
86789 17
106009 17
42279 11
68010 15
97499 15
209238 8
60049 10
161908 16
137618 16
92010 19
71539 13
91770 17
68610 9
69969 10
109298 0
60860 7
75919 22
153068 14
125929 2
93768 23
85419 4
68780 8
91879 4
73890 16
118258 1
73889 17
56039 10
67039 9
91739 19
62989 21
78009 23
54460 13
99619 20
90508 15
80029 17
69860 16
83410 3
73109 19
58639 13
59229 21
77879 14
56420 22
138328 4
87689 5
84549 3
119148 18
135629 1
96269 3
81149 3
63709 7
73779 16
74399 16
87369 0
38820 11
73389 19
49669 12
133528 0
87749 0
62099 22
136669 10
60190 9
82399 3
71749 15
78799 3
45279 12
75699 0
91388 3
55099 8
68479 16
84669 17
70939 15
56310 8
54670 10
58669 10
36890 11
83659 17
59199 13
34429321 6
1893177 5
187128 18
110079 22
102769 17
2808346 0
373555 21
161198 10
108729 20
169868 20
221027 1
78469 23
342936 0
137328 21
84990 8
120228 7
113049 21
2329962 15
81019 14
116869 4
148578 5
75109 14
183638 19
42129 11
67300 16
69010 5
414355 2
93579 18
66319 23
68499 20
89939 22
56229 22
101209 16
147408 11
165127 21
67330 10
99269 21
95199 19
86809 15
57950 20
128098 18
74999 5
57649 22
56989 7
60749 13
80809 15
73119 16
43170 11
39949 11
95179 0
158158 15
112719 15
62519 17
119889 14
96969 0
80769 18
107809 5
35520 11
54629 13
130429 0
70109 20
56419 22
5674093 12
124799 2
208998 15
65809 13
229697 4
541823 15
216807 11
147568 10
84669 5
111568 22
96329 13
129529 22
62479 8
274507 19
117538 14
85129 21
99119 5
74659 13
165898 3
121909 5
69249 21
39070 11
84799 9
35859 11
125269 7
101859 12
103409 20
79359 4
60000 13
79390 4
57289 9
136356950 6
687381 6
97679 0
516774 18
112999 5
163208 2
132818 5
142259 1
298706 5
7370902 12
135408 19
59619 10
9581567 6
157149 19
9780883 12
67440 8
1279545 12
79090 14
135628 14
59799 22
1460263 19
84319 15
7143485 6
75829 3
64419 21
133869 14
65319 21
86239 17
83579 1
121249 10
84088 18
135868 16
138578 15
145258 0
171207 10
76608 14
115218 19
144438 19
45669 11
60489 22
162938 16
129689 3
95968 1
55649 22
117368 8
163358 7
105098 19
85029 1
67479 9
99759 17
95199 13
99019 4
73379 5
75569 17
56460 13
82409 18
131488 15
71509 11
147979 3
87459 4
72130 6
55560 22
73909 7
59929 7
68209 22
65969 20
5990598 12
76069 18
143828 2
72249 23
94829 0
625823 12
102559 20
64109 21
120778 5
122109 17
151488 17
92079 3
125608 17
150708 17
137158 1
148508 8
108019 20
39289 11
57000 12
185978 15
66040 23
59009 21
120808 23
72900 5
62419 19
61469 9
57490 9
63230 20
91319 19
7025056 6
97079 22
91649 18
62439 7
137759 15
59529 8
243537 14
110059 3
129518 18
185998 0
78599 3
162988 8
253687 19
70179 13
127209 18
121568 4
215328 0
65499 23
73369 5
113529 21
291356 18
98689 16
371546 14
44079 11
132819 19
93198 18
89999 0
55879 20
84439 2
172058 19
198998 17
103769 17
5446865 12
37359 11
134088 18
102518 10
101339 21
104859 7
77079 13
67159 21
99419 2
9216090 6
42190 11
67809 23
91389 13
97739 0
64329 22
48558274 12
83359 16
160489 19
85259 4
81899 14
63089 9
68549 14
549634 12
91549 15
61290 13
386395 7
99119 4
83559 20
127748 10
9473808 6
166818 14
66739 21
92349 7
198688 0
138448 18
55739 13
205748 5
329716 14
75729 22
143878 15
106579 6
100959 22
329756 2
89709 17
155368 9
113669 20
95019 5
127188 12
171638 20
79149 16
67769 10
247847 8
102929 15
114699 21
137378 13
415595 1
63020 10
106989 22
176658 13
116819 17
132178 19
150628 15
106419 10
263777 16
366775 4
136578 19
117129 2
319477 0
182177 20
143299 4
189017 0
138989 5
59419 13
84989 13
45160 12
61539 10
73099 5
127968 16
206237 22
206698 0
225217 15
265167 13
185658 7
81069 12
161198 2
103538 20
181697 16
143189 2
214677 6
109949 14
10134680 6
189458 3
78409 2
149848 20
126088 4
62539 23
94619 16
9651495 12
93079 17
9587615 6
109188 15
114259 19
74719 21
786801 18
58729 21
258217 19
99379 6
78717555 12
74249 8
76399 6
133359 13
187617 9
107958 22
122629 8
321126 13
125198 16
222828 6
248497 5
85079 6
143708 0
80789 5
122589 18
46189 11
259927 0
469954 14
200677 21
120109 14
232227 17
230127 1
81459 8
138349 1
121479 2
185318 8
135148 23
71819 16
110009 9
548104 1
195957 12
79909 9
107259 13
184948 12
172018 17
79289 3
116648 20
306496 14
159048 16
176908 8
90749 17
231227 21
106229 19
241977 5
67649 9
84209 9
84459 19
100749 23
135688 6
79119 12
194998 1
211157 20
267747 2
61130 22
210438 18
95469 21
150928 6
131349 12
111399 4
51550 12
79299 3
68279 3
103589 18
93598 7
88379 7
153268 14
67849 4
72149 19
82189 3
9749644 6
201128 2
49129 11
137999 15
55479 9
71499 14
119519 0
56039 21
124649 1
82888 23
67419 9
61689 9
57569 7
872640 8
87569 6
93739 3
74249 4
88279 2
117963819 12
70929 6
141268 13
41509 11
78729 7
81979 22
101819 19
200777 16
71059 6
99769 10
60540 20
96469 19
67799 16
87879 5
103389 5
41259 11
294687 10
100398 23
159787 2
241088 16
210717 18
448375 14
150858 16
60529 7
82219 1
163298 10
381525 15
75279 23
285266 2
355486 2
72840 23
173267 22
214737 4
134788 0
226778 4
66380 12
83659 16
219067 19
154178 19
215808 7
173408 15
256107 14
55719 12
199908 2
155028 3
86879 10
124098 2
128379 3
133208 10
41340 12
122438 1
39000 11
44549 11
155369 13
204227 15
260277 0
64579 10
144729 14
130069 5
56929 9
49640 10
63349 12
61979 10
2341862 2
353736 2
109489 4
73169 14
79809 17
59209 7
57239 22
71519 23
7962605 12
124539 17
179658 16
75179 18
82399 4
109559 18
292387 16
87464361 8
60430 10
84749 16
70449 5
90869 9
93528 16
77459 7
32096338 18
9415109 6
1842038 8
77539 23
197697 19
73259 10
7553030 12
142508 4
133849 0
70049 14
197438 12
137169 1
101829 3
49959 10
61749 13
9100042 8
147278 9
131678 9
93559 6
71139 8
127868 8
73110 23
99719 5
169408 14
58490 22
63909 16
91269 3
60339 20
71519 4
79499 5
83149 6
97609 2
135029 14
39829 11
213158 18
67230 14
42489 11
61549 21
8101533 15
50850 10
82919 18
58519 13
56999 13
83399 4
71040 17
35240 11
147298 16
104949 15
74429 14
84209 2
112469 0
38180 11
78770 15
81899 18
34239 11
10473166 6
67539 16
126588 1
103748 0
98019 19
144928 21
87454472 12
71199 21
83069 22
29889435 15
112999 0
71779 2
69079 23
107219 14
97099 14
29768556 18
107979 0
142838 13
91729 18
57339 9
74470 3
74388 2
9445679 8
105769 21
63369 20
46340 11
78649 2
95009 6
9383098 18
58470 22
136108 2
10198899 12
107129 23
76139 7
130268 19
76739 5
129089 0
92149 1
108948 21
125469 15
74799 4
62859 7
77719 15
65599 19
251457 0
78490 4
106848 0
66079 19
70380 5
91309 7
117488 3
76109 5
75929 12
65619 5
71849 8
61419 5
39220 11
88528 5
69769 5
70629 3
77189 3
125529 1
64260 14
85279 5
67579 17
65839 9
52269 13
41159 11
52109 10
86839 7
66260 6
26886840 18
29365592 8
118628 22
64239 13
96818 13
57239 7
111498 8
89890753 18
65259 9
102859 3
92179 0
97149 2
73470 12
39279 11
64769 9
81499 13
88459 13
64340 19
153488 0
63749 17
81369 2
81829 4
83729 3
47269 10
89939 0
26372396 8
85629 16
46620 11
61199 22
68569 22
63229 7
69488 13
139858 2
76149 17
114789 15
53379 7
21196698 12
40780 11
38670 11
97799 23
68660 20
9719114 8
70769 5
72199 21
72340 17
59610 13
70639 9
96309 4
104789 8
67580 13
9484777 6
59020 13
126758 16
74419 9
64289 23
90689 0
81859 17
62349 13
82030 2
103698 16
118659 16
68329 17
8919684 18
99839 19
85959 16
97219 0
75019 17
89229 5
72899 23
61839 8
71159 19
77509 5
82528 3
58749 10
81369 14
72959 1
64529 14
65549 23
67319 8
89028 4
66810 4
70999 5
62689 16
63149 13
28476032 6
27902039 8
55619 20
70169 15
47080 12
61719 23
85969 19
85869 3
75469 5
59880 13
76759 19
62209 23
77139 14
59099 22
80849 2
63609 9
73399 2
72159 19
74619 2
87759 6
51359 9
39390 11
67589 6
69489 17
58329 9
56570 21
67139 20
75889 0
43419 12
81128 0
42899 12
78919 11
4100112 21
93808 0
59260 9
70159 8
5838150 6
82028 4
55049 13
64039 17
70059 19
92599 3
69510855 8
71269 17
80879 4
96189 3
67079 22
41959 11
62860 10
81199 3
61689 22
92549 2
79029 2
75859 14
69889 4
85249 15
9035793 12
38729 11
106899 4
92979 3
57489 10
36770 11
69429 20
68529 5
83029 16
96139 0
65889 5
55110 13
122168 0
133959 1
84299 3
101198 1
