32860 0
4620 6
6700 6
6180 14
6450 3
7270 8
9130 12
56160 9
4780 0
560 2
9930 12
8230617 11
6260 10
3730 3
9969234 13
4490 9
13840 13
5190 1
4640 0
7470 3
440 2
5560 6
4670 5
8220 9
5811 10
3440 1
5660 9
4559 4
5430 1
5240 12
5090 3
16870 7
4000 5
6230 3
4480 13
3580 5
3850 13
6120 7
8760 14
4800 15
5670 6
5950 4
9829945 11
49519 14
4950 5
350 2
5920 10
9960684 13
3990 8
9964294 11
10980 15
30006111 13
5450 15
5090 12
48329 12
4131 1
6449 15
520 2
3240 1
4729 6
4730 10
5120 4
4150 3
5670 6
6930 6
5190 3
3640 14
7690 9
4260 6
7080 8
6500 0
6990 7
6920 7
4230 1
9846655 11
80980 14
7250 12
3140 1
9899764 13
14119 1
8974252 11
5550 10
13490 11
4200 13
4010 6
4460 13
6319 15
4471 8
3009 11
1978634 10
3419 3
370 2
6630 4
3350 0
4110 14
27710 15
3690 0
3860 8
330 2
5790 1
5180 12
8775773 13
5740 15
14299 14
5169 1
8489 10
380 2
7391 15
6950 14
5060 12
3600 4
6830 5
4170 3
7650 12
3070 14
3590 12
6740 8
3580 3
6977517 9
7170 7
7110 9
6940 8
4279 14
611 2
680 2
5220 4
4360 14
3760 12
4831 3
5909 1
4590 13
4080 12
6700 10
3740 6
4940 15
2863518 11
4629 15
7860 7
5420 8
7280 1
5400 0
5720 7
5720 7
8310 12
17340 15
3750 11
3520 15
4760 5
4590 8
5900 10
43699 12
9859975 13
5570 6
15660 9
6360 10
4340 3
10810 3
6690 5
9951274 11
14230 15
4400 0
4300 0
5809 7
5300 5
4271 9
7409 3
5700 15
7610 6
32740 10
3510 12
41790 9
8139 7
3980 11
3829 9
340 2
4120 10
8400 8
3291 11
19859 15
4050 6
9807645 13
7990 14
4280 4
5150 10
11540 6
3760 15
2760 5
3220 1
7550 10
5510 8
4891 7
4649 6
400 2
3720 3
3740 5
3360 10
3870 9
7060 15
300 2
5070 5
4850 13
9840 15
3570 12
320 2
3580 14
3670 13
340 2
4040 9
3630 9
9689896 11
3910 8
6320 14
4650 14
7790 0
9960824 13
4810 3
7060 1
64569 9
2960 0
4940 2
3780 5
3460 14
3750 5
2660 4
5130 15
4650 0
6740 7
4400 6
3490 8
5250 1
440 2
11980 10
9040 12
4570 10
6691 12
3040 3
5440 1
5240 4
260 2
3940 13
13500 14
10580 14
3030 13
310 2
5820 7
6810 0
4230 0
3450 4
6040 5
300 2
9776546 11
62559 7
4240 1
2960 8
4160 0
6925887 13
4290 11
10600 5
3870 12
3560 2
13710 15
3710 11
23750 15
4700 5
2840 2
6629 9
300 2
2900 12
4860 6
329 2
36940 5
3530 13
4070 5
4290 3
440 2
12930 0
4210 13
7330 5
29080 15
2849 0
6271 9
10069 7
6491 7
4599 11
4140 11
3729 11
38990 15
3920 10
3330 11
3280 8
5270 6
15080 15
8340 7
5100 0
6730 1
5900 6
5580 0
4180 4
4780 1
28139 9
400 2
5109 4
12270 5
24830 7
8350 9
4750 4
3790 8
5230 12
4340 13
4450 15
5460 10
4300 15
5070 5
29909 9
11591 7
3969 8
3780 11
3691 3
7749 6
7050 8
5360 5
3160 3
7730 10
15000 6
6270 0
5190 11
16550 7
6280 11
6900 7
6810 1
5650 1
7099 0
20411 7
46219 6
5590 6
69169 15
5751 9
10000 5
10289 4
5300 13
14130 0
4370 11
4320 11
15880 4
6140 9
14500 7
5600 6
4170 11
6490 8
5320 14
4800 13
6080 12
3880 3
10849 12
38080 9
420 2
4540 12
4290 11
5740 1
6400 15
5960 3
11720 15
4430 9
14490 7
5190 5
5750 6
5129 14
56290 1
3340 0
3620 11
4610 13
350 2
5390 4
3280 11
3920 5
540 2
3350 11
5030 10
3630 6
8500 15
440 2
5260 3
4600 6
8880 1
450 2
24640 7
3920 4
3800 11
3130 1
4260 13
3650 3
5440 5
3200 3
9710 3
57129 14
3150 8
3880 14
3730 11
5160 10
5230 9
8000 7
870 2
4590 10
4180 3
9640 6
3430 13
5910 8
4440 4
9850 6
5040 14
3250 13
3590 8
14080 9
12889 12
4220 6
5520 10
3130 14
4600 11
3380 8
11610 15
3410 5
6350 3
4790 11
13340 9
3640 15
2420 3
18820 7
8200 8
6250 9
3960 14
4819 8
5971 7
6120 9
5069 9
460 2
6509 1
4369 5
5420 10
430 2
9020 8
4500 12
294428 0
11290 7
10060 3
4910 11
6240 13
5930 1
8209 4
6551 6
5220 15
701564 12
6180 1
3770 1
3410 4
4100 0
9962844 7
3360 4
4420 9
5310 12
3790 3
7070 15
4430 6
12900 9
4389 9
3771 4
17955572 11
14971 9
23340 9
6150 12
4920 4
12160 14
5390 15
11250 15
2920 13
1937215 7
4480 12
6100 15
5540 5
3640 11
510 2
4770 7
4380 0
8350 9
380 2
4020 9
3250 7
5330 7
7290 14
7060 6
19510 10
3840 11
779455 3
8977151 13
860 2
10800 14
10049523 11
26570 10
24170 15
19370 0
49883009 13
12390 14
50489 4
16580 14
9650 3
8070 9
8400 3
620 2
13680 12
89862604 7
30006901 11
7060 10
8580 6
6480 2
10940 9
132939 3
40839 3
41410 12
7570 1
9729306 7
14220 9
8830 7
4600 14
2700 7
5220 12
3500 7
2960 1
9967453 13
4560 14
9640 12
14560 14
6370 5
5050 11
7480 1
640 2
4650 4
10920 3
8090 8
3880 0
5290 3
14150 10
4099 11
3920 1
9894945 7
8820 14
4960 6
8410 5
6510 12
5860 0
6880 8
3780 15
7280 15
5300 5
69937837 11
10001394 7
6829 9
7329 12
5000 3
4200 10
4750 6
5080 15
9490 6
6680 11
3570 12
3080 11
4770 15
4930 8
7180 7
9924994 13
6890 9
6340 4
6769 9
13689 10
10970 14
6410 6
6030 12
4260 3
29240747 7
10710 8
5380 4
5180 0
8810 6
6020 10
3930 0
3910 4
3660 6
3250 7
2810 3
2930 0
3420 3
3480 10
3060 7
600 2
6480 3
3809 0
3531 4
4509 8
9910224 13
4910 6
11340 5
590 2
6120 4
4909 1
6100 4
35780 12
5310 4
4800 8
5430 1
6200 0
3420 4
4980 14
4240 3
13250 12
9864165 7
7111 15
5260 3
689 2
4150 3
6150 4
53020 4
4290 0
6480 0
10640 6
7880 3
5000 3
5650 0
8609 14
8060 5
5289 3
47639 10
9817285 13
4670 6
10007404 7
530 2
5340 4
8790 15
5959 9
4120 6
5431 0
5840 10
4940 5
5569 14
4330 8
6170 8
4550 10
7240 6
4230 1
3940 4
3930 14
9913815 13
4520 8
3630 8
6860 4
3570 14
8400 10
56880 8
16260 14
3830 10
9888964 7
6650 9
4140 7
3560 3
7810 5
69977516 11
7180 10
7470 9
4440 4
3789 10
6810 7
4110 5
3780 7
3600 10
14680 15
5010 7
1249741 3
4570 8
5000 10
5531 9
4709 5
4540 14
5571 5
3880 2
5160 0
4060 4
34570 9
18320 9
5420 5
4030 6
5810 14
3800 11
4770 3
12800 15
3780 14
3620 4
4520 4
3769 11
4551 14
4540 1
6069 10
8450 8
3510 10
4170 14
4440 4
4460 14
310 2
17230 15
3180 11
4350 3
10230 10
10620 15
3390 8
7470 14
8000 9
3310 11
300 2
4129 10
4931 4
5060 9
9200 14
3651 11
5289 3
300 2
3360 10
310 2
4570 1
4440 0
270 2
6240 9
4360 4
4420 0
3210 3
3960 0
3630 1
3830 14
3130 3
6640 9
3540 5
4840 3
3790 1
7270 15
5180 8
8578664 7
7620 1
340 2
4870 3
5190 4
8618934 11
4851 14
30016121 7
5270 12
4180 0
4210 5
4410 7
3330 3
3210 12
4560 12
4220 4
8380 10
4320 7
3510 7
8170 7
5370 3
7160 12
9013211 11
49991948 7
5740 6
88130 5
6219 8
3840 11
3931 7
4620 1
4149 6
5229 6
5030 8
6190 3
4980 8
4460 7
19660 4
17340 0
4120 3
4600 8
9816515 13
171269 3
153909 6
25360 11
3820 10
5650 12
4450 2
14480 4
8670 6
5950 11
3210 4
9230 0
5180 1
4600 6
5310 6
7850 6
6840 3
3440 10
5878345 7
49099 7
12220 1
7090 15
4700 8
9920 8
5070 0
6370 6
5120 14
23100 10
9040 15
3910 11
3920 5
7590 0
2900 13
5520 8
6131 3
3120 3
9469 1
4870 10
5650 7
3990 6
440 2
5050 12
3670 9
390 2
3170 11
290 2
310 2
4940 5
5350 10
3930 13
11440 15
9200 0
7720 9
6220 14
5550 5
5090 9
4860 10
3260 3
3570 1
350 2
6080 3
4949 12
4600 10
5060 4
23149 8
11810 4
6040 10
5420 8
3570 0
4080 1
25820 3
350 2
3470 11
3390 3
4920 1
4220 13
520 2
5460 15
5249 10
4580 0
4591 8
6100 11
3640 1
4780 15
6970 9
2980 7
4830 14
400 2
3470 0
4740 14
3890 4
4330 7
5540 15
7910 7
5110 11
3230 10
5060 9
3430 14
3420 11
4470 14
2880 0
5440 12
3410 13
4690 14
6800 8
4380 12
5400 13
371 2
4420 15
5540 14
309 2
3200 7
4620 0
9480 6
7110 9
6810 0
3750 13
5600 15
5560 4
3700 6
4660 6
3960 5
3820 12
4490 4
3460 6
3910 0
5870 9
7510 14
4890 14
4030 15
3820 14
5800 10
5430 9
8750 5
6280 1
3780 3
4700 6
3709 11
4230 12
320 2
7140 7
4020 3
5000 10
2820 7
19150 3
3610 11
4590 6
340 2
3190 9
4440 1
4900 11
370 2
4020 11
5190 8
9170 5
3940 6
5590 6
350 2
18009 5
3991 6
3120 3
4680 14
5049 9
4320 9
4439 14
4690 10
3630 11
2930 1
3630 11
3780 7
