59699 11
22500 5
20949 18
22090 7
28730 23
38040 19
20889 12
21049 12
24960 5
38969 14
40350 3
43890 21
27159 5
32859 11
33919 22
30759 11
21770 15
23980 14
25740 9
26319 8
20479 4
36289 7
46469 23
33369 14
31160 1
35169 20
36030 19
23379 1
32200 7
14509 20
39549 8
36919 4
62959 16
5080 14
48309 3
45319 4
26829 2
27570 18
17620 12
41970 3
40839 1
53330 3
41530 4
40069 17
42180 23
33779 2
26239 3
30599 23
29410 4
25160 13
17160 14
22890 21
20659 6
17830 23
16620 11
37029 3
20560 21
20059 9
22649 21
31540 20
38970 11
41049 3
23290 5
18950 6
27039 14
28730 22
33369 4
24730 13
31089 7
85329 3
46459 17
32370 6
230826 16
8300 1
53839 22
145348 16
5580 15
40049 14
49589 21
64799 23
62909 2
112148 16
6399 2
68829 6
67509 17
59339 3
55329 12
69489 18
53050 18
53439 1
56569 7
46449 4
47889 10
38880 21
36890 22
33250 4
52580 17
54899 2
46349 11
46059 6
14160 12
11430 11
19549 2
21240 11
18990 19
21369 20
16600 0
27910 14
35589 0
22110 9
29709 3
44310 17
16650 13
12970 18
15060 8
25220 17
20739 12
15710 3
18399 12
20750 10
23560 0
107088 7
42530 5
28450 12
24950 8
32729 19
28200 8
44519 13
43639 23
24160 22
47469 9
25090 19
13870 6
22260 8
29230 7
27599 4
17500 17
22320 6
25409 18
24750 0
42389 16
5850 12
31380 6
42300 8
24660 10
25520 1
27380 10
62329 16
5420 22
26070 23
15830 22
13500 23
18120 10
14249 4
13399 20
15890 5
16690 10
28579 11
23370 10
26490 10
31100 18
24880 6
29409 4
23730 1
23419 0
28450 7
49029 2
32510 21
21819 9
14060 9
16920 18
15399 0
16409 0
19430 11
39349 16
6610 5
36090 21
36699 15
25600 19
22709 8
15960 11
16770 3
21369 0
29570 2
30070 11
16899 4
41270 16
8680 14
42230 14
17029 9
27689 16
6930 10
65739 2
28810 5
52210 16
6030 12
28399 0
38969 1
17810 1
20660 18
15070 10
16850 17
17000 4
32599 2
16089 7
16220 15
17790 7
28439 11
19290 3
20969 9
22229 5
19720 4
12640 10
13420 1
32219 18
62779 0
31699 6
21689 6
18420 19
33369 22
48720 17
45299 14
22619 6
38860 20
45199 14
24710 1
18189 22
21390 21
28170 6
33109 11
52859 22
18390 21
20670 5
32249 17
30430 18
24599 9
21930 9
20280 19
19440 4
19180 14
15840 5
80679 16
10760 0
16310 12
15240 6
12500 23
75368 16
5720 12
42299 8
25429 17
11489 23
13989 17
17970 14
16930 7
25739 20
18070 14
42200 9
37280 10
28409 13
50780 16
5431 2
28040 9
16120 15
25349 1
20480 0
19990 9
12000 21
16230 5
24740 4
46239 20
15680 6
21669 11
31300 6
39329 9
23259 8
61499 16
6360 21
26730 20
36630 13
35179 3
28039 0
19550 6
19710 14
25530 0
18590 6
19879 17
29690 17
42779 3
40360 9
23150 18
28430 15
40249 10
43190 22
32180 17
33409 13
34159 11
22859 21
13120 13
23010 0
16290 15
19079 13
12400 22
14320 15
19540 20
18650 10
16980 11
13940 21
14649 22
23579 2
17800 6
18169 12
20369 4
50499 18
30210 20
18380 10
16789 11
18440 10
34500 8
34380 9
27080 3
26259 2
25790 23
23829 14
25250 6
19150 1
21480 22
21550 9
27040 9
28679 5
51919 21
25280 0
14490 1
14150 13
20970 2
22910 2
20379 9
21270 6
33959 1
34729 14
33479 14
25060 0
21990 20
36659 8
23130 19
32449 8
45359 19
30039 6
22840 15
29399 19
51419 12
19590 0
20950 7
23040 9
23660 10
28139 13
23700 6
22970 6
50340 0
17649 21
18599 5
17890 17
42309 2
25490 12
21119 5
22290 17
31460 13
27669 7
27300 5
24730 22
25379 13
25500 0
43819 6
24949 0
35609 22
16620 2
11950 0
19200 11
18580 13
32829 10
34060 6
44899 16
5110 2
54439 2
22000 23
48559 13
31209 22
25589 10
38590 17
35860 3
32679 2
19879 11
23530 15
17230 17
21320 23
14830 13
14190 9
12790 17
16059 19
15110 6
21450 19
19510 13
25200 19
22980 21
15030 9
12920 18
16490 12
14590 18
15840 10
18120 4
17159 20
26000 18
15020 14
14270 0
19930 18
80229 16
6440 11
36129 5
20250 10
21699 13
25749 22
25890 15
26679 4
29160 4
27969 3
22890 17
17130 12
21160 6
20720 20
25570 20
24459 0
31700 0
13430 12
19849 2
21490 18
14410 17
17610 6
26649 22
33929 20
35300 13
23989 18
24700 12
21990 5
17819 0
19069 1
27970 21
23439 3
14500 4
36319 18
36479 14
17240 7
17850 7
18590 4
18900 5
32579 13
20950 21
22869 9
16409 8
25520 10
24869 13
19230 3
18710 11
16160 13
15210 15
20780 9
17280 23
35159 14
39419 2
17639 12
27220 17
27699 19
33410 1
43099 10
20960 2
24180 17
26689 14
39699 10
25530 9
30470 19
17999 9
30380 13
26329 6
33420 12
38679 22
28790 3
23199 12
25190 18
26590 7
23109 8
31800 8
23229 4
16900 14
33560 16
5920 0
24770 22
29370 18
38460 16
6000 23
20419 13
15240 15
25320 0
