121858 4
21940 13
27049 2
29440 18
18940 7
28159 5
33019 2
33820 6
40439 15
30010 0
30290 18
26870 15
32799 12
31850 12
22850 3
31489 14
23420 2
37099 3
33460 2
22609 1
19640 6
21410 3
32939 5
22670 8
21589 8
36039 12
22680 7
21980 13
21700 4
20329 17
31060 13
35449 18
40650 8
33049 21
36000 22
38659 3
41570 8
28900 15
44219 10
35970 10
38369 7
21970 20
27719 8
78749 23
5760 11
30080 5
31160 2
41809 21
37650 10
30529 5
18579 5
16490 1
19450 19
19170 17
15170 13
21480 8
20899 2
17240 1
20140 22
18959 4
18640 17
28530 7
21149 12
14820 10
13180 15
23129 3
24869 20
34220 9
23590 5
16680 8
19910 16
34309 11
32310 9
25210 10
36879 6
29639 2
18720 14
22980 17
26570 16
28829 10
27760 18
19120 14
16550 10
20730 14
34420 13
26849 18
17270 10
20600 5
19509 17
24780 11
32540 2
39580 20
17830 13
30340 1
26330 17
30319 10
31470 2
26429 18
29860 15
27149 3
11749 13
24010 23
5630 18
22630 11
14729 4
20180 21
26030 9
28849 18
29560 13
24529 19
14740 0
18650 2
21449 1
14540 21
46880 23
5739 6
25700 16
20760 4
24079 4
26270 5
29049 4
31650 3
22590 17
25130 8
23650 13
18439 0
29139 9
27290 21
57450 23
5871 15
16360 20
26220 5
37169 5
25390 8
26959 20
31950 4
41619 19
28270 19
29449 18
30460 14
34639 12
26830 8
18070 4
39889 9
29980 17
31860 0
32810 15
36700 20
20430 19
18189 10
11170 15
12560 8
19110 9
22770 14
20740 3
11309 8
22190 23
5640 14
22490 21
18549 21
17910 20
13100 21
12360 12
16290 10
14480 18
20710 9
23659 11
33080 23
6190 8
22929 10
19750 19
17730 14
20099 15
22500 4
17590 21
22260 3
19209 3
14200 10
19550 1
16849 17
12290 13
18440 2
19289 16
14959 12
15830 10
14030 16
14480 10
18429 1
12250 22
12130 19
18020 18
32669 23
5780 14
18990 21
16099 7
13580 10
12830 2
24870 0
15280 9
22679 9
18060 20
19279 20
25470 6
28919 10
17040 11
16310 8
28319 17
59929 23
5569 14
53190 23
5809 19
29329 15
44099 5
30250 17
24489 20
24400 17
24410 21
37369 13
42509 7
23650 6
36419 20
57399 3
31480 2
29069 22
31099 12
28250 22
28289 18
32669 17
44439 17
43049 3
49310 7
26809 17
32489 4
30940 15
25020 3
35380 0
27470 11
16049 19
21790 21
29699 2
30129 18
34069 8
24809 6
29989 20
18530 18
15450 4
18670 19
17170 12
17039 10
16880 6
15560 15
17890 16
14669 8
11860 4
20840 8
17750 9
14719 10
15739 7
13370 7
17350 2
17399 4
17739 5
26000 23
6110 4
15759 6
36680 13
29509 16
20750 0
19450 1
24109 19
20930 2
21730 4
14110 16
13700 15
15840 18
14330 20
25439 7
38600 1
20630 3
17660 4
19970 1
30239 0
35940 5
28669 18
19300 11
24040 21
29069 6
22190 19
20239 10
14260 12
14970 2
89109 23
6280 1
23659 17
25310 5
21489 7
20850 1
15640 20
13919 17
19210 8
16179 5
12580 18
11450 11
16910 6
19669 0
20780 20
12790 3
12530 15
13149 12
11669 11
13610 10
14230 11
14620 14
13729 15
18790 13
22210 13
17580 6
15310 7
17210 9
23660 20
19680 5
21720 3
17609 5
23149 20
44659 23
5960 22
20530 20
18280 7
23259 18
25690 5
11670 19
16599 15
18940 1
12630 21
13330 15
13690 17
12709 20
13360 19
12370 1
12050 9
12230 16
12650 7
12119 21
11040 9
12000 10
12160 21
12249 5
14250 13
14150 15
15540 18
23790 23
6880 9
17730 3
18110 6
23500 14
30859 16
31910 10
21890 3
15810 8
24570 15
18110 17
17419 13
33310 12
28479 12
24130 13
15320 12
18549 17
32370 9
30859 13
33740 8
21410 11
17609 18
18710 14
21160 0
29189 1
27980 21
28219 2
28530 1
24479 18
34850 10
39319 0
44060 21
68548 23
6720 15
24470 16
28410 13
30909 18
20990 21
19939 20
40150 18
26739 12
24200 13
25270 1
23290 16
29500 8
19179 6
28670 14
28540 0
44290 16
21510 12
18050 1
28440 23
5920 21
20239 18
16120 3
12920 1
14810 14
12540 3
13900 6
16740 14
34389 22
35220 5
36249 18
34819 10
27090 13
16280 22
20139 3
32920 16
25890 15
22519 11
20270 15
27449 19
19099 21
21410 5
26599 15
38959 9
29889 18
53680 23
6251 12
53290 15
25070 6
40870 21
35770 3
43879 2
28690 14
24640 8
21829 12
18790 15
25879 8
44360 22
27539 9
36710 7
30319 6
19990 20
26110 21
29130 12
28319 13
22180 10
29410 7
32709 21
14040 10
13220 5
12700 8
14190 16
17620 2
14180 12
26919 1
16390 10
13710 12
18740 1
31710 23
28479 23
7069 0
13620 4
12180 14
12450 3
44309 23
6310 1
25580 19
23149 13
23810 0
20459 19
42850 3
29269 17
71718 23
6430 5
19700 12
28699 18
33750 10
37659 14
40959 1
27119 8
23750 22
34839 22
25990 19
18809 1
20579 0
19760 1
25160 2
26450 17
23730 7
46949 2
27840 15
35590 9
29329 16
93719 23
6170 18
26929 13
27309 20
26280 5
