163949 11
53779 10
59740 9
52400 11
53520 4
57130 6
71809 11
89369 16
87659 8
101859 11
86750 8
65910 21
66089 11
73770 3
63919 7
59459 0
54100 12
57929 3
69950 16
73409 5
75870 11
58859 3
255279 0
67390 3
85080 15
59150 23
56129 19
51679 18
58090 20
56070 0
58220 13
55260 12
83060 16
73500 0
74159 12
262158 19
78129 7
76789 5
74569 22
69380 21
57950 1
58360 14
60990 0
61679 16
70760 7
76759 9
74420 6
63439 19
84140 5
80830 20
103729 17
98699 1
92619 16
86339 10
92540 1
100109 21
78629 20
74040 3
79019 20
78860 8
66419 20
64500 22
68989 5
60950 4
78639 13
69850 3
72319 15
78259 5
74189 1
73129 0
78880 6
71779 9
79910 22
81169 1
68330 0
71839 9
67210 15
64109 5
63390 18
62069 9
56820 19
56360 17
57070 18
59850 4
60769 13
63520 0
63849 9
58400 18
55290 19
62270 5
61530 14
57469 20
64750 17
91899 6
97870 18
97600 4
92739 23
90019 2
72820 2
67139 3
69800 5
61730 0
71320 21
58909 14
67579 6
74959 2
79179 9
63210 23
61890 17
62290 5
113890 7
61779 10
57020 16
54689 3
63829 18
59600 4
56879 22
78720 6
74999 3
80059 17
79549 17
84689 0
82560 3
86399 20
65510 17
62669 1
61840 7
59349 11
62470 1
77809 8
79850 11
77839 8
56210 11
70379 15
80150 1
102829 23
97409 11
95690 20
99959 19
96019 8
81180 18
76679 2
96089 23
72559 12
69369 8
66180 18
64680 23
65300 7
66229 1
76530 13
75069 2
73199 1
72139 19
74840 20
78299 5
75300 15
82689 21
76140 4
71590 3
82810 3
75509 13
72969 11
72600 6
69869 3
65240 19
60990 15
61650 5
58569 23
65629 8
61240 7
90969 8
55740 18
61250 18
66659 0
62519 14
58010 21
58029 13
52730 11
73749 1
55179 3
76099 22
102319 3
98499 3
98189 10
97080 20
74659 4
74530 12
75500 1
66720 8
64150 6
59150 4
62529 10
83540 15
77999 16
69800 16
64940 5
74049 9
69539 14
91610 13
54669 13
54880 11
58869 21
57620 20
66089 15
68340 14
73699 4
80160 17
78879 6
79760 1
79470 9
70420 21
72970 1
69290 22
58870 10
60649 17
69180 12
71440 20
74460 22
78189 1
77110 19
78549 4
96230 22
95739 2
98159 20
92450 9
95329 15
95819 7
79650 13
75409 8
71670 9
69239 0
70000 21
71979 2
73439 20
74890 4
85879 3
78919 21
78129 16
73660 11
74339 12
72510 17
78629 9
74710 10
71099 5
76349 8
78389 18
76919 17
67970 2
62839 6
62059 13
56460 21
57389 14
64910 9
55760 6
54319 5
68969 23
66849 14
59020 18
65489 20
58010 22
56349 9
55680 15
58179 18
66309 7
72449 15
102069 5
107679 22
93649 13
86119 8
82469 20
74919 11
78319 7
69799 19
68519 23
62070 1
56900 17
55830 0
63339 21
63400 0
63949 9
64660 8
80109 2
73720 14
91309 12
83160 4
71080 2
65300 2
60780 19
59170 22
67649 17
72130 12
81149 2
82410 1
88909 17
112389 11
89369 19
75490 12
72659 13
63360 12
64109 1
66529 17
68320 21
78670 14
78189 6
80400 14
74389 3
80880 5
136410 2
97829 9
104029 23
113739 16
94930 11
84629 1
80489 12
81779 19
75269 16
63140 20
70030 8
76170 11
62990 19
68200 12
70039 12
74199 1
71509 4
82920 5
72289 17
75490 3
75609 4
79430 16
73649 20
79879 3
87970 18
68899 20
72119 8
70669 17
70250 2
65039 20
64160 0
62549 22
59159 7
53510 2
57459 21
64370 6
70469 22
63630 5
58480 4
53929 9
63689 18
69510 23
59500 18
82469 5
101739 19
98260 18
98670 17
89689 17
72900 23
70219 6
79710 5
69710 15
67900 23
65490 14
64230 4
79819 9
76420 11
73640 0
67820 10
68220 11
89049 9
78510 6
58529 23
56760 9
58170 23
63620 9
62290 4
85589 1
72399 22
71249 23
78820 7
77400 14
84349 2
82040 16
67739 6
61440 13
62709 4
58180 1
64419 23
74179 16
79149 13
92380 7
59399 10
80660 18
97989 14
103109 8
102679 12
104429 10
91949 21
80960 20
79709 19
90389 18
81370 10
78169 4
69060 10
69849 21
65050 19
70599 10
63320 12
80099 8
75840 9
72140 10
69420 14
72090 7
73159 3
73829 20
87019 3
74110 21
76679 13
74840 11
77579 8
74360 20
74199 16
65300 0
69739 18
61360 15
60369 19
59850 2
59369 12
59240 23
71119 20
70809 4
66699 23
59279 3
63080 6
56009 8
64540 11
57989 22
72420 8
100059 6
97229 15
100169 4
102719 5
100349 7
68130 20
74609 11
77800 16
74379 16
64730 12
62529 2
57800 2
62829 15
75490 16
76829 16
67660 9
72749 19
74000 10
93820 2
66709 6
60469 2
55040 2
59689 14
61640 14
59199 20
56280 8
79149 22
74440 14
77979 0
73790 22
82099 6
81400 16
83080 18
73309 2
63600 3
63049 0
59159 0
70539 21
79089 23
74160 0
74490 12
57099 4
67209 6
80650 6
109989 11
113109 13
101309 15
109229 20
88620 11
83309 14
83929 16
77839 16
76610 17
78470 3
70489 20
70530 1
68329 5
72050 5
89039 8
70760 15
71469 11
77460 20
75679 13
78999 18
74119 12
78950 22
73569 5
72069 10
72660 11
80449 9
69310 16
82139 16
65000 6
63459 0
58540 22
59790 19
56430 23
57000 17
61449 0
63320 8
61629 16
58470 14
62159 1
53519 22
60239 16
58509 0
62530 22
85649 5
105019 13
105530 9
101670 15
92829 1
74100 1
70539 19
81480 8
66820 2
58290 10
61239 7
60450 12
90499 0
80229 15
77460 12
64320 21
66730 2
82770 20
78260 19
60020 18
56150 22
59750 15
56979 19
55290 15
57810 6
80970 17
88519 13
94680 18
98699 17
115439 15
115529 7
126669 17
101170 18
75499 23
76219 18
86310 3
90739 15
113119 1
104119 5
94060 13
91639 4
123799 23
121969 9
132559 12
136530 7
188079 15
91119 2
90900 19
89739 10
88720 7
94410 4
77649 14
97210 1
104899 13
156379 14
121269 12
116499 2
105579 0
115010 0
111729 10
108459 14
103679 21
104550 3
107550 2
97359 19
95289 5
84330 21
84869 19
79490 0
76989 21
75019 2
73870 22
75709 23
85980 0
89599 3
73760 6
85080 0
72459 18
77210 8
84339 2
80790 2
78449 18
118729 1
186329 11
127659 12
129379 20
122119 11
93410 17
92320 3
93369 19
91610 14
68080 2
75979 21
86130 20
90819 5
88679 7
111629 5
104099 6
119699 16
97559 12
83319 6
77669 10
69390 13
85589 7
108879 11
118839 0
118050 14
138050 1
723635 6
118239 9
214799 17
116659 7
128659 3
117560 7
122048 19
142828 20
130708 2
152468 9
135768 22
107339 8
105389 10
97859 14
102470 2
103510 0
106889 14
107819 5
112749 6
95709 22
87539 1
102850 10
96410 6
92709 6
105789 19
94150 0
122209 10
171268 18
81359 16
90569 16
133339 6
149179 16
116930 23
187049 8
175669 22
135199 15
83839 7
87950 12
106239 20
97149 6
96939 22
84949 16
91729 4
82300 10
84400 17
98529 1
104040 14
92109 6
97719 13
89970 2
94310 7
104129 7
90609 19
94120 0
132189 9
139019 16
125149 14
134789 2
121289 5
149039 21
96469 3
143729 7
106189 1
104969 22
93859 10
90749 17
78510 13
81489 11
98189 7
104399 6
116849 12
104719 12
84680 7
109060 16
83759 0
89390 5
113179 12
120909 9
131199 14
143139 5
108849 5
115019 3
114780 3
91780 21
78339 1
93550 16
104800 14
95519 11
95750 7
75740 8
97429 5
83629 16
174778 21
134029 5
126039 3
143208 16
121048 7
111609 6
108439 3
108729 8
85870 16
97180 11
98219 5
97319 22
110339 1
99029 22
100459 2
110489 15
116949 21
105249 11
131269 15
116939 9
108989 11
120509 16
109169 8
121579 0
105969 22
111739 9
104339 19
160489 8
112639 13
77149 21
83959 13
81970 14
85149 7
78119 8
144488 6
131810 0
89480 11
124689 4
123739 1
83220 20
90620 10
120959 22
132669 8
113109 22
132589 19
114099 3
116348 14
77189 20
97879 6
73100 2
88289 12
77130 3
90349 8
89369 19
94520 5
106319 19
132429 22
71250 12
100720 0
87589 1
112109 1
114920 9
108669 12
114969 21
117549 17
133349 11
169349 1
97409 12
91209 12
94329 20
86289 15
101249 19
89249 19
91629 22
107320 4
103690 20
117579 19
114479 12
118899 10
132439 15
101299 0
99669 4
98229 3
99529 17
124229 9
97509 4
81789 19
133809 3
103809 14
121030 17
139039 18
140108 11
226389 11
128959 22
126139 23
132239 13
113859 8
112130 17
112650 2
104509 2
136549 15
96279 10
73260 11
90389 9
93609 8
87920 18
103819 0
113649 17
91909 5
80259 20
78349 11
95720 2
85639 0
99229 4
82090 7
110539 12
167879 9
117219 22
116999 19
97699 21
148388 13
87360 14
110549 17
95239 20
79290 6
83759 17
83250 21
89820 13
97619 12
87249 23
137388 15
115989 1
90539 18
78300 18
83070 7
76489 7
115699 1
117479 23
111219 6
113469 18
126169 1
105769 1
115519 0
103979 2
79879 20
89240 6
114709 20
90329 13
94369 21
101420 9
110049 23
107999 3
111419 3
118239 21
122659 7
127390 7
110279 12
96439 19
104579 7
119740 16
100150 13
112079 9
94499 1
91810 12
96629 7
106759 4
115739 9
114639 11
131368 19
126259 17
116429 16
109579 3
116759 17
114780 10
109020 11
141639 1
106980 12
98849 18
93089 4
81109 13
80399 11
91540 12
82929 22
99999 6
95100 10
88329 3
77650 7
80930 21
78809 22
71310 11
80669 22
100689 23
99879 19
91289 19
91239 0
83869 4
70189 21
71770 19
80049 19
68950 0
74949 16
58160 17
58759 0
73329 11
81409 1
72510 13
58529 21
59250 20
83019 3
71490 18
59429 14
53559 22
59059 0
56279 15
52470 12
72959 1
82050 6
75389 6
77270 22
78880 12
77260 1
80750 8
74619 12
63260 20
54950 4
62010 19
54750 8
64369 8
66100 22
87309 5
59650 12
127709 22
96169 4
106849 14
182719 10
153519 20
158209 7
206548 15
86860 11
126870 18
88629 10
88579 6
81470 22
75049 7
78500 15
85109 7
107169 11
110819 23
85940 17
72049 23
73460 4
96229 11
105310 13
68480 7
76329 1
66600 23
75879 17
74830 21
77309 17
69070 12
75569 19
64260 10
55609 17
58350 0
50170 8
52999 9
57360 10
59289 15
64890 10
59999 20
59149 7
57650 16
57949 7
49310 4
56909 8
63859 9
82139 18
