487607 0
197249 8
200779 13
192129 11
221939 10
221348 1
223078 18
238158 8
207229 22
199619 21
218198 10
205898 0
177729 0
162779 18
183579 19
193969 23
194249 21
386547 21
181079 17
153249 0
172299 6
148359 20
148350 15
151490 14
149649 1
157219 3
192479 16
153029 10
151149 18
152608 1
154398 2
152319 13
152739 2
161719 23
154479 19
151539 19
150329 13
153568 8
148099 17
147239 8
148579 8
162659 1
146799 4
141649 12
139299 19
141459 19
155949 2
140979 13
139059 20
142189 15
229468 15
203989 18
213858 21
207279 9
196689 11
199999 6
190669 1
186279 12
190339 18
196668 4
173099 18
162279 13
172709 8
185178 23
176289 6
173179 16
171539 19
180518 15
174159 2
169999 13
158059 10
170159 9
158159 4
674555 7
6830 4
15460 21
166789 19
171149 23
178068 18
170789 12
181989 8
162739 10
161149 20
146759 17
303358 7
5210 23
182519 4
167599 16
162669 10
172659 19
159219 12
171099 15
189129 18
168618 5
158598 1
138779 5
142799 3
141599 23
192189 10
171909 13
160179 6
148289 20
141219 9
145569 14
137579 18
159289 15
138169 21
10110 0
284288 7
5440 9
148869 2
10240 10
135730 3
141679 14
297367 7
5120 0
144129 6
137409 11
146759 11
140109 22
133259 5
150669 15
136609 19
149049 21
138989 23
141709 3
138109 19
135569 10
164219 16
133809 4
139669 21
135979 0
138999 10
138979 3
134149 15
148229 3
144039 15
146289 4
140699 17
142899 19
140669 16
141979 10
146079 16
136799 23
143249 12
140509 2
144839 18
141229 22
141269 5
158538 18
251318 23
225628 6
195539 23
219228 2
209849 2
202668 12
214319 2
197068 18
233969 23
219078 20
23290 19
235008 21
365378 14
261528 10
249298 20
250568 19
311528 18
282908 5
301128 13
277898 11
265538 12
460316 18
222878 14
289908 3
443987 2
256448 16
322458 4
237108 18
271648 8
217968 23
256198 0
237239 20
229428 11
237908 9
223099 23
212418 0
190119 14
214258 17
182339 23
210578 19
212169 16
175978 22
178218 9
181379 21
199559 14
182408 13
213799 5
209998 20
167589 2
181219 4
227728 15
201539 20
198048 21
175399 23
232729 19
232448 2
186968 16
186269 10
163409 4
266078 10
293708 21
183859 3
182468 10
164699 19
173519 4
171778 20
161948 1
160348 0
162589 23
151969 12
147189 12
144909 16
153159 2
145259 2
152318 11
155048 12
257958 23
164659 20
164219 19
153069 14
142509 5
146559 21
174969 17
157779 18
353097 7
211939 7
5499 16
158448 1
143759 13
162308 3
166919 1
257278 21
173149 11
153659 14
151509 14
185259 17
164038 4
190549 0
249578 9
280708 1
20929 5
175369 18
408167 19
456327 7
6140 0
198858 8
205309 1
253588 13
268798 10
187109 22
246938 0
252078 23
192399 5
201738 21
181969 1
352008 13
216949 19
170219 19
159769 1
198868 21
156719 8
174479 3
182048 12
151728 2
168599 6
210849 16
192758 14
185139 5
175629 8
172138 10
185209 0
260948 0
252208 13
172389 17
169899 11
164279 21
163209 1
203198 15
150949 8
164059 3
185418 10
180659 15
153949 12
138929 22
159779 22
234278 19
187949 15
181318 0
158850 4
158249 17
329007 18
279248 12
195259 11
185279 0
199139 23
392477 16
300478 0
222128 23
214199 12
201698 21
228519 19
177148 18
199238 4
25970 16
296498 2
410547 22
210198 6
210659 21
506826 15
25840 1
269578 13
268828 9
428537 10
301898 21
331287 21
363607 14
216408 13
233548 19
200698 21
195819 10
178048 11
231309 19
224478 6
186899 8
179139 10
154899 19
318918 7
7980 6
175659 3
175448 13
156198 23
177529 2
168609 12
148089 1
140149 20
140469 5
154139 20
221348 20
189829 16
317728 7
17180 12
237018 5
192179 17
206038 21
190838 18
187039 22
212249 2
190668 17
171529 5
184599 15
160299 5
163409 17
153038 17
160349 4
163589 8
159809 22
307878 19
178878 6
173629 1
166319 20
146859 3
150889 10
172459 17
154170 20
144770 16
147959 23
166849 14
167479 1
154719 4
148369 16
148258 18
153359 14
268158 10
190119 19
179779 17
154629 22
161619 6
161268 5
152268 9
158188 9
154549 17
161529 9
159929 15
150419 4
143379 22
139199 3
140689 10
151279 13
139709 8
197938 18
222649 10
200739 16
201589 14
190969 2
329068 8
263448 17
190568 5
227969 14
179229 4
197988 20
269478 11
15320 9
176099 22
185089 15
236579 19
250358 5
179749 6
153289 15
273388 21
213228 10
162529 1
165629 13
157219 21
153248 17
152648 17
158048 8
165919 9
168339 14
151949 3
153669 20
147759 11
140379 13
140169 6
145989 13
151219 0
137470 21
205729 4
184269 19
171609 21
168839 11
301048 7
6020 13
143129 18
168929 13
143729 16
157438 18
147630 1
324278 7
6050 0
144389 15
315808 14
371967 2
493427 1
24079 5
295807 4
338598 22
232318 10
235399 8
442326 11
395946 1
269059 10
368617 0
15940 16
293868 1
341597 11
403817 21
275929 4
240248 1
234458 3
301338 3
438467 8
269708 14
250878 0
182458 1
177979 3
252039 20
196089 22
213408 19
239859 8
216278 1
210399 17
228898 16
451387 8
371407 2
227838 10
283167 13
289038 9
313427 23
331198 13
229888 22
220408 21
235249 4
189548 19
182278 8
384887 5
278849 2
204959 23
199018 17
181669 15
195309 17
