132128 2
60699 0
68189 1
65600 1
66719 2
61649 0
61649 3
59500 0
64339 1
58909 2
60649 1
59520 2
64299 0
71789 1
70049 1
61340 2
60419 3
61449 1
57890 0
59779 3
58209 3
59419 0
57390 2
66589 1
59390 2
59879 1
58689 3
60709 1
60079 2
64799 0
62389 1
73129 0
60620 1
61559 0
61239 0
60379 2
61200 3
58369 3
62419 3
57960 2
62449 0
59599 3
63329 2
60120 0
60249 0
59599 3
63080 2
77919 2
59310 3
60189 2
59100 1
68519 0
63889 1
60459 1
59639 3
59630 1
57339 0
61740 2
57940 0
59839 0
57419 2
59930 2
57549 2
77589 1
61359 2
59760 0
59759 3
59869 2
58129 1
58369 3
60369 0
57500 1
63470 1
67859 0
71499 1
62419 0
62010 3
60029 1
61289 2
106779 3
63469 2
66730 3
56219 2
64499 1
56089 1
59710 0
55979 2
59749 2
57640 1
59810 0
56319 2
58509 0
59959 3
59729 2
57400 2
73390 2
59280 2
62999 0
62349 3
59280 0
60979 3
58189 1
64440 2
61440 1
59639 3
61319 3
60790 1
59469 0
61919 1
59380 2
60519 0
75099 1
62829 3
61690 2
60559 2
62819 2
59209 3
60600 3
58969 1
58759 1
57210 2
59789 0
56869 2
60779 0
57250 1
59029 3
57710 3
59000 2
65559 1
61639 1
60359 1
67740 1
59779 1
58479 3
59780 1
58949 1
60659 3
56559 1
58079 3
57289 1
65999 3
57789 0
58349 1
61549 1
58750 3
66389 2
58479 0
61180 2
61639 2
60979 1
63369 0
60139 1
59380 2
64909 3
58719 1
59500 2
57099 0
61029 1
58090 2
57469 2
58029 0
70539 1
57909 1
58809 1
59809 2
64140 2
59579 0
60229 3
62200 3
68919 3
68609 0
67739 1
62149 2
58659 3
61429 1
58579 1
59330 2
65700 2
60439 3
58330 3
60329 0
60479 1
59009 1
59870 0
59899 2
64319 2
59390 2
60209 0
59899 3
59689 1
57960 1
60519 2
63099 2
62089 1
75459 2
61360 1
59279 2
62149 1
59540 1
69719 2
60369 1
64900 3
64149 3
60939 1
61969 1
65209 1
61870 1
59669 3
61419 3
73950 1
65309 0
60309 3
59549 3
58760 1
59840 1
59299 1
61740 3
60750 0
61399 2
61069 3
58659 0
59460 3
58939 0
58930 0
58460 3
62309 3
77109 3
64569 1
59000 3
60319 1
59249 1
59940 1
57280 2
61359 2
61640 1
64340 2
63449 1
58979 1
59359 2
58850 2
60699 3
59860 3
151058 3
59199 2
58979 0
46480 0
47189 1
46910 3
45469 3
45520 2
48440 0
47610 2
47559 0
47879 2
44990 0
46839 1
49770 0
47029 1
47720 1
46710 3
55939 1
45530 2
45739 0
48000 0
47849 3
46280 2
46900 0
45959 2
47709 2
50769 0
48220 2
46949 2
47050 3
44309 2
47430 2
44359 1
46690 1
43529 0
49320 1
44750 0
45189 1
48540 1
53849 1
43930 2
45429 3
51849 0
48229 0
49959 3
49440 3
45589 0
46570 2
46439 3
45570 3
47459 0
45039 2
47909 1
44249 0
46110 0
45929 3
46000 0
45489 1
47870 1
48469 1
51699 2
47329 0
45419 1
49360 1
45909 1
46540 1
48239 3
48600 1
46889 2
49869 3
46599 2
49330 2
52290 3
51889 1
47710 1
48279 1
47739 3
49070 3
48309 3
49610 1
61179 3
47429 3
46649 2
47149 0
50320 3
48379 3
52760 3
46589 1
47170 2
46239 2
48560 0
50280 2
46649 2
48110 1
48529 1
48249 3
46099 2
46959 3
42799 2
49010 0
45500 1
61169 0
43470 2
45459 0
47670 1
45739 0
45550 3
48360 2
46319 1
47740 0
45409 0
50450 3
46639 0
44550 1
52070 1
51199 1
56720 1
56399 3
51209 1
48210 2
46559 0
57260 1
46479 0
46719 3
46989 0
45369 1
47640 1
47779 0
49680 0
46719 3
49420 1
47189 1
47339 2
45499 2
47129 1
48800 0
46189 1
46650 3
45879 2
46899 3
48139 0
48919 3
55639 1
52139 2
47650 0
49609 0
49359 1
46139 3
51599 1
46410 0
47299 0
45830 0
51359 3
45829 2
45890 0
47479 3
51190 2
46799 0
46450 0
50579 0
53609 2
48460 0
50339 2
60820 3
47059 3
50320 3
48769 2
47049 2
47500 1
49809 0
45650 0
49179 0
48460 2
50510 3
47179 0
49930 2
47909 1
48340 2
48159 0
48460 0
47609 2
47309 2
48789 3
61249 0
48949 0
44629 3
48109 1
47630 0
47589 0
51380 3
49939 2
45680 3
47629 2
45649 0
46939 0
46360 1
48430 2
47379 3
49050 2
47619 0
48090 1
44280 0
45650 3
47319 0
102649 1
55349 1
56440 0
49330 2
47269 2
46030 2
46409 0
46000 2
48619 2
47309 0
48749 1
46349 3
45879 1
47109 0
48850 0
46049 0
43560 1
47919 3
45390 1
47789 2
54289 3
46540 1
45439 1
47880 3
46289 2
48360 0
49059 0
48800 0
48509 0
46829 3
47799 1
44829 3
46580 0
45699 0
48480 1
46909 3
49269 3
45579 0
48579 1
46010 2
48309 0
53730 0
47439 2
52169 2
50159 0
49039 1
45660 0
45679 0
46260 3
48079 0
47130 0
48749 3
46049 0
47250 0
46779 1
51510 3
46249 0
48810 2
46589 0
47439 0
52839 0
57179 1
51850 1
47539 3
50509 1
47830 2
49829 3
49209 2
51919 0
50990 3
47409 2
45400 3
52679 1
47849 0
46690 3
51779 3
51210 1
50279 3
52979 3
53320 0
47949 1
53039 2
49199 1
47709 3
50269 2
50029 1
49990 3
51869 1
52290 1
54500 0
49169 2
48000 1
48049 3
50249 3
47299 3
47889 1
48940 0
46239 2
46490 2
47779 3
46069 2
58299 2
45839 3
46900 1
48459 3
46650 3
49100 3
48369 1
49660 3
48949 0
53490 2
57689 3
59129 3
59479 0
50019 1
46959 3
45869 2
48099 0
45910 0
49029 1
47630 0
55979 3
46219 3
45399 0
46589 1
47619 0
46259 1
48160 1
46149 2
45830 3
51589 2
46889 2
48549 3
48539 0
48230 2
46339 2
50340 0
50209 0
48000 0
47179 0
47559 2
51479 2
56589 2
44320 3
50829 2
50230 1
52030 3
48749 2
46640 3
48569 3
49830 3
52189 3
45789 0
49189 3
48479 0
50180 2
52449 2
50359 0
47739 1
48679 0
52650 3
51249 1
57140 0
50560 2
49399 0
49140 3
50849 3
52010 0
55920 3
50529 3
47580 1
47949 3
48650 2
47440 2
48340 1
50830 3
51599 0
47050 3
49349 3
51739 0
50509 0
48269 1
59310 1
49599 3
46639 0
47959 1
47519 3
47950 3
46169 0
54770 0
44620 0
46079 2
50329 3
49249 0
48070 1
49669 1
47520 0
52779 3
48039 2
49429 1
48779 3
47560 3
99329 2
48270 2
51440 0
49330 1
49979 1
47110 1
46889 2
49189 3
51349 2
46839 2
50970 3
48409 0
49220 1
48689 3
45870 3
49599 1
51849 3
51410 1
51869 1
66639 2
47599 2
49989 0
51710 1
50969 3
48289 3
51230 1
52719 1
48110 1
48869 1
49869 1
48959 0
50069 3
48230 0
48679 0
48290 2
51219 2
47859 2
46299 0
46839 0
58300 1
48119 3
49230 1
50700 1
48059 1
49469 0
49629 0
54540 3
49059 0
48649 1
50100 1
51079 0
49390 2
51039 1
51990 3
47519 0
48159 0
49620 3
48289 3
49190 2
53390 1
48799 0
46270 0
50429 0
52230 3
53080 3
61099 0
58080 2
54439 1
55529 1
49430 3
50529 2
53239 0
46299 3
52689 3
45840 1
51569 3
47340 2
50159 1
52439 2
59210 0
56419 0
50260 3
48350 2
49149 1
50470 3
50789 1
52930 0
50730 3
51209 0
49230 1
48429 2
47880 1
50159 2
48260 0
53240 1
50549 0
51999 3
55610 1
59979 2
53749 3
49670 3
49490 3
49130 2
55429 3
50460 2
48929 1
46640 2
48810 1
50139 1
48700 0
50199 2
50390 1
48649 1
52309 1
49480 1
53379 2
50129 0
48239 3
60079 1
51690 1
50919 2
48749 3
50830 1
51519 1
49890 1
48499 3
49230 3
47410 3
50769 0
47339 0
48499 2
50650 2
56599 2
51699 0
57979 2
54899 2
52220 1
58290 2
44969 1
49930 1
47479 2
47959 2
50210 3
52870 2
47920 2
49529 0
46040 0
48819 3
53609 3
50789 3
49569 2
48390 0
51819 0
48809 1
49459 1
48859 2
49779 0
56079 0
53200 2
52370 1
52789 0
48350 3
55539 2
49340 0
50929 1
49679 1
53010 1
50459 1
51749 2
46430 1
47200 1
47260 0
49839 3
48590 3
46269 2
48250 1
47689 0
68219 2
47140 3
48689 2
46499 0
47039 3
51250 0
52990 3
50049 2
47180 3
49719 3
48800 3
47460 0
46989 3
50130 0
50509 2
49320 1
47259 1
48860 2
48770 0
48109 0
93459 2
48700 0
47699 3
50539 0
47449 2
49529 2
48310 3
46949 0
46400 3
46889 1
46060 1
46580 1
47309 0
45919 3
47709 0
47150 3
49159 2
45370 1
48559 1
48560 1
63249 1
47519 1
45240 3
52019 2
45699 2
45479 1
47480 3
48430 1
45729 3
48540 0
46809 3
47260 0
45059 3
47539 3
45699 2
50039 0
44130 3
47519 0
47980 0
45809 0
47930 3
59989 0
47329 3
44680 0
49059 1
47110 1
48939 1
48450 3
50469 2
46839 0
49630 3
49579 0
51130 2
52159 0
51470 3
50099 0
48969 3
49810 1
48579 2
47860 0
45769 3
55210 0
48850 2
57749 1
52840 3
51250 0
49479 0
53629 1
49109 2
48570 0
47739 0
50019 0
47479 2
46619 2
49410 3
46029 2
47180 3
47009 2
49139 0
45589 3
48540 0
45250 0
60459 2
50390 1
56289 1
49179 0
50130 2
54039 2
50869 3
47099 0
47380 0
49149 0
45789 3
47700 0
46889 2
53270 1
50040 0
49320 0
47500 1
50009 3
52520 0
68349 3
52399 3
53970 1
51229 3
56899 2
58720 3
60759 3
49059 2
50820 1
48089 3
55740 0
45549 1
48659 3
47539 3
52589 2
46190 1
46599 0
50199 0
47869 3
47960 0
57320 1
55869 2
47330 2
50320 2
45609 2
52569 1
46449 2
49220 3
48249 3
50370 2
48770 0
48730 1
45460 0
50279 0
48120 0
48869 3
47679 1
49099 1
50469 3
53269 0
60809 0
48929 1
48489 0
49619 1
49450 0
46979 1
48470 3
46649 3
55380 1
45750 2
48899 1
48530 0
48199 3
