129340 0
72699 2
4040 0
31410 5
49730 6
69160 0
177679 2
6460 4
44819 7
46790 6
50630 5
141828 2
5220 6
56510 7
100619 6
66880 1
59219 0
56970 6
54699 5
124469 2
65750 2
60290 2
4890 4
97020 7
63689 1
62720 5
135379 2
50969 6
59380 5
44749 4
56190 1
59800 6
47309 7
52870 6
43369 3
78209 0
66300 4
59689 5
85999 0
117460 4
103399 7
70879 6
54780 1
36949 7
43259 7
48130 4
53129 4
44350 3
40200 1
50449 0
38150 7
35090 6
33600 5
57229 1
46499 1
45790 5
46200 3
35380 6
30460 5
44250 0
43939 6
34710 3
38380 7
32130 3
37529 6
54500 0
56699 1
55400 5
39730 5
45479 4
77670 5
53499 5
41610 7
41810 1
43819 5
44820 6
76459 2
4980 0
47849 5
54550 4
68829 4
45930 7
63729 0
155559 2
9070 7
79370 6
93199 5
127129 6
100959 3
86309 6
58360 0
65489 7
73130 6
89199 1
57990 4
61709 1
66350 7
60059 5
41360 3
44829 3
48020 2
4320 6
49599 2
37190 1
33770 1
31470 1
23511 0
22170 5
22440 0
63729 2
4729 6
38179 7
54540 2
10660 5
26859 5
33509 5
75750 2
4510 6
10570 1
66589 3
47380 3
69779 6
53880 3
43940 5
48890 7
101919 5
85800 6
52599 5
89500 2
4880 3
47830 0
48290 0
32520 4
41529 3
46350 5
39720 7
45379 6
75190 1
52949 6
71510 7
63399 0
42810 5
62259 0
64679 0
30470 0
31279 5
40600 7
47430 7
37610 1
45900 1
34539 6
27960 6
31180 0
29220 6
28660 1
38930 3
28760 5
35810 7
69200 4
101119 2
4590 6
33270 5
37640 3
38159 4
31510 3
44980 4
37419 0
109510 2
5090 3
31659 6
38080 7
37070 0
67469 2
5020 6
56340 5
33279 1
41180 6
39220 0
29350 1
29060 6
21579 4
47470 2
5490 0
35690 0
34109 6
61640 2
5620 3
25970 5
20709 0
21549 7
25880 6
34090 0
35960 0
31379 4
32200 3
41820 7
46150 7
48070 3
58410 7
58389 0
17600 7
18360 4
21290 5
17740 6
34989 2
4669 0
16780 1
19190 0
39790 7
28080 0
25999 6
28050 1
25460 5
23000 4
48190 2
5260 7
20450 4
49340 2
5010 6
24360 6
21640 4
20909 0
18460 1
38270 2
4830 6
33859 2
4669 6
18880 3
25709 3
17780 1
29660 7
18890 1
19539 4
42920 2
5300 4
14140 1
16400 1
17770 0
15200 6
13910 4
16709 1
20620 5
27940 7
37240 4
30180 4
38439 2
25040 0
19150 6
19270 5
13950 6
28900 3
28610 3
42220 6
50890 1
26600 1
36560 1
59370 2
48399 2
5731 0
70979 1
64000 7
63219 0
23490 1
28730 3
23720 5
45720 0
49470 0
59529 6
121979 2
6370 5
45200 1
49899 0
38790 5
44590 0
55420 1
61320 3
62629 1
73779 6
73939 1
61100 7
37730 4
40149 1
89160 2
5590 1
55689 1
38510 3
31490 1
42439 7
42550 6
38140 3
28439 3
25920 0
28740 6
33200 1
39959 1
32650 0
46140 3
61620 1
49760 1
26110 3
34230 3
34339 5
61760 3
82539 2
5900 5
84690 2
92830 2
4920 5
42059 6
56939 4
68980 4
50969 7
51020 5
30839 3
48259 7
61860 5
50939 7
70390 2
4730 7
29479 5
32049 4
22440 4
22260 6
27760 1
39979 4
40280 3
44040 3
58630 6
37150 3
41530 2
5140 3
34300 0
29430 0
20400 3
45720 4
20860 5
25809 1
28219 4
20830 0
21820 5
23690 4
38039 5
27389 3
23010 6
26810 1
43059 1
28939 7
111899 2
4869 5
26440 1
22550 2
4720 3
12170 1
12090 4
11700 3
36900 2
4590 6
13511 6
17750 0
18990 0
12850 5
12370 4
11660 7
11720 1
13140 5
12840 1
12649 5
13040 5
12650 0
14210 4
22130 0
24440 6
30440 6
17539 6
17789 1
27350 3
40490 2
5140 6
25330 6
48619 2
5280 3
16650 0
15580 0
15680 7
16280 0
14750 4
15069 1
13420 1
11999 4
11970 0
11470 1
14150 5
17370 4
17260 0
12930 1
12900 0
12140 1
16170 5
17270 0
13610 1
17970 3
19310 0
30410 1
26760 4
25290 0
21660 4
34660 0
50809 2
5120 4
24850 1
19800 1
47510 2
5200 1
13650 1
44779 2
5240 5
25730 1
58860 6
148909 2
47659 4
47680 7
49459 6
32329 4
73499 2
5260 6
34799 7
24270 3
22010 0
30790 5
30020 3
30570 1
44240 3
58109 4
102329 2
5050 7
30939 3
27450 1
75490 2
54390 2
5340 7
99409 2
5200 4
27350 0
65430 2
5010 3
35420 5
17280 3
7380 4
15370 0
15770 3
85499 2
6811 4
143619 2
8660 1
51470 3
31060 7
28509 6
45199 7
61350 0
36369 6
60460 7
51260 0
27719 0
22670 7
23790 5
20800 4
25210 4
41839 6
36360 3
49880 1
49499 0
36290 3
45810 6
50709 5
48000 1
36520 0
36589 4
35090 5
32960 0
36829 3
33769 3
27400 6
56990 2
5800 7
28239 3
24509 0
30570 5
100409 2
7090 6
40730 4
31610 3
37350 4
32840 6
66699 2
83339 2
6240 3
46330 0
35920 1
51490 7
28250 4
