147419 15
18250339 10
99429 12
119889150 10
100003176 4
68820 4
13918340 15
56135505 8
62600 5
79798104 9
39990416 1
40011086 12
64470 10
60179137 9
19775315 5
119976618 0
46189 14
58080 10
58949 12
52459 10
19797595 8
116239 14
58510 5
89834491 15
20171422 1
27140 2
58786581 14
25120 2
993691 0
41973388 7
38162403 14
18942233 3
57040 13
860603 1
39987347 5
9034705 5
10959678 3
40008306 8
8029835 13
53580 13
9904858 8
42013628 14
9036815 11
57180 11
55179 10
56010 5
57330 7
57509 6
55810 6
10625950 13
58999359 9
58149 8
55810 8
19694646 11
69169 4
20038873 1
59878851 3
28670 2
10044256 15
63580 11
56359 11
56530 4
53859 8
19688266 0
60066949 8
79941303 3
20012023 5
8059555 6
54219 8
41884659 7
19992913 13
76219 5
57950 10
178862228 6
1008291 0
149979798 3
8035995 3
69971027 6
60570 9
26050 2
1973862 14
19962874 8
19988873 0
65499 13
31820 0
33895693 15
69420 4
38820 1
85409 5
207869 0
14686462 9
59460 8
10863888 10
17985052 15
55669 14
1980722 1
19985423 9
29970 2
19936864 0
22001094 3
60010 10
16769434 9
18096071 15
57319 12
1927312 3
19930124 0
25750 2
34759 1
58290 6
20028832 14
28915729 15
55820 7
70863798 5
64899 12
19944764 9
58986969 14
21103712 5
26130 2
19883354 11
89997369 15
59410 15
28970949 4
11042047 7
19926124 10
80156562 11
59860960 7
63560 6
59922920 12
32130 2
58540 11
7991525 10
11912009 13
20013673 9
102319 5
18869654 1
1128639 5
104799 11
57600 14
58669 14
56559 11
57320 14
56929 10
39492531 8
100001636 0
190011984 12
19997543 12
20037763 0
89956690 7
19996303 5
83649 12
7817747 10
10941407 0
39963967 11
74309 4
107459 7
56950 5
27746991 0
57780 6
57340 13
91904972 12
69987705 9
27979 2
89420 7
54070 4
24290 2
49804014 0
113668 13
39908107 7
59997140 11
49993623 13
141878 14
25630 2
23540 2
90026488 6
19769956 4
20009443 15
90022128 14
77972472 12
57559 9
55820 8
53909 8
29871861 5
26920 2
1311148 15
19750175 6
100239 6
140802715 8
19978703 15
50018042 15
79969 5
59902790 4
57679 9
24580 2
19913354 1
110051772 11
9996026 0
20023733 15
39925767 12
120080388 1
66739 10
58691472 11
8137034 10
31849272 14
59560 4
99948506 11
60057409 14
78149 4
61739 9
58460 13
8780098 11
11004147 9
9001326 8
85669 12
66089 4
59050 7
55009 8
10803449 1
57670 13
56979 14
56860 9
19781416 12
43910 0
159933926 9
39952406 4
20208301 5
889471 9
51740 12
53479 12
61910 6
38893716 14
19876254 13
119350 6
7925096 11
11932739 12
45019 3
63520 15
56139 8
56120 8
54029 8
19772856 9
69999 10
19946324 3
56820 7
34199 3
56529 4
56540 15
59329 7
24220 2
19629686 0
60610 9
16703284 5
2078421 14
62329 14
19850034 1
63569 4
59956640 15
93579 7
27886549 9
55070 11
2220729 6
19733806 7
40002626 8
20044292 9
19972113 14
189986334 0
69690 12
30710 2
60170 13
19838534 5
27975158 1
25780 2
24000 2
81968794 15
20008483 10
40983087 9
61479 13
9059916 5
59888810 11
149989778 10
50991844 3
80309 3
198925401 5
50470 0
39261763 3
857242 9
49833554 7
40005666 5
113739 15
39230 1
38833297 3
58779 11
1035631 15
19923513 8
60040490 4
19960903 8
59994589 10
20017933 7
67190 15
37903796 14
57270 15
24560 2
10697720 12
19998103 10
65240 8
39951696 12
58950 12
69912986 3
40012817 1
19993424 5
75959 9
18930053 8
55710 12
56310 5
950281 7
63099 6
119866860 1
20013943 11
31029 2
19982603 8
19982803 7
65999 5
90049 15
34050 3
19803935 11
70849 14
68170 4
19863405 6
133489 0
61999 4
58710 10
19757796 11
60219 10
8975797 12
35090 3
33410 3
24110 2
56929 13
56699 10
10745319 11
57339 14
19945853 10
29150 2
24750 2
55159 14
28010 2
39864687 11
137739 9
27310 2
19849854 11
147239 14
18578547 0
20011403 0
60005169 10
63589 14
19929084 15
77996081 4
2105281 11
9098815 15
59830 15
10754869 10
19996453 12
56520 12
56129 11
19978113 4
19901384 15
60005569 5
88449 7
19902004 1
67670 7
19931413 9
20025663 4
79974593 14
71969 4
58980 12
101864888 11
30220 2
17982963 8
20112063 14
74540 15
59804081 9
40053256 12
19955633 8
17986702 11
37370 0
2031291 3
60073178 7
36609 1
34220 1
19851584 6
49937214 14
75629 14
140928313 12
56209 14
27399 2
8964736 12
19976804 7
69994646 15
60028599 14
39980626 1
169971522 3
18741785 8
54989 12
69950796 4
20005123 5
99993195 13
19993773 13
69998376 10
80996784 14
59219 8
55799 14
34650 1
17855333 6
60280 5
58789 13
934471 4
19948154 3
9043835 10
59299 10
120896750 5
79142190 4
60858501 14
76879 12
59932180 5
39991226 8
40017506 10
39984947 6
1037880 15
59169 15
8956577 6
10015616 13
19934334 3
77199 14
19928784 10
59993369 5
63230 14
19928165 13
159992974 15
60000500 8
33350 2
59964790 6
37005854 8
55110 8
22954596 11
40330 1
66529 9
36730 0
65459 5
27590 2
35980 0
58430 10
60270 10
56059 5
7319781 8
54960 9
54450 9
53500 8
53180 8
56820 10
56339 9
53129 10
30499886 7
20012943 6
19997804 4
41699 0
35410 1
59920340 12
40009846 11
50050502 11
8102004 14
21862146 3
69997556 5
74429 9
49958393 12
149951598 13
139919 10
19863864 15
18983873 1
1057000 6
60941550 11
39010455 5
19991653 3
76709 9
40969 0
58540 5
56300 11
99779828 13
59980460 3
230388 10
57739 15
99731718 4
40062566 9
27650 2
79917653 15
103819 10
69884157 12
40198604 9
69799348 1
203708 12
62659 5
19730246 15
