53620 6
39480 6
49490 6
41310 12
49309 11
40250 9
43569 11
42630 5
45280 14
37149 11
36120 13
36880 2
37070 4
41820 10
43729 3
41340 4
42970 3
36560 11
39340 2
37500 1
40499 8
47150 15
49849 12
38650 7
42930 3
36110 9
36550 3
34289 1
36170 14
38410 6
36379 11
37370 5
44639 7
43109 1
45630 3
44269 4
38330 14
35930 0
34229 15
37160 13
44380 3
39499 7
47310 8
40089 4
38310 14
34350 15
36849 13
44050 5
35850 9
34390 13
36290 7
40659 4
36200 3
34890 1
36200 13
38820 7
39470 4
40499 12
38029 9
33240 6
39059 5
35410 7
38000 9
43059 9
45430 10
38439 0
36650 1
34830 10
37449 7
34199 6
42980 8
44379 15
41300 10
43749 5
37630 2
32860 6
35020 11
32290 4
41810 9
41480 3
43300 12
42840 4
38199 0
35450 11
35230 6
35119 3
34600 4
34620 10
35539 5
35750 15
35680 13
33150 5
35860 14
36760 3
34860 5
34299 4
35540 14
36859 6
35849 7
36920 4
41309 2
40260 12
41979 12
36679 14
42000 12
36059 8
35230 6
35370 6
36759 2
43049 13
43260 2
38229 4
39890 13
37630 1
38679 12
39320 13
41940 5
44049 0
39720 14
42659 3
35370 11
37650 13
35179 11
39790 4
45590 15
50519 1
42230 3
41569 5
36150 14
36470 12
39409 12
39610 9
43530 3
44429 15
41990 0
39549 7
38210 11
37160 9
35770 12
40710 6
43039 8
44129 5
39450 6
38459 12
37020 5
36140 0
36889 10
45180 2
35030 13
35250 11
35910 6
42149 8
35429 15
36500 8
39609 3
44329 12
38820 1
42609 5
39230 1
36099 14
37370 12
33960 14
39779 7
39230 12
45200 1
45309 11
39030 6
36780 14
37360 7
36210 5
47469 14
35990 9
37370 10
39429 11
36290 5
34120 7
44719 13
34890 2
36219 12
34460 4
34430 1
35900 15
34060 15
36170 8
36570 8
35970 2
36130 6
37210 14
35640 3
38110 0
40389 1
38570 7
40510 5
35880 12
35390 5
40610 2
35220 8
37550 4
38320 9
39899 4
38450 8
40229 7
44510 14
58110 4
55809 5
53299 15
48370 14
44910 14
42879 0
38530 3
42839 5
42280 7
43660 2
40820 14
37820 9
38190 5
40209 13
36560 11
33470 7
36719 11
34640 8
39250 3
42759 9
38770 0
45469 7
36019 1
36550 4
56829 5
39340 3
39769 14
40529 14
42980 3
41309 14
40460 12
37060 5
37420 9
40680 3
41690 9
43349 14
40200 7
36949 7
33120 6
36420 7
37509 14
38590 14
35410 13
37369 11
37970 5
41399 9
43869 15
46570 13
91489 11
38069 3
42179 14
36010 6
44409 7
38310 9
40920 9
32099 0
35710 6
35160 7
34969 13
35060 11
33610 11
33369 13
34120 2
33860 13
35979 8
34940 0
33640 0
34949 4
34250 10
35000 6
33599 10
36109 6
36910 1
34889 13
34129 8
41310 15
33899 2
33100 9
34360 9
35350 0
34180 10
36710 12
35330 1
36909 8
36200 12
32789 8
35069 7
34000 12
38049 10
34589 2
34650 15
33100 3
33259 5
32900 5
34830 11
33089 3
35360 10
34539 14
36679 3
36220 14
34630 8
33359 15
36390 12
40910 14
33179 12
34430 0
34049 14
31799 12
33030 15
34730 2
33109 5
34220 13
34590 6
36799 2
34020 12
35900 1
40319 10
34880 9
34060 14
33269 10
35420 12
33850 8
33959 0
33290 4
33920 13
33400 9
37110 15
31910 14
37229 3
34179 8
35910 13
35059 8
42109 3
36550 6
34270 1
35360 9
34510 1
34070 8
31879 14
33300 11
34680 14
33900 5
36560 13
33449 9
32609 13
33930 11
33860 8
35419 10
33930 14
35830 9
36059 5
36300 8
36040 2
33529 1
33630 14
32230 13
32030 4
36869 8
33960 14
34799 9
35559 10
41770 12
32829 7
35159 5
34980 7
34100 14
34809 9
33350 3
39050 2
32709 4
32830 12
36430 8
34149 4
32760 2
34610 5
34839 6
34490 14
33329 13
34400 14
34060 14
36280 11
33179 4
33600 13
34990 8
35699 1
35090 9
32780 13
33709 14
33589 9
33820 2
39849 14
33480 7
34230 3
32240 4
32629 5
36690 7
33249 0
36229 11
33730 14
36500 9
38319 2
35500 2
36040 2
33050 11
34750 10
33700 5
36269 15
34310 13
36310 5
35700 0
34720 8
35159 10
34609 10
32840 0
34729 7
34419 15
38870 4
35720 11
41779 12
35880 6
32879 1
33479 4
33300 12
35669 15
34090 0
35200 2
34339 12
34359 9
36240 5
33340 11
40260 15
34320 8
35370 14
37870 11
36430 4
35209 12
38469 10
35210 1
36560 6
35550 6
37990 11
34499 8
37069 6
33740 2
37739 6
34319 6
39700 3
33639 6
34609 13
33310 14
35369 14
36980 1
35120 4
36640 8
35529 1
33960 5
33799 13
36570 6
33010 7
36060 13
31900 12
34690 13
31620 5
36550 12
34770 3
34940 6
32880 5
36500 6
37880 8
35619 5
35040 8
36960 4
34999 10
37720 10
40899 7
35289 2
34210 6
32899 11
35999 10
35670 9
36790 6
32780 1
33560 5
35249 9
35309 4
35240 9
34630 5
36999 0
34380 0
35680 0
33849 8
33490 13
34120 4
32949 7
33090 3
38050 11
34100 9
34830 3
34670 13
38150 12
32859 7
34320 6
36569 3
48499 13
34700 3
35639 4
34510 1
33010 9
34039 2
33100 3
35930 13
33829 9
36270 4
34130 15
37019 9
33960 12
37910 0
38639 5
35380 15
35800 14
35239 7
34200 5
34070 10
35279 10
32410 13
33840 4
33929 5
34690 8
33220 6
35709 12
34389 7
10070116 4
31430 3
35049 3
30080 12
34380 15
33560 5
37059 0
33930 5
33900 6
36230 9
34570 14
35399 1
35950 15
34270 9
34469 4
39329 15
33740 5
33819 10
33550 6
33890 5
33409 15
35879 0
36650 9
37380 7
35230 3
33790 4
39960 3
35360 10
43440 15
33149 14
37079 4
33270 14
34120 13
34520 10
33660 9
33399 14
34250 5
35810 2
37020 14
37900 3
36100 15
38099 0
34799 3
36160 9
35499 11
37099 7
33910 0
34110 7
31289 5
34420 3
35220 15
36459 3
33960 13
35220 6
35969 0
37710 13
41479 3
35460 15
36820 7
33080 7
36029 11
35190 0
34659 6
35029 9
36120 2
33610 14
35099 14
32860 5
36580 11
34199 2
34600 15
33620 7
35299 9
34950 7
41290 13
32479 4
37550 12
34580 5
36229 12
33210 2
36760 10
33749 10
34370 5
33120 4
41539 9
34860 2
35010 15
32699 0
37580 10
35370 14
36859 7
34000 12
39040 12
36039 9
32230 15
34440 8
33699 10
35690 13
34070 10
35229 11
31090 5
35420 11
34460 2
36989 10
35630 4
34349 15
34339 12
33970 0
43729 7
35390 10
35000 0
32209 10
40550 11
34210 14
33589 1
32980 1
36730 4
34279 10
36060 3
31650 14
36700 3
33549 12
35670 11
30760 12
36130 6
35070 10
34950 2
34339 15
31870 5
33859 0
33840 5
34790 2
35850 3
35530 3
34350 5
35410 4
33290 13
36440 10
34350 12
35299 2
39860 5
44880 8
36839 1
35810 13
35769 9
34710 8
34190 2
35239 6
34449 4
33930 1
36449 0
31480 0
35640 11
34750 12
35460 9
33350 4
36450 11
34759 2
33820 10
36150 11
35229 8
40940 11
35850 3
35630 4
34090 5
34180 6
33909 15
35820 7
37120 7
39619 6
33950 12
34120 2
34129 8
33010 0
31750 0
35839 4
35710 8
34530 13
38079 6
35270 7
36230 4
34559 15
35580 14
35170 12
34819 9
35090 3
33820 7
31979 3
34819 5
31530 5
34820 11
39880 7
35860 2
35679 14
34829 11
37850 1
34619 15
40570 3
39640 13
36299 0
34220 10
34510 11
34589 3
35249 0
33270 4
35839 10
33850 8
37210 15
33929 6
37609 13
37040 2
35410 7
35170 5
32590 7
34609 3
36500 0
34770 5
32919 12
33049 3
39080 15
33610 1
32320 6
31680 1
30190 5
30119 1
29570 12
38130 10
30919 15
30990 14
29970 10
28670 0
29910 6
29130 4
30580 3
28239 9
30620 2
31210 10
29549 0
29039 12
29430 4
28980 11
30600 4
29119 2
32800 0
30400 3
30470 10
29270 5
29620 10
30289 10
29909 6
30490 0
28650 12
31849 1
29780 3
31690 2
30429 3
29140 11
29190 5
30170 2
37309 12
33510 8
31540 8
31059 7
30220 5
28710 3
30540 11
28690 13
29950 4
30250 7
30450 5
28980 2
30430 13
29070 12
29789 3
29070 9
28760 6
29760 9
30380 11
32070 7
30410 6
30229 14
29910 9
31050 8
28539 9
31250 5
28860 14
30280 11
28809 6
30169 1
28100 1
30280 15
28960 12
10051537 8
32330 2
39280 10
33429 14
35810 5
39820 11
36569 12
36999 14
43010 6
34769 12
33730 0
31630 5
29679 9
31509 3
28710 11
31899 3
30120 1
31200 6
28860 11
30899 11
31420 15
32850 9
31430 14
31610 5
36220 5
30410 3
30039 1
29770 13
30650 4
29609 7
39379 7
29720 10
30379 2
29069 12
30120 9
28490 3
30390 2
29090 12
31360 13
30470 0
33199 4
31420 8
30750 9
28300 4
31870 13
29450 10
29259 6
28799 11
30460 2
28340 4
30059 14
28829 8
29920 6
29480 14
30919 15
31970 5
33960 3
32420 10
29950 3
31450 1
29210 1
30180 1
30230 15
36560 0
28949 5
29320 2
29600 5
31070 9
28950 14
31230 6
29580 11
30770 4
31930 10
31940 14
31180 4
29359 13
30840 13
29360 4
30019 3
30129 0
30570 4
29359 3
30589 14
28910 10
29960 3
30169 3
31000 5
28780 8
30710 6
32659 2
30960 11
31300 5
29470 13
30789 12
28590 5
30310 13
29139 2
29730 2
29060 15
29720 7
29190 10
31250 14
28550 7
32049 12
29600 10
30630 6
32329 12
32199 15
33380 8
31409 10
31490 1
30600 6
31270 3
31229 5
30029 12
29310 5
30269 1
29760 3
30130 5
29330 14
31489 8
30019 15
30900 11
30670 8
31310 1
35470 5
29090 15
30339 5
37199 0
30140 7
28459 12
30370 14
30150 10
28920 2
28359 3
30429 14
30600 6
29069 2
29899 13
30760 1
31790 5
31500 5
30210 6
29640 15
30320 3
29509 0
30360 5
29020 8
30719 12
30210 7
30420 8
30390 1
30499 14
29700 13
32070 4
30309 10
30209 15
30770 4
31340 9
31139 15
29410 13
38340 13
29690 9
29520 10
28900 5
30549 2
28600 7
30390 3
29190 3
30889 12
30190 15
32180 9
30050 9
29759 11
