40118702 7
38988963 10
71044853 4
22210 10
38835724 14
1122309 11
21810 10
63689 2
71309 11
99759 1
29623364 6
36360 9
20225724 7
58724332 11
44690 1
1011260 0
51869 12
18946267 7
30964600 5
41410 10
19984887 12
58967789 2
1045060 6
60919 13
19891567 15
40037013 10
71199 0
125969 10
8914324 4
10894844 6
49969617 5
20002926 6
100268 6
15875476 10
61499 0
44260 12
17870 11
19179 11
3921993 4
19948268 12
60022899 15
39991073 15
27550 8
48179 1
46120 15
59199 1
58820 2
61749 15
57510 7
21450 11
19604340 3
27750 8
47990 1
40118412 14
138809 14
45949 14
64620 5
19556660 3
19999967 11
19997497 11
78970 2
28010 8
39976044 3
64859 5
19847028 9
28340 8
77962076 10
2069830 13
39960463 4
58981889 0
41001394 12
59059 13
32900 10
39905984 7
9030162 6
11002533 14
238966908 1
65319 3
62659 14
62700 14
24979 8
35120 10
60772062 15
70299 6
76970 10
1874392 5
59129 5
17907147 15
37977473 11
12029594 4
20030616 3
65229 5
63379 7
56090 1
69828204 14
59946730 1
79980757 10
20024116 6
60024149 11
19971617 7
20989727 3
26410 8
7015932 3
11973934 7
88109 5
111069 10
23640 8
31450 10
59740 1
57299 5
58829 15
34420 10
33600 9
139492981 0
60245607 15
30800 8
9804765 1
49901477 10
24080 8
1035570 5
74059 15
49875628 7
62769 0
44590 2
28916570 4
69966133 10
28830 8
254677 6
57550 7
59666683 3
30209 8
40093183 13
64180 7
62429 4
58900 1
60019 6
61269 7
25639 8
58270 6
59500214 5
102629 10
60080 4
55369 7
129775015 5
39996083 11
19997146 15
80019306 14
20000757 11
19985117 2
58950 15
58559 6
57889 15
20813959 13
26800 8
59100 15
17910857 9
41076633 0
121946470 3
17979426 10
70016203 0
20004956 7
26950 8
19963617 12
19996617 6
56639 4
19954587 7
19995097 7
19987886 7
20016446 14
9024452 14
36620 11
971541 13
47948046 5
2072070 3
19934597 6
59799 5
56359 3
119888600 14
19996027 7
39997223 0
60239 5
18931387 11
56860 14
999660 6
117939339 10
32314728 1
9744775 7
63700 12
9937454 1
26600 8
39995413 11
59931310 7
20048246 2
115548 2
57169 2
8826995 14
58490 6
54249 7
24900 8
136399 12
53970 0
54299 6
29566454 15
58639 7
53670 12
56079 14
54050 3
55499 15
740093 9
167648 2
50770 6
57119 13
24870 8
9709676 11
35020 10
9989283 6
19959277 7
19995997 7
37039 10
19955847 15
20102536 14
7932113 1
55680 14
55880 13
54679 14
52640 3
32450 10
56509 2
57199 5
54520 4
31551865 7
55599 2
55700 6
21869078 9
49005916 14
55000 6
57949 15
78891477 12
109999066 11
20011356 6
64419 0
89917101 11
20054166 7
89946150 2
80001776 7
27729 8
80025866 4
84190 14
179852650 9
50007946 14
10064013 2
67259 2
28190 8
59839461 6
100023502 2
79995167 1
46440 10
20034216 11
38190 11
55819 12
59818102 7
58379 1
19949417 7
9241621 6
30738032 10
83090 10
49922467 9
69998883 0
10097352 13
54989 2
29970531 3
129869424 13
30040 8
99978253 7
19995626 5
50008916 5
97299 13
33280 9
69874124 3
19197425 7
55610 15
57369 4
59650 5
60677063 14
20112965 10
58120 14
9935994 3
69838244 12
20008586 15
25990 8
39958224 2
179998899 3
59001459 14
63329 4
54070 2
80883717 10
69997193 7
39992953 9
30231228 6
88877520 7
10897355 4
56179 6
54870 3
59911450 2
69230 3
19908917 0
40018503 14
70000303 13
19997157 15
52079447 0
17898457 11
1184829 5
18814058 10
27689 8
79981536 14
78849 7
70039 13
41902425 14
52100 6
53860 4
26680 8
55139 3
67766404 9
20169954 12
19831778 15
40002893 4
10035853 6
129399 14
51940 6
54639 13
9727056 7
29890 8
19971877 4
19996746 4
19989887 2
12000574 2
56699 13
55480 2
137886546 1
119995309 11
90016849 3
19996626 0
8031852 6
57320 11
3893832 10
78018276 4
19991667 15
67599 6
19935957 15
83269 4
18914407 2
1057929 1
149951980 14
20001166 4
58985630 12
21022297 6
9049993 5
65069 4
10863525 10
19998277 9
20006476 5
9036943 15
20956077 4
30003410 9
20005866 9
20019697 11
59983969 3
19995867 15
20012986 15
31780 8
89946230 5
68959 14
58160 6
67829 4
99821054 0
64789 14
28249 8
88720 14
19812108 7
25230 8
58949 5
51480 5
99862714 4
20013216 12
19979417 15
59439 4
18937457 1
1079840 12
29933211 7
59990920 0
80011386 2
20102765 10
18887588 3
201006745 0
294147 1
60290 7
26370 8
69685895 2
61480 2
129857774 0
95720 0
79569 14
216198 9
38879 11
19589380 6
18984626 13
31900 11
56350 5
33460 11
1013380 14
19925527 2
71339 0
59039 1
79816008 4
39991533 11
179459 1
79925977 2
39999073 14
1932491 4
19101595 0
19023926 5
107039 5
59727322 10
56960 4
57659 5
19892598 15
19996616 15
50002337 6
19983877 10
245588 7
19766329 11
19987196 9
60380 7
38952483 15
55779 2
21138586 4
19815568 2
56980 2
56710 4
99877854 7
100994083 7
19015176 5
79984736 1
59450 15
19947097 13
20006786 15
9029463 14
80958347 7
51349 11
89949570 12
40002633 10
20009637 12
25430 8
69966943 4
121809 13
25680 8
19840228 9
9239141 11
24469 8
23369 8
60726823 0
40997573 13
36989042 3
56420 3
3023560 9
18915417 11
80202084 6
63609 1
58260 15
19707780 14
281157 13
59704813 7
138988475 11
1095470 12
29039129 0
960891 1
10147822 7
43749937 11
6058551 1
55659 3
33910 11
54060 3
17809218 13
42011833 9
1025810 15
39070922 5
40819 11
27849361 0
42009453 11
20016157 14
120001809 14
66879 5
39896454 10
179999249 14
20002247 12
120039 3
33410 9
26040 8
69825194 15
92939 14
119893440 9
20003827 5
61559 0
61599 2
19887987 15
18989087 13
161000612 10
102639 9
79898508 3
71400 11
9000343 5
19967916 4
30967120 13
19100925 15
20929668 13
19976686 9
77973996 10
2110760 4
53269 4
119929030 14
56240 3
55839 15
39855454 12
19963557 1
60014230 6
26989 8
26650 8
71610 10
15840397 9
3074271 10
100940603 15
59998180 2
19997116 9
122899 10
11873445 14
47998886 9
20000487 14
73780 10
49947497 4
39980633 6
25830 8
41095132 10
54159 5
116819139 0
54520 0
31870 11
21925008 15
19996917 12
67992443 0
23038897 2
57170 12
19019656 3
56920 12
53259 7
52749 7
19722869 14
59329 13
107959136 9
54879 3
11952824 15
27629 8
19959487 13
9126322 6
54710 6
23680 8
11868495 13
18941536 15
20004847 15
8097931 2
11863165 9
20016647 2
39030512 6
104569 7
10859135 12
50990757 15
56789 5
38949414 0
37479 11
10021054 15
28979 8
29055569 12
10854925 11
61000 13
19931058 11
11006533 1
56280 3
28942070 12
1088669 6
58909490 9
60051059 7
85090 7
19877978 9
79999756 10
137709 5
39930324 9
67659 0
69875714 15
19992837 14
59997709 1
54430 13
10149312 6
68359 14
67949 4
89669933 10
50141235 5
31970 9
25970 8
139778688 15
79999496 15
20030086 11
69720 7
28760 8
7962493 6
31916822 2
109219 14
37883243 13
52206795 14
19804229 15
68369 7
53400 7
53780 2
7852614 12
33690 11
12924775 13
86489 15
87609 1
31940 9
54809 5
8760535 10
19990937 15
97984252 14
65020 1
12100692 10
25030 8
19804519 11
342926 0
59671803 12
49995957 9
89998799 9
20102026 14
19920728 4
64069 15
51370 5
53970 0
19826008 12
19979207 10
70015173 2
29819 8
39957204 1
20047056 15
55300 0
39901834 14
39995213 2
160068 0
79925477 11
59929810 4
33240 11
141838 1
87803871 7
2050610 12
130050192 14
19927187 12
60059259 11
59927381 1
40016353 11
59976729 3
57769 13
59049 0
60510 13
56169 7
8035792 14
11737436 15
73249 1
19939637 12
66729 13
39914405 7
40151121 6
28948190 13
70904204 0
57100 12
56709 12
69874784 13
69039 15
69289 2
89886420 4
39988804 15
40013553 11
55250 0
54689 4
59864871 12
59998900 13
40200711 14
19789519 11
81089 15
19943807 5
37980382 1
12017884 14
1082050 6
33759 9
58867571 13
58639 7
27982480 1
21974447 3
40042143 9
30829 8
20011887 0
8940693 14
10959634 3
19015576 6
1004791 9
19989046 15
59690 2
35429 11
19903278 14
29010749 10
10981524 1
28330 8
87239 4
37881473 13
24740 8
52840 5
121928010 9
40122362 7
61860 13
79965736 11
8886164 3
10962034 10
20063806 4
25429 8
61905611 6
31599 11
55790 4
7974533 14
19952027 15
149979279 9
108979 3
53929 3
53250 15
55469 15
59741652 2
54850 3
52769 3
26460 8
40857535 4
31680 11
54840 1
24110 8
58893810 12
20052196 1
139949096 7
69450 2
62970 2
67929 5
27220 8
55060 0
39866635 9
59853341 7
67609 2
65120 0
33660 10
59080 13
34199 10
39731706 1
60020089 3
60930 6
54199 15
39868925 14
39997393 11
65220 15
8967073 7
50954567 10
19013066 1
1125060 4
9923575 15
81880 2
55209 12
25950 8
19788489 4
20002637 14
40005033 1
18986836 1
1085020 9
8953493 1
24490 8
20959147 0
55200 5
78919706 14
56160 15
53369 12
986461 3
29960470 12
39943493 9
23002098 0
15104344 4
52789 4
32499 10
25670 8
51809 5
1814263 13
90199277 14
7735155 11
81850 11
52880 3
10944634 10
979531 3
71429 14
57209 0
29819492 13
27380 8
19947367 11
39998403 0
30005460 7
24980 8
180003468 3
1008610 15
54160 6
19058705 2
17842437 5
53249 12
1974131 10
19987297 9
100749 4
19896547 6
63959 15
102925274 13
107021885 10
19982876 9
20055175 14
59439 14
20109736 6
39869375 4
19905977 0
20001937 0
97439 3
53499 3
20844019 9
54829 6
58519 6
53219 14
54110 0
52560 7
8775775 1
29954800 0
39995074 9
10058113 12
32150 9
49920887 0
9042182 6
58819 5
10898834 1
40106332 13
19892627 7
62509 4
19948457 7
60010470 12
99993613 3
19990186 7
40001553 15
79996077 14
40023172 9
79973407 12
10048652 5
29989820 0
130009153 3
19942327 13
102569 0
54459 15
55040 14
53169 0
774823 5
7000422 13
54160 4
12104514 10
31930 9
53430 6
56439 13
56629 13
19723429 5
18879947 7
190996932 0
29529 8
84049 14
19886208 7
60051609 3
62099 7
197409 3
56240 13
89706742 10
19951407 7
59983740 6
9040433 7
9953834 12
25560 8
53850 12
1097830 3
39883854 14
19961117 6
77974336 15
52032516 12
19973797 1
24270 8
59985999 7
59992500 10
36090 11
79962856 7
153229 4
69852254 5
20066726 3
89946870 0
20028766 6
19933618 10
8031063 10
54879 2
32930 10
12047313 0
34060 10
59801011 9
92003930 9
27909 8
56920 12
55399 13
55440 12
55560 13
34060 9
53459 12
27720022 10
78899 7
9916374 6
58630 2
54309 2
19842118 10
18997236 7
26889 8
53700 12
964870 6
79987256 14
30033209 3
29962280 15
39978273 5
19993846 0
62170 1
18944507 5
57670 7
57149 6
61269 7
56609 6
20914268 12
39876034 5
20099275 14
39884105 2
59984419 7
30020 8
60004530 14
19994226 13
20009457 15
83889 10
27953080 1
33630 10
58739 2
58029 4
35240 10
71746696 0
20001306 7
100013163 2
90060079 5
58922710 3
1157898 4
25760 8
49817958 13
60011250 2
32549 9
19971347 5
90013209 4
77570 12
65139 4
19871018 13
60799 5
19911148 1
39983544 13
19000846 4
56529 7
59940 6
998280 11
89898511 13
27579 8
34940 9
99957163 3
28720 8
117479 15
29932161 11
70649 6
79862728 15
79944097 10
116349 1
20057926 6
19839528 10
27040 8
18964456 10
23969 8
40980504 14
