782601 15
3138704 8
272257 8
83379 4
79439 9
210068 4
77449 10
77249 15
124509 14
81389 12
132408 2
57530 8
57969 8
238747 3
69789 4
35770 6
86029 13
48269 7
66270 10
57740 7
70279 4
76039 14
72839 11
359796 1
76939 14
47739 6
44790 7
79289 14
55610 10
134649 14
59789 4
87499 5
66120 9
73188 12
57820 13
36390 6
65029 3
62479 5
57029 8
65119 12
66539 14
64279 8
63699 10
119439 0
51989 12
58909 11
53399 10
63779 5
54460 10
114519 1
67279 10
59050 12
39719 7
54900 9
39060 6
62209 10
99308 14
60860 4
97848 0
108769 0
181898 1
72899 15
58989 13
52879 10
64149 9
68419 14
54810 12
65619 8
45419 8
96469 2
53089 12
56919 4
128198 1
67040 3
54779 11
63869 3
83829 2
94709 1
43050 7
51990 10
76789 0
42679 7
72610 14
44109 8
73839 14
56870 13
97449 2
61500 4
55119 12
95939 1
74129 3
82009 3
71629 14
61410 10
57119 3
44869 8
69080 8
39979 7
111909 0
41089 8
88879 1
100159 2
96099 0
55139 9
69699 15
58779 4
72729 1
80189 2
62799 11
50510 13
61789 4
46239 7
53389 9
65679 14
68659 10
64039 14
94810 2
52539 9
62939 11
65699 14
45880 8
43869 8
52770 11
92250 1
43340 7
50209 11
55589 5
50439 7
54520 10
73640 1
81519 2
87789 0
78729 4
64309 15
58959 4
64099 15
50350 13
50979 11
35050 6
70959 3
79129 1
60650 4
50230 13
37159 6
59380 4
78229 0
51949 8
60639 4
82928 1
71589 0
57819 10
83669 0
61729 15
49510 9
54099 12
52040 12
58790 5
51399 9
34480 6
72909 2
62449 15
77539 1
50820 11
54189 8
78899 12
80669 2
79199 1
62249 14
34999 6
54649 12
58670 4
51349 13
49150 13
34589 6
70609 3
50900 13
74989 2
65239 3
46439 7
63079 8
35260 6
62340 15
52229 11
59640 5
72390 15
56220 5
85659 0
52479 13
54570 12
66409 3
81469 1
49409 12
42540 8
48059 13
55089 5
58520 4
66309 14
55040 9
59960 3
76799 0
69859 0
74659 1
55269 10
49869 11
34940 6
62779 4
92929 2
38679 7
61250 14
48830 7
40730 7
42350 7
49420 9
68009 15
60150 12
63729 14
56870 12
61359 14
74749 1
50629 13
64039 4
65949 3
80689 2
67459 12
44109 8
76659 1
56110 3
54829 10
44990 8
52739 13
56929 5
50430 11
80088590 3
92249 2
71799 14
43070 7
92799 5
58959 11
43709 6
88010 4
57670 12
65769 4
100273463 15
397985 15
133618 2
94279 10
52929 8
130618 15
97879 1
204238 2
62639 4
103278 11
66399 14
72469 5
130939 7
348346 0
17686833 3
80999 2
96329 9
117388 8
155998 8
97598 9
97549 4
70039 12
60090 12
91228 3
39770 6
65529 13
90349 14
77239 2
61039 9
56359 11
70629 3
76679 2
95019 11
110419 4
59139 9
69579 9
82420 0
68679 15
44580 7
98419 0
54909 7
82019 1
59080 10
57029 10
67039 15
63500 15
79679 1
65179 15
48459 8
44000 6
72149 15
61539 10
64329 15
83349 1
40700 7
112999 0
84290 1
58150 13
61829 15
72629 0
39610 7
61989 15
86869 14
114349 14
60869 13
118579 8
35059 6
63149 3
117169 14
46859 8
57059 9
66419 3
48339 8
55229 13
37259 6
68890 1
68219 13
51789 13
59239 12
54559 11
41370 7
57769 5
59429 5
63329 14
52570 11
63189 4
34879 6
55640 13
55489 12
65179 3
71059 1
53009 9
52909 13
39510 7
40129 7
58530 9
72239 4
57729 8
45610 8
57229 3
55769 3
50910 11
36939 6
74930 0
63240 15
71879 0
51959 11
44480 8
50079 9
49810 9
52130 13
66109 14
70549 15
66749 10
71460 1
63799 3
55969 13
58110 10
52519 13
74269 2
46830 8
74870 1
59779 14
54269 9
72229 1
52570 13
50989 11
34270 6
50879 11
81409 2
63990 5
66200 5
59659 10
49869 11
62570 14
36369 6
54340 12
54459 10
62379 15
53380 9
66609 3
54549 12
65220 14
54570 8
40869 7
61459 14
66329 12
75669 2
57939 4
53590 9
72579 0
51329 11
51090 9
70559 1
70589 1
60709 14
50520 12
46019 7
73629 0
50020 9
49269 9
51769 11
39420 7
43450 8
10068371 11
34830 6
53619 10
53030 10
61999 2
70059 1
53099 11
44360 7
42459 8
67729 2
54169 13
72619 1
72289 1
48980 11
62489 14
55260 9
41259 7
78329 0
62249 4
42340 7
55389 10
49739 11
52309 9
73369 0
63299 5
42030 8
57119 3
35840 6
54369 10
70629 1
53550 9
62149 14
53219 3
53150 11
71489 0
71819 15
66139 5
34830 6
59329 12
53879 13
53879 13
59189 10
51560 9
52750 9
62449 2
68180 12
54800 3
51589 9
40590 7
36509 6
45440 8
53029 11
45510 8
68839 2
66129 14
53579 13
61140 14
70049 1
70689 0
69829 1
65049 15
62010 14
60019 14
57499 10
34150 6
55039 12
57269 3
65609 4
35989 6
53350 10
66649 3
51819 8
72500 1
69569 15
60389 14
52749 13
58880 14
54659 5
54129 3
50990 11
62919 15
71929 1
62809 2
65739 4
60739 14
35380 6
49600 9
62889 5
64979 15
69609 3
61619 13
67509 5
44080 7
66549 15
53899 10
49010 11
48039 8
53359 10
52669 11
70449 0
61209 15
53840 12
57509 5
61739 14
60079 11
65380 4
57829 3
55069 3
57450 12
64569 2
51330 11
69948 0
59589 3
60879 14
57150 12
55000 8
50439 10
54170 11
66069 14
64049 10
62639 2
64740 12
68319 15
42369 6
67679 15
50869 11
67859 15
39980 7
79759 1
39839 7
67780 14
56879 5
42779 8
66029 5
51790 13
52219 12
40570 7
53929 13
72179 1
73099 2
54679 11
62179 2
64679 3
65269 5
53889 12
55979 10
57320 5
61709 5
68799 0
57009 3
62960 2
60289 2
68269 14
52850 12
50450 13
68139 14
54409 12
39900 7
35030 6
68829 15
43989 7
71309 14
76899 15
34669 6
51920 9
58220 5
52579 10
63800 2
49640 8
33710 6
53650 8
61379 2
58570 10
10092201 4
86489 2
61319 12
109319 1
55149 11
56969 10
72589 5
3735586 7
76269 0
36212195 3
114489 14
243587 5
76599 11
60440 12
87619 1
85148 7
115219 10
272497 4
60129 11
56309 11
224417 4
59079 9
75639 9
98759 12
110739 13
45969 7
43390 6
79389 2
86029 1
83799 1
62949 5
58830 11
67020 13
88099 4
37129 6
70339 15
50699 8
56099 4
64059 9
54200 8
44999 7
77409 15
57320 11
72469 2
71699 1
57609 9
65810 2
57890 4
72049 0
73419 1
42020 7
97458 14
68959 3
53539 13
58319 5
36920 6
51819 13
73129 15
57149 9
220127 6
64280 3
60120 3
76049 1
59299 4
76689 2
56180 4
80159 0
62009 10
63259 4
61530 3
51609 13
69949 14
73229 14
68150 14
35290 6
75129 1
54930 12
51130 13
54569 10
62070 4
77648 1
55099 3
86829 0
71689 0
74789 14
66299 3
82779 1
63479 4
267256 1
51890 10
50539 11
60210 10
52869 9
73419 2
85629 1
69389 15
77669 15
71899 14
81849 1
53069 9
42569 8
53199 12
75269 0
68579 14
58789 3
57029 3
56589 5
65420 10
39310 7
61179 10
32120 6
78839 2
59329 10
54600 9
35030 6
79579 2
58959 5
31899 6
80279 2
75729 15
56540 3
53599 4
54789 4
39369 7
40979 7
38240 7
58909 4
11095160 2
88969 0
88149 0
59959 13
87909 1
65230 4
59139 10
43599 8
59483113 3
74539 8
100228 0
19826128 3
51899 6
70789 14
60340 11
17820002 3
90999 1
61539 8
50149 7
45710 6
59520 12
65759 5
67079 14
77639 10
85739 1
83579 2
53309 13
71339 9
67199 14
77989 4
94589 2
81689 10
57200 6
82188 1
63359 3
84079 2
63099 5
76059 10
79819 10
75549 1
61170 5
58309 3
86269 10
58649 13
100449 12
81769 10
65529 11
65189 11
73489 14
57819 6
83819 1
58099 13
54380 7
75039 11
8376741 3
102719 15
57990 11
83699 15
54129 11
55310 3
78659 14
55890 13
61689 8
61859 12
60510 5
52889 7
57050 10
61230 13
10104001 0
57650 10
53150 13
56209 10
47590 7
77739 2
43939 6
36550 6
79620815 3
85079 2
120888 5
103229 12
95669 0
56629 8
625853 13
48399 8
57150 11
42689 7
39172690 3
113848 0
62140 9
485974 3
170638 2
82149 2
61299 11
56709 6
129448 11
93649 1
98319516 15
39190 6
67729 14
61309 14
77259 0
54670 9
81789 2
19613170 15
20084175 8
71649 12
85449 1
85089 5
85559 14
64909 12
3705647 13
86599 0
358446 13
76769 2
46799 7
69389 14
216088 1
45209 6
62059 12
87468 1
65160 12
59889 12
74739 1
70589 8
41700 8
57179 4
58590 4
81948 14
58239 9
72239 10
60499 4
83629 2
59770 12
71909 10
42199 6
50370 8
61139 4
153714177 15
67760 5
71769 14
68759 13
10873732 15
78510 14
79019 4
90579 0
56279 5
198605220 3
80079 14
75559 13
78739 2
66599 12
77459 0
53180 11
82529 0
74389 1
51619 11
56410 12
67239 13
71349 0
73099 4
85669 0
54910 10
55140 10
79679 2
52229 8
74580 9
57660 13
77919 2
51809 11
75269 1
47200 7
49619 11
48250 11
118292572 15
87799 12
69029 5
77759 7
125659 9
65820 10
185807 3
108238 12
74649 3
91929 0
141059 2
87609 1
73639 5
79759 14
155818 9
68419 3
71319 14
48020 7
75489 14
71319 1
89419 2
85469 15
95099 11
94469 12
102318 0
104738 0
63780 14
64570 9
60029 8
58040 3
135359 10
69199 13
79309 1
73969 14
95389 2
86149 2
88049 4
90169 10
64329 10
53580 9
90299 11
137839 2
68929 5
70569 14
129599 5
95159 2
112529 5
58669 10
81309 0
78259 5
65099 9
53350 13
68669 14
55579 13
65149 3
68580 10
49289 8
47219 6
82359 15
47620 8
83309 1
52899 8
46340 7
103219 4
38980 7
37800 6
78279 0
94890 15
53680 10
40789 7
49150 8
57139 12
53009 8
64490 3
52749 10
57850 13
41860 8
62279 4
53750 10
75869 1
76579 1
36719 6
58880 4
49929 7
56300 9
75590 0
62040 10
40089 7
62160 3
50810 13
52150 10
74399 0
56890 12
59249 5
76129 15
49880 10
40629 7
32740 6
65349 9
63169 4
69450 0
36550 6
59149 4
74330 1
65520 15
44099 8
38660 7
53919 13
55390 3
60890 3
82399 0
58039 10
58449 5
54179 12
61199 4
62139 5
59560 4
58099 4
51039 11
50540 11
79659 0
