103919 8
46549 10
37990 0
37100 1
38710 2
36689 8
45660 10
45119 8
44670 3
46099 2
38180 5
36930 6
38790 10
36790 7
43670 6
45749 9
49060 0
48159 2
42460 9
39639 6
37820 10
47569 2
45979 0
40320 7
41599 1
37850 9
39859 2
39510 2
40920 9
43509 8
43960 9
42939 6
36940 7
36700 10
44269 3
40070 4
49259 8
46920 1
42609 0
41570 0
37420 11
42239 10
39060 1
44589 7
46039 3
48559 4
42399 4
43230 3
38329 5
36070 4
37230 7
42839 2
39460 4
42970 2
42319 4
39540 0
39139 7
38390 0
42129 5
42319 1
44530 5
41869 0
37510 6
40279 1
41390 1
44560 8
42019 6
45990 2
40280 8
50340 10
38750 4
40869 10
37590 9
44419 3
41339 9
45939 6
50229 6
37630 6
39189 4
42210 11
38690 2
42559 7
46730 1
44499 1
43380 1
41099 9
45650 7
40190 8
43719 1
44710 9
43419 8
41660 6
47589 7
41209 11
38460 2
45159 9
39650 7
42590 6
48540 6
42120 1
35909 11
36700 6
38759 1
41069 1
44030 5
45719 9
51180 11
39259 6
36579 9
36780 4
42619 6
44860 7
45219 3
47679 11
41389 6
37029 0
44770 5
36560 9
44550 5
39790 4
44779 5
42530 1
38620 3
40020 1
40240 1
39969 6
228158 6
41760 8
37739 9
38070 4
37989 8
36899 7
37120 4
36659 10
36020 3
39130 6
40979 5
47510 10
42879 3
42889 10
36930 0
39199 3
35480 10
37950 9
37359 0
36400 1
37550 7
34429 9
37820 11
36260 11
37109 1
36470 0
36719 0
36090 11
34970 8
36579 1
36990 7
37000 6
37310 7
34990 7
36970 7
37009 0
37540 4
42739 4
38770 0
36150 7
34969 1
36180 10
38170 0
39760 3
42460 9
45259 9
43850 10
38299 2
34479 4
38240 11
37410 7
42930 10
43310 9
39699 2
39270 10
37659 4
35720 0
32750 9
36050 8
34310 11
33440 4
30460 5
31439 1
31050 4
40300 9
30879 8
31710 2
33520 3
36509 2
31410 1
30250 1
30439 6
29899 8
31470 7
31200 2
30450 10
30670 2
31820 5
29869 1
31550 9
30860 0
32100 1
30270 0
31580 10
32720 2
31900 3
31870 6
30140 5
30710 9
29930 9
32270 2
31169 10
31229 9
34200 3
32139 3
21072896 2
46189 3
33280 9
37970 7
44369 1
37950 2
44380 5
49870 10
41549 7
47959 8
42740 4
40719 8
48120 3
43849 5
44120 3
45500 10
45270 5
40970 10
38029 11
43990 8
43640 1
39750 4
43060 8
54960 4
45080 9
39109 3
42730 3
44079 5
44939 1
45160 10
43529 5
42760 11
43559 0
42060 7
38199 4
36979 10
40930 9
42299 10
43229 6
42709 11
37659 3
48180 5
43889 4
47790 5
48620 2
50040 1
43949 2
41879 11
42670 7
37009 7
41630 4
40580 3
39900 6
42190 11
47729 11
42990 2
42759 4
40729 6
44829 7
47940 10
40820 5
43799 9
42260 5
42520 1
37230 5
41540 11
36969 2
43650 6
44710 3
53199 10
43350 2
39449 8
42520 4
38959 0
36630 0
45840 0
46639 11
43670 5
44179 4
40220 6
46009 2
40999 0
41400 6
40809 9
42250 3
44879 5
41720 7
38560 4
42239 2
43940 6
39059 5
41190 11
52309 4
41930 11
42190 4
38819 0
34950 2
41760 11
39890 2
41020 3
39749 4
41579 2
42750 2
42649 9
42250 5
43449 6
38250 4
42709 1
37740 2
43930 8
43040 6
40969 0
42769 8
43110 2
42240 10
43399 11
51110 1
44379 8
44089 11
39090 10
42309 4
41300 8
38419 0
42909 7
40450 11
42829 3
44630 11
46749 11
43260 0
37269 10
35839 8
39690 3
39850 4
39200 11
33570 5
42459 0
38160 6
34710 1
33809 0
38870 5
40559 10
45700 11
37700 0
34969 10
40510 4
36360 1
37759 3
37010 11
36470 5
39520 6
35150 2
34549 2
39380 2
40560 4
35379 7
36080 6
41170 0
38549 5
35630 0
36330 8
39820 1
40910 2
35679 11
39620 6
42329 10
42580 0
35280 11
48969 3
43510 1
37639 8
33589 5
39100 10
31820 1
43999 11
40320 8
36899 11
38020 8
41790 9
42439 2
35200 7
34189 4
36070 9
40240 2
40699 10
36629 4
38050 9
40719 0
45440 3
35380 0
37089 10
44340 1
41909 1
34110 4
42190 10
34829 3
34100 0
34490 10
35369 2
34410 2
40059 0
40919 0
37610 1
36280 10
39170 6
41530 6
38199 10
35330 7
41450 3
41129 5
36750 11
35079 1
41600 4
40530 10
36449 0
38290 1
38840 1
42080 8
37460 10
35529 0
45500 9
38179 1
40710 7
37210 0
34830 4
40540 2
40680 0
37489 6
35780 1
42020 10
41059 7
35850 2
40840 2
43050 8
43000 11
32899 2
36080 8
34390 9
35419 9
35850 11
36860 1
38989 0
40980 0
33979 0
38480 3
40430 4
95499 1
42629 1
50760 2
46210 9
51809 0
46600 4
56699 1
51379 0
50069 9
47510 9
52030 8
51970 8
42960 6
51690 2
52100 5
58969 10
50990 11
53220 8
48620 3
66019 3
54830 0
48149 4
52099 4
48709 9
49680 6
48039 3
49750 3
51050 11
51289 4
51079 7
52900 3
51779 6
51960 0
51659 9
51020 7
53199 3
52489 6
53950 5
61050 5
47749 9
49670 2
49910 10
48539 0
51669 9
54940 3
59759 0
50790 1
51749 11
53540 1
49319 4
47080 8
46329 10
50499 10
47899 9
51199 5
42300 4
52989 1
60490 8
48980 5
45470 11
47669 1
50290 6
50109 9
42140 3
54189 4
55850 5
48509 10
47850 1
50419 9
49840 11
55279 1
50390 3
52899 10
61330 7
55539 3
51080 0
50849 6
60639 5
54239 9
47670 8
46089 3
51270 1
47370 5
49820 11
47059 9
45700 10
50359 6
50190 9
52779 8
52920 3
48439 3
49150 5
47819 7
49860 10
53199 11
49430 0
50639 1
60930 2
46799 8
52540 8
52409 6
52530 9
52239 5
57080 9
51049 10
50050 2
55029 7
48040 6
51929 5
52520 5
56299 5
49220 11
55219 10
44440 3
51459 7
43960 9
63019 0
49960 11
55289 5
56640 11
59099 9
55740 11
52589 1
49050 7
52079 3
52490 7
47059 4
53640 4
53599 0
48860 10
48549 7
48530 7
55029 2
55980 3
52269 3
65390 1
53100 11
49379 6
56919 9
49760 6
50449 6
53000 5
50780 6
48400 4
53080 4
57879 7
51950 9
52299 11
52500 11
47279 9
55030 11
52839 10
54440 3
55499 9
62810 8
51079 4
49940 10
49759 5
50360 8
51049 3
52040 7
59509 10
47630 7
51239 10
58450 3
55029 4
54040 0
51499 3
52590 0
54069 9
51140 1
50959 0
74189 0
55199 9
53609 0
53500 5
58049 11
44950 10
54789 1
48830 9
52269 3
48810 10
54739 1
51370 5
53449 10
58080 0
54189 2
51670 0
53099 4
53810 4
54299 3
10080373 9
64569 5
57359 5
46879 4
48930 0
58479 9
52559 3
66820 2
55609 9
58050 7
64059 10
57430 4
55459 3
53590 1
55870 11
50210 3
58460 3
72489 6
53100 4
55299 2
48860 4
51419 4
53690 2
59629 11
50540 10
55679 4
54460 7
50259 7
63020 2
58800 5
57559 10
53250 7
60519 10
55760 2
55819 6
58400 2
58349 10
48060 2
57569 11
57449 1
56319 10
53239 7
61399 2
60129 6
51750 3
50099 9
57950 4
58669 3
53540 6
56569 10
57649 10
68550 0
52469 0
63420 1
49029 8
51650 11
54679 1
62670 5
54139 1
56479 1
49939 9
54199 8
56869 8
54849 0
55509 6
46609 6
57169 6
55609 9
57340 3
53879 2
63460 6
67179 10
54650 2
48660 3
45789 4
52880 8
55279 11
51760 4
54299 0
60739 9
63829 9
56500 4
60549 8
57230 5
53209 9
58449 4
52270 8
59659 1
62960 4
56439 1
57150 5
55629 8
53850 5
57949 8
52340 4
53949 2
57679 6
56270 3
48149 8
60309 7
53320 7
49859 7
55650 10
58420 0
56709 0
56390 11
67349 8
53869 3
56450 1
52910 7
52199 5
60980 11
54370 9
57329 0
53620 6
57819 8
59560 4
49209 7
54350 2
59269 4
54130 6
60029 7
56319 5
54859 4
66639 8
56220 7
49089 4
55110 11
53779 3
57350 1
55619 9
56030 2
52789 2
54810 6
55710 8
57189 6
60219 6
58809 8
57020 7
58789 3
54800 10
63429 9
66669 7
58029 11
59609 4
48930 9
56369 8
59560 4
55609 0
58109 4
53349 2
58880 4
56510 1
56979 5
46980 10
56079 9
59280 9
59729 2
60020 5
72339 1
54770 2
49830 2
58219 8
55760 7
49349 2
56970 0
59039 10
53060 2
59309 3
62999 3
57469 0
47280 1
55610 11
59940 1
57120 3
58349 0
56640 2
10097112 7
58899 3
54690 5
44830 2
55770 10
59769 3
53170 2
53070 0
56730 0
54610 2
60500 7
55859 1
55510 3
47539 8
56050 0
51359 3
54370 4
66509 4
55909 4
59689 1
52289 9
50300 5
56549 6
53520 6
67139 0
55640 6
62399 1
60000 10
51839 5
46440 1
53769 4
58679 7
55370 6
51130 10
51019 1
64669 0
62220 2
66229 4
57699 1
56309 4
61559 2
57050 2
58009 11
62020 7
58549 10
53350 5
50899 3
58239 10
59160 2
58709 5
63550 2
57019 9
68490 11
60950 0
56319 10
62480 2
58179 8
64910 8
63109 11
59290 5
68360 5
55199 0
61520 1
66119 2
64399 8
67360 6
59289 10
52850 0
72839 2
61480 1
60960 7
61159 3
60410 6
61899 3
68379 4
59620 10
64989 3
69659 4
60939 8
55829 11
60900 9
62269 0
59510 4
57229 10
73109 3
54940 9
59199 8
59820 3
56719 10
60999 1
65369 9
69799 0
59760 8
66329 1
62679 8
60869 11
60439 11
55280 2
59379 10
58460 11
80300 7
63199 0
59539 1
69090 10
63119 6
66840 0
68579 3
62370 4
59420 6
60929 6
68529 6
65449 7
69119 0
64280 5
57999 11
53820 8
77800 2
64189 1
59369 4
64029 9
62889 5
57760 0
59019 8
64000 10
65480 9
64039 6
59770 7
57559 10
61499 4
56179 4
64270 1
64589 8
71499 7
58120 11
59970 6
57189 11
55929 5
55269 5
61750 0
63459 5
63689 10
72950 7
66759 9
54570 2
61419 7
52769 9
65279 7
63969 5
84819 4
63819 1
59979 3
61790 1
63689 3
62750 10
61430 11
55179 8
64770 9
62439 10
59680 11
62909 10
67019 0
55270 1
64619 1
58160 8
10112742 1
65329 11
