74899 3
38860 2
36170 0
34040 10
34750 6
34150 11
35560 10
36070 2
35100 3
35659 5
35050 2
34340 5
36360 7
40080 3
39549 1
36549 0
36650 0
34969 7
35650 1
34780 2
37079 4
33610 6
35060 6
33789 1
39910 7
34490 10
41739 4
36970 2
36039 0
35699 2
34920 1
34790 10
36040 2
35020 6
35929 8
34109 0
35950 7
34149 11
36339 8
36580 0
35990 3
36749 7
34780 0
33779 5
43110 3
35680 9
32430 2
34930 11
34949 7
35220 3
33310 3
36150 8
33690 1
35250 10
38800 2
37710 10
37360 9
36479 11
36739 7
35570 3
35729 2
34819 4
36400 3
32600 9
36460 9
34740 0
36549 10
33600 1
34800 0
35369 8
35649 0
34160 1
36909 2
45240 7
34900 10
35529 10
34890 9
37199 11
34569 10
41270 10
34450 0
41690 2
35490 3
34649 2
32860 10
35580 9
35250 1
34139 11
33780 11
36830 8
36210 11
37040 1
34999 7
37050 5
34010 2
34349 5
36310 2
34810 6
34719 11
34470 7
37030 7
35609 0
35100 11
39169 3
34639 1
35290 10
37730 8
40860 6
35050 5
43139 5
35980 3
34820 2
34469 1
35500 8
34910 11
36029 4
36030 1
35210 10
34300 0
35410 5
35709 3
34880 11
33830 0
36189 2
37799 8
37490 6
36459 0
34159 10
33720 7
35029 7
35489 0
37120 9
39209 7
34730 0
37620 9
33109 10
35380 7
42710 8
35410 2
33260 5
34369 10
39689 8
33480 11
34690 1
34090 11
35680 3
34510 2
36360 11
33050 10
35279 3
33710 10
35760 11
33380 9
36360 0
34650 7
37539 1
33759 0
38310 7
35869 10
34869 0
35350 11
37930 8
38380 0
37600 10
35819 4
41370 7
34670 11
34659 3
36500 6
36179 6
35709 3
34450 1
37669 5
38960 3
35820 10
36989 1
35579 3
37280 6
36080 7
35319 4
33990 5
36559 11
35380 10
35180 2
34269 10
36630 1
36030 7
34269 8
34020 1
37770 4
35279 3
38920 7
43189 10
36989 6
37440 6
34949 2
39229 2
34020 7
36349 0
33920 4
38570 0
35569 6
34830 11
33490 3
36789 8
37920 10
36980 3
36320 11
36930 9
38520 2
34270 6
35980 9
34870 4
37740 3
34270 6
35519 10
33280 3
36670 3
34269 2
39140 11
43640 2
35090 5
33710 6
36560 1
34829 6
37810 3
36769 10
38849 6
37010 1
34400 8
34970 3
34400 6
38090 10
35889 1
35920 10
34529 2
37750 11
35420 8
34999 11
34650 2
35990 4
35569 3
36460 7
36160 2
39129 3
37400 8
36909 4
51829 10
42080 9
35609 2
34530 6
38979 2
36239 0
35760 10
34789 2
36870 5
34030 6
35380 3
36390 11
37090 0
35909 3
37960 9
37100 7
35189 2
37120 10
35650 2
35859 1
35490 0
36599 9
35380 10
35680 11
34889 5
35400 8
34630 3
36989 1
10050592 5
35960 5
37870 1
37489 11
38710 11
33490 11
35639 4
36420 9
36020 6
36659 2
34870 10
37249 11
35969 4
33680 3
36709 4
35659 2
37130 7
34579 2
36350 4
37450 6
37199 6
36730 11
35760 5
35399 2
35210 3
37090 4
37129 10
42130 11
34579 10
35239 3
33760 0
37550 2
36520 1
36390 11
35300 4
38339 7
36600 1
36149 2
39880 8
34660 6
37009 3
34570 9
36520 6
35619 6
34240 8
36270 0
34619 11
34930 5
35879 8
35920 11
35380 4
35349 6
36219 10
37280 6
42590 1
39500 11
33260 8
36230 4
34079 4
37180 6
33260 6
37570 5
34070 2
35919 1
35080 11
36690 7
35209 0
36590 6
35349 3
38349 6
37900 0
35680 7
37189 10
37830 7
36329 4
34229 10
37610 9
35399 10
36620 0
34050 8
40169 2
35550 9
42869 4
35939 6
35710 5
33210 5
35030 7
38960 4
37269 5
39559 9
43180 3
37139 3
35650 7
36020 3
34580 4
35670 1
35069 2
35320 2
34860 4
35429 4
36859 10
35820 8
35150 2
35230 7
38280 8
37380 5
37080 5
37590 4
37099 8
38760 11
35429 0
36080 9
35540 4
35210 3
36499 0
34730 6
37649 2
35220 7
37600 0
36900 9
39829 11
37390 0
36709 2
38440 6
36550 8
36419 0
34500 6
36720 5
37099 7
35850 10
35069 9
38729 7
35060 5
35379 3
35690 10
37840 10
43019 8
37609 1
35340 8
36019 11
33310 1
34920 6
37199 2
34080 8
35010 0
35479 1
36590 9
33820 6
37809 8
40310 1
36770 3
34929 7
38030 10
35899 6
37620 3
35020 7
38349 9
36140 3
34880 11
35579 6
34510 8
37790 2
37989 6
34550 8
43210 11
35500 11
38090 1
35900 5
35440 3
38860 5
35369 3
35990 6
39010 11
37219 7
35120 4
33730 10
37869 4
34570 0
39009 0
34250 9
39080 4
34690 1
35400 7
35260 8
36910 0
37400 0
37070 9
33270 3
37149 3
36270 1
37099 7
41770 2
36499 1
36609 3
33560 2
36230 1
35870 11
36740 7
33709 4
35899 0
37250 5
38090 7
34620 3
36580 1
35619 3
38759 7
35190 7
39769 5
42370 9
34839 3
36689 5
36800 7
36080 8
34320 11
37530 10
36169 6
35790 5
36130 6
42380 6
33900 0
35570 7
36589 1
35900 4
35420 7
36909 2
36130 9
34930 5
36589 0
35390 10
35449 7
34940 9
37000 2
34959 9
40790 3
35240 11
37239 5
38379 0
36680 5
35329 11
36090 9
36360 9
36969 10
35800 8
38050 8
37049 6
49860 7
34700 7
36210 4
37070 5
35109 10
36210 0
34070 4
35419 6
34370 9
33290 2
36759 7
35810 10
35120 1
37279 2
39100 10
39179 9
36289 6
37450 10
36590 0
36749 2
38360 0
35999 2
35009 9
36030 0
35349 8
35329 3
35830 11
35810 4
10055303 4
36940 2
35310 0
38430 7
36230 0
36219 7
38540 3
37240 2
36849 1
37040 9
37309 7
34110 3
36310 0
35179 5
36180 6
34190 6
37050 8
36130 9
37560 11
36229 11
37749 6
39110 5
35389 2
36830 6
38490 11
36219 4
35350 3
44349 9
36399 0
35570 7
34189 7
37730 8
35340 4
35960 3
36469 5
36140 11
35730 9
38450 11
36190 4
35729 2
39020 9
37510 3
37250 7
33240 1
36770 6
34979 9
36510 5
33499 4
38049 7
35350 6
35339 9
39080 5
35950 6
37909 10
41770 0
40849 10
36989 1
36730 1
37600 4
35729 7
35960 11
35970 11
37620 3
36090 4
35329 2
36690 10
34370 10
39109 1
35650 6
37769 11
36530 11
36990 11
40340 2
35350 0
36590 7
35479 9
37810 11
34210 5
37719 5
35940 5
39120 6
43369 3
38890 6
35709 9
36339 6
34940 4
38760 3
38520 0
37210 8
36609 5
33630 9
37080 6
34889 0
39710 3
35820 9
37999 4
35780 4
35199 10
34629 10
35830 4
35570 5
37210 3
35270 0
37109 10
36679 6
35620 8
41049 7
34949 8
42540 7
38199 9
36640 11
34270 0
35519 6
35900 0
35710 3
34900 1
36140 11
35930 7
35669 5
34960 8
36559 1
34490 11
36580 6
34519 11
37089 9
35470 8
32290 9
37440 11
34730 2
36129 5
35050 0
36470 0
34039 0
40220 1
37379 11
35009 2
43500 0
38060 11
36220 11
40110 0
38519 4
37520 8
36380 1
34519 6
37780 7
35650 7
35669 1
35570 5
38550 2
34449 10
35010 5
35910 1
36400 3
35380 1
36809 7
36939 1
39850 0
40939 0
39219 10
41320 3
40109 10
35010 5
44100 11
35600 6
35780 11
35970 6
34180 10
36440 5
39449 4
36900 0
34310 1
37029 4
36540 9
35340 1
35989 3
36860 1
36210 7
34950 11
35460 10
35700 4
35409 8
35510 6
36480 7
34489 0
36640 2
34490 11
36480 9
34350 11
39819 11
36750 3
41969 11
41620 6
36870 7
35059 7
35380 8
35750 4
37769 11
34849 1
36080 8
35840 0
35869 9
36460 11
33839 6
38100 2
34360 5
38179 0
37090 0
37830 1
37399 11
37070 2
38890 8
35580 6
36170 5
35700 2
37320 1
35490 11
38019 2
46740 3
37200 10
34110 11
36870 3
35130 7
37150 2
34560 9
37409 8
39849 7
37790 2
36419 4
35510 8
34930 8
37489 2
35230 5
36480 9
36419 9
36560 5
34720 4
35160 8
35880 9
36880 2
35070 7
36170 4
38659 3
39789 4
36810 9
49699 4
36300 4
34510 0
35379 10
34720 8
35140 1
36300 9
36430 2
34919 7
34950 11
33440 11
38399 10
36730 3
37300 10
39040 8
36319 9
36880 8
38099 3
35850 8
37050 7
37419 4
37410 11
35279 11
33669 10
38660 2
38000 5
36299 0
10044683 10
41410 1
36669 8
42250 6
45899 11
42729 1
44339 2
36059 1
41850 2
36530 6
42410 10
42490 0
40429 0
45590 8
41299 3
39509 3
36910 5
40939 2
43370 10
42350 6
45679 4
44190 3
42969 9
39760 0
46579 9
44200 8
46999 1
44339 8
40620 2
40450 5
37580 1
36619 9
38589 3
41350 4
41539 11
43970 0
39239 7
37379 3
44760 11
40419 6
45530 1
41819 0
50170 1
43740 4
41119 3
38040 1
40569 8
38720 11
50129 6
44699 0
48600 5
45049 9
46270 4
45269 2
44940 5
39579 6
39860 9
40710 9
39789 1
47470 3
43070 8
43630 4
38300 6
40489 11
37880 11
39570 3
47359 3
44290 5
41969 2
42780 7
39170 2
50860 3
43089 4
45569 4
45080 8
43769 3
42390 2
39480 10
40890 11
38610 8
41719 1
47780 4
44529 11
41899 6
41319 11
40269 11
36900 0
39109 5
45159 7
47460 8
41240 10
45180 6
36649 2
39310 2
39210 6
51969 4
42640 6
47109 9
44300 1
42170 8
38600 8
42600 1
39159 8
46150 5
47619 1
44480 8
46450 6
38600 3
43240 2
40439 2
41230 2
41550 2
40769 7
42760 8
39369 4
37690 6
39990 6
38409 7
51530 7
42639 9
43710 4
39509 9
39809 1
38930 11
40449 6
41870 7
43679 6
231057 8
41040 5
36189 6
39139 10
38160 7
36860 0
37220 10
38070 9
40319 7
42040 2
43170 1
46590 2
45539 2
37920 4
37640 2
38999 8
40590 7
44900 6
42820 9
45310 7
39619 0
36680 4
35680 1
37049 6
37320 5
37920 5
36509 4
39380 0
42530 8
42670 1
43650 9
40189 9
41430 1
35329 0
39910 7
41840 6
46929 3
38290 5
39389 8
37419 1
39110 7
36239 8
35650 7
36380 11
36539 6
35980 3
40899 10
38249 5
36990 2
38579 10
44450 0
45960 10
43569 0
40830 6
