12080 1
780 1
24500 0
7100 1
5150 0
4190 0
13440 0
17660 3
1920 1
449 1
651 1
3949 1
200 1
231 1
8449 2
4240 3
7260 2
4420 3
8860 3
3540 0
10480 3
4770 2
320 1
4670 0
2460 0
17020 0
4940 3
3970 2
2240 1
410 1
3500 2
4000 3
6130 0
6310 3
1931 1
429 1
3220 2
4331 0
6260 1
269 1
11200 2
4579 0
6190 3
7160 2
7980 0
6640 2
3310 0
7590 2
6200 3
4210 2
4930 3
550 1
4560 3
3780 3
5140 3
5690 2
2760 0
8620 3
4550 3
9349 0
3411 0
5140 0
6000 0
2000 0
260 1
6669 3
5679 0
8550 3
5590 0
650 1
8380 3
9370 3
320 1
3480 3
9940 2
530 1
3900 0
4800 3
5550 2
4900 3
310 1
5520 0
4230 2
8340 2
3210 0
2440 1
5970 2
5220 3
1851 1
249 1
3491 0
2560 0
4369 2
5300 3
1780 1
1450 1
7880 3
7340 2
3740 0
4670 2
5349 3
4031 0
6531 2
5289 2
840 1
6471 3
5539 3
390 1
28270 2
3510 3
6800 0
260 1
320 1
270 1
6320 2
530 1
5080 1
12910 3
580 1
8990 2
7670 0
4450 2
5439 3
3411 0
280 1
4849 3
3900 3
4080 0
4040 2
3271 2
4240 0
410 1
330 1
5450 3
8990 2
5470 3
5170 2
3500 3
5590 3
610 1
4050 3
4010 3
250 1
9300 0
4690 3
13520 3
2780 0
4500 0
5420 0
4170 2
7160 3
3930 2
7700 3
9000 3
420 1
9420 2
3480 2
12730 0
3770 2
2079314 0
4719 0
5000 0
4110 3
550 1
3710 0
2917398 2
6910 3
3580 3
9160 0
3130 3
3000 3
3480 0
6510 3
5080 3
7650 0
2570 0
3830 3
2680 0
4169 2
3360 3
391 1
340 1
3909 2
3431 3
2929 2
2791 2
320 1
2569 0
5680 2
3800 2
3830 3
470 1
3080 0
5100 2
4100 3
7220 2
4280 0
3910 3
320 1
2750 3
6170 3
10209 2
6020 2
360 1
3180 3
8040 2
3320 3
3040 3
330 1
3480 3
3710 3
3060 3
3240 0
370 1
280 1
300 1
2580 0
3950 3
5960 2
2900 3
330 1
3640 3
7750 2
4570 0
4110 2
9550 3
3670 3
320 1
5400 3
4500 3
3660 2
330 1
8610 2
13380 3
5431 0
3720 3
3640 2
3800 3
340 1
6851 3
8319 3
6570 3
620 1
6750 0
8210 0
6250 0
5310 2
7240 0
8930 2
5520 2
6780 0
5760 2
4950 0
2700 0
5110 2
4050 3
3230 3
5910 2
3459 2
6589 3
4669 0
4211 2
369 1
300 1
4660 3
351 1
3809 2
311 1
300 1
3209 2
3390 2
2680 0
310 1
290 1
3570 0
5860 3
400 1
5380 3
4220 2
590 1
4000 1
240 1
4580 2
3660 2
2780 0
3940 3
3159 3
3291 1
229 1
4431 2
3640 2
371 1
291 1
4620 2
5331 0
1940 1
3000 3
3810 3
2010 1
3080 3
2900 0
4220 2
6320 0
370 1
240 1
4550 2
300 1
8200 2
3770 0
2610 0
4640 3
3440 3
390 1
380 1
9180 0
3130 0
630 1
8730 2
3600 2
3280 2
7330 3
10330 0
9060 3
7680 2
4329 3
451 1
10531 3
5319 2
640 1
3150 0
5240 3
5420 2
5090 3
6300 2
5340 2
4340 3
6530 0
3700 0
6040 3
4580 3
3410 2
300 1
290 1
280 1
290 1
250 1
3210 3
3540 2
4210 3
3550 0
3350 3
440 1
5990 3
3490 2
6460 2
4840 3
4309 0
4331 3
6289 0
4611 2
3349 0
5450 3
4400 2
4260 2
560 1
8280 3
2880 0
350 1
4730 3
3580 2
400 1
310 1
4840 2
2430 0
350 1
1900 0
8600 2
3210 3
3070 3
4240 0
880 1
5600 0
6900 0
11520 0
410 1
3300 0
3990 0
340 1
8229 0
3591 2
4609 0
291 1
3431 0
380 1
9830 3
8380 3
8620 3
360 1
7620 2
7250 3
4570 2
360 1
350 1
5370 2
5730 2
3840 3
4600 3
280 1
3470 2
7600 3
4740 3
7510 3
8280 0
4270 3
10819 3
3191 2
509 1
620 1
3760 3
5500 0
3020 0
5109 2
5969 2
3460 3
3770 3
6040 3
3960 3
270 1
310 1
3120 0
3080 3
290 1
4200 2
12520 2
3330 0
3550 2
3590 3
2500 0
310 1
3460 3
8180 2
8270 3
9390 0
5460 3
3280 2
310 1
7439 0
4220 2
5471 1
5680 0
349 1
4491 2
3860 3
320 1
320 1
2579 0
610 1
3440 1
3850 3
220 1
5610 3
4140 3
260 1
260 1
300 1
3010 3
260 1
2970 0
390 1
8060 3
520 1
3890 0
6070 3
20810 0
6460 3
7810 0
390 1
5170 3
3420 1
4200 2
6760 2
3660 2
289 1
3131 0
309 1
3751 0
4540 3
3260 0
15999 2
4150 0
3820 2
450 1
4270 3
820 1
7370 0
7280 3
3220 0
3050 2
10570 3
3790 2
300 1
470 1
520 1
810 1
290 1
310 1
260 1
3850 3
430 1
7420 2
3450 3
2950 3
5050 0
6260 3
4680 0
4030 2
5040 2
5849 0
3660 2
6449 3
2200 0
3500 2
7140 3
3709 2
8430 0
4100 3
3620 0
5390 0
5970 3
3420 0
3590 0
320 1
320 1
5950 0
3100 0
2720 0
2170 0
4740 3
3410 3
480 1
6420 0
350 1
300 1
2360 0
5870 2
290 1
240 1
2260 0
4420 3
5060 2
4280 3
4070 2
2380 0
5029 0
4700 3
4700 2
289 1
3640 2
9291 3
300 1
2529 0
4709 2
3440 0
2130 0
3930 2
3500 3
22880 0
5380 3
3130 2
330 1
570 1
360 1
4420 2
5910 2
4230 2
3310 3
28680 3
4560 0
4740 0
3089 3
4760 2
340 1
3891 3
389 1
3691 0
4840 0
4180 2
6760 0
5820 2
7450 0
3600 2
580 1
7510 2
3650 3
3880 2
3420 0
3070 0
5180 3
3480 2
4940 2
3950 2
410 1
7800 3
5280 3
4240 2
2350 0
3620 2
4050 2
4330 3
4810 2
4830 3
7011 3
4149 2
5920 2
3480 0
3520 2
300 1
3060 0
2540 0
250 1
270 1
2530 0
4010 2
4130 3
8290 3
300 1
2110 0
5550 3
760 1
2990 1
3800 2
6420 2
4390 3
4220 3
7440 3
3750 2
4240 3
3040 2
3450 3
4950 3
320 1
4520 2
310 1
370 1
4750 3
5780 2
2260 0
291 1
4109 3
6100 3
3871 2
21389 0
4440 3
4140 3
6350 2
3670 3
7570 2
3690 0
3340 3
580 1
5580 0
3820 2
370 1
340 1
400 1
7060 0
14029 3
4420 3
3180 2
400 1
4770 2
3750 0
6080 2
5450 0
3610 3
2210 1
3740 3
360 1
390 1
2720 0
260 1
2300 0
3600 3
340 1
3360 2
2380 0
5440 2
4760 3
2190 0
330 1
2050 0
3400 0
290 1
3730 2
3890 3
4060 3
2190 0
3980 2
2289 0
249 1
3980 3
2980 0
4311 3
349 1
291 1
6100 3
309 1
300 1
2600 0
3770 2
3780 2
320 1
3580 2
3740 3
290 1
310 1
3180 0
4780 2
4230 3
310 1
2200 0
4230 3
3000 0
2720 0
2070 0
3300 2
4600 2
3830 2
3590 3
4170 3
260 1
5630 3
4570 3
270 1
4010 2
5090 3
3410 2
3490 3
320 1
3880 0
300 1
240 1
3560 2
2140 0
2410 0
2929 2
331 1
5360 2
3709 2
5769 3
1980 0
4071 0
3720 3
3959 2
290 1
2480 0
2160 0
6150 0
6310 2
3490 3
6100 3
3550 2
420 1
380 1
9689 2
6920 3
6140 0
3630 0
9350 3
390 1
3160 2
12540 2
380 1
10580 3
6070 0
3960 2
720 1
4290 2
330 1
3910 3
270 1
2180 0
3270 2
360 1
5150 2
3860 3
3220 3
4910 3
5810 3
4280 3
3110 0
2660 0
3490 0
4690 3
3629 2
280 1
220 1
440 1
280 1
3749 3
7491 3
8100 0
2029 0
2040 0
1940 0
3640 2
320 1
3370 2
4230 2
2400 0
3050 2
3250 3
320 1
1980 0
2290 0
3570 0
2540 0
330 1
270 1
3190 0
4440 3
3600 3
1810 0
270 1
3580 3
22360 0
2400 0
1950 0
5780 2
4130 3
300 1
280 1
310 1
2990 0
2660 0
4070 3
300 1
270 1
300 1
4429 0
5749 2
6080 0
2409 0
7900 2
2731 0
4019 2
3030 0
3570 0
320 1
7200 2
330 1
3370 2
3870 2
320 1
6130 2
3460 0
3460 2
4369 2
420 1
5911 0
4089 2
6300 2
5730 2
2750 0
4870 2
370 1
2730 0
2130 0
4000 2
2260 0
3250 2
4820 2
320 1
3360 0
3260 2
3540 3
3600 2
4640 2
300 1
4560 0
330 1
2810 0
3270 3
2420 0
3240 3
310 1
3710 0
310 1
3970 3
290 1
3400 2
5060 3
4920 3
3750 3
270 1
280 1
3110 2
3409 0
3860 0
260 1
2911 0
4189 3
4731 3
2709 0
3240 3
3351 3
340 1
3389 2
2970 2
320 1
290 1
240 1
3120 2
3620 2
3810 3
3240 3
4190 2
2670 0
4340 3
390 1
360 1
4320 3
4330 2
4410 0
3460 2
5720 3
4120 2
4640 0
3070 3
3100 3
290 1
2610 0
340 1
4730 2
3680 3
15760 3
290 1
3240 0
270 1
4110 3
2560 0
2220 0
2640 0
2760 0
2960 0
4011 3
3160 3
280 1
260 1
3371 2
