19838745 0
3050 6
2700 6
20002072 14
19983303 3
40006016 8
80002951 12
79993681 9
3690 0
380 2
59995528 12
149996596 11
20017783 10
109988730 3
20001563 13
39018005 9
10940 13
4660 1
118961736 0
92021689 3
1750 2
29978939 6
19994073 5
2002261 9
58025767 10
6360 1
59976288 9
19999632 4
40001166 1
17992691 12
12006818 3
19994113 7
130019113 5
19977783 3
4560 13
99996014 5
20003962 13
80003092 7
19997642 14
7720 15
20002203 6
59985679 4
19999242 11
79993902 14
20031212 5
1260 2
6430 10
20965614 13
7005784 8
10103695 11
1897863 15
117992295 13
31997791 15
2990 12
2610 12
20001962 1
69995465 15
410 2
20001833 1
20019443 6
3369 10
19994043 4
19976543 3
150023376 6
3840 6
2410 3
19988973 14
48989431 9
2680 6
4010 8
10994637 0
70011035 7
3070 7
2240 1
39981215 11
4160 14
60008538 12
77986280 1
102997426 13
7000484 1
21230 11
1986101 10
50994113 11
9024035 13
209975685 6
77999050 13
12008047 15
20012313 8
20000443 11
79997701 10
89989348 3
680 2
3029 4
40015016 0
19989713 14
19709716 15
59973098 0
20026762 8
380 2
19987742 1
89989457 12
90012567 13
19985312 15
20024523 14
3230 1
3310 10
540 2
19971063 15
140003119 14
2980 12
3140 4
3150 5
19991573 3
3170 12
8987066 14
6310 12
1003261 8
20014383 3
19997403 9
70975655 7
19007662 9
5380 8
58987197 14
330 2
220 2
1021721 4
3930 14
978901 12
19010542 3
39987835 1
7995176 13
142011111 12
39989726 10
20006442 6
149998946 15
51001773 11
49025851 15
3430 7
2910 8
19960043 1
50038102 0
109985140 7
5360 7
8974066 12
11012167 15
20007293 11
38981925 15
4580 5
3180 8
1006910 10
40008096 12
77977060 13
11998268 6
16230 9
109984241 10
80031551 3
2709 3
2980 5
4629 11
3170 15
2350 0
1690 0
39946947 7
70013584 5
18989692 9
51032243 3
119974686 15
6380 6
24440 10
2960392 12
4910 9
37010474 7
5310 11
4760 9
680 2
3950 10
5020 8
3700 11
37960995 15
3399 6
3910 13
3460 14
12002418 4
79994111 10
10015066 6
20003703 15
39998456 5
2919 1
3320 10
19999523 8
3080 7
39685719 6
600 2
4400 3
59996698 5
3770 10
19999643 9
79990591 15
480 2
19986043 5
60033268 13
99957014 15
120026147 12
330 2
78975811 14
1038400 13
400 2
39970766 9
100017203 9
39981536 11
20011743 8
19981863 14
20026332 14
19980413 0
80017041 13
2790 3
2180 1
39981716 9
59994378 0
410 2
19994143 5
60017338 14
27985548 5
112009802 4
39985955 15
8460 0
79994682 7
14509 6
19979163 8
2560 1
440 2
40009016 10
3030 12
59996488 10
3160 12
19995283 3
39989365 1
19004062 4
390 2
1004580 13
30000159 14
3280 14
3480 13
250 2
3220 7
29987839 0
19996613 0
20010833 4
29998749 5
370 2
39999796 11
9250 7
3650 1
2740 8
129989193 0
59987898 13
16300 11
3150 5
9993057 12
329 2
19999263 15
58983728 11
11021117 15
19992193 5
420 2
3500 9
290 2
39991555 12
3370 6
400 2
3130 5
8986676 13
3370 5
21003343 3
271 2
110001920 0
3310 13
119993196 5
90017378 15
3010 0
9987216 9
3600 7
2610 7
19979753 11
20019993 11
28695262 11
11003857 15
20009073 10
17983722 11
2009281 8
3200 6
19985513 15
20018392 7
2631 0
19978813 1
200007857 6
20001823 0
8300 4
4460 1
59981548 9
390 2
2810 4
98990924 5
8020 7
109992670 9
3530 4
61010709 8
3470 12
100015363 13
7973806 15
12008557 10
38986995 15
1013191 5
29995339 9
3920 7
3010 8
19994443 11
2690 3
2810 6
2940 8
7987995 5
2630 3
3640 10
3400 6
2920 0
3120 11
11986827 7
19986962 11
1004151 7
99006063 1
27992328 1
4410 0
62031809 7
19974914 6
49999391 6
79986232 15
20049 9
3150 5
4340 4
3080 13
19984223 0
2950 11
2630 11
3560 4
2970 9
37979184 7
12020108 6
8979176 11
2850 8
10987937 14
20017943 13
3180 12
57980477 3
3270 12
62020969 9
420 2
39989406 12
98992043 11
41011966 1
988391 15
2390 3
2610 15
19000942 9
12200 7
19989893 5
20014842 6
37973224 14
42013527 1
28989888 0
50001862 11
11003927 13
500 2
19987023 4
90016177 11
29997050 5
360 2
40002865 11
3430 10
3090 6
70000145 15
570 2
99711827 3
20007032 6
50002163 1
349 2
149999806 7
39997046 4
39995765 11
17991812 1
4460 13
22005204 3
20015173 5
19984613 3
20005322 3
19997523 14
40004495 8
99996995 14
19998393 11
40003296 10
3620 9
138984409 7
689 2
3531 10
3051 3
4429 6
170999520 13
39994845 8
20013493 4
4450 6
17976451 14
72010397 13
29995330 8
20009602 9
4110 12
59986359 6
20013442 10
18980083 14
3160 11
61018148 8
5189 15
27972798 5
72006306 3
59995519 11
40003095 9
57995827 15
3220 3
3040 7
2009132 8
39993025 9
9060 14
3940 8
58976988 7
1007601 9
3369 9
551 2
59996828 1
19997032 5
80002252 10
310 2
3470 8
3840 12
79985512 0
4880 7
4750 3
20003972 11
60002939 13
9983866 1
29998319 4
20003853 6
10004587 15
30004539 12
118987316 1
51014542 1
40002606 4
19993903 0
229993747 7
3420 4
8730 9
199987668 12
18995642 3
50005432 15
10998737 6
220019081 9
13679 9
109968981 4
59994718 11
8002405 9
3220 9
71998436 12
20012013 4
3890 14
3360 15
2820 15
39983456 13
129997054 7
98697276 12
3670 15
994650 5
20011262 11
550 2
3020 7
19994553 0
6070 9
340 2
4740 9
19986073 7
3110 7
39993595 14
70008585 6
19991503 10
100003454 11
20000003 3
19994732 13
350 2
49996762 14
19999043 11
9940 10
19989433 15
29998449 0
20007262 13
19997813 14
12150 4
2830 14
19988673 3
39990426 9
30011389 3
290 2
19998992 12
6191 7
48988492 11
3840 10
70998185 6
320 2
120012707 9
19988433 3
2240 3
40003985 12
9994896 1
7993766 7
121998128 9
41996676 7
158012421 14
3250 7
19998883 12
3200 7
1986181 1
37997374 13
150002896 14
10006417 12
148992745 14
3350 5
61011009 11
19992204 1
389 2
5810 4
19996093 3
19992473 8
97994662 0
2013741 3
60000978 10
79989791 11
8999666 1
1010340 7
5249 14
30003239 6
3080 5
19975013 12
60007709 0
40997426 8
2810 15
2920 15
2980 5
2700 11
16984701 7
122008638 9
60008308 12
20001363 3
39986286 10
20004993 6
20004003 15
19995152 6
39997686 11
20013303 12
3400 11
19989333 15
19992103 8
3969 7
2860 13
19990833 9
18998852 4
4150 9
721883 10
4760 14
8997816 6
31009299 12
40001026 3
2870 7
59997578 8
4120 4
69996665 0
2860 6
3080 10
2320 0
3580 4
2890 6
3020 7
29970369 3
19996603 0
99999064 3
12540 10
3120 7
590 2
984310 3
2360 0
2920 4
18999273 8
19999773 13
3310 6
40011446 5
410 2
59989978 4
17993132 1
2007361 4
8992106 12
3170 4
11003867 8
19998842 1
39993826 0
5680 4
60002538 14
19998323 3
2780 12
129995023 7
87998096 15
12002728 3
430 2
14990869 3
2960 4
3360 4
24999835 0
2280 0
2950 6
9988567 3
2390 3
48999881 0
2930 14
10994477 5
40004286 3
8290 10
39986335 13
3810 6
40007006 7
410 2
3520 4
3419 15
19991383 9
19990733 6
2490 0
20006493 10
29989779 5
30008939 14
50015382 8
2980 8
79982161 10
10000107 6
4449 1
18989873 4
2990 14
1016600 13
3140 8
3070 8
3450 4
99969284 14
19998083 10
3560 8
120000817 14
40000655 10
110020480 7
19998443 9
3080 7
2710 3
69982435 5
19998772 11
3249 10
19984673 9
47725013 4
2008201 10
3160 7
30999710 5
9019075 7
4231 10
3340 15
3120 7
177961804 3
3050 8
2900 10
2997702 9
2910 5
59005608 14
6400 5
400 2
49986802 0
10009246 4
39995676 9
8450 9
19980233 5
38001585 6
3150 14
52005083 11
2940 3
3690 15
99991534 14
19989573 4
70009254 4
130005533 11
8991656 14
70997795 1
60004699 10
40021935 8
18972112 10
3370 14
71006235 4
3240 14
370 2
19995273 15
5650 11
2280 3
2830 10
27983878 15
3150 8
3060 14
3080 9
3360 11
320 2
3150 10
984241 4
2860 9
2860 14
3180 11
2490 3
330 2
3870 10
280 2
60983729 1
39997225 0
320 2
7440 9
40015915 4
59985809 0
4360 3
5390 0
19978263 1
8105074 14
3470 3
101893926 9
5720 5
40005325 3
19985733 1
100007424 15
9940 8
79986511 7
20024023 1
1860 2
19998592 3
119970896 4
20017533 11
15650 14
18072091 7
41894057 12
60013199 0
127985851 5
42001947 7
19999303 3
20008413 12
19991482 12
40011636 4
118993056 10
31012170 7
3940 7
3389 7
19701735 3
69973495 12
16900 11
19994893 7
4230 6
3210 5
19983022 8
20021883 11
40977667 7
108999809 1
79005411 6
994821 6
40000806 8
41003426 3
4540 8
3530 7
18096310 4
120903048 0
3280 3
39995636 8
19992113 13
12549 3
28989069 6
71002866 11
169996648 10
11994958 12
550 2
67000102 4
4000 6
3649 11
3650 4
4800 0
2790 1
2860 6
3390 6
4460 6
6020 3
3900 10
968461 7
3670 7
19991113 1
120003537 15
3629 8
3150 8
141984211 0
38016124 6
29995999 14
60006588 10
19988733 15
20003722 11
70005725 5
70001214 0
3469 13
3811 8
59978518 3
79995771 3
58001087 1
3420 10
12007648 7
20004043 6
470 2
19995493 12
100001154 9
450 2
19994113 11
271 2
349 2
995981 5
3470 10
108996050 13
3130 15
19993923 0
9960 9
38992675 14
3129 5
1000171 9
20005353 10
59989958 3
20007683 1
490 2
19991163 3
20008882 12
40005056 10
19993553 4
30006599 8
3160 4
19988603 10
20003212 8
2730 0
129986383 1
40024246 3
391 2
60001198 11
3720 3
19969713 1
129743516 13
360 2
3220 15
69991664 10
40002836 0
99996734 8
3810 11
44992648 1
65002922 15
30001649 9
19993273 7
8300 14
1270 2
19996032 0
60005529 14
60987509 4
9005386 7
9271 15
6139 7
19980133 11
3460 10
16260 9
40002845 14
19974354 11
4190 14
28001729 0
3320 12
32004720 13
38991965 14
3640 8
3250 12
10995897 13
360 2
3180 15
59996178 14
270 2
3590 7
3210 0
120005406 6
37980025 9
12002268 0
40007846 13
19998953 15
69989585 4
99009873 6
3069 6
50990462 5
20000893 12
29470 4
19976424 6
4640 0
19988253 9
60005798 14
38993515 14
51007872 15
19993393 14
59002247 10
61007189 9
3390 5
19997303 1
7998675 3
3240 6
11987588 11
49996662 12
450 2
21003153 7
2500 3
9004736 10
9390 7
8983596 3
90998789 11
5150 6
430 2
992300 9
2740 1
6996875 11
280 2
3070 11
999190 8
10998077 5
9249 6
3359 6
420 2
19987043 5
60006829 6
2709 3
19989473 14
7380 9
2990 9
19994673 14
59996688 10
20008063 11
37987644 1
3140 11
62004630 7
