500246 5
349747 6
637905 1
166519 4
40190 9
140109 4
17008260 7
72709 6
137199 4
62859 10
89329 3
74420 11
86999 1
106899 3
196129 3
68939 8
61570 7
27988296 11
91649 8
53090 8
9871155 7
115569 3
124469 6
174538 0
208158 0
125379 2
29315136 11
50960 8
76489 4
113209 1
47500 8
69970 2
76950 1
29878262 7
132749 3
108880 1
151679 6
399907 7
120909 5
8629554 11
85099 5
39240 9
153650 0
140158 4
206129 0
122179 1
109959 1
98649 2
144519 4
313888 4
118749 0
27060934 7
31513270 11
73279 3
88820 4
89589 6
82329 3
122208 8
67469 8
77010 8
54460 10
60250 7
97619 8
254038 2
64689 10
60800 8
74520 8
85900 9
137009 5
104769 2
200649 1
30199 9
117499 1
126949 1
33680 9
110959 4
173209 5
158219 7
134449 4
108679 8
134619 2
169818 1
112739 1
138119 0
90749 8
74299 9
120939 0
131039 3
106160 2
119569 2
91099 2
90529 10
91250 10
94929 8
198038 4
101820 8
78470 7
138189 2
123979 3
154449 4
260878 6
82040 10
130579 6
74659 4
163569 2
86290 3
91329 5
97319 5
74300 10
104570 10
177108 8
68640 8
231508 2
150869 6
26230 9
320007 4
100460 3
104540 2
63649 8
86359 4
118009 4
106399 0
89729 4
134919 4
111619 6
21350 9
80449 1
88280 1
69479 6
83120 11
72099 7
86770 3
247818 2
69910 8
104219 4
84339 8
72069 10
164179 5
106649 2
69870 8
173409 5
86549 3
107490 4
121799 6
101489 0
58839 8
102899 7
84169 11
33680 9
81379 1
119499 5
95470 11
69870 0
92819 0
74430 0
27969 9
89069 4
71149 0
60480 7
60589 11
64490 3
48429 7
70579 2
58349 11
46649 7
3216896 6
132839 0
78199 8
49390 9
229228 7
82239 4
200659 11
129629 4
175828 2
136819 1
35780 9
115539 3
409797 0
112879 11
256948 11
115810 0
188349 7
91119 9
196509 2
141899 7
78459 9
139149 6
184989 8
220078 10
121879 11
102519 8
128789 11
412247 5
341067 5
102339 10
94959 10
69179 7
75809 10
182078 7
86800 7
26610 9
118329 1
106619 5
89870 10
154978 7
122659 8
133498 0
84820 8
172049 11
85980 2
108979 2
108889 7
132329 6
82080 11
109700 0
39539 8
100390 2
182148 5
93059 10
245948 5
59989 8
87349 6
70560 8
88019 11
124439 4
87920 2
103399 5
88699 2
194699 8
90489 8
90169 6
107370 5
80049 10
94439 0
95859 4
28300 9
87430 1
90430 5
118509 4
101539 3
80139 10
92070 6
155889 10
103539 4
102279 1
97559 10
129759 0
137949 8
100180 1
86379 0
152799 0
112309 2
149859 2
267348 11
88829 5
237558 0
358378 5
93610 1
243728 6
77020 11
74040 10
80299 10
111730 7
85360 7
96869 3
55290 8
61049 10
81249 0
43779 9
75110 8
107239 3
127529 1
104679 3
136759 8
52550 9
99569 2
101159 4
27200 9
99149 4
170049 1
173708 10
71689 8
72709 7
113699 5
104519 3
95149 8
99249 0
89119 5
129308 11
101169 3
105149 7
94559 1
23460 9
134139 11
68370 11
70250 10
125699 7
150259 6
103719 5
144089 11
101919 9
118029 8
96649 0
61370 9
76349 0
176689 8
166039 11
258568 10
65489 9
95440 8
41149 9
115519 4
150989 5
103589 5
99680 2
146930 5
29910 9
24170 9
139869 11
274668 0
319487 11
135128 6
107499 5
104609 11
78809 7
71670 8
50219 9
123329 4
212409 8
111959 5
99049 4
187059 10
86649 2
59820 8
109469 6
84609 7
96649 2
76590 10
22689 9
24180 9
122399 7
197789 1
106519 11
136669 5
106599 5
112740 11
195349 7
239538 1
38200 9
331847 2
101609 2
86560 5
152899 7
104349 4
83389 8
131179 1
101459 1
88540 1
96480 6
86549 6
139009 5
131509 3
85359 1
107790 10
90380 0
173088 7
131139 7
95919 6
89979 3
100969 10
69440 11
80889 2
28770 9
50650 8
77059 2
196839 5
167179 5
212449 6
33819 9
252819 7
331117 0
202948 2
188249 7
99679 10
145649 3
194039 1
143179 2
162669 2
89289 8
115199 9
125589 2
88389 5
75010 5
78179 10
78509 0
46210 8
64429 6
72729 1
47430 9
61480 3
158719 3
191368 2
93079 1
98049 6
206048 0
129079 2
137259 1
138359 2
148679 8
130199 6
142889 1
255148 5
338738 2
175148 4
137239 1
106499 4
74540 9
286328 4
261098 1
247038 6
72039 8
237228 0
205309 0
190468 11
148889 2
136739 4
116979 5
171559 7
120399 7
159609 3
108729 7
146619 5
106389 8
106049 2
80530 9
157548 7
98960 6
97889 2
125049 2
84619 3
110410 2
212049 5
149139 11
87059 3
95590 11
234699 7
75689 2
98369 3
125959 1
218499 2
330918 7
220408 8
164729 1
123559 1
124709 3
105199 6
87449 3
137059 1
61020 10
79789 8
63170 8
97339 6
53910 9
107469 3
65959 7
88349 1
71579 11
92979 4
47520 9
111269 5
71730 11
98359 8
96959 1
136819 11
77150 10
52970 9
313448 4
66589 11
109999 3
97479 10
52889 9
84920 11
164569 0
76300 11
53569 9
82320 3
91849 10
101979 5
90279 0
86640 2
81239 7
107840 8
98120 6
110979 5
76149 8
73630 10
81199 8
91709 5
83190 4
86929 8
