328657 9
60989 13
138989 2
47720 12
1909883 13
118729 3
52709 11
66169 12
73199 9
70170 15
60759 9
1811904 6
1635265 10
74380 1
45519 7
44330 6
36500 7
57710 5
61989 9
72940 0
195438 11
70619 4
56930 3
51820 10
50300 9
51729 11
60600 2
96429 8
93039 8
61570 4
53510 4
90419 8
44820 11
1156579 15
53220 12
296247 11
57900 4
1741784 11
71209 4
41520 7
153448 6
78230 13
9439495 15
60239 4
51889 5
50940 10
53300 4
77560 2
57159 11
48770 6
1622715 0
55070 4
250827 2
1379137 14
58279 0
84080 1
78509 9
101269 4
53819 2
69700 13
45620 2
46499 1
1276128 9
51530 3
299157 6
95279 8
45900 7
29500 7
57959 13
30000 7
51830 3
62650 12
50629 5
10920941 15
67689 3
53740 9
65409 0
1373108 4
97589 11
123429 9
52169 14
58500 1
64009 4
1329098 6
59900 13
35850 7
340277 3
51530 5
61069 11
58590 5
1594615 1
51579 0
52679 9
63179 13
1103310 10
51830 13
50719 12
49779 13
49010 13
48840 0
45599 13
47590 3
47699 13
53250 9
37400 7
46240 3
46330 3
44839 12
77390 8
43099 1
44920 0
47519 13
51050 10
58229 2
44470 2
5254513 14
100300 0
55279 12
63870 1
72479 13
69899 14
61050 1
60019 2
61280 9
54439 5
56920 2
145608 13
57220 4
47819 12
87980 8
43479 12
49930 4
43889 0
35200 7
47640 2
829492 3
326567 9
65409 13
61879 13
50409 11
47940 4
63360 13
45730 11
77969 8
42140 12
44200 11
51369 2
60800 15
55309 11
44650 5
55239 1
57070 10
1341458 12
53630 10
58300 12
85190 8
63189 10
47060 10
47809 4
56110 1
63719 14
49630 9
44639 12
215799 6
47530 12
63960 2
43720 1
2439098 3
54930 2
12353818 14
84399 7
52210 2
11645244 15
9545903 14
64430 1
64229 1
37130 7
57639 13
61190 9
1342618 6
59119 13
62440 0
53579 6
48830 1
55619 12
67750 2
43530 6
35740 7
9188497 15
66179 1
176419 13
59259 4
64190 2
50240 2
47590 1
54799 9
35090 7
55379 10
45289 12
7268004 14
48190 0
43339 1
50539 15
58279 12
53509 0
56909 13
1806203 11
56950 0
1711344 1
96379 8
55270 13
58749 11
52320 9
45159 9
57309 4
49750 13
51829 11
54449 10
57280 2
60579 15
36060 7
53990 14
475465 0
52620 0
86999 8
49590 1
60299 5
47760 0
42059 12
230998 9
2924114 12
979441 10
55080 11
51220 1
58449 13
53400 3
58620 5
61310 3
45649 12
58860 12
44569 11
1492566 4
40800 7
51599 4
45380 0
8721741 14
57829 5
47909 12
55970 12
48599 5
74659 3
58699 14
72029 13
284898 2
49779 10
81149 10
57299 1
88099 8
75409 15
62579 4
51139 3
2377869 6
1645245 14
54370 1
65509 13
56130 14
81069 4
60519 13
50760 10
91209 8
53260 12
50089 13
52650 9
45119 6
621595 11
366416 5
61940 2
92509 8
1324058 9
182578 15
56220 7
69599 1
63669 12
51899 15
47850 15
1604595 3
86579 8
51820 9
796333 0
65519 2
55390 11
50419 2
79720 4
67200 15
1284528 6
49920 0
49119 9
92370 8
47759 12
354067 5
48370 12
46189 0
946732 1
69050 14
87219 0
78469 8
53649 2
47980 3
46290 3
58030 13
77230 6
81109 9
49790 1
52089 9
64250 10
63839 15
1364918 15
56109 11
51400 13
54599 5
51120 14
46679 0
62170 4
1158649 10
48740 15
50780 12
1556136 0
1599386 2
91859 8
47190 10
44449 12
58230 4
51449 10
887432 9
1127270 6
61109 14
43979 7
41140 6
64449 14
51670 11
58929 13
45390 2
53369 0
2376259 15
65589 14
83580 11
64299 0
59839 9
58730 1
57999 15
27890 7
1553256 10
63389 13
69739 5
42750 7
105550 11
1441967 0
64059 15
61509 0
56170 6
47149 5
40970 9
62149 3
8365045 14
40710 7
66790 2
61129 9
55670 9
121779 0
69219 9
63900 12
52369 5
53469 12
42950 5
67549 6
80289 11
88919 8
60910 12
47620 6
63849 9
59150 0
1540566 12
47860 11
42379 6
17226715 15
75999 1
64100 3
223698 11
43879 11
75559 0
70790 13
9524734 14
73639 2
74979 12
1738715 12
45429 11
85820 8
50320 0
47189 12
55280 2
47700 12
52819 0
466696 3
59889 7
67499 15
62489 9
85909 8
1060951 6
64139 15
56790 0
370246 15
50219 7
87629 8
47440 9
56669 1
1596266 9
58349 11
66990 5
80419 8
79679 8
44860 11
61909 0
70089 2
44979 5
728844 14
60149 11
72999 2
95619 6
57229 5
70030 14
63589 2
1627195 11
40240 7
65829 10
10274487 14
91270 4
52319 11
74939 4
93010 8
66769 6
1467037 6
81409 2
80359 8
68250 3
60829 4
46920 9
43909 9
65100 11
53189 2
67460 1
43079 2
46260 2
248267 13
62479 13
981461 9
83699 8
619725 7
37159 7
55780 10
54040 12
50330 5
48839 13
50980 13
55380 4
55389 4
59070 1
46899 9
58830 1
1820223 10
65280 0
112749 10
61199 15
62140 5
57179 3
100779 8
63280 2
30600 7
25120 7
63220 3
76970 8
72029 1
64289 11
72090 14
30709 7
45830 11
92639 10
48720 15
1575226 0
47579 5
53480 1
1387017 7
9511064 15
199589 2
66369 15
166058 11
60730 11
76079 13
1379288 9
45259 11
55520 12
55909 5
52380 12
118439 12
322547 2
61579 15
70110 6
76299 8
1020541 12
43499 6
54280 4
73319 8
51880 3
42819 6
44140 12
50270 13
32219 7
70950 8
79930 13
46660 0
39570 12
53820 1
31780 7
40360 2
42260 5
50719 5
44650 4
40499 2
49650 10
4879996 14
745183 13
95729 8
68919 5
45879 9
77649 0
1067871 7
54929 14
62280 15
56929 3
48070 13
1987262 4
76309 11
82600 8
557164 12
53360 15
67249 6
65550 6
46119 9
82669 10
52149 12
64099 3
250928 4
56630 12
69709 2
49650 13
55209 10
62960 5
1014990 15
49970 13
79309 8
57250 2
59639 6
47220 2
61519 15
67610 3
30369 7
58580 1
48989 11
43470 6
43500 11
49769 3
45690 1
43499 12
48342934 14
261848 9
71890 13
96939 4
56469 12
78060 0
1906152 11
71270 9
50589 9
63970 1
45239 1
36180 7
45079 9
86910 2
62249 11
1700155 3
35529 7
23639 8
29280 7
27850 7
57369 5
54870 10
45509 3
53260 13
45100 2
27808378 14
44500 7
350907 11
101169 6
49229 1
85410 8
50739 5
66569 10
72800 15
155169 0
74020 5
59709 9
57590 0
53189 6
63400 11
86709 8
68299 15
58510 2
44330 0
41439 0
59170 13
55359 4
48450 3
50439 13
586275 1
59259 1
49350 1
57859 13
44670 10
43169 10
45869 10
52660 14
53159 4
6471362 7
210198 3
57159 10
1156540 15
49320 15
502716 4
67119 10
44470 4
54629 5
71040 6
49829 1
1235039 12
45810 1
36489 7
226937 11
7491133 14
79839 11
62510 11
50359 11
81879 8
313947 13
52250 14
54779 6
53169 10
1291538 5
43920 11
58619 0
43040 12
701684 1
54559 3
42320 7
91089 7
61649 14
53640 7
77449 2
84020 10
57080 6
64269 9
56980 13
45360 6
43179 6
49790 13
45969 5
46580 2
45189 6
46600 11
48350 9
891061 12
54010 15
778463 9
61569 5
49280 3
413746 11
73970 3
83710 8
46139 12
54700 11
58979 9
82250 8
1375168 9
85199 7
262668 0
63330 13
1255589 3
59739 9
50799 13
47930 3
51889 12
684634 4
65639 1
10506725 15
85099 8
84789 8
63809 13
79160 8
536285 14
55099 14
52640 12
597824 15
1899552 0
307728 3
71160 10
1318818 4
57910 6
465506 5
43420 10
50800 15
58060 7
65719 13
68690 14
62019 2
43710 3
39759 7
61870 10
1684875 13
66049 11
59850 13
104148 8
1448918 6
91890 0
65980 5
57179 6
47659 7
57979 13
75839 8
61499 9
83769 8
86920 8
64019 2
88339 8
52130 12
49350 7
57389 11
36050 7
60729 14
41220 11
43119 12
39820 12
56179 15
31170 7
48410 2
78589 8
725153 6
32830 7
68740 7
48450 15
48409 0
49269 13
43750 12
50079 13
59390 0
57359 12
73059 1
52089 12
34780 7
49579 15
44670 6
61519 0
1053651 2
88149 1
89309 8
55880 3
55249 6
45240 6
78359 6
48740 0
50449 9
61430 6
41199 0
907862 4
66540 10
54160 10
55340 14
48290 15
59860 1
42629 15
40680 0
53770 10
55140 5
48259 10
1930153 15
58400 3
64079 11
68599 14
65710 13
188638 12
48689 13
86230 8
50189 9
59250 4
44429 1
43230 4
731453 10
59260 13
81829 1
42650 0
52899 14
57620 15
47299 1
97329 8
47840 11
45950 12
60229 1
106639 3
52759 9
51110 3
91089 8
56840 0
62719 1
52860 4
58079 5
73220 15
47079 10
1087240 11
179189 15
53340 11
57640 3
45610 12
49580 15
147088 7
52520 13
85899 13
16170764 14
60820 14
101020 11
61439 14
95239 8
66430 4
88329 10
81869 8
60480 3
65210 5
58699 12
61959 2
2458578 10
97049 11
101289 0
82559 14
79409 9
53599 4
54080 3
1189299 1
173038 14
77289 3
53660 14
63530 4
1580916 7
71339 6
83479 13
48359 10
53260 6
1045140 0
49679 10
58949 7
55400 2
335617 15
67839 3
63100 11
51129 6
58820 15
45679 11
27290 7
54470 3
317287 14
196088 4
919561 12
47639 13
3001373 2
147049 0
67919 2
67599 12
67530 14
59120 14
1927112 6
63140 13
55830 3
60499 14
50490 12
52330 12
33429 7
42620 7
65969 15
57720 14
45229 13
51450 14
49229 13
66820 0
49469 14
1058251 5
57809 0
49980 12
60669 3
253758 15
98709 8
81039 9
66720 4
63829 3
47730 6
55369 3
57869 4
51159 0
64659 14
81549 8
46019 4
47870 15
46190 0
32790 7
56210 1
42789 6
47860 1
42439 5
46700 15
41840 0
74099 1
56139 15
11274529 14
133339 12
60529 3
46820 12
47799 3
59720 2
56319 11
219348 2
96759 8
393367 8
1336768 12
111319 10
98409 13
66919 9
61979 4
68840 14
57870 10
51699 15
67939 9
53510 9
49069 0
44510 5
56980 14
1098130 5
78179 8
41219 10
43350 9
44180 3
41419 0
41290 0
49280 10
42809 2
51340 13
51289 5
42000 5
41130 2
661574 10
42309 5
63349 13
49020 3
53499 1
46969 1
72240 8
42819 10
46470 15
39359 0
117629 14
474166 2
72569 15
60730 0
74769 8
48020 9
42859 9
61040 14
54329 6
1366058 13
73689 8
44210 10
43560 9
54489 12
89679 8
58050 10
43839 9
55660 1
51219 9
52670 1
44830 6
51910 12
51669 14
44599 9
82499 8
51070 11
83589 8
50410 3
84689 8
