146179 0
106709 3
88309 1
86820 7
96860 0
88669 4
88319 7
87629 6
85800 7
87719 7
85479 1
83239 6
93769 6
87109 5
86409 4
94439 4
87989 5
82669 3
84759 1
86670 0
86249 6
85379 1
82559 6
85659 5
84849 5
85039 0
91099 6
85359 4
93550 2
85940 4
118769 7
82329 2
81959 5
82970 7
83380 6
84249 7
83989 6
83099 7
92509 2
84960 3
84729 0
84779 6
91729 0
86540 6
83669 2
84789 6
90209 3
86569 7
87090 5
93320 5
85419 0
84459 2
84889 1
86960 5
86589 1
83719 0
84989 0
84549 6
87440 4
88309 7
85989 5
92779 0
84500 5
85890 2
83259 6
81839 0
82660 0
84089 2
84139 4
86739 7
86419 6
85809 2
83260 0
102229 3
83479 2
87049 1
82180 4
84600 0
85309 1
85459 2
86659 5
87359 3
82969 1
85659 5
92519 4
85050 5
82830 3
87369 6
89369 1
91119 0
85380 1
88129 6
83879 0
85969 1
83599 3
82040 0
94249 0
84239 0
84599 6
86669 1
83229 1
87569 7
85989 7
87639 0
89120 6
84129 5
88469 2
118789 7
85549 5
83059 1
87640 0
84679 4
88569 3
87649 3
87009 5
94330 3
86900 2
85459 7
89459 5
86899 0
87980 5
86770 0
85819 4
85689 5
85909 5
81799 5
85329 7
90109 2
84329 7
86320 4
91550 4
86009 4
86479 7
87599 6
85030 0
87070 7
83979 3
82239 2
86389 6
86339 6
82179 1
85079 7
92009 3
89030 2
87469 4
84369 0
84859 0
89219 0
83989 0
83040 5
87049 3
89129 1
86650 5
91039 4
85859 5
89019 1
84319 6
84580 1
87010 7
87509 0
85859 7
86389 2
85050 4
85090 2
87529 0
94039 2
89559 0
85740 0
86459 2
84529 6
83839 6
87289 6
84179 3
83259 2
84589 1
88319 4
94769 5
82110 5
84159 5
84519 5
83859 0
87820 7
86599 6
86779 5
84159 2
87899 5
83980 3
88830 7
93279 7
84889 0
86099 4
83580 6
85780 5
84349 0
84689 6
87770 4
82920 0
89999 2
86559 4
93639 0
86419 7
83050 3
84289 4
92659 7
82679 5
85449 7
88139 6
84219 0
84719 5
85960 2
86070 2
98799 6
85489 1
86819 7
84819 1
85270 1
85599 3
83799 6
86869 1
87519 1
86859 1
83349 1
109269 4
86029 1
84050 5
85149 1
81389 1
84879 4
88379 1
84669 2
83359 7
86969 2
87789 6
82420 5
95119 4
85309 0
85269 0
87249 4
85580 7
83580 3
85029 1
85619 7
84699 0
90690 3
87020 3
90729 7
84059 2
86479 6
85549 1
84149 0
84569 0
85149 4
86380 1
87769 1
85529 4
87399 5
84979 0
91040 6
83610 1
87199 7
85669 4
84389 0
84970 5
86210 0
86269 5
85889 1
82239 5
85129 5
85239 5
92479 7
86329 6
85610 4
86829 2
84539 4
88729 2
88589 2
86359 5
88459 1
86449 1
87049 7
93339 4
85999 1
85540 2
85279 6
87559 5
89789 4
88169 4
86429 1
88199 2
91589 6
86819 3
89479 0
84190 1
84259 6
83739 2
85339 4
83569 7
86929 3
83359 2
87069 1
83120 2
85689 5
87929 5
91499 5
89089 5
86750 7
84099 2
87269 0
84579 7
84550 1
83870 4
84929 0
84999 3
86589 6
83419 3
92349 5
85199 1
84599 0
84080 0
92088 0
92429 4
88009 0
85389 4
87759 4
82610 1
84319 3
95519 1
84189 1
85679 5
86449 3
85629 0
86299 2
84999 1
84829 2
84899 4
87189 3
85549 7
86060 4
115839 5
85559 1
93190 6
88689 7
85559 7
85969 3
85560 6
86170 3
86999 5
86269 7
88129 7
93730 6
82300 0
91149 1
89379 7
86579 0
88789 6
90890 1
83969 7
89159 3
84249 0
83839 3
90499 0
91099 3
85559 3
85029 2
87129 0
90420 6
90939 2
86419 3
85659 2
86310 1
87129 5
86349 2
93069 1
85299 7
82819 3
88019 3
82569 3
79709 5
75050 1
79479 6
73949 3
77359 7
82300 3
80339 1
89749 3
77219 3
79220 2
77129 5
76610 3
78850 2
80829 0
79039 0
80199 1
78230 7
77599 6
82299 0
92489 5
78680 2
75709 4
78309 5
79600 1
75879 1
79469 1
84369 1
79829 5
79309 2
78599 1
80689 1
80340 4
85189 5
80969 2
80619 2
82199 3
83839 5
77909 7
78649 0
80160 4
82509 4
76480 1
81740 7
84899 2
87029 3
77059 5
80150 2
78329 2
79219 2
80419 6
80889 5
84849 1
81039 1
78540 1
78690 3
79289 5
81459 0
88570 0
80580 0
80309 4
82959 6
78620 7
76150 6
80549 3
77990 5
77119 2
85509 1
79269 3
79660 4
88250 7
78149 0
77439 3
77510 4
79840 5
80929 3
77480 3
79039 1
78979 6
80779 4
79370 2
79460 7
122609 3
87879 1
80899 4
80299 1
76980 7
80059 0
85389 6
76949 6
79969 5
80759 6
83989 6
81020 3
92919 2
79399 7
83779 1
81220 1
81189 6
88679 5
77549 5
81950 4
83990 5
78769 7
84909 6
83809 2
90000 4
77769 0
79199 5
112849 6
76989 4
79919 0
76829 3
81559 3
80940 3
79719 1
79109 6
275398 5
77509 4
81179 7
85099 7
82719 1
81049 1
81019 2
79389 3
78850 2
77759 5
81259 3
96429 7
81040 4
83009 4
90229 4
80439 5
78140 6
77629 2
84459 2
83280 1
81449 7
80339 5
84419 7
91819 6
76030 2
82129 5
80909 0
83129 4
78710 7
80199 4
85299 2
78400 6
83929 2
78719 0
82109 3
91019 4
80879 0
75920 6
81929 0
81999 4
79110 3
81549 0
82879 1
78410 6
81819 2
76069 2
82499 3
76429 6
89589 0
79439 6
79689 4
78429 0
78250 4
89299 7
80209 1
81400 3
79609 1
86259 7
81289 2
82729 3
90979 2
79859 4
78079 0
82589 4
80630 1
85419 5
84419 7
78050 3
77369 5
82789 4
78049 7
79879 1
89910 6
87839 6
81329 4
80439 3
81120 7
81759 0
83629 0
79429 2
77699 3
78899 0
79229 3
80489 0
78569 2
124069 1
81299 3
78649 2
87210 0
78680 5
83829 6
78589 6
78160 2
79099 3
81289 7
80240 1
100928 3
79190 7
78779 5
77199 2
76760 7
77789 3
81009 1
78630 0
82080 5
78519 7
83989 7
80980 2
274927 4
84189 3
79570 4
77700 3
83679 5
80429 2
80080 0
78229 1
82369 1
81779 4
81229 6
88949 1
80119 4
81219 3
78830 1
79309 4
77379 4
79349 2
82199 1
79619 0
78779 5
78919 6
86050 2
85299 3
77599 6
80899 4
82320 5
82119 3
79529 3
77670 0
82289 0
86939 3
80399 0
79710 0
81619 3
87489 4
79319 4
77150 1
83129 3
76049 1
76709 6
77419 2
80429 0
85079 3
78270 5
82739 1
77099 6
77739 6
91610 6
76619 7
78979 0
77639 5
79910 3
78819 6
81069 3
77629 6
75690 6
83319 4
85469 4
78470 3
87549 2
79359 5
83219 0
83199 1
80330 1
81679 2
83339 3
76390 2
79499 1
84529 4
80649 6
77430 0
77899 1
89089 0
79380 1
76760 6
82839 7
78089 5
83289 3
79089 1
80399 6
76470 6
79640 4
82199 6
78979 4
89630 2
77389 6
80359 6
83809 6
82660 5
83170 1
78029 0
79259 0
77510 4
86950 6
81469 6
78509 3
105079 5
83130 0
80230 0
79269 0
80879 3
79420 3
77839 7
84579 4
81430 0
83440 4
79599 4
83909 5
88789 3
77280 6
78549 3
77729 2
82580 5
78890 7
81879 5
77089 1
77980 7
80680 7
79019 5
80289 4
77390 4
92349 7
82539 6
77289 1
80260 6
76529 7
82229 1
77320 1
79640 3
76629 5
78539 1
81130 4
79079 4
87869 4
78630 5
78429 0
82219 3
80539 2
78109 3
80349 1
84339 5
81419 7
78369 3
84179 0
83829 1
92599 4
76799 3
84599 5
81139 1
87209 2
87069 2
77290 7
84529 5
80969 0
82269 6
80850 0
80619 7
85969 0
78159 3
80549 0
81769 6
85009 6
79060 2
78509 0
77949 6
90619 3
80889 4
82809 3
82129 7
79599 0
88849 7
80860 3
82029 7
81579 7
79879 3
80260 0
75899 6
78249 2
81139 7
80039 0
84129 0
79179 6
89419 3
77520 5
79319 3
82709 7
79060 6
77599 7
79199 3
80819 2
79440 1
78349 4
79509 1
82149 4
87419 6
75639 0
82219 2
79059 3
79839 3
78829 1
82079 2
84020 1
79029 2
80799 5
79699 0
79700 0
79999 5
86829 3
79379 3
76939 7
84709 1
83829 7
80389 7
84500 1
80719 7
77789 7
78829 7
83290 3
78629 3
114519 7
77889 0
78610 4
78359 3
78599 2
85849 7
78980 2
80759 5
79739 7
80789 5
80269 4
81689 5
85599 7
83600 2
82889 3
79929 2
84389 0
78219 5
80560 6
77499 7
82709 5
76300 1
79290 2
82629 1
94279 0
78009 2
80220 5
77129 4
79749 1
81880 4
85369 6
83379 1
78739 1
80850 7
81379 3
77709 2
80139 2
88660 2
82039 0
80799 5
79370 3
76409 7
80929 6
76799 4
80689 0
81689 1
75649 6
76829 2
81110 6
93499 2
82579 2
79699 2
78700 0
75979 4
84179 6
75480 0
82100 0
76699 5
77129 3
78060 3
79319 6
81559 5
89889 0
77600 7
81789 4
85559 0
79409 3
78309 5
79279 4
82589 5
80029 7
76210 2
78909 0
80229 3
88440 2
80240 1
79169 4
80349 3
79200 0
77139 5
78039 7
78759 3
80999 4
78689 7
80539 7
84179 3
89820 4
79529 0
78969 5
80540 5
82329 2
85979 4
82329 2
78909 4
81569 7
80319 2
77979 3
78070 6
81110 3
84789 4
79429 3
78830 6
79479 5
76269 2
76739 2
79289 2
83279 4
79909 4
80649 2
78139 5
78869 5
89479 7
80110 3
80279 6
78879 7
85349 2
81230 4
86809 2
79569 1
118149 5
81159 7
78310 3
82880 4
101589 3
81009 7
81600 4
82409 2
77829 6
77649 2
80240 6
80660 1
77469 2
78060 2
79650 5
79129 7
90039 1
76799 5
78279 4
81149 4
81229 6
77989 1
80420 1
81129 7
78099 1
80070 2
78500 4
85869 0
77649 2
93130 2
79870 7
81849 2
80259 2
81790 7
81049 5
82709 3
81519 3
79990 1
83290 2
80579 5
77369 3
83439 0
83479 4
80509 5
81889 6
77370 4
80199 4
79629 3
77860 4
81040 6
81569 7
78279 2
78580 7
87509 1
82629 0
78919 7
77579 0
77209 1
81019 3
78469 0
