57530 4
33999 11
33770 1
34820 11
33299 8
34030 4
35200 11
36329 10
33570 7
35699 3
35240 9
43900 6
36219 10
36950 5
34410 0
32779 4
33969 5
35540 7
36759 1
34710 4
39579 6
35400 1
36770 6
35469 1
35519 9
36300 4
34009 10
41339 0
34540 6
35929 8
36410 11
36770 2
36609 9
34840 3
37159 6
35919 7
35730 10
34659 7
35560 2
32350 11
33590 8
35480 2
32800 8
34249 10
35010 10
33330 10
36859 3
36150 3
35360 9
34509 5
81639 9
54429 7
51700 7
49429 8
50920 2
53829 9
77460 6
51960 11
54379 1
53429 9
49649 8
49779 8
53249 3
49129 3
51199 5
52079 3
57580 6
57870 7
52539 1
53790 8
49519 9
51000 8
48489 4
54140 5
51199 9
52250 1
52039 3
56030 6
52189 7
50270 0
47999 0
49270 0
48099 11
54860 6
53390 4
59949 11
67830 7
62299 2
55540 10
51099 10
49220 9
53549 7
51010 3
49690 6
53839 8
51720 8
51139 0
54329 8
52979 0
51570 5
60799 7
53970 11
57279 0
54110 7
53199 1
51070 3
56569 10
52039 0
56290 9
52710 2
54070 10
53279 6
58050 5
52539 3
49030 1
54289 1
51460 11
64209 6
56969 5
50539 9
55030 5
53919 9
53850 0
51360 5
50629 5
54299 5
50000 5
55659 8
51779 9
55640 6
55899 7
55450 10
54679 2
51010 9
54479 4
54870 8
59650 8
51869 8
50000 3
50259 3
53689 5
48880 11
54020 0
55639 7
48980 11
54789 7
48910 10
53389 10
50100 9
51889 8
80899 10
51249 1
55230 9
50239 5
51599 5
50949 11
54719 10
50860 0
54290 11
49709 9
56599 8
51560 8
54289 11
51910 10
52419 7
54490 5
54649 5
53230 4
61929 4
54430 0
54219 8
53410 8
56690 4
49639 4
49759 5
52240 3
49730 1
54719 9
49110 9
52679 7
53390 4
53669 10
52970 5
80219 6
56379 0
56790 11
62649 7
55340 0
53989 1
50239 5
54910 2
50680 7
51730 7
51769 11
60139 6
51389 7
52099 1
53899 3
50709 11
61269 6
62809 1
53449 1
55770 5
55389 5
53080 5
59229 6
57270 5
51740 5
57040 0
50610 1
56839 6
49750 10
50499 7
53599 1
51600 7
53169 4
50059 0
54870 0
66359 1
56070 7
55680 6
49580 11
55720 1
59250 6
48999 2
54699 2
54800 10
54549 9
54190 5
54889 5
54680 5
55269 7
53580 9
55270 4
55820 0
53510 4
59669 4
56970 2
52399 11
56640 6
54809 11
53899 5
54400 2
53349 1
52840 3
56039 4
55719 11
53849 4
53060 11
53279 8
70170 3
56449 2
52759 5
53700 7
53039 7
53650 4
56799 0
50990 0
53269 1
55980 10
60419 6
49849 2
57460 9
56860 7
62879 1
63239 7
65140 6
54360 10
55790 9
50190 8
54039 4
53379 7
53169 0
53670 2
54609 6
49330 6
49609 4
54740 3
52369 4
55510 4
56379 10
54829 4
55000 0
55930 11
53279 4
59109 1
60290 6
49959 10
50380 2
53379 3
49780 10
52789 0
49650 2
51549 0
54380 4
52889 4
54260 3
50019 1
53610 3
50470 1
82229 2
50520 8
53239 3
50560 8
55189 7
50100 9
60120 6
49950 8
55120 9
53660 1
55030 4
51679 2
54040 1
54189 0
52420 7
55069 1
58430 8
57149 0
52220 2
54369 5
52179 0
54279 1
52650 10
52949 2
53349 7
53900 2
53309 0
52840 5
54799 7
55160 11
53419 4
53450 8
54229 11
58349 0
54539 0
52690 3
56609 8
54379 8
54420 5
55209 7
54400 1
52449 2
57480 10
55849 8
53129 11
53969 5
54639 1
58159 6
50390 2
54580 6
59339 4
50519 4
54200 3
49709 3
54400 7
52629 0
54920 4
52669 8
54550 4
52379 9
54989 11
49459 2
55439 3
63199 6
58429 9
51420 3
54099 9
49910 9
60839 11
51180 7
53969 5
51729 0
53760 8
49529 7
55939 2
51910 1
55089 10
50219 7
53989 5
51749 1
54669 11
50699 5
53790 9
50519 4
55410 8
51319 4
52540 1
59899 0
54200 3
51429 6
49520 3
54489 1
51449 5
53399 3
54030 3
54420 4
53070 1
54119 0
54489 11
54600 5
64360 11
50740 5
58119 6
51759 9
55940 2
52749 9
53290 4
50209 4
55460 1
54379 3
55330 7
54499 7
54249 5
53549 7
55299 7
49410 5
56379 11
50130 7
9063170 3
50289 3
55850 7
50449 3
54640 0
53789 0
54800 3
51509 2
54209 7
50930 2
53950 9
52659 11
52469 5
56079 4
50630 9
52809 7
53839 2
53050 3
61459 2
55100 8
49989 5
56170 2
49679 3
55129 5
50510 9
55240 10
51740 1
53680 4
56279 6
49149 9
50770 0
53950 5
88549 1
54280 7
54719 7
54460 0
55759 11
54570 7
53630 7
54219 8
55159 4
56259 9
53760 9
54209 2
55420 8
52299 2
54020 4
51949 3
60509 6
62799 11
50650 10
55570 7
51929 8
52880 3
53299 2
55880 9
58109 6
48370 10
50459 2
54470 8
51049 4
53600 2
52720 9
52609 9
53489 3
54369 11
55509 2
55339 7
59780 2
54759 0
56450 10
54189 9
53760 5
53649 3
55159 7
53960 4
54060 11
55100 7
55849 4
51910 10
60599 6
54600 6
