330388 2
249438 0
258198 11
248358 5
241658 6
247958 4
266258 6
238468 2
234239 2
261918 3
259889 8
243387 0
260138 9
259109 0
251768 2
258998 8
227218 7
254158 2
245908 7
232889 9
214718 9
174668 9
202018 1
187008 4
186228 11
243408 2
200529 10
218738 9
180569 5
221268 2
243638 1
187189 9
204498 4
234038 9
212469 4
194458 7
229049 11
247478 1
202788 3
227788 5
224978 9
289889 9
228139 11
232558 6
246548 3
252778 6
212138 8
224449 3
374607 10
227928 1
238558 6
233629 2
220909 1
256648 0
236508 3
209878 3
201148 9
282148 11
256368 8
198158 8
266318 9
279178 11
192009 6
229098 5
263968 10
207108 10
238438 0
245678 7
226648 10
239388 6
243998 3
257318 2
205689 1
224318 6
273878 0
219398 0
208759 7
260008 7
265758 5
204849 3
236578 10
234688 0
225029 1
232528 5
234258 1
249218 7
220579 10
247538 7
238158 1
256468 2
227518 1
261108 11
233739 0
236289 3
235648 2
253898 3
215098 10
215319 0
243698 8
249088 6
226278 0
227488 5
223169 3
238538 7
236648 10
227148 11
235718 8
250409 0
242358 10
234648 5
232478 0
230089 1
262669 11
226459 2
224438 1
231868 2
227738 10
248628 11
245578 2
250238 0
256488 8
240288 9
234908 3
240408 8
228769 6
273367 0
226079 8
231018 7
227149 1
252998 3
235799 1
219708 4
250058 10
253448 2
247238 2
247568 0
226879 10
242448 0
244658 7
223308 5
223129 5
280197 8
208559 10
220508 10
239328 7
241598 3
223809 3
254568 7
217228 4
250028 9
282028 8
400467 7
238268 11
228038 0
233099 3
243568 3
223188 7
269468 5
214979 8
198949 10
256418 0
234248 5
253958 2
236848 9
235649 2
237058 11
311327 3
233758 9
215548 3
245408 7
266998 8
208258 0
248109 7
243758 9
251768 9
229148 7
240868 7
226228 6
273898 6
214759 8
227298 1
274248 11
235478 3
246928 5
229028 10
244759 10
209748 4
265688 11
233178 7
233298 10
259387 5
235249 10
207758 0
257188 6
228698 2
230888 7
274278 1
238069 1
212958 6
279348 0
211729 0
203969 3
253498 6
254618 5
214969 11
242238 7
252189 6
212779 2
303058 3
215048 5
236858 10
239049 5
264898 11
234838 10
203228 9
243168 9
264248 7
207068 4
255109 10
245908 2
242078 9
228548 6
257828 1
217058 9
268858 11
245829 8
224448 2
251078 2
253118 0
223878 1
237199 11
236758 1
261828 9
221468 4
217408 2
245318 5
224189 10
254118 5
233258 4
229618 3
250018 0
271027 7
233069 10
253178 0
235888 1
255548 2
251308 6
241938 4
240798 6
315208 8
228438 11
232559 9
250258 8
261969 6
226988 5
241568 6
242048 6
250288 1
265008 2
229348 7
260038 0
262118 8
226109 4
263438 5
248808 2
237278 7
261128 11
232278 9
226448 0
262107 8
222419 5
248328 3
241978 9
269098 0
227458 2
217848 3
248918 3
260448 7
222728 1
247498 2
234478 1
269268 6
236359 8
238869 2
218488 6
253938 5
243508 5
241958 9
235969 3
258138 2
291458 4
240419 9
231429 9
225338 7
262178 8
246118 5
223269 7
237909 11
249128 3
222688 11
256658 3
228838 8
246539 1
241838 6
253298 4
241848 7
267578 3
226008 2
225858 11
266008 4
246759 10
229298 11
255678 11
249828 4
243788 9
217608 6
208949 8
229498 8
226658 5
244478 1
244608 10
207848 0
235808 9
233348 7
220689 1
241068 0
227778 8
247058 8
207619 5
257588 7
219378 6
213478 3
238028 9
233689 9
222008 11
233618 8
249228 11
218739 7
226318 2
228978 4
248198 9
222359 7
209788 6
246748 6
223059 0
240028 7
235508 7
220818 3
223909 11
241239 5
238498 5
222438 8
237888 11
257338 6
207079 2
208278 11
256668 5
261918 5
198709 4
241978 5
225308 8
213729 7
235009 7
227338 4
206508 1
243499 7
277287 10
216499 7
190738 8
244018 6
236688 9
215198 8
235128 11
236138 4
228858 5
269567 10
219929 0
243338 3
193909 5
251218 7
239678 7
212348 7
235679 5
225249 11
250978 5
217288 2
222298 2
244898 9
225978 4
225278 3
246598 1
219709 2
234078 8
234208 11
248738 1
248938 2
276038 3
248868 2
239138 2
245967 7
260518 3
221269 4
253828 3
224728 5
257358 4
226358 2
218389 11
230098 10
236578 9
262838 6
224488 3
237419 4
247188 7
265308 9
245878 5
250788 11
247918 9
305688 7
239408 7
243278 2
253618 0
255468 2
219929 11
225838 10
238008 1
246238 7
220208 10
257349 2
239818 11
259788 10
231848 1
238088 4
232758 4
252618 10
239858 10
245418 5
238058 8
252408 5
230808 4
219188 10
232119 6
227328 6
245508 11
241139 0
241749 7
223649 1
264058 11
250808 7
243188 1
236298 11
260068 7
252488 3
229849 0
240879 1
244728 2
225208 8
245668 7
230349 5
317228 9
226978 6
233708 5
251118 1
265248 6
237688 2
239208 4
237388 8
253938 8
224138 3
254998 3
236998 7
261228 5
221088 9
233938 0
271348 2
262478 7
226769 0
248899 5
231378 1
248058 4
222198 8
242559 7
231939 0
232208 1
237928 0
236198 11
237489 3
235599 6
238318 5
214148 5
254658 8
232868 7
239438 9
213098 1
241178 8
220309 0
244158 6
231438 3
239448 3
242948 1
254608 11
236519 3
234458 4
235728 9
361127 0
245908 3
224319 8
243119 3
260758 1
233878 7
240958 2
223358 3
227439 8
254498 9
235068 2
223418 5
226248 7
243889 7
225348 2
243088 2
232358 2
253328 7
225049 3
240718 1
240158 6
239518 2
214919 7
233909 6
238358 7
242028 4
262838 5
239568 6
241558 8
249898 10
250318 7
229728 1
240918 3
233788 10
242128 4
267038 3
253618 3
235668 10
276758 2
223158 6
227998 9
221958 11
271298 3
236078 0
244738 9
233278 3
259208 1
249448 7
241968 6
240088 3
250358 4
233229 11
242529 1
256208 1
253528 2
232898 8
233538 6
250758 9
233838 11
232029 1
227688 6
251368 4
240008 7
247448 8
391057 0
236468 11
252778 2
424716 11
242929 9
253558 7
238068 6
235778 2
241938 1
244099 4
243709 4
239979 8
240418 11
250438 7
298008 1
236068 3
234878 7
237778 5
245328 4
226619 3
231858 10
237148 10
239428 7
213089 6
242668 7
233918 8
249298 7
222808 3
225339 8
240338 7
254058 5
232988 1
221939 8
225148 0
252988 0
247598 5
223608 9
234608 2
238528 1
243278 2
238868 6
237118 10
237518 4
262788 3
230159 11
254918 0
239528 8
240798 0
230538 2
225758 10
231198 4
262628 8
214838 2
238718 3
241559 11
244087 0
216608 7
226688 6
243308 11
236579 10
254727 11
229269 8
231078 0
234568 4
240649 5
230269 2
233938 5
232108 2
269408 4
231698 5
245438 0
236648 8
260978 0
234688 0
221128 5
246128 4
260378 4
233868 10
220169 7
244648 0
222088 7
247468 11
228678 7
240388 10
234628 11
237788 0
227839 8
224389 4
243008 4
244998 10
229098 3
255558 7
257398 0
264698 10
231418 1
223628 3
241688 10
300258 1
224628 10
235808 3
230139 10
237578 8
231569 11
232698 5
239198 6
257908 0
261218 10
236998 9
226208 10
229998 4
230008 0
217348 6
240288 6
229368 1
263308 8
230938 6
229488 9
246898 4
251378 4
215778 8
212238 6
219268 2
250828 0
232908 6
232078 2
231179 7
239409 9
228138 11
210238 3
233448 9
217269 11
248128 10
234938 1
226708 3
223018 10
222018 4
243668 7
232138 7
223548 8
227818 10
318828 11
216478 1
230288 11
246168 6
261188 3
213729 7
228428 3
245828 8
244628 6
232978 1
228638 9
230788 10
258098 5
230888 10
226939 0
239059 0
237848 9
245678 9
238358 5
235619 10
222049 2
241678 7
225788 3
237058 11
235128 10
245767 8
218368 0
242868 11
251778 10
255238 9
221298 2
237779 4
246908 2
219958 6
229958 4
226229 2
239308 2
226798 7
250998 11
219258 7
224318 2
235048 3
261798 4
196508 10
197278 5
187249 11
174668 6
188239 6
170868 4
188589 1
182439 10
180738 3
181349 11
187909 6
177189 6
190989 6
180278 5
175379 4
188598 10
197378 1
178389 4
183578 4
196199 11
180989 4
193569 1
190558 10
182599 11
176329 1
185448 9
188129 11
177669 1
183359 3
182919 8
185128 11
184969 5
172159 10
179398 7
187219 0
177308 11
191419 2
197508 7
179088 0
174639 0
185448 1
186439 3
185939 7
172488 0
197619 0
191428 8
190079 2
175028 7
184038 7
171009 3
178728 6
185068 0
192739 0
181319 3
198189 4
188628 3
187019 4
187888 3
203669 7
191298 6
186409 1
184528 4
209929 7
190729 11
197199 5
198879 2
207869 6
205808 8
186769 11
207508 4
199079 3
190308 8
200979 0
197228 3
212779 4
192188 9
203689 7
193908 10
203469 7
200268 10
186899 4
206578 6
191819 8
192149 6
200518 3
194618 8
196309 0
195508 5
199429 10
207958 10
201098 10
204578 11
193858 10
201659 7
216938 3
198659 9
195468 7
192389 4
198318 8
211899 0
185228 6
214849 2
201688 6
211449 11
242119 7
191038 5
196359 0
201678 9
179369 8
181868 7
168509 3
143149 1
146989 2
169928 11
164638 2
164159 10
153779 4
143709 9
167888 10
175928 3
155059 6
173878 10
155739 5
187959 10
173469 1
174008 3
185989 4
196359 1
164028 10
152749 9
175909 5
180068 10
175419 7
150649 9
166939 10
187828 11
159469 4
155759 2
176618 8
189689 0
155409 0
157248 10
172339 8
177679 0
180688 5
164628 11
164829 2
176999 7
160398 3
163519 5
173509 9
154439 4
178658 9
166939 7
163799 2
171849 1
191738 6
154419 7
153819 10
156909 8
171249 4
168709 11
230048 5
158439 7
163229 1
178768 11
168719 6
153279 10
180949 4
174839 6
172029 8
160369 11
165538 3
185979 11
169109 11
158019 6
151768 9
190439 6
172559 11
183158 6
155349 8
176659 4
142578 1
167929 6
162279 0
178138 0
178859 1
159579 2
177699 11
165479 10
164689 2
224838 3
157518 8
146949 6
165999 9
165039 0
165188 5
166899 7
164049 4
165248 2
174678 2
166299 9
164079 8
182198 4
180079 10
167519 8
160318 5
170399 6
265658 10
162179 3
183369 2
160538 6
189319 1
151439 9
193798 5
141309 11
180249 2
149459 3
181208 4
156369 6
223328 3
145029 3
178079 2
149999 7
172218 11
155059 11
173589 2
151709 2
165028 5
170399 5
166449 3
166679 2
188248 7
163519 0
157889 9
166119 6
155708 6
176589 6
170789 1
160949 2
145669 3
158119 6
166539 1
173428 1
141290 6
166299 10
157199 11
145089 1
128979 7
108499 11
