92579 0
51400 0
57819 0
48690 1
48750 1
48619 0
48640 0
57880 1
48149 1
46520 0
49609 1
46910 0
49690 1
47479 1
49420 0
48520 0
48180 0
50520 1
47889 1
47580 0
49219 0
47720 0
46930 1
47579 0
45890 0
49350 0
45859 1
56370 1
45630 0
48579 1
47460 1
47269 0
49280 0
48099 0
48600 0
45290 1
49190 0
45779 1
47120 0
45899 0
47440 0
45740 1
47949 0
48830 0
48739 0
47280 1
49340 1
47569 0
62360 0
47279 1
51210 1
49040 0
44949 0
48610 1
45910 0
47899 0
46870 0
47930 1
46029 0
49010 0
46309 1
51500 0
48149 0
49330 0
46880 0
48719 1
47080 0
50249 0
48860 1
104789 0
49050 0
45230 1
49079 0
46950 0
49350 1
46810 0
48300 0
47969 1
48030 1
46949 0
50530 1
40350 0
35109 1
33609 0
34070 1
34010 0
32069 0
32730 1
33330 0
33550 0
35549 1
41140 0
31970 1
34509 1
32189 1
33860 1
35070 0
34989 0
32180 0
34690 0
33370 1
34519 0
34129 1
33340 0
34250 0
32919 1
32980 1
32510 1
35419 1
35119 1
33500 0
33230 1
33410 1
34159 0
33080 1
33110 0
34139 0
33030 0
33810 1
37700 1
33650 1
43000 0
32820 0
33710 0
32539 0
35210 0
32260 1
35019 1
32649 1
36420 1
32130 0
33199 1
32400 1
32740 1
32930 1
34580 1
34520 0
33430 1
33790 1
32559 0
34140 0
32160 0
34270 0
33319 0
33910 0
32960 0
34259 0
32870 1
32600 1
33819 1
41770 1
30520 1
32970 1
33930 1
34449 0
38530 0
33610 0
33439 0
33660 0
33180 0
34009 0
35319 0
30620 0
33960 0
33360 1
32920 0
32090 1
34420 1
33880 1
38769 0
36550 0
36880 0
36650 1
32750 1
34970 1
33750 0
33460 1
34040 1
34590 0
40409 0
34969 1
32090 0
32400 0
32559 1
35070 0
31870 1
33080 1
37380 0
36730 0
33520 1
33420 0
33070 0
31200 1
33340 1
32019 0
34100 1
31880 0
33270 0
32430 0
33170 0
32850 1
33310 0
31869 1
33220 1
33760 1
34350 0
35029 1
35850 1
33790 1
39660 1
32020 1
32230 1
35000 1
33120 1
33710 1
33800 0
35009 1
33480 0
36140 0
34240 1
33089 0
35379 1
34210 0
34470 0
32599 0
35649 0
33300 1
32709 1
36069 1
38700 0
34170 0
34189 0
33669 1
35180 1
32120 1
32729 1
35680 1
33670 0
43289 0
34250 0
35500 0
34790 0
34419 0
33310 0
33510 1
33160 0
35239 0
32550 0
34250 0
33299 0
35009 0
31480 0
35150 1
32170 0
34499 0
37210 1
39230 0
43499 0
38770 1
38780 0
36229 1
33900 1
33880 1
34400 0
33229 1
37900 1
42640 1
33469 1
31530 1
33800 0
33580 0
33069 1
35270 1
35370 1
32390 0
32380 1
34060 1
33380 1
34080 0
32000 1
35330 0
31810 1
34260 0
31319 1
35130 1
33230 0
36010 0
32960 1
33150 0
34979 1
33680 1
34040 0
36280 1
34199 0
36490 1
41340 0
30989 0
33520 1
34050 1
32890 1
33130 1
35150 0
32210 1
33360 1
32019 1
36980 0
32880 1
34030 0
34099 1
32730 0
33540 0
32019 1
34130 1
32250 0
33150 1
32139 0
34010 0
32390 0
33850 0
32390 0
32960 1
35270 0
34850 0
33449 0
36719 0
48860 0
33080 1
33540 1
32590 1
32640 0
32129 0
33839 0
33520 0
32790 1
33880 0
33029 1
33660 1
35139 1
34249 0
35530 0
33660 1
35160 0
33630 0
32750 1
34030 0
31040 0
33490 0
32640 1
33060 0
32459 0
31730 1
31980 1
34749 0
40769 0
71480 1
32900 1
34549 1
34900 1
36190 1
33249 0
33930 0
33350 0
31189 0
33460 1
31180 0
33230 1
32390 0
36420 0
32930 0
34700 0
32680 0
34200 0
31520 0
34060 0
35589 1
33639 0
33310 0
33290 0
34219 0
30980 0
35020 0
33309 0
36699 0
42840 0
35610 0
34190 0
33060 0
33900 1
33579 0
32909 0
35260 1
33600 0
34220 1
33550 1
34230 0
34630 1
33750 0
34710 0
32420 0
33980 0
33739 0
34390 0
37290 1
35279 0
32200 0
34120 0
33210 0
33380 1
31910 0
34240 1
33560 0
37409 0
40180 0
32610 0
31990 0
34400 1
32600 0
35820 1
33260 1
33299 0
33420 0
32670 0
32379 1
34579 1
32780 1
34440 1
34489 1
35560 1
35020 0
33449 1
33629 0
35720 0
37260 0
31729 0
32959 0
32940 1
34780 0
32380 0
33730 0
33270 1
34539 1
42009 0
35130 0
36370 0
33589 1
34109 1
35010 1
34320 1
33259 0
35660 1
34800 1
34650 0
32109 0
34100 0
34220 0
33720 0
32910 0
36070 0
35490 1
36709 1
35629 0
33400 0
34919 1
33569 0
34390 1
31110 0
33129 0
33109 0
32710 0
32170 1
41959 1
31559 1
32660 0
32890 0
33709 0
31620 0
34700 1
35300 0
33689 0
35910 1
34190 1
32619 0
34320 1
34050 1
34680 1
33479 1
30630 0
33350 0
33239 0
34789 1
34220 1
36270 1
33959 0
33989 1
36480 1
33640 1
35049 1
32670 1
36460 1
39510 0
32590 1
32500 1
33040 1
33019 1
34179 0
32900 0
37250 0
34309 1
35109 0
33700 0
33470 1
34749 1
34770 0
33570 0
34020 1
33430 0
32690 0
36550 1
39280 1
34639 1
31860 0
33310 0
35129 1
35590 1
32860 0
34289 0
33049 1
33420 0
45500 1
33279 1
33660 0
32070 1
33259 0
33079 1
33750 1
33340 0
34930 0
33559 1
34930 0
32870 0
34280 0
33429 0
35630 0
32130 1
34029 1
34310 1
32980 1
34490 0
32000 0
32550 0
31980 0
34829 1
33239 1
34030 1
31930 1
33489 0
32709 0
36080 0
39119 1
31869 1
33330 0
32510 0
33520 0
34819 0
33150 0
32150 1
34380 1
32010 1
33400 1
32460 1
34339 0
33639 0
32900 1
33960 1
36219 1
31720 1
33980 0
34009 0
35760 1
33920 0
35000 1
33669 0
34540 0
35330 1
32990 0
34469 0
35609 0
43050 0
34119 1
34349 1
32050 1
35220 0
33070 0
34870 1
32810 1
37300 1
34569 1
35070 0
35940 1
32010 1
34179 1
33300 1
33730 0
33499 1
36370 0
32440 1
33430 1
33439 1
34680 1
30640 1
33260 1
32940 0
32580 0
34700 1
34109 0
36709 1
56800 0
32150 1
30449 0
32180 1
31180 1
33229 1
32000 0
32340 1
33770 0
33650 0
31450 0
32490 0
33360 1
34200 1
33529 1
33350 1
38000 0
33419 0
33800 1
33610 1
32950 0
31709 1
32920 0
31360 1
33169 1
31279 0
34370 0
31550 0
32379 0
33769 0
67580 0
33619 0
33859 1
33900 1
32980 1
34500 1
32400 1
33690 0
31400 1
32809 0
34610 1
32200 0
31059 1
32269 1
30620 1
32030 0
34780 0
33209 0
32240 0
35660 0
33869 0
35999 0
32060 0
32080 1
31629 0
33399 1
32380 0
34300 1
33399 0
40990 0
30560 0
32439 0
31619 0
33890 1
33400 0
33459 0
33859 1
34270 0
33640 1
31460 0
33100 0
33870 1
33210 0
31459 0
33279 0
32310 1
32680 0
31520 0
34719 1
32940 1
33969 1
33570 1
35060 0
35180 0
34699 0
34779 1
32690 1
38080 0
33310 0
42359 1
32660 1
32399 0
31769 0
34010 0
33670 0
33550 1
31800 0
34540 1
31530 1
34429 1
33810 0
35210 0
35620 0
34540 1
33930 1
30940 1
33940 1
34479 0
38330 0
31020 0
32699 0
33720 1
35180 0
32590 1
32790 1
32650 0
35410 0
34460 1
42089 0
36350 1
35230 1
33940 0
34110 0
34960 1
31350 1
34320 0
34770 0
33620 0
32410 1
33819 1
33020 1
33110 0
33669 0
34249 1
33980 1
33050 0
37559 1
31239 0
33050 1
31150 1
34229 1
32129 0
33930 1
32700 1
33339 0
36210 1
32720 0
43049 1
33699 1
31300 1
33890 0
33740 0
33780 0
35360 1
31030 0
32390 1
32480 0
35310 1
32549 0
33720 0
32570 0
34200 1
32540 1
32820 1
32250 0
34150 0
31009 0
35790 1
43090 0
32930 1
34030 1
31519 1
33140 1
32390 0
36719 0
32650 0
33550 0
40369 1
32629 0
33980 0
37620 0
35320 0
39630 1
36400 0
34989 1
34349 1
32800 0
33110 1
32769 0
32940 0
34090 1
33770 0
31589 1
33110 1
32540 0
34389 0
34279 0
35860 1
31940 1
32629 1
33129 1
32390 1
34940 0
36420 0
34420 1
32810 1
42390 1
31299 0
33670 0
33570 1
32840 1
32259 0
33610 1
31830 0
32680 0
32079 1
34670 1
31850 0
35790 0
33680 1
38720 1
33980 0
31740 1
37000 0
33770 1
36390 1
36229 0
38810 1
32170 1
33689 1
31750 0
32700 1
32610 0
35489 1
32710 0
44650 0
34149 0
34500 0
32230 1
32250 0
33669 0
32960 1
33310 0
33310 1
33569 0
33300 1
35620 1
33319 0
33719 1
33320 1
35200 1
33380 0
37149 1
34750 0
40660 0
40100 1
37980 1
39750 0
33869 0
33380 0
33770 0
32690 0
33680 0
33180 1
44450 0
33939 0
30810 1
34220 0
34270 1
34149 1
33460 0
34690 0
34639 1
34389 0
33940 0
32640 1
33460 0
32819 0
34530 1
32040 0
33730 1
31730 0
32960 0
32150 1
33130 1
32109 1
32070 0
33890 1
34039 0
34779 0
33610 0
34759 1
32589 1
46830 1
32790 1
33109 1
31379 1
32930 0
32330 1
34300 0
33870 0
33950 0
32789 0
32639 0
33510 1
35490 1
33680 0
34729 0
31820 1
33210 0
32529 0
38349 1
36140 1
39999 1
41400 0
39460 1
40359 0
44030 0
35970 1
34360 0
31920 1
71020 0
33439 1
34299 1
34790 0
33840 0
32749 1
33119 0
32700 0
32610 1
35389 0
31609 1
33620 0
33750 0
33330 0
30740 1
33570 0
32490 1
35739 1
40140 1
39990 1
40059 0
36070 1
39740 0
32030 1
37190 1
33440 1
32170 1
32689 1
40069 1
33980 1
32180 1
33099 1
32910 0
32160 0
31750 0
33180 0
34130 1
33090 0
35480 0
75079 1
44260 0
51589 1
34980 1
61029 0
37970 0
56240 1
39280 0
61040 0
40490 0
65269 0
36270 1
50050 0
69879 0
39729 1
53099 0
36130 0
55210 1
36449 1
49140 0
35260 1
43449 0
37350 0
58779 1
