100399 1
126558 16
93148 17
146168 4
34229 18
230207 6
174077 2
116918 15
110928 5
289506 12
31969 18
12010 19
120808 6
213317 22
114598 14
60239 7
179027 2
83499 9
104288 23
123298 16
168948 7
9531 19
217377 5
199927 7
189017 2
18200 19
269876 0
134528 14
20130 19
351954 20
70179 11
15030 19
414073 20
278735 5
138778 18
321795 20
312455 13
30719 19
191887 13
147038 20
248636 8
228236 10
328985 21
190337 1
83819 6
101918 3
96709 5
38469 18
213537 20
13719 19
93479 3
94798 11
65848 2
97558 8
68879 0
14929 19
109189 1
24220 19
140007 14
117588 6
145168 17
148188 10
79768 15
193137 15
253207 23
177838 17
75988 0
226497 20
88919 17
107769 15
80549 0
100859 22
112758 21
232747 7
111788 8
196437 21
141158 6
242117 17
167958 1
139408 21
366824 22
96098 14
95729 16
60439 15
98998 3
113278 13
340374 21
114058 18
169148 23
90088 6
142618 1
142428 14
72379 2
232026 5
124818 7
244517 5
101658 18
106758 0
96539 10
132817 1
125958 12
14600 19
210577 21
162308 7
68459 14
232427 18
111668 14
116108 17
136198 10
157138 1
105759 2
83908 15
181386 12
157977 6
68249 9
96009 3
183408 6
87908 11
315785 4
123288 17
105679 5
194797 5
134457 8
115269 10
215947 14
107388 14
195188 11
254896 23
40190 18
196047 11
186027 21
217286 0
380964 13
126738 21
99889 13
93678 15
210537 17
72169 2
65909 1
106848 15
488932 21
53959 1
96639 3
88928 7
58759 17
149328 2
92429 23
109368 5
56139 14
61509 1
146048 23
62299 6
2521000 11
49609 7
76449 9
68239 12
114518 8
81989 16
229526 17
74799 16
60389 15
91508 23
156617 13
160178 10
168088 9
230226 7
211467 21
147278 11
135047 10
223916 16
224056 16
114827 1
227446 0
216526 6
88298 5
191247 5
97359 6
177508 3
198227 5
84118 6
76009 16
117618 8
97099 16
116208 14
115428 14
320245 22
79149 9
410693 12
101158 7
102338 20
119338 17
138688 0
174237 8
186937 11
265386 4
122278 1
70419 1
166107 9
203997 13
179607 6
350035 3
280805 3
106479 8
125798 1
98158 13
341375 8
96818 9
78479 17
353854 10
156618 20
97138 1
113429 22
264216 22
114138 12
96308 8
145958 17
198857 8
233106 5
174157 4
306205 9
138468 21
202697 18
122208 11
192457 9
66459 14
90008 4
40570 19
154057 18
358845 8
207816 22
131438 23
143108 4
201597 6
356224 3
30810 18
73439 9
151128 7
156507 20
276925 23
87929 1
299445 6
133628 5
78609 6
174827 1
255036 5
97658 23
180088 12
168598 13
15550 19
146818 6
188207 9
171777 18
176258 13
304505 5
243646 21
196227 9
171897 12
127468 20
138948 5
215107 22
72848 8
170327 2
94198 8
187357 10
184608 8
79889 6
94349 21
78048 18
127938 8
98639 10
137098 8
124458 12
10120 19
242876 17
270955 10
13839 19
265586 10
110479 8
180317 11
247437 20
80198 17
63989 7
216857 9
93209 11
123247 18
269936 13
280106 17
79409 7
95029 9
68649 0
183847 23
224706 5
124378 2
86879 12
210057 3
25040 19
235356 8
129438 15
234057 23
74619 13
78278 15
191817 14
41129 18
95288 7
135348 1
109448 17
158038 18
138567 5
67919 8
135508 17
117338 0
134937 7
64519 2
108379 15
12920 19
140998 17
176597 7
193237 4
358284 5
95288 23
132018 13
150497 12
124568 2
13599 19
93078 10
94709 0
140037 21
131578 18
114808 11
186477 2
60370 15
106269 15
138237 8
57670 10
111928 2
47999 13
70649 5
45899 17
55770 0
241696 23
59848 11
132798 2
6784682 16
185718 9
134408 8
26060 18
494722 16
70979 12
106128 23
3271719 16
74969 0
100159 23
112768 5
82339 15
59859 1
69389 7
86588 7
104499 23
80098 4
278686 5
144868 5
10409 19
172937 9
71599 5
161787 3
155278 20
117498 18
76049 15
188097 3
165047 3
400294 22
71958 11
152157 23
181417 8
124438 6
78469 6
62589 5
197987 15
117218 22
113218 3
75069 3
214846 18
202697 22
227636 9
169218 15
177747 18
96858 21
186358 23
135988 9
213707 12
2427941 0
63839 2
1301409 0
96128 21
137167 12
129898 21
64769 18
89499 9
108748 1
185227 20
63319 15
222556 15
274336 23
238776 0
128598 12
99198 3
79409 1
83378 5
178278 13
103258 17
115568 2
135678 14
350934 13
103009 15
87188 12
55060 17
124007 9
166787 16
136668 8
271656 22
319735 21
179327 15
95349 20
192327 4
135908 1
90338 8
98518 10
98658 7
167418 8
94398 11
102348 8
60599 12
86108 13
132178 15
118088 6
199477 8
224406 12
116868 15
236806 8
182367 1
209527 23
382594 23
128378 5
88178 4
108699 14
137838 10
208377 10
241646 11
192827 13
119648 8
244127 16
80288 5
210517 1
93449 8
201517 5
141618 10
103528 12
146298 4
261866 15
94118 5
184326 4
149408 3
75949 14
62569 0
64669 5
106218 12
126718 3
286966 11
219736 16
114309 7
123989 14
195936 4
169608 6
120278 11
186787 6
119438 16
161778 11
132988 20
188317 21
194177 20
174538 22
133578 18
151658 6
104668 5
119358 0
110608 0
159317 22
200577 23
210327 8
104418 3
130148 21
129568 7
141888 0
325295 3
126408 22
179577 21
199327 5
151067 1
172528 15
182018 14
160997 9
143028 11
448873 21
109578 12
128578 11
244836 22
288185 11
132907 5
26950 18
101149 13
165698 4
100088 20
54289 13
81769 2
108858 16
225027 15
83698 5
127258 21
91429 15
98309 20
348634 0
167027 8
115568 3
46289 12
157357 21
110968 9
221326 0
72549 12
258086 23
131378 22
155907 0
26340 19
246306 16
85169 18
289335 3
144998 1
97858 1
94259 1
211177 2
174048 12
236896 7
84948 15
175297 10
99878 5
165288 16
208486 7
121698 9
18410 19
244686 21
247166 15
140438 7
197537 20
34700 19
140198 8
25090 18
233716 23
166948 17
244616 22
226896 0
104708 21
122558 23
137747 2
247576 10
71899 6
197237 17
136098 4
217677 0
188488 4
358144 23
15209 19
99379 20
172127 14
90629 18
92118 4
177627 11
141887 9
482072 7
260285 16
116058 21
139697 14
75118 8
65769 15
84759 3
105988 14
233216 16
79119 20
243296 8
124729 20
99409 15
227266 8
103109 6
62279 17
169697 11
219786 15
24239 19
102529 11
65579 13
352405 15
203247 15
55060 18
103898 7
81339 10
82649 3
139418 22
228667 17
169897 21
77149 6
114638 0
92558 1
207116 3
169088 0
179247 11
98798 2
132018 4
164397 15
79158 8
305335 13
115818 1
225337 12
97018 20
119438 12
124269 4
118538 13
236896 18
47999 14
145168 8
96878 2
906895 18
87429 17
16160 19
88569 6
62959 1
61279 17
80509 4
109428 6
191747 18
73499 13
217717 9
98639 15
111108 13
111508 15
109479 12
104118 4
77649 17
121688 13
150417 14
87128 6
180687 3
170067 17
175828 3
200007 5
82479 22
113599 21
74499 11
389004 22
101078 4
150968 4
168928 17
100698 0
200337 20
281275 22
308446 9
76089 17
211837 6
12140 19
225277 0
185688 5
190188 6
106029 15
431473 21
91588 17
92368 3
97169 23
249276 3
152617 21
275496 5
106038 21
127188 15
86849 16
173767 13
375604 21
159968 21
210347 23
150848 18
327185 13
220736 16
74789 7
146758 7
220336 3
158928 22
93258 0
409204 3
102588 7
86899 1
205946 9
163367 20
148317 21
311125 21
83988 12
127908 1
91769 10
145768 12
230736 6
112978 5
176217 4
60128 18
75389 16
161888 16
207066 10
189857 20
118099 5
129047 10
160158 4
183957 15
132338 8
181887 5
301355 22
143378 21
95949 1
167948 23
181827 0
100458 9
189437 13
271815 20
188267 16
169857 12
142827 16
158888 5
101348 2
82979 11
13340 19
264096 14
58299 8
70498 0
166038 13
89788 8
93789 18
106998 10
173918 23
207907 9
227317 13
51320 7
312215 21
44749 19
160768 16
97719 6
56469 18
105528 23
85418 17
10150 19
100318 0
174578 5
116409 9
217636 8
104649 16
186227 8
143647 8
81239 11
245216 4
332355 4
417323 21
189637 10
34519 19
140828 23
144528 4
216596 7
91888 13
213467 22
114068 12
116108 23
120168 3
57129 2
124348 8
102259 16
168927 20
101609 16
190577 6
109449 22
89108 8
131758 13
170218 2
145687 23
107038 9
166087 21
134708 14
155847 11
104909 16
105628 9
195487 4
131608 22
303845 4
107288 1
93659 7
105248 1
80269 0
74259 17
35689 19
107218 15
148877 12
13450 19
113468 3
277926 23
78429 15
134138 14
111109 23
98829 11
74259 6
137888 23
8990 19
149527 3
152848 17
106988 13
412474 22
158648 2
218347 0
150717 12
98569 8
167037 2
134398 13
307075 22
12290 19
171487 7
206177 8
197677 11
123568 1
151158 5
81319 3
467553 16
88408 11
148318 10
87329 14
74529 9
139747 6
267376 5
80359 0
245926 16
143568 13
15049 19
80269 17
73859 2
74509 3
148207 3
304455 21
135827 16
85868 11
158288 15
282296 22
141158 14
240576 21
70239 14
78069 7
151097 23
220847 8
164757 12
244166 11
299795 16
179098 10
131248 8
90218 13
107399 9
62519 11
183537 0
201207 20
75468 13
116629 5
66539 5
66010 15
167458 18
146057 13
128978 8
97298 14
215577 14
278416 20
298135 14
74669 8
10580 19
230256 13
149368 20
117318 0
60059 16
191607 0
130518 14
123708 11
73879 4
229566 11
150508 15
125338 14
98178 20
124838 8
275606 20
81989 18
207356 18
78998 15
149688 5
253296 22
152937 4
76089 14
34920 18
85568 4
94389 4
70899 10
134628 17
315425 0
94678 17
14200 19
60269 5
675039 10
90389 16
163327 15
118688 23
109619 14
122238 15
73698 2
118978 23
99198 11
57539 4
13970 19
385994 22
73629 17
83798 1
77598 14
12620 19
78969 9
132788 6
117528 13
295155 12
64699 10
259986 21
254746 23
95589 0
26899 18
68519 4
106858 7
14500 19
165447 14
195457 22
251416 9
57819 12
91718 0
73229 10
78919 4
187948 17
167127 8
121218 17
100509 20
157358 3
125538 23
114178 6
82519 0
65829 7
