170997 12
338835 2
166357 7
11840 6
191037 20
104938 10
94259 16
73149 16
101558 19
168787 12
15169 6
219367 21
137258 23
169817 2
67599 7
164017 4
112758 14
126767 11
113829 17
274035 22
22190 6
103628 23
12800 6
89579 10
163037 22
300495 20
117448 5
118328 9
209646 12
120139 5
15859 6
97119 11
90128 21
87659 0
372414 20
10990 6
127388 0
65719 2
68499 8
368344 12
211306 19
201776 10
125878 5
198747 10
230037 17
73019 10
89549 4
378894 23
64769 17
266796 14
103128 18
23210 6
78839 12
59419 8
71918 8
68439 1
121538 23
76569 13
211757 18
82999 9
109188 14
192147 12
165087 0
217457 16
98988 2
54119 4
234837 20
86929 17
260636 11
111298 11
151518 19
212757 18
63779 9
191337 23
105559 10
137308 8
36419 7
544631 22
371744 8
32769 6
193677 21
106918 10
247487 12
148738 12
221597 17
208887 11
102009 19
24009 6
81619 10
219846 19
117809 8
239776 8
183747 7
142898 16
81718 8
102728 20
255436 9
80589 2
277846 19
74908 5
92009 12
31859 7
148558 17
244266 14
134798 18
194447 14
98578 18
95029 17
63149 11
86488 14
83429 16
133188 8
118108 19
214597 17
92728 7
84199 19
166347 5
122908 15
147778 10
126508 1
270456 18
136168 16
102839 4
164947 15
205907 4
91399 15
97878 5
124838 11
170327 14
185806 11
100408 17
70389 4
85798 5
253805 22
182506 12
91538 8
124468 16
103399 12
84929 1
109418 8
127167 2
102619 16
109268 7
246246 17
148088 20
177727 12
96969 21
149718 17
11210 6
77099 10
64689 7
60459 9
92598 11
58189 0
75889 20
62059 10
117728 17
45679 14
8780 6
45840 4
79328 20
44469 5
46489 13
45529 14
49079 11
105678 13
2636218 18
91149 19
1070143 23
113848 0
79089 14
694459 23
246496 19
113928 5
206587 15
261326 13
133368 16
157438 21
202297 12
110858 19
91099 17
160547 12
93449 0
133128 21
356155 5
182747 20
185767 22
79189 1
153187 19
149627 16
154707 20
82559 2
156218 23
70299 14
67399 7
76198 7
83178 23
214557 17
168577 15
236556 20
14930 6
155678 20
90618 14
66889 1
71369 13
78569 12
124258 11
77428 18
109629 12
183427 16
83098 9
56079 3
64969 18
60889 0
82419 5
94868 13
126828 3
100658 19
52670 10
10279 6
50289 15
130578 21
70589 11
11150 6
53829 12
42260 12
43229 4
29410 7
64910 23
42029 10
45279 10
44069 16
23989 7
42250 9
47030 18
66548 20
44449 19
9840 6
43069 5
43379 15
47600 0
42090 11
42699 10
44129 9
42439 8
43129 16
48150 1
73339 20
42710 4
44710 12
48979 19
9730 6
41899 5
9250 6
2200345 2
65669 1
60349 19
112289 19
164118 18
63249 11
101528 12
120039 1
59639 17
64479 0
86099 7
118188 15
140768 8
200087 23
105658 9
316435 18
102538 2
50860 15
22650 7
105488 9
118918 23
78339 16
72919 14
76159 7
70089 2
249596 23
86229 9
347204 23
227137 16
253786 1
100518 21
146518 14
294315 5
117948 8
16720 6
84119 3
15139 6
84679 8
207047 17
185307 11
116718 16
193947 5
321385 22
74449 9
78439 13
317985 5
90699 20
74569 11
319015 23
133087 5
147757 21
19400 6
155088 3
87638 12
9730 6
560651 21
164038 20
89359 19
69259 9
176477 9
161428 21
170487 15
23830 7
160708 17
96438 12
121078 8
84548 8
139738 3
73589 11
74999 11
20899 6
107858 0
102438 15
174087 0
216607 11
110748 16
69089 9
164798 9
90529 13
12040 6
65059 7
180937 2
81998 1
154318 19
149218 5
64349 18
120568 13
74739 18
103498 16
96949 9
166177 22
94469 17
75499 1
94859 13
112498 3
117698 22
173847 3
92639 18
118408 13
142408 13
299005 18
106628 3
240946 14
89748 22
146648 4
318985 2
98818 23
163668 17
147207 11
175168 20
9131 6
57370 0
22730 7
1729223 14
118088 12
68729 2
155357 12
66279 17
135558 0
83309 3
65339 9
44739 9
135428 9
66299 14
58339 12
24999 7
103668 8
6215742 19
14779 6
131107 2
101499 2
146028 10
138467 17
488672 19
35489 7
97269 8
109239 2
153227 13
316026 17
108699 9
259055 11
162277 22
69989 1
74039 15
108478 16
222646 20
107988 7
306225 10
132568 3
109168 9
88789 0
87188 13
121009 0
105129 3
86928 14
107949 18
84548 9
283136 17
111658 14
138558 19
82279 19
92158 16
196007 7
84929 5
33159 6
148838 12
213086 5
127327 5
229756 18
214867 1
106169 9
119358 18
202987 12
132278 19
164338 1
140758 15
175517 22
88289 16
85789 3
65099 0
233806 2
380025 22
205997 5
173207 22
133147 17
82199 8
78049 1
249096 23
134868 22
87678 14
256396 10
185158 22
117498 4
113228 19
246866 20
109668 22
149448 10
81648 3
113459 8
128708 1
249606 23
11580 6
174058 21
168697 22
96479 5
60110 11
92528 19
24530 7
234536 1
235336 2
283926 12
148008 14
16650 6
146828 17
189737 21
166957 15
156198 11
117138 13
699099 21
89669 15
87009 15
111398 0
29360 7
243656 12
131138 13
10740 6
182777 19
290055 20
57119 3
48789 11
246146 12
164207 10
189147 11
121348 16
157258 19
10180 6
246206 20
87529 8
254386 2
113038 11
28919 6
138288 18
123398 10
318865 20
184777 15
13860 6
92618 7
123618 19
119129 23
134168 23
133028 17
227986 23
11571 6
101218 5
121658 16
65739 5
190597 13
594550 20
60699 15
170777 21
79939 9
180727 18
117628 11
208206 18
113378 11
162237 21
201877 12
137278 18
397254 13
83419 5
84779 8
111008 11
274586 2
159827 10
150768 22
100378 20
64429 5
163908 14
104058 4
163397 15
11139 6
169567 15
79868 7
14090 6
96898 23
21889 6
86979 9
191327 21
106118 10
213497 2
104328 0
18020 6
169187 16
100959 18
156118 2
147968 4
142658 18
117599 4
119488 9
164557 3
206587 2
222636 21
301655 7
171647 8
122778 19
85909 14
235496 21
85958 11
168798 4
101358 9
131568 15
60239 2
149308 20
224166 19
233186 19
217186 20
145957 14
106838 18
81529 9
147758 17
109399 21
144437 19
188237 21
251486 12
12370 6
95978 7
370724 16
105808 4
177417 17
158968 8
216036 23
216757 7
145278 19
175388 18
180557 9
120708 17
57029 10
117568 20
85249 16
196717 17
342144 23
12980 6
79169 3
269336 5
78529 5
193706 22
149558 21
34450 7
239957 1
141497 22
285115 19
151408 3
85069 17
149918 20
216176 18
119389 4
136648 0
262136 10
227237 20
309445 3
196617 13
13419 6
154948 14
15470 6
253246 22
102118 1
229397 20
124138 5
296456 18
115118 20
72499 1
172687 19
148808 16
87068 8
92449 22
82329 19
120048 9
136097 4
117468 17
190487 18
50549 11
222196 18
226387 1
120198 10
105078 17
202277 7
92879 15
219137 22
70099 1
180817 9
144068 0
155787 4
109678 0
294765 22
82029 19
186547 11
101198 5
67669 10
190637 15
92418 2
282125 14
86409 10
85298 10
64658 17
12450 6
181557 2
237767 21
154668 22
250166 10
102289 7
199157 3
111298 20
86768 18
76618 0
71949 16
58889 5
177357 9
126307 4
95238 18
81469 16
112898 19
94658 8
106339 16
224416 11
169697 14
20970 6
107998 3
83808 19
215437 17
133137 16
51779 7
208757 22
454602 20
88849 13
16529 6
141938 18
165808 17
132078 18
135678 5
166868 17
10030 6
193137 12
62249 10
144887 2
111279 22
124778 1
134257 11
63019 2
155397 21
142018 10
175197 2
120498 17
135068 21
201107 19
80868 18
95058 13
489492 20
125728 2
76429 11
65139 3
13540 6
131188 22
141558 1
75929 13
127578 7
143958 3
146238 19
76489 15
119799 11
144188 7
158808 19
132968 11
25499 6
207007 13
159907 0
160597 20
106518 13
167418 15
164177 18
137598 5
87058 0
171547 2
145427 21
226357 10
257276 7
160117 2
237307 14
202446 14
80208 19
116008 10
125888 21
308575 12
95788 0
205177 8
127728 5
98079 0
234186 3
165468 23
319095 19
128798 0
187747 17
167437 19
90018 2
122727 10
443302 19
28700 6
221537 14
126728 16
192746 17
76159 2
90108 23
184687 8
105828 12
184238 1
363255 5
186307 14
201397 12
109518 21
212027 0
119929 21
101269 2
67999 7
85268 22
156797 9
80779 22
102488 20
79639 9
96608 4
137847 4
162938 1
115468 8
170487 0
225447 4
191726 12
102079 22
206147 1
76939 10
108549 20
72649 10
179658 20
85998 2
131718 22
179698 0
173438 20
214556 15
72109 5
117168 14
116738 21
198116 15
139228 14
167688 4
89839 16
114068 21
167517 3
159657 14
136618 5
103128 2
169088 4
118428 0
269525 3
50250 8
117508 17
122148 11
154108 12
97479 5
95578 0
124627 12
84438 0
225207 18
128288 18
74750 10
155588 16
176077 17
129728 13
75069 10
56449 11
81729 9
29469 7
75069 19
162277 11
123767 23
80868 12
210387 21
80099 7
112928 1
63789 18
72749 19
223946 12
227706 3
103269 0
83548 18
62368 1
411774 13
135888 22
103168 1
104559 11
10140 6
208537 23
24520 6
161827 9
151238 10
312405 22
131198 9
127818 16
78849 3
343824 10
135278 21
83969 17
116158 14
181257 18
101909 18
384673 20
169438 10
395983 10
173037 1
184377 11
140938 18
172897 13
129338 22
137548 5
97009 2
284475 13
85668 2
125008 16
101028 13
185267 17
82028 5
16400 6
146838 13
212707 19
120218 10
170937 16
102428 14
131698 15
95589 0
143237 17
155908 8
223707 23
122058 20
192317 15
14399 6
192027 8
34580 7
123898 10
300785 23
165737 16
128498 12
154228 16
154267 3
245107 2
113309 13
160557 8
102769 20
167528 18
63509 1
176327 17
19800 6
211386 4
131288 23
234677 9
128189 0
68588 18
142627 7
82169 3
94928 5
156678 18
218046 8
103469 12
90558 13
112738 23
149537 2
91069 7
91859 22
252565 1
137858 12
128388 8
15440 6
87578 12
105168 1
320725 7
97678 0
197077 7
95869 21
178147 11
201157 11
138918 0
142508 18
318285 21
178127 20
180037 20
120067 5
189346 12
193006 4
219426 3
171877 11
90789 8
