107009 6
60368 14
61519 6
72228 20
66649 11
65029 9
72069 11
70619 13
75259 22
69479 3
74359 5
67590 10
68739 12
69688 18
63049 11
80809 20
66399 3
78249 3
67439 2
66888 1
67748 16
67368 23
70748 12
70789 7
69009 3
70209 1
59039 3
71489 17
71039 22
82859 6
58579 3
65859 21
64148 15
66459 1
69449 19
63259 12
65029 14
67759 0
65869 23
65319 5
62679 19
63569 7
68119 0
65849 4
88309 6
69929 7
63619 13
64039 21
65770 9
66179 13
251676 15
63410 20
64970 11
68199 17
65088 5
64999 23
70169 4
56490 20
58399 17
61650 14
65099 13
57999 23
58610 17
55960 9
66379 18
65469 16
65729 17
63630 18
63370 15
66068 22
61439 8
65150 23
76049 2
62319 21
63859 2
62259 22
67209 19
65349 4
71199 1
56019 11
71859 4
66039 12
63229 0
65729 3
63589 22
70449 3
65359 12
71689 2
64259 21
68139 23
69999 21
63768 21
71219 22
69139 19
68489 5
65009 20
79359 22
69929 22
64259 7
65549 12
70919 18
71270 4
77899 20
71939 14
67939 4
252806 16
59149 6
57939 6
61239 10
72319 13
61049 10
61039 12
61939 5
56669 9
88259 4
62239 5
62529 5
55879 8
60189 22
62599 3
62949 3
63889 13
66759 3
65059 20
59239 23
63879 17
62359 11
63489 21
59459 22
56459 12
151888 4
65059 9
58189 3
60359 23
57049 16
56969 7
61019 11
57199 9
69079 20
61999 22
65099 0
63769 5
62439 22
67799 12
65109 13
81329 8
64929 10
59999 2
60349 13
60119 3
61989 6
53289 8
64989 15
64539 16
57649 19
63719 12
59829 17
62689 5
60069 17
62109 22
63279 20
72699 14
58419 23
57759 4
59399 17
59789 3
61609 14
64959 22
62729 7
61969 13
65009 6
58479 17
61999 18
63779 19
63019 5
62869 15
58560 5
70909 2
59069 20
65158 4
56719 17
60999 23
63110 23
60730 0
61019 8
61268 18
58819 22
57299 14
68419 3
62159 8
66158 9
62839 7
61509 13
74048 20
63568 13
58779 10
65119 8
72789 4
62369 17
61989 4
63250 16
62399 7
57370 14
58079 4
70290 21
63499 15
79078 6
61769 6
74619 0
63699 3
65719 21
67319 15
66599 18
67579 14
64919 9
62709 5
64009 5
63629 11
61739 7
64399 19
60589 8
62519 19
60509 1
63599 0
75478 15
69779 1
61339 12
60490 5
59990 11
58449 22
57539 22
60139 3
63589 6
55499 12
65029 21
66619 9
60059 3
60679 1
64339 6
86519 23
68638 15
66719 22
59779 23
60268 6
61430 14
61430 13
58589 11
65739 21
56869 17
65589 15
60429 5
63589 3
63009 3
63319 14
56819 14
83628 15
69308 1
60989 17
61739 8
62559 6
61479 23
59259 5
59610 3
62869 11
61039 21
59739 18
65299 5
60179 0
62309 16
65499 16
65369 20
78199 18
66950 22
64018 18
59569 14
65310 9
66928 13
66489 8
63739 23
62909 2
63669 1
60879 17
60679 16
65479 18
59469 12
63569 1
171708 8
61860 20
58629 0
56239 7
63779 20
63409 2
61439 18
56499 15
59669 3
62569 21
61079 13
63519 19
66639 3
58889 2
60149 14
77839 19
63859 14
63219 16
63009 7
58129 12
63009 6
68789 4
57899 16
59799 22
61569 12
63039 15
59489 18
65529 21
62999 21
62569 14
59599 18
77449 4
56419 1
66269 18
61739 17
61459 22
59709 18
64739 20
62379 16
67779 16
59809 20
62009 5
61549 9
59819 23
61969 6
62019 19
65119 0
75809 5
63839 0
56269 3
65589 14
62729 1
65039 9
65349 1
61589 16
54389 22
69139 11
59219 6
59989 13
65239 21
65249 9
67009 21
122468 3
63729 16
64869 2
66029 22
64239 17
58799 13
61859 16
62319 18
56809 9
64319 22
66889 13
72439 4
59879 16
62679 6
62429 1
80429 10
63049 20
57339 23
62419 13
59789 15
78799 22
53359 17
64079 3
64459 2
70899 4
64519 20
61249 0
65849 12
65569 10
65089 5
61229 14
75519 14
61670 21
63750 22
61148 22
63508 11
62928 20
62230 13
60068 16
63288 9
55369 17
63909 13
64179 14
65248 17
62928 2
60879 22
73739 7
59519 11
60688 20
58600 21
62959 23
61019 8
59139 19
60749 14
61769 1
66399 2
62559 18
62249 18
61939 19
64139 10
64159 5
63289 15
77899 13
67379 21
60948 16
62279 16
59779 2
65319 18
65199 8
61359 15
65110 23
59819 12
61939 3
62519 20
61159 14
62870 9
54940 12
67809 12
82878 7
61969 8
65969 18
61519 20
67039 9
65539 21
56489 3
63719 15
60900 8
64999 6
60900 3
62519 12
62208 12
63299 2
62879 17
62590 14
155528 14
57789 3
56949 16
54499 22
60569 10
65169 22
61679 14
60719 19
63859 22
60939 21
64659 14
62919 22
63789 9
60259 4
79679 16
61739 17
58559 13
63119 5
72329 6
59579 7
61689 21
63419 4
62419 5
60749 13
58479 20
68779 11
61359 6
58899 5
61059 14
61829 16
83379 5
65669 0
57019 20
63289 2
59859 18
59679 15
58119 2
63319 22
67209 3
62479 18
62809 17
61819 14
59559 1
60809 21
60139 1
65689 4
83169 1
62239 5
63429 0
58499 16
57549 8
64409 8
65949 21
66209 20
64419 23
65499 3
68039 11
62249 1
64399 19
60869 13
59079 20
77869 7
59609 22
57439 3
61839 21
67259 11
55139 4
62429 17
60289 9
64489 10
60919 3
61779 21
66519 17
61639 12
59889 15
71669 1
62639 12
73979 0
61339 13
65999 23
64649 14
62109 23
60999 13
57609 18
63469 18
60129 21
65249 4
60629 13
55599 16
63299 6
63079 4
65769 23
55319 12
74469 19
61999 19
56009 12
66549 15
63789 5
64969 16
63169 5
63239 22
63499 17
103858 6
65859 9
75119 23
66639 1
61819 20
62079 23
65309 13
58039 2
63209 22
60209 13
64319 15
63749 16
64309 1
61499 7
59249 19
61239 20
59709 19
61469 10
57000 15
63899 6
60399 12
60810 22
70648 5
67019 18
61839 9
65579 22
57179 5
60588 18
58049 14
67949 3
59310 23
64368 8
62490 11
63199 9
62909 19
68308 7
56320 0
63499 7
80518 5
64669 19
61719 15
62229 19
60869 21
65459 14
66739 8
63289 5
67119 3
63439 23
57529 7
58959 23
64289 11
56629 0
66608 6
60650 17
138967 18
57699 22
65699 22
61689 21
57849 3
62559 10
55639 23
63239 15
59440 17
63549 23
55769 5
60249 20
60619 4
67619 21
53339 4
81069 2
61029 18
67119 2
61270 13
63189 4
63469 17
58239 18
64199 15
62329 8
61789 10
66209 22
65879 23
56070 20
61379 20
60509 9
63869 7
76029 0
62870 18
64450 13
63899 18
67999 11
64010 13
70009 11
65059 2
64149 10
64689 20
67079 7
60069 12
61149 0
64079 15
65659 18
69639 8
64309 2
64259 11
67309 14
54709 9
68519 1
57489 20
66079 18
62879 19
64499 14
61499 11
62149 20
66399 3
64379 20
66679 22
65089 2
76239 2
57179 7
57849 13
63379 8
73799 13
61929 10
64559 19
61839 11
60959 21
65339 12
60489 5
62779 10
56289 12
62979 2
62999 13
74499 0
58319 1
58189 21
63319 17
63479 0
57809 10
61299 22
63479 12
59989 9
63509 16
65449 8
60969 3
65569 20
61489 9
63499 12
63279 3
76339 18
60439 10
65499 11
57889 8
65289 11
63249 19
69479 12
60879 21
62929 22
62889 7
64079 15
61259 15
63629 22
66519 20
53659 10
61099 16
71659 8
64739 8
64429 12
54559 8
57089 21
58719 6
64009 15
65829 20
63709 15
63719 22
56739 20
72439 1
65379 19
61989 15
61979 19
67449 5
73359 13
56429 3
62139 15
61569 2
62439 22
61599 11
61809 1
60929 23
61899 11
55979 5
66759 16
64019 2
64539 19
67229 19
63409 8
61399 20
81589 2
67849 0
62239 15
61109 14
56659 21
57889 2
61059 15
57239 5
58039 7
64939 19
59389 0
64379 21
70029 12
72469 11
62659 23
110878 1
56569 14
58659 1
57349 5
60909 9
62429 20
53468 10
717768 15
65729 22
195817 2
62759 16
92679 22
65659 4
75338 3
71799 17
84469 2
84428 10
68699 0
78049 12
63579 12
61719 19
59679 4
57520 18
65988 0
63629 11
66289 2
73119 13
70649 18
66089 10
65849 6
89329 8
66010 4
82039 1
72339 11
73029 2
74719 3
76028 3
80968 21
64609 10
73899 20
67229 8
68029 0
68349 7
81048 21
69519 3
78078 11
74979 21
65069 12
66319 7
56539 13
57499 18
70069 21
58999 20
80599 3
88719 17
78388 14
76439 9
62669 11
69299 23
60449 14
83549 22
85789 9
114298 8
56890 9
67119 13
60290 14
63208 3
229286 22
67069 1
87228 17
77838 15
83579 20
61209 8
60659 18
62159 10
55199 14
66689 13
63179 19
58729 12
94559 14
74698 6
64859 12
81538 0
113728 5
85519 17
81829 11
75358 3
74048 19
60449 17
58790 22
63310 19
80889 11
66999 23
74069 9
64999 14
89928 21
72918 21
60899 11
63748 17
79668 5
69979 12
97349 7
78679 23
66769 2
61349 2
64319 4
63119 1
56929 11
59789 10
68189 20
70729 5
80569 0
72759 12
88728 16
83459 17
64549 12
58509 21
68349 18
146418 22
78078 19
86589 2
72229 12
64639 6
57959 8
69619 14
62739 14
89248 23
56450 5
62339 19
74439 10
80769 19
68729 9
87569 17
83508 1
66619 23
67619 0
102159 5
107489 18
74909 13
108228 17
108578 14
82779 6
88658 19
106868 20
63869 10
64369 22
63419 20
66319 5
67859 5
70028 12
74828 11
95328 0
78809 4
71029 19
60779 6
62079 2
58799 19
54419 11
67749 21
60589 8
65639 6
58069 2
65229 3
61409 21
53469 21
61509 20
55169 13
72649 13
63419 18
60889 2
66079 7
64629 23
67129 18
70169 22
69118 23
64979 12
60419 10
62349 14
67429 20
74168 23
58519 0
62179 2
73439 17
60330 14
53490 11
59199 21
67519 4
64299 5
60430 9
60939 11
62199 21
68379 22
51939 16
62169 15
67969 11
69859 8
59348 9
57719 13
71479 23
61839 13
62459 0
75199 15
79379 20
66449 6
62349 2
69749 10
57789 19
61119 22
55559 6
60009 18
61299 5
61399 17
66479 13
65639 5
83719 22
64159 7
61239 19
61979 8
59959 5
60769 8
58739 4
75069 7
62869 8
60089 1
62179 14
58649 21
60189 4
61869 18
63939 15
78379 20
64099 1
59489 23
62919 21
73289 5
65449 9
62609 18
77248 5
44689 10
46219 23
43709 3
40410 19
49849 12
44359 15
62279 1
45400 17
46520 11
