1140 3
7270 16
6510 18
5050 0
12550 10
4120 10
8360 0
7060 5
5920 5
5030 10
4620 15
11839 21
6069 4
4989 12
300 3
11260 23
10499 5
6270 12
6380 9
4580 5
7310 20
3890 10
5470 10
3570 8
3590 13
5480 17
24380 15
9010 19
4730 11
4910 1
8930 9
260 3
10129 22
15569 17
18089 12
4530 8
3680 2
7270 5
8110 10
5060 10
4550 6
340 3
5470 1
5050 4
10880 14
5840 9
4380 4
9460 8
3690 11
4840 2
5140 0
25119 17
9925778 7
5850 12
4080 0
8150 14
8790 1
7450 15
17449 19
6360 10
4969 14
13790 12
4790 11
8540 16
9020 6
20870 9
4060 5
8850 17
7710 18
21570 16
4980 15
3850 8
4180 1
3530 2
8651 15
4620 2
14729 8
4399 8
6040 23
6240 23
984073 19
4220 13
408757 19
6180 20
13540 14
8260 10
4470 8
5160 6
5150 0
5020 14
4530 5
6500 9
4390 14
21210 13
7160 21
7860 21
14039 13
4700 4
17970 15
7470 17
15360 8
3150 5
6670 10
7900 22
5980 20
27390 17
17430 11
8669 0
9860 23
7100 11
4940 4
8530 21
5070 23
5140 14
2520 3
7290 6
8200 10
9610 22
4110 15
8350 20
4090 16
4420 16
9460 13
2510 3
3790 4
7530 11
5749 18
10589 5
21550 19
5510 1
12460 20
14530 23
3430 12
3950 13
5060 10
5000 18
13520 5
5370 2
9170 9
13410 9
5240 16
9739 23
5389 12
3520 12
18749 10
8150 5
4000 13
6880 16
33510 11
7010 10
14870 14
6110 5
10600 18
4780 6
470 3
8080 1
7980 21
6420 15
420 3
18360 9
4559 5
4610 10
510 3
9480 15
9090 13
4720 15
12810 19
5740 20
5130 2
12420 9
8030 21
3600 6
5580 8
19880 10
5720 4
469 3
9320 5
6611 23
16999 22
4280 21
3640 18
4560 5
7430 17
22570 6
5510 14
12800 20
9340 2
6500 18
19650 23
7109 16
5800 22
7370 20
8270 18
6110 14
17250 19
520 3
16250 13
4170 14
7930 6
5380 14
17220 20
6319 4
6160 5
4909 10
15809 23
8660 15
9740 16
6730 2
7860 15
2990 10
2880 2
8570 23
3360 16
8130 20
9140 23
10170 1
4860 4
39019 19
12120 21
15540 19
5150 10
8830 2
6030 2
9190 15
4040 8
4340 14
3460 7
5090 10
43840 11
6390 10
17709 17
5249 10
4999 17
13490 21
13200 11
9540 23
3490 2
5580 10
6790 4
8330 21
10570 23
6380 9
3910 4
7000 21
18870 19
3740 4
8371 21
12671 13
21629 20
9760 21
22200 17
20910 15
5470 4
4160 15
6760 15
5980 15
3730 0
3910 15
3430 8
6800 1
3320 0
4269 9
6589 8
5349 17
7209 10
6090 18
5650 0
4170 12
3950 1
4600 5
5180 14
5740 14
4650 1
9630 20
3980 18
8280 21
4970 6
4940 12
8530 4
6370 19
3440 7
3850 12
3010 4
3840 13
8519 18
22949 13
7570 22
7590 20
6130 6
4920 15
6170 11
4240 4
4260 6
3850 1
25860 17
8150 22
16289 17
3220 1
5780 5
7660 7
8339 20
4330 17
5430 15
4610 5
10660 4
46730 9
5320 0
3800 5
4570 6
3490 7
7240 23
580 3
5160 10
4609 12
9840 21
12620 11
5691 6
4429 12
8720 14
11240 19
6460 2
6790 17
9900 17
14910 17
5650 17
5750 7
5350 8
9390 1
13210 10
9249 15
5331 22
10049 6
4620 7
5720 14
5690 12
6720 23
7360 23
5760 22
8410 22
4070 2
8630 15
3810 12
5920 8
3890 12
16770 16
4500 0
4400 6
3360 12
3490 6
6930 5
6050 4
12289 11
5251 11
4720 2
5020 7
3451 1
4720 12
7330 11
6630 0
370 3
300 3
3870 12
10290 18
8430 23
3870 8
4350 11
8030 18
6600 18
8760 10
23810 8
6560 1
5990 22
4400 16
6051 8
16951 16
11919 23
19860 9
17720 19
3160 7
480 3
14400 4
9610 6
4880 2
53699 15
23470 22
4060 0
3460 7
5720 5
3860 1
6980 6
6020 1
6230 14
3710 6
4060 16
5700 7
3440 7
34400 9
34320 19
4240 1
4800 14
1120 3
8710 6
330 3
8740 19
360 3
4600 4
7750 23
5420 7
4770 10
13840 22
25220 1
4631 23
4040 0
37659 19
27990 19
7250 10
6790 22
7900 8
5700 23
400 3
3130 4
5900 1
8310 8
4290 4
10469 6
4720 5
10631 21
6249 23
2600 3
11760 15
8350 13
3990 7
6010 19
5750 12
5770 23
4460 8
2690 7
9770 5
5740 14
5670 6
300 3
6160 7
6310 18
5110 23
6480 6
7360 8
13670 11
6429 1
13560 11
4399 22
2970 7
5020 17
28190 19
6830 2
10220 23
22140 13
5370 20
5370 14
5110 1
3570 4
5590 21
4400 5
10009 15
3451 2
17371 21
3040 2
3900 8
6000 1
5010 18
5510 4
5090 16
4680 0
7860 20
30520 13
460 3
4290 1
5569 11
7260 19
6249 5
6540 2
5689 7
9119 11
6580 17
3450 12
8940 5
3230 12
19680 17
21070 0
15090 18
8890 21
5330 10
4110 12
4410 7
5300 19
5420 14
3931 0
5991 4
3629 18
4980 18
8099 16
11240 14
7320 6
7080 18
4340 0
4030 13
11130 22
9320 4
9140 14
7370 22
4540 16
360 3
4680 16
5880 21
9140 18
9860 22
8920 9
6160 22
3420 3
15849 9
5660 17
4440 1
8350 9
7540 20
11280 9
8680 0
35350 19
8210 23
7160 9
11591 11
15569 18
4789 7
5410 11
12020 1
27810 21
5140 23
7340 5
4570 23
22190 17
7780 15
6310 11
10210 22
4860 17
9649 6
7629 5
4430 5
10090 21
7080 19
13870 9
4190 12
6350 23
5950 16
3060 3
6270 23
12710 19
6530 9
9620 2
4770 12
5850 8
5240 5
8329 1
3580 7
7340 2
389 3
4540 13
3760 2
6230 20
9440 22
3450 2
5400 11
3800 7
13271 1
9150 16
9280 5
8650 21
4890 5
6680 20
5540 1
4420 10
6980 16
8820 19
6160 15
14700 2
24020 21
8499 9
8440 2
188969 8
3630 4
440 3
10360 14
4500 13
10320 17
8720 14
4160 12
7280 8
16760 19
390 3
11320 21
4820 12
10060 11
6911 20
5220 10
34170 19
6850 19
4780 2
8630 23
7710 9
4540 15
7070 2
4470 15
6170 13
9110 17
5030 11
8610 22
4391 3
6960 21
7260 8
8040 20
13920 15
6940 2
3820 1
4680 19
17020 18
5540 20
2730 2
5310 5
24790 17
4510 20
6780 0
360 3
6270 5
3700 7
4850 10
5869 23
8969 11
12020 17
9180 18
38620 11
5110 6
11980 6
12590 8
5840 18
7280 4
520 3
16020 14
14179 21
14191 0
8140 0
10830 4
5450 23
35720 19
5100 23
11170 18
20980 16
5650 5
8000 18
9719 15
5920 22
12460 10
10010 14
12500 15
8220 13
7340 20
6000 18
3720 11
10040 15
882184 4
8050 1
4969994 12
4800 16
44994845 11
10630 11
4830 16
3950 2
120003434 23
78839 8
19530 4
209388 4
16350 16
82079 4
87249 5
11930 15
8500 17
13870 19
19520 16
2465763 21
10000 13
8220 19
8020 16
580 3
14680 21
9779 17
8790 5
8790 11
15520 2
7270 10
7210 15
10340 14
11650 22
6620 21
6580 19
330 3
5770 2
9060 9
5860 15
4360 16
14729 20
6259 5
5560 1
8550 11
4580 14
350 3
76800 12
16170 21
6509 8
16940 18
3450 2
4900 11
4800 14
5540 14
5160 23
4580 23
3870 10
7910 20
8590 4
5890 22
4990 11
11600 8
7670 11
11500 13
4100 13
3660 2
14120 22
4909 14
4951 6
6680 23
13019 9
10500 4
4960 21
5360 0
5770 20
6220 7
5300 14
7430 1
4020 18
4410 1
4210 18
18000 22
5470 6
9620 14
4900 13
5640 23
4940 5
5040 2
489 3
7100 5
4980 10
4169 16
7519 22
5110 6
4830 4
12100 22
6570 10
6430 7
4840 2
4720 8
9940 12
5511 9
5449 2
3749 12
5340 13
4000 6
4500 5
8610 22
7140 1
6150 6
11420 16
8550 9
5730 1
6300 1
30430 18
10279 14
3580 12
10200 11
5911 10
5120 5
11210 11
7190 18
4850 0
3360 0
20570 19
6740 12
13010 8
7860 10
9080 22
660 3
8230 16
5370 18
10530 17
6150 15
5071 20
3640 4
5929 5
3869 6
5980 13
8230 19
4190 14
4950 7
29160 17
10040 7
6850 21
8060 10
16060 22
5770 11
4750 6
7190 20
4940 20
3739 1
7400 2
4451 13
5211 11
5880 14
6230 20
8900 16
11350 17
4540 0
4540 13
4180 7
101660 5
4619 13
6120 8
9620 15
3240 0
7640 22
8510 17
12510 18
4970 13
9970 11
460 3
6610 12
9420 12
3990 13
54159 5
4319 18
6250 0
8340 8
4420 18
9050 14
8350 21
11400 9
7180 21
7200 19
24870 9
9230 20
5380 15
14030 20
20050 22
4240 2
6160 4
7550 11
13029 11
4271 18
6231 5
4380 16
8560 19
8380 21
4980 4
5770 22
4910 12
5390 8
4910 11
5350 9
6630 20
9520 12
6100 13
86329 0
5420 2
4510 7
5330 4
4520 14
7680 4
4630 21
4120 16
4760 5
4140 22
3020 2
189919 14
4549 23
5020 6
460 3
5731 22
13030 21
19320 17
5380 21
7100 19
5680 18
5910 23
9360 16
6500 10
7230 11
4250 16
3370 10
390 3
20320 13
5160 8
4759 20
371 3
6600 13
6991 13
8671 13
5151 21
6509 6
8400 19
8840 17
6520 15
6830 5
5670 5
13500 11
4230 2
5230 5
5510 15
3950 4
4130 23
4410 8
4450 18
5990 20
4640 4
4070 17
3930 7
5999 15
5960 4
3040 2
4271 15
5209 15
3340 7
4720 6
6250 23
4820 23
4240 10
8280 8
5800 14
3550 2
5780 9
8580 21
7530 19
4380 4
4320 16
4960 10
6070 23
3540 2
3500 5
