12929 23
8380 11
4789 6
7330 23
93690 19
6130 3
10216826 7
10120 9
3710 18
5090 22
510 5
11810 3
4920 5
5730 14
11030 8
4069 14
4400 2
6889 8
256368 19
3849 3
21380 13
5129 20
8179 21
3870 0
4120 18
988993 19
5310 3
9440 12
22150 17
2960 4
6240 0
3840 4
15530 13
3250 7
12260 7
6360 15
4291 14
5029 4
331 5
11139 10
5380 22
8910 17
4700 16
5180 15
13140 21
5190 15
9600 18
10680 18
6980 16
3230 13
8080 12
3760 18
5900 3
14010 13
6520 21
3060 7
7189 21
3020 12
9170 8
3440 2
4090 2
13210 22
8490 20
9420 22
4130 17
6780 6
3180 2
3430 12
4020 12
117089 15
6090 16
410 5
9560 9
5060 10
4230 7
9370 20
390 5
12100 19
6440 22
4730 9
7250 9
940 5
7651 1
5480 16
9640 22
5669 11
5189 3
15290 21
5510 9
20060 22
4720 14
4060 16
6400 14
4740 11
350 5
6220 15
2970 7
8550 15
7090 15
6640 20
22540 19
4330 3
5900 20
6440 11
5060 3
430 5
4650 16
10559 2
5551 8
9691 23
4251 1
5859 14
6480 3
2530 5
6950 17
9610 11
6110 13
3730 8
4950 18
34230 19
10770 22
6950 3
24590 17
5820 11
18489 17
10080 9
7820 18
9040 20
3220 12
5130 7
5030 10
5470 3
42150 11
6800 3
7180 23
10080 10
8000 4
3851 22
9109 20
5780 23
8020 3
2790 7
6220 20
5620 3
4600 9
5450 15
4160 14
9570 18
9800 4
3740 12
5050 12
13320 20
5670 22
4850 11
6800 16
5020 21
11669 20
10689 3
5711 9
4549 3
8940 17
8870 16
5610 7
8130 15
10690 15
6470 14
6660 1
4550 12
16660 19
6800 21
18020 20
7309 16
28600 20
7720 9
9130 15
5410 0
8170 23
6710 6
4960 23
6630 17
13340 18
8260 2
3320 3
51079 15
329 5
6500 23
25030 15
4370 4
10470 9
4990 11
18810 16
7920 23
5020 22
9150 7
5450 8
4950 22
46570 11
8969 1
3231 12
13120 11
6511 1
4670 0
16910 11
4100 4
5080 17
3030 7
3490 12
3920 8
5330 22
11660 13
4540 6
3960 1
36760 19
8309 9
3669 12
4169 4
3529 4
6509 8
5600 22
20959 19
6720 10
4090 6
19780 17
15470 21
9600 4
8020 9
4760 16
3920 15
7290 13
480 5
6810 10
10930 20
6100 18
4380 18
7200 10
9439 3
5500 9
680 5
8630 18
4930 8
3980 6
3740 7
4480 19
8860 22
10960 11
3010 6
4680 11
4490 10
8720 0
4110 3
5560 16
5400 1
15029 11
5000 19
4220 16
10360 22
22359 11
4570 1
6730 1
4340 3
4880 4
400 5
4840 0
4060 1
15990 15
5390 16
4260 2
4140 13
7790 2
12000 11
6170 9
16329 9
17679 21
20500 4
4570 3
5350 10
6090 15
3110 0
6630 23
11900 22
7250 19
5180 15
5060 4
2930 0
19390 17
8010 18
5620 0
5230 12
5840 16
9180 8
7410 19
6590 20
4100 16
9560 1
12360 6
20230 11
3270 4
4730 15
9980 21
13269 16
6209 17
5220 20
511 5
10279 11
8940 23
7250 9
8940 22
11410 21
5500 14
4690 1
18700 11
3930 12
5230 2
31269 19
7291 15
22609 23
8640 10
7620 8
15520 18
460 5
5840 7
8330 0
8470 0
6090 9
4980 6
4780 18
18560 13
15070 14
4980 17
16009 19
3920 12
2900 12
5740 10
5100 7
8340 3
10880 11
3790 2
7460 3
10250 9
12370 9
3900 15
5560 12
8010 8
8640 1
5450 10
4510 12
4440 6
8959 17
10529 18
6400 1
6720 10
5120 16
8060 21
4900 3
520 5
5170 6
7390 6
6970 20
390 5
5210 3
7160 9
6990 12
6810 16
5360 18
5100 16
12240 21
6020 7
9360 2
5610 6
9289 6
7620 14
7251 6
5820 22
7990 18
5910 16
10280 11
16890 0
4270 18
3830 3
11290 19
9879 14
1090 5
7420 8
26380 19
11920 18
5070 9
6610 10
7670 1
6440 10
8540 12
7020 14
5600 9
6110 9
5100 11
6649 8
3160 4
6140 7
7640 1
5860 4
309 5
8090 20
7290 19
3210 5
8140 19
14110 13
4730 11
6550 18
27460 19
7470 10
4370 2
6830 23
3630 7
4900 0
7690 9
4131 6
7071 20
4740 16
8460 20
5980 13
5880 8
5450 3
3910 7
7710 22
3900 4
400 5
7080 10
24050 19
2120 5
8760 21
1770 5
5190 14
8440 8
3900 6
9280 14
4790 3
3580 8
10391 14
5920 0
21120 19
44270 19
11930 17
9150 23
6400 22
5140 11
4030 14
4030 6
3790 4
4180 2
6700 21
36739 19
4030 11
8240 22
8670 9
5430 4
6010 13
7290 23
4800 10
5940 15
8040 4
10170 15
23510 21
6170 8
3729 18
8520 17
10351 9
10600 21
8769 23
5970 2
18770 9
30720 17
7050 10
5720 0
7470 3
8320 3
4650 6
11480 23
9669 20
5260 12
5250 18
3140 12
3880 15
6730 11
6110 2
8450 15
8800 3
6510 2
5260 12
4870 6
4840 10
21150 11
7020 20
15070 8
9300 4
3931 6
9111 9
7600 23
26990 21
25750 21
4440 3
4440 14
7900 1
3500 7
2980 7
13970 14
4650 6
14709 10
5451 23
6911 10
6569 15
9080 20
11550 11
4240 4
3560 5
3640 7
8550 21
6880 2
2160 5
6050 11
10780 9
7960 22
11790 21
12140 20
6240 16
7920 21
5860 2
13020 15
3720 14
3640 8
7359 10
6210 3
11990 19
870 5
14460 20
11230 15
19910 15
6460 20
24310 19
7239 17
7491 14
6320 21
5611 9
8410 22
7230 8
15600 13
4950 17
12980 22
4640 2
5990 21
7100 20
4920 3
10170 12
5030 9
8030 20
7110 6
4530 9
15650 15
20720 19
7539 15
7850 22
3810 0
10060 19
22830 13
9100 21
5440 8
5300 11
32450 19
8949 16
4720 0
6551 6
185339 3
14690 23
11700 0
7220 8
5160 20
7279 1
480 5
6060 21
6749 0
6569 8
5509 12
4640 14
3320 10
6170 6
12850 23
6820 22
5690 16
4550 6
6210 8
3950 12
5610 23
4270 8
4370 1
5080 6
6000 19
4200 16
5840 1
11150 23
10839 16
6280 13
10349 21
4249 9
7400 19
600 5
5760 0
9200 15
6310 20
640 5
930 5
6830 22
5140 8
4990 1
5840 10
5820 9
8660 22
540 5
5480 1
8320 18
6070 10
6510 0
13050 21
6500 3
8329 21
8451 20
6660 21
7600 8
19289 4
38430 19
4150 0
4410 22
5700 2
4680 8
5030 8
5830 9
6710 0
4630 6
7820 14
410 5
3309 12
12129 13
9480 16
6091 20
12899 10
6160 18
9340 15
7970 22
44860 19
4220 12
7700 9
10680 23
6699 3
33399 23
7890 18
6460 15
9530 9
8190 22
4910 2
3930 6
3800 8
3040 7
15690 23
4680 9
3210 3
8890 20
5640 2
7430 17
4240 6
5655999 4
112629 22
8930 22
8080 6
2900 4
2490 4
6160 13
34875669 7
4851 1
4051 2
10010877 11
10730 17
5150 10
4290 17
6630 16
14630 19
5100 6
5570 2
10160 17
5700 4
8110 19
119965614 23
33340 12
10820 8
9270 23
6820 14
25750 21
5260 23
12659 8
18591 17
7690 11
116579 0
10300 14
5851 6
5779 20
17800 22
4980 9
9320 19
5790 10
5120 2
6150 15
3530 2
10910 19
8670 3
5350 23
10510 5
13750 6
4869 10
92429 23
89369 23
4740 4
6510 12
5620 19
6980 13
6230 1
7350 16
17960 19
9480 3
9840 12
2361053 21
7390 16
13200 6
9469 16
10470 18
5570 15
6750 18
18460 3
5400 6
7370 14
7210 15
108239 12
4360 1
2940 4
12150 11
4770 7
9580 11
2820 7
7520 21
8290 0
8680 8
11800 18
14710 10
7189 2
8951 18
5409 4
10240 19
9450 9
6110 6
4110 15
6630 11
7470 18
4180 10
6050 9
11350 20
7290 13
5939 2
9709 13
6329 8
10531 2
2920 4
4070 10
4980 2
2970 2
4900 16
7910 13
7720 9
7080 21
5230 20
5870 12
4940 22
4580 23
6050 16
4630 6
4080 2
4470 12
10059 17
8380 16
4489 20
6629 21
7040 9
3169 4
8320 10
31640 17
6210 13
6280 22
3980 1
8190 19
5190 15
5270 21
4300 4
7840 17
12780 13
7830 18
7760 2
8751 8
6029 20
5929 21
6810 20
6190 12
125939 0
5369 21
4590 14
5350 23
5580 0
9590 14
6360 9
5710 9
3710 7
6870 19
7830 3
4360 4
4630 8
4220 8
6770 17
5370 7
59389 19
5550 17
5550 3
4250 10
9570 14
7250 21
6960 13
38300 9
5070 23
5990 12
4890 10
6000 11
6049 12
3971 14
5109 23
21549 19
7020 21
8760 20
8060 19
6600 23
8020 8
4900 22
6680 23
5840 15
3980 2
7360 16
14050 4
670 5
5150 16
7180 21
3920 0
9300 16
4491 6
6249 15
4660 4
4100 17
6500 6
6690 15
5710 23
4510 2
9290 11
4460 18
10170 13
4860 10
5350 23
5350 14
4460 3
5680 14
8300 20
7131 3
6400 4
4290 23
5150 4
6450 13
7390 20
4810 1
5550 17
7030 6
4530 23
4300 18
152429 3
4450 10
6750 13
4660 18
7300 3
7300 9
4720 14
18399 11
5720 14
6560 20
4920 9
4280 18
6870 12
5820 16
4470 12
10170 19
7120 11
4810 1
6960 20
5290 22
4740 1
4120 2
84819 0
4430 1
4510 18
6330 15
7820 8
5350 22
5480 23
4820 17
9660 13
190959 20
5169 22
4989 20
5260 18
33239 17
5990 23
5920 12
6660 3
8440 20
4880 14
7060 2
7050 4
5690 14
4430 15
4170 18
11080 9
5830 6
15009 13
5089 8
5091 18
4680 8
6840 17
4890 16
4570 0
4030 12
3180 4
5240 7
6630 9
3660 6
3330 0
4890 21
7610 13
4240 9
6390 16
5220 13
4810 21
10840 19
7570 12
