103919 3
61089 6
60990 15
63020 3
65399 16
62259 13
62479 20
62000 16
67579 7
61959 21
64709 16
64600 8
63100 21
74469 23
60589 1
67890 19
65950 22
73709 15
64779 14
69329 6
72329 11
74800 5
62779 18
61779 9
55969 15
55670 18
70619 21
68889 18
70469 9
58809 11
60369 21
61919 19
60309 6
56379 16
61659 14
55419 15
66960 12
65389 15
67699 22
61759 21
62899 12
61320 18
58359 10
60199 19
78229 22
63450 0
63280 8
62669 13
63569 4
58139 19
71909 17
76339 13
76049 20
75529 15
74799 17
67229 17
72969 12
76319 20
77328 5
74739 9
68899 17
63209 3
69169 3
73799 10
74230 3
76210 9
72429 9
70849 0
78929 6
58859 5
46020 23
52209 4
57529 9
52189 1
59599 22
53219 21
60259 19
56579 7
64219 2
64640 10
58910 18
54869 20
57150 15
63560 7
57929 3
58399 15
61270 4
60439 13
59679 10
61319 5
77728 8
66509 18
58569 0
66149 0
62359 15
56639 12
46999 3
57790 1
46599 22
55410 15
54089 11
58419 0
55759 22
53869 0
55759 11
53689 18
51459 9
59369 15
80149 21
69030 12
65180 10
67409 10
58029 23
67189 8
67369 7
71370 8
62359 13
63269 20
64949 0
68908 7
73069 18
73819 17
63579 3
83709 1
61719 3
65400 22
58889 12
60559 13
59039 14
59179 15
62229 15
62069 3
64030 20
69070 21
66889 12
68539 20
61929 15
68760 5
153098 17
55269 15
54319 9
64659 19
53769 11
57039 17
59760 13
63499 12
66059 13
59760 7
56250 18
65309 17
56649 16
63399 5
70619 9
84549 2
53739 8
55149 10
55630 6
56039 13
59599 17
53030 7
57099 21
55299 3
55800 2
54919 0
59149 13
63130 2
63289 8
66919 14
62969 8
65609 12
69159 6
66480 9
54759 12
53980 4
56459 11
63789 12
70289 8
62679 23
63389 16
62449 4
68319 3
71109 23
67190 6
72070 13
71009 1
76319 6
63329 3
53680 0
59990 7
52189 20
54930 4
55700 10
58109 23
53340 7
48449 14
53029 22
48649 3
50779 18
48910 3
53159 2
57729 4
58120 13
56769 6
64249 4
49799 20
49080 17
43579 5
49589 6
50749 2
56350 18
51789 8
52989 11
51529 18
56759 3
54959 1
49610 7
53229 3
51010 1
49349 11
45590 16
47250 12
41070 3
48430 12
63769 22
44059 21
46459 21
43320 11
49480 14
48379 9
48770 15
55419 6
52690 0
51080 11
50799 5
51000 22
51139 19
43769 1
48650 11
46479 4
45859 9
42829 20
48000 23
45069 9
57999 16
44380 19
47429 9
42800 13
51619 11
49420 1
46729 7
49510 9
52889 7
49210 0
46159 8
57139 5
56260 15
51620 8
51839 23
51680 0
49239 1
48819 22
46659 12
49149 4
66150 14
47489 6
49549 12
45489 4
45769 21
50370 14
47749 21
43160 14
45429 23
46460 3
43430 11
43090 21
51050 4
40830 0
47759 3
43099 7
49520 5
46479 6
49149 11
47819 20
46430 17
62300 2
51539 7
50350 0
46350 12
51299 21
45900 23
44719 8
44240 3
52809 15
45579 1
44249 2
50900 15
47390 17
45179 6
44130 12
46119 20
41630 15
45849 17
46840 0
47179 2
44729 15
71229 19
48419 21
42980 12
39169 18
46400 10
44400 4
47440 18
43710 19
51270 2
48510 6
50729 10
51109 15
52869 20
50499 18
54940 21
53079 19
68639 18
62500 19
51040 2
50279 10
132079 6
55429 21
53760 15
49869 2
50369 18
55820 17
53439 8
53739 1
53130 14
54749 5
55010 9
58530 22
56789 10
57769 2
59930 23
56729 14
70579 22
47279 5
53869 14
56889 3
59939 7
54600 20
56409 6
50930 23
49989 11
53169 8
62350 2
52219 23
51000 11
59779 17
57859 2
52540 13
46779 16
47429 20
49840 15
60889 10
48339 13
47699 13
44039 1
43740 6
44739 9
52320 6
47479 1
50310 3
45730 23
44830 4
49959 8
47939 17
51300 16
47819 2
50889 19
45850 18
42069 8
40549 10
49309 9
49430 20
58729 21
43259 5
39870 19
44320 11
47990 17
41309 12
42680 14
51479 16
45150 15
43699 12
39890 5
46309 10
41640 19
42929 18
41060 23
49619 8
47780 4
45729 5
44740 1
41829 3
42389 16
49209 13
61129 9
46820 6
46189 10
46750 7
44380 5
41170 6
54720 19
50439 6
45850 0
43589 6
44000 10
44969 12
49260 11
48020 13
52659 20
41920 10
42109 2
47110 5
48809 23
45380 2
43569 13
66349 13
50480 15
51769 15
44450 22
46420 2
43969 14
46899 2
44679 9
48069 0
43329 11
50350 23
46759 23
47060 4
45659 22
43959 13
51699 23
48029 8
40070 16
40060 20
49240 9
41069 13
56880 17
43959 5
44690 4
46169 15
48199 1
47809 23
50079 8
50520 21
47519 22
46600 23
48319 11
50350 19
46760 17
43129 13
43860 12
47269 13
47440 1
42479 15
50310 1
55519 11
53919 19
68140 13
47010 0
55799 17
51200 20
48859 11
49039 3
49070 3
52099 9
55790 17
53259 9
51770 11
48970 21
50829 13
57829 3
49159 2
53169 11
52230 22
46409 8
47240 11
66400 7
48469 9
52300 8
50430 5
49330 2
49530 17
54249 2
55639 15
52810 1
57999 13
49730 14
58119 0
50969 0
48530 17
49119 14
49489 15
49729 20
52399 7
46650 2
71729 4
46179 14
51269 18
48839 13
51730 18
45490 1
44820 9
41320 18
44410 2
45860 9
50249 10
48690 21
44029 6
46810 12
47619 19
50180 20
46890 17
48490 2
41130 22
45190 16
49219 17
136378 7
47940 9
40249 16
41580 3
42549 7
49079 9
48549 17
46809 17
47940 15
48609 21
46690 14
46699 18
45650 14
48500 19
43249 7
45919 1
42389 2
42630 5
47679 5
43510 13
64129 15
46750 12
49240 15
41799 14
49300 14
46509 10
46830 20
47839 5
44860 4
51460 22
52109 3
49530 15
50589 14
47280 7
49050 16
50279 2
51409 15
48469 6
42100 21
55259 21
60239 4
55070 19
48839 2
50370 14
48540 0
52369 21
46750 9
45919 2
46820 12
46629 19
45160 1
44930 22
44579 18
47780 23
47290 0
45460 2
48629 6
45990 12
52279 4
50079 0
46559 12
54029 9
42360 4
47799 14
45110 3
42069 11
43010 23
43459 23
43630 13
42579 5
48709 1
47989 17
46720 8
43960 22
45390 20
43739 6
50889 10
43080 20
45079 22
45740 20
43389 22
46050 4
46839 17
57339 9
49009 14
49519 9
47710 14
46009 2
46570 1
50500 23
44230 2
46250 10
45389 16
41160 4
42659 4
51170 0
46539 9
48090 18
44989 15
40690 1
39560 11
49669 20
42839 10
44410 11
62639 20
42139 13
44390 9
44379 18
45510 11
37919 13
45840 21
44849 21
41770 21
39979 0
45400 19
47279 21
40950 9
41840 8
59239 1
57440 7
49779 0
53400 14
50870 19
45409 5
41730 0
47059 6
59369 18
45750 5
40070 13
48110 19
43919 21
40859 8
43909 19
48709 1
42519 1
41210 11
48329 4
47840 23
44599 7
42170 20
46579 11
44150 16
40519 17
41610 20
43949 19
44950 22
42649 8
49280 21
61869 7
47789 1
46090 10
41309 9
40460 19
48059 13
48640 0
48280 15
42779 8
49139 15
43909 22
42670 16
44059 8
46130 7
40399 13
42870 14
42239 2
47270 21
46629 13
46940 5
39120 17
43259 20
60479 2
41729 22
42310 3
41339 17
47080 13
40049 7
42420 23
43939 17
40820 11
44759 2
48120 20
48539 7
46120 17
37580 2
44709 1
46319 8
45770 0
42310 17
42119 21
43429 23
41249 18
40909 21
67569 9
47009 20
39649 6
40270 20
47879 23
47899 3
42019 15
41710 18
44360 20
43549 6
38810 15
46809 7
49749 11
44529 19
40410 11
40629 7
44980 4
43859 7
45600 22
45609 11
47150 7
41439 3
81089 3
38720 12
45839 13
50019 6
49739 22
46910 15
50570 1
51479 15
53379 20
49759 20
52269 7
55030 14
50029 22
47519 0
51299 7
53009 4
46520 21
43719 7
53210 23
51209 22
64769 7
46940 2
48719 7
50439 9
50489 0
48589 16
50230 16
46939 16
51559 22
45439 15
50839 13
50479 2
46959 7
49470 8
52069 1
44889 17
51170 20
45630 1
46130 16
46849 16
62009 12
47079 9
50239 10
51280 5
49889 8
51539 23
51289 8
50469 8
49240 2
56109 23
49199 23
52160 18
47729 8
48970 19
51269 2
49720 7
48629 21
54659 1
44930 13
50699 11
62769 11
49489 0
54379 12
56180 0
61829 16
59639 8
57609 5
51199 13
50859 22
49080 17
53279 13
51689 15
50450 17
49629 5
52519 22
56799 12
58519 2
55149 1
65669 7
56969 4
50769 14
52920 13
50749 22
51010 0
49469 14
49729 20
50030 18
52409 20
47299 5
51899 10
49089 16
54350 14
49629 14
46800 21
52860 2
55439 16
49980 22
62449 19
46219 8
44619 1
48679 21
51420 8
54149 22
48200 21
50800 17
51339 10
51700 11
49619 3
57180 9
50259 11
51339 7
55649 15
55440 6
48929 3
53750 0
51999 10
47120 3
58860 3
55789 11
48749 15
50379 3
49099 12
46200 15
49259 6
52390 5
46670 2
52650 13
55220 7
52889 9
50459 6
49019 18
51789 11
48540 16
46489 8
46740 14
53029 3
60379 22
52740 14
43999 9
55369 7
45879 19
46689 12
50900 5
52829 0
51649 20
44499 6
45810 11
52050 9
55269 2
48150 5
48959 13
52179 21
53929 11
52149 1
50329 3
46880 7
57499 1
45430 14
51089 10
47140 11
49229 20
51669 1
51219 12
52899 0
49739 5
46570 14
53909 22
55779 1
51109 22
49139 23
49379 19
49459 7
48410 18
48829 3
45730 9
53739 14
66419 16
50030 8
50329 12
50550 16
49950 15
46499 4
49880 1
50189 13
48410 12
44660 0
44649 3
52479 1
50129 23
46280 13
51259 1
51249 2
50369 20
49769 0
49120 23
52509 9
126718 2
46499 20
45710 2
45630 18
37539 11
43080 23
39369 22
40899 19
35780 17
39820 2
44500 4
43119 10
43730 15
37290 1
37770 5
48249 8
45380 4
43809 9
46279 11
43729 2
37620 3
35019 10
51810 4
38699 21
37690 2
38580 8
44389 14
47100 6
45220 4
48670 6
40539 16
40540 11
40950 12
51170 17
48249 21
46130 17
41519 23
41860 22
41579 13
41940 1
40599 12
48910 20
40949 3
44140 23
42460 9
58869 7
39849 23
39009 1
38369 20
39789 5
41949 3
41649 5
46499 2
41840 19
41630 7
42850 23
43650 7
39879 4
46209 8
41160 3
41580 17
43600 2
43190 14
39850 6
43550 6
