87039 0
36920 0
33199 1
32729 1
31310 0
41450 0
32929 1
33090 0
33430 1
31469 0
35009 1
37330 0
32240 0
31950 1
33519 1
34340 0
32820 1
33780 1
32269 0
31780 1
29350 1
31780 0
32119 0
33630 1
31260 0
33689 1
32590 1
32350 1
33300 0
33779 0
33160 1
32960 0
32930 1
34589 0
37270 0
43970 0
31599 1
31360 1
33900 1
30949 0
35740 0
31970 1
32550 0
31239 0
32240 0
33790 1
33380 0
31360 0
32650 1
32990 0
33950 1
32100 0
33150 1
32510 1
31550 1
33300 1
31510 0
31650 0
30360 0
33050 0
31600 0
31470 0
31320 0
31730 1
30250 0
75720 0
29630 1
30279 0
31760 1
35760 1
32649 0
33380 1
31330 1
32970 0
31649 1
31030 0
31650 1
30850 1
30409 0
33250 1
31680 0
32339 1
32579 0
31810 1
33660 1
32279 0
34470 0
31610 0
32500 1
31389 0
33129 0
30450 0
33300 1
31410 0
32080 0
38550 0
32450 0
30720 0
32070 1
33250 0
36650 1
55819 1
49780 0
50979 1
45170 1
48830 1
45989 1
51240 0
46539 1
48350 0
47140 0
47449 1
50459 1
47920 0
47799 0
48140 0
48860 1
63989 1
50090 1
50569 1
49790 0
47789 0
49110 0
45960 0
47609 1
46810 1
47749 1
46760 0
52100 1
45189 1
47780 1
48560 1
47539 1
45580 1
49259 1
52090 1
49580 1
58049 1
48100 1
48569 1
48949 1
50670 0
45779 1
48410 1
47850 1
48609 0
45910 0
48869 0
48460 0
48240 1
47149 0
50000 1
51659 0
50049 1
52180 1
50409 0
48350 0
49219 1
58430 0
47280 0
47229 0
45780 1
49899 1
48050 1
49210 0
47430 0
50490 0
48370 1
48229 1
50600 1
48049 0
49780 1
47810 0
47309 1
46260 1
48630 1
49859 0
48750 0
54449 1
50070 1
46110 0
48939 1
47120 1
49809 0
47839 0
48860 0
52899 0
50480 0
47670 1
45899 1
49040 1
46379 0
47160 0
46780 1
50129 0
48540 1
47359 0
45470 1
48370 1
58949 0
48540 1
45940 1
49149 1
48210 1
48729 1
48230 1
46080 1
50299 1
45950 1
48899 1
47100 0
48310 1
46569 1
48210 1
48200 1
52959 1
45830 1
50609 0
45990 0
56550 1
49729 0
49970 1
47259 0
47140 0
48580 1
46629 1
47650 1
47479 1
48960 1
46340 1
49419 1
48649 1
48760 0
46839 0
49660 1
45979 0
50600 1
47280 1
50430 0
48530 0
55490 1
48669 1
45300 1
48470 0
48819 0
49030 0
46469 1
50040 1
46480 1
48389 0
46760 0
48479 0
47650 0
52580 0
46679 0
52210 1
48800 0
47220 1
50920 1
46569 1
63350 1
45430 0
50360 0
46380 0
48429 1
47660 0
47589 0
47809 0
47890 0
48969 0
50780 0
48000 0
50089 1
51540 0
46809 0
48710 1
46510 1
48699 0
47350 1
50679 0
81510 1
49400 1
49150 1
48530 0
45589 1
47510 0
47229 0
51690 1
49920 1
50309 0
52650 0
48889 1
48040 1
47820 0
48859 0
46389 1
49090 0
45219 0
46880 1
46379 0
32949 1
41540 1
31860 1
33979 0
33800 0
37910 1
38359 1
39310 1
30970 1
32510 1
32330 1
33879 0
32020 1
32220 0
31680 0
34480 1
32690 1
35540 1
32030 1
31570 1
35980 1
33450 1
31589 1
34070 1
32710 1
33580 0
35650 0
34370 1
32220 1
36739 1
47769 1
32870 0
32790 0
32209 0
32310 0
32630 0
31839 1
33450 1
30740 1
36350 0
35079 1
33599 0
35070 0
33280 1
33690 0
32789 0
32630 0
30610 1
34419 0
32459 1
32260 0
30550 1
33520 0
31259 0
33210 1
33320 0
32769 1
33089 1
34070 1
38379 1
39810 1
35560 1
30920 0
32939 0
31159 1
33000 0
31140 1
33039 0
31470 1
32970 1
30910 0
31269 0
31159 1
32150 1
35330 1
30779 0
33800 0
30420 1
31020 0
31319 1
32189 1
30520 0
32730 1
31659 0
32740 1
30800 1
33590 0
31869 0
31460 0
33860 1
48549 1
36430 1
31740 0
34110 0
31469 0
31119 1
32330 0
32650 0
32479 1
32110 0
31930 0
34290 0
32389 0
34070 0
31430 0
33390 0
36940 1
34180 1
33480 1
31580 0
34010 0
31500 1
32610 0
30750 0
32730 0
32310 0
32930 1
31900 0
31960 0
31890 1
41880 0
32649 0
33590 0
31130 0
33520 0
35219 1
32860 0
34150 0
31469 1
31960 1
31070 0
33710 0
31000 1
31909 0
30250 1
31440 0
30139 0
32350 0
33080 1
34640 0
33230 1
33780 0
34430 0
33450 1
32370 0
31619 1
32430 0
31230 1
32460 1
31640 0
31640 0
40160 0
36220 0
32589 0
34110 0
31980 0
33799 0
34810 1
33150 1
33699 1
34800 0
32440 0
32600 0
32559 1
33490 1
32840 1
31230 0
32329 1
31629 1
39420 1
38789 1
36519 0
32730 0
33340 0
31700 0
33959 0
34090 1
34330 1
31729 1
33159 0
55840 0
32740 1
34010 1
31620 1
32540 0
32169 1
35079 0
30220 0
35640 0
33289 0
33440 0
30800 0
32589 1
33170 0
32550 0
31630 1
31759 0
33119 0
32280 1
32460 0
33160 0
33080 1
30010 1
31860 0
31270 0
30840 0
31320 0
34420 0
34240 1
35579 1
43400 1
32800 1
31179 0
30730 1
33390 0
31500 0
33139 1
31790 0
32610 1
30740 1
32009 0
29970 1
30790 1
31370 1
33859 1
31140 1
32280 0
34540 1
33869 0
32730 1
30980 1
34320 0
32890 1
33310 1
33510 1
32409 1
32479 0
32880 0
31860 1
32110 1
33429 1
43300 1
30630 1
33049 0
31940 0
33820 0
32859 1
36299 0
35330 0
32120 1
32870 1
33180 1
33360 1
31570 1
32719 1
31850 1
33110 0
31990 0
32509 1
30290 1
38080 0
33510 1
33359 1
34010 0
35670 0
32120 0
33160 1
33270 0
32640 1
32589 1
31539 0
51410 1
31070 0
31669 1
32850 1
33540 0
31430 1
33749 0
30250 0
34570 1
35550 0
34650 0
36070 0
31130 0
31629 0
35140 0
31620 0
32730 0
31590 0
35909 0
31340 1
31910 0
31429 1
33790 1
32470 0
37220 1
33629 1
36640 1
35010 1
36120 0
42820 1
30550 0
31160 0
32279 0
34329 0
32030 1
31610 0
33370 1
32329 1
30810 0
32440 0
29519 0
32580 1
39130 1
33490 0
33090 1
36100 1
33250 1
32919 1
31350 0
32160 0
32830 1
30829 1
32689 0
32680 1
35640 1
36220 0
43439 0
34300 1
33800 1
46450 1
31960 0
34980 1
32010 1
35880 1
30070 0
31490 0
34310 0
32970 0
30490 1
31399 0
34490 1
33830 1
33770 0
35510 1
33130 0
32760 1
35140 1
37780 1
32520 0
31500 0
33490 0
31930 1
34540 1
32970 1
34260 0
30560 1
34810 0
31840 0
41879 1
30739 0
31510 1
34130 1
35230 1
33869 1
32330 1
35710 1
31659 1
31440 0
32830 0
36289 0
32140 1
33050 1
36310 1
32890 1
32419 1
33320 1
31780 1
35730 1
38209 0
33020 1
33840 0
38429 0
37630 0
32210 0
32159 0
33089 0
32250 0
35640 1
40109 1
32190 1
31120 1
33189 1
33170 0
33140 0
36900 1
37090 0
32789 1
34800 1
32520 0
33440 0
31130 1
34550 1
31350 0
31730 0
32010 1
31370 1
31360 0
33400 1
30330 0
37340 0
32400 0
35419 1
33160 1
34300 0
31910 0
32240 1
32050 1
31950 1
41780 0
31530 0
35410 1
31390 1
31670 1
31409 1
33420 0
31860 1
34990 0
35770 0
32810 0
32050 1
32819 0
35660 1
36190 1
33200 1
32340 0
33220 1
30970 0
31689 1
34719 0
33190 1
33020 0
33709 0
31129 1
32240 0
35350 1
32329 1
32289 0
33020 1
34060 1
33889 1
33280 0
29760 1
31680 0
33889 1
32850 0
37380 1
31909 1
33859 0
34350 0
36160 1
33360 1
31340 1
35790 1
31950 0
35399 0
32720 1
34050 1
32649 1
31359 0
34400 1
35120 1
32590 1
30210 1
33750 1
33990 1
31560 1
31060 0
45250 0
35700 0
32690 0
35640 0
33480 0
32280 0
33879 0
36420 1
32150 0
37410 1
36349 1
34850 0
36230 0
33430 1
35100 0
33730 0
36910 0
36330 0
30610 1
32460 1
34109 1
37650 0
35210 0
36309 0
32349 1
33130 1
36510 0
33869 0
36950 0
43920 0
33140 1
37859 0
32400 1
30580 0
35649 0
31430 1
36090 1
34220 1
33209 1
38349 0
32960 1
35130 1
36280 0
34450 1
33850 1
31360 0
31289 1
34800 0
35020 0
32230 1
41129 0
33510 0
33460 1
33800 0
34610 1
33500 0
31549 1
34970 1
44730 1
38879 0
35640 1
36600 0
34320 0
36459 1
30269 1
36980 0
34540 0
32890 0
31309 0
39340 0
34199 1
33749 0
32030 0
34220 0
36440 1
39820 0
36990 1
31610 1
33469 1
34820 1
33930 0
33780 1
32890 0
32340 1
32680 0
32169 1
54450 1
31280 1
35160 1
35889 1
37200 1
34970 0
33540 0
36849 1
33200 1
38370 1
31640 1
33140 0
35760 1
32640 0
30339 1
37420 1
30720 0
35539 0
31170 1
36920 0
33870 0
31799 0
38519 1
33480 0
34430 1
33920 0
37419 1
37820 1
36390 1
40380 1
36270 0
36780 0
44969 1
57910 0
53599 0
55010 0
57149 1
65880 0
59460 1
63339 1
57129 0
56799 0
56320 1
52659 0
49350 0
45540 1
45239 1
45910 0
56709 0
49420 1
45690 0
47609 0
48160 0
119239 0
49800 0
88860 0
85019 1
54730 0
74359 1
53980 0
82699 0
51600 1
68449 0
55940 0
73899 0
53210 1
78679 1
57299 0
81389 0
57839 0
73689 1
56479 0
86570 0
85699 0
59960 1
81390 0
58519 0
76299 1
68239 0
75650 0
56379 1
91480 1
55990 0
87109 1
56050 1
86899 1
55640 1
77729 0
55460 1
60269 1
66690 0
61319 1
89539 1
57139 0
84629 1
59640 1
64229 1
55629 0
81719 1
55810 0
84399 0
58150 1
82519 0
53710 1
83889 0
56300 0
83269 0
90909 0
56580 1
81269 0
56120 1
85929 1
56950 0
77969 0
60799 1
83329 0
57120 0
78750 0
50859 1
72760 1
58029 1
81520 1
54449 0
83740 0
50519 1
84799 0
80010 1
52499 0
76250 1
49500 1
58380 1
53480 1
74969 0
55780 1
71979 0
49660 1
