208238 3
57629 6
48769 11
44819 7
48320 1
48330 9
64109 0
51069 6
48129 8
49860 11
53219 7
48499 5
57110 11
52370 8
45509 11
53030 8
53269 3
57319 11
50929 3
51669 6
48390 11
52509 4
51680 1
48609 9
52689 4
49640 2
66919 1
50109 1
45210 11
47249 11
47510 0
43929 0
45500 11
47359 11
44909 10
52239 1
45979 8
48849 10
45529 7
45440 4
45879 5
45530 4
48419 4
52089 4
53690 4
46599 1
60210 0
46459 11
47030 8
47160 4
46029 5
45529 6
47609 1
46560 4
46219 9
41000 4
46599 7
47300 6
42359 4
45890 10
49459 3
47039 11
51969 1
48949 3
46590 3
42749 8
46340 7
53509 11
45049 8
46679 8
42759 7
43259 3
48259 6
45960 0
46489 0
45710 2
49969 11
49550 8
42919 4
50869 1
45960 8
44059 2
45240 1
46260 7
44789 3
45869 1
49650 6
42819 7
48030 5
57169 11
46549 5
45009 9
44190 0
45840 4
49159 0
47120 1
49769 1
50189 2
46079 4
49990 4
49789 9
45589 4
44100 7
47519 8
47770 0
53249 1
49580 5
52100 3
48569 6
41810 0
55609 6
50480 2
48050 8
47619 9
48789 6
45609 3
46910 1
50459 9
48460 1
44789 8
47710 4
48470 6
45819 1
46499 9
48539 0
48460 11
48049 9
43440 7
50899 3
48050 5
56170 11
48989 4
47890 2
45949 3
49789 2
55339 0
45630 11
51399 8
49769 0
43530 4
47329 3
45770 10
48429 4
47139 7
48509 10
49889 9
45990 5
46899 2
44080 11
46469 2
45830 0
55199 7
49370 11
47710 3
44919 4
49480 6
52969 3
50930 8
53770 8
48179 8
47100 10
51619 7
48360 8
54689 2
45259 10
48330 8
47249 8
47960 9
47279 5
51179 2
52600 1
62839 9
51069 1
49869 1
46000 9
47309 4
42839 5
47940 7
47149 4
48820 8
52529 2
48820 1
47899 1
49149 0
43730 8
48029 9
50730 0
48619 3
50240 2
47650 2
49989 2
45320 10
64679 10
52410 8
48170 4
46179 8
50380 7
47769 2
46040 3
42919 4
46360 6
47279 9
47830 0
46609 6
45639 4
43700 11
43789 5
48060 4
44689 10
47090 6
42529 8
47190 7
48929 8
56960 4
49660 7
45149 11
47120 1
44999 9
45230 5
42349 10
41390 6
50249 10
45690 9
48049 0
47009 9
49049 10
45509 10
43590 9
51529 0
48220 10
45679 5
47869 5
48629 2
48670 7
63709 0
52269 7
50560 11
46740 8
47089 6
46350 10
45149 2
45020 2
45069 4
43320 4
41469 9
41700 6
42559 9
44200 2
45759 1
47680 11
56149 6
47099 10
48879 6
42269 4
46760 2
53889 3
46670 5
45219 5
46710 10
44970 10
46299 8
45879 8
50859 2
45920 6
42179 9
47520 4
46909 3
50619 2
49479 8
48439 4
46380 4
46029 0
44040 4
45809 4
45960 6
45189 9
57710 1
46090 1
44790 6
44350 11
43070 7
40190 3
41519 2
43529 8
48820 4
46880 8
46799 10
40440 5
46499 2
44820 8
45489 5
45300 3
45229 4
42170 6
45689 0
50669 8
59480 7
52299 11
59339 9
48419 1
46780 9
46769 5
46739 1
47420 10
47049 4
46910 1
41179 3
46920 11
43629 1
53869 4
48349 5
54869 2
46470 10
50729 7
49350 6
44609 1
48340 8
47379 2
59069 9
46490 1
47969 0
48149 4
43980 5
46269 7
46400 3
46389 6
44060 6
47139 1
49120 11
45639 6
48800 10
45149 7
50850 5
47179 1
46470 1
50859 5
48219 3
46940 1
52219 9
55919 3
44469 5
43040 3
43690 7
48719 3
47340 1
46479 9
46410 11
46679 10
46180 4
50430 0
46030 5
48390 11
50199 0
49620 0
45029 0
45520 9
49519 4
45769 0
47159 7
47929 11
58410 3
51569 7
47449 2
49039 11
47810 7
45019 6
46899 0
50940 8
47669 9
48570 7
42570 4
48800 11
44460 4
48200 2
49289 1
43169 9
47100 3
43979 0
49350 11
50719 11
45730 0
57669 7
46259 9
50340 2
47909 7
47850 9
47839 6
48749 8
43999 10
44320 11
45619 8
46349 11
42619 5
44409 5
46360 10
46749 10
46940 7
50909 10
46060 7
46990 7
44350 2
46449 4
85149 3
53259 3
44380 11
42739 6
45040 7
45839 11
42410 7
46509 2
40800 9
46489 0
47120 7
46249 3
42209 2
46979 7
46259 5
42219 0
47459 9
46139 0
45999 7
44410 1
43579 9
44470 2
54999 0
49519 7
50859 7
47199 10
45490 11
45839 1
50870 0
50259 10
49019 6
50219 5
52469 0
52800 11
51929 8
51359 3
53360 5
48329 1
53760 0
53529 9
48449 7
48860 6
55719 0
48619 1
47420 9
45320 3
45060 7
48959 1
44199 9
50039 1
50370 5
50179 10
48519 7
56960 8
48699 0
47910 8
50799 11
48020 2
48749 2
49820 7
48910 6
49599 11
61519 0
46509 8
45750 2
46190 5
48059 10
49960 5
50799 8
47060 6
44399 8
51940 11
52010 4
48539 2
48380 5
44539 2
47860 8
48899 8
44859 6
53400 5
42660 10
57399 0
63889 4
50139 9
51099 1
52209 5
48740 4
52689 3
47320 10
47590 6
50429 10
48380 4
48809 1
49529 10
51559 0
49430 8
42990 1
46619 0
49710 2
46089 8
46400 7
47799 10
55280 5
53969 2
45359 4
51380 10
45189 8
49559 9
50549 7
51299 4
47280 2
53249 7
43730 1
51919 5
46970 0
51670 3
50299 6
49830 8
48749 3
52150 0
49419 9
49679 9
57519 2
46769 6
47760 2
50209 10
50610 3
48249 6
47089 11
48670 9
47169 3
44380 9
48829 11
52370 10
51309 9
51669 0
51310 1
56839 0
49630 7
49770 6
56139 8
44300 3
57569 6
50030 2
49019 5
45719 8
48910 10
47629 5
50169 0
49289 2
43140 2
47720 11
50739 5
47910 0
50979 5
48670 1
51080 6
52179 11
48090 10
46549 10
52710 7
49689 7
46220 3
62310 8
47939 10
50300 0
51179 9
53109 8
55899 3
48019 1
56030 3
47090 8
51479 9
50740 2
46279 4
51470 9
55249 4
48339 1
50569 10
48619 8
46740 7
49509 5
63609 3
49840 8
47509 0
48740 5
47989 11
48400 3
49879 7
54309 1
47490 9
49649 11
48199 11
46209 10
50949 7
48959 6
48059 5
49590 11
49369 2
60170 10
47809 1
49199 9
88109 2
46570 4
47639 2
49389 3
47929 7
46120 11
47409 1
45460 9
47319 11
40819 6
53580 9
50559 5
47289 2
49080 4
47869 7
48599 5
48039 0
47270 9
47659 1
48450 0
53509 11
42279 5
46539 7
47099 8
43329 2
46939 11
46430 9
46459 4
40530 0
41109 5
43470 7
48329 0
47620 8
46669 11
47220 0
44830 4
47799 4
47119 2
47579 3
44520 5
48069 0
41950 9
53719 8
43530 7
49179 3
46239 1
47609 9
47120 8
45400 0
46959 9
45200 0
45769 8
46570 11
48709 10
49340 9
53630 8
45970 9
47819 4
43789 5
41630 5
43609 2
47680 5
42079 9
56159 9
44699 11
43790 0
45989 11
45119 6
43929 5
42969 11
42249 7
44619 8
42040 9
47860 4
42620 8
47909 5
46090 4
50669 10
45190 2
46259 8
43940 6
45289 7
50220 2
47480 10
44599 9
63490 9
49159 7
47649 1
46340 11
48229 5
46900 5
48649 11
45470 7
47839 1
41920 9
51939 2
45450 3
47559 2
45289 10
48260 5
43499 3
43780 3
45079 10
49590 7
47349 10
47640 10
57440 0
44739 7
43190 8
43289 4
45780 1
47809 7
47390 10
43929 10
46480 9
47150 10
47330 4
41070 4
44939 6
47289 5
52429 4
50430 4
44129 3
50579 7
48829 6
46970 8
45949 5
52059 8
41990 4
41279 9
46550 6
47189 0
42370 7
45469 5
39640 8
41679 2
41540 1
50529 4
46390 11
48449 4
47580 11
40779 5
46319 3
43490 7
45290 1
45260 4
48129 2
43940 5
44909 7
51850 4
45739 8
45440 1
47649 1
42250 1
49260 6
46640 6
49860 5
44989 3
46870 1
48989 10
45410 0
48209 7
43770 7
41069 6
39820 3
40589 10
40420 11
48189 2
49839 9
52989 8
44959 2
53800 5
51609 5
45200 6
46569 9
47800 7
45190 0
44860 2
45970 7
48149 10
44770 3
44469 1
40470 2
41769 2
41250 8
47469 9
45230 2
47359 5
50180 5
47020 10
48380 0
44299 8
48759 6
60479 1
46329 9
46120 3
46650 11
46710 3
43300 0
42689 9
39399 11
51620 3
45869 8
47319 3
42940 6
44959 4
48420 3
49909 10
48190 10
44879 0
48279 1
49080 5
48449 1
48960 4
90249 2
44829 9
43670 4
47829 11
45589 3
44920 2
47659 0
49869 6
48319 1
51510 3
49009 6
48939 6
47170 10
45370 11
48210 0
46209 11
55590 6
44539 3
44570 7
47059 6
58229 0
46730 5
47079 8
51990 10
50469 9
45590 4
51829 8
51609 8
49150 11
47359 11
49910 9
49339 2
45669 3
52639 2
48539 1
48630 6
51699 0
50949 2
43860 1
54899 2
57179 8
48599 6
46600 1
53479 5
50659 2
49479 4
50079 1
49210 4
50329 9
45379 4
48859 1
49139 6
46879 8
46849 0
53770 0
48319 11
46050 2
51680 4
51299 5
44630 7
58799 7
50219 3
46389 7
47910 5
51760 8
48819 2
47180 9
48809 7
49550 6
50160 2
48969 2
52209 3
44859 2
48020 5
43009 11
49409 3
57970 11
51319 7
52520 2
45369 3
60139 1
48059 2
47949 10
48950 1
50849 7
46430 5
51639 8
46259 0
51599 3
50389 1
53330 6
48499 7
53380 3
47810 4
47109 8
48740 1
51609 10
43690 5
46869 6
51289 9
54889 9
46559 6
48410 1
47249 8
54189 5
49500 0
49629 10
53500 1
46159 6
52220 7
51299 11
48700 11
42529 8
51189 7
53740 10
50649 6
50289 8
44719 0
232527 0
50630 9
50749 3
47040 4
46840 3
49439 2
48640 9
43419 2
49050 7
52629 8
49649 2
50879 10
50349 1
50760 4
46749 7
53240 8
52260 1
48369 1
49680 3
60919 6
46610 3
47969 1
47660 10
47420 8
50419 8
49080 6
48309 9
49750 3
51880 7
50039 1
47940 11
48659 4
47370 9
46559 5
47780 11
44060 8
44540 1
43440 11
44270 10
44040 9
60399 4
42750 11
46989 3
42060 10
40789 9
53820 11
53300 0
48759 11
49040 9
48169 3
53389 10
51410 5
48159 0
50270 2
46779 7
50730 8
46999 6
49709 5
48450 8
48119 10
69369 8
45729 5
46800 4
42980 8
