192518 10
309507 19
117819 15
112429 4
115289 9
109449 6
118019 17
107209 12
100319 21
98679 11
113129 6
97649 17
99339 12
112059 19
100009 1
102070 12
97150 16
95839 22
97409 20
102879 19
96369 20
94699 15
105859 6
119829 13
107559 22
107689 21
104739 19
102579 1
101680 9
94119 12
100999 1
101939 17
97619 18
335427 20
104519 4
109349 7
106419 23
104089 3
104749 5
109139 20
126069 4
101649 17
133589 18
140069 11
312097 3
93469 12
94399 16
113729 20
95889 2
97859 18
103259 21
91530 3
94280 16
97259 15
97869 15
99159 15
103539 21
113889 22
94219 19
105849 4
96559 2
96210 6
94888 18
98139 20
98139 3
91599 9
104049 22
110129 6
96819 16
97909 7
102819 5
93580 13
100010 14
91090 14
96709 3
93529 18
115199 20
198138 23
108619 2
105299 7
99369 14
100710 11
102279 18
106008 14
99459 22
98909 10
107959 21
99969 18
103109 20
91169 9
99059 22
98649 6
100990 8
95728 20
97640 18
97629 19
110569 9
98349 23
97469 3
101579 20
94289 17
101439 0
104400 2
97370 2
97469 19
102069 14
108469 23
99969 11
98809 14
98989 20
102479 2
96479 13
96309 11
99859 14
101509 9
91579 15
128659 14
96159 14
102809 22
97289 7
98859 14
103059 13
101349 4
95369 8
96099 5
99230 22
138838 5
104629 16
107810 21
105308 23
103610 13
101670 11
97720 15
101859 12
102339 5
121029 3
98119 17
97509 14
95209 3
100099 11
93660 14
98028 0
104108 19
95980 23
98819 9
118329 6
100509 18
103509 6
102229 21
101069 14
107779 6
111109 9
103559 4
108489 4
98909 13
111149 14
115559 22
140969 18
145319 10
153678 14
150699 14
132329 23
136868 2
101699 3
102319 12
104650 18
104919 16
101239 7
105199 0
98959 16
105319 19
116079 1
115619 4
115239 8
102049 23
97799 3
97469 12
118279 18
121529 1
106669 16
95289 10
103679 9
108649 19
131269 18
103449 11
101309 22
101979 18
108749 15
112219 21
101659 22
115568 5
97839 0
112319 3
115750 15
112890 5
111288 2
101730 3
102599 7
98490 9
118609 4
105979 8
100909 22
100729 8
98709 13
108529 0
100269 19
99799 12
106499 19
103449 23
137839 3
113249 8
107319 23
101779 18
107799 10
109759 5
112609 22
116139 15
104749 0
175139 14
155248 10
104029 13
101119 14
93789 14
92119 11
92160 17
84689 9
119749 8
98099 11
94979 8
93769 11
95400 22
98468 23
98259 6
106129 1
114069 17
106479 5
114719 19
101979 4
105299 23
104169 21
104679 3
94169 17
105159 16
97809 19
99679 2
104189 5
109479 0
94800 23
109019 1
104099 20
98380 2
103419 10
101059 4
97929 8
99609 12
94619 22
115029 13
101529 14
98709 23
103880 17
101699 7
92740 1
90109 22
95899 15
80759 8
89729 17
103579 19
99449 10
93739 18
99519 7
98559 1
99079 23
106309 8
110089 16
104079 6
98339 17
109229 17
96589 5
89889 0
92489 6
94589 10
98509 7
99599 21
95359 15
96150 22
100979 4
103750 21
94489 22
94019 5
96889 3
105439 14
96469 11
99019 20
99249 17
98570 7
98990 19
130659 19
95748 2
93779 7
100449 3
95119 21
96869 17
97459 8
95629 12
83120 9
92460 17
98199 15
113819 3
93859 17
99259 16
93989 13
99039 3
106789 0
105189 19
107668 22
107179 14
133309 11
99869 2
109289 5
107429 10
103339 16
115310 17
107099 15
101299 16
106150 5
111608 23
111328 2
112599 13
106479 21
108779 10
115270 20
106679 5
107350 17
103190 17
110219 21
125019 6
126079 4
111079 16
102979 0
112899 8
103939 0
100919 11
108819 15
134279 7
85770 23
107219 18
108019 11
112589 3
125079 2
113459 16
125570 17
127729 16
136119 19
118389 7
117739 11
114509 6
120359 21
119899 23
131829 18
128179 12
146198 15
121629 4
124029 23
128159 7
144319 21
130859 9
114419 23
105289 16
121679 4
115029 6
114649 13
107179 8
106799 1
108099 19
107409 0
106239 22
111949 11
121049 6
104429 6
116169 1
103839 7
99069 21
103039 8
94630 7
103608 13
98599 16
106330 19
123348 1
99190 16
109269 22
105229 23
95939 12
100489 0
98029 7
98899 8
100739 17
126009 23
102499 22
94749 2
99269 5
109599 2
94419 2
95829 17
94749 16
96189 15
90929 11
148579 4
107789 2
98719 21
100779 1
108379 5
94089 3
91109 0
103440 16
95199 13
97770 5
109239 12
92839 0
118659 4
106759 5
104749 3
97589 8
94409 9
92869 13
93470 8
94119 22
105689 8
94069 7
100249 7
104369 23
95439 12
108949 0
96869 22
89319 20
95080 19
97839 8
102819 22
96219 7
95159 14
102819 6
91709 8
96749 7
101579 5
96090 11
95429 2
98579 5
103289 4
90829 23
98609 7
89540 14
102259 16
90970 16
92469 10
96369 13
98439 7
91269 7
92080 11
105839 11
96220 20
93839 13
91949 13
92649 23
90989 21
88780 23
88839 13
87439 21
94279 10
106659 4
88649 14
90289 10
89750 9
90409 0
89809 8
93649 14
96029 23
89539 23
91440 17
87259 14
105799 22
88259 10
85199 8
90809 19
93929 22
92849 15
92759 23
89169 2
88339 4
100119 15
89300 2
100989 22
91979 1
90059 0
90559 22
86689 16
91039 5
92679 4
96809 3
93979 18
95679 13
97469 6
108949 5
96090 23
93209 9
91599 17
90799 7
91269 15
98769 14
94549 15
95759 21
98129 19
161168 18
103010 15
95828 6
103510 18
97810 19
96509 18
103209 12
94949 13
96959 15
103859 23
107099 9
97669 5
100169 2
95379 20
98939 20
100189 12
98349 11
104459 13
98799 13
100339 18
113609 5
93539 4
137259 6
95699 1
100359 3
95310 15
95839 14
114199 9
127849 5
151779 5
111139 5
94829 0
101899 7
93529 1
97100 18
94309 13
97979 4
99939 15
103719 14
97539 20
97999 13
93609 4
101589 3
95639 20
93340 3
92009 19
92359 16
91819 8
101589 9
104779 22
94270 19
93339 13
90979 14
99529 19
100509 9
97829 13
92559 21
100539 17
94809 21
113999 17
91588 1
97259 11
94299 17
97089 12
97279 2
95219 1
93899 7
104299 5
95959 18
107739 18
93099 21
102059 21
94739 3
95919 7
99169 7
99220 7
101019 8
96229 6
95129 12
111539 12
95039 9
99749 18
90939 17
99389 0
101059 22
97948 9
95230 7
96959 18
100879 3
89769 13
120369 2
102129 2
94439 8
98059 21
100249 17
97810 17
92980 14
101519 9
95159 6
98729 9
166428 23
87869 4
92889 2
88099 8
92369 11
92809 6
92799 12
95780 23
90859 14
92909 8
105289 12
91989 2
98239 3
97200 21
101839 4
95639 11
106899 6
94839 1
102709 17
101809 13
106799 2
101289 6
92189 6
92190 6
94899 4
93039 4
94519 21
89369 22
98609 6
99799 22
110129 19
96339 9
98850 0
99139 9
109450 21
108200 9
99159 18
99079 23
102269 23
89219 22
110759 18
88119 1
90019 4
90739 7
94829 18
91179 7
95189 10
93549 17
95930 11
93279 0
89500 23
105879 17
90829 12
92549 0
92849 0
95740 9
94450 4
91709 13
94939 20
88539 6
92359 9
98429 22
95039 0
89660 17
88369 1
92039 1
93129 19
92890 1
91100 22
87799 23
90619 2
97549 19
105329 7
88099 22
100268 9
92729 10
93649 19
92819 0
86089 3
92759 13
99600 11
89640 19
93569 18
105559 23
91389 1
89509 4
94409 9
95140 6
94610 5
93459 15
91699 5
90689 22
90749 1
113169 9
92879 18
89939 3
90379 19
88549 17
95329 9
98429 2
95329 21
89879 17
98710 23
93919 23
126569 11
99779 1
118569 7
112859 18
95479 21
107449 6
99759 7
107479 11
99669 1
104569 2
101649 7
94839 10
101169 12
99139 18
97109 1
98319 2
96389 15
94769 7
89499 3
105739 17
112709 23
109659 21
107999 6
119709 2
107379 6
102369 20
116749 0
116689 14
114209 0
99869 6
98599 5
91680 20
94989 4
90309 22
93679 3
93449 16
100919 23
92120 5
97548 7
108150 1
99520 1
91789 0
96689 17
96409 21
101749 9
96049 23
93450 23
90410 12
100569 9
101379 7
96719 19
93409 19
96349 7
99639 22
97468 21
97330 12
100939 16
98409 3
92479 1
105489 10
99519 15
95119 23
93270 18
92920 20
93219 7
92999 2
94159 21
96479 12
96659 23
97239 0
107788 19
97289 1
103519 11
98039 11
102129 6
101589 5
99299 5
92209 11
93259 0
96929 11
113988 13
98779 8
98860 16
99589 0
100289 20
96979 3
103639 19
104369 9
100889 7
114459 23
102879 0
96839 6
104310 6
100579 0
94079 10
102639 23
102059 8
99159 16
94639 22
156009 13
96239 16
92679 6
90289 18
101859 2
101169 9
120449 20
138579 16
162729 2
155499 0
112309 8
112159 18
103369 3
93539 14
100669 21
97830 7
92870 1
94619 12
101639 8
91239 9
91499 21
93789 9
94020 6
94439 23
87739 23
93379 15
93419 10
87370 8
95859 19
101870 19
88129 16
100199 23
94719 9
95069 15
94719 9
93928 11
96470 23
92119 9
100589 13
101509 0
94209 9
87649 13
92369 6
88300 0
91839 18
90129 9
93429 5
94569 17
89259 2
95030 20
101909 9
92679 5
88599 15
93709 22
93319 10
93230 7
88290 5
100559 9
107799 23
95589 13
94799 21
101759 4
99409 2
102369 15
90950 23
88839 13
94259 9
92299 20
93949 10
93909 3
92959 8
103880 0
90479 16
106719 13
135839 9
135898 8
139479 2
144749 10
122179 13
108539 14
108409 21
97399 11
96979 19
101129 6
123729 23
95659 20
95219 19
91899 0
94199 4
137829 1
104309 0
95359 15
98129 17
97989 16
112239 16
112489 3
118309 1
143468 10
186089 19
155668 8
203278 8
154689 20
139239 14
145648 2
151898 0
111399 10
119289 16
116499 14
125279 8
108319 14
113859 15
125839 21
136008 18
133489 17
108529 19
110319 19
106199 20
106580 17
106999 10
112870 23
106259 10
127339 1
115319 4
100649 21
106219 17
99330 16
95630 10
100889 14
105189 21
104619 9
124789 4
99469 13
102849 6
103419 22
107389 19
97319 23
101029 0
105309 14
103569 21
99729 23
105520 4
100899 11
97719 3
100640 21
97849 2
102389 14
110799 18
98019 9
96079 23
114809 21
109289 15
102089 17
103839 3
99019 8
100450 11
97039 19
100439 6
100699 7
99169 0
102219 10
109049 3
108589 15
93939 17
98169 19
107859 1
98159 8
98540 19
98930 11
103199 2
113079 22
108879 22
101560 0
103019 6
104099 9
104089 5
146929 14
105628 22
99239 12
99909 3
126779 12
98909 12
106829 13
110959 15
113089 22
112309 7
98569 3
97009 5
