155618 14
95199 12
321367 23
135139 17
130839 6
140169 16
161298 6
147159 14
126279 14
108049 3
127949 8
111779 12
119479 9
104689 0
105629 2
102779 20
105269 19
104029 2
103629 19
115509 21
122259 9
125459 21
116479 1
139538 16
119969 11
112359 2
144659 22
119789 21
110729 17
147539 2
121839 1
108899 9
108219 4
106839 9
100219 4
112639 19
119999 23
104679 13
144958 3
106800 5
127529 21
338157 21
131839 23
120199 6
145639 15
158849 6
138139 20
132299 3
102159 22
110849 13
121479 18
152488 2
130849 13
121519 0
134459 3
133878 15
130270 21
127778 23
115529 20
165999 20
107949 9
102759 23
120459 18
113119 17
126588 22
118099 10
123559 12
140679 19
123889 22
129189 6
118349 3
125738 14
110150 1
136538 6
139009 0
154319 0
135348 7
136199 7
106719 17
111589 3
121069 22
105359 12
108249 1
109899 5
99569 1
116409 19
109419 10
97909 19
104889 13
98388 14
96760 13
97359 23
96989 0
112129 3
107529 2
99949 3
96379 10
103639 12
100049 8
102250 6
104308 12
103060 17
98939 3
119089 7
99499 10
127648 23
103490 8
141928 0
97280 10
103768 17
96280 12
99359 13
105869 23
98859 14
95139 1
106699 2
106289 10
110239 23
116139 14
126279 12
126099 20
138948 21
119250 3
122179 20
123679 6
123119 12
101009 8
100519 19
97920 1
101439 15
119279 1
107290 16
97239 22
101390 2
102949 2
105979 12
105069 22
99989 12
105449 19
131899 17
125959 5
139388 20
135879 10
134209 22
133129 7
115789 3
139028 15
172998 7
136509 16
134879 9
129178 8
138159 7
143109 23
139179 12
139478 15
132799 3
136999 7
138659 5
143929 8
131889 10
137859 12
152088 5
131569 14
131929 9
131289 2
138149 11
133059 3
124678 21
148779 3
132269 7
127588 8
134719 0
135239 7
136809 21
131739 9
130069 19
143229 7
114479 6
126769 18
126789 20
113319 1
108309 23
110149 3
119159 17
145338 10
119279 10
119379 16
110689 11
119149 7
134769 22
132329 5
140519 22
202539 12
131699 18
118339 14
136699 7
135939 13
119199 1
109729 18
133859 0
110649 0
96429 15
121489 18
107589 5
112879 23
132668 7
126319 6
125788 2
115999 3
119669 5
106919 10
101529 17
96199 23
105508 10
114239 21
106608 21
96470 7
114268 4
96420 10
100419 14
100729 21
106839 18
100859 1
112219 9
105289 11
118779 8
102249 14
129269 14
133349 0
109189 13
126378 11
127988 1
120838 9
122519 16
122069 2
108609 5
106009 22
98059 5
126239 4
132459 15
131279 0
145758 7
132428 22
148649 0
126169 1
135499 2
137939 18
130429 4
135759 18
134129 20
141768 11
132438 9
132859 20
139899 18
136819 5
124008 6
121979 6
127809 13
136449 2
122109 7
127439 0
117808 8
121179 4
131749 5
136529 2
132759 19
147939 23
127349 9
131489 0
137159 8
131129 5
126809 3
133499 21
139729 12
119289 2
134709 15
133628 3
138589 7
138909 13
130939 2
142589 1
130418 18
139518 20
123979 14
142139 18
141249 5
127828 5
121889 21
143309 3
126719 2
138888 16
128269 21
127779 21
133229 7
131689 8
110279 17
124789 7
119449 23
125878 3
129958 11
133479 15
122679 20
105809 1
105549 18
120359 16
117159 19
120819 15
112599 2
114579 11
125729 16
134449 22
135689 23
126709 23
104289 16
101469 9
101009 6
94259 8
100719 20
106329 17
118459 1
110290 10
101649 12
121708 21
100420 7
103419 1
92569 12
99879 8
101519 20
101299 5
98479 7
115939 18
144999 15
106769 21
102309 9
103429 23
98749 8
103389 11
99119 19
114969 14
104679 16
123649 21
94079 19
102330 18
101888 6
99149 0
98649 19
99799 7
98249 3
101419 23
102909 17
134289 17
97149 8
114229 23
115759 6
111529 14
102809 23
100329 17
111169 5
104039 4
161379 5
98769 8
99349 19
102979 19
99489 4
97719 1
101009 7
105629 22
104729 19
131099 8
133029 6
137369 21
135449 20
112070 11
133288 4
130599 17
124239 10
147429 12
126499 3
133390 17
129498 7
129669 19
137689 7
123599 17
133898 23
139878 5
121799 14
127129 14
125969 9
131809 16
126478 3
130169 13
141299 2
143059 20
129718 11
135308 13
124039 2
129149 3
131499 2
131399 14
141828 7
132179 15
132859 16
130239 3
132198 17
131579 4
149319 2
145569 11
128338 22
134599 9
132079 18
137009 15
131189 4
134309 19
132189 9
139399 5
129999 11
135109 21
132858 19
137218 19
134159 14
134449 0
135938 14
126470 11
132399 10
122789 1
125199 7
116789 10
107719 2
114199 11
137049 22
118818 13
105100 16
112919 4
117558 22
102690 22
100359 5
121179 8
127438 17
184648 4
98039 22
95019 18
98289 6
101269 11
101320 0
107679 7
104690 13
94510 11
110899 19
102099 1
96139 23
98469 19
99719 15
106859 0
100729 1
100289 14
101169 8
129999 7
142289 17
121599 9
94269 18
97589 17
99479 13
97309 18
107659 2
99640 16
100419 20
113408 8
102070 15
102749 3
106669 19
97329 5
108259 9
95849 12
122519 14
118289 7
115039 12
102499 17
101439 1
96099 4
106219 8
101389 7
108019 12
102929 1
96939 12
97320 11
119018 15
97380 6
98419 17
102249 17
107889 20
103979 19
105429 9
128359 1
133789 20
146459 12
136349 6
129989 15
140399 15
128289 13
142119 23
136909 15
146198 4
147819 21
127979 0
137599 3
135419 20
134058 15
125209 13
129859 19
141939 2
127879 15
132039 8
129018 9
122809 2
140929 17
127609 7
135148 7
123319 14
122359 14
120769 2
146219 19
132399 3
137959 13
127358 18
171409 14
124039 19
127499 18
125138 7
121299 16
129149 5
125039 6
144919 20
126259 22
131909 19
129109 1
138809 3
138739 10
129208 4
137419 15
137549 3
140549 10
136018 14
135059 18
138859 9
138179 11
131498 3
155119 12
131169 9
138459 15
129318 1
144429 7
137719 6
129319 15
146279 4
139368 23
128239 1
137049 13
139458 14
133888 20
132129 6
135059 21
132549 11
175808 1
107419 18
96739 4
102699 19
95629 8
108319 0
108579 11
151598 2
122329 11
125669 9
125199 7
128969 6
135358 14
137818 13
116799 4
127089 16
124089 8
114389 23
111509 7
105299 13
104579 3
104779 7
100759 17
107239 4
127689 3
127639 10
126719 22
152098 7
133099 6
124009 19
129449 20
112869 19
127828 15
127790 8
133329 7
131339 5
107539 1
100179 20
98249 12
100829 0
151639 17
101559 9
94619 2
99839 1
103029 2
104960 6
105759 22
96539 4
108810 3
112250 23
107850 0
114550 20
105100 0
100179 14
103229 10
105559 16
102189 20
99079 14
100529 15
114929 11
106409 0
104969 19
105629 18
122669 23
136789 10
134239 11
135308 8
165138 12
148458 16
142068 5
135609 14
133539 5
135768 2
124159 4
151619 17
136229 12
130879 20
137948 12
135489 0
136219 17
123229 16
130729 4
136989 22
125799 19
122629 12
127499 7
122009 23
134289 19
131939 10
143488 11
121609 12
136689 20
132819 16
120729 16
123079 22
131478 3
126048 19
142219 0
133589 22
119429 13
133889 3
127438 10
132579 13
128909 22
137089 15
137008 10
128418 20
144049 23
137979 17
140588 6
127539 0
131199 10
154569 21
128709 22
123630 16
142439 0
136759 18
139279 6
139198 1
198748 20
121769 6
131788 21
138009 16
128139 16
124849 20
123809 6
131818 2
147789 0
126819 6
144349 2
130468 7
139838 9
131829 23
131109 3
145958 21
134898 11
130379 10
136819 1
132869 15
138798 22
136799 16
145749 19
129709 7
136169 20
128148 10
126929 23
103099 13
98219 23
99559 18
98729 15
111779 7
96749 3
95389 8
118129 18
105579 1
98419 21
99349 22
115689 5
107129 10
118959 0
96849 12
93509 9
98479 9
107159 5
114959 22
104150 14
94068 19
98850 3
97859 23
114899 22
99919 20
99019 12
111609 11
102969 22
97249 9
115959 2
135549 16
136919 2
136688 6
134309 4
106019 14
136849 2
134849 7
137188 11
108570 19
107039 2
129299 15
101159 16
119908 22
106619 17
102639 11
104728 18
99820 18
96299 4
114579 1
135919 22
118819 3
118599 11
100810 18
104690 18
117199 18
124148 17
110499 16
107369 10
173469 1
118599 4
130679 16
124710 11
99759 16
115208 1
108088 22
131149 11
140579 1
128549 21
115499 11
138379 1
136239 15
127728 8
130419 23
143499 17
135879 10
140678 19
124959 12
137149 11
134549 14
133528 7
132078 12
140629 0
128979 13
134449 15
138198 19
124759 12
135519 12
125389 20
136399 2
141789 7
125359 7
128629 15
133079 18
130549 0
124508 0
123688 15
139519 4
120749 3
137009 4
126219 3
130298 7
129399 6
127888 13
127689 16
129549 19
131629 23
124619 17
124070 14
125708 6
124909 8
126479 11
124809 16
140709 15
131728 20
129949 0
126509 3
136439 16
127389 21
129198 19
147598 22
123769 19
134169 10
133299 4
122799 18
132550 20
137489 6
132459 3
152238 20
125970 0
139899 17
136969 22
138099 22
132358 22
138739 11
188599 10
121488 7
132959 15
134219 9
126729 7
126989 16
114959 8
110929 0
129039 6
123978 14
105390 18
294027 23
122479 19
105739 5
116829 0
143849 21
112270 8
106479 19
96679 3
99209 1
99959 2
103599 23
116979 14
114319 10
123559 4
104189 9
108239 10
103089 3
101889 18
104429 10
104709 5
106099 10
94069 13
119709 15
103519 16
93869 1
97180 22
98470 21
96810 17
95989 10
91629 19
99759 9
113299 10
124919 11
115849 4
127269 2
122228 20
120399 0
130189 12
109489 10
129249 8
146709 0
123849 17
113199 11
128078 2
133508 19
128249 3
132839 17
146589 9
157838 4
112879 21
112329 7
129969 14
131129 13
128829 18
140698 7
131848 10
114769 8
127929 16
134359 11
121939 17
130799 7
141218 1
130959 23
161429 6
128028 10
134498 16
125889 6
132059 20
144599 23
128739 15
205168 23
131299 11
129818 18
124569 9
118819 6
131059 11
128009 6
125148 8
137738 4
128169 13
131109 6
135379 0
133768 12
131858 13
135499 2
139429 23
130529 22
131258 2
130448 15
131979 8
137569 6
132419 9
125488 0
133949 5
127749 7
128909 4
124409 14
123419 14
127569 21
121198 20
149229 4
126409 22
129689 8
134749 17
132249 6
131758 22
126849 15
123049 14
140549 18
135639 1
133278 21
138499 17
147599 11
132718 14
124448 3
127249 4
149299 18
126289 15
126969 3
117139 2
133889 7
128629 11
116729 11
144449 14
128969 2
138539 17
144709 17
140719 3
138089 2
123708 19
134268 0
113949 21
124039 6
129249 6
119539 18
93269 13
113749 14
102379 3
114139 6
133239 1
101729 1
102129 6
126249 10
118289 11
120099 1
99589 19
109699 23
