442735 0
36850 2
37379 0
36270 5
38310 6
37619 0
37300 2
35389 4
39459 7
38149 6
38829 5
36680 2
42229 6
40200 7
46779 6
41010 1
35689 0
33870 6
37329 5
36050 2
38300 2
38709 2
34520 4
35319 7
35350 1
36299 5
33360 2
35259 6
33559 5
36350 4
37869 1
35110 6
34930 7
35690 6
34580 3
35089 0
37300 4
39419 5
37120 0
34229 4
36369 7
44829 6
36370 1
34880 7
37369 7
35940 4
37639 4
34559 3
41239 1
46349 0
43379 7
42130 2
36159 4
36729 2
37370 4
37269 4
34790 7
34409 0
34400 5
35069 1
36279 1
36150 4
34779 2
36940 1
33600 5
35970 0
35529 6
35960 2
44120 4
35809 2
37760 0
35839 6
36630 5
33259 7
37389 1
34860 2
36839 6
35130 2
36219 0
35340 7
38549 6
34970 3
36590 5
34319 1
36130 5
33949 5
37450 3
35469 0
35730 5
35500 5
34809 0
35230 6
34410 3
36250 3
35370 2
36709 5
44000 7
35689 6
35830 6
35579 5
34070 7
35740 6
35589 5
35870 1
34679 1
37809 5
36379 3
34689 6
40610 5
35239 0
35900 6
34919 3
35669 7
34919 3
36670 6
37090 0
35959 1
42440 5
51459 5
47990 4
43899 5
47529 5
68530 7
61279 1
41909 5
41540 6
38749 2
46010 0
44870 5
42399 4
38810 4
35409 7
35990 0
42629 2
46250 7
48569 6
51199 5
44859 6
46859 3
52390 6
48499 0
45100 7
51019 6
53100 1
44760 4
38550 1
42949 7
56689 5
56130 3
49369 3
49929 1
51729 0
46029 0
43949 3
44349 4
42870 1
40719 3
40060 2
42909 7
45030 3
40500 3
43940 4
41939 0
45630 0
36700 0
47269 3
37639 5
41200 6
44480 0
40900 7
40240 5
43160 5
45249 2
49060 6
47409 0
42710 3
43249 3
50190 6
52429 1
45589 2
43170 6
43949 0
46100 0
50089 5
52510 0
42749 7
41770 4
39399 1
48260 5
38299 0
38290 1
38500 0
44609 2
49539 7
43350 6
49999 1
42370 1
43309 2
38400 0
38679 3
35210 2
37759 6
37800 2
41650 1
50730 1
56439 1
51800 0
48739 5
54309 0
41409 2
57029 6
45430 7
42239 2
45050 5
42239 5
45260 5
41799 2
44940 6
37239 1
40850 3
37289 3
40620 6
43049 3
47250 5
46119 7
46780 5
43929 6
45499 5
43169 2
41200 3
43399 0
44019 0
43479 4
92029 3
41650 5
40140 7
37029 6
34939 1
37330 6
38749 7
40310 0
41609 5
36020 0
36540 0
34600 0
34540 5
38719 7
57170 7
45590 1
252247 1
40389 2
58149 1
36220 7
38760 4
38870 3
38899 0
35580 2
35279 1
36110 6
37130 6
37160 7
35740 7
36330 5
35910 4
36879 1
36140 6
41399 5
39230 2
36529 3
39659 7
42090 7
39750 4
36869 7
34049 2
36120 3
36529 7
36960 6
36889 4
46369 2
36170 3
34870 2
37100 5
35439 1
36490 5
40239 1
36100 5
36309 3
40610 6
40919 6
42619 3
39110 6
36140 2
36930 0
36309 0
37390 4
34869 4
35690 0
35020 7
35959 5
35250 4
39509 6
34250 6
35549 0
33670 6
37359 1
45289 3
36659 5
34529 7
40510 4
43699 2
43220 6
41619 5
37880 3
39399 4
35070 3
37099 4
36640 0
35660 2
35029 3
36830 6
35529 7
35860 0
34840 2
36780 6
35010 5
36079 1
36560 6
34070 0
37290 1
35309 6
35470 4
43639 2
40550 0
53370 0
58159 6
54629 2
48330 3
48039 5
50429 0
49139 7
50189 6
43160 0
46029 0
49370 4
56459 3
47400 7
40819 7
36359 3
40290 7
39519 0
39430 2
45010 0
41870 3
49800 4
42790 7
42169 5
43379 0
36819 6
36230 5
37920 4
38939 1
37470 2
36350 7
39220 4
42460 2
45250 0
49439 5
50100 7
48269 3
41300 5
37909 6
34270 2
39189 2
34960 6
36749 4
34820 7
38800 6
56599 4
65059 1
48630 0
56209 0
51579 5
58329 2
54729 7
56360 6
43819 6
42470 0
47679 7
45489 7
38680 5
35670 4
37359 1
40859 2
48589 1
39729 3
38630 0
45670 7
46299 4
51059 1
45310 2
43109 7
43920 4
42599 5
37380 6
37890 2
34880 0
38580 1
36119 0
41540 7
40799 0
51879 6
46109 1
48299 5
45509 4
40900 2
47230 7
45519 4
46040 2
45289 6
44130 6
38939 4
50190 0
40779 1
39160 2
43529 6
49060 2
61369 6
61639 3
46170 3
39219 1
47130 7
42719 1
46790 4
35369 2
35650 4
38309 1
38380 1
36839 0
36800 6
35810 4
37530 1
36140 5
38289 7
36880 4
38079 4
49639 2
41069 0
39470 6
41169 5
38649 6
36980 3
38929 2
36890 6
38189 4
36010 3
37359 6
38020 4
35219 1
35109 5
37500 3
39370 1
39210 0
34159 4
38550 4
37369 7
37330 0
38650 1
38130 5
35750 6
37729 1
36340 4
88569 0
50079 1
57329 4
58329 5
74179 1
53529 4
47520 4
50159 6
52929 6
163618 5
57400 6
51159 3
42610 4
41699 3
43600 7
43779 0
37590 0
49089 0
39340 1
44649 2
40350 3
40689 7
38340 3
39259 4
35330 7
39530 7
45819 2
49919 0
44480 1
41969 3
45600 3
43669 6
41860 1
45609 1
42560 1
39469 2
41290 2
37069 0
36010 1
35819 7
63470 0
59019 1
59559 3
64550 5
68239 0
59159 0
60899 6
57100 2
54519 5
56839 1
55430 0
53029 5
50610 0
48509 1
46649 3
48250 1
46149 6
49100 1
43919 7
48529 4
39800 1
39980 2
41279 1
38230 1
42419 3
42260 1
44679 7
40760 6
45549 3
42360 3
40979 0
45150 6
46379 1
44000 1
41269 0
38560 3
41869 1
42760 1
64099 3
53589 5
44580 6
60639 6
59229 1
58780 4
44709 7
42320 7
40079 1
41640 3
53739 6
46509 7
45880 0
42909 1
40449 6
44109 0
50379 4
40159 2
43999 5
44020 5
43789 1
42520 2
37710 2
35219 7
38499 2
35380 1
44909 5
38180 5
37209 3
37540 2
36139 3
35960 3
38039 5
39919 0
38319 3
39089 1
47760 7
51630 5
42760 7
41269 1
39469 3
41820 3
38240 7
39399 0
35340 4
38529 0
35830 2
36630 7
42990 7
48629 6
51400 7
42019 3
45210 5
42209 3
54050 2
43150 5
40180 2
35290 2
37870 5
36319 6
36670 4
36920 4
36650 7
37430 5
37840 3
34120 7
36819 5
37350 7
38699 2
44110 7
39850 5
41789 4
40659 4
36439 6
34830 1
44789 4
36560 3
36439 3
36710 6
37319 3
35710 2
36329 3
34040 0
38040 0
38249 3
40530 4
37429 5
34760 1
36520 4
34480 0
37010 5
34109 4
37000 5
35859 3
36530 6
35460 1
36510 1
35410 7
36369 2
35240 5
37840 1
35780 2
41519 4
48879 2
36849 0
38570 4
35949 4
36480 3
34350 1
36729 5
35690 1
35890 0
34679 4
37220 5
35069 7
39430 6
35639 1
37810 3
37309 2
36190 0
37490 7
37039 5
36810 7
36279 3
40320 3
42619 6
47380 4
50109 6
60329 0
44800 4
51019 2
46490 3
41469 2
42590 4
46539 3
50370 3
51169 2
42670 5
42520 2
44200 3
38970 6
36750 2
36289 2
40370 2
47199 6
44320 2
48769 3
49739 1
48520 2
45259 3
65199 6
41749 2
42200 3
40089 1
49160 4
46909 3
47599 2
48469 6
42369 6
56660 0
55739 0
42920 5
56480 4
49609 7
52760 1
52819 5
58999 1
53180 5
49969 5
48930 0
64580 4
51909 0
51050 6
51629 6
49459 6
235137 1
48429 3
45119 2
45730 6
44549 6
41919 2
41619 3
53139 0
44149 0
38190 7
38069 0
36930 4
38300 1
47499 1
42350 4
38850 0
38570 1
36610 5
40470 4
36289 0
38540 1
43379 0
42380 1
39219 5
38540 0
38130 1
40979 0
42790 0
46770 2
47319 6
42230 7
37099 4
38039 3
36529 7
36199 7
36500 2
33409 4
36080 4
44439 3
37740 4
35010 7
35859 5
35580 7
34789 1
35040 7
35570 1
37499 4
39599 6
40240 4
40619 4
41240 3
43419 2
49290 0
54379 6
54540 7
39319 1
45030 4
39789 0
44400 3
43749 0
37500 3
35179 7
51020 1
54489 1
45599 6
42030 6
58389 6
46100 4
46209 6
44260 2
39179 4
40860 7
44499 7
40050 6
36629 1
38049 3
37590 3
44130 0
49900 1
44779 4
45140 0
42870 4
41369 0
45489 2
50459 4
66850 1
43880 1
47269 2
42960 1
52009 1
72609 2
48620 5
50249 1
52410 6
51499 2
45660 4
46890 7
41099 6
39169 4
40729 2
47549 6
49309 7
45309 3
53669 0
40840 5
47319 3
37310 1
67419 3
35490 4
36490 2
50639 7
72990 3
39509 1
47070 2
42689 2
40010 7
38859 2
39360 4
40819 0
33960 2
40700 3
42640 5
40489 3
40180 4
39630 0
36500 3
36000 0
36389 4
37240 4
46319 5
37360 5
35869 5
34829 2
37120 6
40720 0
46369 6
42449 1
43890 6
49050 5
75769 5
51069 4
46260 3
40109 2
49819 2
54599 5
52990 4
42859 6
40280 4
38029 5
40860 0
48549 2
57640 6
43199 7
41749 7
42009 6
41150 5
42400 3
37020 6
38289 2
36270 5
38349 6
35700 5
37509 7
45130 0
68129 2
47719 6
54200 0
55419 0
69689 3
60100 1
43729 1
250217 0
46700 5
45189 2
43010 0
46439 2
37890 2
647162 4
37790 2
41460 1
35890 3
38529 7
37880 6
38599 7
40390 0
40769 6
44580 7
41919 0
40260 0
35729 7
36619 5
35489 4
35279 4
33340 6
38739 3
35880 1
37250 0
35020 3
37589 6
36080 5
35690 1
36869 0
36750 4
46369 5
34080 0
39860 3
41400 3
41040 6
40520 2
34239 7
35269 3
37420 0
35329 5
33940 2
36319 6
39269 4
33760 3
37219 4
42150 6
36429 2
43080 2
40419 3
45730 0
36549 1
34290 7
34369 4
36179 2
32250 5
34539 0
43910 1
37349 1
34390 0
40770 0
34710 2
37510 1
40359 2
40630 7
43099 6
40280 4
35059 0
35370 1
35060 4
35520 3
35699 3
35579 6
35500 3
36059 5
36080 1
33659 4
38230 5
36140 2
39389 7
38480 1
38229 6
36780 3
37790 5
45980 3
36430 1
36189 0
37989 5
37299 3
42940 5
38519 3
57129 2
62129 7
67229 4
50899 1
53299 2
58739 7
52329 2
43660 4
48409 1
47420 1
53839 4
49820 5
44849 7
