147789 18
61529 9
64950 13
64419 9
66090 10
74049 1
72780 16
69759 17
66310 4
54679 18
60110 6
58750 2
61950 15
75019 5
56839 12
54200 18
57599 19
54210 6
53280 22
55680 14
67870 7
63429 2
60110 9
54969 23
67530 16
54530 7
60730 19
59550 5
64290 7
53790 2
76829 19
54010 0
55779 14
52710 19
55489 20
50849 11
62110 19
55409 20
63530 5
61869 18
72749 20
68569 13
58839 19
57910 13
62039 20
67610 8
86009 10
62420 21
60789 1
57630 6
64769 3
76130 5
77559 18
73900 20
63879 19
54710 3
70189 11
59290 2
56570 8
54400 0
64859 19
95799 1
59910 19
57820 14
59140 6
51890 17
60800 10
57329 15
61220 15
63990 23
63150 17
64850 0
61000 20
59640 17
64149 15
52870 0
66109 22
59670 21
72669 7
52739 8
59479 21
64049 6
58640 17
65409 1
65520 21
78459 22
64410 14
52119 16
60730 15
55449 3
61509 13
61300 21
64119 18
65150 23
77799 6
60790 1
69789 14
64500 2
68219 5
63010 7
66489 13
57540 21
62210 18
60560 7
64220 17
63210 5
58240 18
61519 0
63750 10
70659 1
61630 12
54530 19
61830 21
53080 7
62669 14
62210 18
60579 14
67170 17
69919 10
58460 1
63499 2
65840 15
63320 12
75370 6
62039 9
73180 3
66009 6
56949 11
55060 4
63509 17
60820 5
53699 5
68610 8
61389 10
58089 14
60680 14
55409 11
53620 23
53270 18
58769 11
61969 21
89899 0
61940 13
62430 21
55059 13
64469 15
68920 17
59019 2
56580 1
63309 15
65880 21
69649 1
64250 3
60300 7
61370 17
64110 2
59089 23
10104787 5
43600 14
38570 1
45430 23
55070 6
47640 11
47239 7
54330 9
46100 12
42010 8
47040 16
52420 17
43530 16
47600 15
39240 23
33690 13
36510 10
37070 9
37139 7
38610 21
39780 11
38190 10
50989 16
36220 16
44800 1
42429 0
43090 6
35080 5
36800 5
38260 6
38050 3
36010 5
35020 6
37180 16
37380 8
36200 16
33379 14
36499 14
36240 22
40630 9
37260 12
36910 7
33690 20
35610 23
33159 3
36799 17
37000 7
33350 15
34960 17
45500 0
34650 8
32800 11
35209 4
33310 1
35230 1
33369 9
34239 13
33660 6
34910 3
33120 3
34389 8
33070 1
34510 13
35030 8
33370 9
36800 17
33450 10
34730 20
35240 1
35480 22
32600 22
34220 12
33309 8
34859 17
33350 8
36530 5
32679 4
43169 9
33960 21
37510 18
34960 11
33540 9
34120 14
33470 4
33999 19
32400 18
34250 8
33210 22
35059 23
34299 4
34750 6
36830 3
36060 18
34590 9
35930 7
37770 20
38179 23
36740 1
32180 6
34010 5
35040 6
35960 1
33490 5
34610 23
33870 12
35980 13
42620 19
36149 6
34119 9
36540 18
34100 13
35279 5
36639 21
36050 9
35910 12
33930 20
33439 5
37410 22
34490 8
33050 2
35960 8
36690 10
40280 8
39259 6
41310 21
39450 18
33860 8
35600 10
34490 8
33870 12
35780 19
36190 17
32820 10
45830 19
35949 10
36720 8
35570 11
36140 20
33950 17
36170 7
33180 9
37130 11
33400 18
34120 10
32950 11
35100 2
33559 9
36940 0
35870 13
36010 17
34719 7
34710 9
36490 0
32840 23
34860 5
36920 2
40380 12
34419 3
38199 19
37110 8
36350 15
42219 23
39409 13
35440 15
39640 14
39589 18
36670 7
36790 1
36389 17
37799 18
38540 5
39980 8
39019 17
38679 0
38330 7
37370 2
35919 15
36450 19
34720 17
38300 7
35890 4
36990 5
38850 23
36709 13
39650 12
37690 2
34760 19
33949 10
44219 0
33960 21
34380 18
33320 11
33379 2
33440 15
34620 15
32819 8
36079 10
32710 2
35520 13
36060 5
37080 17
34940 0
33870 23
35569 11
32490 2
34220 16
33760 9
33799 8
32700 18
33900 16
35020 12
34109 23
34080 16
36370 0
37510 23
35970 5
42870 15
34630 1
37409 7
35409 7
39860 23
31910 4
36239 5
33979 5
35270 19
35440 9
36320 5
33420 3
33090 20
32380 18
34029 15
32689 3
34590 3
35510 22
35439 11
37029 23
32760 8
33840 6
35890 6
34200 5
32450 15
35330 22
34110 3
33610 11
34140 5
47740 11
35230 5
34250 23
34260 3
33180 18
34559 22
35029 9
35160 15
33000 18
35990 21
35060 23
34870 9
33210 12
36060 0
32660 2
33210 0
32660 21
35260 12
33910 21
34490 18
33770 9
35369 1
36319 20
34040 15
38900 15
33640 23
33840 0
33130 12
37040 3
363527 1
39360 5
40859 13
39049 17
36240 2
39940 14
38279 13
37539 15
36130 12
41599 17
37880 9
38260 16
40480 8
35969 22
38770 21
35230 15
39120 20
47959 4
36110 1
37020 8
38239 10
37389 7
37310 8
37500 11
37290 8
35979 12
42430 13
36910 15
39109 6
38670 8
39290 12
38919 15
36309 8
38630 1
35930 23
37339 23
35610 5
37930 4
35709 14
36399 10
37410 10
41770 11
35200 13
47960 8
35530 16
37800 5
36299 1
39170 8
35820 5
35639 10
40419 12
36830 4
36210 15
35900 5
41360 4
37250 3
37210 14
37030 0
37590 5
36820 12
37480 3
39800 11
38620 16
37200 7
37840 14
36470 4
36560 6
37840 11
36990 6
38120 3
47020 15
38399 17
37999 11
37660 12
37390 16
37259 11
36450 20
40190 21
40400 20
37159 22
40690 18
36350 6
38640 5
37640 0
38110 0
35710 22
37149 23
36339 8
39120 3
35070 21
38110 7
35910 0
38440 3
36420 22
39139 21
36930 5
50110 1
37209 15
38369 14
36500 9
35230 11
36599 21
37290 12
37460 11
35480 22
38219 11
38860 5
37050 18
35269 13
38629 4
36540 20
37630 13
36819 2
39710 16
37750 15
35650 5
38440 21
36210 15
37810 20
37289 0
38669 8
35750 3
47050 12
37499 21
35510 9
34640 0
38920 12
37460 23
38100 22
37990 0
40660 19
37260 16
35860 18
37729 3
37209 1
38230 1
37240 1
39890 2
38529 12
37240 7
36400 15
36850 10
39220 5
39190 16
35410 7
38319 9
38520 19
38310 21
37649 15
46659 7
39010 20
37990 19
37349 8
35380 18
39090 23
36040 17
37519 22
36260 0
37170 21
37069 23
41349 2
36320 10
37600 6
35519 17
38679 4
41400 0
38709 4
37499 23
37980 19
38730 10
39250 13
40430 4
38770 19
38520 18
37999 20
44690 14
37910 18
36830 4
38719 11
35460 9
37320 7
38759 16
41719 21
38800 14
38940 8
39909 15
35450 3
38100 14
37599 16
37769 20
39520 8
36899 20
41250 15
37910 8
35430 6
38479 17
36439 11
37820 15
42230 19
37210 11
41160 13
45400 15
42599 15
38369 18
38420 7
37539 10
38629 3
36580 22
35620 17
37420 21
39840 6
40130 0
40450 1
37599 3
37280 0
38860 11
40830 2
37590 4
36730 15
40170 8
35439 13
37279 1
35900 12
36990 20
36649 12
37110 4
37580 13
51639 18
36679 14
35700 8
40810 2
38530 18
37980 17
38830 19
39460 6
38150 1
40770 17
35810 4
37870 6
37300 18
40770 13
37440 9
36309 15
36009 13
37030 15
37400 12
37930 4
37730 17
38890 13
39069 14
38509 6
41850 3
34810 17
67109 3
32000 5
33750 22
32700 21
35240 11
31940 22
37710 4
31969 4
38020 17
38200 0
35190 20
38480 22
33110 9
35920 17
36930 6
40479 19
34900 21
34080 7
32210 1
34020 7
31609 7
34970 0
32070 5
32350 6
31640 15
34660 21
35070 17
48599 3
33890 23
35350 3
34660 21
34329 5
34340 21
33750 15
34360 16
33239 13
33989 21
32950 21
36710 23
31870 18
33979 13
34550 16
35410 7
33600 7
33210 3
33420 22
36470 0
33949 3
33030 7
33310 1
31740 9
33319 20
32629 21
34570 21
33370 12
34210 1
43610 10
33090 12
34710 6
35379 5
33410 4
32700 18
32530 16
34170 16
34250 10
33820 20
33860 5
32219 10
34019 4
33430 15
34620 8
32049 5
33019 22
32630 21
33600 1
32160 23
33240 0
31700 9
32510 13
31270 20
33919 16
32529 12
32970 16
32600 5
31980 2
32209 11
38780 19
34090 14
31860 8
33289 0
31540 13
32370 8
32839 18
36509 10
34830 23
38740 9
37750 13
40869 7
40640 21
39900 19
38919 16
34040 6
33820 18
30700 23
34249 17
30920 19
33190 0
32370 5
32309 9
32039 8
32530 16
33040 8
32189 8
32119 11
34990 4
43840 4
32989 8
31960 20
33790 14
34360 1
32460 5
34340 21
35270 10
34090 19
33879 23
34130 4
34320 7
36400 13
34680 22
34330 12
33020 23
34870 3
34849 2
34660 8
34670 16
33900 20
33449 16
32609 6
34770 22
34580 8
34349 13
32329 2
33310 23
32410 9
42330 21
32330 14
32860 11
32250 16
33409 9
33080 4
34440 22
36150 4
33930 1
34140 7
33190 1
33220 0
34999 17
36669 19
32410 15
33060 12
31590 19
33240 3
32040 23
35360 15
33630 14
34239 23
33609 11
34560 6
33870 23
35899 19
34279 3
36290 17
33130 13
42559 22
32120 2
33160 0
33290 12
32800 8
32339 2
33340 13
32330 22
36209 19
32519 7
33880 8
33570 11
35729 1
37389 5
35260 3
34820 16
32459 11
34219 10
32900 14
33690 9
31930 6
34080 5
33220 0
33190 16
33020 13
33300 19
31110 17
34180 2
33759 3
34299 3
43260 21
33010 16
34320 11
31240 15
34570 22
31680 14
33630 21
34230 14
33840 7
31920 23
34000 8
32809 12
34500 11
32960 15
33710 20
34439 7
35260 16
34370 0
33340 16
33939 10
32460 8
33460 13
34520 9
32850 11
33580 0
33470 20
31960 13
33389 5
32279 5
33750 15
42240 18
33970 13
36330 8
38520 14
34090 14
33429 20
35470 14
32030 8
33020 19
33149 13
33760 20
33620 0
33770 16
32159 0
34099 14
33020 11
34330 4
32620 11
36199 15
35920 14
33400 20
35699 8
33319 20
35170 18
32450 18
33350 15
32950 5
32970 22
31920 4
45360 14
33310 18
34180 4
31990 4
34589 10
35010 17
33030 0
37140 17
33540 19
36080 5
33500 10
34230 16
32530 15
33930 23
33360 14
34240 15
32620 2
36090 23
33880 11
33980 4
32980 19
39219 22
33210 17
33100 1
34540 14
34499 19
33640 9
33110 6
36030 13
30071083 12
36660 10
34149 21
36100 23
34060 0
35280 18
33559 4
35160 7
35280 19
34950 14
33819 22
35140 9
33630 12
33560 0
33589 10
36439 4
33530 17
34540 8
37979 17
32940 20
32820 3
33490 23
35000 6
32850 0
34260 7
