180129 12
487137 4
262138 19
70649230 7
82109 20
48039 15
64199 12
49190 11
48710 1
197609 6
55120 4
234868 2
88549 9
3183157 7
53890 8
70610 10
284209 20
88560 19
111479 20
51770 14
79719 16
114899 9
66550 3
110689 20
5522930 23
9955018 7
278388 2
109470 8
45460 16
90540 20
39078459 23
62059 12
80140922 7
49249 18
397447 6
81130 10
146948 17
84349 22
71329 18
198279 6
119029 21
74300 9
95010 22
86249 22
3483735 7
434417 5
73470 22
125099 10
158888 21
77569 22
515786 4
316908 4
53799 17
56460 12
72169 18
95679 13
78729 16
314748 2
110689 14
84980 8
79540 19
247478 2
62370 12
40820 1
199458 0
242508 2
152289 19
50980 18
183459 6
28590 1
90570 18
359517 0
175399 19
94079 21
58090 18
96019 3
149649 0
47350 13
8964305 2
8864786 23
76660 22
126759 0
74239 15
141429 0
83429 14
359198 3
200478 12
91870 13
74059 13
81979 13
533296 17
48889 16
85300 18
66759 18
9951299 6
275518 11
144330 15
298178 21
19821677 7
320398 5
69940 20
76430 9
97499 15
179439 4
28190 1
217258 6
70210 10
52579 8
783075 5
26259 1
299897 3
60950 12
360477 2
247189 4
124159 22
297869 0
40999 1
1941366 7
132259 11
109509 15
72310 14
73239 13
1062133 3
88169 17
103149 13
1215322 7
707924 6
70259 17
83069 23
286818 4
87320 18
34680 0
657936 6
67259 20
65010 12
92099 22
159149 2
8963945 11
83880 15
69719 15
73190 13
60779 11
62130 11
44039 15
47429 10
82559 20
66810 18
65599 20
80249 20
83109 8
45830 4
63899 10
47049 12
64700 22
52332712 7
96390 22
310767 5
81200 9
55469 17
84460 20
49200 8
184689 4
6244305 11
124499 3
176379 5
54970 8
27320 1
100760 19
182408 6
67770 22
72959 21
58160 16
309848 6
172919 3
161119 0
82290 9
61800 11
67820 18
82839 14
102539 9
60330 8
62339 14
81479 21
46190 5
53249 18
36010 1
27330 0
82759 12
148439 2
46040 12
49129 10
48700 15
37767988 23
49939 3
536217 23
121310 15
94580 21
235648 3
26750 1
191058 3
129339 20
141939 21
112889 12
99259 14
115289 17
158719 12
81820 21
85549 18
326388 6
103720 10
67019 14
71030 17
84449 15
74990 15
85919 20
100799 16
115400 22
126910 23
7529685 7
107939 15
71739 9
172849 3
215578 4
164309 0
48370 10
98219 18
86099 22
67210 8
164249 2
65919 9
139199 22
335848 0
55399 16
96290 16
56329 2
52690 12
79539 10
85109 21
51330 16
68860 8
6171215 11
53700 10
59799 18
135999 7
394787 6
99090 1
317447 3
271989 3
170608 12
103430 11
49220 13
70720 11
100429 23
123289 17
201449 2
90529 18
183859 17
86989 23
118289 21
83500 12
119089 9
69689 17
52630 3
51679 10
82990 15
63569 12
76769 13
139229 16
89849 21
103939 21
113220 20
109769 20
100189 13
53170 10
72479 17
105350 17
371798 0
62259 17
135829 16
73470 17
53870 16
211729 6
78399 21
62220 15
96889 1
81789 16
88890 17
66709 16
115960 11
61790 16
247318 4
57990 3
104679 19
97029 12
78050 17
170558 6
88250 8
74709 20
65120 8
66839 18
80450 23
67559 16
81660 12
69129 10
258888 6
45320 10
94619 15
94630 23
68659 9
65600 18
167649 6
50430 8
49160 12
98359 9
65390 22
34276213 7
86349 15
80999 15
175229 2
70400 20
38489 1
79050 18
44669 8
119389 1
72619 8
180459 0
51539 2
75010 19
87809 22
49410 16
28820 1
114490 9
71549 8
101529 18
78820 13
46486544 23
77799 15
9080345 7
50560 15
62900 12
66039 14
52340 10
67899 18
49990 15
160659 2
51189 3
77489 20
115549 16
75030 10
76749 18
27640 0
66079 12
94160 20
66329 10
113009 9
90240 22
47709 2
51300 18
70760 22
54380 10
85869 16
350987 0
111149 22
75969 8
370487 0
78859 18
90530 8
7073309 11
76619 18
115099 14
71370 9
91229 12
46140 5
25480 1
49199 10
87690 19
77119 8
147259 12
697905 6
68579 10
54910 10
78179 12
52549 3
97519 8
81649 11
74399 18
70020 22
68089 18
286418 0
168349 6
66810 9
7628885 20
105079 13
99709 13
104190 20
195869 6
266028 0
176789 19
88678120 23
83030 19
137409 7
74629 5
68760 15
77509 18
58460 17
68139 12
78780 16
75379 22
180759 0
64299 8
84340 17
112419 18
73929 20
80260 12
362217 5
8622988 7
73329 10
59039 12
74719 18
69639 21
69219 9
54949 15
94169 21
52079 4
198779 3
76909 9
63580 12
50689 4
157149 4
67820 16
85539 10
58150 16
88819 20
102229 21
191909 19
52229 4
69099 22
79059 9
81880 22
8003712 11
154909 4
73610 18
69180 14
79449 8
272919 11
89933751 7
49569 5
66499 20
59339 14
43949 10
89609 6
18702965 23
66689 18
94149 2
66089 15
25440 1
53380 2
85929 13
101309 21
97489 19
91560 19
84459 0
92910 10
74920 0
60749 3
179199 23
92110 19
68339 22
96650 7
78259 13
76209 9
61910 5
114629 23
82369 13
67319 4
75879 16
69159 14
150639 19
76199 14
92690 2
51529 3
73180 15
52609 8
49030 6
68220 9
49499 12
93979 6
47669 13
78289 19
66659 17
71850 20
64719 16
118829 19
47782526 11
151719 18
80580 10
84349 5
101080 22
232388 19
133929 5
89869 10
192019 7
68650 12
176349 3
104090 21
108389 4
226608 4
66149 11
78619 12
85719 8
92310 18
109199 4
73869 14
132739 17
196869 9
76779 9
7241767 23
79989 16
67369 16
200189 6
125859 18
8520008 11
78860 19
87909 21
597396 7
79609 8
126239 18
422597 6
111230 9
156599 3
238139 22
144069 0
242508 6
141599 18
67399 12
97670 23
100199 11
301278 19
149459 19
233228 19
135049 6
136089 16
51570 3
72709 13
226198 5
106319 13
199148 0
110980 2
80699 13
221718 6
122869 5
158239 14
116750 18
179328 13
99290 14
108639 8
110519 4
235788 2
108779 15
27720 1
96389 3
308588 18
110240 6
254999 13
124419 5
203558 21
91530 17
77339 10
49840 5
111469 11
181308 11
89940 5
123299 5
181219 3
203139 23
49090 5
94569 8
83029 8
166309 23
113089 16
153749 11
424237 10
130609 21
152169 6
147909 17
135449 9
9869279 5
91989 4
714855 7
206699 22
139909 0
161028 22
54809 10
598056 23
61109 3
169169 9
122359 15
105020 14
405337 22
229538 11
112409 3
99579 14
112219 11
151899 14
63979 1
166949 13
57569 18
244228 20
161508 14
71139 18
117819 12
139619 6
182089 4
122799 5
118899 15
90559 23
125469 23
311987 21
86480 10
106460 13
133889 18
215058 15
199269 4
87239 23
134499 21
242149 19
230579 14
188759 0
178509 16
230429 12
185819 14
167309 0
129679 16
26470 0
140739 11
139399 20
144719 5
71419 2
153489 5
155769 0
361667 4
618185 14
54760 8
222018 18
78669 9
144438 2
9735590 6
57000 1
119939 2
280068 11
94219 8
143839 2
103989 19
85550 10
130379 20
74669 16
88210 5
93239 2
95099 6
20806540 7
120679 17
247948 19
56570 13
30540 0
88899 6
150469 13
98299 11
69790 0
300538 14
150648 14
454956 6
236829 15
186899 22
124449 11
282498 13
102099 3
88599 8
85809 6
55150 2
97229 19
79410 1
204389 5
138019 21
120989 12
162489 2
101169 22
151299 18
110930 5
76390 8
351777 19
113409 21
178618 6
98590 4
128159 9
66529 4
400287 21
339308 19
130869 0
77449 8
63720 1
151489 13
239748 20
296238 20
75729 8
149189 5
31699042 11
38839900 7
47509 12
47560 12
61279 15
39892922 11
46859 2
91940 21
67979 18
281288 11
55860 1
43609 1
75930 10
44380 3
145659 21
129489 20
168889 3
75290 14
80569 19
40995855 23
263508 21
100129 22
235288 20
146639 18
147669 7
133809 12
290478 19
93020 4
67570 17
46820 4
57719 6
123969 4
22891275 11
79290 23
69749 9
84529 18
156468 6
123239 14
64160 9
49540 6
87699 19
116179 21
110199 21
134010 21
66049 14
97379 8
67290 14
91129 6
179879 13
138599 2
121999 2
126119 12
241768 16
75360 9
97849 4
72340 12
207518 5
89490 20
125760 21
57009 1
139439 16
53490 12
26060 0
45739 3
9812299 11
81799 5
65719 15
42559 5
94490 22
83870 6
62950 15
9701630 23
87620 3
162369 20
116649 12
228548 19
82500 21
58400 6
63970 13
28520 0
84770 6
82179 9
51040 15
51610 4
70769 12
26164871 7
51770 17
66320 14
55390 13
108279 20
84140 13
113829 9
56040 10
78400 15
2113955 11
48479 3
87520 16
83579 15
93639 6
52919 15
67450 12
256579 4
128409 14
151099 22
60479 1
82900 20
90999 2
95059 5
80030 8
72989 19
38400 0
65010 17
94109 3
66139 2
73050 13
64699 9
70960 9
66279 8
62450 11
45539 10
45240 6
64040 11
38787950 23
52600 6
154809 8
91990 14
116969 0
68800 16
77059 8
102209 5
81150 18
95849 22
90949 21
70500 12
8217270 7
118560 17
78889 16
70390 18
91489 13
66539 14
79599 0
9294723 23
49970 10
55649 6
1022473 23
95389 8
64840 17
94399 16
118939 6
125749 11
163829 20
156899 4
155089 11
90360 23
79989 15
82590 21
193148 21
71400 1
87419 22
78900 13
149719 6
84629 18
58179 2
59089 4
68750 22
271488 19
2223764 21
49600 10
82170 2
54849 3
55290 4
82119 8
85840 5
92219 21
72609 15
74569 20
4662736 7
99939 2
111599 4
203918 5
55270 2
141779 17
138149 8
93869 15
54830 1
98019 2
299298 20
62300 1
91380 12
94419 6
66550 9
63659 8
175959 9
92319 10
99859 14
82700 2
76329 15
62380 18
93799 7
97370 5
6760461 11
256768 5
44820 0
307137 23
128228 12
69769 21
9795979 7
1622409 7
98519 13
61199 1
128649 9
72019 15
66200 15
55009 17
106250 4
77350 0
90469 2
117619 10
84820 7
57139 4
48400 4
65299 17
47529 16
63870 15
26273730 11
116780 20
89510 6
154009 5
134729 18
129559 0
55519 8
171869 14
68120 9
65470 18
60870 12
154478 15
92730 22
250718 14
90419 17
84779 21
92769 14
8473459 7
101759 8
44440 10
63329 17
