165149 11
249388 2
114659 1
188768 11
81279 4
105539 6
83109 11
101609 0
128418 0
85109 11
144809 8
90748 13
88529 3
162318 3
75308 7
55220 8
125989 4
59439 3
170868 0
69579 5
89979 11
85259 11
45999 8
58639 3
183318 7
84388 15
122959 11
98369 2
92839 4
94809 0
61579 13
91609 4
46579 8
49300 8
67186891 12
160907 3
165298 15
112629 13
82009 14
137039 5
72599 9
135928 14
90009 8
250437 0
154428 7
61880 9
175388 14
138898 3
87979 13
79689 4
68939 9
170868 9
150679 8
161369 10
174758 1
162388 13
332756 4
70369 11
139678 12
120519 0
213377 4
95639 14
130799 5
179087 4
204837 13
225618 3
96070 15
94749 13
177038 1
326856 8
241868 6
110479 1
143208 6
229378 9
96329 0
134338 9
149729 15
193647 5
99819 10
78189 9
162278 3
67209 9
164519 2
109338 4
303196 13
122208 8
265667 1
126979 10
163659 3
170138 5
210677 14
112689 12
167318 1
97839 6
71079 10
63199 12
92689 7
29030 10
30509 10
130409 3
134588 13
76009 8
199158 5
87759 6
94999 14
176178 2
112858 9
126659 15
142088 1
227007 5
152049 7
37199 10
65070 8
106488 11
206598 10
8349672 12
188248 6
106178 14
170578 11
272927 9
189648 1
106429 0
145338 3
192298 4
99378 9
159329 1
72129 7
142358 11
60549 9
114968 8
169988 3
173058 8
70039 11
123819 7
90189 9
107079 15
136579 3
92389 4
203957 11
170147 0
31429 10
35690 10
80609 15
219467 12
141608 0
115199 2
159488 15
86319 7
176188 1
221528 13
41180 10
104109 9
142768 3
84039 12
80909 5
72489 7
233157 13
66669 12
125579 11
206627 11
137189 5
164407 11
83239 6
132689 3
167448 3
193788 15
221887 5
141899 15
89449 8
89359 15
163429 0
32710 10
31260 10
126568 8
404126 6
70350 5
110499 13
72650 11
108259 9
221268 11
107709 6
169118 3
230948 3
124138 2
54199 12
67009 12
78169 12
577943 1
107209 0
91849 14
94639 4
29139 10
162458 7
62020 8
48689 8
157878 5
230828 1
81139 14
120878 13
118069 5
104279 3
81779 5
10553407 12
64339 7
89149 14
116459 4
145789 1
290616 6
152348 1
263077 1
88419 13
84150 9
96889 14
245628 2
137439 1
108588 4
133408 12
209498 6
255597 1
137848 3
197958 4
77669 14
127138 2
241797 12
138699 1
85119 7
127378 7
105369 5
144148 8
80569 9
114809 0
107339 5
99588 10
96948 12
198048 12
187798 3
103999 5
86459 8
185697 3
146049 4
155628 1
85749 9
29960 10
121578 5
154708 0
39380 10
47839 9
31400 10
209118 14
72309 5
336676 5
122808 14
216868 1
151558 6
4609756 5
63989 7
190368 6
27760 10
102378 4
88789 14
116509 1
89219 15
155138 2
85729 15
75969 7
131329 5
136098 14
65349 5
110079 0
73779 4
62169 11
73439 15
56889 11
68649 7
76189 9
72319 9
51870 8
94019 5
128869 0
90179 1
90989 0
86059 2
168418 6
64221486 12
299007 12
237757 2
117029 2
93749 11
624852 6
225058 1
83629 4
343116 2
119018 9
206828 9
181228 3
64479 11
219567 4
141219 13
137408 4
200548 1
110349 1
231478 13
75499 6
123029 14
115079 6
198128 3
82709 13
288966 2
366976 1
123949 7
182198 0
114249 11
195168 1
152598 12
161098 11
48180 8
86159 4
338627 0
64979 11
67369 11
140769 4
287726 4
182598 1
77259 12
122498 5
44479 9
94009 3
164478 4
127429 0
101709 12
196198 3
168718 2
106479 12
187527 8
94419 9
234068 2
199177 12
87479 8
119459 14
133719 15
270497 2
96829 5
144588 6
231338 6
112458 13
127879 4
198367 1
115308 2
127178 15
157328 2
120098 13
82159 11
32840 10
65509 9
113819 9
84859 7
175118 6
80609 13
117088 7
114568 7
70319 14
68950 4
61580 9
60449 11
64889 8
97979 2
81879 3
56790 9
76319 6
63349 7
92539 1
130808 15
97949 1
87089 4
112389 1
166458 6
59049 7
65559 15
69729 6
30630 10
92519 0
157658 6
62699 5
6284256 12
105799 9
199468 7
136938 0
117139 5
140809 7
39210 10
196618 2
161938 6
147648 8
75019 4
91819 10
105799 13
122608 4
113269 3
106049 2
179288 2
136598 12
36990 10
375915 5
123278 3
32979 10
60879 12
220247 8
84439 9
123079 2
176118 14
108989 7
96309 11
113089 12
106429 11
165808 13
125518 13
76449 3
115709 8
106689 12
368905 0
108978 0
109339 10
129089 7
91369 3
88989 10
116369 4
74329 15
137948 12
176067 4
100019 15
204328 3
97559 14
50319 8
105749 3
242737 14
55069 8
407346 14
128699 15
161218 4
96629 13
88489 7
115179 4
154008 3
43659 8
185938 0
200378 12
322746 2
459005 10
110368 7
150359 0
160219 8
83859 9
79569 3
179548 2
37229 10
92569 14
35760 10
29130 10
71870 14
71080 14
60499 4
90119 0
64459 6
57779 14
59980 8
82579 6
54219 14
86369 0
28080 10
91139 2
53319 11
89299 0
59970 8
61270 5
58759 7
68169 8
68469 4
63519 4
63599 6
51179 14
50830 11
60399 5
81469 15
8350872 12
61899 3
92479 14
108329 0
180048 0
285027 1
128878 11
244057 12
122729 1
124398 5
78359 5
127899 0
139908 7
169938 11
158758 4
174088 5
116339 10
124788 12
113489 14
117329 13
132048 2
133449 11
272976 1
113829 8
54759 8
83419 6
266787 0
259787 6
67499 3
108579 7
147438 1
121319 0
136998 0
128809 0
329556 14
70999 9
74479 14
128669 0
302996 8
96149 6
161378 13
106209 13
118468 1
90828 15
191827 9
76059 9
113129 3
212958 0
36230 10
33120 10
89639 15
345405 12
103239 8
120019 15
89389 4
123808 13
97438 2
245087 12
235208 11
74009 10
129258 14
89599 7
108209 3
124058 7
78439 14
199507 1
230117 13
93119 2
118188 9
133328 7
87468 15
75670 9
48380 10
66529 7
114819 2
156588 3
120619 15
31669 9
64020 5
52760 5
70029 4
51900 7
44539 9
9526678 12
85199 7
62689 7
39790 10
69269 11
114499 2
72349 15
65329 4
155178 14
98999 1
190968 13
372916 6
227808 4
322706 2
216648 0
180877 0
110449 2
157368 6
199508 5
162158 3
187868 2
146938 3
106609 13
219707 5
114179 3
128599 0
156689 5
120269 2
148518 14
159347 7
43900 8
158448 11
126039 6
93038 8
436395 2
155198 8
23559 10
86339 10
279187 2
83499 1
89549 11
70659 4
162878 4
117289 3
137768 1
63790 11
154308 3
152908 14
119418 2
130418 5
93969 12
89939 5
103509 15
104989 5
117718 14
157268 0
92289 4
199158 6
128908 2
78459 13
68580 15
45160 11
294486 0
68759 6
77129 9
72529 14
40439 9
88028 1
52729 7
114529 11
44499 7
38139 11
54500 4
74719 2
37890 9
155098 6
81909 0
78569 2
85819 6
114108 10
13641289 8
150459 14
112928 5
79459 14
146418 14
112368 1
177848 2
232637 6
198498 6
121029 3
132708 0
26690 10
39820 10
103989 8
97279 0
133939 6
340176 8
189547 15
92419 0
121379 6
63119 15
81949 7
52859 4
114369 12
266127 6
3646697 14
107779 0
93989 4
17550 10
58969 9
70209 9
299607 14
165838 14
154928 5
93309 2
156268 15
175338 7
69779 11
116349 8
80749 9
201388 0
81819 14
184157 2
138759 13
123248 13
176238 3
222797 7
101518 9
83969 14
15710 10
60160 9
95369 13
109169 11
78479 15
80199 14
275647 4
121368 12
220277 15
117218 0
152439 0
103568 13
120159 4
149168 1
182497 6
144389 13
135228 13
97259 11
78829 11
138028 5
219868 1
98459 0
63110 6
273747 3
89879 7
80130 8
142439 13
101529 0
86729 13
131778 5
49850 11
318147 0
72339 15
171288 6
87969 3
131798 8
81479 8
143408 11
80509 5
65919 6
182868 1
162318 6
33760 10
140998 15
82129 5
114999 3
139678 15
94609 9
82779 3
99259 8
201397 0
235357 8
152938 14
127678 1
300317 3
208257 8
149929 5
172067 5
173767 13
143359 6
106219 15
84730 8
223068 6
72149 8
98259 11
75029 4
101159 9
114448 4
129029 2
126448 6
95419 0
99649 14
220928 3
144848 3
291266 14
141348 4
86079 14
41549 10
163548 4
200428 11
151818 8
292587 3
101519 13
276117 3
65469 14
104499 4
209298 0
58779 9
121929 1
36289 9
102669 12
88769 5
168628 1
238707 3
129179 9
157328 12
199498 12
145128 12
161348 15
142998 11
114119 11
95829 6
114738 4
94188 12
192457 3
246677 4
56020 10
101439 7
130438 8
116609 4
258917 11
163947 9
113508 9
105579 12
204117 3
179818 11
96798 14
307357 1
38089 10
115849 3
201618 3
202378 14
229187 7
135589 13
161028 8
96589 1
40749 10
117589 2
98549 7
12990 10
162418 3
151788 9
109879 8
58249 10
100609 8
150588 9
151078 13
164279 4
263977 11
55820 10
137808 8
141738 12
189288 7
213658 4
98969 1
166607 14
86228 11
186817 13
187548 5
244237 14
100219 9
95829 12
107739 6
84669 1
66799 5
131118 13
101549 4
82489 15
147909 15
163398 9
13960 10
175768 2
101429 15
197838 15
65089 9
228277 15
92458 6
9460 10
163728 1
265547 1
212518 8
17540 10
105749 12
68939 6
94828 4
105929 5
150968 5
77509 9
221728 7
101399 3
90390 11
84408 5
371276 7
208538 7
137738 4
81349 3
133259 15
116669 0
220298 5
167788 9
188227 1
149649 4
139598 15
140698 12
32320 9
146908 11
242358 3
98509 9
109249 0
156118 3
27670 9
12060 10
221977 3
145249 1
80779 4
32680 10
119449 12
146558 5
106519 3
178788 12
93498 14
172238 14
205667 2
133128 11
109028 7
85829 13
164538 6
148129 3
129978 6
53040 7
51740 11
51729 11
124019 0
117278 12
78789 5
81399 3
60359 11
79189 8
113549 0
90099 9
119988 0
58869 11
131269 1
75389 13
73229 13
66979 4
105999 3
348376 2
97769 6
311076 14
108209 0
80279 7
99979 12
160218 1
96699 14
99718 6
59730 14
164468 4
69929 9
193158 0
82279 4
205387 4
117288 12
217608 3
68420 8
213507 0
84309 6
98249 5
108279 12
65519 14
111549 12
109088 14
17290 10
95879 12
78149 15
88259 15
147328 11
11710 10
215948 2
74499 14
135128 14
146428 7
105549 15
69360 7
133809 3
66849 7
136518 9
134469 7
161998 4
187838 3
116258 5
106429 15
82339 9
135759 7
157548 1
101758 5
122399 1
186268 4
118719 11
125979 2
50000 9
77539 8
80800 0
181668 1
101598 2
148318 7
99439 2
127259 4
118768 7
125319 8
131199 7
149619 4
130028 8
118909 1
135728 2
