187908 11
118419 4
139059 0
142909 8
136119 5
150669 0
129969 2
112339 7
136069 6
155749 8
164879 10
160808 4
181829 4
186389 7
139029 0
127749 6
124769 9
134959 11
123599 2
136069 7
126509 4
134279 2
119669 11
121589 5
118109 10
122989 6
125909 11
138049 6
130109 10
119659 10
122279 8
149889 5
132289 9
135609 0
152789 5
155749 6
115609 11
122589 9
127239 0
113949 8
113859 6
131369 0
134439 2
111799 8
114889 0
125179 7
123789 10
113750 5
135379 10
117450 5
137208 10
131179 4
119880 11
116359 5
129669 2
115809 6
113779 6
117329 0
138429 8
122169 8
112089 1
119919 11
104559 1
119839 6
129889 9
118039 2
219928 0
123649 0
122079 4
109979 2
108799 4
112870 8
115539 5
109859 11
119849 11
131479 7
120899 6
119949 9
144359 11
118449 10
124839 8
109290 7
154689 10
113319 8
100049 6
103939 9
111019 10
131219 0
103239 0
129979 5
144839 11
169499 7
158879 6
153628 10
119848 7
113099 8
116909 8
104959 7
133779 4
103389 8
101670 1
106239 6
100599 0
107839 9
102579 7
108419 8
105270 9
134079 2
111209 7
107819 5
128449 0
107819 7
93949 5
117529 2
100229 6
111349 2
133189 6
109149 5
105779 11
110829 2
111129 4
106819 8
95289 7
94529 5
118609 7
124829 7
107189 5
100479 3
105619 10
108259 1
110989 6
111009 4
105139 4
110459 3
110949 4
118909 3
117969 5
108939 11
95210 2
108049 11
91179 5
79789 4
82649 5
95209 10
108619 0
100540 8
100740 4
95609 0
105569 1
105409 8
122959 2
139739 4
103180 7
107689 5
148269 8
118159 0
126769 9
119669 5
101639 6
102399 10
116400 7
137950 9
143999 11
150459 0
138659 8
138359 10
152479 5
123399 2
140919 6
129299 4
110279 8
117699 5
106639 1
113179 2
117959 11
125679 1
138469 6
149479 7
154938 11
150839 0
141479 2
117309 11
120209 7
104309 5
99069 3
117189 1
99579 4
102219 9
91559 0
87139 7
97289 5
89439 0
107059 0
104589 9
93709 5
118269 8
105349 10
194859 1
104259 7
102049 4
100369 0
115769 9
120029 2
145989 11
138109 6
139268 8
139768 2
146078 11
138629 2
111759 7
126448 7
131728 11
129679 5
114739 3
126519 8
128579 6
146748 8
145299 2
169128 1
142979 1
123649 0
119049 11
125899 6
124249 0
121870 4
116890 9
151528 3
106270 6
116509 0
113689 5
104429 1
122859 3
109289 7
114109 10
119709 6
141849 3
108410 9
107759 11
110779 6
118209 0
118149 0
126139 4
100499 7
113869 11
103160 10
104779 10
108899 4
115769 7
98839 9
100939 6
110339 8
111379 7
133859 6
131019 5
100259 3
115569 0
108289 11
115028 10
103729 9
115299 8
110799 4
115239 1
115219 8
106149 4
99770 0
102069 7
112899 6
109439 5
90950 6
97820 2
97029 1
108309 7
90050 7
106810 6
101389 11
111109 0
170169 1
137869 5
99969 0
123609 7
118699 3
120099 8
109909 11
102600 9
123180 6
118049 2
119909 3
124309 7
136049 9
123559 11
122909 4
93779 2
115199 7
96190 2
129539 11
134549 9
152799 11
117999 4
110310 1
157759 9
151019 7
139219 8
170539 11
198288 3
143008 2
114699 2
111740 5
105969 8
127589 6
123699 3
126329 6
147009 8
113239 5
99689 11
143879 4
102119 5
119069 10
121219 9
112800 1
193168 5
132229 8
131959 11
112909 11
114329 5
129379 9
120568 6
129699 3
153539 0
115428 6
107959 9
123049 8
139699 7
123569 9
119289 9
139049 9
129049 3
114519 7
110419 5
126159 0
124929 8
136509 8
119939 3
119419 11
149939 11
113019 6
109909 0
118379 3
109050 0
123969 11
105159 4
126819 9
129539 9
108089 1
104419 6
115348 7
126228 2
127199 1
151819 7
150428 5
135989 6
127169 1
122819 6
127559 4
111020 9
116500 10
112639 5
124629 1
151609 1
126529 3
138899 10
143848 3
144648 6
170078 1
120479 1
139709 6
115069 3
115409 2
117529 10
123748 4
121519 2
120200 11
140439 5
136388 11
149379 8
148358 6
147359 0
139259 7
122939 2
114639 0
151419 2
114969 0
106719 5
117308 0
117579 3
130269 9
122789 9
124609 9
173868 2
99370 0
115229 7
111929 8
121499 5
107599 5
108400 3
111059 7
108530 8
132999 7
108419 6
102479 2
121189 2
110379 10
111060 5
110020 7
113689 7
113649 8
120129 2
105839 1
120319 5
112230 9
105190 11
111479 10
109269 1
115779 3
110599 4
110160 8
122719 7
128168 10
117588 3
101599 9
118679 0
115679 1
135149 0
119939 3
111229 2
90269 6
94019 9
82699 5
82660 2
84670 7
93969 7
101009 4
95259 7
107659 5
117079 6
100679 0
105800 5
129810 5
126990 6
123010 1
122479 9
117800 6
128629 0
116579 7
101859 1
100149 3
99999 10
115208 4
117759 3
130919 0
126059 2
194258 10
106249 5
95679 10
94039 5
112919 8
117439 1
120579 11
108910 10
135119 2
132079 10
127550 10
123759 4
141699 7
129459 8
141559 10
166389 10
141129 3
114389 8
103590 1
99229 11
99199 6
99739 9
99089 10
82370 5
95339 11
145819 7
96379 7
104319 1
111609 2
98879 0
113639 2
128809 6
130719 5
142389 9
103659 3
94959 11
100279 1
126429 9
127149 3
138688 3
142679 2
157009 3
147579 8
136079 2
115589 11
100009 0
122528 7
109979 0
115779 1
123019 6
130229 7
102919 8
130529 3
140589 11
156979 0
163069 10
140839 11
124948 4
126059 7
109690 6
104999 8
121219 8
118959 2
120999 11
120839 6
123979 6
112760 10
106070 8
111749 3
111799 6
119189 7
103789 7
122589 11
124279 11
140959 5
113760 11
110948 6
121620 5
126119 4
114549 5
122329 1
123859 8
126419 3
98299 9
118309 9
112930 6
116350 11
135530 6
125590 11
112370 9
127799 0
152348 6
116639 1
119659 5
107559 8
114999 11
123609 2
110179 10
111809 10
132379 8
124528 5
114559 2
116359 4
113739 3
120839 6
121959 3
111789 7
174449 6
106659 11
92089 6
120269 9
123710 9
111899 10
108069 2
144879 0
170668 6
111050 4
108500 6
117319 2
117039 4
114329 6
105749 4
114460 9
117570 3
135070 2
111940 9
126729 7
124459 8
116139 7
112539 2
101089 9
102329 11
128359 4
117319 9
114669 3
105459 2
117519 8
139859 7
107669 7
127059 8
134799 5
168979 5
205118 8
144199 9
116109 3
125049 2
110749 6
115949 9
108719 5
103539 9
108339 7
106849 9
103699 0
99390 6
113969 7
96919 4
100679 4
108410 5
109010 8
105739 11
114779 7
109369 7
121419 6
120669 9
109740 5
111420 10
134679 8
109129 4
104259 5
98469 11
98870 6
114859 3
110489 5
110459 5
106109 10
132909 9
105639 7
114439 1
104730 10
101899 7
102329 3
110439 5
108909 8
101339 6
116759 4
96579 0
115539 10
98769 8
109389 3
105550 1
98179 6
93439 2
78570 6
86530 10
139859 1
93459 8
100779 5
114048 6
100699 8
121509 1
120989 7
142879 4
156839 8
120449 10
131509 7
130589 9
120399 4
116829 5
122179 6
118289 11
123769 6
139719 1
131539 10
138489 5
140929 7
125289 3
120039 10
118459 1
131199 9
109069 0
105219 4
119789 0
119879 10
133089 7
152969 11
118790 5
160309 10
139029 3
187069 2
160359 2
123489 10
117059 10
128399 5
131989 6
115659 2
105799 9
109269 10
114179 10
119668 7
125390 3
122280 8
106219 4
127389 3
115619 11
111959 11
115129 8
120079 6
139018 0
134779 4
117689 5
163979 9
107169 4
97119 6
103879 4
115489 7
113629 8
103289 4
113839 11
109260 2
128999 6
103590 3
106299 7
117249 5
118249 4
109839 7
107109 10
115000 8
113619 1
135169 6
114769 6
119479 5
103539 6
102599 5
102489 5
115890 6
103289 0
107159 10
142829 2
88649 10
99569 1
102210 11
97849 2
108779 9
103440 10
108159 2
114769 5
145728 9
130399 7
286757 6
106550 1
114919 8
127679 2
113719 11
111149 3
112169 6
102810 10
127808 1
123530 1
118339 7
129628 3
128008 7
136308 3
115880 11
109499 7
121539 7
110659 11
122099 6
106759 1
123209 0
104629 8
114279 1
124999 3
134119 6
106669 5
130799 0
152419 2
159288 9
134928 10
117999 7
114240 2
135339 2
111379 2
109719 7
92189 10
88670 9
83779 0
81110 0
91459 8
91059 5
106849 0
87329 3
113529 11
115039 7
114579 0
129869 5
94469 7
120819 2
85830 10
113469 7
119569 6
132739 3
124619 1
128509 11
124339 6
121899 6
114919 2
105779 4
93230 5
100699 2
134499 11
119599 8
114569 0
81939 1
110889 5
139349 2
134559 0
128748 9
131848 0
121688 9
112820 2
112199 7
117299 10
91749 9
115419 10
91940 8
107139 9
107869 4
99179 4
108119 1
121099 8
111300 0
121309 4
100559 0
97489 10
112269 1
117450 10
114810 8
121339 10
106499 8
130909 2
121069 10
95719 0
116029 8
106219 3
100850 5
115869 2
106809 9
108169 3
131139 2
123619 4
107540 4
107770 9
109159 3
108859 2
121079 5
115059 2
116989 4
101359 0
112430 3
114079 8
109159 5
114699 11
110909 0
111619 5
116208 0
101729 0
116619 0
144179 6
125239 6
104039 10
111639 4
100239 5
83940 1
83059 10
88679 11
106739 9
116099 7
116509 7
105669 11
96669 11
118610 0
120108 9
122359 7
126079 1
112059 6
121969 7
97059 0
108479 3
112910 0
83900 6
105079 1
102999 1
101899 10
110970 1
118559 11
89820 6
102669 11
133759 6
85600 9
80869 10
73809 3
97339 11
105589 0
96539 8
107179 0
120599 10
106160 9
87299 4
101549 3
91079 10
189619 9
123139 5
175198 2
112939 6
105959 6
125209 8
107299 10
114119 10
113830 1
93069 11
109199 6
109739 1
125089 10
117469 5
95959 2
93559 1
98259 2
112239 4
97990 1
107900 5
104039 5
130289 6
97629 1
88679 7
109828 10
98609 4
96689 2
123269 3
130469 0
102879 5
116109 8
103959 11
104709 8
95469 3
99339 6
102019 8
102149 7
107259 10
102009 11
100399 4
115779 0
86249 4
87979 3
81470 2
82979 1
87319 8
118180 8
99100 6
97589 1
94039 5
92910 6
117899 4
92540 11
70759 9
73800 0
90219 6
81180 7
77900 3
88649 5
87410 6
92190 8
104719 0
127709 1
98819 11
91860 2
86049 7
94119 10
93069 1
88120 0
93039 8
78189 6
88769 0
116519 1
96699 7
117949 0
110660 7
103490 9
85689 11
91399 11
77810 0
72979 6
86489 9
89699 8
109339 8
95919 5
91070 0
114190 4
96609 3
86989 11
114319 8
