109188 8
54590 10
47479 0
44670 1
47159 2
44480 8
43859 10
42279 8
45019 3
42950 2
53880 5
42249 6
44610 10
44619 7
44750 6
43529 9
45550 0
42899 2
45190 9
42399 6
48980 10
45539 2
43809 0
43849 7
43699 1
42019 9
46380 2
43959 2
46129 9
41579 8
44930 9
42040 6
43889 7
51799 10
44539 3
43840 4
44429 8
46310 1
42559 0
45130 0
42579 11
45130 10
43969 1
43780 7
43759 3
43120 4
40619 4
42770 3
47429 5
41980 4
42229 7
50650 2
45950 4
45530 2
44070 4
55779 0
43610 7
43049 0
44450 5
41079 1
40610 5
49139 0
51380 6
49530 1
50670 1
50110 8
46679 6
44210 2
44179 8
45160 10
46369 4
45410 10
42499 9
44790 3
43509 9
43790 6
45570 6
68699 6
47190 4
45339 11
53690 2
48639 7
44300 1
44690 1
50139 1
48960 9
43799 7
43750 8
45609 1
43520 9
47539 8
48370 6
43819 7
45609 11
47989 2
45679 9
45840 7
41269 6
59440 6
47129 1
56180 11
59159 6
58989 1
62779 1
47520 5
46999 9
45130 11
42949 6
43840 9
47479 4
41690 6
43439 7
41790 3
43269 11
41880 6
43049 0
42520 5
45059 9
40760 5
50659 4
46770 5
43479 1
45620 3
40959 1
44439 1
43429 6
42869 6
42309 8
43960 9
41380 4
42399 8
42400 7
44500 4
42739 10
42300 3
42520 6
44659 5
44560 10
46469 3
42730 10
41049 0
44100 3
59959 10
42989 9
42200 0
46560 1
44130 7
44270 9
41879 11
44460 11
40650 1
42419 0
42430 0
43380 11
44730 8
43909 1
44750 7
44320 6
43810 7
42499 7
41970 7
43659 0
43399 4
41299 4
42210 0
105099 7
47289 1
42440 10
48799 0
44650 3
42580 9
45529 9
45599 10
48459 2
42710 4
46529 11
44410 7
44349 10
43650 9
43279 2
41750 10
47229 4
40330 0
41919 9
40390 8
42489 11
52130 4
42019 5
42110 1
43669 4
42450 9
41899 8
44620 2
44159 3
43320 2
41569 1
43170 1
46239 6
42450 8
41619 7
42040 2
43539 10
42130 2
41659 5
43860 1
42389 9
42740 0
44569 1
40570 0
53859 10
40439 2
41690 3
39899 6
43460 5
40910 9
43359 9
40719 2
43299 10
40730 9
42649 3
44780 3
45960 2
45040 3
43449 9
41409 7
48150 1
42179 2
40969 5
44020 10
43759 7
42790 8
42579 4
52439 8
42510 3
42359 5
41570 3
42479 10
42670 5
41549 10
43320 11
43729 8
44540 1
40369 4
41800 8
42909 4
43260 9
41269 3
43690 3
41949 5
43930 1
41169 10
41530 5
41219 11
42090 0
40599 7
54419 4
42829 10
45800 9
44659 10
42380 6
43259 11
44050 3
42939 5
42190 4
42519 5
45039 2
45639 1
40569 2
42200 11
46820 7
43020 7
43650 4
43450 3
41599 6
48439 11
52429 11
52130 2
68979 4
50919 6
46140 7
47289 10
50799 5
47009 9
42439 5
49799 1
48869 5
43640 11
40519 2
43590 6
44269 3
46130 10
52979 2
43750 8
44309 4
41400 0
41749 0
42680 0
48079 11
45039 5
54099 4
45739 6
45300 2
41919 0
46720 6
42539 9
45520 3
42489 5
43100 7
47259 4
52149 2
45869 6
41829 5
42589 11
46260 4
44339 11
42919 4
44159 0
43569 2
43069 11
41620 2
43010 3
75649 4
44340 2
43979 2
44599 9
46459 5
45920 6
42879 4
44560 1
44559 2
43609 8
42470 6
40659 0
42440 8
42120 2
45350 10
41979 11
43570 1
40689 8
41890 11
41739 10
43899 4
50479 8
52870 0
43729 7
44830 11
43809 3
42670 11
46869 11
41999 0
45140 10
42279 8
42239 3
43570 4
43109 11
42649 5
42059 0
44619 6
43959 1
44299 0
51639 5
46289 10
42630 11
45279 0
40850 10
41769 4
53730 1
42819 3
41880 11
42229 5
43940 6
43339 2
45710 2
43579 2
41890 4
43249 7
43550 6
43049 0
44189 5
46230 0
49829 8
42670 1
44920 2
42340 11
284766 6
41049 10
44060 0
41870 11
44210 3
45890 1
44479 8
40749 5
42109 10
42600 1
44140 11
42850 8
43459 11
44099 8
43699 9
46849 2
41050 7
47390 4
42329 9
43350 2
42249 10
43399 4
51849 9
44920 0
42209 3
42760 0
46039 10
44460 1
41619 1
42450 4
45719 10
40780 3
41699 0
41710 10
44919 2
42970 2
43299 0
42250 0
42729 1
40970 10
45499 6
42330 6
43739 10
43820 7
43299 3
54930 5
46059 11
42770 1
41859 4
43839 10
41759 0
43329 1
41539 1
42519 8
42990 10
44099 0
40599 9
43209 1
43459 7
45499 0
47519 4
43929 2
42660 0
42999 6
44700 1
40889 10
44180 7
49959 2
42240 2
41879 8
45660 11
41539 2
44690 8
41889 9
47140 9
53339 11
60679 1
44870 0
47969 0
45830 0
43999 3
42340 4
47899 1
43159 1
42109 2
44189 9
36950 0
34230 4
42409 1
45050 0
42069 9
31870 9
38509 8
33880 8
31010 6
42760 2
34490 5
29059 10
41210 11
43069 8
30330 3
29900 3
43979 0
30470 4
33229 4
42780 9
39219 6
32340 3
38199 3
44510 11
46480 4
46859 7
42890 3
43049 6
44290 0
46729 9
50109 7
38920 3
35620 6
39389 5
32799 5
36289 9
38750 2
42239 10
43340 0
46719 9
41630 3
43239 0
41400 1
41269 11
43070 1
44899 4
45820 8
48309 10
43160 10
35099 9
34780 5
31849 4
35380 1
36079 8
48900 5
38020 11
37100 1
37060 6
38529 9
35950 3
40139 4
37810 5
39739 10
39050 1
39619 9
37339 11
39260 1
40540 3
37350 10
37109 7
40300 3
41719 0
46530 6
45519 5
45630 9
46199 8
45480 3
53250 1
57929 5
52690 11
48509 9
51240 10
48830 6
50569 9
49790 8
54069 3
51210 3
46829 5
45059 7
44540 10
45389 11
46220 0
42999 1
45750 2
48639 8
48560 8
44170 6
43380 9
44630 5
54450 9
43640 10
42869 2
43540 7
42079 6
44330 5
42969 5
46550 5
42529 11
43100 10
44059 3
45410 7
45629 9
47430 0
44180 11
42480 5
46699 11
40839 9
42870 11
41190 1
44940 7
42060 3
44060 7
63159 4
45510 4
41989 0
44850 10
44739 7
42680 7
44459 2
46409 3
42119 3
44100 1
43220 11
42699 6
43790 9
44210 6
45050 6
44199 5
42589 6
41589 4
43500 4
42209 7
44890 9
40730 11
83959 11
44419 9
48970 11
44800 10
41769 3
44960 9
42789 8
41490 4
42369 10
43200 5
43709 8
45310 3
43739 7
46190 10
41309 7
43830 10
47029 3
44040 4
44579 0
42580 3
48229 0
41749 9
53600 1
42880 0
44140 0
42740 9
43939 0
44450 5
43869 11
43799 10
45610 1
43789 9
44620 3
43029 10
43660 1
43809 5
44680 10
43689 0
44370 2
46629 0
46280 4
42989 4
41300 3
43399 9
52639 5
42549 5
42729 4
43229 0
42750 9
43390 3
45650 2
44400 9
45949 7
44799 10
45459 4
40860 3
44689 1
43400 11
46079 3
48060 3
49839 6
48629 4
47570 2
44830 4
45100 4
42049 2
45119 11
54409 10
44560 4
43519 7
45670 7
42649 2
42720 5
43529 10
42640 7
44649 10
43120 2
45419 6
51009 2
52530 10
47609 2
44400 11
47419 1
46880 10
46809 7
49369 2
52199 6
50990 3
54639 9
54689 4
52679 3
47259 6
49399 10
45280 10
49799 0
45180 0
47279 1
47510 8
48419 11
49970 1
48369 5
48769 1
60889 1
53469 9
55199 8
47650 8
47759 0
48830 6
60049 6
50629 6
65549 9
58689 3
56429 2
53499 6
48349 10
45179 2
43399 3
43320 4
43150 8
51549 11
45690 4
46389 0
45920 9
43929 9
47220 4
40719 8
46699 5
44589 9
51659 4
42860 8
44489 1
44819 4
43139 1
41799 5
44480 8
43710 5
44109 8
47980 4
46049 2
46370 6
43409 3
42890 8
43209 7
45510 7
42339 7
47939 10
44590 0
44509 0
41179 11
43130 8
44459 3
59169 1
45800 7
45709 5
46960 11
45889 9
45510 0
45029 6
45549 8
42119 4
44659 7
44609 2
44509 4
44299 6
42550 7
42929 5
51359 4
42740 8
46749 7
42540 4
45699 11
43770 3
45789 1
55659 9
49279 2
43999 2
47929 6
51169 8
49840 6
44559 6
44480 8
41959 7
46440 3
42949 10
43550 9
44889 7
45959 11
46830 4
45690 9
58920 8
68539 4
62659 0
50490 4
68759 2
53459 4
60650 1
55340 5
50639 10
46870 9
46679 9
42710 2
43079 5
45040 1
45419 2
41210 2
43889 8
48220 7
45479 2
47349 0
44620 10
44770 2
41719 3
42560 3
42729 0
96979 1
42879 11
45290 1
42219 3
44300 0
44239 2
44410 7
43099 3
44220 5
44719 2
47560 10
46769 3
45910 2
46879 0
42729 0
42460 2
42830 7
43500 1
44600 3
44870 8
44079 0
53680 3
43579 4
44920 4
42789 4
46010 1
49079 9
44949 5
42739 6
43960 6
46650 0
43419 6
43169 1
44010 10
43790 5
43439 1
44459 4
47699 7
48340 6
42129 10
50240 1
41719 0
45310 2
57049 4
45870 1
46339 4
46169 2
60080 2
62629 11
55569 7
50150 10
77439 5
77029 3
50479 10
53750 2
60520 5
62659 2
54270 9
51750 11
55789 0
53059 10
56379 2
47029 8
45110 8
50339 11
48630 5
47259 5
42780 0
44920 1
48359 2
35869 8
35770 6
36809 10
39280 0
34519 2
35010 1
34869 7
41499 3
41099 6
43319 3
47920 4
51470 10
41799 3
43939 4
50799 8
43870 11
43239 9
41070 0
39439 4
42030 10
45149 3
46800 9
38739 8
44000 3
43189 10
50780 1
47079 9
47690 0
51520 8
43589 1
46059 8
44579 11
45119 11
44219 2
46630 10
45869 11
57420 7
41780 0
46399 1
44420 10
46540 6
44299 0
46210 3
44410 4
43230 6
45520 6
44969 6
43760 7
44939 0
46910 5
43859 11
46170 8
45579 2
43950 1
43389 4
49369 9
55839 5
67359 0
50920 8
51050 10
53159 9
44660 6
46269 7
51999 10
55919 4
52049 4
48770 1
46529 8
49690 7
50329 11
51280 6
57299 11
51559 5
49569 5
52130 0
47870 5
48180 10
52699 7
44120 9
48879 2
47580 7
54360 9
56859 7
54480 5
44339 4
46309 1
45419 3
49419 1
45799 3
50869 10
48950 11
49029 8
47790 9
48309 10
49259 11
46840 10
49369 0
60469 1
46640 1
42630 8
45000 1
49559 11
