163338 11
90289 5
91609 18
79789 7
79899 23
81459 19
81179 12
72289 12
66850 5
64159 14
77989 3
62529 21
59789 5
65479 11
62749 22
60329 11
57839 15
61929 14
56589 9
59150 8
65109 4
62369 7
60219 23
66910 14
62610 1
60309 20
71799 19
62189 1
67348 7
65859 20
67519 8
61459 4
60099 16
60339 14
70079 3
61799 4
60250 2
59319 18
63879 12
61249 3
63419 1
59099 3
73189 4
57619 17
60670 23
57550 2
59599 3
59530 23
63730 4
57809 13
63479 0
60629 6
61549 18
61149 23
63819 13
60780 23
63229 13
61269 1
79539 14
62009 14
58400 20
56429 3
59869 22
60630 5
64579 6
61959 14
59390 6
58910 5
63059 18
56359 6
65070 19
57160 17
60399 21
61379 12
74990 2
61020 10
58319 4
59550 10
60810 22
61279 23
60989 17
58659 17
61630 23
63699 8
65049 20
62900 18
78070 10
81640 14
81009 19
87609 12
67329 6
77039 21
85859 3
62829 23
67589 22
71360 14
76010 21
78419 15
73699 4
67959 0
70889 14
75549 21
63860 6
88199 23
61270 11
74539 3
67959 21
62209 9
64390 21
63530 20
68279 11
77239 3
75019 5
84799 6
64279 14
82189 22
73120 4
81010 13
65510 7
59249 3
61659 17
79439 6
97139 16
84929 1
77069 22
85539 16
90409 15
94709 14
87249 21
109149 23
99948 2
80410 16
79950 2
66410 6
61639 17
63019 3
60399 12
61539 18
60469 18
58689 1
58329 7
60489 4
59259 10
59020 21
126288 22
57510 4
57590 17
55179 2
58079 11
57219 6
58169 22
58159 21
57750 19
57089 19
57039 12
61089 3
61229 11
61579 23
74149 9
81089 0
71090 17
60170 16
54109 2
56259 23
55210 3
55119 7
57789 22
57160 16
55309 10
62699 0
61140 11
62900 20
58099 2
72059 0
61609 3
67230 14
81659 9
64729 2
57899 20
57670 0
66420 1
66049 10
63369 2
60779 0
67160 13
67709 5
66259 8
61050 1
63990 0
70169 18
78499 6
93829 19
64879 13
61349 17
67969 23
61869 2
64809 7
61689 7
69229 18
66808 22
71019 12
69739 11
62699 2
80629 11
70499 19
94039 20
70810 0
70759 14
71709 0
73069 9
63929 3
64899 17
68699 13
61319 18
62049 8
63469 17
62349 12
66669 3
67189 12
93909 10
67539 0
65469 7
61639 5
65759 12
64509 8
61669 19
62910 8
67479 13
71239 23
68989 22
69009 9
75129 19
66380 6
66870 8
75859 7
77699 4
69219 17
70919 6
66240 18
67350 0
63099 16
65729 12
62939 6
66399 8
60379 10
85509 1
83959 10
89159 16
89069 22
72659 23
75009 23
83409 10
86929 19
69649 2
74649 12
79039 17
84219 19
83639 5
72519 19
66019 21
79749 8
79499 22
65799 19
82009 23
71939 10
75329 23
68539 2
62100 18
61359 10
56709 3
63040 4
53220 7
51429 5
59280 2
59500 3
61159 7
84899 14
75229 9
73099 17
71959 3
71559 10
62229 20
64919 19
64509 18
63009 22
65950 1
70229 15
82009 8
75469 9
75699 11
119659 4
59079 10
68839 16
76919 8
71189 4
72509 7
73669 5
62919 1
68699 19
62700 8
67170 22
62409 23
63999 10
55499 4
60229 20
70179 5
58199 10
62640 11
61720 10
54629 10
59229 18
65439 6
61869 4
57769 1
61050 0
56370 7
58999 2
59829 21
59450 9
64549 9
61199 18
82079 0
65139 0
69789 11
60800 16
60229 5
58160 21
59910 15
64049 19
65489 8
61889 11
62669 3
62579 0
60069 2
71909 11
64390 4
76389 16
54909 14
57119 14
58550 9
57459 16
60539 10
78369 2
107059 5
106229 16
105568 12
111348 0
103889 1
127399 1
103889 18
89799 18
90039 23
68819 8
84519 2
91029 7
94009 23
90519 4
80189 14
75039 14
75899 17
101369 8
81249 20
83479 22
80899 1
68759 5
73929 12
73239 22
70350 7
89629 12
78939 18
83589 8
77739 4
82269 18
62829 16
61469 13
64370 16
81319 3
84459 2
79188 8
88479 2
82730 16
74170 17
66219 19
65879 9
67989 17
64560 18
75460 20
67309 6
73679 11
79339 4
78909 2
74069 8
66329 14
67659 14
59969 3
66259 15
66819 6
75099 21
80430 9
70980 0
85709 10
67369 17
68539 4
74649 2
74469 7
100469 15
115819 7
102479 11
79090 3
79568 9
81000 5
112378 4
84729 10
90809 1
86169 18
80359 0
69499 6
76759 6
77910 19
81128 22
75310 17
62069 14
58159 6
69380 20
137639 14
56599 1
62609 22
63210 21
58389 6
61739 11
60469 22
63900 21
74839 5
54939 17
57590 18
57370 9
62389 9
59689 19
80039 4
96859 14
73569 5
71350 16
70859 0
63410 12
59399 6
59480 23
60800 16
61529 12
59049 8
70229 17
67859 19
65739 19
73779 14
82719 20
80079 12
76099 7
68959 14
63950 5
58010 11
65629 17
60819 21
57830 0
65199 12
73489 21
64959 9
68570 17
60510 0
63059 14
57859 7
67249 0
62239 16
65289 16
61099 22
59930 22
57500 1
59229 19
64109 17
67009 12
62949 5
58159 2
60859 16
62310 21
58089 13
79149 14
67199 17
76879 21
60290 5
66629 19
61769 5
76379 15
66379 18
79939 2
74110 14
82959 17
74009 5
83649 10
72579 7
69569 22
85399 6
91529 3
73739 23
58149 17
54740 14
53139 7
56999 20
55370 14
55659 9
57429 10
58930 13
56589 16
62989 2
61189 9
62389 15
62319 1
58249 0
77779 9
62690 21
63899 5
60859 4
64729 20
68779 6
64389 11
58419 6
57680 9
54610 8
62379 16
69189 21
75289 20
65120 13
62630 3
85949 0
67699 6
57409 14
54530 0
53729 6
53249 17
52400 17
53369 3
62839 9
63360 18
61789 15
58449 10
65049 22
68468 17
69329 13
61579 11
73319 21
65400 13
67039 0
57750 15
59799 10
58369 23
68989 13
65379 18
64649 7
60950 3
61790 11
61559 3
69459 8
63509 13
58100 6
59099 9
76979 12
71289 12
60739 15
59829 7
61139 21
54349 18
61120 21
71849 22
68569 21
68849 16
65359 18
77570 12
78570 16
69570 23
64089 17
118889 22
80679 5
96688 13
1427303 20
89558 3
261927 13
65770 23
66360 4
72829 20
78879 11
73019 2
77339 17
81719 23
95739 9
85889 6
77179 11
93289 2
110869 17
79329 8
84489 19
88969 22
89759 11
100619 21
89809 13
92349 22
89189 15
77589 20
90879 10
74809 11
82849 21
67400 22
78390 2
80159 6
74320 12
80079 4
67339 18
58359 20
62559 10
61319 11
64089 10
66569 8
66029 9
56180 3
75749 2
70129 23
65189 14
67099 6
73170 1
63560 22
63939 9
66299 9
69429 5
71890 21
68890 0
68749 1
73479 13
58159 2
60749 2
72729 9
55549 6
58439 1
55180 14
65859 14
79019 0
73109 20
69999 8
69680 19
69330 8
73219 19
74309 6
72659 15
77699 19
88129 12
73509 21
65580 18
70630 6
68830 14
64839 2
65289 23
71179 11
64720 15
65709 18
68049 8
68619 8
64079 22
70659 8
67399 2
77349 22
72519 10
72039 19
68969 13
64059 23
78379 9
66159 3
85079 1
79199 22
85299 14
82849 16
64479 19
71219 11
78739 11
62119 20
63000 1
69059 1
63049 11
58989 19
62149 15
61659 5
63209 4
68580 23
58380 10
58969 17
54200 19
56470 4
59029 11
60419 1
81349 4
52280 0
52989 16
53160 16
57789 22
57359 14
69329 0
57810 0
50209 7
49669 9
51799 10
60669 13
50110 6
46930 6
98919 0
60069 21
55750 5
67919 17
64839 2
61429 12
55249 5
54160 17
58369 13
57480 7
82099 5
100039 22
67220 13
59720 0
52969 6
55070 0
53260 22
56909 2
53700 0
69279 11
53129 13
60729 10
56090 6
54679 16
55169 2
62390 2
57249 23
56289 13
55279 22
52969 10
68469 17
72169 3
75530 2
75199 11
70169 15
76189 17
56929 23
58680 13
68508 9
57839 17
55889 19
50930 6
53410 19
68929 3
64169 2
58930 13
50299 4
49429 11
46769 16
56999 11
53030 21
52470 22
46559 20
61910 21
50789 19
52549 11
52429 16
51089 6
59329 15
51750 6
47179 5
54200 17
56759 2
65889 12
61619 18
60659 9
55689 6
54449 6
52349 3
52229 9
47600 12
61809 14
48469 5
50550 13
64949 2
72919 4
86149 3
70139 12
68490 8
64830 17
55049 11
57059 22
50040 5
49079 18
47959 13
48709 10
46660 1
49530 0
58269 14
53119 15
49299 18
51769 23
44510 6
48149 13
48350 19
49769 21
59059 9
53020 18
54229 12
49890 18
53130 10
46939 4
51350 20
46199 18
50100 14
48560 0
54749 18
46430 16
66919 11
55109 5
58840 10
59989 13
56819 22
50580 15
54299 4
57689 4
54280 3
48229 17
50199 12
49280 6
49149 20
54000 20
52809 0
51790 0
51500 12
48179 2
57650 18
46600 17
46020 6
47300 22
231567 20
49880 13
56400 18
49799 12
55970 5
43249 0
45350 1
47559 21
50349 3
55770 4
54039 18
46640 14
50179 7
63719 23
44490 20
47860 2
47940 13
45420 11
45279 5
48980 17
46599 11
50790 23
55379 0
48659 21
52090 3
53539 5
50360 19
49200 4
42660 23
43979 10
41979 6
49089 21
59219 18
117109 6
58279 21
71549 3
90449 11
92549 6
108509 3
65619 6
71939 21
68189 21
61639 22
54409 14
49159 19
50310 20
48109 1
72099 3
49910 23
49009 21
51389 18
45990 22
50789 23
47720 1
47789 8
44820 20
43039 6
41730 19
42119 1
46190 6
44419 5
45780 0
47660 16
47989 7
47239 4
46189 5
42340 13
43899 21
66710 9
51260 8
65639 10
55669 13
58839 3
43589 11
45290 13
43429 15
44980 9
46169 23
56499 14
53920 2
50499 12
46299 17
46959 19
48390 1
48789 10
48569 2
56820 17
82019 14
61209 10
59679 9
50420 19
51479 9
57189 13
63800 6
58940 12
54419 22
47000 3
58809 12
52709 18
53140 7
52789 8
54489 8
49760 4
54489 14
55190 16
73880 0
52229 22
229777 18
54000 16
54529 23
53839 13
56560 15
49559 0
56060 7
60519 6
60829 2
73349 10
74589 1
76319 9
66850 20
62909 5
67519 15
77439 19
80639 17
63839 0
64779 3
78920 4
75549 19
77509 0
59889 8
56950 20
55360 9
60929 15
75699 10
52299 1
65859 23
65389 20
66829 20
69249 14
61740 1
58219 14
60379 21
58200 4
58229 5
54139 4
57249 16
57609 2
62269 9
59419 10
69279 3
60359 21
58729 21
56600 23
65849 21
58949 13
60409 11
57440 9
59220 8
59959 7
68019 16
69079 6
61149 5
60579 15
