171928 1
76189 9
70729 6
65619 16
69729 8
66440 10
70039 7
68399 23
68329 3
68519 14
58959 9
68339 11
57849 19
54399 17
58729 19
55389 13
57589 2
57679 14
58079 3
55860 9
57249 0
55749 1
52189 21
48469 8
51199 15
50330 17
51779 21
49239 23
59890 5
70149 10
51129 14
48139 18
51319 18
47420 11
51729 19
50799 12
50910 20
47519 19
50740 6
49659 10
51039 7
48910 3
52759 15
49470 21
51239 17
50280 18
54919 4
50409 23
66879 1
51890 12
52319 5
50409 13
50559 19
50939 4
52050 13
51569 23
52780 6
47889 12
52649 10
54879 20
52659 15
48699 16
50980 21
52309 23
55470 4
51939 7
53589 10
71489 12
51010 0
49679 16
53649 21
48629 11
53229 13
54950 20
56929 6
52219 22
50530 11
51159 9
51910 20
53389 4
49079 21
51870 17
50409 9
61469 13
53140 2
58299 7
67649 16
53050 7
50829 19
57209 9
50940 3
53779 13
49769 22
52160 18
50329 8
52660 20
49759 13
53449 0
51240 20
51839 10
51030 15
51299 1
55569 8
55460 16
57319 0
70399 17
52770 22
50109 1
52549 0
49680 16
52419 0
50350 3
53479 4
54019 11
56649 5
52529 5
52699 16
49190 7
51819 5
58349 13
56190 17
55609 12
54809 17
71070 10
56779 14
61259 3
58380 21
59690 22
50809 21
53390 7
51849 20
54159 11
51460 2
56029 17
50799 19
54900 0
57159 23
58579 17
60800 18
57779 5
51819 12
65789 21
54480 6
54369 10
53269 17
49029 4
53169 9
50680 10
56109 22
50470 19
53640 13
51659 19
54289 17
54220 16
53869 22
54839 22
51679 12
53629 23
49820 11
73759 5
51019 4
51600 22
50259 14
53369 9
51850 5
53179 20
51670 4
55399 23
49979 12
55000 12
58089 8
57069 8
59390 8
51760 10
54549 22
51660 11
52249 11
57779 18
131689 8
50619 2
50830 6
48909 22
50599 6
49280 4
53049 6
48190 8
52159 17
53879 0
51540 4
54389 3
49949 17
51820 23
34210 7
34590 8
34350 15
37649 6
36050 11
59979 5
35570 19
36769 9
34210 15
36239 14
36109 19
36329 23
35240 10
35520 9
39929 18
33740 17
38909 6
34410 13
36400 18
34669 8
39830 14
34779 2
35980 13
35259 9
35910 4
33630 21
39030 8
38319 8
37690 18
37030 16
35919 12
34780 8
51839 17
36940 2
33589 13
35889 1
37509 5
35769 23
34560 5
34589 13
35690 21
33930 18
34360 17
39520 20
35390 5
36020 9
36459 3
36500 3
36199 23
34540 17
36150 9
37670 4
36730 10
36279 7
39330 14
35609 8
36070 20
34829 0
37899 15
53709 13
36920 12
35080 9
36049 9
34760 1
35879 22
35010 8
33470 15
36610 10
35159 22
36369 21
34740 18
37619 2
37760 15
36290 6
36530 2
34879 16
36749 4
37190 13
35869 12
35430 8
36729 1
40240 0
37289 19
35919 14
36180 16
36330 13
52930 5
36030 23
37410 12
35729 23
36990 2
36949 18
39530 6
34470 15
36680 23
35730 3
38499 17
37540 15
36859 8
37630 0
35279 11
40429 2
36149 17
37980 16
35210 5
36679 14
35960 7
35639 9
35660 7
37840 16
34620 14
36970 9
35169 19
54200 0
36130 16
37320 11
37459 7
36460 14
37379 13
36260 10
36669 5
36249 16
35680 5
34569 11
37370 13
35579 0
35250 22
35560 17
37060 14
35420 12
39789 10
39110 4
37779 2
37850 18
36820 3
41150 18
34419 9
36669 14
33910 21
36819 17
53209 1
36629 22
35940 23
36599 9
34630 0
36739 5
34969 5
37000 16
37170 7
37700 4
37809 13
35800 0
37740 18
34320 12
36540 19
34720 1
37220 22
35299 3
37480 7
34710 18
39059 12
39519 5
37380 6
32920 6
37399 12
36580 15
37139 6
53430 9
40109 9
36330 14
37119 18
37820 22
37490 16
34810 11
37130 6
38140 9
36790 2
37109 0
40010 14
37009 8
43600 21
41439 20
39070 22
37319 1
37050 8
39510 19
37169 11
35149 6
38169 2
40630 4
34239 9
36460 5
36729 4
52530 5
35569 2
34780 11
35910 1
35940 3
35170 22
37150 4
38100 23
39289 13
38610 19
36089 1
36340 20
34809 12
38589 17
34610 2
35989 0
36080 16
36329 6
34070 18
35159 12
35429 18
36610 23
36109 23
40080 19
42979 2
45320 22
64509 15
41720 2
44659 14
40969 10
38930 17
35899 2
37059 20
34630 2
36349 9
35120 20
37890 13
36300 14
36769 13
37380 18
37860 22
37749 9
37120 9
36999 7
35950 3
37899 13
40009 5
44110 6
42439 15
41320 23
36450 23
35959 18
105398 14
39550 5
37050 7
49750 21
43369 4
40260 19
42019 18
45910 14
44499 4
37880 4
38919 6
36160 14
39180 12
36240 11
42820 22
43530 7
40659 0
38169 19
47170 3
43040 0
43989 7
38129 23
60519 20
42840 15
38789 14
45970 3
39189 9
42120 0
41409 6
38340 6
38459 4
39810 17
44609 1
39830 9
39659 17
38990 8
39519 8
39389 9
37409 8
39959 2
46239 11
39509 22
39569 12
41779 6
45789 11
42939 16
62949 11
44570 19
44439 13
38300 2
42249 1
44930 3
45969 20
39450 3
41049 3
42440 0
46209 8
41360 8
42790 23
48689 18
46199 7
40029 14
36480 4
39949 17
41640 11
47190 15
39280 22
49060 0
51799 15
51209 2
42460 1
47569 7
44040 13
43729 18
44350 20
47319 10
47800 8
41450 11
39500 2
43309 6
42900 21
37570 21
39750 23
46560 16
42700 20
43780 21
52949 7
43420 2
40779 21
45420 20
51739 7
59700 21
47249 8
45119 9
45230 1
49869 14
43190 7
43749 2
41880 7
43889 8
51430 11
54309 23
57919 22
66520 19
57379 7
57409 23
65319 21
65739 11
57529 4
53849 12
66520 10
47569 11
49389 22
42140 19
39359 2
37930 2
43039 1
43349 0
45979 5
49510 14
46689 3
37870 6
41209 20
46180 8
43379 6
46070 16
41159 13
38990 15
43889 12
50739 14
46249 8
48909 15
65479 7
47449 9
44909 5
45740 10
43229 4
39989 23
40539 11
44629 19
49189 10
48820 2
38759 1
40600 16
44049 18
45490 10
43909 17
47970 3
48169 23
45540 9
45300 10
47909 19
50990 7
45229 4
60770 0
48620 21
50799 2
42390 12
44609 15
48270 5
52019 8
50660 4
45500 17
48300 8
44200 5
48899 15
50050 8
46079 9
46120 23
45849 20
39800 3
42679 6
40670 6
43679 21
38610 21
52429 13
46359 21
53779 1
47019 12
40530 19
45739 6
46620 11
40549 11
40620 12
38289 13
42220 10
40559 13
36810 8
38570 13
45780 17
43089 19
43810 10
41179 0
40560 14
38459 12
40059 5
39430 0
38200 10
39969 0
64790 0
48149 7
41880 1
40549 6
39430 15
39919 5
39070 10
41529 1
43420 11
38519 15
40510 20
40489 10
47800 13
44509 5
44250 8
43609 7
47780 23
46099 10
45089 10
41690 2
44669 0
37919 11
39870 10
118238 23
43740 20
36329 0
39340 13
38079 15
40560 21
40310 3
38640 17
41780 0
37020 19
39009 20
37529 12
39890 6
36229 0
42420 1
37219 7
38600 22
39309 14
40690 14
39829 23
38950 12
37749 8
40109 10
50999 0
41390 11
39279 0
37169 5
41349 3
38749 17
39309 15
36589 9
40000 2
38810 23
38960 5
41669 11
42770 8
37739 6
37380 20
37539 20
40050 23
39429 19
39300 17
40639 12
41150 6
39009 12
39459 23
37970 4
40520 3
62279 7
49720 5
44699 21
43920 5
41959 21
40410 7
38909 2
39170 10
39859 14
40050 15
36969 3
41630 1
41769 14
41500 14
38869 10
41570 9
38250 3
39440 18
43949 21
44610 17
43019 9
44040 0
40969 5
53170 8
41149 9
38660 22
39189 18
39300 14
42429 12
38230 6
37609 14
37749 13
41820 9
38030 19
37679 14
40789 12
40350 16
37139 10
39530 12
41729 1
40880 15
37999 0
41380 0
40149 11
44790 22
41579 4
40280 6
43059 19
62080 1
48440 18
41620 16
46340 20
47289 6
51550 22
52549 2
43950 9
49089 2
44009 21
45040 15
48449 15
42749 18
41620 21
44190 11
43679 2
45520 20
44699 22
41610 13
43499 10
47750 14
62849 12
47369 15
43009 13
42329 19
40690 3
46339 10
46350 15
49539 5
45530 7
39119 12
40010 18
45259 19
48329 16
43149 22
44049 12
46569 19
40909 6
45579 23
47449 13
42440 18
45399 16
39350 17
45969 22
59570 13
37909 3
43239 6
47299 23
46299 4
39819 14
44130 7
43850 14
42270 9
41020 21
40729 10
40789 8
53909 16
51160 17
43879 1
45180 21
49349 0
53660 9
50840 16
50099 23
60679 1
64379 13
52819 14
50350 19
50349 3
58299 3
56560 11
48690 1
45579 1
45890 2
49379 3
44490 6
48739 14
42040 11
41629 22
48900 0
48369 5
53799 17
43569 2
47709 22
52600 20
71329 8
52739 17
50610 18
53999 5
50129 8
44940 6
42449 12
47459 17
46139 7
43100 8
45269 8
50680 14
49099 9
46230 17
46430 15
52569 1
50640 20
49539 10
52609 0
44249 8
66049 9
41770 14
50269 22
49060 4
51980 1
47159 19
52390 7
46179 9
49500 5
43330 22
42439 19
44510 19
48930 15
47110 9
46909 13
48450 8
42649 17
45020 1
52589 17
50290 23
48540 10
118439 2
40660 9
43580 14
47340 8
43740 1
43830 10
47019 1
49440 22
48229 3
42890 13
48689 6
49350 10
41970 22
41199 4
49879 21
42929 7
42040 6
42059 19
47870 8
51489 9
59859 2
44509 14
46149 18
47700 20
46649 1
53170 9
47720 9
49780 1
45710 10
43309 9
42500 18
47139 14
39660 4
44859 16
44330 13
47539 0
38100 18
43199 2
42470 4
50399 13
47790 4
50620 7
60989 19
45230 2
50649 23
43969 10
45949 6
46160 4
48760 2
48469 3
43830 14
54469 9
46040 0
45359 14
49769 15
52639 18
57299 19
64509 17
46679 20
57399 19
58400 15
64830 6
51829 19
54100 16
49730 7
53879 1
48420 18
49659 22
46429 4
46529 0
47340 17
56890 18
52169 21
58190 23
65060 22
58739 5
67689 22
61870 16
57030 21
72979 4
53099 7
48980 16
45489 16
45809 13
45109 4
42820 6
49010 4
52159 4
43600 13
51229 12
50490 23
47100 0
47720 19
44660 17
59479 0
64679 0
57450 8
48849 5
48320 14
78950 16
56260 23
51089 17
51100 6
54799 23
51769 15
52169 0
44129 18
46210 2
52759 3
55080 22
44030 6
48289 1
48960 20
49199 6
48730 14
49989 6
47260 0
51930 17
47259 3
