78580 0
23350 0
22959 0
23169 0
26390 0
26610 0
24580 0
25309 0
25080 0
25070 0
24930 0
24130 0
24240 0
25619 0
24580 0
25440 0
24670 0
24699 0
24959 0
24850 0
24650 0
24130 0
25869 0
25530 0
25610 0
24170 0
24780 0
24220 0
24609 0
25150 0
24870 0
25240 0
24560 0
24349 0
31130 0
24530 0
24200 0
25690 0
25519 0
25300 0
24100 0
24320 0
24089 0
24790 0
24690 0
25970 0
26350 0
24750 0
24409 0
24080 0
24870 0
24390 0
23460 0
24960 0
23350 0
24090 0
22859 0
23410 0
23500 0
24460 0
24050 0
24520 0
25480 0
24290 0
24870 0
25810 0
24859 0
24620 0
23630 0
25580 0
23940 0
24620 0
24229 0
30729 0
24740 0
25670 0
24259 0
24400 0
22329 0
24850 0
24330 0
23070 0
24259 0
25439 0
24080 0
23990 0
23140 0
23240 0
24489 0
24680 0
24470 0
25860 0
24340 0
24929 0
25170 0
23860 0
24020 0
24199 0
23580 0
25029 0
25230 0
23170 0
23549 0
24890 0
22970 0
23760 0
23270 0
25130 0
23820 0
23560 0
24380 0
23570 0
24300 0
29739 0
25400 0
24580 0
24390 0
26440 0
25310 0
24750 0
23150 0
25630 0
24540 0
24760 0
24690 0
23600 0
24420 0
23870 0
24511 0
23739 0
23400 0
25980 0
23470 0
24629 0
24270 0
25120 0
23760 0
24210 0
24200 0
25599 0
24680 0
25790 0
23490 0
25530 0
25189 0
24550 0
24170 0
24990 0
24289 0
24450 0
24370 0
24230 0
31240 0
25020 0
23830 0
22560 0
23510 0
23999 0
23749 0
23490 0
24640 0
24770 0
24210 0
24440 0
27619 0
25180 0
24640 0
24570 0
25000 0
25579 0
24420 0
24170 0
23800 0
23509 0
24349 0
24250 0
24080 0
25660 0
24199 0
23900 0
24150 0
24930 0
24040 0
24620 0
25660 0
25100 0
24610 0
24210 0
24529 0
23509 0
24270 0
24080 0
23870 0
38549 0
24410 0
25130 0
37110 0
23410 0
23750 0
24520 0
24750 0
24620 0
24320 0
23910 0
24040 0
24720 0
25140 0
25080 0
24940 0
24170 0
24490 0
23750 0
24030 0
24589 0
23990 0
26590 0
25030 0
23889 0
25100 0
24470 0
23960 0
25230 0
25690 0
24930 0
24790 0
23850 0
24220 0
24300 0
24659 0
24360 0
25390 0
50070 0
24869 0
24370 0
25440 0
24410 0
23750 0
25729 0
25150 0
24790 0
25480 0
25600 0
25859 0
27950 0
27890 0
26530 0
26889 0
27180 0
25950 0
25030 0
25070 0
24570 0
24770 0
25780 0
23770 0
26620 0
24460 0
24330 0
26020 0
24700 0
23640 0
24169 0
23800 0
24420 0
25090 0
24460 0
26390 0
24559 0
25640 0
30060 0
26660 0
25870 0
23620 0
25100 0
24300 0
23430 0
24340 0
25340 0
24440 0
26940 0
26769 0
25400 0
27140 0
26150 0
25200 0
25419 0
25330 0
25350 0
24310 0
24640 0
24110 0
25499 0
24770 0
23980 0
24070 0
24310 0
24360 0
24409 0
24150 0
24960 0
24939 0
24650 0
25090 0
23830 0
23170 0
24940 0
23899 0
23580 0
31830 0
25240 0
23189 0
25260 0
26990 0
24340 0
23210 0
23590 0
23879 0
24120 0
23660 0
23630 0
24489 0
25520 0
24100 0
24980 0
24320 0
25420 0
24409 0
24350 0
25680 0
23960 0
24129 0
25149 0
24760 0
24380 0
24170 0
24480 0
24749 0
25360 0
25420 0
24160 0
24210 0
24569 0
25330 0
26070 0
23950 0
24380 0
24589 0
24140 0
28410 0
26520 0
27509 0
24000 0
24480 0
24400 0
24770 0
24649 0
24870 0
24010 0
23810 0
23760 0
23880 0
24719 0
23890 0
25630 0
24460 0
24109 0
26040 0
24480 0
24690 0
24410 0
24640 0
23680 0
23600 0
23300 0
23620 0
24170 0
24069 0
23669 0
23780 0
25390 0
24490 0
23040 0
23489 0
24230 0
23750 0
24840 0
24489 0
24820 0
29380 0
25060 0
24580 0
25679 0
23940 0
24540 0
25120 0
25220 0
23790 0
24359 0
24660 0
25060 0
24750 0
25399 0
24000 0
24820 0
23820 0
23610 0
23599 0
24620 0
24870 0
23640 0
23800 0
25419 0
25140 0
23610 0
24970 0
24330 0
23400 0
23930 0
23240 0
24010 0
24930 0
23740 0
22840 0
23129 0
23400 0
24810 0
25360 0
24490 0
31730 0
24360 0
25620 0
24209 0
24171 0
24849 0
24100 0
23450 0
25080 0
23539 0
24700 0
29000 0
25410 0
24330 0
24569 0
25530 0
24560 0
24740 0
23940 0
24579 0
24709 0
24140 0
23990 0
25009 0
25050 0
25930 0
23830 0
24260 0
24339 0
23320 0
24480 0
23340 0
24090 0
24000 0
23819 0
24820 0
24530 0
24020 0
24570 0
23931 0
30739 0
23500 0
30760 0
23009 0
23830 0
25220 0
26530 0
25530 0
24829 0
24940 0
25090 0
24900 0
24450 0
26039 0
24350 0
25210 0
25630 0
23740 0
24690 0
24229 0
24200 0
24110 0
24330 0
23720 0
23919 0
24700 0
23710 0
24670 0
24550 0
25189 0
25050 0
25120 0
