100369 0
41160 2
46330 0
43189 1
40090 2
41720 0
40449 2
44550 0
40069 3
40810 2
43360 1
41990 2
44490 2
45130 3
42470 2
43169 1
44570 0
41410 2
39080 1
42470 2
43399 2
54650 2
41269 0
38980 3
40199 1
40379 1
41800 2
40439 2
43930 1
40429 0
41449 1
44289 2
43000 3
41040 2
41129 3
40820 0
45399 0
41609 1
40890 0
40209 0
44620 3
40069 2
42250 1
42180 3
51600 3
38320 0
42479 0
39150 3
44679 1
41230 0
42519 3
40599 2
41970 0
40209 2
40770 0
39840 0
41010 3
42580 0
37459 1
42900 1
38320 1
40790 0
42230 2
39599 1
45510 1
46399 0
43560 2
40220 2
52560 0
39089 2
40790 0
36610 2
39319 1
37049 3
41950 1
39609 2
41100 2
40550 2
44849 0
42580 3
43270 2
46520 3
41159 1
44130 1
40159 1
41380 1
38510 3
41580 0
40450 1
41809 1
37560 0
43819 2
49640 3
41660 3
39429 2
46340 1
41349 3
42020 2
39979 2
42760 1
40780 3
42199 2
40970 1
41199 1
42140 1
41180 1
42249 3
40470 2
41820 1
40089 0
38180 2
42369 3
46560 3
38170 3
42500 2
46300 0
47759 1
48159 1
39610 1
43670 0
36830 1
44110 1
37960 3
40660 1
43740 1
42379 2
38080 2
41069 0
42849 1
44360 0
44709 0
39490 3
43379 0
41400 2
45150 3
40970 2
40700 1
38829 2
43890 3
39439 2
52099 0
38609 3
39189 2
39350 1
43609 0
36670 1
42039 3
38730 1
42430 3
41579 3
42320 1
43409 0
41280 0
44910 3
39919 0
40760 1
39959 3
40209 2
42869 3
38769 3
42570 3
41419 0
41560 0
45610 0
47940 0
40200 3
45399 1
40240 2
41129 0
37720 3
41960 1
38659 1
38050 2
39150 2
45560 0
42409 3
42710 3
41600 2
43879 1
42580 2
41129 2
40939 0
44150 0
51449 1
41000 0
42969 3
40150 0
52959 1
42560 1
41119 0
38079 1
45610 0
42059 2
43730 3
38540 2
41829 1
41110 1
42909 2
39240 0
44689 3
39490 2
47040 2
43720 2
42590 1
39929 1
39690 1
47179 0
47050 1
44440 0
37549 2
44110 2
56379 3
41390 2
39279 1
40690 1
37410 1
41670 2
40300 2
43929 1
43700 3
39430 3
46990 2
44050 3
41830 1
38690 3
43119 1
40460 2
43190 1
39639 2
45100 3
41889 0
42200 0
39719 0
48780 3
96149 1
37829 3
36230 2
35800 1
35890 2
33470 3
34340 0
33750 1
32070 0
32800 0
32880 0
31390 1
32230 3
31820 3
32600 1
31530 1
34059 2
34640 1
33100 3
32950 0
31949 3
33450 0
32749 2
33829 1
31100 2
31699 2
32320 3
31870 3
44969 1
33439 0
32230 1
32180 2
32209 1
34460 2
33950 3
35140 3
35300 3
34780 0
33760 3
32680 2
32319 3
31899 3
32680 2
30830 0
33900 2
32220 3
33059 2
31540 1
32570 1
31470 1
33809 1
32890 1
34670 3
34229 2
34290 2
32240 3
31539 2
33250 2
4083349 0
33570 0
31630 0
33999 0
31220 0
31920 3
31820 1
36219 0
32130 2
33480 2
32420 0
33940 2
33329 1
35400 3
32530 1
33069 3
32340 0
32280 2
31829 2
32609 1
31930 3
32290 0
31029 3
32690 0
31770 0
32739 2
30860 3
33799 2
32739 3
43000 0
33870 2
31920 2
31210 1
32270 1
33269 2
32210 0
34909 1
32090 2
31900 0
31050 2
33999 0
31810 0
31530 2
31710 2
34490 3
33140 1
32840 0
33310 3
32450 2
31920 0
31420 0
33749 0
30979 3
32960 3
31230 3
32469 3
32060 3
32790 0
31599 2
34040 0
42179 3
32719 0
33840 3
33110 1
33399 0
33040 2
32270 1
31339 0
32760 1
31290 2
32369 3
30770 0
32440 2
32299 0
31570 1
33500 3
33050 3
30730 1
31940 2
33240 2
33709 2
33330 2
31949 0
32629 3
31330 2
32909 0
32059 1
32600 0
31080 0
32539 1
52670 2
32999 3
31839 2
32680 2
31460 0
34489 3
35000 3
32309 1
34850 0
32150 1
31999 2
32389 1
32740 3
32409 0
32359 3
31710 0
33190 1
32680 2
32530 3
31210 0
33560 1
31520 2
32410 2
32929 0
32470 1
36789 0
36589 3
38950 0
36650 2
46159 1
42779 1
40590 0
38150 2
41339 3
47480 0
44800 2
41319 2
43130 2
43549 0
43250 0
44629 1
41620 2
42809 2
41159 2
41890 2
40019 3
41570 3
41159 1
43809 3
48839 1
45920 0
42879 2
40980 0
51560 1
39009 1
39300 0
40940 2
43829 0
43190 1
40819 1
38480 3
42479 0
41450 0
43319 2
39140 0
44840 2
39119 1
45740 2
44140 3
42549 2
41850 2
43449 0
41400 3
43669 2
45970 0
44849 1
48650 1
40769 3
41889 1
39580 0
40569 0
44040 0
41070 3
41800 0
41050 1
44219 1
42570 2
37300 1
43750 0
41630 0
42830 1
42240 0
48679 1
45600 1
40729 0
44810 0
39100 2
46840 2
42980 1
56629 2
42730 3
42739 0
40430 3
43579 3
37830 0
41690 0
38819 0
43820 1
40769 2
42660 3
44199 3
42969 3
38480 0
39409 3
46000 3
40820 2
39480 0
43029 1
45129 3
45100 3
43449 2
41200 1
43440 1
53600 1
42000 2
38190 2
38900 0
45089 1
41870 3
44280 0
39499 1
45060 3
39280 1
41900 0
41529 0
41830 2
43370 2
43290 1
41790 1
41499 0
38150 1
44079 0
42780 1
46190 3
49749 1
46450 2
58889 1
44790 3
39599 0
40450 1
42429 2
44590 1
42509 1
38669 3
45090 1
42249 3
45760 2
39799 3
43630 3
39269 0
44010 2
49150 1
44539 1
46070 0
46809 3
51850 1
42089 1
44910 3
48389 1
44639 2
42940 2
41010 1
40690 0
46139 3
42620 3
39859 1
40320 3
43760 2
39760 3
49050 0
45139 1
43720 2
41460 0
42689 0
44789 2
44470 1
39830 1
47849 1
46410 2
44899 2
42080 3
52479 2
39420 1
43769 1
44350 1
44910 3
43149 2
41680 3
42199 3
41420 1
44800 0
41500 3
43250 1
41549 3
41490 1
37309 3
42810 1
42169 3
42000 3
45430 3
44809 0
43040 0
43079 0
44699 2
50699 3
42040 3
43580 2
43550 3
38660 3
44649 1
42690 3
44050 2
43380 1
44390 2
42920 2
46680 1
41319 2
48270 0
42799 0
42150 3
41860 1
43079 3
40760 3
44589 1
43130 3
44319 2
49680 3
58179 1
50910 0
40610 0
39980 2
42589 1
39169 0
43950 3
41819 3
44900 2
40629 3
46479 2
43320 3
45109 0
41940 0
41309 3
41330 0
42050 1
45339 1
41220 0
46149 0
45640 1
44659 0
44940 1
19078210 3
41150 2
33909 1
32990 1
35700 3
32639 2
32360 1
34560 1
33359 2
32550 0
34020 2
32889 0
34000 0
32340 0
32149 3
31040 1
31620 1
31510 1
32899 0
34100 0
34429 1
36720 3
31980 2
31379 1
30549 3
32950 2
31900 0
31889 3
30310 1
40669 3
31029 3
31580 3
30789 2
32720 0
31370 2
32390 0
39199 0
35010 2
31029 3
31119 2
32700 0
30389 3
31259 3
30750 2
31309 1
33040 2
32240 3
31380 2
32459 2
32140 2
31610 2
30059 2
32390 2
31880 3
31009 1
31559 2
29830 3
31439 2
30329 2
33150 3
46439 1
33770 0
30500 3
31429 2
30349 2
30970 2
33239 0
32699 0
31180 1
32359 0
32579 3
31900 1
33720 1
31729 1
31090 1
31100 1
31779 0
30300 0
31130 0
29889 2
31810 2
30380 2
31079 1
31079 3
32000 2
30390 2
32920 2
35280 2
32839 3
31600 0
31500 0
38339 3
32019 0
31550 0
33750 1
31149 1
30360 0
31540 0
30659 1
31170 1
31400 0
32179 0
30589 1
32640 0
32069 1
31430 1
31510 0
30429 1
32849 0
30420 0
32140 2
30879 2
32030 3
31020 0
31829 3
31160 3
33060 3
33219 2
37940 0
37070 0
38929 3
42020 0
38970 3
37809 1
32640 3
33939 1
31450 3
31380 1
31630 0
31890 2
30060 0
32850 0
31360 3
31680 2
30849 0
32519 2
30780 3
33229 1
33279 0
32720 0
37139 3
32839 0
33640 3
31060 3
35740 1
35640 1
38279 2
35340 2
36520 2
35070 0
31720 2
38550 2
31040 0
32610 3
30860 3
32550 2
33879 1
33180 3
31719 3
34239 0
30590 1
31399 0
31209 0
31930 0
30950 0
31450 2
31280 0
31720 1
29899 1
31080 2
31670 1
32599 1
31279 2
32420 1
31319 1
32950 2
35070 2
33099 0
30549 3
30650 2
31859 0
30859 2
39620 2
30729 3
31619 3
32410 0
30570 1
31919 3
30880 1
30580 3
32039 0
32600 2
32310 3
32370 3
32559 1
30670 2
31419 2
31280 3
31010 2
30810 0
31120 0
30700 2
31760 3
30000 1
32290 3
31300 0
31639 0
33220 3
35100 0
32019 0
31510 0
34310 1
31659 1
40760 1
30710 2
32969 2
31610 0
31380 2
30879 1
31470 2
31370 1
31169 1
30960 0
31520 3
31750 2
33220 2
32920 1
30960 0
33170 2
30590 0
32529 1
30719 0
32010 2
30560 2
30649 3
31060 3
32530 2
30479 1
31040 3
31580 2
31919 2
38160 1
38750 2
38979 1
43710 3
36609 0
34560 2
31350 2
30500 0
31749 0
29770 3
32070 1
32340 1
32510 0
30939 1
30479 2
31690 0
32290 2
32339 2
31750 0
35290 2
30669 1
31570 3
30310 3
31390 2
30660 3
33110 0
31140 2
35490 3
36420 0
39189 0
34430 3
36150 1
31019 0
2044770 0
40590 2
36049 3
38420 1
34499 0
37189 3
35670 2
37400 1
35180 1
41070 0
37719 0
36870 1
39040 0
42170 3
36510 3
42099 2
36880 2
39719 3
39090 3
36990 0
35300 1
35290 2
36040 2
37320 0
41979 3
41819 0
47360 2
34170 2
35790 2
33940 3
36440 0
36609 1
36300 3
35220 0
37949 2
36380 1
35610 0
36950 1
38710 1
35829 0
36419 0
38480 2
36599 1
37600 2
34610 3
37409 2
36190 0
36630 0
37820 1
42560 0
36070 3
43299 3
39689 2
47380 3
39540 1
33839 1
36420 0
35130 1
37799 2
38980 3
38229 1
38109 2
37770 3
36640 1
36259 3
35500 1
36489 0
36800 1
43440 3
38300 1
40270 3
39709 2
36560 3
35510 0
44719 1
40070 2
36629 3
41120 2
34000 0
47949 1
35750 1
35909 0
33590 1
37760 3
