213508 0
418587 8
184799 13
91460 11
113389 10
284788 1
61489 18
74000 8
123269 22
115559 21
104579 10
242948 0
292478 0
79929 18
137611160 19
124359 23
94919 21
100049 21
119349 17
720074 0
348947 6
103579 20
84779 15
85630 14
662335 1
146659 3
111479 16
104569 10
101569 18
213598 1
136848 2
95259 13
152639 2
101289 23
63479 19
67680 19
79979 13
59980 8
88099 17
130809 8
212199 8
84310 1
97319 4
126629 12
54920 19
53059 19
192399 2
104499 13
93229 20
91040 15
95079 1
65769 15
77319 17
71129 15
88499 4
49689 2
40700 7
61010 13
88770 20
28199 7
46999 4
120729 2
36480 7
77879 17
83700 12
122769 23
104439 23
94239 20
77680 5
78449 6
75779 17
92890 21
79279 12
60240 9
70019 2
96109 22
69069 17
75390 14
57720 2
73189 10
78230 2
86249 11
79369 11
69839 18
68270 15
70950 13
87829 1
71420 18
90609 22
49530 14
62219 18
61710 9
66399 5
66820 17
51469 5
74740 10
88499 23
76919 5
50719 19
78369 14
76989 15
64569 18
90359 21
88829 9
102879 11
54700 6
58049 1
69310 12
51970 18
76680 4
56300 18
66710 13
40310 8
90639 23
10086503 6
76829 16
39943635 19
100280 15
68020 2
93109 13
91949 10
60620 9
292968 4
44629 7
341487 4
194909 21
54440 19
102179 23
102959 18
105919 12
39879 8
139339 10
105819 20
84929 17
28809 7
86009 23
873303 4
82420 16
92399 10
65699 19
71099 12
91799 15
86990 18
246429 5
527496 1
226928 5
475686 3
104009 23
184228 10
100839 13
103110 23
98420 9
79769 18
67740 9
656155 6
73579 17
498926 5
86440 16
77340 14
368127 1
78320 15
87150 21
402377 5
82059 12
73179 22
52379 18
185099 5
74459 12
75740 15
180518 6
44910 7
76799 17
89800 11
165549 6
84030 18
114339 21
25280 8
9627236 2
92499 20
71189 21
52489 6
80549 9
69809 17
1648858 19
166068 5
50739 19
70810 10
65270 12
139479 0
85429 23
55360 6
87979 10
145689 0
45940 14
74959 18
70120 14
196128 6
72860 10
64879 17
55410 6
160438 6
86539 20
76209 9
64750 14
65559 18
72790 15
87039 21
144359 0
31110 7
80309 9
152059 2
69209 10
177329 3
61709 14
27510 7
151849 0
155239 6
86359 11
204669 11
86259 22
137329 5
62649 15
48719 19
88190 21
88220 23
3116086 3
49120 19
96129 10
60739 16
150568 4
78230 21
47399 0
74580 10
161268 3
63499 15
162959 3
57089 15
153448 4
67710 17
48989 19
75870 16
73759 10
63370 16
90559 23
65260 12
134899 2
64029 18
10102263 22
144889 5
96789 18
64059 9
72330 10
154379 5
97769 12
271848 3
50470 19
192279 0
85419 23
149899 5
119259 20
86360 20
147459 0
159328 6
158019 0
63420 19
145809 1
106629 14
165319 6
50819 16
68209 20
59560 10
146099 3
179909 1
72439 16
83410 11
51540 16
57040 1
143478 5
142590 0
144809 5
259348 1
187149 3
86659 22
156699 4
36890 7
175919 2
87010 20
88849 11
50800 8
73499 17
167609 6
75369 18
36980 7
67300 13
156478 0
85490 23
151079 1
49140 8
82029 11
91119 10
94619 23
153289 6
89779 23
162309 2
55069 2
53909 12
161099 2
70069 18
84150 23
75639 20
45960 19
86279 21
73359 14
78700 10
91509 20
48600 19
83299 18
164269 5
76590 13
63569 11
75649 12
50610 18
70110 14
60060 3
162449 2
65279 16
171939 4
69770 18
49839 8
83929 23
46640 0
74869 20
66149 11
85119 9
83110 23
162619 0
68209 14
62110 17
81470 23
45770 19
63599 16
83939 22
65760 9
87119 21
60780 14
73589 13
157569 5
10064123 20
179579 2
182928 4
67920 13
65109 17
95390 21
89660 21
50109 19
161238 0
46390 8
166339 5
50919 13
69150 9
45169 19
110589 21
83200 9
81269 12
48090 19
65569 18
73450 18
73379 14
161929 21
131669 5
151339 2
79839 23
99109 21
71340 18
40630 8
151819 2
91529 21
85489 22
97339 23
69499 16
211178 3
62870 14
68829 11
89100 20
47600 10
52280 9
52979 8
168549 6
54720 15
159218 0
50709 18
64800 13
48940 19
91929 22
152698 4
150969 0
73500 15
99949 20
66739 12
65240 17
100219 15
78680 20
81379 21
88379 23
49380 19
154959 2
50719 16
77510 10
155218 4
74180 10
88809 21
166309 3
52570 10
49709 19
151519 4
98479 20
153899 1
139519 0
87689 23
67060 12
63709 12
252478 16
142798 2
161419 2
75209 11
49619 12
93130 23
94780 20
12227656 19
67200 14
149288 5
83299 21
64150 17
62010 18
24360 7
23510 7
68419 16
155369 1
111129 13
46110 3
53559 1
110299 21
76309 11
64009 14
60880 14
63529 17
168099 4
158499 0
53219 9
160848 1
474717 23
93019 20
91379 23
176759 3
98719 20
74720 13
208198 6
51769 13
55650 8
73869 13
152748 2
76699 21
146609 4
166759 6
78370 9
166299 3
151059 4
65610 15
75129 9
154439 3
149299 0
152609 0
72919 13
65710 15
74169 16
65860 14
92179 20
144269 5
78799 23
127829 20
78170 17
102319 11
64260 16
68730 12
179109 4
44919 8
13975483 19
96259 22
1114281 0
66150 16
205778 3
75650 17
91789 21
88909 22
198259 6
9760065 4
339398 7
305797 1
1223541 1
146889 12
952523 5
77839 18
54429 19
453497 7
508566 0
92790 8
890384 1
114989 13
189818 10
94989 22
82190 0
111469 23
1208901 5
206398 21
478777 1
174338 13
129379 19
151159 19
389297 1
99749 21
125239 8
345998 3
81699 12
479896 2
1846255 6
95669 16
101819 14
227408 5
56270 8
106149 10
214508 0
398847 0
92360 13
85830 17
89369 11
103799 21
78009 1
76879 15
81210 8
517057 3
119669 10
63219 15
67450 12
92349 22
101809 22
5112391 19
102149 15
682764 0
1747867 4
85699 17
102300 22
353428 0
80909 17
66900 16
107779 20
235128 7
86899 8
110900 12
606376 1
664145 0
543946 3
146008 22
89879 18
86549 14
89899 10
96909 18
1180931 5
98049 21
1035452 2
156699 21
103079 18
92499 12
120900 23
158888 23
109089 20
495176 5
84469 13
160539 17
372237 11
599405 2
105009 11
62429 18
831784 1
223418 5
149019 20
97729 23
80100 17
466397 2
76509 15
95320 18
83389 20
84719 11
280328 2
57570 15
95459 23
80119 13
92790 22
120889 13
1177211 8
93439 9
82129 18
84949 12
139399 11
59169 0
91990 23
87210 16
232558 0
101189 23
78510 12
217118 21
24598102 19
106319 18
334737 4
123449 16
837704 2
96290 22
261388 6
105229 21
92199 15
469777 1
75929 13
89070 9
82120 10
100919 21
106049 21
82510 14
52080 13
73120 19
79789 21
71670 10
96880 11
65999 19
465277 6
201918 8
105589 10
74750 19
158538 7
91980 6
92669 3
117099 13
109870 23
166929 2
86679 12
71509 1
90649 20
64040 5
99729 20
174319 20
69619 16
38660 7
103319 1
72919 3
78590 5
61139 10
31459 7
13429528 17
1060652 5
107460 22
237368 6
93269 13
315018 22
100229 13
430557 4
92399 6
278468 8
99989 20
66460 10
113500 12
91419 18
199329 0
307768 6
223289 7
110670 10
232888 7
80809 17
5214570 19
199679 3
77569 9
111399 21
282757 19
202709 20
271248 20
102389 0
290458 7
112259 9
8214787 17
175949 0
773114 3
19454661 19
74420 12
111749 20
100509 15
242588 4
567396 1
119599 20
207788 12
168659 11
87869 18
89910 1
58519 8
174889 12
226498 5
78551680 17
200659 21
157858 18
192458 22
245378 2
890523 17
115130 5
267398 15
309127 5
190129 17
83819 17
117249 4
74719 8
131290 22
5756496 19
432116 6
351828 1
141608 20
294077 3
142379 10
85789 17
99490 20
118959 16
202808 23
200939 14
424886 1
155828 4
129999 16
134519 18
109010 14
493587 10
149589 19
105690 17
132999 22
475586 6
94219 5
121340 9
209149 9
94419 17
86410 9
74200 15
552036 4
119409 22
1305460 3
229908 10
136779 13
141569 8
231648 18
906243 2
99539 12
113599 7
109170 8
108299 19
183948 20
108759 8
528745 20
73659 8
213618 15
157589 18
63690 13
8962121 19
272878 3
133119 7
241178 0
105859 13
403906 3
111879 23
103660 10
263238 10
149109 21
394168 4
87740 12
174429 22
136559 13
107970 18
174978 15
102230 19
684205 6
90970 16
232318 1
109869 18
167289 12
240388 3
218408 23
102330 15
126939 15
514576 3
73709 19
289028 4
314438 1
138619 13
86699 10
477546 2
85959 4
147729 22
135269 7
123439 19
178589 6
82209 10
188809 16
109349 14
264328 2
141089 8
155319 17
172989 5
168079 14
445947 4
158399 20
102850 11
91039 9
163019 22
102009 15
8675164 19
156559 5
117119 6
64839 15
102780 21
134810 10
73860 1
86719 13
134929 21
11391563 17
523646 17
136879 8
323047 9
88619 14
160629 3
114269 20
268288 11
142569 13
377977 6
131879 13
648065 0
127469 21
313407 4
86129 19
107129 21
325718 11
55220 7
118709 13
156339 18
187119 13
409528 16
180779 18
306498 1
45209 7
185919 0
172159 15
119779 19
220288 5
430367 13
109129 5
274838 6
278108 11
145548 20
238559 5
146589 1
200948 3
143329 22
124309 16
178169 5
247118 10
201058 9
129589 6
292678 20
235648 11
172439 22
53770 7
125810 8
620346 9
210508 22
116509 1
151349 23
62120 7
246508 15
153309 23
183618 13
233188 13
163558 12
88259 16
85420 12
154659 0
103329 23
44380 7
84560 16
56780 6
92380 8
87629 14
88519 11
73349 18
89679 5
16227006 19
39610 7
136169 19
97339 14
243218 14
103989 18
113120 5
317817 14
609025 2
117899 1
122509 5
87889 4
160539 22
92539 10
87159 8
366757 11
217798 1
184009 10
97269 0
75449 16
98889 1
102119 11
105639 21
112549 4
51850 1
49449 3
55930 3
87069 8
78810 14
172809 0
55940 1
98859 3
88640 20
88080 22
5691906 19
91180 8
107800 1
69969 17
83060 16
94590 8
140759 2
93699 10
19081394 13
78610 9
89099 23
53350 13
68589 22
90479 21
47439 4
19606070 19
87900 8
97229 5
93179 2
85400 23
66810 17
63919 15
73429 17
88809 23
76850 6
50019 14
70520 17
63209 6
76920 17
71729 20
83269 3
64329 6
64109 12
79749 8
87299 23
49430 16
87429 22
61040 16
80709 5
53230 7
66149 15
77480 20
101619 20
96389 20
55300 1
88249 0
51050 16
93559 0
86759 4
86080 1
86150 4
89009 23
44940 19
107099 22
107029 23
87399 23
66949 16
96509 5
66570 17
59289 6
85909 23
45089 12
77190 3
51639 15
48609 19
51560 1
50129 19
100680 5
100020 5
91569 1
68329 9
76649 0
64319 11
