185948 2
144369 4
94919 5
127399 1
9882122 6
165298 4
29905955 3
41609 0
64610 1
151548 2
115548 9
92079 2
104029 12
62809 1
118839 1
18242453 6
101659 15
132009 9
90189 12
173638 7
109938 15
96190 12
867230 6
130048 5
100548 14
141558 5
88169 3
402155 5
468334 6
113349 12
256297 9
173188 12
76499 1
106469 4
169048 4
238817 14
103798 11
75009 3
132208 15
289117 10
32539 0
102179 7
89239 14
108309 8
100729 4
127729 11
119088 10
92219 14
92658 3
293397 2
98909 9
115638 8
287667 1
253847 1
104709 7
256297 13
39879 0
317417 6
102949 8
130549 8
182417 10
72059 2
108719 10
114669 1
297846 6
148339 8
113929 15
92249 14
117719 9
98618 15
160178 8
141468 13
234507 5
37040 0
222387 13
112349 12
130858 15
93959 13
98819 10
89979 11
98049 10
9479617 3
71069 2
120629 9
251857 5
212637 8
167488 6
218607 6
170678 9
384636 12
151778 14
95789 8
73759 3
89419 14
112039 2
294886 10
274427 6
87969 0
243067 3
40019 0
134788 7
136518 13
452815 6
215137 13
124569 7
161718 11
222187 9
146119 12
129278 9
82499 2
102829 8
116479 9
175258 15
289757 10
122548 2
135478 10
116208 11
118008 7
192968 9
219857 5
116489 2
37529 0
123559 2
103689 4
119189 13
199138 7
160988 15
99069 14
234857 1
121558 5
101849 13
93139 9
73439 1
120859 15
49199 1
56879 1
127548 11
210168 13
224177 3
107479 1
103429 11
40830965 12
135308 5
47140 1
122218 11
90469 2
91559 8
91509 14
93369 10
96009 13
111098 4
96829 13
93399 10
9996741 3
94699 1
84329 2
83859 8
95879 13
70959 2
105379 6
88769 4
75329 1
107129 1
110808 9
120099 10
129588 6
34010 0
90239 15
97399 15
84849 11
7920136 12
103788 13
9676525 6
218938 11
196997 13
185418 5
154588 6
92359 14
97679 7
78359 3
151258 4
120289 5
179738 1
85119 8
233537 2
133738 6
176588 14
28148486 12
94568 11
47460 1
89259 13
9509257 6
90128 2
90268 1
129978 10
90039 5
131878 10
135689 1
49709 1
292507 2
94358 5
64370 3
110149 15
146659 9
95999 13
147939 9
192847 9
94288 15
87309 7
45620 1
97639 4
95188 15
88299 11
106229 1
81969 5
52880 1
85948 11
82028 4
119478 2
118669 15
107316094 12
29761227 3
30349 0
26520 0
102739 7
141668 15
179868 15
61279 1
141939 11
131219 1
284596 9
59019 1
103499 10
92908 2
97299 5
95648 10
49000 1
200877 9
135908 6
180238 6
112749 3
99979 7
95939 15
119748 10
33900 0
94469 4
273896 9
90348 7
93859 15
94029 10
87089 8
195858 6
155808 4
92299 10
41199 0
86568 9
14356639 12
88859 9
146518 13
105849 7
88778 5
67479 2
31290 0
90318 8
104839 15
97349 10
27600 0
69439 2
90049 10
84969 4
89069 14
20566955 6
92519 15
85329 10
90439 14
98809 13
91849 5
112849 8
114339 5
38249 0
86010 1
94428 9
55600 1
361775 6
200018 7
18325382 12
94849 4
156388 11
116749 11
566424 4
183298 14
97508 7
28965405 3
99089 8
135778 6
139668 1
95899 4
185708 4
234897 7
104208 0
205468 13
97719 9
96548 5
216687 14
9314409 12
88799 5
106769 1
94779 5
223107 13
138669 7
84859 5
92199 10
18221194 3
86209 2
116029 2
91199 15
117069 13
98478 5
141048 5
216167 11
169988 15
169488 15
83899 5
156348 11
92509 11
118319 10
94409 4
89629 11
85829 3
129048 15
81199 5
86149 14
189408 6
96849 8
84519 10
110029 14
116759 13
99879 13
183258 15
93308 14
86788 7
78890 2
6821619 12
52949 1
377485 12
72220 2
288647 12
94779 5
114328 12
142749 11
137578 14
96919 5
85069 8
86299 12
8662827 3
90839 4
282296 1
88028 5
102009 13
169968 9
216108 7
96989 5
251108 6
91698 4
296456 1
60389 0
102339 11
5878120 12
122679 13
157658 13
119958 8
143699 4
130538 11
49589 1
105179 5
399996 6
424415 6
105628 5
102529 8
89569 13
102989 15
186337 6
90388 11
29248832 12
91908 11
86959 9
317417 6
432574 12
129529 8
83759 1
189068 15
131438 13
38970 0
41949 0
34870 0
160008 15
173418 10
121218 4
191697 7
227917 6
536293 4
191398 8
109999 8
696352 6
93249 4
302477 2
117839 7
268627 7
225007 11
204618 6
319706 6
151998 9
103889 12
38049 0
116758 12
218088 2
225327 15
231507 4
247867 10
87419 5
127679 2
136929 12
30659 0
107869 10
182638 2
100549 15
35950 0
116248 4
120039 15
255877 13
27949 0
172318 4
107549 15
176938 10
105278 15
106948 14
126569 4
213677 8
100559 5
167358 10
199618 11
316826 2
10085090 4
171008 5
33110 0
115948 7
162688 4
286197 1
204288 5
1183796 4
95719 14
168068 14
82489 2
101469 8
106429 14
209027 6
167318 8
85299 5
235928 11
113328 5
35430 0
90689 4
170597 4
157198 9
175458 15
193867 5
135639 10
149838 7
326326 1
93929 1
185538 7
104299 10
255486 8
129988 12
51209 0
188528 4
192428 3
143348 13
143878 3
160548 12
38560 0
117939 9
94468 11
138508 3
133788 12
94749 13
80349 2
42510 0
176758 8
108908 10
206518 2
189357 12
265496 1
146398 12
229468 4
156258 15
120419 12
180078 4
119629 7
104019 12
191328 4
103769 13
10205799 3
30599 0
102078 10
32150 0
157118 12
239287 8
101069 1
150988 5
254317 7
302516 13
371065 6
227068 11
98328 10
27060 0
381145 7
117149 2
209538 15
110539 13
28120 0
86109 3
117079 11
104148 5
98859 15
109479 7
25280 0
101978 9
434385 6
157828 9
200848 15
241167 14
272577 5
173368 11
147139 13
492584 1
77579 0
163758 2
93069 13
101209 7
143928 15
123759 7
114128 9
27230 0
98989 10
68449 2
105359 7
208267 14
389536 6
106098 11
98318 9
95379 3
181498 11
357546 11
148618 13
104149 11
39329 0
112759 10
161368 3
115468 15
43239 0
96769 13
1457693 7
77630 2
33549 0
93749 8
94619 5
176788 4
105309 11
101219 15
126569 8
90369 13
84479 8
84579 5
83659 9
195568 6
63890 11
75099 2
181948 6
85679 15
9043522 12
182318 10
90589 2
33299 0
20290 0
269587 8
213918 8
172748 14
258467 14
257477 14
119729 7
374656 6
101628 1
88599 11
335206 6
117249 15
181288 11
93108 3
127268 15
16860 0
88939 7
126398 4
218148 14
280406 6
248017 8
260087 1
144288 8
187647 11
166588 5
272937 8
129858 2
136199 8
169908 7
208317 15
91529 12
160908 11
106309 11
198668 9
103448 15
248788 10
127519 14
124468 9
121338 7
303956 8
120958 11
119259 11
342336 12
19489 0
101829 1
97019 1
147548 3
126339 8
142538 13
160098 7
101249 7
219537 8
119139 12
14910 0
204227 2
116059 7
219777 4
126749 1
105549 5
29620 0
169798 3
107699 2
85329 13
138588 3
112619 15
403545 6
176108 10
205997 12
136658 5
215587 13
148159 9
152839 10
203087 15
101099 6
107289 2
236667 3
241697 8
118699 1
145348 11
178438 11
93849 9
164418 7
246257 5
289146 5
199757 10
123169 10
23670 0
260447 13
183658 15
75729 3
163398 9
171268 5
102949 13
129659 5
103439 1
40540 0
202367 3
357286 8
217128 8
150809 6
396475 10
151748 2
144548 12
108769 4
174518 5
180418 15
114899 5
178498 5
190878 5
101129 12
125209 12
10101830 3
93249 8
53270 1
166019 5
143008 12
113909 2
28399 1
108189 15
10270 0
100699 8
140058 3
110159 7
157658 14
79059 9
156348 4
176318 8
14000 0
104048 15
119348 15
188778 12
244457 6
126179 9
303987 13
141488 3
121918 6
149288 4
254567 7
178588 15
92638 5
220078 7
137918 10
80709 13
188458 10
16380 0
97639 4
262707 11
158348 6
94149 1
138128 11
184378 9
271257 12
83879 15
13379 0
80479 9
137129 6
251667 1
157648 10
228877 4
222117 5
120468 8
134388 11
133598 13
76659 2
207437 3
108148 15
119929 3
129768 10
138839 3
146638 2
82639 9
267717 10
98059 5
167978 9
142299 8
134588 14
125199 5
76009 9
59879 1
217588 13
198727 6
108149 4
74069 3
144449 13
185698 1
102209 14
76479 11
116099 9
34349 1
124509 5
73519 15
9564226 3
70669 7
20121341 12
445195 12
219547 2
145509 6
102579 6
104129 4
126518 14
192988 14
83749 5
126779 6
149208 5
122928 9
196128 6
105899 2
105088 7
95738 6
66479 2
12091 0
13430 0
88329 7
235517 7
262217 11
75360 2
10339 0
128409 4
27020 1
157589 1
99488 10
212557 4
147768 8
197788 6
78169 9
219407 8
115289 11
225107 6
88819 4
177948 13
315246 5
74989 13
77188 9
94859 6
202808 1
143488 1
80139 12
75609 7
75179 3
173437 6
182378 5
208798 12
104978 10
153599 3
100909 6
101199 8
242047 7
15840 0
175368 7
213738 2
98419 3
125589 11
109448 15
198918 4
184518 3
194808 8
197577 10
125599 5
267067 5
91639 10
104679 12
72859 12
123488 6
127258 4
9913411 3
93150 8
282557 6
172968 10
273047 11
144588 4
113219 7
445984 13
80550 9
215347 9
134008 4
112799 15
19010 0
305586 11
138289 6
78819 9
28950 1
119489 5
171858 9
104159 9
178078 11
110979 14
113999 2
111219 5
100318 15
150979 5
80099 11
91888 4
115609 3
109249 4
184658 3
77499 11
148719 14
84939 8
68779 3
15540 0
79409 12
130448 12
68770 3
127499 4
67289 3
117499 12
69949 9
127978 13
69929 13
122908 7
66609 2
138689 8
79939 15
14389 0
89379 10
14990 0
187498 15
94599 12
96829 15
89659 5
130248 6
28260 0
119668 3
117518 8
139708 10
70609 9
70669 3
85629 4
91228 4
97108 13
91228 6
100719 12
69229 12
118409 12
81889 10
85149 2
106889 3
92648 10
87590 11
109068 14
132928 8
68930 7
88849 4
117138 8
75480 6
66779 13
71979 13
134798 4
65479 2
81239 10
69748 7
68179 12
83599 8
87589 4
68779 7
109169 8
83909 14
66819 9
11560 0
10460 0
66090 9
67929 7
11080 0
73869 15
67699 11
68659 13
66260 11
65690 2
75079 15
64329 7
64539 2
27550 1
74329 7
79689 8
65699 9
65219 7
8898964 3
81279 10
82709 5
9930 0
65799 12
96149 15
86009 4
25519 1
84408 10
86439 14
81590 10
81579 10
66759 13
87069 10
66229 11
68379 15
79279 10
63359 12
85588 5
85168 4
85719 4
81250 4
64630 11
65969 9
66279 13
68419 3
88729 4
66989 12
89148 5
83239 8
68279 13
82279 4
27729 1
67109 3
70899 15
66739 9
80399 10
67399 13
66859 12
66879 7
