7330 9
7060 12
4750 0
490 3
5860 10
9310 8
5450 1
11490 15
7660 4
12430 0
9060 6
4540 1
1623638 7
5290 11
11550 10
5150 14
6390 4
7399 11
7351 8
27379 6
5320 9
13010 13
5660 1
8860 2
5610 8
11110 15
3840 0
22620 9
5080 10
11380 15
3869 2
4840 8
5309 0
7609 15
6691 15
5759 11
7840 5
740 3
5020 4
4240 14
8240 10
5440 8
23750 14
3330 0
5220 6
43640 13
9009 9
28139 14
9630 13
10940 5
7230 0
6420 15
4931 4
7620 12
3809 10
4229 5
10990 5
4210 8
420 3
3160 10
4310 6
4130 13
4200 10
7860 14
320 3
5270 9
25320 13
9082261 7
5589 11
4591 1
5651 13
10670 10
4730 11
5966095 15
6080 5
76869 15
4300 11
10010 12
5210 10
8330 9
5160 5
4980 6
4580 0
43470 2
5600 4
7220 11
4970 13
57710 7
6040 6
10140 5
3200 10
7890 13
19730 9
3700 14
5960 14
16209 4
5970 2
7000 10
14850 15
6440 8
50709 7
17460 2
6700 2
11330 12
27420 5
14309 15
8100 9
4580 12
10210 5
1950 3
7120 12
17200 5
14060 13
8230 12
12130 13
12460 1
10110 15
7909 12
11371 15
39169 7
17820 15
7820 8
8980 15
3920 8
7010 9
4640 8
4320 1
4260 8
4920 9
4450 10
6799 10
3820 8
4180 12
5929 9
5180 13
11099 6
7500 14
9530 1
10160 4
16420 10
9110 5
12630 14
3780 12
4310 12
5210 11
17420 7
3390 12
21380 4
10069 5
23440 2
23820 14
9190 6
7840 7
5820 14
7391 4
9360 7
14949 15
7450 6
5590 6
5850 2
30680 15
16990 12
6230 8
5770 4
9069 8
5020 8
4480 6
3200 12
7100 14
7011 5
5799 4
360 3
720 3
5090 2
5390 7
4660 1
3930 12
420 3
3890 0
3599093 11
440 3
4910 12
3850 10
13090 15
13170 8
449 3
9571 10
7049 10
18840 2
4850 0
11140 1
11170 14
10630 8
9310 8
10570 0
10420 7
7349 9
700 3
31630 15
440 3
24000 13
20390 5
18440 7
3120 3
25990 15
22439 5
11779 7
10440 11
35870 4
29370 15
10110 8
14690 7
8649 13
13280 14
12090 14
4740 11
10050 15
11260 10
10590 7
7550 14
6590 8
6400 11
7000 9
990 3
11040 6
10870 15
10080 1
1320 3
4371 2
10969 7
9551 5
9919 12
18170 6
6580 1
13200 4
10910 5
5560 13
14120 7
3320 2
9210 13
5930 2
11489 0
10591 9
10891 10
6939 12
12570 0
5550 8
13460 4
7280 13
350 3
8040 1
7070 9
6270 12
8940 1
15759 8
771 3
13311 15
5611 1
949 3
4749 10
9300 15
45764951 11
10960 1
6340 5
5760 7
5140 5
13610 15
14220 1
51059 7
690 3
5080 14
15380 9
5580 6
5310 13
3170 13
4330 13
2510 3
5450 1
4230 12
59660 7
4300 0
691 3
38490 15
820 3
8950 9
4010 2
5490 4
5420 0
5870 5
15350 9
74669 7
5400 2
350 3
10930 5
5060 10
10800 4
11950 6
8680 2
820 3
5660 15
7090 8
6070 4
7270 7
7750 10
5150 1
8046518 11
6060 2
19019 12
6190 10
58170 5
4170 1
6980 12
13950 0
6100 11
4280 13
11090 15
9149 2
4911 7
360 3
12850 9
9240 10
3300 11
5660 14
4090 6
5140 0
4850 2
6740 4
13170 11
4120 14
8110 13
87369 8
7610 8
5430 4
8870 15
470 3
4440 15
4240 2
6000 8
4730 5
6480 10
7390 7
7360 14
7490 2
21259 14
8940 7
4730 5
28540 4
5280 10
8160 11
7140 15
2380 3
8850 4
5150 5
6630 8
6010 10
4940 2
410 3
6640 14
13020 6
28836771 7
9131 7
7720 10
5630 4
5150 12
4560 14
420 3
4760 0
430 3
5380 5
4850 13
3880 2
12570 6
4340 6
8470 14
4690 15
5910 9
5930 12
5090 5
8760 8
6040 12
6000 7
4129 6
10840 9
6471 2
5320 1
6250 10
4160 6
4160 6
4090 14
10870 13
4920 7
10180 5
6000 10
5210 11
7720 13
6170 10
6490 0
6150 14
7410 6
31790 4
19260 6
12610 7
13800 1
8870 15
7980 5
9410 10
9180 14
680 3
6460 6
4940 12
4719 4
7871 9
5880 10
7800 13
529 3
5550 6
7240 12
5630 8
6810 1
5850 0
4060 5
6630 15
17890 5
4560 13
6310 0
4840 7
11250 8
4840 14
5190 1
5430 10
5460 13
800 3
4509 11
8300 4
5660 12
4791 5
4219 5
7220 2
5300 8
4760 0
4420 10
5260 14
5760 5
4690 9
3700 5
450 3
9120 1
5660 12
4320 7
6020 12
14340 10
4300 11
5570 13
4700 0
5360 12
5650 11
5620 13
4110 13
3300 13
38510 5
5240 14
5620 11
8530 1
4320 7
5020 13
10520 5
600 3
4251 10
11719 5
2840 7
4840 4
14680 7
6110 8
5470 10
4450 4
5870 12
4780 9
4810 15
7090 7
12540 4
4190 10
4660 7
4710 15
3480 15
6089 14
3969 15
4920 15
4020 2
4000 0
4680 6
4780 2
4500 1
16600 5
560 3
3710 4
3040 0
9120 2
4340 15
4160 10
3480 5
