24480 11
32290 10
15589 4
7330 8
7950 2
5600 6
5580 7
400 10
10170 9
6150 9
8760 2
5100 4
2910 9
14910 11
20609 1
7000 6
2891 9
4280 7
2949 7
5811 5
10359 5
4560 2
14330 6
5750 5
14130 5
6880 0
9200 8
3950 0
5350 6
7180 4
3710 8
7960 7
4810 0
5220 9
4429 1
11191 5
17439 4
330 10
7700 8
4350 6
3030 9
11080 8
240 10
9750 9
4280 0
260 10
4980 0
4890 7
15540 6
4620 2
17600 9
10920 0
20660 5
23390 3
900 10
15550 9
15470 1
13450 3
7210 6
11750 3
6300 8
6560 11
660 10
280 10
440 10
7530 6
210 10
12020 1
13400 0
16329 0
240 10
4380 11
6331 8
4199 11
6060 9
18480 4
12870 5
42940 2
8780 8
5760 8
2910 8
13460 5
21820 11
9940 5
260 10
320 10
310 10
8610 4
12230 3
4120 8
8100 11
11100 1
3600 8
18900 11
10790 4
10549 1
11800 5
4051 11
9719 4
14280 6
7510 8
4980 4
340 10
5290 4
3310 8
5100 11
6540 4
4938743 7
4400 3
15920 3
3810 0
39930356 11
4780 3
6000 6
440 10
6900 5
350 10
12560 7
4900 0
6340 3
5890 2
15250 4
3890 2
4440 3
8220 1
7280 6
3531 7
8429 5
9390 6
6210 6
4940 8
4270 5
5430 6
410 10
4890 2
410 10
300 10
240 10
7540 5
3400 9
8230 6
5650 2
5230 4
4490 9
4150 6
320 10
6420 8
1970165 3
52150 3
3949 5
15351 1
760 10
12089 0
7880 6
19000 2
4050 11
18140 1
330 10
6900 6
270 10
9620 2
250 10
5110 11
320 10
9980 2
4550 11
14549 7
6911 11
9109 1
18129 0
10280 1
13870 5
8440 5
4550 6
43880 9
5070 11
7600 7
15320 0
3840 11
280 10
3840 8
9950 4
8610 0
12650 2
12960 9
6060 11
4260 7
7660 5
11800 0
7630 8
34899 1
7680 9
22550 2
3670 8
38680 6
3660 7
18610 0
5830 4
13160 1
15800 6
6374152 11
11039 6
4400 6
5531 1
19470 8
8010 7
14970 9
1942715 4
11900 5
6420 8
4990 5
410 10
4980 8
7400 5
3720 4
5930 8
4390 4
6380 8
7270 3
4310 2
22500 8
6940 1
6660 7
16150 5
7289 3
10511 2
4229 1
3560 0
5900 9
4880 3
3470 11
4340 2
7690 0
7720 6
7220 5
12420 3
10510 3
18370 0
3050 7
4180 10
8879 4
8660 0
3771 7
8989 5
24190 8
7910 4
6500 1
5040 7
10520 1
19910 3
26360 2
3990 7
6029 4
6160 5
11940 11
4680 11
9119 2
11350 11
4040 7
5530 0
13250 9
6240 7
3670 11
23790 4
6700 4
10040 0
35529 0
440 10
13160 2
11000 2
13160 2
20780 1
30460 6
8170 2
23360 9
13729 0
4520 7
20710 3
10650 2
9570 0
6450 0
8220 2
5730 9
8590 2
9960 7
16400 4
12780 4
6629 6
12910 1
3990 9
16020 9
9420 2
350 10
18990 0
3620 7
8990 5
10490 1
3430 11
36310 2
9609 11
591 10
36660 2
19210 4
18060 1
5860 5
5910 8
3610 1
560 10
5640 3
4300 5
320 10
6440 1
330 10
9310 2
530 10
4730 4
13269 8
4451 3
4249 2
4420 9
5060 0
6190 5
8010379 7
4930 2
9870 0
4490 4
11340 5
13420 3
6380 5
1115862 0
6000 0
18729 8
5810 2
4690 3
7490 11
7460 0
4370 1
6390 6
4350 1
3320 8
8540 2
4490 2
4060 1
7720 4
3890 3
4290 7
7000 4
8748193 9
9000 7
942953 11
8380 1
4580 4
6780 6
7940 3
5520 0
5240 3
1357059 8
14770 2
4070 9
7340 8
4940 2
4170 8
3890 4
4030 0
5200 2
7620 8
115951836 7
4140 1
4380 0
5180 5
5929 6
76950724 11
1998545 7
12890 7
4350 11
4010 2
5920 7
46879 1
731 10
4749 11
3631 1
4129 8
5070 6
11240 3
10300 7
710 10
10960 1
7010 3
4700 3
10580 9
3940 6
4850 11
4050 11
4640 5
4740 5
9040 1
14639 9
7411 4
9409 6
8739 8
6310 8
13040 2
4310 7
17460 1
10570 2
15110 0
9870 9
11150 5
5530 9
14240 0
8589 5
6410 7
4190 8
15850 7
7770 4
13380 3
8940 5
9190 0
5380 0
25810 2
13710 1
4709 11
8931 4
5869 8
10630 8
12680 0
21130 2
17060 2
16260 0
16480 3
4630 8
11490 4
10289 8
13940 8
12629 3
8610 0
9900 11
10750 6
111779 1
16240 3
17190 7
15400 4
12230 1
330 10
4860 0
5150 6
18209 5
3540 7
5120 9
11469 5
5400 4
5440 9
5350 6
469 10
10679159 7
4900 2
4330 7
7350 0
5790 3
4790 6
15280 5
5290 1
5720 9
5720 2
3590 1
5390 0
9380 1
3670 7
8100 8
7480 3
11880 9
290 10
4980 1
6000 7
8990 6
9630 6
77886397 11
18670 11
156639 5
34619 5
69290 1
890 10
17220 5
1120 10
24049 6
7711 7
23729 4
4710 0
430 10
7990 1
11250 1
8560 8
7690 7
608475 2
7200 11
61370 8
5760 4
6100 8
5560 4
4220 2
