146239 16
151409 11
68299 1
78129 23
1886213 8
275158 4
65490 23
55490 22
61760 7
62559 15
59410 9
90829 6
51339 22
7946618 5
113339 12
59669 4
43460 5
97419 19
89679 1
77419 16
248967 6
1677755 1
101019 6
89229 13
87050 21
1134129 16
9984770 22
80090 12
85690 18
2200800 20
63719 23
72910 2
65200 21
85419 15
96329 6
56430 7
63289 22
46150 7
47569 2
1726944 11
72809 8
61710 14
73029 8
11835153 22
81639 10
59870 22
79629 3
50890 15
70650 21
44570 5
76460 16
45020 10
60309 17
78519 13
62820 1
2598326 0
60400 16
80119 14
2128981 4
55439 7
87289 13
489766 16
50199 13
1592985 2
78099 22
87319 8
73859 16
86659 2
55230 4
84499 23
62989 22
49350 2
48159 8
73609 19
50439 10
54320 1
1693135 12
88079 8
84729 17
52900 2
1729594 5
81359 11
73370 1
29880 5
202519 20
35180 5
82739 3
89479 6
58119 1
66940 0
59879 9
97589879 22
59049 0
71120 17
168638 3
56639 0
64200 8
191928 16
94980 6
71360 9
42320 9
60499 7
49960 7
62460 8
63879 14
61890 21
60059 18
880212 23
70799 13
56500 9
1130050 8
52039 20
46990 3
57009 3
37759 5
50220 3
790812 18
74370 7
77359 13
72699 8
1574766 21
59760 8
63329 4
37510 5
51879 21
51310 13
84189 15
46950 18
207458 7
63009 12
51880 12
55449 12
70050 23
91629 6
62389 16
65290 23
72659 19
1752264 2
67880 22
60949 22
56870 9
62310 7
63069 3
284608 18
68909 20
1598686 8
566675 0
60359 8
62100 0
38190 5
1133950 3
429506 9
65270 13
1954303 4
58599 5
52870 9
65239 14
424456 1
58280 7
64629 16
2124641 23
65219 10
436705 20
828573 10
52849 16
57259 10
71579 0
108928 8
77820 18
1203259 14
92919 6
79759 6
59860 19
71819 2
1029721 1
257108 4
70750 13
58889 21
55620 13
53499 13
1946643 16
79669 15
81459 22
51830 5
53109 2
51360 5
71329 19
56220 7
55239 15
1225879 8
375337 20
1079680 22
65730 13
1273158 16
51469 22
59799 12
60660 0
647265 2
49100 4
50080 16
2350458 7
73569 11
57239 12
60500 7
74339 13
488166 15
68340 22
96379 0
79990 21
102939 2
57280 10
92869 6
1616646 17
58450 15
52609 1
44690 1
1392257 11
98139 6
64939 17
76119 9
67860 17
2212590 9
79209 12
62290 17
47750 5
69590 17
65429 17
65649 20
45490 9
61699 18
68420 7
58999 10
7489192 14
93280 21
229398 4
271197 8
53560 8
72569 20
58159 15
60300 3
58240 17
67490 23
3213101 0
66229 19
343357 11
77549 7
54640 10
85389 22
222518 9
59830 8
81949 16
59089 12
1811534 17
109119 17
73119 4
548076 5
77090 16
52939 22
57690 9
859592 7
45090 12
61419 16
37270 5
321538 8
40019 5
59680 9
38560 5
133509 13
35170 5
67809 15
10292328 22
57369 4
231258 10
64079 20
197759 10
74400 18
75909 21
66420 1
1436618 9
66510 15
72559 12
61860 17
65249 18
164299 22
72619 13
57690 12
48990 12
56300 17
73429 10
11600555 14
83149 11
94899 0
85530 9
6410182 22
83789 18
62249 12
69059 7
73729 3
55770 18
61339 1
59110 10
1486437 13
89759 21
45190 5
64129 5
58930 23
47739 10
86260 0
386236 23
48000 9
53669 20
56290 8
788123 11
54389 22
56100 19
40849 5
62050 17
62639 16
52090 16
49279 0
49000 20
45000 8
60009 4
46050 4
69250 17
56989 3
47540 1
44339 9
49790 21
46240 19
49819 16
43760 10
58899 17
48100 18
47919 12
50150 11
46659 7
45409 12
60589 13
46329 17
10160308 14
922052 7
47380 7
63790 11
101889 6
53269 19
60240 13
656584 15
61070 23
103700 6
47699 0
66270 17
49460 15
1633565 0
82319 14
68980 1
63299 15
148719 11
72269 8
51699 11
49840 8
53209 11
53579 19
61409 18
43360 8
75459 6
62269 10
61830 3
76149 10
53350 9
46059 13
70130 18
49229 17
50160 7
45479 19
51770 19
46260 3
58489 5
44319 9
8632822 14
132308 19
58729 15
81829 19
43190 9
47439 11
58070 19
61729 18
35100 5
52789 3
1265878 2
83999 16
44880 8
62849 9
62030 7
63229 22
52400 16
64939 21
58559 10
106328 20
1578745 21
68150 1
43889 1
57910 17
47349 17
33670 5
50040 18
220658 17
76060 17
89559 12
76269 13
1779954 18
46290 10
360677 19
72899 13
1549346 7
61619 16
46800 12
1778214 12
7541702 1
59979 7
49900 18
58449 11
62450 13
46689 18
66990 2
48909 2
702214 22
74569 21
84479 17
75210 17
54129 17
80720 19
1622216 21
91359 16
70849 0
63509 16
68419 4
820113 14
83459 23
103469 6
62090 11
42519 5
53850 2
61329 1
1992602 3
62320 4
89959 23
61839 16
76430 11
69379 20
75779 13
68290 19
50049 3
627734 9
112268 22
54679 12
67990 10
94808 15
50169 11
67730 17
572845 4
54820 1
54839 15
64960 16
114569 14
1557616 22
72979 21
89829 6
59720 14
73559 19
120849 18
46879 23
497666 1
59619 1
80200 6
60029 21
48600 21
63119 4
55500 5
64009 23
66019 14
56750 18
67479 20
54480 8
52350 13
57929 14
45899 20
205049 0
51779 3
52190 11
44499 11
140209 1
63660 14
755343 21
43979 12
64350 7
51799 15
49340 1
81599 17
45130 18
1124010 3
63930 2
38750 5
49839 19
606724 7
53910 4
55070 12
45129 12
59600 13
6454651 22
96059 18
97370 2
138548 9
100080 7
64729 13
79289 7
98359 6
69580 10
1766984 21
74329 8
70009 4
67100 7
51899 12
67040 2
93679 6
61589 18
62170 16
70639 3
58079 4
52760 16
56800 22
69139 16
51500 12
1033801 11
55319 16
72429 1
88979 6
65350 10
56979 2
48979 3
47600 22
396886 0
67470 14
52980 12
1548266 16
52999 4
72049 15
47729 1
48489 3
46390 1
56500 7
70899 18
901052 3
43979 10
95070 20
1785434 8
69650 4
63879 1
81650 13
58979 15
63330 11
59190 13
77779 20
52270 15
1547546 17
6552910 22
89789 22
60749 20
98809 11
66670 15
51609 8
68090 16
47769 18
67890 19
1485956 0
1172160 19
384416 8
63450 10
539385 17
1138109 3
58820 10
82359 0
74190 5
66539 22
96409 6
72809 2
54120 3
58859 15
60940 17
48029 3
56310 15
62779 13
1836374 18
96589 15
62209 11
56150 1
70649 8
56629 13
2064071 23
54649 15
55220 2
1592406 20
64079 3
56329 20
64300 19
60630 21
51000 18
71129 8
69540 9
67259 1
68940 4
62919 14
66499 1
75400 12
61140 19
49740 1
1515796 20
100179 12
73479 2
93919 17
92379 0
62899 13
77379 22
60350 2
1518686 19
77549 14
1146220 12
37240 5
47239 19
54140 11
86729 16
61099 8
43850 11
57909 0
100439 0
56910 3
58199 20
56089 20
61920 17
66880 19
59599 1
53030 14
57729 10
49500 8
43290 11
35060 5
47130 1
87769 6
55349 14
78139 6
247257 23
2110261 0
71450 13
47249 19
81350 6
46059 19
77699 6
74750 6
64649 20
50210 20
55209 3
59600 2
36219 5
49510 8
46300 1
44239 1
44620 2
43169 19
58749 18
49369 17
51599 20
73369 6
46400 16
48430 1
41650 8
47030 17
47799 14
57430 15
38689 5
2050042 19
99459 1
7551512 22
133158 22
84260 12
59649 22
79219 4
1610905 10
93019 6
95609 6
88619 14
64069 21
60629 1
65550 16
55499 16
62900 4
96729 6
98839 6
53189 11
64929 21
58029 0
52090 16
50020 16
52019 3
57059 3
534175 7
73659 12
46580 16
334177 20
56480 4
414346 21
69460 11
67699 14
60619 3
58330 18
58699 21
48499 15
48469 21
68680 9
90149 23
49080 7
850622 5
49349 12
45240 20
42720 7
51669 14
1499347 1
81459 22
84779 7
1630845 17
104719 1
757743 11
37049 5
47170 9
53870 4
51539 20
45709 4
52739 13
58819 0
55530 3
67300 18
46700 3
48660 1
42379 5
79449 15
48020 3
77680 16
1349578 1
55150 12
43659 11
38560 5
49229 17
58869 2
73359 10
48430 15
44499 13
51559 0
90029 6
55700 8
59029 23
49490 0
54639 19
58730 8
221518 14
86329 6
58009 2
1228789 8
50790 14
50129 19
48210 20
45440 19
49340 23
57120 8
60980 7
43029 11
46629 23
43430 7
47119 19
51720 16
47539 14
48349 18
50149 15
48779 0
52840 16
59310 14
43560 11
38839 5
43270 11
52319 15
2877134 22
56369 23
86119 3
87719 10
101439 17
126470 4
59640 1
3944164 4
123919 14
75200 8
83789 18
77499 19
119169 11
58369 17
62410 18
1450717 9
58719 2
75750 21
89539 16
54699 16
74029 13
504236 3
57069 19
57380 7
93269 17
75450 7
67150 7
1041581 17
61159 23
67819 7
90400 15
1523867 3
1031280 19
54510 15
103829 0
81769 12
52270 3
637404 2
45430 7
49499 2
71110 21
85710 23
46659 5
52400 4
67269 21
59890 7
44119 2
49230 3
47229 2
56660 8
31109 5
63780 14
51599 15
32299 5
398916 9
55829 10
1274348 1
77349 16
59469 18
79570 21
1054760 12
67440 17
50779 4
60750 14
50910 17
54719 1
68590 7
54979 3
834522 10
49370 18
43850 10
98129 0
61320 5
75389 3
63599 7
52450 14
85019 20
45520 0
50139 1
9955340 22
60550 18
69889 14
91969 2
1519746 10
57689 2
62190 16
80510 4
98659 6
54279 16
73289 8
43349 5
84140 3
45779 3
81320 22
58520 21
60819 8
252328 7
60700 4
836882 0
45559 3
42750 5
901452 12
59500 21
84489 23
72829 18
2689666 16
106669 3
95859 10
101829 9
70190 20
71429 11
59929 0
74529 13
60269 7
71479 19
73440 12
498015 23
75270 7
64279 19
57390 20
49910 16
57400 21
46039 21
249138 2
46839 20
50780 2
73799 4
1464517 15
93439 18
48480 11
4197042 22
68509 19
75469 20
64940 3
1562796 14
102669 21
46340 18
80029 10
53409 2
48350 20
54639 4
44380 2
47259 21
47919 21
64469 15
45530 11
49770 14
66689 7
51350 2
95940 12
72839 10
51449 9
57439 5
52950 15
44630 19
901812 4
45300 11
47719 7
48660 4
65989 10
89919 6
80330 18
57469 14
112759 17
74589 2
57679 18
52020 21
50130 15
78169 1
49150 21
42950 12
62229 20
1197499 22
47390 17
48129 1
44820 7
46759 17
47920 2
52170 4
63249 0
69269 10
47350 10
406636 23
51560 2
50289 2
72040 7
83889 13
46809 11
1724545 11
473505 1
98929 18
89489 21
76229 19
79179 16
71269 12
49189 13
83360 6
63159 20
65929 4
47680 19
49899 20
82880 6
78749 7
78240 10
49060 23
54600 9
107668 8
72570 15
65719 16
52990 17
48179 11
45440 0
