235988 5
175428 9
197859 6
192768 8
176359 9
190978 7
187039 11
182378 4
213749 9
192578 3
192209 5
175459 6
184358 2
177979 9
186429 7
189989 6
168699 11
194748 9
177499 5
174908 8
166648 7
195819 0
185288 3
175699 6
192788 9
163198 11
179569 6
190429 8
292058 0
193939 4
174788 4
152558 8
175849 7
168518 3
183889 8
177449 3
189199 8
193809 7
193829 0
182179 11
191119 6
186858 5
206229 3
196088 4
189079 1
180778 10
205099 8
201868 6
181969 3
185228 10
176998 8
181899 4
167898 6
174339 6
176759 0
180638 5
179529 1
200048 0
189769 10
171859 1
183178 6
165179 9
189128 9
200299 11
195019 6
173729 0
162279 11
182969 7
172938 5
204819 3
174008 7
188698 8
181319 5
219358 3
186488 3
187009 9
183649 4
174638 8
192079 7
190278 1
160319 10
189999 1
205998 4
188509 2
175369 9
200638 3
165219 7
182278 1
201929 3
205368 9
181349 9
183238 0
179549 1
194939 9
190148 10
178579 9
181958 4
188239 5
159029 1
188748 0
201479 5
175598 7
165919 9
238748 5
179169 7
169518 7
171238 11
170479 4
199328 4
193788 9
219608 4
184609 9
196609 10
181448 10
171769 6
194428 10
192979 4
177999 4
193599 1
224278 5
181689 10
193228 5
186259 10
184479 9
200549 9
194579 10
204929 9
169389 0
199418 4
209608 0
181849 0
210449 8
184149 0
170159 3
198318 6
218519 11
197158 5
194289 1
180948 1
205359 3
189188 0
205309 9
192378 3
194959 8
180028 8
190138 7
181369 2
183189 11
212939 3
191108 9
208698 9
199108 2
184658 8
182189 10
208759 4
198028 4
185029 2
207288 6
167639 8
167778 1
211749 10
186378 9
215869 4
203208 10
190489 4
184819 6
200069 1
199838 3
187299 6
169429 10
181638 11
197969 10
182508 11
196309 6
170539 5
208019 9
202839 11
177968 5
204859 5
191578 2
184999 5
169509 8
197209 10
191899 1
160909 8
180169 10
195548 10
191299 3
179648 3
188519 5
174539 1
190028 8
181399 2
186119 2
170228 5
196449 9
202938 11
187929 10
185498 8
196489 6
187058 0
205149 9
174278 3
170278 0
193999 4
187338 5
181419 7
210928 0
205319 9
186138 4
202449 5
179328 7
206489 1
197998 5
208819 0
217578 9
201928 11
187449 6
182769 10
190618 11
204009 7
185918 2
207809 4
184658 8
185769 8
201418 5
193689 5
210288 8
194289 0
208028 9
208008 4
177349 6
201839 7
179558 5
218529 5
195088 11
165689 1
191509 3
205249 0
180709 0
195089 3
195029 0
224198 3
179109 8
201768 4
184709 6
199509 1
203478 4
198998 0
192909 5
209148 7
176769 10
188128 9
188949 6
212568 2
204639 6
176848 1
189629 4
212288 11
180739 8
206958 3
185069 6
164319 2
189189 1
188499 5
182969 10
171019 8
205888 9
214039 2
226078 4
206088 4
210309 1
154918 9
198528 2
201948 3
182918 5
187649 6
182638 4
179919 9
186848 3
190499 11
192859 1
192298 4
167439 3
179018 3
194798 11
166519 4
201598 9
186079 4
176039 10
184259 7
190928 2
193388 8
193669 7
186828 6
199399 4
175898 1
174439 8
182748 8
166509 1
202419 8
177459 8
193678 5
176489 2
205568 8
184659 8
177188 2
186519 3
178738 11
178368 1
172229 10
184658 1
182968 5
195069 5
208619 6
180628 7
175948 11
178689 7
180879 5
161159 1
189649 6
178028 4
176539 4
158479 6
166789 7
184968 8
151629 8
160949 10
139709 0
154259 2
170218 0
162219 0
171739 10
155569 9
154679 2
186338 2
164719 3
180038 2
163869 10
139319 3
141999 5
143329 10
136659 0
151539 11
138388 10
140110 7
140328 0
149508 9
142579 1
131719 3
152299 11
137359 6
147059 1
139709 5
143889 11
141189 3
139809 0
151259 7
147678 0
148369 6
132849 1
143459 5
138969 7
148359 6
140489 3
154398 10
150768 9
137259 5
133299 0
124790 1
126628 0
130690 5
130919 4
149798 5
120030 10
125810 7
126979 0
128130 0
129199 10
132979 5
129328 0
174228 8
129439 3
131219 10
125729 7
128429 1
136489 7
136399 7
152979 7
123569 8
128989 5
135989 2
130789 10
140729 4
134859 4
136999 7
146839 0
137469 8
135539 4
135369 6
134319 8
141969 8
135099 11
134670 3
129899 3
130239 9
133379 0
128808 6
120649 3
129769 0
157669 3
129079 11
150848 0
134329 9
137579 9
134609 5
131129 7
152709 5
131699 4
132059 8
141099 3
131489 4
127939 6
132229 9
136079 10
140599 3
131739 6
137369 6
129059 5
130439 2
131269 10
141039 7
140369 11
140449 6
145319 10
130959 8
137308 11
139439 4
132518 4
136299 10
146249 6
138369 6
133209 4
140729 7
144499 0
133269 5
143139 9
146279 11
131029 6
141589 5
127739 2
132599 2
125569 5
134369 9
156158 1
128739 8
131589 11
125530 11
135989 10
129270 4
129419 1
131319 5
129619 5
128910 0
127379 8
128099 1
134119 9
125629 5
136839 10
135059 4
119889 6
129689 7
135789 9
151468 3
121809 4
119919 6
131769 7
145479 11
131589 7
136109 4
138759 9
129839 7
135199 2
176819 7
160589 7
135999 10
123519 3
130299 0
146579 5
133749 1
132819 11
139079 3
133859 6
118949 7
131109 3
135719 7
123819 5
129009 5
126369 3
142289 8
134089 9
134169 8
127269 4
131189 2
139509 3
127129 2
141949 4
117979 0
128979 6
133589 4
141709 8
136579 7
129429 2
120519 4
144119 9
125499 11
134519 4
133139 5
124979 8
133529 0
125609 9
125909 3
159719 10
146369 9
136409 1
131719 4
147429 6
140769 10
128209 10
189459 5
130599 0
131309 1
142109 1
134349 4
130709 11
160869 6
146459 11
143539 7
140099 1
140609 8
135789 11
138349 8
134319 4
156019 7
142869 2
154018 2
163028 5
200959 10
167738 4
168698 11
200559 8
163858 4
166739 6
186869 1
188278 6
203299 9
205788 11
192629 9
168458 0
190159 10
211208 10
203279 2
194508 3
189039 11
225928 3
195879 1
194498 7
194239 10
219128 11
203709 7
185528 5
198239 8
231349 6
175318 9
200958 5
205628 0
196129 8
197538 8
222509 11
240209 9
177418 1
176809 5
181339 5
219068 11
218968 9
185399 2
202028 7
220378 11
210228 3
185199 4
173438 7
172788 11
212058 1
214168 10
190678 11
189829 5
179938 6
170618 2
185449 11
205008 3
214699 6
178448 9
185709 4
212948 1
206729 2
185728 11
178249 0
178959 1
192989 1
180379 0
238398 6
208278 7
181439 8
182008 7
220218 2
189338 4
189849 8
179598 9
188668 0
219368 3
192139 5
173749 9
192639 9
216188 5
192338 1
201408 10
163399 10
212129 6
209838 6
196779 4
185109 7
182239 11
188068 2
185239 3
182189 11
210799 8
211228 2
174129 0
172139 1
165529 10
187328 5
203199 0
224849 1
197228 11
178159 3
155549 6
146069 7
178798 7
159229 3
151099 4
173439 1
169049 2
146359 2
176459 2
167128 5
181868 3
158489 0
167569 0
178958 9
165449 11
171679 3
156568 7
162768 6
152309 7
171849 10
187798 2
211729 6
203028 1
173219 5
185098 2
197238 10
163289 1
149448 5
191918 2
193549 10
215988 7
185858 1
178079 0
174729 3
175899 9
162999 1
172399 11
195828 11
177858 7
195719 4
158539 0
161369 3
204899 1
164758 0
176548 5
151809 3
195219 8
194919 5
168899 11
162339 1
154579 1
172649 11
155299 4
175038 8
164959 1
157099 11
167329 0
186968 8
187319 9
198218 4
180709 2
191448 10
168668 8
188739 11
154598 4
178178 7
164739 2
166169 8
163538 10
171799 5
176959 6
160748 3
161489 3
172259 5
141059 6
185659 2
195619 7
203169 3
211989 10
173288 5
162988 7
158719 9
175039 8
171538 2
172288 4
156999 9
184768 6
160868 3
156279 5
151479 0
178588 9
178169 8
145139 0
175729 6
178658 4
160799 8
160009 7
163179 7
163638 3
154258 10
176949 11
161199 0
150058 4
149859 7
151039 3
177399 6
214758 8
156209 6
153729 7
177828 11
164418 11
171629 8
176048 5
171239 0
170469 5
165109 8
183698 8
173689 5
163309 4
158729 3
178548 3
172289 10
164339 4
208078 6
194169 9
225168 8
203248 11
178489 10
155759 2
162778 2
171079 8
170699 9
170799 2
172178 0
203409 4
202008 6
213958 10
176738 6
173039 11
168299 5
164288 7
177009 0
172289 10
170559 5
168469 2
165049 11
152289 3
158388 7
177278 2
177349 9
162119 0
180028 9
231789 0
214208 9
182999 4
185398 5
165869 4
162548 6
176399 1
176599 9
154609 8
154648 2
171238 11
169029 1
137839 0
144019 7
155929 4
161898 1
168909 7
197499 5
152998 11
161179 8
172699 0
165879 1
150479 0
175209 5
174729 7
169499 10
147708 11
169129 3
163169 11
171138 7
163078 0
193399 7
143849 7
161128 5
171899 1
198909 2
192179 2
190439 11
176948 6
158879 0
188919 8
180948 10
181189 4
169009 11
162149 9
153209 4
179799 6
145069 10
153228 11
161718 0
168119 10
154779 1
156019 8
194068 3
167329 9
155949 2
156018 3
183328 10
152099 4
159629 3
177109 6
188189 9
149449 10
180498 10
194538 0
153129 2
175078 11
147659 6
154298 7
167899 3
193118 7
140658 10
175599 3
189739 11
182649 3
160879 11
178749 6
179168 8
181499 0
152119 9
170568 6
187029 4
186369 10
191929 0
161499 6
143789 6
162848 2
179328 9
184819 7
175228 2
158808 8
160229 8
188228 3
165968 7
159239 3
160299 10
148289 9
163608 6
189179 5
180369 4
181948 2
142099 5
157039 0
182689 0
158838 11
150469 7
174409 8
169989 5
158359 8
139449 3
178739 6
163639 7
155089 4
168288 0
181909 10
163939 4
180448 4
147359 7
176479 8
168409 11
185148 5
157199 10
160549 5
219188 9
186769 7
195709 0
174079 9
163479 11
161319 10
160459 4
160019 7
153339 0
147819 11
173659 2
161459 11
139089 2
160769 8
150808 0
181079 8
170099 6
150809 5
162439 5
242188 4
158819 2
168538 10
147259 3
154209 1
149949 5
177738 8
154549 1
149459 6
164959 5
165038 0
149318 6
177329 5
157279 11
167118 8
150619 4
153949 6
178179 10
175969 1
167278 5
149939 5
154669 10
191589 6
189989 1
228118 1
187229 11
174318 1
172999 1
165359 0
157239 2
153599 11
180358 0
196109 10
189488 10
182809 7
185129 8
163899 0
169249 9
151789 9
176028 6
168448 2
192759 1
152549 0
155859 10
168209 5
159749 4
151899 0
189668 10
165509 9
160369 1
154309 5
168699 1
160689 6
154219 8
166748 6
166099 5
143929 4
142219 7
165169 0
171718 7
171519 4
