245428 6
178988 6
185478 1
221638 5
219039 3
202468 7
219238 3
225519 6
216398 7
202869 3
196178 3
195659 7
200649 1
217668 2
201099 6
200568 5
192159 3
202608 5
195929 6
187158 0
189728 6
199849 2
194608 0
204379 3
202328 3
171578 5
175149 4
154269 5
165439 0
147449 2
156888 3
174648 3
163339 4
226768 1
173919 4
171529 0
176629 4
161539 5
174669 7
182808 7
204049 7
173188 6
150758 4
195629 5
160899 2
210058 6
172279 1
165119 0
187278 7
161129 5
192348 7
183509 2
168658 2
177289 0
167699 5
220198 4
157679 2
200288 3
167059 5
183789 5
190838 7
170159 5
194359 4
173688 0
178169 2
182009 2
170728 6
192549 4
195058 6
173699 1
188599 6
165558 2
176699 4
244848 4
171139 7
172859 0
175198 5
172159 1
199868 2
184209 7
183629 4
173458 5
168509 3
184428 6
180938 1
179959 1
185698 5
184259 1
179539 0
189258 6
168019 3
178378 3
182339 5
186039 1
191798 6
197219 6
178208 0
173659 6
175659 3
170049 5
198998 4
181788 6
183608 1
186469 3
172999 4
178588 7
180539 7
186758 7
170269 7
179489 4
178788 3
205129 3
178948 4
183199 3
180469 3
190168 5
188679 0
208568 2
178199 0
171449 7
185278 1
169479 6
215148 3
165849 5
189768 1
174799 3
183109 5
195838 0
205359 2
180798 3
171279 6
180929 3
189268 1
204459 3
170868 1
185179 1
194968 2
178159 4
229178 4
173389 7
175479 2
183229 3
171049 3
185909 3
181868 7
185849 2
188558 4
190669 6
192539 4
182048 7
190269 3
177389 7
194379 4
185398 3
198159 1
190358 7
178779 6
195149 2
178708 4
195119 4
187178 4
181969 4
184479 6
165439 3
200749 0
184318 5
190079 4
187328 3
174109 1
190888 3
198508 1
176609 0
174898 7
185029 7
170109 7
189658 6
193449 1
162889 4
195668 3
173739 5
185738 4
229149 0
159998 4
187189 1
175338 7
186999 0
171499 7
196218 6
172189 7
169519 1
196958 2
171979 2
196438 3
180279 7
183739 5
188838 7
180319 7
182389 4
180439 1
185209 3
180308 7
179409 2
185649 4
188009 1
182439 1
183048 0
181229 7
203408 6
172228 7
190129 0
176658 6
168869 3
185699 1
171428 4
189429 3
174089 1
175048 0
174749 3
188298 4
150508 1
172599 7
181098 4
161768 0
166359 6
189059 5
164049 6
185538 1
162409 3
157798 1
195378 4
156109 4
166169 4
196258 0
162289 6
174499 3
172218 2
160449 6
236138 1
160909 5
168069 4
200018 1
170879 0
198138 7
178249 5
174459 5
185308 2
160569 4
178129 2
187128 2
160049 2
183489 3
174898 1
157199 5
185419 2
183068 0
177269 6
186109 7
150019 3
188528 6
187329 3
168328 6
188119 3
165639 2
185108 0
183569 3
167748 0
165148 1
185369 3
155439 3
174158 0
197899 6
179259 3
163249 1
163959 1
163729 3
177029 4
177699 5
167049 0
192439 1
169788 7
176159 0
181828 2
169679 5
181259 2
165749 3
174198 1
197389 1
170438 5
191749 4
185698 3
165579 2
174889 7
175489 0
174418 7
202639 6
173348 3
166439 7
185269 4
160909 0
198898 1
166619 7
184178 4
180179 0
152969 6
185428 1
186549 2
191338 0
188189 4
191158 0
180899 0
200819 3
176348 4
193449 0
188018 1
178049 6
180029 3
202048 4
202498 7
188408 5
193089 0
177618 1
187949 4
180449 5
177159 3
190879 7
177238 1
202019 6
183278 5
183179 6
180189 1
183938 3
176969 4
195408 2
187548 3
191768 7
190379 7
183699 2
184948 0
180169 2
184948 5
187138 7
181899 0
206488 0
174179 1
183788 6
185489 2
181999 5
179598 6
230688 1
178139 3
178089 4
188358 4
174479 2
203269 7
186638 3
176279 3
180748 2
180229 3
188498 1
170839 1
181799 7
184568 4
173748 0
182719 1
183708 2
175749 4
177419 6
171048 1
175999 2
180629 1
183188 2
176769 0
176148 5
170479 3
175369 5
196849 6
164238 6
179069 4
170938 5
188348 3
173699 1
181118 4
181049 0
180669 2
180308 0
178179 5
191189 7
176279 2
180409 6
188208 6
180799 6
177459 6
185748 6
170519 2
188718 0
189439 3
186958 0
198648 2
176559 3
188018 3
183199 0
178028 3
184718 2
193299 3
178318 1
180029 6
170308 5
191848 0
193019 3
182428 2
181319 1
180978 2
186639 1
180909 2
190128 4
178139 6
173329 1
171329 1
171779 3
187539 0
174758 4
178599 7
173578 1
179249 4
199759 5
185548 4
180299 3
180959 5
178318 3
171439 5
196428 3
169719 2
179609 3
177918 2
182549 2
181538 7
202418 7
171609 0
176598 1
191239 6
192419 4
200439 0
197148 4
200289 5
185649 0
182578 3
209569 7
188509 6
195298 4
195069 5
192908 2
210789 3
192248 5
175499 5
195029 5
179798 6
250489 0
168708 6
189109 6
193398 3
188399 0
171709 6
189949 0
168849 3
199968 3
170239 1
200158 7
191868 6
187949 3
179879 6
193229 6
180568 4
200019 2
163849 5
199529 3
176079 3
198658 6
192879 1
199578 4
207679 5
178798 7
187329 2
172789 7
211558 4
178369 7
185628 5
196929 0
186288 2
290568 1
197849 1
176288 5
204479 7
179648 2
214899 1
190448 1
196479 2
189618 0
179099 3
211398 3
177799 6
199659 0
199238 1
213918 3
209539 7
170918 3
190869 7
180329 4
174849 4
184639 2
223558 4
180449 7
191058 3
183589 2
178659 7
206688 3
172269 2
205638 4
185649 6
184238 2
219249 3
183498 4
194239 0
181239 4
194049 6
204278 1
177799 7
197129 5
182259 5
196499 3
188049 6
196159 1
185348 7
202749 7
190938 6
175139 6
202148 2
190469 7
193868 2
193879 7
184218 4
197679 3
174279 4
187388 5
169959 7
193109 5
207088 2
173039 5
205608 3
184569 1
194128 6
204589 5
181778 4
181379 0
193139 5
191679 2
197148 7
214689 6
176018 0
195609 2
165249 3
191998 3
212359 5
174809 4
208039 7
185378 7
194969 4
207168 3
177989 1
188428 6
184889 5
193929 1
198468 6
182119 0
186588 5
185509 1
187169 6
186548 2
204709 5
188269 4
186209 3
161879 4
186008 1
196619 4
173969 6
185079 1
180549 7
190288 3
180629 7
197518 6
181049 0
202048 3
181569 5
186908 5
211269 0
189088 3
193309 3
187839 0
190259 0
191108 6
164959 3
180249 6
188318 5
196859 4
177329 7
188318 0
169879 7
177338 0
184839 0
178069 4
207858 1
174379 5
179108 5
200649 0
158589 0
221638 4
171469 6
152089 2
189258 6
180669 7
173859 6
147329 0
155599 6
164769 0
173749 4
162859 7
166188 0
194489 1
176958 6
187359 3
195998 0
186989 1
208028 7
186999 0
173799 5
193958 5
172399 1
182489 3
196868 5
175049 0
172919 7
187589 4
203208 5
196729 5
194278 6
186159 0
199908 1
179929 2
202029 1
198369 6
174589 5
185438 1
161009 2
195419 2
182219 0
184249 5
187328 3
194559 5
174939 4
189698 5
176139 0
180748 4
182879 3
189618 0
232989 6
167919 2
196608 0
177619 0
193788 1
184159 0
244108 6
189928 6
185768 5
194538 4
173389 5
198229 0
166029 4
183678 2
178429 2
178588 7
209459 6
174219 3
199539 4
184838 1
207729 7
205918 3
186129 7
195458 2
180318 7
188229 1
184148 6
199349 2
166968 6
180329 0
185359 7
179258 7
189449 1
163779 3
187069 4
172659 2
188379 1
236899 7
178938 3
181329 6
178518 2
184369 6
183089 6
195468 4
178549 6
195569 6
176189 6
189789 4
178658 4
190849 5
181749 7
198049 1
175599 2
171008 3
219998 1
178979 2
192039 1
181338 0
190749 3
213038 6
183629 2
203778 1
169538 4
196769 3
176028 7
189019 4
179888 0
192438 7
183408 6
199358 5
196019 7
184798 0
188519 1
191048 3
182329 0
191798 6
170449 6
188429 4
186668 6
194429 1
187938 3
170909 2
181779 2
178228 7
186059 2
218668 3
193239 3
185428 7
187819 5
182519 6
186818 2
207918 7
191168 7
190459 4
194258 4
189439 3
197068 5
176629 1
199298 0
184289 3
203228 3
202008 4
193188 5
186469 0
180899 6
191488 0
210039 2
184638 7
186559 2
189438 3
192059 6
228648 6
174589 7
178118 4
186319 1
189748 4
187608 3
193479 7
200778 3
183949 7
186338 5
189419 0
194619 0
163369 2
185189 2
178449 2
183928 2
211508 4
184958 3
188279 1
198698 6
194729 7
187068 3
186469 2
181838 2
188059 1
173199 4
180178 2
161359 3
149889 0
179188 0
147239 3
138299 5
134719 2
133109 5
150889 0
143479 2
140629 4
136579 2
131549 2
137379 2
143529 0
137239 5
132749 1
136239 5
129299 4
138719 4
136379 6
140939 7
150278 0
134449 6
125870 2
138009 4
122550 1
136709 0
132539 4
133409 5
152889 1
135459 4
126749 2
140539 1
134589 5
128879 6
130789 1
179409 3
128609 7
136509 5
140359 4
128929 1
128869 5
130439 2
148069 2
129950 0
132599 4
136990 5
140819 4
141669 4
130120 0
135519 5
138139 6
131609 7
140789 0
142769 6
131459 1
134499 1
122619 7
142629 3
126289 3
133129 4
134149 0
146419 0
125499 1
131859 7
128789 3
138549 1
133099 3
137639 2
130669 6
141809 5
131149 5
133289 1
133089 7
129439 4
133139 2
125829 3
141529 4
141499 6
136119 7
149429 3
126079 5
130289 4
124309 3
132399 7
130649 0
137019 6
131439 7
139749 7
135458 2
134399 0
139330 4
137199 5
127108 0
142499 5
143248 0
130699 0
133059 6
140179 7
134859 7
136499 1
135519 5
133459 4
155239 6
142799 4
135879 1
137199 6
136689 7
130879 7
134299 2
150878 3
131210 2
132559 5
126659 2
141268 7
135299 6
142239 3
172769 6
139169 4
134829 3
132339 4
136909 7
132659 4
139249 5
158669 4
144539 1
138298 1
130510 6
140910 7
134390 2
137208 3
144979 2
134679 5
139709 2
150339 3
159479 1
157159 6
189748 3
193859 6
158639 4
185498 1
184329 2
272298 4
206388 0
180199 4
190528 3
188939 3
171489 1
208419 4
173089 6
188268 1
200309 2
194108 0
204899 1
184149 2
189149 7
193208 0
198309 6
208378 7
207719 1
186368 5
195849 4
196678 6
218838 4
178129 2
188849 1
204158 7
196849 4
206028 3
165379 4
192218 6
208078 2
165799 4
164678 6
201959 7
163649 2
163009 1
164639 6
185909 5
162878 0
204649 2
167649 0
162709 1
152469 0
135389 0
135309 4
150709 4
151109 7
136079 1
138839 6
148688 0
137819 5
133919 5
149599 1
135029 0
110820 5
103229 5
107559 3
98549 4
