156869 13
110719 7
130019 15
128359 15
122978 12
147369 1
114589 5
119779 10
122129 8
122209 9
118569 11
120799 5
123270 9
123708 5
116109 2
121839 1
121669 5
114759 15
117849 12
111319 9
123939 0
128629 5
107199 4
111079 8
112349 15
112179 13
110649 9
116909 2
114410 4
120639 9
125069 15
110279 12
109799 1
118929 7
108699 13
116909 11
120689 3
114689 12
116299 10
131649 14
114699 4
115019 0
120059 0
123578 12
132169 1
120959 9
122829 11
136619 13
114999 12
123159 4
116889 15
122799 2
117099 8
128359 8
122569 10
126659 10
115609 11
118459 10
118169 5
122649 9
125849 2
125148 4
122110 9
145208 3
123189 13
181479 10
124238 13
124289 15
118219 11
123489 5
121579 1
157628 14
115970 2
113599 1
124928 13
119049 12
120059 0
117799 0
131409 6
310377 0
121229 4
127609 11
123989 8
129569 5
131408 1
135819 5
121189 0
123949 6
123899 12
121019 6
119959 5
129299 0
119119 2
134889 13
127629 12
121589 10
123879 0
125649 11
128218 10
124248 6
121679 3
133449 10
124779 1
124829 12
131799 8
119190 7
124838 8
119629 8
120169 4
130409 9
130749 12
119159 12
122169 11
126508 4
118079 12
127248 2
125319 15
135999 13
110589 11
124639 2
123929 1
116719 9
122039 9
120699 13
124259 8
142269 3
126929 3
120669 3
128059 11
118499 6
130039 1
124269 7
116119 5
137489 2
123379 10
115329 1
127389 15
123859 4
127230 5
124588 4
131649 2
136709 9
120179 0
118119 4
129219 4
123050 1
127509 4
137689 15
127389 4
175168 15
115689 9
119059 4
119449 13
124969 11
121209 2
132159 5
124069 9
136009 3
119229 2
123929 7
131769 8
122569 15
121519 10
122469 10
124489 10
136349 10
133169 6
122069 9
123809 8
116679 4
125219 14
128729 3
142299 0
117539 7
125519 9
123709 12
127769 13
129378 10
122919 12
122769 8
134629 4
127559 5
127449 15
120679 1
118139 10
120788 10
116719 2
129468 4
147829 7
116729 8
127109 3
120629 9
119619 0
126168 11
126149 4
121329 9
141869 13
120059 11
118039 12
122799 10
122778 10
127639 3
134649 5
126609 3
139029 10
121479 1
126589 14
122459 11
123338 10
124379 1
119399 9
122739 4
135829 0
116019 3
122729 8
117958 8
126919 15
122949 10
136809 8
124229 8
142399 4
114469 8
126238 9
123599 8
120558 2
116559 4
127449 1
127199 1
140399 6
116799 10
117179 1
116548 10
128919 8
132758 15
128009 5
130619 10
147608 8
126050 4
125708 4
121109 14
119169 5
125479 12
125619 3
124209 10
176138 2
118739 4
134649 0
112909 8
125379 8
126808 2
122908 12
119029 8
131429 14
114669 4
117309 0
122619 15
126359 0
121419 3
118589 11
122630 7
130229 8
112979 11
120089 3
133629 2
127669 14
118669 5
116779 10
120408 11
127879 0
110330 11
119678 6
114509 4
116009 2
115999 15
113979 13
120409 2
121169 7
129039 13
126069 2
137908 6
117419 4
124009 9
117799 2
123559 2
124959 6
126709 10
109459 10
124009 6
123429 13
117338 5
117110 10
128079 10
121738 4
135349 13
113399 6
117599 14
126479 12
124989 3
126749 7
123079 1
119279 1
143398 7
114259 0
129869 14
121839 3
115649 6
114969 6
125339 13
123819 14
172989 0
116039 11
120689 11
121249 12
122378 3
122199 3
124838 13
135349 5
136009 3
118519 9
117099 7
127248 14
115879 6
122690 7
124789 3
123729 9
134899 13
128849 0
120499 3
125419 7
121839 9
115130 4
120409 12
126629 13
124629 7
112329 8
119019 8
118029 2
121309 5
113509 0
124749 0
128238 6
144138 11
117939 4
118259 3
129189 11
132739 14
124519 11
120279 6
115229 7
122069 6
121569 1
122519 10
121889 12
115479 14
127899 14
115999 3
122739 5
131179 6
117318 14
109079 2
118749 14
118689 6
123089 7
126159 6
117469 2
121709 7
128809 7
121799 15
118869 13
116519 4
127248 13
117839 13
136489 13
117089 6
133269 1
118429 11
117339 7
123619 12
118439 3
127938 2
120889 8
125239 0
138569 12
119109 6
121899 13
123239 7
124839 11
124249 9
124519 12
121199 12
171689 9
120299 1
115109 6
120539 0
119699 2
136649 7
117379 4
116789 8
133329 9
122268 10
118579 7
117708 12
128288 0
130429 4
119189 1
121789 11
129929 8
113209 3
121888 14
130228 15
130679 12
129449 15
119729 2
122349 4
130829 10
120429 4
115819 8
123668 7
123458 15
126199 5
126509 11
120569 9
129159 6
116789 13
124318 2
123959 12
123369 10
116169 15
122029 11
131169 6
136569 10
115309 1
118429 7
128918 1
119579 0
123089 7
122599 9
121389 1
135509 3
124809 5
129889 13
120518 13
122728 4
124348 13
122859 6
117399 5
130139 11
123189 13
121539 2
121879 1
121198 15
123499 10
125708 2
115929 13
131329 0
117709 11
126479 1
122889 0
122559 13
121088 12
121979 13
123608 2
139469 4
110919 1
124819 8
128349 4
117269 12
120998 0
125170 3
116390 6
177748 0
119599 9
120809 7
119968 1
122459 3
124529 2
121759 5
116149 0
137499 1
112359 3
123179 7
124649 10
128249 8
117570 14
128549 5
117259 11
138389 7
111939 12
118179 11
122019 14
119429 0
120378 12
122399 7
116279 1
124299 0
135719 8
118299 5
117769 3
118539 9
122009 3
116409 6
127419 3
124088 10
127929 2
129199 2
127019 2
122689 8
122209 2
124359 13
115108 3
135359 11
128019 3
117189 13
117999 1
125819 13
118019 12
125869 6
128989 15
116039 15
128609 5
174058 3
118939 5
126029 0
118668 5
120419 14
128858 6
125099 14
124349 10
125959 3
123819 8
118779 9
120169 13
121199 4
128510 9
129049 14
130159 10
114519 7
122579 3
119839 10
114759 13
117349 8
126319 14
120630 6
129998 6
123079 11
118729 5
121689 0
126959 7
120579 7
118929 5
122418 6
183598 15
112229 0
114909 5
113149 11
123169 11
133009 2
121519 11
123089 7
141269 4
125579 9
130719 7
122909 11
119329 0
121410 0
126759 4
126479 0
132049 14
120499 2
122719 2
117399 6
121438 1
142199 2
117629 6
119239 1
133379 0
118249 15
120199 7
121079 6
116519 12
121299 4
122248 10
124778 9
150979 14
116829 11
122239 0
117749 8
126219 10
125449 9
119699 5
122098 1
132239 14
119789 2
119959 0
122229 11
123389 9
123979 5
133529 11
126548 2
139639 11
111799 12
118229 7
117359 4
128279 5
122369 12
121009 2
134079 2
136449 1
110469 15
122629 5
124219 13
140059 6
119150 15
115939 6
119410 11
122089 13
122159 3
125789 10
125709 14
127699 5
123869 12
119688 12
117448 13
146158 5
112069 1
123819 11
123539 2
127029 6
119059 14
111129 4
116729 5
177898 14
113699 1
132359 10
123709 11
122099 8
121030 5
124709 12
114949 1
133559 14
120569 6
121659 8
115709 0
120619 2
123419 2
127898 0
113779 14
131998 5
121449 4
127609 10
116029 10
120749 6
129449 12
126778 9
118399 13
139998 4
124599 13
115829 2
121009 11
122569 5
121039 10
131319 13
121229 6
134678 2
119989 2
121899 0
119779 4
130009 11
120839 10
117949 1
118489 8
133408 13
117888 11
123359 2
125419 4
123069 0
116549 5
125769 11
123259 13
147948 0
125179 0
116899 4
117649 6
124489 15
119919 15
119429 8
121009 13
121129 10
133789 13
122148 4
123949 14
121479 10
121279 13
120469 4
116659 7
131369 15
131639 0
119898 9
118219 15
125249 11
116469 3
122999 2
113789 1
128879 6
129659 5
125829 15
116459 15
119269 11
118629 5
118209 9
125669 3
124129 8
135159 10
118069 13
114819 6
125378 1
117899 1
130169 13
127839 2
129699 1
129599 12
123939 1
115668 6
122890 4
119068 12
114358 7
141539 5
130629 1
130789 9
113199 10
118089 14
126499 11
119259 4
131499 11
122059 10
124429 9
136179 15
118189 12
121119 0
115798 5
112128 5
134229 8
122809 11
126319 10
130169 9
123409 5
112549 3
127079 2
121029 4
122539 5
115970 13
121018 4
118969 10
136779 11
117969 0
124089 11
135709 8
122959 14
120528 13
122449 0
121009 2
126819 4
115569 12
124479 12
119859 14
117079 0
129368 15
122839 1
116490 12
131279 5
119579 2
119909 3
130289 11
123889 11
122519 11
120679 10
124610 11
130718 13
109649 6
127859 7
128339 9
122559 4
119649 14
119529 11
123128 11
142229 6
116279 9
127379 15
122559 7
121939 5
118409 2
120179 7
121099 15
168428 13
111909 5
121839 1
120739 5
123299 0
117579 14
115999 0
123879 12
136288 12
115519 13
126119 6
121199 2
126109 12
124539 0
123489 4
121019 5
126648 14
117749 10
116419 15
121609 5
116889 6
120859 10
123269 6
115139 7
133129 8
123089 5
124318 5
116699 9
126988 7
123609 1
119689 8
122129 11
133849 10
116869 6
122549 4
121268 5
114399 11
121090 4
122919 14
118779 6
117269 14
132459 2
124869 7
122399 6
128338 12
120428 7
120248 1
124369 7
127319 12
131029 4
119359 1
114969 7
127139 4
124419 8
136688 14
115999 7
129169 12
132789 4
115479 2
125909 3
110299 13
125078 6
124708 8
120038 9
112899 1
137239 9
117979 12
117259 9
130069 7
124319 0
123318 7
117619 4
129168 11
135149 1
121259 0
127069 8
129879 2
114999 13
116668 15
122270 4
121579 0
166589 8
111849 4
119689 10
121129 6
111949 4
113629 15
114119 8
117919 12
129909 12
292768 0
113359 7
117399 0
109119 3
120899 14
121399 9
146679 11
107939 3
121259 0
112389 13
112509 14
117569 8
123219 14
117659 5
120409 7
124579 9
110119 5
123358 10
123448 8
113709 6
122659 9
121219 8
128709 10
129169 8
117609 5
122599 8
122299 5
118050 3
132908 15
112789 13
138529 8
126359 5
113039 15
116109 3
115669 5
115889 2
117139 3
114069 2
119438 1
135068 15
116019 15
117819 2
124409 1
123199 11
121689 9
115079 15
126469 14
112489 13
125768 12
116019 6
118829 1
111449 7
125609 13
124129 1
121029 3
122899 0
132219 15
114639 8
120159 12
122119 13
115659 4
122689 6
122049 7
122379 11
145989 12
113109 4
120579 6
120019 0
117130 9
121030 14
133669 10
116969 7
200748 14
109059 15
119599 12
115009 7
114489 6
127989 13
123129 1
115919 1
137449 10
120048 1
109948 12
122528 13
123579 15
121059 12
126179 11
126219 5
139999 6
108309 1
130649 3
115318 10
174108 14
109629 11
121729 7
122499 13
127499 5
115659 13
122068 6
114890 1
123479 14
123129 2
127309 15
122839 4
133979 0
117809 6
121289 13
114058 5
123999 0
122279 3
113179 2
115629 15
128979 8
108359 12
117959 0
108939 4
97319 6
