169569 3
126469 0
109759 1
125169 0
120429 0
126699 3
116789 0
121599 2
113970 0
120759 2
132909 2
108569 0
120349 1
116719 1
113319 2
114189 3
159239 1
110779 0
151039 0
107540 3
109399 3
117810 1
116369 0
107309 1
108729 1
126319 0
121369 2
111900 2
115359 0
113829 1
113649 1
109679 3
109629 3
115759 3
126409 1
119149 1
113900 3
110260 2
125789 1
115029 0
111459 0
120949 2
111359 1
115389 2
126059 2
116099 2
114440 3
113909 1
117149 0
125539 2
114699 1
111869 0
127229 0
120279 3
120059 2
115550 0
125790 1
113889 3
115549 0
124209 0
126789 2
108939 1
114009 3
115389 3
112519 2
121610 2
113359 0
116539 3
112109 0
125939 2
111059 1
115699 1
127759 1
113520 2
115348 0
125850 3
113969 0
110109 1
129389 2
109489 3
126109 2
117429 0
111159 0
118079 3
115379 3
117780 3
118629 1
121739 3
121079 0
107559 2
122209 2
122909 0
114170 2
113628 0
116210 2
128109 1
122889 1
112869 2
116269 1
112679 1
118619 1
113290 2
113128 2
159578 2
117240 1
113769 1
130159 1
111269 0
116299 3
110379 1
114019 0
126369 1
112029 2
112239 2
114249 0
121179 1
118719 3
112319 0
117169 3
123599 3
120699 0
110359 1
129059 3
115329 2
108020 3
114089 2
118249 2
124449 2
122499 3
111659 0
113439 0
122869 0
111719 1
111859 3
118899 0
123769 3
110559 2
127439 1
125469 3
115319 1
112739 0
111049 3
123139 0
113769 1
115209 2
118839 2
122169 1
119639 2
110069 1
118110 1
125079 0
110139 3
111729 0
124569 0
129539 2
114499 1
116509 1
120349 0
117579 3
112899 2
114839 2
116980 1
128679 2
113489 2
111859 3
119379 1
121599 1
110929 3
116399 3
125389 1
113670 1
121490 2
114610 3
119299 3
121519 1
114829 3
115719 3
124269 0
117229 2
126009 1
111759 1
119559 2
122779 0
118099 2
117869 0
121359 3
117839 1
110429 3
156659 2
119749 1
112769 2
115349 1
112510 1
119400 2
116239 2
113809 0
129039 2
118869 2
112449 3
118449 0
115529 0
115010 1
112659 2
115989 3
128569 0
117149 2
114299 0
114959 2
117319 2
115899 3
113190 3
113289 1
114779 2
127189 2
114029 2
117179 0
124189 0
112329 1
110079 2
122310 3
114599 3
117729 0
123449 2
121309 3
115339 2
123999 2
292938 3
118979 0
124979 0
111539 3
119619 1
121479 0
123389 3
118679 1
117399 3
113450 2
114379 2
122149 2
111569 3
119009 0
115459 2
111550 3
113170 2
116809 3
122029 2
120109 1
117929 2
120399 1
116129 1
113999 3
119959 3
116549 2
113919 2
111320 0
124919 1
115299 3
118029 1
113039 0
121619 1
118129 3
114540 0
120310 1
128419 1
126119 0
110959 1
118649 1
122899 3
118679 0
113929 3
111109 3
122489 3
166908 0
111869 3
112930 0
117799 1
117730 0
114549 1
113899 0
125199 1
127869 2
115959 2
115589 0
125979 0
302978 1
114659 1
118519 2
127109 2
109400 1
114739 0
115319 2
115019 1
115379 2
115239 0
109519 0
136929 3
110230 3
116490 0
114739 0
120179 1
109839 2
116279 3
115739 2
117399 3
124479 1
117939 0
119140 1
112648 2
125739 0
122340 2
122859 3
126899 3
128629 0
111679 2
115449 1
121629 1
119089 2
115679 1
123190 1
114750 1
117319 3
122659 0
119829 1
115709 3
121519 1
114349 0
119999 1
120839 0
121620 1
114119 2
116970 3
113469 3
123389 3
122309 2
119669 0
111229 1
123109 3
126309 2
118359 0
116850 2
116969 3
113479 2
126679 1
122809 1
113339 1
117349 1
123619 3
108639 0
126299 1
120250 2
119230 3
121799 2
111219 2
112849 3
140839 2
119089 0
113849 3
113299 3
130339 2
114979 2
111820 2
119579 3
115670 0
119499 0
117329 0
119079 0
123389 0
121109 2
110499 0
117399 2
112499 1
131130 0
111769 3
112989 3
132099 2
110779 3
109889 1
118559 0
112770 3
117530 0
125270 3
114669 3
115139 0
112989 2
112919 3
117849 0
112279 3
116249 2
121570 2
112609 2
127109 0
116469 1
114639 2
119599 0
109359 0
121689 0
117580 3
120390 1
117828 3
114749 3
116649 3
116629 0
116739 0
121539 3
116579 2
134369 2
110629 0
113759 2
117719 2
117949 3
114399 2
119249 0
117699 3
120189 1
117609 1
114530 2
122379 1
122279 2
119810 2
115189 0
116009 3
125569 3
122039 1
112949 3
117239 1
114859 2
114439 3
116090 2
116390 3
116869 3
114829 3
127189 0
118289 3
109309 3
124319 2
121349 2
121130 1
122708 3
111060 0
162898 3
119199 3
116470 2
118999 2
115039 0
120819 3
112879 3
112159 0
128929 1
117550 0
121968 0
114740 2
116549 1
129269 1
111939 3
109669 3
120329 3
123979 1
119779 3
114289 3
119259 0
115280 3
111189 0
114449 3
116859 1
123249 2
114889 2
115519 3
113699 3
124179 2
109230 3
114249 2
117739 0
117189 3
176329 1
115109 3
119259 2
109159 3
116489 1
118019 3
108979 2
121230 3
128259 1
112729 0
126339 2
111399 1
118129 0
145629 1
118049 1
113919 3
124099 2
118689 1
111830 2
120279 0
125359 1
116360 2
120349 0
116539 0
129399 0
123119 0
113729 1
109279 3
115739 0
114519 1
118339 1
109779 2
117429 2
124789 1
109159 3
116599 3
117759 1
122290 2
122579 3
118450 3
115479 1
134429 0
108439 1
110809 0
116739 1
121169 0
115959 2
117039 1
120219 2
107739 0
145868 3
118259 3
110699 2
124799 0
116619 0
109199 2
116199 2
119569 0
126819 2
111579 2
120349 2
126289 0
111239 1
117449 2
122099 0
110689 2
113429 2
126310 0
110959 3
120500 0
118929 1
108739 2
122379 2
116059 1
110749 2
123809 3
120779 1
120390 1
111340 1
118329 1
116389 0
111589 1
115449 0
113239 3
118040 3
124748 1
107610 3
113439 2
118869 3
115949 3
116569 1
114389 1
132909 3
117199 1
110889 3
117919 1
115759 3
112719 3
114329 2
113159 1
112369 2
130919 1
110709 1
115410 1
118660 3
117479 1
109969 0
117119 3
121719 0
117459 3
131029 3
118049 3
111160 1
112539 2
117859 0
111119 0
121979 1
115159 1
121429 3
115229 2
114579 3
116668 1
114699 2
121559 0
119339 2
111999 2
118569 3
129879 3
110779 2
111020 1
120359 1
113750 2
129389 2
118799 1
116949 0
144269 1
118709 1
124809 1
118309 0
125059 1
119859 2
114299 0
122239 3
118960 3
111830 2
117439 1
109859 1
122899 2
112509 0
111249 0
116219 3
122249 2
122070 1
109809 1
117759 2
126649 0
115759 0
120029 3
120759 3
109929 1
116039 0
115140 3
110010 0
127699 2
112429 3
112449 3
121919 2
115959 3
114089 1
117139 3
118659 2
122399 3
114159 1
120149 1
117639 3
115019 2
111519 3
122039 1
114900 0
126699 0
118279 3
119210 2
122079 1
120329 3
116159 2
115129 0
126389 2
122529 1
116979 1
126859 0
116869 0
114209 3
115439 1
126669 3
132049 2
118069 3
117899 3
124989 1
128969 2
130489 3
116019 2
115979 2
133789 0
122219 2
120869 0
132939 3
116229 2
120370 1
125130 0
123120 0
143439 0
112649 3
116929 3
129359 3
118869 2
120079 0
115349 1
125179 2
153899 3
119379 2
126579 2
121069 2
123369 3
119639 1
122440 0
113979 2
130939 3
119190 3
117359 3
128549 3
116509 1
113419 1
117059 0
133089 0
121749 1
120909 0
125299 0
115569 3
124499 3
122699 0
117890 2
120759 3
115129 0
125439 0
122439 0
116429 0
118859 0
116539 1
116640 3
123859 1
119999 3
134909 0
125189 1
113719 1
118189 3
125309 0
119559 3
122239 1
113789 1
126589 1
124479 3
116290 2
119088 2
115010 3
128299 2
119089 2
113229 1
124819 3
133149 3
115909 2
122619 1
120509 3
119869 0
120240 0
114219 1
120690 1
132290 3
114520 2
120439 3
114819 0
130689 1
112489 0
118889 2
129119 2
125489 3
118399 2
121869 2
115730 3
126130 3
117950 2
112719 0
126089 0
127009 2
123419 3
114309 0
117799 3
129489 1
117699 1
115990 2
131030 2
125679 2
150539 2
122119 3
122199 1
122039 0
123649 1
119469 0
122859 0
118339 3
133309 2
118359 1
116329 2
135249 1
112789 2
116069 2
128519 2
123689 2
121319 1
118879 3
113749 1
121699 2
118359 3
119659 1
122719 2
116369 0
128569 2
113349 2
119730 0
128768 3
113399 2
118699 1
129569 1
120849 3
132329 2
113299 2
123349 3
120139 2
119289 0
123829 0
121199 1
120630 2
115139 0
122840 1
127179 2
124719 1
114249 2
124159 1
130769 2
116329 0
122009 1
120829 1
126259 1
114699 2
125069 2
123789 0
115150 3
116280 2
122779 1
133309 3
131939 2
111809 0
123049 0
120989 3
122549 0
115769 0
119039 2
128479 2
116150 3
112939 0
123910 2
118129 1
110659 3
122069 0
114449 0
117719 1
140559 2
112559 1
118049 3
126610 2
120019 3
120919 1
119780 3
125189 1
159588 2
118059 2
127829 3
113969 2
104739 0
112719 0
105629 1
108949 2
118979 1
109789 3
106699 2
118299 0
123469 0
112059 1
111869 0
105800 1
122520 3
114469 1
103839 1
112119 0
120079 3
109639 0
109969 2
109890 1
107649 2
117259 1
133349 3
108349 3
117899 0
114510 0
114399 1
109369 1
113879 2
111849 0
106719 0
117289 2
111690 2
115039 1
113509 1
110989 1
109289 3
113899 1
124979 0
116989 3
113019 0
126459 2
110960 2
111679 1
106919 0
114129 3
107119 2
108259 2
128510 0
108859 3
107709 3
109339 2
113679 1
114399 0
120329 3
122219 1
111069 0
117739 2
116839 0
111349 0
111849 3
117419 1
112340 0
106868 0
116840 1
113879 0
117299 2
105809 3
167609 0
107939 2
112809 0
124379 1
114769 0
118280 1
132270 2
110339 2
108129 2
108309 3
118499 2
110989 3
111940 2
117490 1
115220 1
147338 1
110639 3
111369 2
111459 3
116919 0
115919 2
109330 3
117150 0
119289 2
119669 3
112089 1
115029 0
117879 0
106239 3
112909 1
111199 1
115279 1
117409 1
108279 2
106419 3
108509 1
119219 3
112088 1
112100 1
110629 3
115129 2
119919 1
105949 3
111449 0
110168 3
116819 0
122279 2
116589 0
110379 0
111099 1
115879 3
107599 3
114349 0
122389 2
115919 3
116959 3
115189 3
119659 2
118579 3
109410 3
110908 2
108219 0
121979 2
104219 2
90289 1
90810 1
89029 3
92929 0
100879 0
90280 2
93369 3
89910 2
84849 1
