91019 11
42190 10
51209 9
42889 11
41380 4
41720 6
42239 11
42309 16
43370 8
39399 11
38300 8
37279 21
37909 11
49100 3
38819 7
37570 0
39229 12
41150 3
38639 16
37550 5
40149 11
37510 3
37819 0
36430 3
37700 15
35330 23
36230 19
35439 18
38680 20
36649 0
36910 13
35699 12
36480 16
35230 0
36299 12
36390 19
36569 7
35180 5
38569 22
34789 21
44269 1
36209 14
38240 0
35229 16
37160 7
37019 9
37290 6
35420 19
40549 5
36429 20
36549 17
37980 1
36949 16
36540 10
36099 1
36010 21
41719 20
41110 3
43609 20
41150 8
41769 20
39490 22
36760 5
36160 4
38029 13
39290 3
50890 15
37820 5
36700 1
36710 0
38610 6
36309 9
38050 22
38119 1
38400 0
35310 9
37580 15
36010 5
36479 18
40060 9
36269 19
39350 17
37049 18
39280 4
37209 13
37780 0
38449 9
38369 18
35340 19
37809 5
35190 14
38699 20
46880 17
37919 6
36460 18
36909 4
35420 23
37669 2
36640 2
40170 3
36379 5
38330 0
37239 21
35550 14
37789 6
36000 2
35380 9
34909 23
40060 17
38559 5
40720 7
37179 10
38480 16
35100 3
36959 18
36130 4
39329 22
38830 6
38339 3
49640 17
35599 17
37710 0
35799 3
36930 20
35520 17
38240 1
33750 7
37659 11
35520 1
37299 8
34830 11
36249 8
36279 11
38080 15
34779 1
37900 23
39509 11
40520 20
35979 19
37830 8
36199 18
37189 2
36790 23
36530 12
35820 8
57839 18
37220 23
37660 7
35610 1
36979 13
36650 2
36119 1
38289 19
36690 20
38040 5
34820 15
37979 21
36860 4
39339 3
34830 3
37930 13
36049 11
38559 6
36569 3
37000 19
35829 15
36550 5
39889 23
37050 8
41330 7
39360 8
37230 18
102369 18
42430 0
36059 14
36640 21
39129 13
44590 11
44630 1
49609 3
49559 22
43310 3
45989 3
46640 10
48249 20
47619 4
49330 12
49939 1
46580 8
45969 6
49090 4
43389 10
62039 15
48710 16
52669 16
47169 5
49979 9
48130 14
46710 13
47859 13
50590 11
48079 21
51319 20
48929 15
53819 14
54869 4
52190 17
54159 6
51860 1
51409 9
50909 21
53639 1
59369 22
47370 10
49580 17
52649 12
47620 20
48909 22
52239 1
43880 19
48469 4
49559 22
51579 2
48500 20
47159 9
50769 15
49719 7
54429 13
46040 8
49799 9
52840 0
49780 21
70469 2
46499 20
47529 4
45240 3
46550 21
51109 16
53100 11
52349 12
47670 17
46370 9
52499 10
50980 5
45039 8
48020 18
46220 17
59079 2
55690 6
64779 13
58339 21
69739 14
55770 9
60249 6
64139 5
60120 23
50960 14
47069 18
53560 20
55579 22
48919 9
50049 15
53369 18
54990 7
54189 15
42410 5
45280 22
48029 13
50310 8
46749 20
68049 11
52050 7
47899 19
52360 23
44560 1
50089 17
47869 0
48809 21
43660 0
54769 9
46440 8
46780 2
49149 14
58999 12
48849 4
49970 2
48030 2
51309 19
52210 22
50069 17
66129 12
43660 2
47429 1
46120 17
55549 11
49689 19
54069 12
48049 13
51560 12
51340 1
53889 17
51670 21
51769 14
48540 6
50600 14
49899 3
50990 5
44849 2
51619 9
59389 23
46059 16
54690 11
54249 1
49789 12
52029 19
55419 16
57359 20
54800 8
55189 11
50499 19
51090 12
45939 12
52270 1
53549 4
49739 5
50699 17
50359 3
48940 4
70999 16
50799 20
52920 3
45879 18
52179 20
48369 8
52229 17
48670 2
50859 20
45130 0
51769 22
53359 7
50740 2
51539 21
50600 6
51690 22
50569 5
52800 4
49669 9
50929 18
72860 23
50709 18
47339 5
49539 19
49629 18
57850 17
53459 17
51939 23
49150 6
48549 5
48470 15
49499 23
49120 14
48620 4
46949 9
51180 11
57119 0
56489 10
59250 11
125478 9
57329 6
53829 23
65559 9
68989 23
62479 9
60639 4
61329 1
67929 22
64909 23
57849 7
59189 14
64139 2
62940 16
72230 6
74419 13
62989 4
65639 1
56659 23
65229 16
65299 13
67689 7
58189 10
55979 18
67619 14
65149 8
63640 12
61780 10
62049 21
60259 20
85569 19
56369 18
60659 10
66239 4
59829 10
58860 21
62459 19
63779 10
71849 12
72480 8
73330 9
81720 10
69289 14
91889 7
115698 3
89099 20
77089 3
85289 21
89729 13
70010 11
75019 8
71029 20
72639 16
77669 0
78839 18
74179 15
73599 19
77799 2
61480 12
63520 23
58859 20
62059 4
76099 23
59070 3
57699 6
63359 8
62350 11
58359 22
62739 8
65050 6
65959 15
61579 4
66559 5
76959 7
60009 20
63419 11
61429 16
56829 16
63030 12
59950 2
58009 2
63379 15
60919 16
69509 16
66779 9
58280 19
71250 10
68780 2
82319 6
62099 2
61839 2
59540 14
69920 14
60899 20
60219 8
58160 22
66309 14
69339 0
63419 22
59000 6
63500 16
59389 18
61629 2
57450 3
80109 0
57749 0
62289 21
60739 23
61709 0
59379 12
71719 4
60429 6
54959 6
63619 11
65029 13
81519 15
65159 20
62709 11
60159 14
54530 16
82619 16
60949 17
51789 3
62049 20
58380 1
62809 5
67189 5
67819 8
67769 15
67499 11
63219 20
60929 13
61489 18
62779 12
60809 22
80609 5
58059 10
61210 11
68029 9
62209 16
57580 16
65290 6
59629 0
74339 22
66869 19
62520 23
56530 17
60979 0
63509 8
65289 16
57489 14
131968 1
54610 22
51749 16
50810 0
51159 22
52249 5
49030 13
51759 9
52469 15
54670 1
56079 1
50090 19
58290 8
53539 2
51609 10
54600 7
49199 12
72620 0
52959 15
52719 12
51420 21
56519 2
53519 20
68450 19
74640 18
71389 22
60639 15
63499 19
63000 15
57110 6
56459 17
60079 13
71329 18
80799 17
57529 15
50839 7
57600 17
55279 18
62439 23
63709 18
71209 3
57139 15
51879 1
55680 5
64539 13
62369 4
57839 23
62739 9
63149 12
57879 7
63190 15
50389 2
53099 19
52070 10
54639 7
52219 4
49540 14
58849 1
53740 13
53540 14
55029 12
52609 2
56819 0
50839 0
51010 10
50489 14
55279 21
53349 3
53439 2
61189 19
52800 5
56919 21
59319 19
51249 0
51999 21
50859 2
55280 22
45489 23
48820 0
55669 3
51809 6
49909 0
52159 18
57900 8
48809 2
50519 2
59199 18
67049 1
51619 11
47840 12
49819 20
50849 11
57960 17
55259 3
53570 19
44990 14
51279 2
48779 21
53989 20
51070 5
64359 7
52539 5
51789 6
52689 16
52659 12
52570 6
64629 10
50689 13
54560 7
51469 11
55400 0
50419 14
53559 1
53729 6
53550 9
60369 17
53679 7
55210 3
49629 7
54910 19
53539 20
53759 2
56219 9
53749 22
66879 8
51560 10
52599 14
53979 2
52889 0
54219 14
55450 5
56870 6
56739 22
55220 1
51580 10
47999 6
57030 6
55840 19
52869 0
56140 10
55550 18
53829 16
52960 16
68359 6
54099 16
59669 23
55379 8
56279 22
53259 15
53319 7
55369 12
51080 20
54440 6
50029 22
55630 16
52989 4
55459 10
46569 17
56359 1
54259 14
49619 6
62969 13
54179 2
52389 7
60029 7
58980 19
54280 0
55709 9
55200 16
55130 14
53519 2
49890 5
51489 21
56099 3
53309 7
57399 1
53459 22
53309 10
49319 17
132729 13
64259 11
67999 7
53250 6
64240 12
60289 12
67249 7
63129 16
64529 0
74909 5
61419 12
64649 9
58599 14
63499 5
62799 5
75689 3
63569 3
79399 21
81468 1
78428 16
73860 14
81189 11
79779 7
66909 8
67259 5
62270 16
57670 21
63729 5
64809 3
79769 16
59210 7
55089 6
61109 3
61509 8
62979 16
65549 11
70539 5
59120 22
60540 1
60009 22
60389 2
67369 15
59649 21
63629 11
58229 15
75260 9
63990 11
65619 16
65819 8
61959 0
65539 22
61539 9
74189 19
63009 8
65219 13
63899 21
67489 13
61089 14
60779 7
61890 8
75449 6
59899 0
63859 11
55630 4
54610 1
55159 20
65440 10
62510 22
60839 8
65019 22
65659 19
59260 3
65729 14
62319 20
56250 6
57850 2
79729 12
65439 3
58340 8
59720 19
63379 5
64079 19
71770 22
63720 12
64749 0
61949 1
62189 1
61799 9
67319 12
59329 21
61079 17
58730 11
74579 1
57299 12
65279 12
57659 20
66449 15
60739 19
64709 19
62269 22
63199 4
61419 20
60360 19
61270 12
67569 10
67509 15
61380 0
58930 4
72649 3
67649 17
57470 9
61220 4
55429 19
63139 3
61579 14
55009 17
61629 18
65699 11
62480 11
59459 22
61709 23
66340 13
63719 8
57249 17
76989 2
59429 2
57880 15
53829 10
57089 11
60710 9
61200 8
61299 18
62469 0
70439 17
63249 5
62349 20
65159 11
64779 2
61819 0
61119 4
85359 7
64779 12
64169 9
56199 22
53179 19
58299 21
57510 13
62849 14
76549 17
70199 20
68299 6
75968 17
68249 21
61649 13
58169 12
114749 23
52379 15
54310 1
59809 18
66599 18
58569 7
54819 7
59919 1
52780 23
60370 6
54379 18
59040 1
51880 1
54139 0
59139 2
59279 20
53849 6
71799 20
51990 13
52039 21
55379 9
53580 23
666922 3
72949 3
160628 21
54519 7
54670 7
53629 12
54219 19
54029 7
52249 16
55009 13
52479 9
53629 1
54690 12
57309 7
53929 4
57120 9
52149 11
50589 19
56129 17
48989 16
46580 3
52269 17
54239 10
50730 11
48749 1
51919 12
52309 18
54329 4
49410 13
51939 11
53660 12
58650 22
54109 6
52510 10
46620 3
53879 7
58010 21
65609 22
51379 11
58259 22
53779 23
50609 19
49890 19
49609 0
48419 4
52819 21
51259 19
49420 19
52629 0
49639 16
51849 17
52739 0
48899 11
49889 1
50569 13
45370 21
61559 20
44510 3
50669 18
56739 14
56340 22
56959 0
53019 15
56450 12
61199 1
53569 6
53520 6
51989 22
59159 12
50840 1
50379 8
53099 12
54009 20
53679 4
44900 19
64179 8
51479 8
51080 22
55919 5
55669 12
60670 22
49649 4
98479 14
59079 10
52930 20
58670 7
57259 15
53109 11
55189 18
53059 10
53480 6
50389 22
66729 7
53969 15
51689 7
47620 11
57320 23
53909 17
54340 23
54820 4
52719 11
51779 13
52009 7
53709 1
49810 23
60709 17
69169 21
58210 17
51190 12
49729 19
68439 10
238947 17
58649 0
57729 8
58650 9
58020 10
56109 15
53670 10
58290 20
57049 7
57980 16
62510 7
63719 4
59629 8
80639 9
52390 18
