116079 0
82729 2
92240 0
91249 1
105119 3
81179 4
87559 4
85359 3
87860 7
86300 4
93589 7
82939 4
76539 3
85169 1
90009 6
78509 4
133799 2
91679 1
71450 7
78829 0
90920 2
93759 4
94499 3
93749 4
96939 6
94680 0
124829 1
97189 3
89699 4
93920 7
109539 7
94309 2
87010 0
90339 0
96389 4
94869 7
100250 4
105999 7
95649 2
91759 6
82090 2
87069 1
93619 6
93950 2
99339 6
92019 5
86240 1
89739 6
112319 6
92479 7
88780 5
104499 6
89379 2
95280 5
88509 6
99099 4
90959 4
96310 1
99739 4
84829 2
89080 5
90509 0
102159 2
99219 6
95370 0
100619 3
93489 2
102459 4
105699 1
88319 0
93219 2
95940 3
96439 2
92369 6
95939 1
94049 2
95600 0
98509 3
96349 5
107860 2
108899 3
95109 0
111569 5
100939 2
95870 7
94150 6
96009 0
92569 7
97790 0
108389 6
88429 3
99189 4
91660 5
99569 5
96689 5
104180 1
105419 0
109039 2
99449 2
112599 6
109379 3
98850 6
111689 5
104519 0
100869 2
100039 3
95710 7
97579 5
95259 7
132349 5
94729 4
85069 1
97499 7
95710 4
102289 1
101209 6
100279 2
100909 0
180249 5
92629 1
103120 3
111790 4
83230 2
90989 4
88059 6
77419 0
85799 1
85470 7
81549 3
100559 7
84190 6
98549 5
82929 3
79860 1
96559 5
87689 7
91500 6
90169 1
110369 7
82270 4
94740 2
96689 0
89579 6
76980 4
87929 4
105709 6
93460 2
83330 3
96559 7
97440 7
105499 5
85239 3
94319 3
94760 7
89259 2
80539 4
91170 2
100040 4
84299 4
84719 0
99629 4
99199 2
87809 4
83020 6
86349 7
81089 6
75250 5
98049 1
99459 1
80820 4
93469 0
96739 4
86609 3
96200 3
92999 5
92149 0
86100 1
92219 3
96359 6
83130 6
86389 5
94739 0
90660 6
80359 3
108409 0
93369 1
82199 3
96609 2
93790 6
85150 1
90059 0
97309 6
90349 5
93959 5
102999 2
88949 1
88399 0
91919 4
85029 2
88150 4
86509 1
95170 0
91219 1
81179 1
98219 7
103290 2
86190 7
86369 7
89069 3
97789 7
94719 7
88949 5
96629 3
84829 1
102089 3
92809 4
114729 5
97639 4
92769 6
86909 1
93779 4
93949 5
98730 2
88560 6
89349 2
101819 6
89400 1
129980 7
80889 7
88669 4
87550 0
87869 6
86079 7
93880 7
90529 7
95969 1
88499 3
109949 4
86659 0
84570 2
92360 2
91049 6
99309 0
87849 2
101020 1
91809 6
99009 0
94370 0
114530 0
87209 2
92069 4
92610 2
91889 5
93059 0
93140 0
108550 3
99969 2
101149 2
110529 7
85790 6
89869 1
97059 3
89819 3
99850 4
88549 3
96319 5
92750 3
95089 7
93889 1
105999 2
89799 2
90879 1
95509 7
97640 5
89729 4
100579 1
90210 1
94880 3
93529 2
100339 7
90360 4
84050 5
93849 0
86600 5
93930 5
84809 4
91900 4
90299 5
93019 2
103729 1
107609 1
86659 0
88579 1
94999 0
94069 1
91169 0
92449 6
88670 5
86739 7
92569 1
88740 1
97489 6
90669 3
85899 1
84269 1
92699 0
90950 1
95550 0
91879 3
90999 0
95960 4
93539 3
100329 3
104549 4
94310 1
90299 6
95139 0
89850 4
93139 0
92819 2
98410 7
93610 0
107789 4
87019 2
94340 6
85930 2
93609 7
90559 7
88520 1
92209 2
90229 6
92730 0
89719 4
140729 1
83859 6
88650 7
89179 7
86509 7
97690 2
86960 4
86929 1
95380 2
91630 0
88819 1
100779 0
86930 0
91999 2
94569 3
95159 6
88790 0
93669 1
96799 1
98520 0
90369 2
109459 5
92239 7
94460 7
85589 7
97929 7
88720 4
92200 6
94479 2
90149 2
91510 7
91289 2
101339 3
91220 4
101539 0
86709 2
89070 2
89360 0
92399 4
99089 4
85519 2
92269 1
100169 6
100829 2
93429 2
92789 6
91320 2
94210 0
88659 0
93749 6
90870 0
87509 0
94419 2
104579 0
103709 3
85619 2
83829 6
88809 1
95129 4
97729 5
91389 1
91840 2
91539 3
89790 0
95079 4
88429 6
87099 2
89700 6
116159 2
91469 3
87359 0
91159 6
84189 2
87869 4
87509 3
100409 0
93499 3
95949 2
93069 6
91649 2
94430 0
88419 6
94039 1
90460 4
95230 5
88649 5
109189 4
90870 6
83769 0
89669 3
93130 7
88059 3
89759 7
92849 5
92810 7
91139 2
86349 1
128299 4
88689 0
85579 6
84800 0
94620 0
93219 1
91869 2
86799 4
90639 4
87709 5
86630 7
122760 2
89889 4
88889 2
87200 5
85770 1
87779 7
88709 5
88029 4
90179 3
96669 1
92629 4
98229 4
90030 4
83600 0
85829 2
88279 0
86540 4
83679 5
90030 3
111650 4
85949 6
84289 1
95110 6
78249 3
81289 4
86220 2
86149 6
90549 0
78170 3
81639 7
84690 5
86220 4
77929 6
97839 2
78559 6
84389 7
74030 2
83289 2
78350 7
83009 1
81119 2
84030 5
84280 5
80179 3
90169 3
98199 0
85859 2
88170 0
78240 3
78079 7
83040 3
83169 6
83680 7
83770 5
90189 1
81789 5
79239 7
99289 5
81140 4
82959 7
80519 3
82100 7
90959 7
87309 0
89390 0
89109 6
87589 3
93190 6
84199 2
96009 3
74560 7
87779 0
89859 6
83960 1
84759 4
82489 6
89920 5
89869 3
87689 1
92519 4
88550 0
86829 3
81220 3
81759 2
82199 2
79680 5
88119 6
79099 3
80580 5
88389 2
76160 7
83109 4
89429 3
85930 5
73159 4
80819 4
82110 3
90919 4
77780 0
80849 2
88179 4
86910 6
86949 1
91959 1
99440 1
90250 7
82819 0
87489 0
83630 6
80119 2
82770 3
82669 3
85199 5
81910 7
81929 0
87239 2
131088 6
79469 1
81849 3
77910 6
89799 0
87689 6
83040 2
88349 4
86329 7
89550 3
76539 3
111909 3
82500 3
83189 6
85209 0
79390 3
78199 5
82909 5
79659 5
99869 0
75460 2
87389 5
85379 6
99850 5
79540 6
78399 2
83030 5
86219 6
90949 0
76010 4
86549 2
90010 7
87680 1
77539 3
101380 2
77890 6
77889 5
79990 5
87489 5
81189 1
94669 2
84820 5
89919 3
85879 7
86440 5
94629 4
98040 7
86670 6
88149 3
79929 5
86350 5
88579 3
83769 7
83390 5
77179 0
83810 0
84249 7
87369 0
96959 3
87129 2
84369 5
84400 6
86649 1
86580 1
78070 5
86299 4
84429 7
84569 6
85749 0
99580 6
82009 2
80969 7
84220 3
85460 1
91189 7
91489 6
88969 6
90619 3
89449 3
86190 6
87829 3
88689 6
84860 1
80599 5
86429 2
90099 4
84229 6
87820 2
85350 4
82539 6
85310 4
92519 5
96719 7
80610 7
77030 7
77959 5
81000 2
89119 5
81090 2
85020 7
77959 4
98330 7
77160 5
87409 3
100559 6
84020 0
87579 0
100270 4
90220 6
91499 0
88610 0
82110 0
86219 3
88559 4
82770 5
120369 2
87169 5
76110 0
80359 4
77359 6
86859 0
82219 2
86469 1
78899 2
82889 6
94959 1
81529 2
94249 3
81219 0
79389 2
80509 3
86420 2
90429 4
93709 0
82620 5
95129 2
87319 6
83820 7
97299 1
81089 3
78940 5
84059 0
96299 6
87970 0
95739 1
82489 7
91089 6
88809 4
91749 5
78990 3
101969 0
78929 6
88579 6
83690 6
84719 7
77840 6
87229 3
94229 5
87850 3
86049 0
86869 6
100440 2
86620 3
84139 1
84000 5
90699 5
91739 4
85370 2
81299 6
85249 2
88469 5
89270 0
82879 3
98370 5
80999 6
78269 4
90460 1
86649 4
94329 5
88270 3
90089 0
85329 0
82610 1
86779 5
92559 4
77970 4
84729 0
85320 5
86119 3
87509 7
89039 4
81639 4
88429 7
87829 3
94450 2
80249 5
97839 2
79600 3
81329 1
86280 1
93509 2
91039 3
83919 5
92799 4
84319 3
91289 6
84900 3
107899 7
91709 5
89749 6
100869 4
106639 2
95659 7
99320 4
100320 3
103159 4
90199 1
117079 4
87090 6
89259 4
73930 3
88500 7
93309 1
99869 2
79490 6
93619 6
89929 1
82610 6
125869 3
89819 5
92779 5
69770 5
84359 6
84870 0
82860 6
87889 6
94359 5
89999 2
89229 2
108429 4
79460 0
84709 1
95999 4
81650 1
86549 5
89599 0
84840 3
89059 0
90729 4
84240 5
91939 4
108739 5
96200 1
78790 0
91959 4
86739 0
83880 3
89899 3
93960 5
98190 7
82049 5
103949 6
95270 6
84370 7
86299 7
91179 3
88180 4
86089 4
83039 3
86279 5
89299 6
88340 5
95969 0
110509 6
85059 1
89980 7
92519 4
93349 4
90140 7
90579 1
90919 6
89910 5
101520 4
104479 5
99019 1
81760 2
95419 7
93309 3
92909 3
84719 0
96269 7
90929 6
92280 7
98739 4
101389 4
85919 6
86309 6
83489 1
88969 4
74099 2
80279 5
91770 0
87529 3
77099 0
92270 1
106949 3
79089 2
76120 5
99009 1
91009 1
78700 0
98219 3
86779 2
90430 6
84730 3
98629 7
93050 6
96190 0
94509 6
89979 0
86810 0
86349 0
82309 5
90000 2
89319 6
91779 5
87650 4
89540 7
109109 1
92179 0
94120 2
88659 5
87389 6
88150 0
279788 7
95910 2
93589 6
110879 7
89019 0
86770 1
99579 0
88939 6
87199 3
87039 7
263208 3
98650 4
92150 1
88319 6
92129 4
91950 4
87089 3
94039 7
88900 7
93399 5
94869 5
87620 1
110280 6
87719 5
84309 6
80840 2
86169 2
91809 4
88910 6
81339 3
94039 5
96919 2
78469 2
77850 3
112830 4
91420 0
77669 5
76530 5
95619 7
95969 4
78340 7
86509 2
92419 4
86850 5
93969 2
109369 1
92029 0
91360 7
87049 1
88979 2
90450 4
87119 1
87629 4
85980 6
84589 1
92429 0
102540 1
81570 2
93089 6
96480 2
89059 7
92549 2
96049 7
99350 5
105859 3
87289 5
102339 0
92520 7
88540 4
90749 5
87450 7
83279 7
86199 5
92110 1
87620 1
85179 7
96820 7
108260 1
89679 4
77190 0
78310 2
97519 2
96230 7
86260 4
93119 4
93879 1
92000 0
89269 7
108969 3
87530 4
89260 6
87729 5
93999 2
93949 0
96519 0
90329 6
86390 1
79909 2
84730 4
88789 7
101859 6
69480 6
74600 1
87579 5
82370 6
76700 7
70549 0
86430 2
90229 1
