130908 1
171857 2
61139 0
55719 6
164468 5
111549 2
107698 0
120408 0
90219 2
74729 3
12540 7
107339 5
70008 5
52668 1
88928 0
66739 6
79739 4
42579 7
59439 6
121428 1
75889 3
81049 0
75898 2
78578 2
66669 1
69169 2
113188 5
70478 2
44170 7
89859 3
111988 3
79879 5
188527 0
69179 1
183587 0
223216 0
85959 1
81579 4
51499 4
89469 3
140458 3
104538 2
54939 5
86998 4
9330 7
61979 1
8250 7
258466 1
38490 7
164558 4
56069 2
10570 7
151768 5
74538 4
10050 7
113808 4
112529 2
10159 7
104919 1
108968 4
13690 7
16770 7
107949 4
67829 5
40439 6
56389 1
105189 5
49420 4
51529 1
50289 2
30140 6
49639 1
18270 6
43419 2
48089 2
49089 2
1821702 3
115409 3
116759 2
52079 7
120118 5
67759 1
174677 2
76539 6
21269 6
59520 2
65559 1
89189 5
70479 1
123128 5
158578 2
10229 7
99729 5
66509 3
103278 6
143278 6
134698 1
79719 4
110308 2
101658 4
118309 2
164997 5
51659 0
11520 7
58409 6
77479 0
101398 3
9500 7
269476 2
111868 5
199457 2
93648 1
49139 4
9099 7
76149 4
120388 5
86789 3
10290 7
110158 2
61049 4
83469 0
111698 2
126548 4
127868 1
23309 7
26149 7
75849 4
87048 0
65510 2
75378 3
107468 4
11510 7
96859 2
105448 5
64979 1
117218 5
122488 3
10290 7
113178 2
134768 5
37669 7
112408 1
59049 2
134578 1
110638 6
87558 1
81879 5
104928 0
57150 6
157107 1
62559 7
75109 5
133718 5
91258 4
41270 6
67609 2
45489 5
52369 4
10530 7
24609 6
65499 7
58779 1
81499 3
22710 6
70329 2
76578 5
108318 0
75069 2
45569 4
2944473 5
22660 6
73619 1
121648 1
224826 3
105499 5
103069 3
113218 2
49549 4
68419 0
9500 7
122918 6
117568 2
93129 0
82328 6
58559 2
158937 6
181017 6
51579 2
64209 1
27930 6
10179 7
156157 5
55679 0
12060 7
63619 1
69619 2
112398 2
75789 3
84268 6
11400 7
117527 0
32019 6
55639 3
168977 3
131148 6
137138 5
11200 7
139418 3
50789 5
18400 7
98588 3
88349 3
91578 2
85079 0
87119 4
75168 5
103589 0
125298 2
75718 3
12309 7
78909 3
11120 7
78849 4
85768 1
66829 3
101298 0
177008 2
86338 0
11209 7
59119 4
73799 2
193857 2
32410 6
89839 5
94609 2
74979 1
89929 2
76589 5
57199 4
62999 3
183897 3
73179 0
13150 7
110239 5
51879 4
148518 4
124378 0
64179 6
63699 0
127318 3
166717 1
29430 6
126249 6
98389 0
104118 4
138778 2
76349 3
84139 1
98729 0
177657 3
102618 0
175688 1
64189 5
92458 0
78689 5
76649 1
74548 3
111639 6
71299 4
14079 7
115247 2
79459 4
77719 3
134428 0
132718 1
21830 6
64770 2
25700 7
143328 5
92608 0
12390 7
95318 1
91148 0
178627 3
59589 2
63229 4
77629 2
89708 2
12630 7
105068 4
61269 3
64289 5
33390 6
174977 2
76509 4
68169 3
79609 2
95219 5
154797 5
66688 3
103528 4
74599 2
28480 6
120938 3
81399 2
135468 0
54519 4
117068 2
100708 0
8529 7
135218 0
49930 4
103759 3
126628 1
9800 7
103738 0
61419 6
64929 1
11350 7
71009 3
106408 0
24509 6
112468 1
71888 5
129687 6
130927 5
161137 5
66669 4
100548 2
194057 4
59109 5
109699 1
102049 5
50539 5
173617 3
100719 0
92948 0
91289 5
152497 5
182227 1
80928 3
119848 5
78539 1
75819 4
63279 3
85968 2
61599 2
124627 6
54548 5
61190 5
82108 2
10270 7
128608 5
91969 2
140157 0
51199 2
107418 5
21579 6
10040 7
310115 0
65719 3
22319 6
67749 3
68479 4
93469 2
122678 1
74549 0
22280 6
11180 7
130518 0
77588 2
103858 5
118808 3
20920 6
62199 4
53889 0
11640 7
57029 4
80089 4
67728 1
154347 2
61499 0
79668 2
59029 4
123908 2
56979 5
116538 3
133448 2
111079 3
69379 4
74038 4
99429 1
122038 0
10580 7
109748 4
158157 4
111888 0
115488 2
188627 2
60339 3
76529 4
10229 7
58130 4
56849 3
171457 6
88468 5
159098 5
186627 1
60269 2
26300 7
14860 7
100518 0
106938 1
82539 5
75519 3
108838 1
108588 5
125518 3
69369 6
61869 6
113708 1
95809 4
70989 0
110818 1
189117 1
10600 7
94808 4
13010 7
75049 3
54069 4
58429 5
29870 6
90918 5
125288 0
224207 5
78108 2
124989 5
196836 4
26710 6
58809 1
66589 3
185907 4
11380 7
56909 1
64359 3
58419 0
65569 0
48159 5
10300 7
75389 0
73479 6
45829 4
45529 5
27020 7
83869 4
207017 1
138558 3
122108 0
56329 4
159447 4
89648 0
98089 3
67039 6
60319 0
76488 0
75129 3
88749 1
74588 5
24570 6
22780 6
206387 4
11760 7
166588 1
98558 1
126108 4
69829 0
71289 1
57689 5
58589 2
73239 6
100478 0
8750 7
63099 5
135288 5
160368 1
96658 5
125318 3
135278 3
80848 1
196497 5
152178 0
118928 3
102509 4
72929 2
23090 6
76529 0
86088 6
138068 5
74229 0
55359 2
68569 0
93299 0
80639 5
124638 1
93629 3
165747 5
105708 1
10350 7
59519 0
210407 3
163487 2
10139 7
55919 4
23930 6
185727 6
173177 3
11930 7
123578 0
146878 4
118848 1
76319 6
73069 0
124849 1
98089 0
71679 4
22969 7
102478 0
64829 4
60869 1
128578 0
61359 3
71999 6
69488 2
114009 6
59109 2
129828 2
98878 5
101298 5
87428 2
70169 5
65779 2
72499 4
9040 7
10470 7
92378 4
48059 5
131838 5
63429 1
82459 3
93789 2
115609 3
262756 2
61159 1
54110 5
155817 4
12440 7
143268 1
94508 2
9500 7
64039 2
63129 4
119658 3
71549 2
10430 7
10070 7
170117 5
37789 6
146458 5
99759 0
109308 1
79809 0
141288 0
25800 7
127138 4
165667 5
52529 3
60399 2
157908 4
71829 0
136777 2
63888 6
77008 6
156938 5
10120 7
115739 1
153097 5
131068 1
75189 2
108698 5
110698 5
57749 6
154627 5
87919 3
104328 5
59269 2
60039 3
69639 3
59279 6
105318 0
93828 2
64939 3
11420 7
64439 6
84979 3
133928 5
12720 7
153778 2
92758 4
92969 1
80188 4
128818 5
48739 4
118288 4
113088 0
24709 7
103609 1
180007 3
104668 5
61999 2
10280 7
63119 1
104699 5
23420 6
21130 6
211977 5
128127 6
137907 5
220337 4
24160 6
136137 0
177557 4
181166 2
76070 4
79989 2
77899 0
21640 6
10191 7
60609 2
8980 7
97679 1
111438 3
168387 3
166208 1
60690 5
61870 3
78649 4
54330 4
66359 0
11640 7
148018 1
179857 1
58779 0
97648 3
138448 3
54259 4
93939 4
11740 7
162447 4
92049 1
116198 4
138388 4
90508 3
93869 2
63519 1
96018 0
29800 6
73649 2
57999 1
60669 5
23319 7
126818 5
77059 1
61059 1
59209 4
64719 0
28150 6
98628 3
56749 6
124858 1
55210 4
78898 3
100959 2
131638 1
184137 4
113389 0
10639 7
79208 6
69179 1
116038 4
115698 0
77058 2
56009 6
50429 2
4383920 3
54749 1
25460 6
24899 6
50489 5
54819 1
64569 1
83188 1
66698 1
9490 7
66819 4
57389 6
149728 3
67629 2
93878 5
55869 0
151057 2
98589 2
55848 4
12680 7
57230 0
81019 3
50229 4
65559 0
93169 4
73099 0
9999 7
139657 2
61049 5
70309 3
99219 3
10360 7
58319 0
153147 5
103688 3
10510 7
69889 2
75049 2
95899 5
60259 4
73699 4
34529 6
191887 5
87619 2
10180 7
61999 3
110199 6
93949 0
143278 1
99748 2
59329 4
100769 3
10119 7
9529 7
10490 7
214627 3
150557 3
74379 4
99768 1
97609 5
63289 2
151327 2
138957 4
96659 6
12460 7
79398 3
128448 6
57659 1
94349 5
35989 6
56269 4
145298 4
67749 3
203016 1
187866 6
21870 7
157658 3
96078 5
107008 6
18660 7
120948 5
57199 2
54670 1
52259 5
130067 5
68739 1
140127 1
132678 0
121348 1
83459 6
116998 3
98728 4
62609 3
86339 5
72509 6
53959 5
109198 0
116459 5
172048 4
118738 3
73039 5
79819 3
10090 7
226177 5
113608 2
103148 5
100619 0
81418 2
50060 1
8949 7
56928 0
10280 7
157147 3
187037 5
79339 5
146907 5
74869 6
92189 3
145487 4
56779 5
75138 1
53370 3
94938 6
135188 0
60229 5
77518 2
85689 1
108629 6
159078 4
70529 3
31569 6
11300 7
69359 0
95489 1
22480 6
80479 1
12230 7
8830 7
10480 7
11719 7
196057 5
145788 5
115048 4
76859 0
114338 4
68419 0
11710 7
11380 7
125898 0
111168 6
62899 0
123908 6
79988 3
100689 2
108358 5
100209 3
8640 7
223736 3
21850 6
28620 6
55359 2
52189 5
50980 6
58650 2
80809 0
92949 3
88128 1
126938 2
69998 0
177237 0
55149 1
152137 3
165398 5
54559 4
53439 1
83909 3
138787 3
54899 0
24819 6
74259 0
106278 1
121838 3
55129 4
34539 6
57779 3
95848 0
76868 1
54600 1
84589 0
55029 0
128208 2
117568 2
57589 5
61759 1
9789 7
63519 5
28390 6
56719 5
84789 4
169968 3
71779 0
85508 5
136778 2
9740 7
149548 1
13769 7
76858 1
29450 7
83009 6
80679 6
82619 1
112258 6
92049 1
126438 4
74828 3
57690 6
115858 4
200886 0
8749 7
200447 0
27050 6
77449 0
97519 5
12920 7
12720 7
106999 4
66829 4
86848 4
84779 1
60029 0
94549 0
115809 0
120258 4
79239 1
119749 4
9560 7
100059 3
127398 6
12790 7
11090 7
89919 0
50669 5
155128 1
50629 6
11600 7
97988 4
128878 3
11930 7
124438 3
95968 1
106648 3
116568 5
224157 5
70479 1
173757 1
71619 0
74518 3
