86659 0
43599 2
35240 0
33590 1
34409 3
32890 0
34499 0
33510 3
34270 3
34390 0
35720 3
34810 0
36010 3
33569 1
32140 2
34810 0
34120 2
34650 1
32220 3
35000 0
32300 2
34270 0
34930 3
33830 0
32339 2
33309 0
34730 1
44379 3
36570 0
33160 3
36859 3
34150 2
33200 0
34629 0
34100 0
32170 3
34099 0
33610 3
33210 2
32659 2
33970 2
33380 1
33349 2
32290 2
36720 2
36669 1
34600 1
37039 2
33310 2
34530 3
33190 1
33439 2
33580 2
35910 1
33430 2
44420 0
32320 0
33259 1
32060 0
33749 2
34979 1
34280 0
34869 2
34490 2
35970 0
33149 3
34930 2
34340 0
35269 1
32680 0
34770 2
32949 3
33450 2
32830 2
32939 1
33150 2
33900 0
31809 3
34699 1
32850 2
34579 3
36950 0
34820 1
34929 2
35030 3
40150 2
35249 0
32360 3
33950 0
34310 2
32550 3
33030 0
34919 1
32700 1
33649 1
33389 1
34250 0
35050 2
34389 2
36230 2
34169 3
33479 2
34630 1
34410 0
32739 2
32790 3
34050 3
34179 1
38030 3
35219 1
32460 0
34710 1
33020 3
33790 0
40420 1
36619 2
35160 2
33570 0
35549 1
34570 1
34180 3
33149 0
36050 2
33500 0
35699 2
32300 0
35319 1
32650 3
33880 3
31529 3
34560 2
34780 1
36019 3
35599 1
32730 1
34889 3
32229 2
34690 1
32850 3
34610 0
34140 2
34979 0
33420 2
40350 0
33560 0
33870 2
31150 2
33230 3
37559 3
34220 3
35440 1
33240 3
34340 3
33260 3
33720 2
33700 0
34139 2
33290 0
34610 0
32879 0
33559 0
33870 2
33720 0
33569 2
35550 3
34639 2
35760 1
40150 1
34399 1
32750 0
33600 0
34199 0
40020 3
33700 3
32599 1
34130 0
32649 1
36009 3
33820 2
33680 2
32480 1
33190 0
34829 2
34590 3
35270 0
32960 1
34089 3
33360 2
34709 2
32599 1
35580 0
31740 2
34000 1
32770 1
35159 2
32859 1
34000 0
33399 0
33599 2
35300 0
34829 1
40639 0
34280 1
34309 1
31880 3
34020 2
34749 3
35100 3
34030 3
34169 3
32370 3
34340 1
32959 3
35250 1
33060 3
35239 0
34870 1
34010 0
34529 2
35390 1
33990 0
33119 1
35340 2
34299 2
35250 2
32100 2
34659 1
33469 3
34310 3
33109 0
43389 0
33150 2
34259 3
34459 3
38210 3
36380 1
33830 3
33680 0
33099 0
34290 2
33960 2
36429 2
32640 0
34700 2
35329 1
34100 2
33070 0
34769 0
34040 0
35390 2
36189 0
35940 2
34839 1
34110 0
34400 0
33939 3
35999 2
33280 2
33510 3
45730 2
33740 1
33349 3
33860 3
33110 0
38219 3
32360 1
36050 3
35549 3
35200 1
35579 2
32519 2
34370 1
34420 3
33919 1
34340 0
33160 1
33720 1
34880 3
33950 2
33879 3
34190 0
36160 1
33570 0
36730 1
35960 1
35359 0
34110 0
9077020 1
45509 2
34240 1
36599 1
37919 0
41980 1
41120 0
39040 1
38050 0
37519 2
34960 1
36640 3
44149 1
37660 1
36309 2
44950 3
36880 1
37429 1
39090 0
37480 1
37670 0
35470 3
37009 0
33890 0
35079 3
46830 3
36650 0
32389 1
34660 2
34210 0
34099 0
34420 0
35870 2
33809 3
35059 0
36290 0
34619 2
33610 2
32240 2
33689 3
32990 3
33330 1
32509 2
34239 2
33370 0
33760 0
32460 1
32650 2
31740 3
34280 3
33310 3
35029 2
33009 0
34330 1
32550 2
43020 0
33430 1
31939 0
32380 0
33080 2
35259 3
32100 2
31910 0
34419 1
32170 1
35360 0
35199 2
34980 1
33020 3
33609 3
33340 3
31540 3
32539 0
30930 2
32750 2
31940 2
33710 3
32910 2
32190 3
33280 0
33740 0
33319 2
32439 2
34350 0
40539 0
34140 0
31950 2
32129 1
32230 2
33540 2
31390 2
33210 2
32940 2
32129 0
35459 0
33390 2
32190 0
33490 0
32870 2
34839 0
35370 3
34250 2
34429 2
32070 1
34130 0
33060 1
32459 1
32420 2
34129 3
35710 0
32350 0
32980 2
34380 2
32250 2
40139 2
33040 3
34760 0
34270 2
35390 2
36140 0
32529 3
32870 0
32740 3
37559 2
32770 2
34570 2
32729 0
33300 2
31870 1
34689 0
33410 1
33380 1
32609 0
35450 2
33480 0
33309 3
34450 3
33850 3
34189 3
33710 1
33750 3
33449 2
32170 1
32720 0
38349 0
33310 2
34450 0
32620 0
33920 1
33900 2
35360 0
34180 0
36650 1
34830 3
32170 2
33400 0
33779 2
33630 1
31729 1
33330 3
32220 1
33260 0
31180 3
34710 1
33010 0
33469 0
33750 0
35690 0
37410 2
34040 0
33809 0
31690 1
34510 3
40299 0
34079 2
32370 1
33639 2
33580 3
34180 0
33699 2
33379 2
33210 0
37650 3
31920 3
34020 1
33560 0
34010 2
32840 2
33390 2
33159 3
32010 2
35310 2
34180 3
33450 1
33140 2
33260 1
33460 1
33409 3
33529 3
34120 0
34039 2
32809 0
43620 3
34199 3
34240 3
32950 2
32489 3
32490 1
35940 1
31979 1
37490 3
32600 1
35890 0
33040 3
34970 3
32789 3
34280 3
31319 0
35149 0
33200 2
34620 3
35690 2
34920 2
34549 3
34109 3
36120 0
32330 2
33719 1
33150 0
34600 2
34840 1
40900 3
33199 1
32270 0
33460 0
35229 3
35130 3
34500 2
33819 2
36190 1
33500 2
32079 3
33500 1
33350 2
32759 3
33130 0
35660 3
33469 1
33320 0
34400 0
33289 3
33510 0
37150 0
35229 2
34930 0
34200 2
32829 1
35150 1
32690 1
32579 3
32010 0
12056510 0
35640 2
38940 2
35569 3
34580 3
34490 1
38059 3
34260 0
39399 2
36110 2
37610 1
35739 3
36669 2
34200 0
34939 2
35760 2
34660 0
35019 3
35000 3
36300 3
33919 3
33690 3
34749 2
39279 0
34560 3
37140 1
34920 1
48220 1
32839 0
33600 2
35200 1
33419 2
32540 1
35420 2
33349 2
35480 1
35220 2
35719 0
34170 0
33659 2
34530 3
33930 1
35169 3
33770 2
35560 2
35440 1
36909 1
34420 1
34550 1
33050 2
34140 1
34780 3
35410 3
31800 1
34279 0
35580 3
42710 2
227478 3
33410 1
32110 1
33530 3
34139 3
35280 1
33990 0
34090 0
34640 3
34929 0
35030 3
32900 2
33559 1
35220 2
35400 1
32649 1
32700 1
33240 0
35469 3
32540 2
32860 0
36659 2
43960 2
35299 3
34029 3
34390 1
32579 3
34109 2
32730 2
34449 3
33849 3
33930 2
33130 3
32830 2
32290 1
33890 1
33990 2
34200 0
36759 2
34319 2
34760 0
33369 2
33609 0
33310 1
36069 3
33519 3
36440 3
39149 1
35060 2
33120 1
33909 2
38410 3
34789 0
33669 3
33810 1
35809 3
34020 2
33830 0
32499 0
35540 0
32470 2
33730 0
34180 0
34880 0
33309 3
33299 0
33180 1
34259 2
35449 1
34390 0
34240 0
33970 2
34410 0
35420 2
35769 1
33240 2
36500 2
33629 1
33760 2
32489 3
41019 0
32780 2
33699 3
32350 2
32470 0
32170 0
35040 1
32430 2
33850 2
34489 3
35800 1
34489 3
33490 1
35810 0
32499 2
33340 0
32310 1
35549 3
33510 2
34050 0
33319 1
33980 3
33390 0
35299 2
36720 2
33980 2
35819 3
32660 2
33289 3
38669 1
34560 3
33629 0
33499 2
32880 2
33580 3
32890 1
33620 1
33689 1
36059 0
33810 2
33000 2
34259 2
34020 1
32569 0
33119 3
37230 1
32849 2
33820 0
34460 1
33679 0
33149 1
34520 3
31620 0
34230 0
32750 1
34330 1
34580 0
33570 0
32629 0
39269 1
33360 3
35239 3
32910 0
33650 0
33939 3
33410 3
33710 2
32209 1
32569 2
33890 3
34090 1
31370 1
33900 2
32589 3
32549 1
35820 0
35020 3
34199 2
33850 3
34019 3
32710 1
33860 2
33969 0
33339 2
31190 3
33749 0
33179 3
35590 0
40519 1
34820 0
31750 2
33459 0
32900 3
36370 3
34639 1
35320 2
33610 2
32879 2
34220 1
33670 2
34229 3
31850 1
34450 1
33119 1
37380 2
33590 0
35569 2
32290 2
33590 1
37669 2
36000 2
34230 0
35159 0
33960 1
33419 0
32949 1
33810 1
47609 0
33410 3
34090 0
32669 0
32660 1
32710 0
34380 1
33650 1
34260 0
33329 0
35520 0
34800 3
34969 3
36380 1
33430 3
32309 1
34680 2
34460 2
33789 3
33230 3
33710 3
33639 0
33660 0
33550 3
33719 1
35070 2
32679 1
34519 0
33240 2
10051170 1
40630 3
34390 0
35790 0
32660 3
34209 1
33549 2
33710 1
34510 0
35040 1
34190 1
35600 2
33059 3
35640 3
33839 3
35020 0
34950 3
37769 2
34720 3
38969 0
33229 0
33330 2
34569 2
33809 1
32340 0
33350 2
35070 1
35890 0
33539 3
40580 0
33190 1
34690 3
32450 2
34260 1
34360 1
34240 1
35020 0
33880 3
33709 2
32590 2
34239 3
32039 3
33620 2
33770 0
34910 2
32640 0
35030 0
33970 0
32820 1
33429 2
34829 2
35030 1
33449 0
35819 3
33800 1
32990 0
33490 2
33900 1
40549 2
35210 0
34000 3
35399 2
31000 2
34780 3
34019 0
33540 1
33930 0
33479 2
34830 3
35130 3
33870 3
33180 0
33279 1
33429 2
33890 0
35149 0
33899 3
33030 3
34030 3
32389 1
32820 1
34239 1
37270 2
34030 1
33390 2
35199 2
35080 2
41410 0
33459 2
33970 3
32940 1
35440 2
32620 2
35359 3
33810 0
33920 0
33539 1
34170 1
34920 3
33160 0
32949 3
33620 2
35629 0
35070 1
36850 2
32049 1
33010 0
31840 3
32030 1
31709 2
31750 0
30640 1
33650 0
30750 2
30890 1
30879 0
31560 1
37199 2
31460 2
32620 2
31510 3
32640 2
30830 3
32520 1
29889 3
31880 1
31090 0
30880 3
32149 0
32510 1
31049 3
32209 3
29820 1
32310 1
32759 1
32160 3
32560 3
32930 1
31450 0
32280 0
32730 2
30770 2
33370 3
34419 0
31880 0
30420 1
30749 0
31470 3
38150 3
31579 0
31830 2
30140 1
32949 2
31680 0
33080 0
33779 2
30189 1
32590 2
31879 0
31329 3
31100 2
32429 2
31079 1
34240 1
32069 2
31199 3
30540 0
31940 2
30649 1
