4820 3
630 15
580 4
580 2
690 20
670 2
630 17
660 2
610 26
570 23
680 11
560 27
610 24
650 16
540 27
600 24
680 5
600 7
620 7
580 6
630 2
590 19
630 14
630 0
610 15
570 20
590 20
570 13
620 30
550 22
630 24
620 30
480 16
670 12
620 0
690 15
730 12
720 27
480 1
530 12
550 26
630 23
490 12
590 7
550 24
660 10
590 4
580 16
610 31
750 18
570 30
660 18
570 2
650 29
640 3
650 27
590 19
650 11
690 20
640 22
590 0
660 2
590 26
500 26
620 21
600 14
700 25
649 4
520 3
640 11
591 19
689 18
600 19
580 19
560 20
551 14
740 14
569 2
631 6
609 16
591 5
549 2
651 14
560 25
669 0
540 9
609 11
591 14
589 16
611 9
620 14
609 30
651 0
620 2
639 30
560 15
720 6
530 26
530 17
740 22
530 12
480 11
790 12
570 21
660 0
580 12
630 14
590 1
540 23
630 20
4080 31
960 11
590 30
640 20
640 13
600 8
680 13
670 21
570 27
700 30
610 23
600 30
1860 28
530 13
550 22
630 5
660 28
740 21
650 3
620 5
660 7
570 19
2090 21
630 2
610 6
660 5
670 10
620 28
570 28
610 28
590 3
630 16
550 27
1250 29
600 5
580 2
620 4
620 31
610 31
530 14
580 12
580 16
630 4
580 26
1350 14
620 12
530 11
560 23
580 0
650 16
660 20
560 26
590 9
670 16
1280 14
620 10
620 13
580 31
690 30
650 17
540 24
690 31
630 30
610 10
660 1
1280 5
620 29
650 29
620 1
710 3
580 27
670 11
550 10
560 8
670 12
640 30
1360 31
550 4
560 25
660 2
589 5
551 31
649 7
611 1
580 10
589 10
1329 12
680 16
609 8
611 23
660 26
651 16
640 10
629 26
580 19
651 18
540 12
1411 24
700 0
649 9
660 15
671 7
600 8
540 24
680 3
640 8
709 6
630 22
1280 7
650 13
600 7
660 3
620 13
640 19
640 7
670 17
540 24
570 16
1390 23
510 18
610 3
580 28
660 31
580 19
570 12
670 25
580 6
620 31
620 21
1360 8
690 15
640 17
640 18
630 4
610 8
660 26
630 25
620 3
630 7
730 28
1340 9
530 24
670 14
660 30
640 30
570 25
570 7
570 24
580 29
590 17
3490 7
630 0
630 5
710 17
700 21
570 9
700 27
650 27
550 2
580 12
700 28
1810 2
600 3
690 30
600 16
600 14
640 30
580 14
640 26
540 20
580 4
640 29
1380 14
670 5
620 13
640 19
580 4
620 20
600 25
640 0
660 27
590 13
1480 27
640 12
600 13
570 9
620 30
640 6
570 11
640 12
620 14
600 12
620 18
1320 4
590 0
640 25
670 19
680 25
679 26
560 13
540 3
700 18
580 22
680 18
1311 2
669 6
700 16
651 29
760 15
560 27
529 24
591 26
600 7
600 30
1340 6
660 4
620 31
720 11
689 10
591 24
580 0
629 26
700 27
600 20
571 10
1899 14
620 0
560 4
570 28
600 15
570 18
610 15
610 27
590 2
600 2
580 7
1300 3
600 13
630 25
660 27
680 22
550 7
600 6
710 31
590 30
640 20
1420 10
760 7
710 12
570 27
570 10
580 10
580 23
720 5
620 15
580 15
650 19
1700 7
610 30
670 16
680 13
640 9
570 24
640 6
630 12
690 21
550 30
620 29
1360 4
620 8
650 18
660 5
600 2
650 13
660 4
670 31
680 6
580 30
1440 11
610 21
650 22
580 29
570 19
710 3
610 11
590 13
580 31
700 2
660 15
1360 9
660 12
670 30
580 13
580 11
720 20
580 2
560 24
650 13
530 24
630 1
1340 5
610 16
580 19
620 0
600 24
570 24
650 17
600 14
650 12
590 8
2990 4
600 24
660 9
620 23
600 30
640 17
580 22
580 30
600 31
600 19
670 26
1300 19
709 28
611 29
640 18
611 4
589 22
680 28
640 29
700 8
600 9
711 29
1409 21
620 15
600 9
580 3
640 2
611 22
680 28
580 27
560 19
640 7
1360 29
689 15
631 18
649 6
620 1
550 26
580 1
620 1
650 15
570 26
740 1
3010 21
700 23
630 11
630 16
620 13
670 5
560 23
600 30
690 22
670 20
660 30
1450 25
630 28
640 9
560 20
560 26
590 24
640 11
650 27
610 22
580 6
720 29
1310 29
720 14
690 17
630 17
740 29
680 9
600 18
600 4
600 9
630 9
1810 14
730 4
650 26
710 3
560 15
620 6
750 5
760 27
610 22
770 18
680 11
1340 28
680 12
640 8
650 26
620 23
630 22
630 7
720 2
600 20
570 24
590 8
1450 3
650 31
620 14
560 30
590 0
700 4
610 30
630 14
590 15
610 22
1320 17
620 19
640 3
600 10
620 2
590 29
700 12
570 30
590 25
660 28
650 6
1500 23
610 23
640 25
630 25
620 16
560 17
600 1
600 11
520 7
690 28
660 27
1359 9
620 7
651 22
580 0
620 6
569 14
551 5
640 5
729 7
700 11
1760 30
631 18
560 7
580 23
680 31
600 19
709 17
600 19
600 1
671 27
720 21
1360 5
660 17
649 24
580 24
620 0
580 20
670 22
650 5
660 28
650 21
590 26
3740 30
640 18
540 19
550 8
700 20
640 20
640 30
690 16
630 21
650 23
1320 18
640 27
730 16
670 4
630 8
690 23
570 16
580 24
600 6
670 27
760 17
1430 28
690 9
650 27
680 10
630 25
640 15
610 30
560 0
570 4
820 17
560 25
1430 5
600 3
640 1
700 6
590 13
630 27
730 4
550 8
550 16
640 7
1400 11
630 25
640 17
700 28
630 12
610 15
600 31
620 31
710 19
690 9
630 21
1410 10
560 24
650 26
600 22
610 3
580 9
600 14
590 28
570 29
630 3
610 26
1250 21
610 6
570 0
620 30
640 18
610 28
590 30
630 8
550 8
610 19
1370 7
710 10
650 16
640 24
710 19
590 7
670 27
580 0
650 13
760 6
610 12
1830 5
799 22
840 23
631 27
689 23
691 6
660 31
560 4
600 10
689 26
620 28
1380 4
640 15
629 16
591 7
600 23
660 29
760 18
700 28
669 1
640 2
1371 13
680 30
651 12
609 16
720 20
709 6
800 4
780 13
860 28
710 17
870 5
1720 10
840 20
720 7
850 22
800 0
800 27
790 22
800 23
650 31
710 18
620 7
2020 6
680 22
570 21
680 29
620 25
600 10
560 6
610 7
650 26
630 13
1490 29
610 24
670 27
610 18
640 15
650 14
680 12
710 18
700 17
730 11
620 22
1360 7
660 20
690 28
620 17
580 21
610 28
670 22
610 2
540 28
720 17
610 24
2720 12
750 6
600 10
680 21
570 31
620 26
630 1
620 31
620 19
610 22
1580 2
660 31
640 27
670 17
680 11
570 16
600 27
620 24
650 21
670 0
640 16
1250 12
640 9
650 24
720 0
690 16
730 25
600 21
740 30
660 20
610 1
750 13
1450 4
600 13
660 1
620 12
600 19
640 27
660 9
680 28
740 10
700 2
1320 7
760 22
611 6
600 13
569 14
711 20
589 25
651 13
660 24
669 23
651 12
1320 31
640 7
600 10
680 23
760 10
660 30
609 13
611 9
660 9
589 17
631 22
1349 4
780 2
611 29
599 18
660 18
630 29
630 25
650 8
670 14
600 23
2870 12
660 8
660 16
690 5
630 12
700 3
650 2
660 3
640 13
690 28
650 29
1860 10
680 16
650 22
720 17
660 5
670 7
640 25
630 3
700 1
630 30
640 4
1710 31
610 16
580 12
700 5
700 31
650 4
690 20
640 16
650 15
600 12
1980 19
600 11
630 18
670 4
600 22
660 30
680 15
640 6
650 21
710 0
780 8
1310 1
730 5
640 9
660 3
670 7
630 6
720 25
600 23
600 20
660 25
740 17
1420 1
660 13
630 25
660 14
640 12
790 28
690 20
550 1
710 0
620 24
1410 16
730 7
700 9
600 15
660 7
640 22
670 3
590 16
620 22
700 0
650 21
1800 27
690 4
610 30
620 21
630 12
670 9
650 20
569 28
640 19
671 5
640 20
3160 1
651 19
611 8
729 3
680 13
711 28
789 1
731 25
620 26
580 7
1851 26
520 11
660 1
720 6
649 25
751 7
649 18
611 11
580 24
669 3
630 29
1530 10
600 3
660 27
580 29
550 30
690 23
640 7
650 15
620 10
590 17
590 18
1340 29
660 31
760 1
620 24
670 0
610 28
620 19
690 16
620 19
650 5
1360 12
740 20
670 18
600 19
710 4
660 27
580 30
640 3
590 12
560 12
620 15
1510 31
640 20
660 18
550 24
670 14
570 0
700 4
590 31
630 6
620 0
640 20
1410 3
590 20
680 8
650 1
600 12
630 25
680 21
590 20
600 30
680 12
1320 22
610 7
650 17
660 15
660 20
660 12
630 1
610 17
620 14
700 2
710 27
1530 27
650 18
620 22
640 21
670 8
590 20
640 22
660 7
600 19
660 27
660 18
1430 0
620 26
660 4
590 29
710 11
620 15
720 15
810 0
620 21
650 24
1450 2
620 18
700 19
660 9
780 18
750 25
640 22
620 22
620 4
691 31
580 30
1380 25
640 26
649 31
660 9
571 19
660 20
609 27
571 17
689 22
680 29
651 23
1780 18
629 20
631 24
589 25
680 8
611 0
660 20
809 0
651 1
609 2
1340 14
730 11
540 5
660 5
670 4
730 13
650 0
700 25
600 9
870 20
710 31
1450 26
670 13
690 5
650 1
600 5
640 30
700 31
740 21
830 28
750 0
700 28
1380 22
710 29
620 31
700 5
680 17
630 13
670 28
670 5
730 29
640 9
2580 12
680 30
670 7
640 18
700 2
680 23
580 29
580 3
620 13
630 10
610 19
1390 5
670 13
610 24
740 9
620 6
640 15
700 18
640 4
650 1
650 8
640 15
1420 23
730 20
630 27
660 28
670 26
610 19
640 14
670 5
690 2
600 18
1280 30
600 12
750 4
660 18
670 18
600 3
750 17
600 4
670 5
550 15
520 0
1490 16
590 31
690 14
640 27
700 10
690 4
690 9
620 20
700 3
730 6
720 20
1350 29
680 23
540 8
720 7
760 17
760 7
689 25
571 6
720 31
780 10
1960 19
760 12
600 3
640 1
680 31
789 4
700 27
711 27
709 6
589 15
740 24
1420 31
691 19
620 20
669 14
631 8
709 3
571 12
729 30
569 30
650 31
660 3
1810 24
730 25
710 2
680 23
690 1
660 8
620 16
680 24
600 5
640 1
2840 8
670 24
650 5
600 28
650 5
720 28
630 21
730 15
750 4
710 7
660 30
1340 16
590 5
620 29
610 9
670 14
660 20
750 1
720 11
730 13
610 0
640 23
1660 0
700 8
730 15
590 24
670 28
630 13
700 13
670 11
700 25
610 3
1350 11
720 25
600 25
640 29
590 8
650 9
620 23
620 18
700 0
640 21
680 28
1490 29
650 4
680 2
630 14
590 10
670 0
650 16
680 10
560 14
680 2
660 23
3680 11
760 17
640 25
710 12
590 19
680 30
620 18
590 13
590 21
650 6
1440 14
650 15
720 19
790 0
740 3
720 2
690 26
660 8
720 31
790 18
630 26
1820 31
760 26
660 0
671 21
629 5
651 27
629 14
751 19
660 5
800 22
751 17
8929 13
680 19
659 3
650 25
660 20
670 8
680 13
630 1
700 13
630 12
1560 22
660 2
660 26
680 10
600 7
750 11
740 26
620 21
740 20
720 3
670 8
1950 1
650 18
610 28
610 8
630 2
620 10
630 15
720 11
700 10
790 13
690 14
1370 19
540 4
670 15
670 23
740 23
680 28
630 29
620 13
600 28
650 19
1450 24
730 18
670 3
650 20
730 12
710 19
660 22
670 19
660 28
700 12
600 28
1260 14
630 24
760 16
620 12
700 19
660 3
780 11
670 22
650 11
700 28
640 17
1840 21
680 11
720 25
780 9
650 28
670 28
750 11
670 9
640 21
680 28
1310 29
630 6
660 28
690 1
710 25
760 28
690 23
660 11
620 7
650 16
720 14
1350 6
680 27
700 13
670 8
700 31
780 7
580 22
560 11
649 10
649 13
731 0
1560 23
700 21
669 31
680 13
620 23
651 16
700 27
689 23
791 1
629 23
2131 15
589 3
691 29
600 5
671 17
609 28
720 22
620 10
700 3
740 13
640 4
1400 6
720 6
720 12
650 14
740 27
690 15
700 28
620 11
690 27
660 12
690 31
1370 13
630 11
670 7
770 23
680 22
680 22
710 0
590 31
640 28
640 3
1330 3
720 27
620 24
630 15
680 5
620 30
780 10
670 22
660 20
650 6
670 30
2910 29
670 17
600 7
740 11
680 13
640 16
740 20
720 23
680 20
630 19
690 25
1520 26
680 7
690 25
830 22
710 15
720 19
700 25
630 31
680 0
680 31
1880 9
710 16
660 23
580 16
730 2
720 10
660 21
650 6
640 10
690 13
640 23
1500 18
680 0
660 5
660 26
620 11
600 2
700 6
620 9
600 14
680 22
750 26
1460 12
620 23
620 27
640 4
650 21
660 0
690 2
750 10
640 23
570 9
1330 21
630 10
740 30
580 7
620 24
720 26
660 17
660 29
629 9
611 4
649 3
1491 21
789 28
680 30
620 26
631 13
649 28
680 30
791 5
620 14
700 26
669 14
1380 26
671 19
700 26
629 0
691 9
600 13
669 2
700 5
650 8
660 2
1600 6
610 28
700 18
710 0
580 3
660 1
730 26
640 3
710 14
700 22
730 25
1510 13
690 19
680 15
640 20
600 0
590 5
650 3
690 12
720 9
660 10
640 30
1340 20
860 8
690 6
630 12
690 30
620 8
630 7
800 8
660 7
600 4
2840 9
600 9
710 20
720 15
680 13
700 2
600 9
680 19
660 22
700 29
590 29
3070 26
650 9
590 9
640 16
730 4
770 9
630 4
770 2
660 7
700 4
680 22
1420 0
580 10
620 2
600 26
700 4
670 27
680 31
620 22
680 7
720 29
1430 1
650 21
620 30
640 19
690 3
660 30
630 19
570 12
690 24
710 22
590 28
2240 19
690 12
530 20
620 13
620 24
620 0
770 15
720 18
690 20
640 19
689 3
1420 25
671 25
629 3
651 19
620 11
780 8
680 26
709 18
711 17
669 9
1500 13
591 23
800 2
760 20
740 0
660 26
640 10
680 27
760 29
720 17
680 1
1411 28
589 6
810 28
660 12
580 20
800 13
740 25
690 28
680 11
770 21
710 11
1620 0
710 22
750 3
700 25
630 22
630 14
630 7
720 5
640 26
730 13
1420 11
710 29
630 29
800 14
700 1
660 13
730 15
710 23
730 30
740 28
790 18
1440 14
690 14
630 26
670 27
590 10
640 3
720 5
620 17
620 25
760 27
610 31
1410 2
690 12
610 6
620 10
750 4
660 4
620 12
700 18
690 5
700 12
1900 4
730 19
690 12
690 20
610 6
640 7
690 29
690 31
680 23
810 29
730 22
1390 7
640 12
800 2
710 30
700 18
710 21
660 30
640 22
740 16
730 27
710 14
1320 30
680 7
740 15
580 11
720 25
640 27
600 7
640 16
620 5
690 4
1500 4
840 12
690 15
720 29
670 25
679 6
691 2
620 15
631 24
669 30
680 11
1511 29
669 1
720 0
671 14
780 17
740 26
709 19
680 0
700 16
671 9
720 12
1340 13
629 15
640 25
669 31
680 24
609 24
620 11
671 24
660 27
729 12
2010 30
690 21
600 30
800 31
750 1
680 28
670 17
610 26
690 15
700 17
690 31
1450 25
800 16
620 13
810 8
620 1
710 18
640 23
760 25
760 3
660 0
620 2
2610 10
610 12
650 28
670 24
670 9
720 4
800 11
640 0
800 16
640 30
1460 13
760 29
670 19
640 23
650 18
730 16
710 16
750 1
650 22
660 5
620 17
1420 26
670 10
570 7
560 30
670 16
610 17
770 6
770 10
670 31
730 19
580 25
1410 9
860 19
640 18
710 15
560 24
630 28
590 6
820 21
660 2
630 7
1410 30
700 22
710 10
730 21
700 10
640 9
680 31
680 3
650 2
750 5
620 26
1470 7
770 2
670 5
660 17
690 8
660 1
640 26
640 19
680 30
670 2
660 2
1489 11
871 22
609 9
651 5
640 17
749 17
651 10
680 29
711 8
649 0
2240 29
731 31
729 20
671 28
620 17
649 14
631 26
620 14
640 18
660 27
600 29
1420 15
589 7
820 20
611 20
729 12
660 1
810 15
790 7
740 26
640 7
640 28
1510 2
700 8
720 20
740 19
740 9
680 23
720 17
800 2
590 19
740 9
1440 10
610 24
850 10
790 22
760 3
620 28
730 16
630 3
650 29
680 20
830 26
3560 20
670 6
590 17
610 10
680 20
580 1
790 29
650 21
760 4
650 26
790 22
1520 17
750 19
660 23
800 0
700 21
650 18
710 8
730 22
800 16
740 19
2900 23
800 4
660 18
660 12
740 18
820 2
640 30
680 10
720 23
760 0
610 2
1480 21
660 31
830 18
720 22
650 31
670 6
770 7
630 17
800 26
690 8
730 31
2020 15
680 3
690 28
660 9
690 8
660 22
720 18
600 7
820 4
650 8
1349 5
660 13
700 16
829 20
929 7
989 2
900 16
851 8
911 17
760 21
840 10
1809 21
940 23
1031 14
840 12
720 19
629 27
820 28
700 16
689 16
760 16
751 28
1439 10
730 20
780 31
700 27
690 13
720 10
750 26
630 2
710 29
730 10
1580 6
710 16
730 10
730 9
800 27
720 2
770 5
840 19
760 29
970 22
850 23
1760 8
880 15
850 11
810 31
800 13
820 14
860 19
1070 2
850 17
770 11
740 27
1540 29
690 12
730 24
700 9
770 15
790 24
890 10
920 14
1030 9
920 15
1760 14
830 10
860 30
850 31
940 5
850 12
790 29
670 25
770 28
650 14
660 23
1940 23
710 1
730 2
640 10
750 25
770 10
700 17
670 2
700 29
680 7
690 1
1460 12
730 19
730 6
750 5
730 16
730 13
700 8
650 29
820 29
770 20
2380 20
710 15
710 8
690 29
670 25
669 10
691 16
680 26
751 24
740 7
640 27
1680 1
691 10
789 19
671 11
680 22
680 7
680 8
671 25
729 15
671 12
740 19
1369 23
700 2
740 20
720 30
760 7
620 30
760 10
690 23
690 29
840 1
1420 8
670 15
710 16
760 10
720 7
670 31
630 30
620 19
670 12
810 28
620 24
1480 27
660 29
770 31
610 2
740 16
770 0
690 9
630 24
670 18
710 0
720 3
2480 16
660 12
590 21
770 9
720 15
710 25
730 0
640 17
790 19
800 5
1400 6
730 7
730 24
720 3
700 6
790 21
570 13
830 10
810 0
650 12
700 23
1480 22
750 21
630 18
720 17
780 20
680 19
740 13
720 27
700 5
730 8
860 12
1390 17
690 27
790 25
690 9
750 17
720 11
710 22
740 28
800 27
760 12
1490 21
670 7
680 29
820 2
690 11
690 4
730 16
710 20
640 5
700 14
790 20
1570 14
760 30
650 23
640 26
690 2
670 30
610 8
759 15
791 28
809 15
740 10
4960 24
669 21
791 14
609 19
720 18
671 11
649 2
671 4
660 7
680 3
1529 26
851 3
640 17
720 13
820 6
640 18
660 6
660 16
640 24
780 31
650 11
2400 10
710 1
730 25
680 6
710 24
740 4
640 11
640 26
650 4
760 31
680 26
1620 30
610 9
740 30
730 11
700 8
740 28
660 27
760 12
640 14
790 0
1380 20
720 17
740 17
680 19
650 28
710 21
700 9
620 11
700 19
810 28
720 7
3050 9
660 8
870 4
680 28
750 15
760 12
760 0
640 0
810 7
760 3
650 23
1700 0
630 3
770 17
680 12
700 17
670 17
670 6
630 24
640 4
810 27
1500 3
760 11
680 13
740 27
660 25
680 9
650 24
700 14
610 30
610 24
680 23
1380 6
690 15
750 26
710 31
610 5
690 24
760 21
830 16
730 8
700 20
690 26
1510 15
700 4
690 21
700 3
700 24
609 24
711 9
689 18
711 19
760 4
3660 15
829 20
760 11
620 14
720 8
660 1
711 10
740 10
771 8
760 27
780 19
1389 28
700 8
731 9
689 24
760 29
789 8
610 30
700 15
750 13
670 30
670 1
1640 1
730 8
690 5
650 18
790 10
730 0
680 9
670 3
770 27
650 31
1470 7
670 9
650 2
640 23
790 12
690 27
670 9
690 5
680 9
700 25
720 0
1480 11
770 28
660 26
720 13
720 27
710 3
580 31
710 22
730 6
740 20
770 15
1920 1
800 3
760 25
780 22
720 11
820 17
690 13
660 29
670 14
620 21
1510 12
760 17
750 22
720 5
750 26
600 31
780 31
750 8
680 12
710 23
690 21
1540 0
680 0
660 5
710 29
740 12
750 20
660 23
810 26
750 1
800 1
770 27
1890 16
590 27
680 4
580 10
640 7
740 27
730 17
820 6
700 7
660 15
1430 5
670 20
740 17
700 2
799 3
660 1
860 15
760 9
831 30
620 7
740 26
1420 6
680 5
740 22
620 0
560 14
751 23
680 15
860 11
809 16
671 10
700 31
1680 4
660 22
689 0
711 13
700 0
740 12
631 7
649 4
740 1
740 27
1530 14
730 22
750 2
660 11
690 3
700 19
720 5
780 15
720 6
720 9
600 7
1470 25
690 10
750 18
670 0
710 0
860 25
750 22
740 26
690 24
710 25
660 4
1410 23
580 24
760 11
700 18
680 25
630 2
680 2
720 15
740 28
660 10
2750 12
680 0
780 12
800 9
770 27
660 26
670 1
700 13
670 29
690 15
800 11
1610 5
630 1
690 5
720 19
740 21
760 7
710 16
670 26
610 13
670 24
700 12
1450 8
620 16
760 22
720 1
640 7
690 16
640 19
680 21
660 30
690 18
1380 23
820 20
750 0
660 23
700 5
700 0
740 27
710 3
850 0
850 20
700 9
2000 15
710 0
810 23
820 25
780 9
730 9
650 21
740 29
700 26
811 30
10889 16
1609 6
700 1
640 31
760 22
680 30
769 16
731 16
680 5
719 4
680 25
1390 26
810 10
700 29
660 14
670 2
680 14
620 6
710 26
800 4
660 2
690 0
1450 29
710 27
690 8
740 27
790 9
720 23
660 0
680 3
720 7
680 15
670 2
1960 14
770 13
710 15
740 4
690 31
740 10
730 3
800 4
690 20
700 21
1490 19
720 7
680 14
660 31
660 21
700 25
690 26
840 3
650 23
750 20
710 12
3680 5
670 2
770 22
700 27
760 10
600 6
700 0
710 9
680 2
720 1
620 2
1380 7
730 10
740 6
650 1
840 19
700 27
670 16
640 24
800 9
650 13
1570 14
640 4
790 29
730 15
850 28
670 28
740 16
700 2
710 1
710 3
680 10
1340 26
680 24
740 25
730 17
640 24
630 22
760 13
600 17
640 10
669 17
680 4
1400 10
660 16
651 3
700 16
760 2
669 5
840 10
631 31
720 10
749 25
1871 6
629 27
711 28
760 0
809 31
651 9
669 1
791 26
649 14
660 17
660 23
1480 24
600 20
650 3
780 6
710 26
660 11
720 22
710 3
680 14
720 5
600 9
2050 30
770 17
640 11
710 2
730 19
610 27
730 30
630 20
680 18
680 0
3030 21
710 21
700 22
670 24
750 11
670 17
830 0
720 3
720 18
650 29
650 18
1480 27
800 15
780 28
760 21
700 6
680 2
690 28
640 14
730 2
760 2
610 22
1540 6
700 21
700 24
700 14
680 10
810 10
730 28
690 24
720 9
770 11
1490 20
780 4
780 11
680 15
650 15
750 25
690 7
700 18
710 25
610 24
710 27
1440 15
770 2
810 28
720 9
850 9
800 20
620 6
800 15
650 31
760 2
760 1
1960 27
700 1
650 27
790 25
650 12
780 19
650 12
789 7
740 22
751 9
1469 7
831 15
760 26
669 8
711 10
749 30
640 2
651 10
789 22
800 28
689 19
1480 23
720 28
729 17
800 16
729 18
851 5
651 9
680 30
680 11
729 2
700 18
1420 13
680 7
760 23
840 31
600 4
740 26
630 2
730 1
680 31
640 22
1680 7
750 27
690 20
800 30
800 21
700 23
640 22
640 22
650 23
780 27
730 22
2290 1
690 0
810 2
710 12
780 30
740 17
760 26
760 13
730 30
760 28
650 4
1470 20
770 18
700 16
740 5
710 25
820 5
620 20
730 14
700 20
790 14
1580 4
710 13
710 17
760 0
750 26
760 17
670 24
710 18
780 12
780 4
700 5
3260 26
620 17
720 5
730 4
770 21
750 8
750 28
760 13
790 29
700 31
670 0
1490 30
760 26
690 13
690 18
730 9
660 7
710 10
670 27
730 16
620 21
1490 7
620 22
710 15
670 23
780 3
760 4
670 17
720 4
669 16
680 27
651 31
1411 3
820 18
769 21
680 25
680 18
660 27
691 10
880 0
680 1
671 26
800 13
1409 25
680 31
671 6
689 21
620 4
751 24
760 3
620 14
671 20
740 9
1409 19
700 20
630 6
720 9
760 20
820 2
710 8
660 19
750 23
710 7
710 31
1610 3
760 0
750 16
710 0
630 6
760 16
620 19
640 26
780 4
770 24
650 24
1950 5
820 31
700 11
660 8
680 27
640 14
770 18
750 15
790 30
670 21
3490 10
750 4
720 28
750 11
800 16
720 25
750 9
720 29
810 17
740 19
780 4
1870 0
750 15
690 28
720 15
650 21
810 17
670 21
670 7
590 0
620 21
690 3
1420 29
840 13
750 17
690 4
750 5
830 30
600 31
680 19
640 2
810 15
1700 6
620 22
700 27
650 4
690 4
670 2
720 28
750 21
670 19
670 29
630 31
1510 27
680 14
820 11
730 21
680 15
740 23
679 24
691 13
740 19
829 7
740 29
2040 28
640 29
629 28
771 7
780 22
769 16
669 19
731 18
620 25
760 1
1480 25
729 14
740 16
651 0
740 19
611 24
740 29
760 13
720 20
709 27
840 4
1930 8
690 18
680 21
730 18
780 13
730 31
730 26
710 9
720 10
760 10
670 27
1520 15
710 1
740 29
830 20
720 2
620 9
760 23
730 19
770 27
640 21
1370 3
720 4
760 25
680 7
690 11
670 6
770 20
730 6
760 2
680 13
760 2
1560 13
700 25
640 20
730 9
740 10
720 14
850 17
700 10
800 6
740 4
760 20
1420 23
730 25
630 22
670 6
680 10
710 25
760 14
770 16
830 21
720 1
3030 21
760 1
910 11
590 23
730 21
700 18
740 27
790 8
730 2
770 8
720 9
1460 14
830 27
670 25
700 17
750 6
790 23
740 20
650 28
750 23
700 18
800 11
1620 22
860 3
650 3
680 22
730 29
609 0
751 27
669 3
680 2
760 20
1700 24
740 6
820 27
660 19
791 30
749 14
680 24
620 19
691 15
760 0
651 28
1480 5
680 27
691 10
720 1
751 4
780 30
800 9
800 2
759 31
740 3
740 21
1470 27
680 16
750 5
780 12
880 18
760 30
680 25
720 21
690 24
780 30
1730 26
690 18
830 21
730 10
740 11
800 1
740 26
840 3
720 5
670 1
740 28
1970 31
680 15
780 19
730 15
750 13
740 2
680 1
810 23
750 2
770 11
740 3
1470 1
700 7
650 16
720 8
740 15
710 22
670 10
680 23
670 21
830 3
1470 17
990 16
990 7
910 8
950 8
990 23
920 31
770 24
850 27
940 11
830 14
2200 30
660 24
630 10
810 3
660 24
940 18
760 1
780 22
950 14
840 8
1000 14
1960 13
880 7
990 30
980 30
920 1
920 30
810 18
830 6
699 7
700 7
1520 10
840 14
791 20
691 5
720 27
700 27
769 0
620 24
731 21
760 11
700 22
1429 0
691 0
680 23
760 0
729 27
651 31
789 23
580 24
791 19
780 30
720 30
1490 15
690 4
720 3
650 14
620 20
660 16
740 14
670 23
710 21
690 3
1500 3
770 25
630 25
840 26
750 3
740 4
640 5
700 9
700 4
710 14
820 3
1360 9
690 2
650 24
750 4
660 1
790 2
760 8
710 25
780 21
620 17
770 8
1430 26
830 31
780 30
710 30
770 30
760 1
730 31
750 21
610 14
690 30
3380 1
620 17
730 14
790 28
750 0
820 31
780 6
730 2
670 31
690 25
760 8
1480 12
560 24
810 3
810 5
720 3
680 22
690 28
820 29
740 26
680 23
710 12
1980 20
790 10
670 3
720 25
660 3
740 19
680 16
820 10
760 14
720 22
1540 22
730 8
770 26
730 30
650 26
700 21
810 4
720 27
740 9
660 27
700 15
1611 6
780 25
720 0
689 14
740 31
731 7
689 5
800 15
660 0
780 17
720 21
1569 19
720 31
720 10
671 22
749 24
800 20
660 3
689 19
680 23
740 21
1540 18
730 19
800 3
760 8
690 17
700 17
640 21
770 4
760 28
750 17
660 15
1630 29
700 21
710 27
710 10
770 27
790 16
800 29
750 30
710 28
780 17
670 27
1650 2
720 25
740 26
740 12
820 31
690 3
720 8
770 4
860 10
680 25
1390 15
730 1
650 4
640 23
700 15
570 6
650 29
660 23
740 5
760 12
790 13
1400 9
700 22
730 30
840 4
760 16
690 20
750 19
750 29
800 26
600 5
780 19
1670 29
700 22
800 12
690 11
770 17
750 27
810 11
710 22
750 1
780 27
1760 11
730 16
840 27
670 4
790 15
670 26
650 7
640 17
820 8
660 27
700 0
1440 26
700 18
610 30
720 5
640 19
760 11
680 24
800 15
810 26
740 18
720 5
1480 28
720 9
649 30
651 18
709 30
651 8
680 5
711 15
860 28
700 22
2980 9
751 24
789 22
700 2
751 21
829 16
771 3
680 1
669 0
791 26
700 18
2550 6
770 28
780 0
830 1
690 27
670 11
720 10
700 16
690 17
790 10
700 30
1530 28
670 26
740 29
780 18
890 29
710 6
720 27
790 12
700 2
800 19
1520 17
770 23
720 24
710 29
690 18
840 28
780 8
700 25
770 8
800 31
690 15
1680 8
710 4
690 3
750 5
760 21
850 13
720 0
710 26
790 30
750 29
870 16
1600 20
650 17
700 16
690 31
770 25
740 18
720 20
720 28
740 21
680 26
1560 1
780 23
640 9
770 13
720 23
820 3
750 5
800 14
780 13
680 17
650 25
1640 3
690 28
680 6
690 12
680 22
800 5
750 13
690 22
760 14
650 23
810 12
2550 1
600 18
850 8
600 22
760 6
750 19
709 5
691 26
700 14
791 11
1569 0
691 29
740 9
751 17
789 18
671 15
680 29
900 26
700 3
791 28
760 8
1420 26
651 1
760 16
749 2
711 7
789 12
651 8
809 10
791 1
719 31
680 19
1420 1
710 18
780 30
710 2
660 3
830 21
790 10
770 24
770 19
650 27
1600 3
730 23
640 24
730 12
820 30
700 15
760 5
760 15
830 11
680 3
700 27
1550 1
730 10
740 7
730 8
750 14
750 23
650 17
620 24
670 14
850 14
760 23
1970 5
800 25
760 29
680 21
740 17
720 14
720 7
750 22
740 3
750 5
3110 7
820 11
760 4
660 19
750 28
790 21
700 11
760 8
620 24
710 30
730 31
2060 6
800 11
660 28
730 5
680 11
740 18
820 10
860 11
770 10
770 23
740 1
1390 24
740 28
690 26
790 4
690 14
710 27
720 11
720 13
740 3
690 9
1310 24
760 4
740 7
810 18
799 19
791 8
671 27
740 27
749 11
709 31
791 10
1509 30
740 8
751 30
709 30
791 11
709 27
771 2
700 20
629 17
720 3
620 24
1469 16
691 31
729 12
671 29
749 11
771 9
769 28
700 2
710 31
840 22
1480 10
770 18
740 29
690 22
720 14
760 25
760 19
740 0
740 5
700 1
670 21
1680 28
850 1
680 27
760 15
740 10
720 19
680 30
680 22
700 26
770 15
690 11
1560 25
780 3
780 17
740 21
790 13
810 7
800 0
780 8
810 27
700 26
1750 28
730 26
710 10
640 22
710 29
750 26
740 22
760 2
740 14
920 22
750 0
1490 4
740 29
750 3
710 8
700 26
770 29
700 6
760 21
750 31
660 24
780 26
1510 22
730 31
730 3
760 5
860 13
710 4
850 10
810 1
730 0
730 16
2260 14
770 11
770 27
940 19
730 11
720 25
660 16
710 9
690 30
9099 3
791 4
1560 17
729 1
689 0
691 27
829 28
811 11
729 19
891 6
720 10
651 17
809 14
1409 29
760 10
760 1
680 10
680 25
631 15
729 11
740 17
710 3
670 2
1680 20
790 3
700 19
620 28
750 13
610 5
670 20
670 25
660 20
690 0
680 31
1700 24
730 22
660 23
760 31
800 29
760 9
670 25
620 24
800 25
820 13
720 10
1480 19
750 30
730 13
780 27
720 14
800 27
720 11
700 15
740 17
750 30
3070 11
880 4
750 6
690 24
790 13
800 12
780 23
740 15
700 2
740 15
740 2
1490 15
810 19
730 25
730 14
840 29
680 13
790 9
680 8
790 21
770 28
740 15
1610 18
780 30
790 19
720 10
720 3
760 28
760 7
740 8
760 29
810 2
1560 16
700 31
700 5
730 1
720 30
700 0
660 24
760 0
600 24
730 10
670 3
1440 3
670 15
710 29
769 27
840 10
760 18
771 11
680 12
740 8
769 11
691 16
1809 2
760 10
700 28
700 10
671 8
729 6
731 11
780 21
780 3
669 20
2720 10
849 30
820 16
840 3
640 20
680 12
790 9
680 13
640 25
680 13
770 16
1490 1
660 6
850 13
790 17
630 15
590 24
660 24
730 3
830 5
750 22
830 13
2060 0
820 7
780 2
810 31
720 7
820 22
780 25
720 17
760 22
710 26
1590 11
740 0
680 19
760 19
840 31
880 0
740 27
810 0
720 22
780 28
860 22
1480 30
700 15
720 18
740 22
720 8
750 22
670 1
790 8
660 25
640 14
630 10
1550 25
730 9
830 23
790 25
830 12
750 24
730 29
710 22
710 3
880 23
3660 15
720 21
670 18
810 18
790 27
690 3
760 18
760 17
640 0
680 30
690 4
1570 6
690 5
690 22
700 1
710 31
830 21
700 9
760 31
710 4
829 11
720 24
1660 19
640 12
731 31
660 5
840 30
720 2
860 9
740 10
769 25
760 18
1440 14
631 19
780 30
820 22
689 14
769 12
700 3
720 9
711 27
769 9
751 24
1460 16
820 8
740 7
780 21
700 3
840 3
670 17
750 23
640 24
670 15
700 16
1580 27
720 4
790 4
670 21
660 21
690 29
680 0
670 25
730 27
730 0
1470 8
690 11
790 25
760 28
750 12
810 3
850 0
730 5
720 30
720 27
700 26
1570 16
850 23
710 1
660 11
790 2
680 3
670 11
710 28
730 15
680 6
890 12
1520 9
770 6
710 4
650 29
780 12
740 5
760 2
670 31
770 21
630 28
1530 5
810 16
660 11
700 22
720 17
700 3
710 3
660 4
730 11
650 27
730 12
2470 1
870 12
800 19
680 15
700 27
750 1
760 19
730 22
690 19
770 7
760 10
1510 14
740 11
710 10
680 14
750 26
830 12
770 19
750 15
680 17
819 31
1580 5
780 12
671 6
829 14
780 27
769 0
720 24
680 3
791 16
720 11
689 28
1551 31
860 2
731 14
780 25
709 16
711 15
840 27
780 29
820 17
811 29
760 19
1649 28
760 9
840 17
780 22
700 22
800 12
680 23
690 1
770 1
830 1
1590 16
700 18
790 5
710 29
680 6
740 19
830 6
690 17
760 11
780 0
620 16
1440 18
720 14
730 28
660 24
650 24
780 19
800 6
840 2
750 18
730 29
770 11
1480 15
820 10
790 2
880 30
840 16
590 24
740 22
720 2
820 26
810 9
2040 25
800 8
770 11
840 4
720 3
750 1
710 25
690 22
830 22
760 29
780 15
1390 12
710 27
610 30
750 5
700 3
710 9
670 14
660 22
780 29
670 5
720 23
1530 17
730 17
680 15
790 14
730 31
790 17
750 8
720 19
830 7
780 18
3110 3
780 7
870 20
720 2
820 28
770 1
680 11
809 22
740 18
780 29
831 14
1580 25
700 1
789 16
731 12
789 3
771 18
