440386 25
81099 21
6480 25
149475894 6
39998740 20
8660 13
9370 1
19974900 29
50017549 3
19988660 27
20000290 27
39997309 15
14310 7
6560 29
9993000 10
9320 20
19973510 2
59994169 13
20009680 1
2390 28
59994269 16
59994489 3
20006680 29
1820 28
10430 17
19986250 0
39997930 29
160000387 21
20024230 31
7510 16
1020 28
58960581 5
71005138 18
20005830 7
9179 14
12660 14
19966390 25
20005259 12
830 28
110002729 5
19993120 23
78996370 14
11149 8
61003549 1
19985770 23
2989 28
19098499 14
10420 4
896870 11
15180 13
19986210 6
129986629 4
20002209 19
79995710 14
9008871 23
88988200 29
7180 5
92006957 13
10000860 12
19989300 17
12089 17
6009 19
19988511 16
100014938 0
8510 31
8970531 23
10996569 1
109996369 24
100013918 10
9519 11
7370 11
7250 11
99955989 20
80017459 10
7999122 7
6780 14
171980076 8
40000070 11
47219 27
19961411 23
919 28
19992850 7
19999760 29
49993240 21
9139 16
11980 7
19975820 20
40004690 6
8033331 4
71965468 13
89995479 31
18509 17
139989869 7
89996479 18
87995361 24
82005297 30
39994050 11
9008111 31
11150 4
10986029 10
19996180 16
14560 2
69986979 25
22250 5
8500 8
14609 10
19967850 21
12299 8
6791 21
7751 29
949 28
8956611 3
10998059 9
18079 10
12420 0
19963001 24
20006950 3
27990942 3
42009097 31
8470 26
99990439 22
9230 14
78982740 1
14580 1
70989688 12
16020 26
19985780 12
49998650 6
39998260 2
60000709 5
11550 7
19988950 6
19998780 6
19994649 30
8008592 8
41989148 0
10030 11
19995489 13
12189 12
109984858 31
8008042 18
51999128 27
19998879 17
8620 27
8780 4
39975820 14
9130 23
139984088 21
19999760 24
39999769 0
9031860 3
7800 8
30967109 1
19997520 20
10620 15
59990319 19
48003331 27
9179 20
29981240 18
2018318 19
19984630 16
13070 29
8559 3
19973441 17
20003649 24
10150 6
39991420 2
1400 28
19993790 9
8007352 21
111997897 12
19993240 19
99991939 11
20002059 29
14819 10
79985759 19
8005522 21
1005349 25
10987349 10
40001790 24
170001558 16
20000960 24
13069 25
69985400 18
2720 28
19988431 19
820 28
15419 22
14750 7
12660 13
10990 16
59951360 21
8840 30
11429 3
39974529 6
40005330 23
19998429 29
18995881 16
9200 8
2170 28
91010408 23
18975141 11
20006230 5
1005719 16
9930 6
19978781 9
45950 4
11540 20
1600 28
39942650 29
19998150 3
19999149 29
80013018 8
19982620 12
18000812 3
72002577 31
20000600 1
39993009 12
90003299 29
39995780 5
40003609 9
38998551 12
1024629 24
10980 23
9760 23
39951260 16
110001369 22
40007469 6
50004549 30
22640 30
39970179 0
9809 1
12580 18
14130 14
39954950 27
12610 25
59991679 4
19992320 3
40006100 19
20007229 1
149988449 13
90001959 16
40008670 20
12270 25
19978960 23
12990 27
139998888 11
39988219 27
17060 23
59981830 6
9920 7
7971 26
19609 29
10410 7
7800 1
8490 10
19935230 0
10005670 26
9250 29
29978100 25
89002830 31
30995539 23
14079 6
8570 10
8710 10
6700 10
49962030 3
39998039 12
20005840 1
15020 4
19977370 30
248000969 3
10380 16
11996848 11
19740 2
8859 16
49968160 23
11480 8
8660 2
48983461 20
21001128 14
19990350 1
10100 6
1670 28
39992670 1
89992229 16
90007629 22
40011270 4
19979300 17
70003629 22
19996869 23
4700 28
99995228 23
89996039 18
20003260 8
77992891 13
2080 28
61998657 25
49070 31
59969739 12
29979320 3
20016130 23
39991649 19
49998019 0
19993560 26
20005289 26
19520 6
119990929 11
129985118 14
50006749 12
12129 6
9660 15
19972380 26
80003448 27
19998610 10
19993290 18
11300 23
8300 2
19984610 27
9730 0
38986160 30
9910 3
38991111 6
2580 28
101999717 31
20000180 12
12700 17
9970 13
6630 12
9160 20
39953100 26
60007329 9
11070 19
19986680 31
9919 19
19994380 24
9480 11
19991550 5
118989260 13
121005547 0
129991259 11
130006018 9
30530 14
19971710 18
19997269 7
900 28
48992890 29
9530 4
21002209 15
9280 2
9700 25
149968478 23
17310 26
19984579 29
19997929 23
58005310 7
31997247 18
9005361 26
80992468 29
8750 23
998639 22
18993991 3
169993968 23
2310 28
9003941 12
8020 23
30984528 24
11570 22
10310 16
8450 16
19974040 29
39995200 31
20011979 26
79991869 4
40009170 9
19984820 14
20005579 12
47991901 26
42050067 10
99954479 4
16380 13
12230 21
9008790 11
14360 0
10946060 19
40003009 4
118995890 26
10360 11
12280 11
20976169 14
1020 28
41280 7
59958370 6
30002290 1
18998151 14
13960 25
6990 22
30984749 7
119992478 25
16320 0
7250 23
89975509 10
29004501 11
10987039 9
19003910 11
9480 0
12680 18
981129 10
13080 8
29982170 26
8190 12
11890 12
9380 14
129979818 6
58986390 12
21026008 2
39986720 15
79983309 7
13450 8
119994308 5
19994769 14
14010 12
99987279 13
139995138 23
20001309 27
10810 0
18990711 4
1015879 12
7830 6
19969030 11
20021559 26
8870 23
10430 20
6130 23
19949510 17
12100 29
4330 29
19994900 0
10190 21
59990359 12
139987638 3
38998150 1
1017439 0
219984487 21
9450 9
19990490 6
39999049 5
10200 27
57983782 5
62018157 8
13690 22
149976238 7
19994080 9
20003359 0
9829 20
17320 6
59976380 9
7380 4
9829 9
9969 20
18962102 23
1003929 13
119999188 4
10490 30
10030 5
17978192 10
89997039 25
31999397 20
1730 28
36370 17
99956739 19
23960 17
8710 31
19972760 21
19992820 29
69999559 22
20004019 8
39998540 20
90003609 0
39998009 12
49002970 12
8430 27
10986968 14
2111 28
39992269 12
20006440 7
9930 2
6120 30
39982900 24
40008549 30
13610 15
69973249 29
10670 16
87985211 20
11750 24
2009368 21
19984469 23
19997909 0
9630 26
8991431 14
10999499 23
19998990 8
1008879 13
3040 28
38986100 25
80995819 23
9920 30
11620 18
7999532 11
7950 13
980339 15
17986792 18
92016927 25
59987469 24
20002190 24
19995279 30
70002869 29
8003112 9
52000917 29
8470 26
10040 0
8981201 5
11989798 16
58999090 26
20005730 16
89999229 4
10609 14
39985859 7
11220 6
8994391 7
90989128 10
19999980 16
12629 3
240987806 19
19004591 15
27997452 24
9530 9
6400 6
7070 9
19983620 27
12011968 21
12199 13
19969140 20
8001352 11
31014039 3
39987949 30
10996239 0
90000289 27
6660 11
19200 25
6790 25
7880 14
79959769 20
19999090 11
8740 6
78983990 30
91006158 8
9250 23
27982401 10
9890 8
2000028 2
8260 24
19988570 10
1590 28
40010829 31
8090 1
39973360 23
18995661 22
6240 29
7240 0
30991708 15
39992809 19
20012950 18
148987999 17
31004828 17
19995149 29
7050 0
8590 8
39991380 26
27987722 31
5150 30
2007418 15
1002599 22
8320 1
18981061 26
179993608 9
30003540 11
39999339 16
7790 3
20007729 9
47983212 18
2003928 16
7470 4
79988989 19
20009720 8
7730 31
6810 14
7993032 8
161985266 11
19997830 25
20001909 25
27990422 17
82001627 16
20002400 2
28000971 6
10160 14
51992608 4
199991228 2
9730 1
19998530 6
10180 13
19086719 30
901320 8
20001240 22
7510 23
19987420 11
100002949 25
19998220 16
69998458 23
129998439 6
8210 24
39988939 27
120004068 20
19997210 21
50001069 31
10995879 10
9001091 2
7620 31
109986808 15
40005489 4
11590 8
69991149 5
20005590 30
9839 15
19976600 8
110003309 9
19993720 3
890 28
48011111 1
6820 19
22007088 13
8993601 16
6420 31
18990520 22
820 28
51984208 8
40002690 14
1689 28
19995089 11
6900 20
7670 1
9020 29
5410 27
79969299 6
5170 29
20007080 25
7200 10
8983141 3
30999859 13
7539 23
20009250 7
19980630 10
19996410 17
28018801 3
9010 27
11970818 16
8040 24
39993720 6
21949 25
19977829 5
110000259 10
120003778 20
19991029 17
20002000 1
220001797 0
5620 29
8070 18
900 28
8960 19
18969451 23
21002409 4
20001030 26
6560 31
6189 29
39990320 2
9280 24
39991819 19
12570 25
59989100 6
119988418 25
6070 24
199996398 9
12470 1
7770 15
8970 22
37960682 10
2018958 15
4980 1
8310 5
8987561 31
10985139 0
19992250 19
27089 6
8720 1
9580 11
19959571 13
20005050 4
27988012 9
22005347 22
19999989 21
8001902 5
11999258 18
79993199 30
140006398 10
19995820 3
16999593 20
23002097 27
19992289 12
40001850 6
19003290 4
21002029 12
19996640 18
39998359 11
20000960 11
119004250 2
7900 30
20984248 20
80000259 4
28006742 19
71993817 29
6320 3
17991032 17
82997706 7
39006120 12
98997890 31
10860 5
40988018 10
17689 13
77979132 12
11209 11
1988987 7
15030 5
19981700 20
20007870 20
9240 14
40003109 4
49979590 14
40005319 16
60001510 7
11629 14
870 28
8230 6
19971990 13
78996600 19
8410 19
118991730 31
2004968 23
9000830 18
6280 29
50997208 13
19991570 31
11849 30
19989291 10
60000490 12
58995680 19
50999358 31
40006600 18
10550 10
9940 8
8689 8
27961383 20
62003157 26
79995400 11
25520 26
39978419 0
5040 30
19370 31
38970591 26
10840 26
11026989 12
8180 14
19956840 18
9110 4
39995080 3
47989651 22
1054119 15
10451 29
10859 2
10080 29
40916759 1
20003449 20
8999681 12
31008879 26
19989960 31
20004289 16
17080 30
80001469 21
9975090 14
19998860 0
19992210 1
13480 29
109987938 1
39998150 6
13099 4
2451 28
6520 25
39987149 19
14620 4
9350 21
19964110 14
20002960 31
12150 3
19989480 30
7998232 31
7870 3
11991968 29
237994869 18
2015718 9
10130 0
79980769 18
69009580 14
8660 0
10972909 30
14220 7
19987360 25
50008949 12
7340 11
59987189 13
50006050 24
960 28
19991230 4
7029 24
59993830 26
79996199 18
58995660 3
1019019 24
9993520 3
9001040 22
8369 22
10980259 20
20001319 27
19998620 4
50013449 2
14380 2
9220 8
8550 18
7310 21
39940620 9
7800 21
59996929 15
39993780 3
20002699 8
39997580 15
13040 20
6150 18
19990959 15
39991910 31
20005260 24
9780 26
157979120 20
2009598 25
59996869 18
19996050 25
29000110 5
29013421 23
161990326 14
38993110 10
1840 28
51028129 30
19979470 19
89994379 3
8730 25
19995370 2
9240 5
39979889 12
7769 29
19994170 6
150001578 20
67996582 12
42003447 0
79992449 8
880 28
7770 1
5780 1
18669 16
19974820 17
19997060 3
58996580 27
91002698 14
50027478 11
28977041 10
1800 28
30991119 4
8230 25
59991229 2
20670 3
10300 0
19967830 6
15410 4
19984830 15
20000140 9
18995400 9
31002339 0
15840 17
19980171 13
60005540 12
16479 19
19976911 8
20005629 3
6890 1
59988770 14
80002379 9
20015390 4
19980020 13
100002859 2
9489 23
27984662 2
2010198 1
19991880 18
30430 5
19968420 12
19999890 1
17180 3
19987340 8
11930 31
39987460 12
8500 3
98992599 6
7060 4
994239 1
30000860 29
9590 2
19986080 11
39996399 17
50000880 13
39991059 7
60008039 10
19999890 19
6730 5
39997540 17
38983220 9
1007719 16
6200 25
10260 16
29991820 12
19986329 22
940 28
177996460 27
31998198 14
24049 13
59982470 29
20004689 13
39994370 16
9590 9
7100 13
8390 15
5670 27
6580 1
4309 29
10780 13
19938081 8
850 28
29007560 26
10992459 5
10890 13
18988761 5
8050 30
8090 29
10993029 25
20007729 8
10269 0
2280 28
4660 30
139962369 1
20018239 25
49983090 2
10330 11
19992790 15
6320 21
8151 5
9729 7
19998480 22
79976259 8
8870 5
169982658 3
50017269 5
40015260 9
39970639 31
100002058 12
8720 12
950 28
38986281 31
91000647 17
50001210 5
20002819 14
229992748 21
11390 16
39985529 20
9930 12
49999259 17
19998050 3
19997860 9
19997500 3
37999361 17
22002738 6
129998038 5
59992890 30
15290 3
6300 18
149984738 27
40002440 15
109995378 30
20000159 22
80009829 6
8640 14
7560 12
69977769 18
39994640 26
9150 0
989869 20
18997730 1
7780 17
39998820 25
10160 20
8030 20
49982469 12
20001370 26
19987410 31
28007421 25
31993388 16
5920 26
8540 1
19980890 21
70008649 5
14650 20
19983719 13
8929 5
7979 16
1470 28
1130 28
359980646 21
15210 6
17975192 27
2005377 16
19999379 4
8996251 25
10996799 26
40004969 5
19998290 13
50001360 4
8179 31
7389 11
19984439 3
20003000 13
8790 7
28985251 23
7299 8
5811 8
7091 22
20988129 29
19991940 24
9640 16
6450 5
28980281 8
51002608 26
11080 18
79988189 7
6710 26
38988191 7
1015238 23
12470 20
9981550 27
60992649 10
19002550 14
27990602 12
62001247 20
60007739 9
7430 12
19987580 31
6690 29
19996430 20
19995480 22
19994350 24
5660 7
7997952 30
5590 4
6490 19
10992339 12
5650 21
31003839 27
13870 27
59966170 24
9025001 14
7869 4
8420 17
80966079 19
8099 6
19983640 3
20004649 29
60003590 21
19991629 0
170002328 21
12310 11
119994998 20
12080 19
19979990 17
20005110 18
47989791 2
7730 15
102003687 0
19997120 24
6991 20
10959 21
4370 31
19968900 1
5699 31
11470 30
23300 16
19958980 12
11060 25
19997610 31
19989590 19
11960 10
18984051 18
1007719 26
8700 13
9992260 1
19995950 9
19999910 22
40001789 17
27993182 5
82004207 3
19996210 21
19995910 20
80028539 15
169973488 3
67996881 19
2011248 14
119988779 26
50006549 1
69998659 15
160000438 25
8997670 18
60999179 26
107994170 16
889 28
7970 9
8780 7
1998068 30
79993499 23
138988919 27
1016498 5
13640 27
9986400 16
8480 6
27980472 12
12000938 22
19998459 5
15309 30
19982610 23
30005560 26
39996759 18
9040 2
7470 12
39988620 0
1130 28
27992361 9
11992998 25
40003940 14
58994090 23
1008339 24
49991349 6
20004020 4
49993919 19
10006639 18
20000630 23
59994129 11
40002650 24
7260 0
19986109 29
20007340 17
147990880 14
2011358 19
6530 12
6910 18
40024939 23
7350 18
5780 26
870 28
19943270 7
19998080 27
79993029 9
40011729 20
8250 0
49987010 24
87986981 12
42012657 0
6350 24
39990209 21
39998619 26
39991570 10
23299 9
19980340 26
7550 27
9350 25
6040 13
8720 27
6850 5
79955279 30
60023479 10
5760 31
8210 19
6130 1
6610 16
19956400 24
20003250 5
39995979 25
89990559 30
80005769 14
40001969 30
19996250 24
70002749 24
7998672 1
9570 13
71989247 25
4630 29
19993730 11
20005270 11
19996689 18
19993009 19
20011520 22
8430 13
98982680 14
41016828 31
59996589 14
7080 15
139978499 26
19996909 30
20003040 25
20002099 9
7309 14
139989579 16
9810 25
179987567 4
10809 3
179991668 6
11850 23
6230 5
39981430 11
19996899 11
10000730 19
60004349 7
59992830 10
20006220 13
1590 28
19993570 12
110001849 21
880 28
24140 21
39972730 13
30007260 30
18988111 22
101036816 2
17960362 29
32023197 14
5850 14
169972378 30
20002110 17
29994310 3
40003189 21
20001800 21
10429 25
49996170 2
8780 4
11010 13
99967099 31
130002088 10
60002989 19
48996150 21
9390 27
5460 21
988849 14
6360 9
79993229 16
70000589 8
70006789 27
1710 28
30000320 7
39988330 16
79991048 4
20769 21
9030 27
39975560 23
49994599 19
14170 6
7010 23
19984280 13
99999319 17
80001068 12
39997780 1
59997689 9
7320 18
7530 14
8500 23
49974030 2
19997540 2
20005160 26
11970 15
840 28
19987320 9
9995570 16
7719 16
29987839 29
8160 27
169997488 30
20011299 24
19990589 9
10240 25
99000570 2
9990 2
80976148 11
19993120 16
18001662 11
11997519 18
60002488 8
1880 28
20000080 30
12650 5
9987000 0
8620 12
9530 7
18976831 13
9100 5
993159 1
11830 0
39985489 10
9500 1
129992488 6
9006330 31
7810 9
10983129 3
10520 15
30007840 14
7740 1
19983889 8
40001510 7
40006949 10
37974372 30
7340 12
10250 11
8570 8
5180 9
11976218 2
1480 28
9450 29
79996169 2
6670 5
39974439 22
60011899 13
59994570 30
20001999 27
109994439 18
8010 24
8410 1
19979390 0
9009620 22
1471 28
9990619 9
10639 31
19987210 23
11110 15
1000579 16
8730 16
19983470 10
97993160 22
52002187 25
10020 16
6330 1
10870 16
19983740 21
6670 24
19980580 23
110003959 21
11279 12
9151 5
5720 31
109964449 3
20009559 13
30001319 0
19992291 21
20000070 20
7280 14
10680 1
59982179 31
39992950 31
90003748 17
20005889 15
6370 25
8540 25
39995130 6
119985538 12
880 28
19994920 23
8003862 16
11991788 12
9190 8
6269 8
10131 0
169979718 20
18993961 29
101003238 5
14720 3
37983061 18
32000258 19
220000347 13
40004369 10
20003450 8
9760 15
128981429 24
8500 12
997949 17
6790 20
19993820 14
6230 14
109984729 19
19995610 9
20000080 26
20007830 7
109991718 18
80006779 13
6560 0
59993129 24
6580 12
6870 2
10010 16
9690 0
99963069 30
160001118 3
7250 3
7959 13
7371 2
8020 19
8880 1
7490 13
67941982 15
10330 11
9180 5
21999248 7
6290 24
39980160 5
39999880 5
10669 30
18980711 23
1009639 5
30001120 29
6370 20
19980830 30
25119 14
7790 29
6280 20
19963530 25
50005979 11
11229 13
49982660 15
6990 13
109990149 11
20006369 25
19996530 5
17993442 5
2017237 22
99984039 26
60003119 5
19993619 7
69998799 31
18020 0
159985988 10
50005339 21
6320 9
39991000 5
57991291 23
10790 8
6640 17
7370 29
8810 25
5930 13
6409 12
6551 20
1960908 10
129999458 7
7780 30
9620 16
19973820 21
87992091 27
82004607 20
6770 12
12649 3
69983469 19
19991899 3
9320 15
40004880 5
6610 5
27976252 30
9610 4
2005587 6
79988090 12
12229 24
19992160 21
900 28
11470 14
4530 30
9960 14
5570 29
99960969 17
9004371 2
40993748 20
89998479 1
9270 13
10002090 30
19985989 14
60002129 30
40004619 10
60000619 3
17991702 11
12007508 5
7530 6
19990839 2
18071 18
6459 6
19975280 15
6700 18
8210 22
6440 29
7971562 16
132015966 19
99998419 24
8960 26
19976580 17
140003928 5
19999050 25
20001529 23
6890 27
39987240 18
30000010 4
929 28
19997720 9
19998060 31
59000680 21
6680 13
997609 2
13880 17
8830 16
39973540 4
20007799 26
7992272 22
7290 8
7510 22
5890 22
9160 10
61967487 17
40017410 9
1480 28
129987769 11
10930 16
7450 5
47982291 12
91990497 9
8001962 4
111998597 21
9499 4
10170 18
7570 3
5820 31
5590 20
5270 30
19953480 25
8000872 9
7110 17
7580 9
2630 28
11977968 22
5990 3
5540 3
39987279 8
39998510 4
40002209 4
6780 22
8870 2
19985750 30
99992019 24
30003899 9
6690 22
9998220 31
19992060 19
29002881 12
1580 28
40005689 8
90989348 20
50000689 16
7080 20
19989100 14
20004059 26
6070 24
20002500 21
7840 3
6650 19
7150 11
9960 8
5220 9
79963819 12
19983310 27
80008568 1
7995201 3
81994237 27
210012397 20
19993740 4
11240 21
99984849 0
28012621 1
1820 28
51986288 22
69993949 15
8390 25
69996159 3
40003589 10
11110 10
40008299 2
39975860 22
19999320 29
19992870 29
20003489 10
12390 17
38984111 1
71008068 7
19991920 1
50007639 26
10260 17
6580 2
39984029 30
28003852 10
30001869 6
11995298 20
8150 15
39983220 26
79999799 24
20001559 24
100002238 1
9880 17
89986259 10
7350 9
7670 11
59985809 1
910 28
79994979 15
59999259 7
70001089 27
19998690 16
48999100 22
6910 9
9600 17
7520 9
120977957 4
6791 6
6790 11
39985670 10
99996499 24
59999199 0
7220 23
20000540 2
7189 8
98982110 0
6003364 8
94100044 0
896510 27
19996820 1
20005759 10
19996470 13
159999058 4
59995309 6
13400 8
6550 27
7570 17
6330 18
8975271 15
10997959 12
20005809 5
820 28
7989752 21
32003448 1
19993220 27
59008480 22
1006928 19
39987090 25
6650 6
8995621 0
6320 24
90987128 3
20001040 21
209997648 25
58998830 5
10023649 7
80976749 31
7939 31
1800 28
20011539 2
19975680 5
20004820 12
7080 1
59983730 7
50008809 18
9420 11
19979310 19
40008589 13
39990860 24
20013229 22
89989158 30
8450 18
39997100 0
920 28
50002739 13
19995500 6
59992619 25
39000890 6
1013108 7
8470 3
6550 16
8740 12
1400 28
39968000 15
77990971 8
12007658 20
19995529 0
19999170 1
47998221 23
112000296 2
109999538 11
67996822 12
8640 15
9710 9
11984008 23
18994261 5
4180 31
1200 28
1007419 0
7550 27
39996769 6
79983689 14
12850 15
5870 23
47986822 27
51996507 24
29998569 11
15180 25
79979730 18
100002649 22
60002009 16
850 28
6000 27
9880 11
58978661 16
10999679 19
150004348 25
19996840 18
7020 25
5770 19
19985969 23
70005709 19
130004159 13
10209 31
19993340 26
5000 30
6280 26
28975871 0
9993600 27
171003637 29
6649 18
7069 5
7620 24
19982099 4
1500 28
6580 8
109997019 3
19989120 1
50003960 8
98991630 10
1003048 7
13320 3
19988480 27
97991181 29
12005698 20
9320 14
19989909 20
19998650 23
19996200 6
90004259 21
100000118 7
19999960 10
57994641 15
32001898 14
9500 9
19991969 14
5809 31
9104490 12
5840 22
10883670 23
5790 15
5170 24
38980821 3
7111 5
9109 8
10987059 17
20000619 27
120002598 9
79999639 4
219992477 19
7520 29
20000020 1
6070 1
79994939 18
7250 10
159990948 3
19994979 6
7530 8
19985160 1
20025259 18
39974919 14
7900 29
1590 28
7720 30
59989139 19
5640 23
5910 30
38986131 2
880 28
6200 22
994909 13
179990138 22
8940 0
10600 17
6460 5
19979720 23
6700 27
6140 6
18991821 4
41001538 3
39984300 16
13350 22
1600 28
18986330 21
4770 21
210948 5
791631 16
39994530 14
40001489 1
16980 14
59978590 6
40004719 8
7210 16
39989929 13
8140 1
19993400 12
60000389 20
19997400 21
7540 19
6080 20
59984989 15
19999110 7
7950 19
8289 17
7660 20
7250 15
7800 5
199960608 12
39995649 26
20011680 10
39993520 1
100005159 10
39991080 12
27949 20
6760 3
19960760 13
6650 25
5080 3
6560 24
4740 21
27971692 19
6300 21
7300 15
61992617 18
830 28
20009410 14
8319 24
5911 3
6840 1
7569 15
7320 22
6000 24
19944341 9
4940 22
59990010 18
5400 19
58994460 29
3880 31
11006139 21
19993529 22
20001470 8
39993200 4
8280 14
6220 16
5780 18
9189 14
27968352 24
8990 0
2002548 8
7988592 18
32004067 2
9003841 29
860 28
19997469 12
6540 8
6040 8
10980389 1
810 28
20010710 22
8900 6
19976940 4
20004109 8
6360 25
4080 29
6820 18
7050 27
7530 18
7160 9
6260 18
109952799 14
8940 20
6980 17
7549 20
19970180 3
149997538 3
60004869 15
9209 17
7220 6
8985361 14
7110 0
100983358 21
20008010 19
20001779 0
910 28
19995000 11
129997908 17
20003800 23
20006649 20
900 28
9003250 29
7130 15
8820 5
3790 31
7570 11
10969909 21
19985560 25
19997010 31
6590 10
6570 0
18982151 24
7699 7
998698 17
9997090 22
19995990 16
50008809 13
5009 25
8988141 19
49000950 8
4620 31
1991268 24
19999069 27
20004050 30
20000390 7
79995228 31
38996541 11
22005338 15
5440 27
6320 2
7996262 22
38996280 29
20995459 12
30991668 19
11300 24
860 28
19993410 0
19999880 19
19995769 10
8169 7
830 28
79990850 29
19995790 8
7580 2
19995270 30
20000790 16
5971 31
8994590 24
9996540 14
8070 20
7980 27
5980 17
985719 31
6750 0
6110 21
69978639 13
19995150 17
110006149 10
110000969 27
18992751 18
7760 1
10040 20
994200 9
871 28
39982369 27
13440 6
19986930 10
9008521 2
30998758 3
109998149 10
37995251 8
5700 8
230993396 19
6720 12
1002259 23
29994609 21
39998350 7
38996710 10
71000969 21
9210 25
5340 29
188990359 17
7110 0
10991248 4
20000740 19
8950 22
8002012 12
91986357 14
19998290 9
99999678 19
8500 25
89990079 16
19999550 21
9000240 13
8740 16
10991789 20
119999958 25
89999278 14
5920 25
39986580 16
100002478 15
20016990 2
19983890 20
20009889 9
77986612 30
72003797 6
6330 4
20007110 23
89983819 7
210003837 30
19960 6
5939 10
79968649 20
100000838 8
19998080 8
6290 11
19997610 1
20010439 0
19990170 24
10004620 29
39993419 31
19992110 4
20006960 27
59998139 2
29020660 15
10977349 29
170001878 16
19993800 16
130007468 22
157991680 7
32005447 2
19992010 19
23050 13
8310 10
89975299 26
99996898 2
6920 8
187988020 23
6990 1
2002687 0
59994000 29
39998919 11
10440 4
89989599 30
49995629 27
8720 17
6400 9
69994189 22
7980 22
109984739 1
20003379 19
39993910 6
20003340 12
19994289 25
6410 10
5320 5
69988849 29
8005932 13
930 28
31989568 23
14369 0
209995938 16
19994939 4
6500 31
19993010 17
99996749 4
38999760 25
4950 25
20993719 9
10260 21
19992389 0
19996670 14
19994860 2
10370 30
870 28
79990489 0
20006149 25
7511 10
19989549 17
20001980 23
6050 23
8003212 7
11987218 2
19999259 12
8790 27
8180 26
19982340 6
19999360 20
6570 27
8180 13
8050 2
8380 23
7689 20
129957499 1
14880 7
27981911 4
840 28
2006578 8
7720 12
19981260 1
20014220 22
6300 10
19990849 9
139988809 11
10109 26
7820 10
6580 29
18975631 1
11001029 30
60002359 11
5570 4
19994820 29
5370 16
992909 14
69004980 0
19991150 9
5810 9
19994960 15
7500 9
19990689 18
8450 15
6330 10
1020 28
239986667 13
8390 17
139989518 24
259993436 11
20009200 17
8550 12
10680 12
6789 30
3771 30
19963129 25
20002149 31
7994982 16
11997078 2
11790 19
9011371 5
5249 27
6220 11
30977439 6
7940 13
19982720 18
40001340 18
20000619 15
19999080 16
5380 16
108994539 31
10996049 21
37996522 5
82003347 0
6159 14
19994060 11
18994481 1
7700 8
90998047 9
80001199 13
57991972 8
272008104 15
58995390 10
20999929 3
9359 15
6269 14
19978271 10
100010399 21
219991857 2
16070 6
59984319 13
18988251 17
6499 10
991 28
30997669 12
8260 20
79986019 15
40005050 4
129998108 29
40000149 31
6320 1
109992358 0
100005189 31
19017790 22
10974439 4
7040 29
79998779 27
7230 11
69987169 26
7280 24
8991521 17
31000479 19
79995519 27
159997987 19
20005880 27
13160 3
67980651 25
82001787 12
6360 27
7400 21
120002508 17
18979081 31
1960 28
50998738 24
20003590 20
50006149 12
19996100 23
16980 7
7639 8
39989570 15
39979130 30
20003819 0
7460 25
19982110 24
14660 7
109986848 12
60006340 9
90993058 26
19001340 17
20002880 23
14410 5
19989800 29
8669 29
119995419 2
19989449 21
20599 13
19978870 4
5810 17
19998930 11
19997330 24
9800 2
6509 29
10480 16
99966429 31
19999740 6
40005959 0
8040 22
60006459 7
29989900 25
19992160 29
13010 22
149983157 7
20001019 17
15970 15
99986919 7
19989850 4
19000810 29
1010349 10
6830 0
49997780 12
219987747 3
20001650 7
19991390 7
18003281 18
11996677 26
80006299 17
50000419 3
19998799 29
19995210 11
39004480 29
10994499 10
40018259 17
19995770 25
179991968 6
9171 7
109990328 8
19999750 12
89999828 1
19991220 24
20600 0
50980419 23
149016799 30
59991989 24
109992399 23
8250 18
6880 7
10499 7
69973750 14
11120 8
14980 4
7080 11
59964339 27
8420 4
69993599 19
20000699 1
20002379 22
9800 9
89984379 11
9690 15
6540 19
7986612 1
49988999 0
5540 30
5620 19
81994647 9
7280 0
38987530 23
1012758 1
7230 14
9983820 22
8003942 25
4800 29
5080 18
5820 31
6510 18
6640 31
4200 31
6880 20
6359 22
11949339 13
59990819 0
28001142 21
2005068 0
19998460 3
79999988 26
79997739 2
38995630 15
11000599 14
9729 31
19991990 1
40015329 11
69986890 17
20001200 2
5050 1
178985418 3
1010820 15
49988659 1
20005840 15
6800 3
8020 25
6810 12
8986061 24
29988940 14
60996788 30
80004289 3
7040 18
13220 26
97977680 31
62009968 20
5680 7
19991429 22
49990109 8
5849 11
10209 11
39985800 4
20010119 19
5280 30
39983620 0
169998918 22
14779 8
29991040 30
30002990 5
9289 5
79981059 29
17993481 6
12007798 16
19998600 19
59991379 8
20007170 27
12680 22
29986669 0
28999061 0
30994969 30
10940 7
8993491 30
10999509 21
7210 27
79990239 21
8860 10
98998220 7
10996798 9
49997920 0
39998570 6
39994959 0
130002879 11
60002159 14
7940 26
5980 13
109985209 19
37992812 30
6431 22
7580 15
7600 23
5780 14
11975538 27
9210 5
5910 1
119984619 16
59995670 30
8730 5
7700 6
39991119 2
1620 28
140000598 30
39990460 18
10160 24
58986030 12
5420 25
1006998 22
29989610 21
59998109 26
860 28
10002940 11
5840 0
18987021 9
31003958 23
89999279 5
10015560 23
1580 28
19995519 15
19984930 29
12030 9
19986450 19
20006050 26
30029789 5
10940 30
9520 21
19944250 31
6520 19
5310 30
19992440 29
9211 0
15769 21
79974820 14
59999559 18
59991150 15
19997920 27
99997829 14
59107459 26
7550 25
5610 14
7440 10
876060 0
19996260 31
19998839 31
210006307 8
60001069 15
19994010 31
7997832 15
61997237 21
40011740 4
8001503 17
6010 31
6080 1
31980848 0
9600 12
229985937 25
9006661 10
111002217 27
19991410 21
110004278 10
119990188 17
20002730 1
40003989 16
10740 27
7490 25
7070 2
8978331 3
11001399 0
77985671 5
31021538 2
1030 28
10986759 21
77988321 24
22006308 6
159997738 4
6480 7
59994779 5
11511 10
159989747 21
8997121 26
9994420 4
101005717 12
18997050 24
1003469 25
6930 8
19996740 18
7540 22
140979477 0
39019680 8
8480 25
7990 7
6560 15
7390 2
148949739 19
7890 25
1032729 23
19962610 25
40009999 25
9990330 31
1160 28
60010259 0
9680 18
59980569 14
79995469 8
9590224 5
70409275 4
8280 22
109984288 18
7250 8
19995360 14
219998287 17
49013240 0
10199487 5
793092 21
59995839 19
39998159 1
4640 29
89990919 9
20000670 24
7000 4
39995770 31
9170 24
19984680 9
12830 4
6320 8
6700 14
39975739 9
39999599 13
20002800 16
14530 23
19982440 21
79998929 22
100006578 16
59994290 31
20000080 17
6880 13
17985622 30
8380 7
12000398 6
6350 12
5710 10
6331 7
79973800 4
6859 7
800 28
9995159 11
50008478 19
4800 29
57981382 21
62005137 5
109997408 0
19994400 9
20001700 22
30014369 27
19990170 6
78996540 15
1010399 13
4580 30
6039 20
3600 29
7260 15
29971340 25
7920 6
39981650 31
20007990 27
8950 16
29991910 8
7220 2
39985620 27
40007469 30
79992349 17
8880 31
39990490 26
137996520 21
152001646 21
20007999 29
19999870 9
39987520 30
1080 28
20002730 4
19998280 30
2000 28
179999507 21
90003419 20
830 28
19992680 24
20009399 31
7996812 19
112009546 26
12980747 12
6490 27
7250 7
46990932 5
9689 2
19987919 7
8120 1
19988490 4
40000739 8
20001589 15
6800 4
69987629 23
20014660 5
129991848 1
39995649 7
5470 6
19997860 26
19993790 27
9109510 10
10895670 9
7730 19
69981850 3
40013889 14
48988690 31
7790 7
8996471 8
11997988 4
129999908 20
19998309 3
9300 22
5090 27
79982299 25
16790 15
69983429 29
6220 16
6500 23
6070 20
4760 20
19972160 30
18001332 29
12003457 20
59993739 7
140015277 0
59990670 25
7309 15
8360 10
48988141 29
59013230 11
31976858 21
20009169 7
20001520 21
8190 18
5760 22
79987739 25
49989650 3
9320 7
59986929 10
137998740 11
72016677 5
5480 6
7400 9
19969010 18
9230 16
10006430 13
1780 28
29998590 12
8990471 10
11001169 6
19990329 15
29000391 22
9997940 31
1017939 7
69994599 6
49998069 31
6300 23
5980 1
19979460 12
19996179 15
130000728 8
8209 18
19991169 29
8999211 29
80998258 3
79000130 21
6600 14
5010 21
996260 31
49998339 12
40000769 23
70001079 27
6240 6
8740 7
6820 8
19978580 13
38987180 1
6500 10
10998439 0
79998089 5
70000849 13
59992679 19
40001939 17
40007220 31
7992302 14
4240 31
7760 27
5399 1
11978659 18
70000099 21
39995739 24
10060 13
27991472 15
1909 28
6249 25
1994727 16
4889 16
19997350 27
1720 28
3510 31
19995790 23
6030 24
19984490 29
19998850 13
10390 4
6880 8
8040 13
6570 12
89977519 20
19995070 8
50000439 26
107991790 22
7290 30
12009458 22
5970 31
5850 22
6890 9
6400 25
19962430 26
5760 1
19988120 19
150008238 14
19997570 10
59995769 9
7170 24
137987450 0
42005488 13
140000147 18
20000210 16
49995679 8
77998821 20
830 28
2014728 27
6330 2
11450 27
6150 18
5409 27
6069 19
39953920 9
9059 4
6140 30
5770 14
7100 14
10250 18
19956270 0
5920 14
19992280 9
38995220 0
39003341 1
11999097 16
67997551 10
6940 12
32830 0
972429 6
999919 21
5380 16
19983790 8
6930 17
60026129 13
8979901 29
7710 3
5520 6
5570 30
30978329 24
6389 7
79987709 0
18989311 17
1012849 16
69990039 3
20005240 10
120006088 3
19987580 14
7479 20
19996199 13
7890 19
19993290 25
8760 22
8770 23
27979882 19
51996657 0
120002758 25
10440 6
19981300 25
19997440 18
27999591 18
6290 23
8400 13
21998398 15
5350 27
6751 15
11799 10
19970770 0
100009189 23
19989469 30
139992449 3
19001681 15
1007899 24
7690 22
8490 26
149992828 27
5820 20
39979949 12
10740 11
39988710 22
7810 27
97985950 13
172009345 13
7051 22
7990972 16
6610 14
61996107 7
6340 13
19978990 8
7710 9
89998579 12
20250 11
19977410 21
15349 15
4987776 13
1062729 2
53936416 7
79989679 16
40003989 7
50006229 1
39999059 4
829 28
19991959 17
5120 31
27989762 8
30013989 25
7900 3
6600 9
11970198 30
20008620 11
169990688 15
15129 2
19984350 10
20002080 19
8002292 18
59992829 8
82014326 26
39996910 22
7460 22
39986419 27
17430 20
6420 21
19978990 29
14240 7
7986252 31
121995616 25
7140 25
5610 10
6300 0
5860 0
8995930 20
10280 12
6270 21
18953012 6
10002669 14
6080 14
7070 15
11990828 31
79992189 19
28030451 18
31979338 5
6580 6
39991839 9
169996877 31
67992761 9
2011478 13
6700 20
19979150 14
11020 22
39988150 21
20007750 30
16279 20
119982479 31
20000380 23
39992399 21
20007009 26
19995490 8
29999360 14
20005350 3
19999619 1
19990580 4
9150 23
7995072 12
50999608 6
31001848 8
19998900 5
99999369 22
6110 21
8995260 8
10999569 7
38993321 4
6020 4
1004709 25
8650 7
8820 13
9971860 5
8150 5
4950 21
39983159 19
7800 15
19997540 9
5840 27
6670 20
5980 20
5640 26
19976351 11
119993148 31
20004939 15
60001059 22
49992220 30
80003289 23
17995302 4
2006848 16
7150 13
79991769 2
130002518 13
27989862 20
5851 8
130004728 5
6580 7
31987068 11
6100 2
6780 8
11640 20
39970510 25
60023429 21
19979700 16
38993801 0
5450 24
50992358 26
10310 0
6410 4
19994149 27
19988720 10
8002442 2
6960 5
3760 30
890 28
81982107 6
80008159 27
6640 9
39995499 14
6490 12
5320 4
4230 31
5090 4
8974171 8
10998059 0
18992711 0
3809 29
1008999 13
880 28
29984750 10
8630 16
39998459 30
19996100 21
8230 16
59991329 6
19998690 15
6040 12
39990299 11
8640 15
20008060 17
59986559 24
89996449 12
13180 24
39989969 26
49992579 14
78001990 27
12006728 5
19997660 3
59995299 6
89996929 31
20008790 4
17991962 29
5330 2
920 28
11993248 30
9002761 16
860 28
50995168 8
11940 16
8990661 8
10997388 12
20002609 21
7550 14
6130 26
9991460 22
197988839 1
12001778 0
6430 16
39990359 12
58001401 29
2007848 26
118992170 10
1000609 17
10008660 11
60001499 22
19989380 15
119996868 23
20001860 25
20000769 26
119998729 5
19998340 23
60006648 17
99999429 23
39995069 13
7999592 2
5370 27
5900 24
71982397 6
20005080 23
19998550 23
29006471 0
5730 6
4160 30
40998088 9
19983690 14
6060 4
5400 21
99993869 11
39995419 12
139995988 18
5690 25
5640 21
5740 25
8870 20
97969901 30
102002176 3
8230 26
860 28
6170 21
18982681 5
30999398 10
16160 4
19983550 20
79997928 13
20009080 16
39998630 8
38995461 7
5940 18
40991569 29
19999959 30
60004529 11
19994080 1
7540 19
19993240 21
39999829 13
16140 12
29985769 3
20000490 25
99995449 7
8000791 31
1580 28
11993187 4
110016088 2
159987168 19
11530 20
18990321 16
1006269 12
19998929 14
6229 5
6440 9
39977660 30
20000990 19
10860 22
4760 31
4360 31
19985250 23
4180 31
17986542 6
12003228 18
110000448 2
7100 25
59992369 19
59997019 17
6710 29
39993880 13
57994261 13
7190 10
72005966 18
7829 10
19991410 11
189986857 10
13390 27
19984260 11
10860 5
59994219 19
6930 5
6170 27
5970 2
5940 1
5330 22
6700 6
39963319 25
6309 5
6471 8
5519 15
5720 7
57967362 27
5520 5
31996017 31
39997500 27
60011009 29
20000729 24
39993890 4
79995559 10
70003008 7
7180 15
78986100 7
5340 22
1002329 12
80013279 2
39988129 22
8995351 13
39996969 24
11010188 22
19989910 6
9170 7
19991260 18
19999070 13
6989 9
139992998 0
40000090 6
18995251 4
8089 17
161003947 21
19987130 18
20003139 17
20003960 6
6920 3
5510 21
39979180 26
79999959 24
100001569 4
12780 5
17981302 9
182003375 12
6431 22
6189 5
99988759 3
89997309 16
6169 18
920 28
19995149 16
19999710 19
19991290 1
5560 16
6849 13
9989861 19
29997409 6
78999970 30
4140 29
7360 10
6400 7
30982048 12
60001100 25
6120 19
209990247 30
930 28
6320 25
6330 13
19994290 2
30000179 25
870 28
6880 5
29988130 31
40001339 20
89993559 22
9006621 12
30997008 29
6670 2
18987651 20
1013069 9
89990069 27
15211 4
6740 19
19975660 21
110010049 1
10969 7
59979049 4
7060 15
7789 1
9809 1
89969118 13
20008090 8
5460 24
19986940 9
6370 18
5639 29
6811 25
809 28
38974281 30
1011839 17
9995340 5
6230 15
8991221 4
109994658 9
1200 28
5720 22
996799 9
13620 11
79983419 13
40005399 26
59997569 15
5080 31
99990789 14
8002621 7
12995257 19
6129 5
960 28
6600 18
16983223 7
9110 12
6110 0
1988768 8
5920 5
59994709 9
19998430 22
18997431 10
41002638 2
20000180 0
19997680 1
130001418 29
6170 25
49990600 27
20002490 29
99998809 30
97997970 1
171998786 29
150001548 0
7180 31
5380 31
36980833 21
12999026 19
5810 8
5700 7
8700 1
39983430 9
9280 29
5649 6
79984199 3
39999559 23
89997059 12
39000430 10
100999427 21
990 28
12100 9
6420 0
6440 0
19976510 11
8820 16
19987859 30
6920 19
39993859 16
5710 17
19995620 3
6130 25
7159 14
6391 5
29971569 10
11040 26
8310 1
6920 1
6790 1
79964819 18
13110 17
69990549 3
2470 28
1290 28
19997740 26
7411 3
5880 6
7069 3
5680 17
89969359 11
40002040 9
8260 9
39990800 6
18990 0
6300 0
109977158 5
39990080 31
20009289 10
49996129 26
60003619 4
7391 30
19983369 15
20003490 15
20024129 3
7100 11
39964710 31
60001229 3
60001589 21
5460 30
20002440 26
5700 7
29988499 23
59992009 27
27997102 13
1008499 9
5730 29
998939 8
179992257 15
6730 9
14540 12
6310 14
19968750 30
40000909 20
110001869 13
19996060 26
70002889 0
39996300 14
11639 3
6200 3
99980409 26
40006979 4
8210 16
19985040 18
79996819 12
8470 4
68997159 15
10998888 24
1149 28
19997080 15
20000980 16
100004318 9
39994040 21
12219 13
19984870 6
930 28
39999400 14
13200 0
8985650 18
6651 21
6000 11
10989639 7
9998790 23
20006300 13
60000299 27
8030 14
19983110 22
110001538 6
79995889 21
40001769 19
9890 0
38983181 2
6389 9
1012319 16
6830 12
9979900 30
20000310 27
119998728 30
29999590 12
7996452 2
7140 11
6369 13
50983219 23
6220 0
1002919 27
29989589 6
79000360 13
6690 19
90995008 6
7931 3
49990349 17
8140 2
189995857 20
30002919 10
60006429 6
8450 4
19975860 5
60000659 31
19994590 21
40009029 19
37992872 7
8520 23
11995957 4
8750 21
79990259 10
5090 29
118992559 20
6360 20
7600 13
993879 4
99989989 9
11420 23
99990378 11
7910 20
7800 20
9986400 1
59989799 9
8120 11
8360 22
79986919 31
6870 15
7980 12
59983809 21
70003759 13
60005009 26
9998250 20
6231 16
29982350 26
19370 4
9993160 31
9991950 26
8450 30
39991949 2
18994091 23
80996498 1
19999299 3
8008782 23
22014088 20
7070 11
39984169 8
7460 19
139979938 29
7630 15
19990780 24
15110 14
17983931 18
262002463 26
59996020 2
20003930 5
19999190 4
90006918 8
5330 17
40006020 24
19982380 31
19993000 5
80006359 16
7050 9
19985159 13
20005049 20
159998218 17
50002369 17
29997550 8
40003420 29
19997949 5
20000540 22
6130 10
19992240 0
89998738 26
40000650 22
39992669 10
9230 4
5930 17
8991761 14
9820 26
9983060 29
61002668 21
39994799 16
21500 23
19975290 16
8007732 9
9200 15
8880 4
9220 24
11966979 14
99996158 11
20007390 31
19998389 22
37992911 30
42007077 30
9240 16
19991230 13
19689 15
148970590 5
1013399 26
29992160 30
40003489 24
19992720 31
18998461 3
8690 13
6400 25
20994318 24
19993090 5
97995941 6
11998237 5
10920 23
109992659 22
39996919 15
49002930 25
7970 25
51004918 12
77982041 20
32012948 12
129991517 19
39999929 18
20005690 22
19992460 9
99999728 9
20002530 19
5729 20
39991950 0
50014159 1
19979830 17
20004799 4
100000349 8
139997318 27
40007120 5
9999510 24
6050 29
19985140 6
120002038 3
20000620 9
12200 21
10230 6
5840 13
19968020 17
19995590 8
6040 31
137993799 4
1008769 9
6260 23
70986668 29
210003677 7
90012458 4
59999789 9
9987420 3
5770 3
27995882 13
8620 13
11984938 26
19992650 12
5509 31
40003130 11
9270 26
109986958 6
11460 8
6280 7
149978918 20
7690 1
59998379 26
4800 31
139984488 11
10480 11
98990949 27
6260 18
109993338 24
1013329 15
49992890 16
99991868 18
80003699 19
15990 23
27984042 14
31999018 17
23179 7
6240 20
6680 20
39962820 12
5910 7
17987632 19
92005276 18
10002470 1
29997740 29
920 28
5080 30
829 28
199988376 0
20005330 26
6580 9
7550 9
6590 20
39967400 30
10000 12
5619 12
8830 2
5840 12
149978188 30
18993111 5
1009579 10
16240 30
1929 28
49983430 19
19991340 20
70000809 4
39996130 29
46659 15
6710 19
38941951 13
6810 12
997079 18
13780 27
30982579 31
9007511 23
59995830 15
19993599 4
20007670 15
20000819 22
129998708 14
15620 22
19977640 19
10030 10
39997969 12
39991889 18
8960 9
108997309 0
40997128 22
39999460 9
19998149 31
28009812 24
131984826 0
40008279 21
19988190 12
10360 23
3050 28
19991390 16
8170 17
8990641 26
61022158 10
6640 21
39968770 5
7660 12
6440 8
9090 12
9980 8
8100 21
138953529 27
8710 6
150998097 21
169995618 6
30010319 14
49985480 7
70006928 31
19997900 6
39999389 0
79995338 8
6520 5
8020 5
59986479 21
20003420 5
17993972 12
12004808 15
39999629 18
230000706 30
7120 26
7440 23
8480 2
7660 10
58963980 11
9580 26
8880 10
986159 30
20002380 25
8499 15
7580 16
7340 1
6550 12
97957161 13
12005488 12
7650 19
6800 3
19982419 18
840 28
20014590 30
8350 3
6240 5
19963600 11
20002930 27
10014630 29
6390 10
99973489 13
80006229 10
6469 1
6171 23
69991999 30
149995448 5
4880 31
19995240 19
5660 11
19992420 1
6920 12
9070 19
5500 8
59976619 1
20000730 2
6980 0
57986731 15
7640 6
6890 27
11987148 17
110002978 31
8780 7
39988040 3
40002380 4
7720 19
19995880 24
19993319 9
80022159 17
8200 3
129961418 18
20008249 25
11991 16
39986439 31
30004599 25
29988100 11
60007619 30
20003200 26
6049 13
29993080 21
78990390 20
1017989 17
4850 30
7949 17
18965721 27
1009569 0
6330 17
5660 11
99976748 3
20003710 1
39998359 19
8860 3
5970 11
5540 11
57975341 18
32016128 6
99982928 22
8620 22
39995119 14
40009769 2
11100 14
49977079 24
78996850 15
1006739 23
217989948 6
5980 20
11998628 15
40002419 15
20000250 18
19997670 1
10004479 20
8331 0
6320 7
59972610 4
20005689 27
19999100 15
40000969 18
19995570 0
20008400 4
40032379 14
39964839 2
39998590 26
79993178 5
100012899 10
89994468 16
8010 17
7840 13
7180 26
6020 29
6010 13
39972190 19
9800 21
5969 20
8981861 25
4530 30
5380 0
1460 28
5790 26
6870 17
5730 27
20950729 31
10007280 12
6970 4
5650 4
119984618 10
4880 29
39997089 30
38993851 16
1580 28
1005039 4
20001189 25
5400 30
39981430 23
20007729 11
137992900 10
5570 25
22004508 16
19994649 30
19999390 4
39998670 15
40005309 27
10590 5
5570 20
7910 22
19969249 23
860 28
8996921 22
11002098 3
19992080 10
20009910 16
8996521 15
30998408 30
80009259 17
39989009 31
60002989 19
7560 4
20010849 30
19995779 7
57977752 9
2006547 22
20002240 17
79995799 14
199998767 3
59999930 21
19996259 9
11309 31
6350 10
19984890 22
19998660 16
8210 23
19999499 10
109984619 21
8007922 22
11994617 19
9670 1
19998830 10
130993567 6
16997773 16
5789 2
39993720 18
12010698 13
5840 8
97984760 26
11995088 1
20010869 31
39987000 17
13250 19
39999319 31
5830 31
79987709 22
20016949 8
59981560 21
7510 7
39994989 14
7760 21
7570 3
18978361 8
6000 24
4780 31
50991358 5
39991939 6
8580 8
7730 23
27983882 22
7890 18
121998336 10
39998739 29
129991868 20
80007089 7
9160 4
129992178 9
10299 7
19987640 21
19998570 27
180000417 17
39995559 7
18999201 2
5640 13
999969 27
29999370 7
87989090 29
2008668 14
9360 27
8580 3
8180 10
19969610 22
5300 10
6940 25
7900 8
19979030 11
6751 17
6469 16
19989740 9
20001460 27
8760 26
19980760 18
25130 3
6640 19
19966860 14
61001248 2
37001683 23
9997940 11
5889 22
11996718 12
8710 5
7280 20
8981961 18
11000239 9
80012728 0
99985109 9
7700 29
5810 19
7010 7
19981380 26
60000259 9
109998878 18
19995200 14
9290 9
996799 26
9002741 20
20001779 6
9992490 31
19999200 21
39999089 16
100000048 9
19998000 19
20000840 1
30000739 30
39999519 22
20003250 8
6920 16
7770 25
18975901 6
850 28
6300 6
11001979 26
129991418 8
7820 16
6829 11
79984210 30
8879 5
18995471 15
40995809 24
19997639 24
6180 29
19998190 3
7994881 9
11109138 13
20892240 9
39994969 22
39999390 22
8004202 26
9170 2
5069 30
9992890 23
7020 6
9570 23
1980988 14
4510 31
5820 9
7630 9
159974398 30
8940 17
7560 25
59995399 31
7040 31
39978539 8
6260 11
