421575 16
97577276 31
72006127 2
9630 25
11530 8
29977940 24
20000839 13
21260 24
19977110 14
10030 15
20020230 22
9679 23
19950821 31
59998869 2
20000870 13
20003510 13
12859 22
6951 23
39975899 4
21080 20
17978282 8
12012658 28
19999839 27
7829 14
19983150 2
8090 6
16810 8
19973350 20
24900 21
169977068 6
60008959 20
89989959 4
9190 27
8500 27
7977782 0
11997798 8
30034099 7
69969160 25
38993840 26
31002149 14
40004459 19
19999099 21
59998499 5
20000289 20
40012170 3
89989069 9
22330 23
19968660 22
20002369 13
8470 0
9990 0
11930 14
39969080 7
99999839 25
269997206 18
14950 17
109989069 14
138994060 10
31004789 22
19992950 31
20003249 16
20010020 23
29991000 28
79024960 3
60972648 28
120005919 10
42809 20
19964741 12
119980599 0
20003030 6
13120 26
8870 6
14771 26
59963409 2
20000960 1
19997300 16
3600 30
40007509 11
12990 0
12960 0
12890 8
39947890 9
60019729 21
11050 1
19967640 4
8015552 9
2371 30
91984476 0
76009 5
19937450 1
12890 27
119972639 12
14530 19
12039 1
9111 19
99955939 5
18699 13
59979130 9
30009169 16
16791 23
6860 26
12040 6
11610 6
19945560 16
78997771 0
14560 22
999559 4
39987420 11
40008359 6
109993679 22
49999550 28
9990 20
19985250 27
9550 25
12090 24
7978582 20
12023798 2
99976929 1
20002740 2
69999519 21
9770 6
19983750 4
40004989 25
9720 9
29998809 11
19989260 20
9900 3
19987980 12
11290 17
8250 3
39977650 26
20002639 22
12540 3
8987601 28
11008369 23
39990380 19
77994471 20
142004836 22
12200 21
39988000 8
6729 20
99993369 5
19995080 29
89999349 27
9780 19
129990778 6
19999540 9
8390 23
10370 24
79975529 28
58002812 16
11500 15
9079 25
91982737 16
11660 31
89999489 0
13880 22
19972090 4
18994781 8
14180 12
820 30
41015218 24
9060 14
19962790 1
21020 10
39974520 7
17849 15
7911 9
11680 27
99960169 19
17999232 15
192011866 20
39996079 24
20000430 19
119992579 3
8004632 13
132053276 5
15239 9
900 30
49944260 26
98979160 1
14020 15
40987389 26
17270 27
870 30
11390 29
13429 3
49031480 4
12890 27
12560 9
11390 26
10885870 0
17996382 1
16240 1
51984387 16
39998970 26
40010329 18
11740 23
12900 11
10740 28
19956120 14
12310 24
58981990 6
151003667 11
39259 22
19958330 29
129994479 20
15540 12
49996390 4
239993627 26
40001560 20
19998930 8
12290 0
19983840 8
9060 9
10880 9
9410 15
29983740 24
39985750 11
39999080 17
1710 30
70004869 22
60007109 4
79984959 22
11840 23
19982860 14
12670 20
8610 29
7690 9
29976700 18
28999230 6
80997028 13
9210 28
19984170 18
90006119 29
20006790 19
39994199 0
19990380 22
10011700 5
69997799 0
70003169 16
179992878 3
7760 0
9300 19
50001899 4
19979990 0
13520 4
11240 14
10100 6
10980 11
8962911 25
11640 11
10977109 0
30004639 29
10002860 5
169992958 3
140012388 17
19199 25
19959470 0
20005690 6
17993682 13
9250 7
9110 7
31989948 23
19439 31
39974340 27
20004020 15
30005499 3
10900 12
6800 19
119981279 16
39989259 11
12690 28
23810 25
79962219 24
26429 18
19971110 28
15440 6
129982809 19
17729 1
130983117 18
18000162 28
41028568 14
39989970 7
39981669 23
17330 3
159984108 4
79997890 13
11540 15
19983550 29
20003760 28
9004961 26
10429 19
6991 22
30985668 0
59990950 28
11430 16
39989719 5
19997110 19
21870 13
9610 17
59963000 1
80006749 2
39991990 9
60009519 12
119998538 8
38993130 24
10590 24
20995049 15
17389 9
19979349 11
16610 17
47986672 18
30992499 28
8129 22
10420 29
20983359 24
59997019 25
19998399 31
40005210 13
77995841 2
82006757 14
7860 21
139987788 4
11000 12
79984449 31
110002559 4
69020060 21
90978588 9
8001412 9
7310 28
5980 28
7649 9
809 30
11219 8
11965888 13
8749 11
8210 25
19980180 2
10490 3
69993349 11
19999410 10
22560 9
39983919 19
40008540 17
59994349 14
11810 9
7840 28
10660 1
9020 11
59943750 3
80000109 7
8011011 2
51980898 3
20016180 4
37985971 8
2013468 3
19991090 31
39991530 21
14071 17
20002350 9
39989520 13
68004401 20
29989530 4
22005597 10
19995030 2
11500 12
67985941 4
2013508 14
900 30
19999830 0
10400 24
140002778 20
19969910 5
40012040 29
10001929 25
11240 20
7070 12
10080 26
10770 14
8490 12
19946190 4
19993790 7
10230 19
19986830 22
20999569 10
49005260 17
10011520 18
19987680 25
39996320 2
250001887 25
40009209 25
12550 27
19975410 19
20004840 7
38991720 23
31008909 4
30060 4
89961399 21
10014770 15
100004508 9
19981440 13
20044129 5
89984049 18
11409 0
39956130 16
100997558 24
9014441 3
39986309 24
18001221 17
10190 9
8460 13
8070 17
11976368 31
20000950 6
40004829 10
37985862 6
2012238 0
117986221 24
2012508 13
39996340 8
79997559 10
9190 0
10130 0
20024549 11
19964240 25
39989050 31
59993579 6
70005699 3
60006939 10
89990709 21
80000508 4
20003070 20
13370 12
11740 18
19965070 20
100005529 14
9720 18
8709 0
9450 0
58970321 20
18480 28
991499 13
59989609 7
22280 18
79979329 12
8001032 15
11997308 12
130001938 2
20033800 20
19957330 18
50007559 24
7720 13
11370 29
19972800 14
10890 6
5700 11
9440 29
11070 3
11000 24
19953940 20
38001091 6
21992858 26
60001469 21
59999390 0
40004969 7
49994720 15
20000460 22
20003930 24
10400 17
8990171 12
11015818 8
18973752 24
1043908 1
10280 26
6870 28
10119 19
19930091 22
9020 26
10460 15
5960 27
11810 17
880 30
9420 25
117946841 10
11999998 18
20021940 17
198974749 25
110002319 13
51003049 26
40031129 15
10090 10
7910 22
59943100 31
8659 8
7229 8
58991540 20
1009999 2
9200 24
19978160 25
40001540 28
1050 30
9410 8
59989589 0
20011160 26
39993429 6
19998649 16
10330 6
79980959 10
59997019 31
60001680 12
20001409 11
860 30
17995351 0
82004287 18
99999009 23
6260 11
9017141 3
9680 23
7811 11
12179 16
10950 1
10934660 17
70016779 26
8929 4
59973340 16
50007499 28
149991299 12
6830 21
20013999 13
6960 29
19969850 27
40001639 12
9251 22
9910 24
188972009 9
31310 1
80980308 15
57987581 20
8449 26
31995707 15
39995860 3
100002758 5
69998299 0
69994229 6
60000059 10
69999849 5
12700 8
59997059 31
19988870 31
140001448 23
14700 17
9320 6
6440 1
19973970 4
19998510 20
19999999 4
69995069 25
130004288 24
13240 26
8140 3
39975889 23
139010440 15
7771 22
51013458 12
9109 27
8411 25
59949969 19
18480 29
19977590 0
12420 1
59990219 4
19999300 20
19995750 28
9610 31
159994768 22
22650 0
19978540 1
20001479 16
19993090 26
80000469 8
20001730 23
19992459 6
8005342 23
101997177 16
10080 5
18989371 4
1540 30
121001527 5
930 30
7999632 22
10210 0
11995378 23
8610 21
19981580 11
8030 28
67990681 4
62010807 5
39989940 1
119998178 7
69999279 21
890 30
7997832 31
21012439 16
10988259 5
860 30
7550 1
18989460 5
1013259 31
10770 20
39974920 8
130003548 6
150008388 26
8640 27
4980 27
39969590 28
10520 22
39997039 11
39998079 6
14610 15
39994709 18
29986260 12
100003639 20
39429 10
19980400 21
8630 24
80015109 27
14870 9
14420 27
19917380 14
9990 19
13590 21
49981420 16
199995607 24
17998452 3
12001458 18
20000159 13
9110 29
9710 1
10020 2
19966210 12
24100 25
910 30
8710 3
5620 29
49966569 17
9014301 4
11360 12
6060 28
11910 10
60947839 7
29003220 18
9997430 0
5860 11
7300 13
10510 7
6930 1
1580 30
8220 15
30955159 19
19997630 24
99998678 3
9011311 14
9190 0
30984269 6
29014710 19
23580 19
9650 13
11100 27
7270 13
5360 29
30926549 17
40000640 24
6940 13
8500 0
119986099 29
59998479 19
39999660 4
13299 23
99985450 3
78996641 2
19310 27
987839 18
19989970 21
18630 17
11360 16
59970390 19
17998332 3
31997698 23
207999229 5
12009418 22
39990280 15
7240 29
6450 17
13960 8
39975550 19
10000030 12
80003289 4
11890 9
19979520 17
11351 22
1680 30
8009 4
7995022 21
20983479 15
6500 4
11033748 7
39955760 20
60009269 7
189999777 12
8600 20
19989860 25
19991840 5
16280 26
89988969 6
19999769 13
12160 24
12830 26
7380 4
37963122 16
7960 1
15160 1
8090 14
31975459 17
20002299 24
13130 1
40006439 2
39971099 12
12350 1
19995660 23
39989850 5
90003149 2
11500 24
58982231 5
21002429 3
110002819 18
8005452 3
9940 26
11981058 19
39996889 23
16460 26
11080 6
1470 30
48965971 23
29015990 27
71989397 15
7999802 1
6270 31
31988378 7
40003089 5
8820 28
49997270 7
19986169 3
89000360 10
101005978 6
20000389 7
20008020 24
199991048 9
11050 14
87981591 21
9739 20
21990518 1
9480 13
139994829 31
13029 21
19985320 12
8030 10
49990050 22
60004239 3
1660 30
5740 5
19991300 0
27989251 29
8970 8
2000788 7
19996960 14
10440 15
19981380 31
11930 8
59996389 0
6950 29
7060 0
19981600 12
19998450 26
20000269 12
40000370 31
30000269 31
12110 9
10410 29
850 30
8974571 13
10997419 0
99007260 4
51002568 21
139993719 14
89998339 13
40995649 20
9050 11
6998613 17
7111 11
51986307 12
20000170 18
20001939 21
9000001 8
28991611 18
51999797 2
70016049 24
19985830 23
9109240 21
50895289 9
80008359 16
49986560 22
60006759 11
37988751 21
132006337 7
40002949 16
20000730 20
19999040 7
27991421 10
22006247 3
8999441 22
10998439 21
910 30
7810 11
79991729 24
19998980 31
9959 21
60007860 26
7829 3
18968900 12
51000028 28
39999349 23
9810 16
12700 16
29979710 21
17730 23
89977859 5
19149 18
8931 27
8939 26
7965083 23
9659 10
7800 26
11979748 9
920 30
6720 27
39986360 0
20008180 27
19993760 4
10769 15
6830 27
117981111 20
8140 16
10030 0
1989108 28
79993079 26
8090 21
79989949 22
109998008 12
13351 26
39990749 18
19999900 15
69998849 16
37994272 21
112015477 16
6840 24
29977569 0
1680 30
16869 13
19986880 31
129998338 28
20001790 8
10130 24
920 30
99998319 5
19985940 2
39998519 4
20004820 22
177987680 14
9670 23
61997747 24
9200 27
19993450 12
19997009 28
13640 8
987249 5
18992631 31
9080 22
1300 30
19995980 7
10360 24
39989389 25
19999930 12
99999469 8
18996411 12
1008238 13
9996020 5
60002179 13
8200 7
19984399 24
79998319 6
20002730 5
37993591 13
132000386 14
8900 22
6620 20
39987929 8
110003099 5
20000809 5
47990362 15
7270 18
7640 11
81990927 1
8220 2
19990490 24
59997579 18
9670 9
69988199 27
8004032 25
11996998 4
9140 8
39991759 11
19996390 13
27995512 18
42006477 23
10390 20
9870 16
19979160 1
7900 12
6220 21
6229 16
1580 30
19990809 5
8984181 2
6359 31
10990589 24
8270 22
19994350 18
8720 21
39990699 29
40016550 23
7930 8
59988589 1
9380 2
6180 1
69968459 4
13100 15
10540 20
6750 13
6750 8
19961680 4
39997239 14
20004079 3
39997580 22
20007169 4
39988440 6
890 30
39013690 9
8960 1
6770 25
20969729 20
20002970 9
39997039 21
10820 19
7230 6
49978200 25
6890 28
9060 20
39983520 2
80004589 25
19998140 7
19995510 12
6780 27
40017099 14
910 30
9974930 9
80002009 18
9490 12
49990689 31
9950 27
39994050 24
5580 28
39986669 15
19996930 14
39997140 7
109999948 3
20000840 6
9007091 29
5569 29
7331 1
10994249 19
10981280 2
9023810 23
79979839 27
11430 13
19984410 31
60007129 25
19997950 31
19997920 10
49995269 20
20004400 27
42499 3
167951351 6
8319 31
51995098 24
19994430 12
7390 13
7760 13
6540 10
19981731 24
90003018 25
19995490 22
960 30
9870 11
117986630 16
12006518 1
39991930 23
20005359 16
69995409 6
7931 31
6279 28
19985640 22
18840 25
19983950 15
19998860 24
8007581 23
6851 21
9980550 17
72002347 31
7820 0
59990369 26
7040 22
19995179 8
59999460 27
19997329 7
20002109 9
27998172 15
7800 27
31985238 13
19003940 9
9008181 5
11996648 15
1470 30
59995999 8
890 30
48002741 28
8610 24
11983878 11
19997800 6
7300 20
20013250 4
7451 16
19975989 26
79999970 13
19994679 26
100005149 26
119012909 13
38976091 11
2012078 25
20008009 16
59988939 29
60000309 20
13470 23
4660 31
7977242 4
7450 14
6840 4
8670 13
6300 1
6369 22
7809 16
11957799 6
6499 14
16430 8
8040 2
19968590 18
6000 11
5610 12
79978259 6
39998509 11
19004421 16
1229 30
20995340 7
10010 28
9997070 24
89995339 11
19996700 10
28002231 4
32001068 16
10770 24
6820 24
6620 21
118972840 7
9640 20
14250 25
978510 2
9399 16
9997460 17
6770 31
19982440 29
39998330 15
7809 23
47985332 22
2015298 2
10280 8
8719 8
79988720 0
15180 21
59969779 19
19990450 9
130004888 13
89999479 20
20002800 28
60000260 1
98995439 16
260995046 10
97998831 22
2014808 20
7089 19
6911 4
218972158 21
31001159 23
39999270 2
47997791 17
22004098 18
20001150 21
19997740 8
19993690 28
80009529 27
11250 5
5080 29
10340 5
8480 2
8480 27
69950619 0
1570 30
19997590 20
19993420 20
20007499 9
20889 7
89976409 6
89003400 6
140998897 13
7997722 29
12000758 25
47993021 13
9480 7
2000888 31
39995300 26
7940 27
19999059 10
7410 29
19979140 0
10380 26
120000939 14
7219 12
6151 25
6549 0
39966270 1
5980 18
11480 1
39985749 9
90001169 4
39990859 1
30015419 25
10000790 27
79990119 13
20001700 21
39995789 23
9460 25
39988290 1
60003669 1
40000830 16
10420 16
5660 28
17977542 29
7511 23
8529 2
2000208 15
79987409 19
70012969 27
79986529 28
59992750 6
1940 30
38999491 1
1003929 6
49997649 11
20002940 10
69992989 7
80006359 0
59996389 9
990 30
9120 3
89985269 22
40012059 17
19993289 27
29002671 31
8200 25
20986089 24
20020519 21
139979758 23
7400 3
19993769 10
99996089 11
29997850 19
20005340 20
87989481 14
2010878 15
19997390 6
20001489 22
99998128 31
39993720 25
38999290 21
9460 1
7920 4
8840 21
30975809 28
19998679 5
9669 3
5970 16
19985670 12
6150 0
69990379 19
10270 21
8240 8
19983430 17
20008340 10
8509 27
59982930 19
7950 26
8670 26
59980859 15
38995221 6
5760 23
71000448 7
79997179 6
9819 11
19987879 25
1470 30
23690 2
7190 10
19962660 25
69996039 3
48007952 1
5309 23
91992707 14
19992430 7
11090 3
900 30
10820 27
19984490 29
6430 14
8130 21
5809 12
39977389 24
19991620 27
17240 18
19991999 14
38994280 7
8860 14
120991508 21
27997721 21
12001658 31
6290 27
39995980 5
48002362 13
6370 16
9420 29
987819 6
30990038 8
19993589 20
70007179 3
7340 8
19992720 16
9003661 25
80990298 1
120002398 11
109999749 1
59996619 1
9320 20
5330 28
6340 3
8220 27
1780 30
6009 0
6260 22
7059 27
930 30
19968280 17
19993420 2
7500 22
5380 9
6270 29
19978340 15
19999800 31
37981351 18
12027678 12
7440 1
19969570 18
7310 26
8480 25
28987711 6
8229 27
48980561 25
61998847 28
40001160 23
16829 8
19994890 17
10000220 15
10610 14
7530 4
19978090 12
59990309 8
27998992 1
2015698 1
9550 28
59980460 20
39996099 11
40002910 26
109995278 7
60010359 31
59992200 5
79995999 26
20007459 8
8440 3
77983651 18
12003118 18
11300 28
79988509 3
138991079 15
51007958 23
19999420 3
10060 28
24210 15
159964168 14
10480 25
19985110 27
20000340 18
19995959 18
11130 24
57989892 3
9649 23
9239 23
109997129 20
61989777 0
99995389 27
179999278 10
8500 3
30011330 11
39981099 24
20021320 6
17974302 26
5460 20
5890 21
1001629 23
108983550 28
6519 27
22008298 9
39984440 21
1000 30
177999629 11
22001368 0
14180 7
39987140 14
40002699 15
8930 11
79985139 24
9670 14
11110 19
69978549 31
87995231 27
102011966 14
870 30
9470 23
8330 21
7989252 11
950 30
31984078 23
10760 6
10140 4
7800 29
139969848 20
19999160 10
28022741 17
6610 14
91969747 23
19994800 28
149999068 20
20003010 20
7709 4
39991349 1
50004429 14
170018398 16
37973901 13
42002717 28
20004160 4
8689 4
19986709 14
27997262 11
6480 21
11220 7
8370 9
11130 0
1973779 2
8650 5
39989889 15
80017759 18
9330 19
3800 29
7590 22
29948170 28
15890 2
5900 15
209974007 6
80003909 3
70002719 9
20000760 9
890 30
69995959 5
60002339 1
127995810 12
32012488 28
19985460 21
68999111 26
1004039 16
11199 12
79985608 11
6271 20
5859 20
49991130 7
19995590 11
20004749 23
19998980 31
27997632 11
2011817 14
951 30
69987579 4
19996410 27
1611 30
50001119 27
9080 22
19984849 29
80017099 5
7230 10
19970560 13
80007359 19
149991358 31
20007110 14
40004399 20
17988962 27
62007537 10
10730 13
58983071 10
11014808 27
39989910 7
20002369 28
47987112 16
8430 19
2004838 21
7899 15
11049 3
79970999 28
38997911 0
9110 27
50987728 28
13610 8
99987309 22
20006030 12
10180 4
60000699 25
39983999 4
8140 23
89991759 25
60004199 23
13060 14
69982259 27
60013269 3
17982732 19
12007968 4
159995858 9
10860 23
9190 17
19978280 16
129999248 24
6890 0
69991759 23
40012569 4
19996160 10
40003059 16
19993560 22
7340 15
8290 26
49982370 9
7951 23
79998928 25
7985332 1
7960 2
7220 8
7800 1
6420 21
7540 1
6980 26
10130 11
91960927 5
28940 5
6500 14
1800 30
7680 29
47929503 28
2025447 17
6230 18
8976391 3
51004859 9
7920 0
59982639 1
98994430 11
11001678 19
5480 24
8007472 31
11991018 10
9160 21
7987842 25
12002078 4
11050 5
6970 3
7980392 24
9710 10
8509 16
11987739 27
70006349 18
19983349 15
29008981 5
10992729 3
10690 25
39993279 21
8380 19
8986641 2
11050 4
50988709 17
129998209 16
7699 14
137987601 28
6080 29
8600 7
5990 5
32000657 26
9590 14
7820 10
4750 31
99958009 2
8590 27
19986260 7
78999230 1
11013638 28
59992720 31
6940 11
19986360 22
30008099 21
27740 12
6999 16
7959913 23
92004846 9
59995239 16
8270 25
58983950 9
1004469 15
30002090 5
5600 1
7990003 8
8640 7
51992148 22
6050 6
99996138 4
19992619 20
9510 4
17991682 6
7650 26
11998268 28
19994250 31
100001999 5
20001230 19
9006801 15
7390 12
10991379 4
6370 12
7320 9
8100 24
99968289 11
109997029 6
7570 31
7440 23
5980 14
19985259 15
20000900 21
27988322 2
2012867 16
59994610 19
10900 2
39986259 27
79996969 19
38999431 28
5079 28
120993808 29
89999209 31
14280 22
19989289 24
1729 30
109999239 3
19992010 0
11669 18
39993680 22
8210 29
5840 18
7260 11
8770 9
99967109 14
5470 26
19995799 0
9560 12
79983679 7
79999698 26
40003210 2
6750 21
6270 25
6439 8
49980890 9
19996170 3
20001740 18
7460 0
5520 1
19985450 4
6560 15
19987330 22
10010 0
18991171 5
1002149 22
11510 8
7109 7
5991 24
99973958 15
37995492 12
21010298 2
7590 27
6900 27
7750 11
5140 14
140965847 13
8020 7
17209 0
6190 22
7450 19
7910 19
59950850 14
19998279 6
60002579 0
20011369 14
69988059 29
19998470 31
19997380 24
5230 20
4960 20
28987110 11
1003638 13
39995080 3
20005360 0
19998239 12
19994120 2
50002230 24
20000489 20
20000570 15
19999270 31
40000920 3
20003320 17
19995089 17
7989 7
6669 18
19988970 26
39999670 4
39995369 1
7998662 3
11998298 21
18999430 0
1008260 26
69994969 14
19998800 17
13040 0
69980969 11
130004208 24
10479 25
4790 29
19988480 26
18992361 7
1008629 8
108989960 22
6571 23
1003678 9
29989199 15
20006440 3
78993340 26
5350 19
5230 3
998509 21
19995509 11
5059 16
59990649 28
50007399 27
19997080 24
7360 25
19999420 22
68986811 5
6619 12
994449 24
5070 29
10090 29
19977970 16
9004491 31
11002289 12
89995779 20
15200 11
6199 5
5380 5
6540 14
19964760 26
5560 14
39992070 12
9080 5
5720 20
5260 19
3811 29
4049 29
48969601 13
7970 23
7840 6
994409 9
39993540 20
77995252 27
5700 21
31997667 25
39993769 23
19999769 4
50001359 9
68001931 7
11002639 12
7150 18
6440 17
20985319 22
19999140 2
39992989 28
50005799 26
149991858 0
20002529 1
5220 25
19991120 26
1150 30
79997109 25
89999429 14
8800 6
70004940 21
8240 4
19970530 22
28004482 6
5890 28
6140 24
5140 21
31980957 11
39004911 7
6140 24
9990970 18
7540 24
50984678 7
17980 19
19990260 15
6590 0
5660 24
6269 1
19983000 13
5929 13
69986969 26
20004829 27
27991472 28
32007278 27
40001039 2
109989429 17
8060 29
38992631 17
31001249 27
39997709 11
20004790 10
880 30
99998648 24
30026299 13
7151 17
79965959 3
40000640 27
19998610 14
6780 25
39991599 22
40012590 3
8500 27
6190 17
19980930 4
6680 10
79982499 28
80000689 21
19999350 1
17994682 1
1004889 25
5670 5
997929 26
59991459 29
7950 23
89987369 9
7011614 10
8390 25
6030 20
32979197 2
99998019 14
150008768 1
159992837 0
19998120 18
6470 5
5660 3
8170 25
27978222 15
201993505 0
6780 5
9010 15
19990839 21
19999879 21
9002851 11
6610 31
30990639 17
19998880 15
19996919 15
70001149 23
7780 0
19993470 8
8000852 2
8700 27
11991008 22
960 30
6919 8
38982161 29
11006279 20
20000170 16
7160 3
19989720 7
60005080 9
7989 6
5091 25
5690 9
5430 26
59971280 13
19992149 3
49002540 17
7260 15
60996538 18
890 30
19990850 18
19999729 18
6490 25
5930 9
8150 5
5950 7
10880 0
17960552 23
11999238 6
16400 15
5930 9
5720 27
1860 30
8987621 4
70985698 18
10990 6
6980 2
28977471 20
1012969 11
79991509 6
7990 4
7720 11
19984710 6
49999079 15
39994510 27
70001439 13
40004109 8
11520 17
5360 31
19979850 14
20004630 25
7040 23
49979770 14
20007230 13
5490 28
19987760 5
1831 30
20003940 21
89992829 28
20012610 26
117997410 7
71993247 21
19999460 11
920 30
20018610 26
6150 22
6680 9
59964619 20
4780 29
39998019 12
9520 13
39994949 25
59993930 9
25459 5
49981880 20
5600 21
5790 24
9988110 27
39992919 12
5680 2
7300 18
49985049 14
11600 31
49988260 12
19998580 31
969 30
10005939 7
9995510 8
79994439 23
9000901 1
8270 13
10989679 12
8390 9
6500 6
19983080 18
929 30
79999489 12
69998409 12
19995330 19
130006358 25
1630 30
5630 21
19987470 25
40005739 17
8330 13
19990890 12
49991349 15
20004059 25
20013950 0
58985240 24
30996779 28
20009089 10
19994630 0
8040 8
820 30
69992779 29
119999458 2
5860 17
6460 22
19979950 24
10010480 25
4990 31
5340 26
19995199 27
119989699 14
20000310 18
9996110 15
119000510 1
10240 26
5740 9
6450 6
10840 20
21978147 3
5980 19
5160 28
6370 3
7230 12
6670 10
18954921 24
39997310 12
13510 11
6080 31
19975071 22
20002120 6
6970 3
10870 14
8983131 22
940 30
10999779 18
77993911 13
6750 6
11995278 31
7940 22
79992659 24
7540 2
9995480 4
6600 10
29989800 29
78993560 7
8580 21
30997368 19
10510 10
19986970 24
7400 3
8360 17
39984169 31
20004830 29
79989919 1
40005180 16
8004021 28
30991849 7
30992699 24
20016409 26
6030 23
5960 6
109977729 18
19999229 29
39997489 13
6170 23
7690 25
39987180 13
8209 22
19995730 27
49988650 14
60000130 20
20005759 19
10004780 14
59990279 12
8940 28
19995260 0
7770 16
6870 23
99981738 25
8871 19
89989088 14
20002230 19
20000840 6
7420 9
6080 3
29987069 11
6220 20
39991350 13
1130 30
40000499 3
59994980 10
5680 4
5270 17
6660 10
5510 16
8440 2
59968259 18
19995600 11
17998482 11
52004777 13
130000898 8
9001660 11
10997839 15
18996421 21
5270 23
21001948 1
19989819 15
60011359 16
17990842 27
71998447 15
59998839 22
5640 16
19997120 0
19992470 13
8970 8
5120 18
39998899 27
69989789 7
130002068 21
20000860 31
30004309 11
59997139 8
19992379 15
60004119 28
20002109 16
19996230 3
19998520 28
20020449 14
6350 5
6190 11
17961063 19
162006425 17
100001458 29
149993417 29
70001498 25
6589 23
19994950 6
8280 23
19991790 0
19997820 0
9469 31
6220 17
119982318 9
12360 4
19989050 3
9160 10
79983299 22
138001241 19
82010546 2
49990380 29
60017269 14
6550 17
149975458 5
80003509 3
4391 28
109997048 3
19995730 12
20003489 24
1070 30
19993450 28
20000060 15
20010190 10
38984521 1
1002829 8
10830 2
8730 10
5200 16
5960 23
219967937 11
20001339 25
39998650 8
110003998 13
159997448 31
79999129 6
6880 18
19990030 10
10330 17
17986801 20
5349 16
51999997 29
9249 22
7720 11
6771 15
50968488 23
39007980 6
7480 27
87985251 15
12002408 18
6480 22
6550 27
9920 2
119976368 16
20002210 31
8999721 6
50998488 27
59993299 16
20003650 5
100000459 26
5940 10
39989840 13
60003079 1
7999232 12
31993348 19
40002809 21
6730 20
89990869 10
20003640 6
19995090 4
5310 19
39996590 27
50000609 22
6480 27
59993969 8
21880 23
7600 20
5190 20
10399 6
5800 27
9949760 12
60019009 31
19981590 9
39995019 2
7630 1
7950 24
17980972 0
12004288 14
8270 20
40000429 7
40003910 23
9983139 14
11190 31
6380 5
49982590 24
109995138 27
1006569 2
109001160 16
119991488 21
11940 20
40003839 28
49987439 0
19999571 16
67995200 9
2007357 2
12640 15
940 30
8050 0
19975770 17
860 30
13090 7
10270 4
7460 2
4989 18
149954338 28
9190 25
119994688 5
99994519 22
40005819 22
17996542 21
4380 31
7130 2
31992718 25
7240 19
5450 17
119986959 11
40005809 21
19988550 14
100051328 15
18950711 25
1004699 17
39998000 27
10500 0
109985319 10
19999320 21
14710 12
6870 14
177973020 28
5840 18
1009689 15
5970 10
70982658 31
49999099 10
7850 6
119989669 2
6770 18
5460 25
19983449 5
19940 10
4970 29
5760 12
6710 6
59967470 26
39990229 16
80008649 12
59998399 19
8030252 26
5469 16
91972336 15
38987261 2
960 30
100997588 19
6530 5
8809 12
8000 17
19979390 14
8010 24
59990619 28
8040 31
19988760 12
39998379 28
6611 25
59991679 7
17996411 23
2006888 15
19991340 5
12530 4
19995370 26
67989491 10
42020357 26
19979870 31
20005009 12
9004092 24
10997009 18
39998570 23
19998220 11
70003769 14
59994479 2
10120 12
5760 21
149988437 15
159991268 15
28002732 17
42017807 26
109995788 31
49988230 14
19995280 0
37998032 31
6720 4
32005347 17
19998060 19
7420 20
7560 17
19978260 7
8998501 24
5180 25
50996938 8
9790 16
79986689 24
7920 16
19997269 18
19994560 29
40002220 1
20000220 2
18994921 18
8700 15
20997929 0
8995201 25
5750 5
6270 11
70988088 7
40004379 4
20002580 31
19988410 19
19997720 29
18004202 19
101995337 17
88004010 17
71998187 7
20001430 21
9330 24
68985200 11
81006168 4
14130 25
19980449 27
30002829 15
59999199 0
2290 30
19994060 14
8000192 2
22006917 8
39990960 6
20011839 10
79984639 9
9004520 20
50998519 16
49999490 11
2660 30
39993139 25
15980 2
19987960 13
10740 9
10001460 22
8530 8
108973140 4
130002258 6
1800 30
20999889 26
40002920 23
60001359 7
7389 17
19991320 20
39994990 4
6970 11
5510 11
19988889 1
70013608 9
7981032 20
72004587 28
19996350 3
158996189 13
41011198 16
39989920 27
40007660 7
5980 18
9450 27
19975480 6
160004217 3
10250 16
8870 8
39979240 1
6060 10
5880 10
7029 14
19977920 3
9880 0
7930 4
39979370 27
19002401 20
30997588 3
10780 1
19991800 27
39998799 24
18994681 16
30998439 7
40024259 9
5560 14
6380 13
8120 2
5969 31
9953951 26
50000219 2
8830 8
14710 2
189968978 31
891 30
40004329 3
19997050 1
110002508 11
40000769 4
19995790 20
40012979 5
9988060 16
10007520 7
7960 2
27989422 29
6399 28
71983837 23
26729 6
19975111 19
20007209 27
5840 6
5680 3
6740 1
920 30
6320 17
148968409 0
30997989 26
99993348 7
100004989 23
19998789 2
11030 26
39985920 21
60001379 7
8310 9
14099 2
58973501 13
1010899 27
9280 29
19983000 7
39993289 7
20004220 14
10730 0
10490 24
19079570 9
40896920 10
19997030 28
12110 11
1040 30
5580 12
6689 3
158972268 21
6670 6
80999208 12
6970 7
19990880 16
39999659 22
20000440 20
20009879 22
37985832 9
5520 20
1003269 27
10995149 17
10440 10
890 30
109988628 20
7350 1
67997971 16
1000 30
11989498 23
18997611 1
10740 16
6150 11
6740 11
20978829 2
19993589 6
9003401 19
8600 21
50991578 9
9840 1
6290 29
6810 1
19974840 16
5980 27
129999118 4
20001480 10
19994050 23
148995359 19
21012469 2
5930 2
9820 25
39971749 18
7849 25
9991390 18
6410 18
7540 19
19983390 25
13220 14
8993101 28
30996019 17
59999660 24
18996641 9
151003206 7
97991641 31
6340 17
1710 30
11997357 0
8800 4
6880 14
59980270 29
9560 16
8620 6
8579 17
19975910 1
7190 2
109992729 1
18997011 8
21016568 5
79992069 21
8994461 6
8460 23
108987529 4
7710 27
7020 18
5570 21
11985538 16
8650 15
8985631 28
10996459 1
14400 4
7800 15
39984019 0
49995840 7
14490 4
7930 22
7050 1
39979530 15
49989529 2
39996309 9
8129 24
208987478 31
21008629 25
20000010 23
180008167 11
79989029 25
79995229 23
70000229 26
29997270 15
6460 9
7995561 24
11997648 11
20000500 24
60008949 25
59998619 18
39997289 24
6780 3
99993208 9
90019139 4
49979260 31
5995314 0
14008906 14
69990050 4
9280 29
60003270 10
129995978 27
9990820 19
30013309 27
19984470 7
80530053 28
39468465 19
60012949 20
79991259 31
59998749 23
7780 25
7910 6
39985780 5
39996049 22
9460 31
109987118 12
78996690 27
131021387 11
19993950 27
59996509 4
49996339 6
10430 10
59981630 13
60022579 27
8880 19
39985640 7
6110 20
19988660 5
9790 22
29447816 29
8070 14
30773081 13
19771142 4
6729 20
19965290 13
20007530 18
7620 31
6690 20
8080 10
38977410 4
40994099 3
53001896 11
8680 20
8340 12
124976073 21
32022878 23
7720 7
59967500 8
12420 20
6870 13
39984399 26
59994639 4
150002508 7
10220 5
78987150 31
101006447 21
8269 23
39982540 22
8009982 25
11992218 13
19999239 13
6950 1
89994789 9
149997608 1
18999331 0
998100 18
40000160 0
110000348 15
12570 1
19989860 31
18995401 11
10001069 26
10997210 28
8989 18
19996030 28
20002070 13
7370 27
39991479 28
40002730 12
7400 20
6360 7
19971340 26
51150 10
6720 9
6530 29
6869 23
8939522 16
100997558 7
179995137 27
19998600 27
5480 18
19998640 29
20991799 22
19003061 29
19999249 8
9005791 22
30996859 6
6390 17
98987870 11
20997238 24
7470 17
20002640 3
19992070 2
89996519 20
60006369 8
39998940 13
97995940 21
3001037 6
29003691 16
89998468 26
19997039 23
20000280 26
99997249 29
40010470 11
5570 9
19987570 12
70003949 2
8300 21
5690 16
5800 20
19985610 28
19987290 13
7230 1
6790 13
29986269 4
39999520 11
6040 31
39989519 27
39999720 5
20001949 26
19995550 29
14120 1
19985690 15
20004140 3
89998549 27
7700 17
109992899 31
5831 19
19992430 29
6180 0
1960 30
18994271 1
6040 15
930 30
40991108 7
90003139 8
59991859 9
60002979 18
40002530 12
19996450 0
20044340 22
9956880 23
19995209 31
7369 3
47998682 9
11992477 20
18999130 5
7150 0
7820 4
5000 24
8230 10
40966869 14
10590 24
39994509 31
19999210 1
8040 19
9994560 14
6449 26
12389 18
8099 5
6390 14
5320 6
18952361 12
6440 27
5490 27
5630 23
987699 21
11000 9
5310 28
17979712 17
6830 12
110989977 2
1006318 17
39996729 3
250005146 26
149995238 19
5260 28
119989328 18
20004110 15
50006009 17
19998740 10
20022259 11
7550 15
7130 27
19958200 25
99990569 29
19002050 13
1015819 17
920 30
10007980 15
6500 25
39973430 2
20015680 6
89980779 17
6620 0
39990650 3
18999221 13
1007659 23
9998660 13
19994490 16
20000309 26
58992390 14
1012269 5
5290 31
9987110 11
20000940 15
5650 22
19993770 1
19999120 13
38996081 2
1005709 0
6350 17
7080 16
6320 17
1620 30
5840 10
59967660 20
50006249 18
70007569 4
19978810 17
109999538 2
120001729 15
90003268 13
910 30
7480 8
7730 17
7978722 21
12001638 28
90023938 20
19975320 9
20002120 31
18998210 2
60996838 8
57999781 10
282003113 5
99997658 22
60005309 11
59992699 1
11000 9
4890 22
19991820 29
59002910 11
6310 20
7380 27
10976169 17
19999280 24
139997078 2
8000862 31
6520 13
31994858 4
20019589 0
6020 27
39970130 26
19001661 10
21002408 12
19996610 2
79999919 24
190007537 5
29001291 2
10991999 1
239996317 26
80009129 29
8339 21
59991139 24
60024379 1
40963019 8
6540 20
1010 30
78996920 27
80004159 2
8000971 19
20999349 28
6490 23
10988069 5
40000210 7
19994579 7
20001990 27
60003809 8
19991860 26
80000259 14
949 30
40006380 13
89994469 25
79998208 20
20006890 19
6450 4
39986449 23
37995801 15
32020757 2
89983589 24
29120 14
6330 6
39966500 8
6489 12
19995360 4
4000986 3
7320 26
5550 7
7220 26
135974522 13
127006731 2
12988497 10
2280 30
20005160 1
40003930 26
17986442 11
62002407 2
6300 21
7993342 5
30995728 6
30997349 18
20006199 8
5400 27
58991050 26
1002149 19
5989 6
11160 28
29982340 7
40000779 9
7690 3
6840 3
19985230 7
119995088 1
119995038 3
29003210 28
40005070 23
9920 25
50982399 6
97996820 23
6460 23
2004518 28
39991490 7
940 30
19998739 19
20001070 0
119999908 9
59993699 23
8007692 19
8700 15
91987847 3
20002890 7
6459 27
59988150 29
60001689 27
8031831 18
111969287 9
80000259 19
7997312 19
12002148 2
12420 3
19984530 8
79998779 16
19998469 31
9012921 27
9050 12
7590 18
5150 24
70965248 8
9470 10
39994130 9
99994959 6
18400 13
8982841 18
9994780 19
7200 7
7130 24
6270 8
6479 1
975359 18
39998619 12
39997670 2
99999268 10
8440 29
119994908 11
20005460 17
950 30
79990289 24
49998039 19
8190 26
6430 15
29983630 19
60001989 27
117995930 8
8880 16
31990698 17
6411 24
7996451 25
151994346 18
40004570 22
59994779 23
39001681 17
1011019 16
6350 16
28986200 7
31003679 17
79997219 29
59998379 13
8006921 4
141992327 10
7999401 27
11999868 2
7080 20
78987780 29
6440 3
40997798 2
8190 10
39989040 18
180002197 26
950 30
7440 31
1680 30
6010 24
6210 14
7890 18
19967650 15
7999572 25
7499 3
992699 10
6180 9
7151 7
6589 3
28970981 2
2007268 28
39996629 9
9191 12
6729 20
39980510 16
40016999 13
8040 4
6570 13
4550 28
6120 19
19959280 0
19997630 10
60004299 5
59993639 21
178996738 9
131007747 7
19997900 2
19999190 28
19994440 3
8030 22
30007480 23
5820 0
79980379 1
9003261 16
11000919 13
60003829 4
5580 5
19985900 26
60005189 28
59994109 18
79998039 26
830 30
39997539 25
6729 24
5490 23
7290 10
5430 23
5730 21
69967849 5
7250 23
7890 1
820 30
39985280 0
6010 16
2080 30
19988210 29
880 30
17992262 14
2009968 8
19993470 31
80003969 24
240017356 10
7820 2
59975039 22
9080 25
6110 14
39982029 28
20000110 12
39999789 0
19997590 0
6750 22
7030 13
90001509 4
5849 1
67971251 26
6480 13
81995096 8
40003859 22
59997559 23
6180 0
110003428 29
19998960 26
8220 6
5450 25
6000 24
5930 0
949 30
6380 0
5111 24
139954908 10
5630 29
19989750 3
39992789 22
58000271 23
6550 11
6710 22
6870 13
51994957 3
19996720 6
19992419 31
889 30
7280 3
139995137 9
98992710 8
61009998 20
7990172 10
910 30
92012726 17
22440 17
8973001 16
59986690 27
1012959 11
19991090 12
39997869 21
27997082 17
31996548 15
19999409 14
1690 30
60010299 13
39989100 17
20007579 6
19991930 23
12810 4
19988940 16
17999871 26
6011 17
61995146 22
19996530 27
30001830 29
10001739 26
59998360 31
37992861 4
7950 22
39993560 1
32001347 7
20003790 15
5750 8
69993809 10
39999079 10
40003409 25
5480 2
59989509 0
6891 1
19995039 25
79999289 8
49998509 6
6550 14
7450 14
19987650 2
6370 24
19987990 15
8069 2
139986878 31
10460 17
99988108 9
29999110 8
11449 4
6330 23
19988820 18
139998578 8
27996182 3
6569 31
5560 4
6640 3
5720 8
7320 15
11969619 25
17995901 27
52003797 0
6250 22
19993740 25
69996749 7
39999009 11
8001852 14
11994908 8
18000142 16
7710 13
6209 2
6600 15
1985628 21
9008411 25
38992360 19
940 30
11998128 5
9939 10
6671 13
89980928 0
59999019 26
6069 2
99987539 3
80006928 12
6691 8
69995209 10
6080 26
19986799 14
177995850 16
6280 6
11991517 31
880 30
40000319 22
28005711 17
62012297 24
850 30
229977947 12
920 30
6060 31
1240 30
78990710 5
5529 24
1000289 10
69996109 6
7260 21
47988272 5
82004156 4
5551 29
5189 16
79982769 2
19999500 12
13220 5
5650 21
38981980 7
11007579 24
5940 8
11010 7
5420 8
1500 30
6040 0
59974259 5
89996869 11
19992419 5
4280 31
28998411 12
11002279 11
59996749 1
5990 17
19991089 23
19996871 3
17619 9
5440 28
39982170 11
6820 15
39991849 9
137994860 17
6290 21
51990277 9
20009020 7
20008949 27
19981130 21
5630 24
29997290 5
19999270 11
140001878 19
11480 1
19987790 17
40000229 10
19999480 11
6050 0
19985890 12
48002951 6
6490 21
21997098 12
19998699 14
40001320 21
7998061 9
7491 12
41988157 21
10001710 26
20002839 11
19992659 4
13350 0
4820 2
129985998 27
19996050 18
51001948 3
5560 23
6210 15
4500 29
6560 15
5810 25
5380 19
38962771 28
8659 12
19992710 18
10860 12
6610 7
7320 22
29972370 1
20997709 26
9008110 7
5750 27
19985750 13
9000 27
49994269 6
12550 9
9989560 2
19991620 27
77996490 17
12001268 15
97998601 29
6090 13
1996648 28
20003099 12
39998670 17
19999090 11
38994880 20
11010839 6
39996389 2
130005918 6
7440 22
79981189 15
5790 27
19995820 0
1001980 3
88994059 10
7420 20
188988738 29
8500 1
20994709 14
19998770 29
19999929 1
20001430 29
9330 22
6930 8
6510 26
19981300 6
19986819 0
33890 12
59971040 6
20008669 29
5700 29
18980151 16
6180 7
1003579 24
9996559 16
39999680 22
19995730 9
20003829 13
27991862 23
2015288 7
19996310 5
59991139 22
7969 10
6180 9
19985750 27
30009020 21
180985686 4
36999932 4
5709 6
41997957 16
40002039 23
69996549 9
20004910 4
20001120 31
6229 17
19993330 26
110000299 7
27990262 22
2009858 20
5750 22
19987300 5
20000739 10
7040 22
59990440 18
1823049 0
7260 6
1600 30
78167139 20
8940 26
6200 17
6950 4
7977692 13
997439 24
29998979 7
8999141 9
5591 9
7090 0
6240 6
6740 15
31979018 16
79995679 6
19998239 7
59996259 26
10008969 0
19988850 4
20007019 29
19999429 25
79999059 15
9450 1
19996850 14
19989719 8
6550 10
5600 25
5620 9
7320 8
5940 17
157963320 18
92004867 16
7160 25
6309 8
9989240 7
49994970 13
7689 29
6020 21
8009 12
4980 21
7790 2
5910 12
19971810 15
38981581 23
11017299 7
59985450 12
6380 7
7991012 19
30997188 27
1009769 8
5710 5
8995591 3
6320 8
5620 4
6329 7
5851 4
49979359 11
960 30
4360 29
19982250 24
60999508 29
11450 20
930 30
7790 10
19980020 8
58993291 27
1009298 2
29991999 19
60000959 16
169996977 2
20001630 2
20003140 16
57995781 21
890 30
810 30
52008217 22
15560 4
14990 4
149960258 0
39998039 6
19996670 14
89997858 11
9005131 9
6370 31
10994049 15
6540 5
59991349 12
19680 14
88981500 10
81001477 21
6049 20
7990 9
19982020 2
200000957 11
5850 21
7390 15
6840 5
4610 28
40965948 27
138012779 16
8400 22
20978279 23
16590 26
10420 19
8399 5
39985520 20
7360 5
19969430 9
11910 27
9999770 23
50008239 16
7550 6
1610 30
19972810 2
7250 3
59993609 31
78995810 20
41020058 4
19982510 7
19994660 9
12419 26
39995050 5
6979 27
6300 14
7411 18
59976480 25
9080 4
47983341 19
2018318 29
79986199 16
40001519 16
19999790 18
9660 24
19992249 19
99991589 2
60003489 23
9019021 13
10976640 1
20013589 12
99988829 29
39999439 29
100008408 14
10980 14
7770 1
6420 22
8500 13
39957590 6
69996079 13
15230 1
69990459 16
5949 15
5200 15
6669 7
69977739 31
20012490 4
59988159 0
69998899 9
47999611 27
71997307 7
7290 10
8140 17
19979280 14
79000570 21
151005176 9
19993040 25
9250 1
19994680 27
19997239 3
17998082 29
7390 4
1003979 13
10989409 9
22520 11
10130 1
8968551 9
5140 17
7140 19
6450 22
7080 12
951 30
7280 3
10972229 13
39991669 5
6900 20
110008688 17
19977320 28
20003100 28
17997852 3
6539 16
7000 11
5040 16
11983718 28
7870 4
7992382 10
7500 17
11992968 20
20000879 3
19991880 23
159000589 22
1015908 15
89988639 6
99996479 5
19998679 2
30011180 5
8930 13
980 30
5820 23
7280 26
10260 26
39963190 3
19997940 0
40001869 23
59990320 15
19999530 29
19996890 1
40003259 21
20000570 28
10200 4
89986919 29
19999139 10
119995008 26
7450 29
7310 13
39984720 17
9139 13
59994820 14
949 30
7996981 23
1811 30
5660 9
11991878 10
5510 9
109994099 22
19997759 25
5650 14
59994539 11
40000530 31
9370 22
7987312 0
30997509 11
6680 25
30999819 24
5249 8
19993620 1
67992541 11
102007207 11
7480 11
19992669 14
7030 17
19982460 11
14990 27
5630 2
7970 5
5170 22
7200 27
19964169 12
19999760 1
8997641 10
41005919 31
8440 14
19986079 0
87995911 9
162006925 15
19994970 22
19997890 18
80004509 20
38995331 23
7970 1
7210 31
6390 10
5749 28
6700 22
7480 14
120967258 25
39992159 19
7100 24
99992318 3
19998560 26
59991759 27
20008219 14
1670 30
5540 14
119991648 17
9620 17
7620 3
19981460 18
8859 24
39988170 4
200003837 7
19998150 13
10959 27
6489 10
19979850 23
19998980 3
20001760 28
20026889 17
79973899 15
6060 5
119999948 6
5200 21
8980 26
59976349 24
7750 4
8992071 19
70995018 13
40006499 7
12030 2
39980870 29
118998529 6
11006039 18
40000809 24
89004429 1
7469 0
70983608 11
69996388 24
11350 9
39995930 19
19998631 25
5590 16
8310 9
9979780 13
30004840 9
169994417 10
38996890 14
21003428 23
60000689 4
89997679 2
7119 27
41006838 31
930 30
5910 11
5980 0
28974581 10
6740 5
8191 15
6849 17
19976390 25
19993650 9
20003810 12
20003019 7
39998940 31
60005199 18
39989249 14
40025129 25
19991050 13
117980450 5
1430 30
8060 20
1998508 27
59994689 2
38996921 11
81004508 15
9940 25
57981472 21
1011148 5
30990509 25
40000039 19
13310 23
39012551 2
7029 19
20972739 12
59997889 20
99995118 11
19000501 15
9671 4
990489 14
8050 8
29990660 16
8998421 8
91002437 2
5419 17
119994999 9
8999971 2
6570 26
30989509 3
69999439 8
40001289 12
9120 16
19983360 28
10800 17
69990529 6
40001739 6
60000209 6
5750 21
110001148 13
39992330 17
19998069 27
7860 24
27996462 12
1680 30
9992470 14
2014188 22
8179 4
6240 23
59972400 15
6000 12
19996500 5
19995550 17
80021348 16
5980 18
38971890 11
5810 12
20999579 19
19993169 4
14580 26
9993450 25
7830 4
3440 29
8800 1
69979419 31
79992359 6
10120 11
7130 13
6730 4
6909 31
7200 2
6640 6
6650 2
7580 6
1980 30
59935630 17
4340 31
28210 24
9000 24
19975900 16
19980649 0
18995051 12
110000748 10
8360 15
6760 19
9510 22
985089 2
29991030 23
19999129 6
60014779 26
20059 16
12510 14
9964240 24
19993660 29
59995519 26
1620 30
159992448 19
39998000 13
13940 6
11260 2
19982180 16
130000287 9
9997430 3
69999899 18
19991200 8
13460 2
6430 0
59987789 4
19994220 16
100001648 10
40000369 14
120001809 0
880 30
89991519 18
16270 6
40003869 4
8560 16
117967700 25
32002628 13
100015408 29
19986900 28
5430 26
78986940 3
6090 28
1009619 9
7480 4
9984881 20
89004139 19
9987550 9
1008379 20
10520 5
49982889 28
19998950 11
50004229 24
19997560 28
8560 21
9190 27
19978529 29
40003439 11
20018729 10
10390 10
6650 26
18959391 1
6560 1
7160 12
5360 1
40980288 10
19997869 9
70002199 31
19999450 21
15619 20
1840 30
19984569 8
19992840 14
119997698 18
20015530 23
870 30
39992289 20
58995540 5
51004188 18
5410 24
39999120 23
18996201 19
993189 18
16719 24
7660 17
6100 2
79969599 6
89994999 7
40019299 17
870 30
89982599 19
9240 22
995778 2
38994120 19
6740 4
99989829 23
20006630 17
29989650 25
110006198 1
80001548 22
59999850 17
149997427 5
19993970 28
40011249 6
39995519 10
19993909 4
9970 9
39991809 15
809 30
9002941 17
10998879 4
40000819 18
39997430 18
9998580 12
69999588 11
10311 17
79991719 13
189997567 10
9000 3
7190 17
5890 4
79979549 0
17993052 25
12000867 20
9002310 15
5850 0
30992749 20
7997492 7
5590 0
6070 1
10649 14
6280 6
81967086 5
8003502 17
8800 17
11990808 22
40002019 3
18994281 29
21003259 2
19999259 8
19999109 31
20001700 0
10510 22
69985629 18
19999949 18
20004500 6
1630 30
5500 0
19986740 2
40004139 10
60005029 1
7180 24
9460 22
7440 7
6790 11
959899 23
8050 9
38991351 2
8996901 19
11003099 25
39999630 4
6319 19
30000210 6
6990293 3
10660 22
6100 14
5970 31
72975936 21
18997070 20
30997829 7
59999969 27
9003941 1
10996749 14
890 30
6849 9
39989249 20
6490 4
40003079 17
89990239 11
40001709 20
30005669 12
8609 10
39982120 23
38999430 23
871 30
5539 20
1004319 19
29993560 0
19999870 13
78994889 14
41007728 31
20014129 19
8440 21
19966380 17
20005640 12
28999650 1
6460 3
11005139 5
77984211 26
72001787 29
19998579 2
7380 31
8940 11
5590 11
8330 11
6130 15
129963018 18
19994540 8
20010870 22
7993883 26
7420 22
70989418 16
7300 17
5330 2
6490 17
40984278 7
39994959 27
37998231 25
6920 24
11997218 7
40006299 8
19986090 6
20020020 5
79987948 10
869 30
5809 11
6280 31
219982267 0
7580 27
7560 9
6860 13
7560 11
49969809 18
40012019 2
