165437 0
90138 0
92789 1
90829 1
92048 0
98278 1
90969 1
93048 0
90899 1
89559 0
91129 0
144008 0
90508 1
90448 1
91378 1
89158 1
88309 1
89458 1
88439 1
88709 0
89688 1
102888 0
88648 1
88058 1
86938 0
87289 1
90898 0
89169 1
88388 0
85479 0
84329 0
90939 1
129807 0
85379 1
85808 1
88388 0
88039 1
93228 0
88139 1
85879 1
85998 1
86499 0
89168 0
94859 1
86198 1
84968 0
87189 0
87748 1
85669 0
88939 0
86709 0
88399 0
90348 0
87259 1
91159 0
96238 1
91088 1
96249 1
91868 1
88319 1
88209 0
89068 0
89899 1
87359 1
87908 0
88029 0
92708 0
87889 0
91408 0
86789 1
89069 1
86669 0
92399 1
88338 0
91109 1
86289 1
89169 1
94999 1
91399 1
88699 0
86918 1
88419 0
93298 1
90959 0
88899 1
88559 1
87319 0
93418 0
100719 0
87258 0
89279 1
89439 0
89209 1
85569 1
89488 1
88629 0
85918 0
89279 0
87439 1
95038 1
88149 1
85798 0
89899 0
92889 1
88048 0
83439 1
88978 1
86349 0
87279 0
92258 0
94629 1
91098 0
88819 0
87758 0
91649 1
89899 1
93608 1
89528 1
94609 0
90059 1
93038 0
96339 1
89509 1
89829 1
89448 0
88979 1
91428 1
90809 1
89119 1
90179 0
86769 0
87148 0
88719 1
98568 0
91519 1
87879 1
87318 1
87839 0
88588 0
86859 0
87718 0
88308 1
90169 1
86578 1
138068 0
87459 1
86878 0
85539 1
89209 1
96159 1
89638 1
89149 1
86519 1
88158 0
96649 1
90098 1
88099 0
91379 0
97809 0
92398 0
90709 1
89559 0
89368 1
89239 1
90308 1
99619 0
88688 0
90289 0
91459 0
91209 0
91528 0
95228 0
90879 1
88268 1
90299 0
89758 0
99929 1
87898 1
91159 0
89778 1
94928 1
90009 0
90228 1
88929 1
85838 0
88399 0
92079 1
99108 0
89298 0
89798 1
90929 1
96589 1
90409 0
90538 1
87339 0
90378 0
93239 1
89819 0
97228 0
90418 0
86289 0
85999 1
89508 1
89369 0
93989 1
90528 1
93588 1
91569 0
91589 0
97179 1
86139 0
92248 0
90729 1
90988 1
89159 1
89419 1
87569 0
86869 0
88368 1
88379 1
96908 0
89859 1
90079 1
78029 1
78249 1
79269 1
85568 1
78079 0
80129 1
75249 1
79948 1
79939 0
77659 1
84729 0
78259 1
78589 1
75869 1
79909 0
80039 0
81629 0
79579 1
77288 1
78439 1
77599 1
78809 1
88118 0
78399 1
76639 0
77299 1
77698 0
78119 1
83409 0
80489 1
76359 1
78119 1
75959 1
80789 1
79978 1
112439 0
80519 0
79589 0
79369 0
78519 0
80549 0
78649 0
80879 0
77878 0
79179 0
80319 0
79219 0
91448 1
79689 1
78199 0
79228 0
79189 1
81909 0
78489 0
77449 1
78389 1
79549 1
77439 1
78448 0
86739 1
78819 1
80838 0
78679 0
78589 0
75959 1
86358 1
78989 0
76099 1
75859 1
80148 1
78299 0
78529 1
81568 1
78868 1
76869 0
78129 0
78049 0
82118 0
78889 0
80269 0
79639 1
80459 1
76899 1
76229 1
80078 1
85689 1
80029 0
78289 0
78058 1
79308 1
79959 0
83009 0
81478 1
80539 1
81739 1
80288 1
84259 1
88069 0
77778 0
78078 0
80349 1
82389 1
78908 0
82079 1
79759 0
80618 0
80718 0
82019 1
82858 1
89428 1
78589 1
82788 0
78658 0
79339 1
79099 0
80248 0
79258 0
84839 1
79489 0
81858 1
83469 0
78329 1
88288 1
78009 1
79289 0
80838 1
80798 0
83659 1
84219 0
82058 1
77119 0
80589 0
77468 1
79069 0
88599 0
77789 1
79078 1
80228 0
80089 1
79969 1
79998 1
79839 1
82979 1
78519 1
77789 0
78779 1
88889 0
75739 1
78508 1
76419 1
76899 0
78889 0
82238 1
81129 0
78928 1
75859 0
76078 0
79709 0
77359 1
97928 0
78219 0
76089 1
78848 1
75499 0
79589 1
79789 1
77358 0
79439 1
80289 1
76798 0
79918 0
83469 1
79079 0
81359 0
77308 1
79799 1
76789 0
79909 0
80389 0
78589 1
79449 0
77998 1
76128 1
86889 0
86888 0
74898 0
76489 1
74689 0
82108 0
75299 1
77739 0
77919 0
76179 0
76258 1
75639 0
75749 1
78729 1
85138 1
78648 1
79009 1
78089 0
77328 1
78558 0
77479 1
79169 1
76209 0
77479 0
77859 1
77209 1
76289 1
83068 0
76349 1
75179 1
78169 1
74818 0
79368 1
76729 1
77429 0
76599 1
79398 1
78579 1
76289 0
84939 0
75739 0
77649 0
80229 1
78408 1
76629 1
77129 1
76959 1
77089 1
80968 0
77919 1
78689 1
78828 0
85669 0
81159 0
83908 0
86419 1
83469 0
85108 1
78609 1
79059 0
119988 1
81009 0
77949 1
80038 0
84909 1
77509 0
80028 0
80769 1
80979 0
77459 1
78768 0
85309 1
88109 1
84778 1
85669 0
78629 1
86718 1
79739 1
78969 1
80118 1
79669 1
78539 1
81039 1
78818 1
78918 1
83659 1
84109 0
81738 1
92939 1
80288 1
82759 0
86559 1
80978 0
79139 1
77559 1
80949 1
79768 0
81489 0
79049 0
77089 0
80059 1
122398 1
79589 1
82719 0
75308 0
79329 0
85129 1
87259 0
87538 1
84649 0
81688 1
79869 0
88149 0
81588 0
78609 0
78729 1
77529 1
78979 1
79788 0
83069 1
82969 0
79848 0
78009 1
81859 0
85908 1
89999 1
82109 1
82258 1
81069 1
76049 1
79359 1
81178 1
79799 1
77819 0
78609 1
80948 1
78649 0
88779 1
81368 0
77549 0
77189 0
82219 0
86898 0
85939 1
91848 0
80249 0
77229 1
79079 0
82298 0
86539 1
77299 0
80568 0
78558 1
76549 0
80119 0
80599 1
82329 1
78619 0
80158 0
88138 0
85119 0
91768 1
82189 1
77029 1
79779 0
81609 1
80449 1
78449 0
79328 0
78039 1
78899 1
78279 0
78499 1
84489 0
82919 1
81129 0
81958 0
82189 0
83398 1
85998 0
83249 1
76219 0
78178 1
82038 1
78369 0
79859 0
85298 0
75969 0
78799 0
79378 1
78119 0
82929 1
78629 0
76289 1
81118 0
86789 1
89318 1
86948 0
89769 0
77548 1
75629 1
80299 0
79909 0
77968 0
77409 1
79539 1
75899 0
80419 0
79818 1
80169 0
78749 1
90588 1
82459 1
83599 0
83829 0
85519 0
78448 0
78839 0
81559 0
80239 0
81268 1
79649 0
78149 1
128338 0
77869 0
77369 0
80759 1
77489 0
77898 0
83528 0
83359 1
85389 1
85399 1
81059 0
81689 0
85808 0
84919 0
79679 1
77218 0
78859 1
77449 1
78429 0
78058 0
81059 0
78229 0
79299 1
80268 0
99489 0
82698 1
83808 1
86009 0
81919 0
77738 1
81159 1
80949 1
79338 0
77189 1
77529 1
77419 1
79439 0
86559 0
79609 1
81259 1
79408 1
81009 0
82009 1
81028 0
88249 1
84029 1
80648 1
78499 0
81759 1
83739 1
77308 1
79439 0
77939 0
79428 1
78409 1
78529 1
79849 0
77659 0
77569 1
85029 1
82208 0
87929 1
83889 0
80998 0
80479 1
78239 1
81119 0
79888 0
76959 1
78429 1
77269 1
76058 1
79239 0
75879 0
86649 1
80428 0
79058 0
79049 1
83099 1
85198 0
83289 1
83769 0
77708 0
77899 0
76819 0
79609 1
86028 1
78679 1
78969 1
77639 1
80259 0
78749 1
79479 0
79488 1
79008 1
82359 0
81089 0
84658 0
85109 1
84679 0
77318 1
76139 0
80439 0
78759 1
76878 0
81189 1
75719 1
78689 0
78059 0
79838 0
80069 1
86339 1
80489 0
81339 1
82679 1
84528 1
81969 1
80949 1
77368 1
79879 0
82559 0
81148 0
76198 1
100489 0
78698 1
77329 1
78089 1
77599 0
81259 0
76359 1
78279 1
82249 0
80018 1
81069 0
82389 0
80178 0
89008 0
78989 0
77168 0
77489 1
78099 1
80139 1
77468 1
76928 1
79989 1
77729 0
78799 1
76108 0
88719 1
82919 1
85488 0
80429 1
85889 1
80779 0
76639 0
79639 0
78049 0
79209 1
77578 0
77599 0
80189 1
86218 0
76019 0
78839 1
77969 0
80279 1
79959 0
85929 0
86328 0
86359 0
82799 1
78118 1
76959 1
87939 0
77578 0
78958 1
77509 1
78959 0
77548 1
77899 1
76049 0
79349 1
79209 0
80799 0
81119 1
79219 1
91138 0
82549 0
80859 1
78079 1
75818 0
80249 0
79579 1
76659 0
76258 1
78499 1
79669 1
76079 0
88978 0
78499 1
80109 0
76988 1
80249 1
84899 1
81499 1
85978 1
81979 0
78309 0
78168 0
79979 1
84829 0
76249 1
76919 1
76579 1
81679 1
78838 1
77479 1
80229 0
80449 0
76429 0
82219 0
82039 0
86978 1
94508 0
81489 0
77139 0
77829 0
76749 1
78359 1
82748 0
77689 0
77189 0
78409 0
77509 1
75748 1
78399 0
86729 1
78468 1
81688 0
83219 1
88378 1
80249 0
77519 0
80718 0
80718 0
73699 1
72069 1
71759 1
113058 1
72559 0
70269 0
69708 1
71128 1
71949 1
72249 1
71569 0
72449 0
73219 0
75589 0
75329 0
79749 0
83089 0
71399 0
70899 0
72618 1
72589 0
72019 1
70809 0
70419 0
72039 1
72539 0
70009 0
80929 0
74109 1
70659 0
80659 0
73379 0
75459 0
78669 0
76019 1
77389 0
75098 0
73929 0
70689 0
74219 0
72649 0
72919 1
71268 0
79229 0
73049 0
70299 0
75498 0
103459 0
72409 1
73629 0
73808 0
77209 1
80969 0
77739 0
75168 1
72829 0
78739 1
73279 0
73659 1
73418 0
71559 1
73069 1
70709 0
71699 1
71579 1
71529 1
74528 0
70839 1
74139 1
71949 1
84939 1
77219 1
78269 0
76859 0
71949 0
72249 1
75769 0
72599 1
72148 1
71789 0
70259 1
70959 1
71359 1
78728 0
72748 0
71429 1
70839 1
70989 1
72939 0
76899 0
77389 1
80749 1
82519 0
76928 0
75719 1
73329 1
74849 1
78829 1
73688 0
71498 0
71469 0
72189 1
71639 0
71389 0
74379 1
73949 1
71249 1
75569 0
73309 1
74979 0
86019 1
74619 1
75839 1
75319 0
70089 1
74858 1
71488 0
72689 0
70879 0
70369 0
73279 0
73868 1
73188 1
70499 1
99939 1
126448 0
