91579 6
51659 6
48840 6
45920 12
50479 11
49360 9
51349 11
51919 5
51990 14
53889 11
60060 13
48550 2
52280 4
52910 10
51839 3
46960 4
52650 3
51410 11
53990 2
50369 1
57710 8
52029 15
50950 12
52890 7
48409 3
52900 9
49909 3
45750 1
48790 14
52159 6
62450 11
50189 5
49629 7
48170 1
49519 3
51910 4
46010 14
48669 0
51470 15
47769 13
48690 3
45970 7
50230 8
51880 4
54400 14
51649 15
52760 13
48930 5
50520 9
47820 13
53159 7
43210 4
50920 3
49029 1
49260 13
47860 7
51779 4
53520 12
51859 9
55650 6
56299 5
51600 7
49190 9
51980 9
45870 10
49219 0
49509 1
50770 10
50029 7
60230 6
47970 8
49450 15
48370 10
49159 5
45050 2
50310 6
50959 11
57650 4
51069 9
48229 3
48330 12
49719 4
49550 0
49910 11
51920 6
51420 3
48389 4
50109 10
50980 5
57819 15
58520 13
48749 5
51370 14
51819 3
52659 5
54940 4
57049 14
58420 6
55300 7
57260 4
50549 2
50449 12
47460 12
50409 14
50479 12
50980 8
44729 6
50510 6
58219 2
48779 13
47450 2
52229 4
48850 13
49280 1
50199 12
48360 13
49580 5
48290 0
46820 14
53579 3
48050 11
49440 13
47969 11
48000 4
47199 15
48639 1
49970 3
48129 5
53309 14
50150 12
43179 12
48310 9
47649 3
47199 15
49980 0
51330 7
48830 11
49550 9
46699 12
52050 6
47910 8
56690 5
47440 6
47209 12
42930 5
50620 0
47169 10
52060 2
54379 13
58099 11
44150 6
47109 8
45850 15
47640 8
49159 3
50520 12
47230 1
47730 5
41580 1
48809 14
44209 12
49200 14
51499 7
49800 12
48620 1
51019 11
44850 6
48399 14
45869 7
66620 5
47939 14
44040 9
44800 10
47389 11
44420 5
44289 7
42069 13
47050 2
44260 12
40730 4
47110 1
44469 15
45919 15
46870 8
47090 8
47279 2
47810 6
40210 14
40090 3
46360 0
45809 1
72280 7
39899 5
41350 12
41540 5
41449 2
41969 8
40270 4
36000 9
38469 4
38539 8
37920 7
36280 14
38950 4
36000 5
39340 15
35550 14
41500 14
37090 0
36689 3
39120 5
37490 7
35870 2
37519 14
39730 9
35910 5
46820 13
37459 11
38200 7
35119 11
38379 8
37790 3
36970 9
34869 0
36749 7
36230 1
39679 4
39660 5
39620 3
36660 14
38500 14
38549 3
37960 14
39890 12
37909 5
38990 9
36660 3
38909 9
39750 14
36330 7
36400 7
38730 6
45100 7
36350 14
35160 14
38980 13
37360 11
36719 5
39479 9
38860 15
38090 13
37589 11
35900 3
37220 14
37249 6
37430 7
37780 9
38479 9
38610 0
36420 6
37530 7
36900 13
37360 11
37210 11
38320 13
43940 2
37160 13
37840 8
35709 0
48040 0
35650 4
38269 10
37810 6
37240 10
35369 6
36469 1
37220 13
40180 8
35079 15
44019 2
37800 9
40199 9
37300 0
41100 10
38800 12
39820 1
36400 8
35410 12
37100 8
37680 7
37410 12
36289 10
37159 2
42410 15
40250 3
44189 5
38330 5
36900 11
38330 3
38100 10
38490 14
40749 3
35550 14
39540 8
36520 15
38859 12
35649 14
38080 12
37159 0
38499 14
38340 12
37100 15
37949 2
39010 5
38450 13
39419 6
37649 2
40530 12
37600 1
34970 10
38969 9
43660 14
38389 10
40909 12
40030 8
36949 0
37680 4
38150 13
38020 9
37279 15
38720 14
41190 3
43050 8
37590 13
40090 8
37809 3
37040 6
38890 1
38450 9
38030 1
36200 8
38240 14
35720 11
37860 14
37580 5
37460 13
35909 9
45079 13
36760 11
40360 8
39780 10
41440 14
41269 9
37519 5
39860 8
36150 2
38949 1
40570 14
42210 13
36270 4
37870 8
36780 14
40530 9
35799 10
37270 12
39290 7
40509 5
37429 7
39870 14
40549 9
39799 3
38210 2
46710 4
36919 12
38060 8
37030 4
38589 2
37169 5
37730 6
37920 14
36080 13
39110 14
39590 14
38059 11
37049 4
40970 13
39829 8
38299 1
37420 9
39840 13
37680 14
39060 9
37610 2
39799 14
38789 7
38510 3
39230 4
37340 5
52470 7
37049 0
37229 11
38400 14
40510 9
42169 2
40570 2
37130 2
39580 11
37919 10
36960 5
36030 15
40439 13
38410 5
39620 0
38650 8
40129 10
37060 10
38330 0
37180 7
39420 15
39410 4
40139 11
39330 12
38220 6
47560 1
38640 4
37950 12
37480 15
38710 0
37720 2
38420 12
38039 9
38960 5
35520 11
37870 15
40279 8
38140 14
39179 11
39909 4
39910 12
37090 10
41229 1
37100 6
37740 6
37839 11
40669 8
38090 6
37939 2
37359 6
38360 6
65060 3
46220 6
46780 13
44320 14
53159 14
57260 1
50109 4
47490 8
49019 1
49009 5
49740 13
49870 6
51890 7
54899 13
50220 12
49750 13
52689 5
46929 12
49580 3
50319 6
58530 5
46720 6
46759 8
49870 5
47160 8
51640 4
51230 10
50139 10
51410 7
50040 2
52340 6
48810 11
51039 10
49980 9
49560 6
50679 1
47060 5
51280 9
53979 4
61999 9
51139 5
46070 0
49599 0
51249 0
48280 8
43289 13
51900 4
45809 7
52239 3
54760 11
52499 9
51630 3
52939 13
55530 12
58560 7
51769 6
54310 3
52300 13
51440 3
60040 4
47880 1
49890 9
51150 2
49150 3
49990 13
53299 9
52460 4
49040 15
52019 9
47390 12
50359 0
49580 5
49820 15
46559 14
47690 7
47649 5
50549 10
50090 10
66449 13
43400 4
48659 5
48779 8
49910 6
47480 12
49159 7
49650 4
53179 3
50390 3
48570 12
50810 15
48680 5
50919 0
52960 5
50099 6
51109 9
50480 14
50070 1
50890 15
60109 9
51530 4
50210 15
52649 5
48280 10
46310 6
44019 5
54380 15
48569 0
53729 9
52270 7
46439 3
51480 4
50070 3
49989 10
47830 15
51369 14
49509 4
50740 14
47989 13
58220 10
50349 9
51120 14
45170 5
50640 2
61600 14
50790 3
50040 15
50290 0
48729 3
51320 9
56839 11
48569 7
51260 0
49449 7
51150 5
51739 3
49270 15
46140 3
51030 13
55490 6
50740 0
49719 13
49290 3
46999 15
49319 7
51670 7
49110 11
49490 0
48460 6
50249 9
44130 2
48989 14
49489 14
48980 5
47759 11
51999 2
53310 15
53119 7
52380 9
60109 7
51559 13
50350 4
52029 12
46700 5
52839 12
49219 2
53570 10
66669 10
48050 5
46079 4
51330 9
50550 2
52419 15
48230 0
51509 10
49079 14
51390 7
45989 12
66540 12
49099 9
49260 15
49030 8
48619 10
51930 13
47079 10
48569 11
48770 5
51799 11
52309 2
50970 10
43679 4
51330 15
47590 12
52409 0
266518 7
46620 10
46309 0
40179 10
35090 11
38540 14
38490 1
37700 1
36820 4
39539 10
39829 3
36620 14
37359 3
38029 12
38930 11
38930 12
38409 6
37820 10
39420 2
37320 15
41219 5
35600 0
37889 5
38149 2
38940 3
45200 3
39389 5
36160 4
37730 13
36959 10
40230 12
36420 2
40730 5
39589 8
39400 1
37690 13
37589 9
39239 8
37860 2
37790 6
35239 4
38850 1
37400 0
37979 0
36179 11
37710 12
38049 9
39229 4
36450 11
40330 2
40719 10
50980 11
38720 8
36819 11
42049 3
37060 4
38219 5
35329 6
40780 15
36690 7
38019 7
39600 6
38940 12
36779 2
37600 8
36630 0
38450 0
38830 4
37040 8
38080 13
38229 6
37769 7
35840 4
37010 15
39980 14
37980 12
37470 9
45219 3
38850 7
38240 3
36250 5
40510 5
38010 11
38450 7
38509 2
39520 14
37990 11
35700 1
39290 15
40960 3
41009 13
40990 0
40760 10
36270 11
38529 3
36940 0
39880 4
36280 10
37660 8
37430 15
36900 6
39199 13
39200 2
44900 7
36149 5
38469 7
38760 3
37490 0
37050 5
38290 12
37260 3
38009 15
36650 1
40130 6
37960 1
36970 5
37380 1
39009 12
42599 10
39510 15
37660 14
35530 10
40280 0
36620 6
38879 4
37289 3
39810 9
36790 2
50439 10
42920 0
44590 12
40039 4
39480 11
39380 4
38259 2
38490 0
37710 3
38629 10
38219 5
39180 10
36680 10
37469 6
39030 0
37220 12
37839 1
37449 3
39950 2
37770 3
39799 11
38560 5
36020 2
37220 12
40260 8
38970 8
50229 7
35070 5
37140 3
37340 11
39899 13
35620 4
39220 7
38280 5
39650 2
41320 13
44899 12
41370 3
43570 9
37019 6
38919 9
37170 11
39150 7
39269 6
36880 14
38070 9
37800 8
37850 9
37280 5
40990 14
38849 11
41600 6
34860 1
37500 1
35689 15
38150 12
36049 8
38570 2
37960 10
39460 14
37520 5
34679 11
39850 12
38309 14
37849 6
34350 12
35760 0
38759 5
37499 9
35130 3
37800 11
36129 3
38440 1
36300 6
38110 11
37479 11
36940 15
37390 9
47319 14
40000 5
34610 5
38889 3
37809 1
38930 13
36850 4
37689 7
35250 7
38450 10
41259 2
42130 12
37840 9
37699 3
38759 2
38250 12
39280 13
37170 0
39160 4
36490 8
38240 9
35820 4
37860 13
35569 10
40219 6
38480 11
50529 2
36010 4
39250 14
36170 8
41120 6
38740 14
39130 15
38660 5
37660 3
37130 10
38930 3
41389 1
37670 1
38070 1
35719 15
39359 0
38840 5
37510 2
37669 5
38890 9
37960 14
38159 6
36970 11
39300 4
37200 10
40190 14
78640 4
47079 13
42310 13
43840 4
49329 3
51530 0
50790 4
50250 3
48840 14
50269 10
51170 3
48440 3
49429 5
54200 8
52049 6
49100 2
51389 11
54730 5
46990 13
60639 12
49550 5
46980 13
54209 2
48300 2
49549 15
47829 7
51280 10
50979 14
51010 7
50659 12
51999 10
53260 6
57099 12
53010 15
52500 8
49550 10
50770 1
51190 6
49300 3
57399 5
46549 12
50610 5
50630 1
53700 3
49970 5
50989 14
49570 8
52020 15
48280 11
54670 8
48789 1
50510 5
46060 15
48709 5
49810 0
49609 7
49260 12
48910 14
47960 10
53620 2
53029 3
47620 14
50170 6
47380 2
49410 13
55640 1
52939 5
50250 5
49960 6
47800 15
48590 3
54709 0
49180 5
45929 8
45670 12
51340 7
50019 8
51180 1
47210 14
53599 13
45890 4
49259 10
50389 15
55770 4
45340 9
49130 15
52890 13
50029 13
48110 9
50409 10
51180 5
48390 2
50099 7
46460 3
48710 3
53319 12
51070 15
51069 9
50160 9
64249 11
