75680 15
65809 7
74080 1
75519 0
80320 2
82049 4
73939 4
75830 14
82859 12
76749 3
76130 5
74039 4
83690 0
63619 8
72340 15
73399 4
73540 10
73909 0
72439 4
74580 11
80259 2
69740 8
76439 7
79449 11
74079 9
79170 15
74690 13
70279 15
70890 8
58899 0
55050 15
54880 3
54290 0
58309 11
54020 14
54620 4
53999 0
56530 0
57189 13
76799 15
55930 3
52979 0
66740 3
55749 6
58840 15
56929 1
56960 10
57269 7
53570 6
32330 11
56820 13
47199 8
44220 10
44070 10
49289 1
46750 12
48049 3
44150 10
47290 7
45879 7
48190 14
48260 13
49479 14
45900 0
49260 13
54399 3
47050 1
45380 10
44799 0
46270 4
46129 2
49980 13
48990 14
45149 6
47010 13
50280 14
48189 4
47510 2
47649 14
46949 9
45370 15
44679 14
47060 14
48010 12
50299 13
60570 11
30530 1
32919 2
31030 0
33180 12
30820 8
30950 2
33689 5
31950 7
29930 3
25200 15
27339 15
24830 15
26430 0
25110 8
28430 11
27110 0
27090 8
27370 9
27470 2
28540 12
28090 0
28690 6
26699 2
33309 7
23530 15
24600 3
25190 6
25630 14
25190 5
26580 13
24490 13
24070 3
26010 6
25339 9
25330 10
25870 14
25010 3
25579 5
27819 13
25790 4
25240 7
24570 12
25119 11
24949 1
25130 15
25640 4
25900 0
24390 0
24950 10
25580 9
25910 4
24570 7
24659 12
26889 9
26720 4
24820 4
23030 14
24229 0
25931 13
25440 7
24640 12
24320 10
34889 10
24330 0
25410 7
24350 9
25840 4
24560 15
23649 3
23950 5
23900 11
24910 4
24440 0
23460 12
24350 2
26130 13
25420 15
24960 1
24360 8
24470 15
25730 13
25060 8
25199 15
25940 6
27469 11
26250 3
24510 3
24700 14
25560 1
24450 8
36290 0
25730 13
22699 4
26009 4
24320 9
26110 13
26100 15
24599 9
24269 15
25770 13
24190 7
25700 11
24380 2
24060 0
23580 7
25210 14
24110 1
25100 8
25189 0
24670 10
24200 15
25720 12
24690 15
24760 8
24150 4
23560 10
24010 14
24679 7
32570 8
25160 1
23890 6
24220 7
25439 8
24589 5
23390 11
25340 6
23930 1
23959 3
23969 1
23779 12
24190 3
24590 14
25540 0
24350 12
25620 14
24910 4
24270 1
24970 11
25149 12
24700 0
25790 1
24980 4
23220 14
25779 2
24320 5
25919 1
26320 4
25210 14
25050 14
24999 9
23259 5
23700 3
25550 1
26530 14
26809 8
24909 3
26070 11
24070 7
32950 1
24440 3
24159 5
24620 7
24830 5
26490 5
24289 6
24430 6
24810 2
23050 3
23720 11
23320 2
24149 7
25130 15
24880 10
23920 5
24010 3
25370 12
23450 9
24860 9
25290 12
24360 12
24649 3
24350 9
25020 11
24660 1
24920 12
25630 4
24880 5
25139 10
33640 7
24430 9
23539 0
24199 12
24590 2
23840 8
24330 4
25870 14
25160 15
22599 2
24880 6
24760 7
25260 9
25369 10
25439 7
24740 2
24790 4
24920 6
24469 11
24070 14
24000 7
23510 4
24940 14
29089 13
25249 11
24629 0
23720 10
23600 4
24180 11
34859 3
25769 9
25030 12
25210 12
25740 8
24100 8
24150 6
24460 15
26070 7
25330 3
24349 9
23110 4
26130 3
24960 9
24870 4
25289 6
24269 7
25260 12
24090 12
25220 3
24369 12
25360 3
25069 7
25910 8
24970 12
24370 3
25089 6
23749 11
24680 15
25360 3
25910 9
25730 7
25379 11
26490 1
26780 9
26370 6
24719 10
25519 7
23870 3
24970 14
10045913 10
25660 15
25690 15
23850 14
24250 0
25290 15
26270 8
44759 12
38900 9
37440 6
38320 12
39149 9
39000 12
37720 5
38499 7
38710 12
41460 13
42899 13
38870 8
52780 3
34820 11
39349 4
38370 3
41830 9
36879 10
36150 14
39480 4
36189 9
39019 13
35490 9
38050 1
36509 8
37850 10
37390 11
38310 11
38710 15
37200 10
39560 13
38349 8
38660 15
38200 11
39349 11
39490 10
39630 2
39949 7
46629 11
36460 7
37030 2
37770 2
38320 9
40570 4
33169 6
32430 15
32180 1
33610 15
31949 8
32350 9
32980 15
34199 7
34519 11
33800 7
33700 9
34249 12
40259 8
31480 15
31190 9
31350 7
32070 12
33090 13
32820 6
31970 12
35009 5
31430 14
31920 4
33520 9
32310 2
31900 6
31720 8
31640 0
32320 14
33070 13
31180 9
32399 2
31410 10
31200 5
32150 13
33360 12
31250 1
33259 2
31680 14
33450 13
32640 0
31899 12
40470 13
31739 15
31970 9
31510 0
30410 3
32220 15
29859 14
26879 13
25250 1
26560 5
26849 3
25500 5
25039 7
25740 3
25990 13
23490 11
24720 3
24470 8
25440 4
26610 4
25300 5
26660 1
24800 3
25130 9
24950 5
32529 3
26070 6
24600 1
24910 9
26679 0
25200 6
24390 6
25010 15
26610 0
25620 2
25000 2
24650 4
24220 14
24840 7
24599 11
24039 10
24410 6
24450 5
24910 14
24850 7
25780 5
25640 2
26730 11
24170 14
24780 5
26070 10
24760 10
25590 11
25710 5
25850 10
24889 6
25360 0
26260 13
26160 9
24900 11
24480 11
23620 14
24640 13
24110 14
