20360 12
5450 4
5040 14
8720 4
8540 7
5520 1
14809 9
13850 9
4300 7
8840 9
4220 1
5660 9
7920 5
12390 10
5170 6
14280 14
3750 14
560 0
6370 14
8610 12
119830596 11
18980 9
31589 13
4270 11
6540 9
5230 5
560 0
470 0
3550 8
8710 12
4940 15
4700 4
4090 1
3670 11
3370 7
3320 11
4140 13
5010 5
9540 10
390 0
68809 3
5310 15
3480 14
3790 2
7120 6
3030 8
5410 1
3920 1
4030 6
4730 10
5290 13
10510 4
3980 14
3080 14
11420 12
4440 13
6591 2
3720 2
3689 14
3160 11
4631 2
13179 4
8460 9
5600 1
3190 1
9150 13
370 0
240 0
4470 2
5750 1
6620 5
5670 2
5600 10
6700 11
6200 7
6060 4
5500 4
3980 4
280 0
5770 10
8769 8
2860 11
2980 1
4780 12
289 0
57530 15
3140 1
8930 9
10130 9
11160 8
3620 14
5320 3
9819 9
4871 6
3811 2
5269 3
7880 13
7689 10
3610 5
6340 2
320 0
3010 11
4920 8
4310 13
5580 11
3860 14
6110 1
280 0
7110 8
3800 14
3490 6
34330 15
4150 7
6959 9
6140 3
5980 14
5409 12
380 0
12509 15
7240 3
4310 13
3550 14
2990 2
6680 3
5040 13
3940 15
7430 6
15490 9
2850 14
3870 2
20260 15
4530 4
4110 13
3540 7
5520 4
4009 6
3091 1
4280 12
9089 15
5090 5
17500 15
4710 9
5150 1
3560 11
7010 3
4620 4
4650 5
4080 14
3870 7
4500 8
4050 12
5410 1
280 0
3720 1
6300 7
10790 9
6410 8
5420 10
3931 14
4220 8
2569 1
4220 8
5351 8
4889 11
11170 0
6810 3
1062012 14
4580 3
3160 7
20350 8
5020 5
5350 13
320 0
92519 14
3760 1
6940 8
7330 9
4980 12
6160 8
3850 3
4780 11
4310 12
3050 11
11470 12
3910 2
4020 11
11660 12
320 0
4490 14
4800 12
9240 12
11020 15
7790 14
3590 11
4250 6
8030 6
3090 8
3100 8
4780 12
4400 9
4440 6
3140 2
11320 8
5360 11
4350 13
4840 14
9690 5
11050 15
6810 15
3280 13
2989 13
3780 13
3329 1
5020 14
3389 10
3591 11
2889 1
6290 7
4930 15
7790 9
11310 8
5020 0
7330 2
5830 10
8310 9
5050 10
4620 11
4640 5
10820 14
570 0
9510 15
3600 2
6550 6
8619 10
14269 1
4609 14
8529 14
11560 12
5370 10
4810 2
8220 4
4150 11
9740 9
370 0
7790 15
380 0
7700 12
4060 6
4190 10
6420 9
4090 10
6890 8
5490 3
14990 3
4860 4
540 0
6431 3
4920 12
13259 9
3490 8
4250 10
3180 3
3770 5
4690 12
330 0
4720 1
9620 5
6190 13
3670 7
320 0
5470 14
5030 2
6330 14
3140 11
2970 13
3800 7
5560 4
8820 14
3930 2
5200 13
3920 8
5840 4
11240 15
4589 11
7190 4
4580 13
2190 0
5510 6
4320 2
7340 12
8300 14
5960 1
6630 4
4950 14
4030 10
3310 8
3470 15
5640 2
4670 12
3420 11
3740 4
4180 3
11010 9
4710 6
3770 10
4340 14
4700 4
4551 11
4520 13
4991 4
6839 4
7630 2
3700 5
13550 13
3350 1
3240 7
8160 3
4310 11
10390 15
4200 12
3270 13
4240 10
3240 1
6760 5
2960 7
4240 3
290 0
6070 8
10809 9
3780 12
4669 14
4680 5
9509 15
7589 3
3640 6
4150 10
4830 2
3510 4
3380 6
7550 14
6900 3
4370 9
4250 8
5340 6
300 0
4750 2
5340 5
5150 14
780 0
3370 13
4680 3
5800 2
4560 11
5550 3
6179 14
3580 8
4680 14
2571 1
3469 11
4620 14
10070 9
4720 3
5190 10
3030 6
6690 1
3580 11
350 0
3690 11
3930 7
3540 4
16000 9
3830 2
8190 8
310 0
2910 7
4760 12
4370 11
9070 8
3400 8
5380 11
4140 15
11130 12
4389 14
4020 2
4300 4
4391 4
10789 9
7380 3
6380 1
3050 12
5210 1
4410 5
14130 9
4580 6
4430 12
11290 14
5110 3
3890 7
3480 3
2830 13
6250 6
9210 6
6640 15
4089 1
4931 8
3429 2
3500 14
4351 4
2729 7
8740 12
6530 6
6220 12
4620 1
7420 11
4660 1
4630 12
5200 9
15180 14
530 0
12190 2
6410 11
13670 7
5360 13
4020 11
431 0
5411 2
10100 14
5649 6
360 0
13410 14
4740 12
9810 8
4780 7
13730 6
4770 2
5870 4
380 0
4430 3
5750 8
6140 4
5400 3
5990 4
6570 15
4130 10
12400 6
4451 10
9560 11
12680 6
3580 3
4320 14
5210 3
280 0
360 0
210 0
4700 2
8280 4
4040 13
6090 10
4200 3
4270 12
4510 7
3920 4
6390 15
5370 3
3710 12
3670 10
12700 3
4570 3
4080 13
28709 9
4290 11
3140 7
5000 14
4270 12
5230 14
5320 15
5140 5
4080 1
11690 14
4590 7
6310 1
4650 3
6080 9
6690 13
5500 3
4040 13
4240 13
4590 2
4560 3
3849 5
12220 12
4900 6
3291 3
5050 12
5340 2
3750 5
3650 7
4150 2
4060 5
4570 2
4910 10
430 0
320 0
6510 5
270 0
3110 1
4270 12
3680 5
3830 11
4580 11
3970 1
3590 5
3810 11
23030 5
4610 12
3210 1
3439 1
4660 14
6049 2
9851 14
7099 3
7250 7
2910 3
11750 10
7200 1
14000 9
2940 13
8140 8
7670 15
4260 5
3750 4
7030 14
3250 11
4200 4
4300 1
8540 10
12630 9
4509 12
6571 4
3851 8
3580 4
2799 7
4240 8
10460 15
3500 2
5710 10
8720 15
4730 13
3650 14
8280 15
5040 2
5580 1
5110 4
4710 15
3690 3
3360 3
4710 5
5130 5
3980 2
3690 4
5810 14
3519 4
6269 9
4189 3
4791 4
4420 10
3529 8
4150 13
4020 8
480 0
5540 9
5120 6
14960 9
5810 8
7550 12
2940 7
7850 4
11700 9
3150 1
4450 10
8080 13
4220 8
3400 13
4310 15
15139 10
3869 7
3560 7
4071 13
4600 8
8559 6
4180 12
4090 10
10270 8
3140 13
2930 13
3360 13
6730 6
4690 5
7910 5
5260 8
4300 1
4390 14
620 0
4280 2
3000 7
4070 2
3000 1
2910 7
3530 14
3940 4
3610 13
5030 8
4230 7
11411 2
2831 4
16399 9
3440 1
4480 13
3710 14
11300 12
9460 10
3080 14
3620 0
4520 4
6280 4
4010 13
7940 4
6680 8
4640 13
5100 13
360 0
3400 11
3970 13
3940 2
4780 3
6060 9
8660 1
3009 7
6031 8
4280 13
320 0
2911 7
9090 14
4990 6
5920 8
4690 14
7450 2
2850 11
9660 5
7590 9
5530 4
3430 7
3340 7
3800 2
4150 7
6270 8
4330 10
4760 4
7410 14
4120 8
2940 8
8569 15
2909 13
4031 4
3280 7
12740 5
3850 8
5070 14
340 0
3730 11
4510 4
4440 7
4080 6
470 0
3040 13
7140 15
5980 12
30820 9
4860 8
3050 13
9520 5
3520 14
5709 1
3380 8
5020 6
4651 12
7851 10
4209 3
309 0
4940 9
3800 7
3860 1
4540 15
4960 13
3860 12
3350 11
5380 10
3180 13
3410 3
3560 11
4250 7
3340 7
5930 2
8450 9
5410 12
7740 9
4880 5
3570 8
3350 7
3740 13
6210 14
4760 7
8471 15
4109 5
5211 12
6020 10
9330 3
3920 13
8100 2
7680 10
3130 13
4180 2
4680 1
13510 9
4370 9
3280 0
7610 9
5340 12
3420 13
3770 3
4000 14
8110 10
4670 12
4150 14
4800 8
8411 9
14610 15
3240 11
5580 14
4190 2
7090 1
320 0
3850 11
4760 8
3280 7
5280 12
6400 3
8540 10
3760 5
4580 12
3840 1
5010 14
8250 15
4010 7
3790 4
3440 10
3420 13
6290 14
5029 10
14011 9
5449 7
4510 7
5760 4
4530 8
4200 3
4730 3
5090 9
4930 6
6260 9
330 0
3290 2
7600 5
4470 1
340 0
5850 9
8110 12
3030 3
3460 7
3640 12
4160 8
5600 12
4150 8
7570 2
20199 15
4620 6
6080 4
3760 7
370 0
5470 11
3500 8
4830 10
4560 14
8150 9
9770 5
10150 5
4090 5
3610 7
360 0
6430 14
4280 12
3710 11
3060 11
4020 5
7780 3
6420 2
6620 2
3211 13
22620 15
5760 12
6990 3
4770 9
380 0
3410 2
6060 14
3420 13
3280 1
4090 9
4350 9
4080 7
5120 4
6170 14
320 0
8220 3
13290 9
3580 11
4870 2
6030 9
9169 8
3900 14
6440 9
4540 14
5040 13
4589 5
2150 1
12090 15
5990 2
5000 12
6090 8
2890 7
3220 1
3600 3
4120 2
320 0
6390 5
4770 6
5840 2
5360 7
3700 10
5300 8
5370 5
3150 1
6590 3
4280 8
4100 14
4339 3
3949 4
311 0
9829 9
7780 5
4010 11
4250 5
4550 3
13590 8
5570 1
3120 13
9650 4
3790 7
8690 9
8230 3
11440 2
6260 15
6480 6
16319 15
300 0
5691 3
17531 12
17230 14
4530 7
6020 6
4120 13
3590 11
4190 6
3750 7
3440 11
3250 11
3890 2
6350 10
4110 3
6310 3
3430 8
4450 6
4910 9
14790 14
6370 2
4379 3
9289 10
3180 7
2880 7
6640 5
5171 1
3689 11
3730 0
3740 1
740 0
7430 10
4630 6
3770 13
7210 14
4330 3
6040 13
4540 11
8710 15
3000 2
7140 8
3560 11
370 0
5370 1
4450 9
8480 4
6920 15
6240 15
4311 10
4131 2
7571 12
4660 14
5609 3
5920 12
3180 11
5640 14
5180 8
15970 12
3260 13
4570 3
6070 13
410 0
6270 4
8710 6
12130 4
6520 9
4040 4
4990 14
13389 14
3300 13
6649 10
5549 8
7189 10
3920 8
3820 8
10840 8
8680 4
8980 3
6100 5
3560 1
12180 15
9330 1
6790 9
5450 10
3560 7
4520 1
5890 12
11250 12
7671 15
3720 6
5720 5
4089 3
10880 14
7890 9
4790 3
4400 4
4430 3
4700 4
370 0
370 0
7420 3
3660 7
9560 14
11470 14
6240 2
3850 4
3400 3
4120 5
7450 15
11210 2
4439 10
5909 10
4320 7
6920 8
6371 9
280 0
2969 11
4670 12
18470 15
4680 4
3410 11
6220 14
4500 5
3260 5
4790 7
12750 15
216888 11
