234426 18
20720 13
180657 20
131338 8
164427 1
86899 2
175347 8
22989 13
66328 6
77809 3
137258 11
133208 4
110068 2
131068 8
189797 3
259086 3
311115 14
259766 3
83639 12
148717 7
120708 20
150557 19
109148 11
142768 5
113108 14
74139 9
92109 3
247876 21
198946 23
107678 18
106258 2
166087 3
297555 6
91198 4
159787 19
212347 7
176558 22
209766 5
115318 9
85128 5
116699 0
99309 2
73669 17
357374 22
211887 9
240546 22
115688 2
158578 4
159737 8
280496 7
158098 22
104739 11
194766 20
89658 8
108338 11
74189 4
113758 1
239197 6
122658 19
90249 17
130288 21
157697 18
97638 19
176087 20
96749 8
112938 8
233126 17
171138 8
100539 6
261466 1
176997 17
114408 3
256966 9
142978 12
122058 15
67549 17
59469 14
498602 21
156908 14
158017 10
298145 19
119939 15
91309 14
88969 2
211646 5
139358 4
92999 20
250006 7
348254 15
143698 19
98748 1
66199 15
69859 5
246326 1
216477 23
110488 23
171397 17
110888 15
176327 5
123758 21
112468 6
130988 16
103199 17
137357 14
19850 13
271926 14
92778 18
161867 20
193966 9
236366 3
112898 23
105008 7
122909 11
134267 14
101679 9
98258 0
102579 4
96678 20
144808 2
100998 15
83549 19
69429 9
228996 1
113468 16
196817 8
161088 12
134047 18
258267 14
208346 17
34570 13
178098 21
89568 3
205637 5
236586 1
111859 16
77379 3
121849 21
175477 0
91628 11
101788 8
238616 21
481322 21
374084 22
104929 23
187317 19
231746 4
112888 0
80129 0
82689 2
120418 14
71909 17
139988 21
212766 5
142938 20
231146 14
150228 10
172767 21
145118 19
147087 16
209077 19
355294 23
116218 15
112858 20
191517 10
98308 2
117178 1
210587 22
162168 3
127318 3
131298 2
66138 19
105809 6
103218 12
136838 0
69419 11
54319 17
30120 12
159947 21
179697 21
93129 11
121398 4
114038 20
183377 4
83739 10
10400 13
76228 19
115289 6
160167 8
207287 20
265636 0
118929 2
176228 18
76848 5
131818 3
97019 5
150998 16
116988 10
150267 2
91648 7
187207 4
78779 15
78638 11
89288 18
96979 23
84749 20
110508 19
35900 12
152757 5
173348 1
105718 19
172057 23
76309 11
269796 22
96178 1
56440 17
122829 14
10999 13
527902 21
274236 7
133997 6
183388 9
480732 7
94478 20
157267 1
34940 12
83619 2
182797 7
95899 18
96358 1
79649 2
52429 7
67139 15
399424 22
216166 3
165617 4
766838 22
88838 12
9160 13
143368 3
76198 12
207946 16
88489 5
124328 17
98028 3
215077 2
201277 21
173107 3
120568 17
80389 8
329885 21
271315 8
157558 19
109118 1
57049 19
107348 20
31749 12
115688 6
140328 8
10640 13
218776 0
161068 5
302015 4
133428 3
127288 21
250206 0
112298 9
490872 13
4034737 10
68828 15
113298 7
63719 10
151107 3
96599 20
201207 2
115158 5
179277 9
107308 9
175818 8
184797 10
58550 12
140538 3
214546 20
139548 2
138388 7
228136 10
216367 17
151397 9
216287 21
188707 21
294865 17
75329 8
281096 17
107579 3
156597 4
90499 0
187427 20
114168 16
83119 9
204347 11
233307 21
126108 22
163347 18
142048 16
233056 6
93429 2
240926 4
188507 2
223436 18
73188 15
202547 2
146608 1
113468 5
109268 0
55789 14
134228 16
112209 5
155958 22
70359 19
118358 10
195127 10
166307 9
368215 1
189608 2
449753 1
183408 7
116328 20
114098 11
90478 6
86638 11
200277 15
80699 4
183487 18
136387 7
187317 16
152777 8
82659 6
139018 20
217566 0
261096 20
132188 16
101618 4
240087 0
151837 5
262836 5
62839 17
22980 13
98418 2
149548 19
248676 20
138038 21
164817 10
128958 21
128178 23
164188 8
169488 22
422763 12
154398 19
161287 5
399494 21
98118 9
202657 1
129938 3
82259 20
8970 13
120238 2
103249 6
140568 5
254196 7
187007 23
62239 8
106858 10
102708 4
187986 18
128527 20
278115 2
147348 22
186877 6
94728 7
234387 21
102988 3
95159 7
270795 12
118418 10
172618 19
103998 22
272506 22
130108 2
76819 18
212717 20
292005 21
174487 18
135007 8
138987 0
125158 15
230417 4
118378 21
90558 12
122347 3
119138 11
103748 21
230436 8
166568 7
154987 9
49100 13
227037 2
71889 0
153347 15
206207 15
224287 9
105338 12
184317 9
148968 6
165027 22
143928 2
101878 2
101689 15
159448 2
74049 0
107088 0
23750 12
90468 3
168718 6
139978 11
200537 11
165338 23
167037 8
129248 16
177577 14
217357 10
89418 2
13250 13
75779 10
96758 12
162728 5
68229 3
180937 23
76109 12
100628 10
291006 20
70059 3
78799 1
131978 8
264716 4
246636 23
110108 2
98678 17
159988 5
279856 6
149967 4
106989 4
202757 17
155358 6
335745 7
146527 5
73869 12
157658 9
79798 0
174707 3
184437 16
216896 3
205707 0
78949 4
200087 23
114659 6
118278 11
342434 22
126887 19
157297 6
118688 2
197807 4
261036 7
312765 1
347545 22
267806 22
360624 7
185827 14
174147 6
14040 13
93148 12
288536 23
168587 2
341595 20
200147 11
372234 18
105268 1
149958 7
167317 5
81869 4
27859 13
125338 16
183866 20
197246 8
113059 1
160248 19
263766 3
209187 23
124858 16
37259 12
65609 16
214406 7
238106 5
117918 2
58049 16
109028 21
24700 13
232876 2
137488 10
77259 19
85618 19
82778 21
193017 12
127418 1
109398 4
121538 2
291215 0
109248 6
186167 7
75579 15
104648 4
76989 10
192067 1
84899 8
14130 13
104109 16
160627 22
85709 15
202087 0
93628 6
341025 1
34039 12
118298 8
249096 19
134918 1
56329 4
68128 15
123858 1
103779 17
26969 12
113948 0
121867 8
165798 4
165937 8
139768 3
247326 23
107659 15
143917 15
131948 23
216107 17
137828 2
81289 14
74279 11
173667 4
77729 11
252946 10
133648 17
171897 18
125258 1
91049 9
182617 18
169167 19
180107 0
104418 4
135688 15
136928 1
90108 20
131998 10
56649 7
69589 11
66019 18
113278 14
110348 2
62289 10
74749 2
109788 6
61019 2
73239 1
71659 17
171847 0
60829 8
87059 22
55559 15
1146262 23
72229 10
94678 20
517032 21
140728 6
103828 10
135858 4
245986 0
87919 1
136688 4
113508 21
145588 1
83738 11
230177 15
90558 17
257626 18
212867 4
131178 4
107028 14
22860 12
77968 23
88378 1
142438 15
26539 12
47439 15
80149 14
71949 15
99119 1
72548 3
28310 12
105628 0
139358 21
154998 4
191797 16
72798 8
29639 12
133468 9
126828 3
161587 7
145738 20
218516 14
98278 19
74929 5
260436 4
140057 9
196068 18
94329 9
139798 14
154257 17
246177 8
213396 4
108858 22
117029 16
17819 13
125518 2
143958 14
135158 7
10110050 15
69939 23
54189 0
51649 9
63359 5
95399 18
46479 13
124508 1
74039 8
56829 5
57429 11
66579 7
53249 19
105199 8
90219 7
91938 20
120888 19
108778 7
62819 1
65869 3
89798 2
71568 19
257796 18
131068 21
106709 17
114849 19
194996 5
108148 8
194567 11
185018 22
105529 15
163157 2
217057 2
189907 23
364634 23
125878 9
90109 0
211437 3
125018 2
126738 0
291165 1
210777 8
158928 15
80988 9
59859 15
197277 23
97948 18
117888 21
82239 7
63629 11
407793 20
378964 3
166437 9
112648 18
228746 4
189477 7
192447 11
203507 11
21770 12
121268 3
103858 17
191977 14
67829 3
98638 3
147527 14
113098 8
264806 3
90689 18
132757 21
193397 9
249016 11
178937 18
126468 1
50559 2
132958 4
85149 12
160017 6
86769 14
287076 15
41389 12
102419 2
370594 20
221836 2
85369 23
86969 20
106368 1
88118 10
111468 9
101088 15
172408 12
107759 15
138607 20
242986 2
32669 12
145058 11
119208 0
140448 14
152588 23
109208 12
224306 6
184417 22
122618 5
358994 20
196168 5
120299 23
220456 15
150708 16
443413 12
162367 8
25060 13
145298 4
242277 21
155337 11
173477 10
169238 17
277225 22
81039 12
123558 6
371684 22
228787 10
94428 15
302375 11
180888 4
173708 14
103258 14
80929 11
97208 19
133028 16
123518 14
83229 23
87608 4
109199 7
209046 6
190697 17
222077 6
10102730 2
444933 2
92339 23
127498 22
80728 17
152008 2
357834 10
151118 12
87319 11
85378 12
132138 11
374854 8
84329 23
131358 11
7163267 19
142707 0
186726 3
101968 15
100688 6
56150 17
240976 21
55849 7
84198 23
77569 3
105828 23
80509 21
100669 21
68139 10
86468 5
59679 0
94069 1
194717 22
9289 13
180918 6
149987 17
96769 5
118008 11
319925 3
168497 8
33850 12
106739 2
177317 18
12200 13
269936 18
77098 7
91119 12
134658 22
214396 15
235656 8
127328 10
221096 16
129848 2
25250 12
91248 20
65129 14
76139 0
72559 8
110168 18
107259 10
60790 12
98339 3
31710 12
87709 20
123108 7
177787 22
178027 0
179578 7
125768 11
87718 8
116528 21
75648 15
419214 21
59329 8
75889 0
165028 17
113278 16
102809 16
195397 1
133568 14
95699 7
97998 20
85439 10
156927 21
120528 22
131448 15
132438 22
250036 2
79429 19
253426 4
98248 23
177427 21
68568 16
56489 9
98948 14
80999 16
108459 20
61989 1
110298 1
86789 7
320085 11
102308 20
13540 13
94408 18
460833 2
98438 11
134978 16
255876 2
100808 17
30989 12
80789 3
106848 20
39230 12
142137 21
77408 4
142698 12
78859 12
274086 23
141138 10
130968 15
275186 22
302325 15
136318 22
15339 13
136218 15
109699 12
140558 9
159848 10
189547 20
334745 8
90208 6
21690 13
275936 8
58708 13
260396 14
179886 1
154138 9
95869 0
94758 11
223117 12
86378 9
102259 0
77819 14
220207 16
196727 17
68499 13
245286 20
195657 8
47669 10
141408 20
194477 9
138127 17
89119 5
314375 0
55999 10
215297 6
191187 23
114138 14
182707 2
66739 15
65089 1
42189 4
60088 14
165557 3
104258 7
26830 13
246356 0
228886 3
29940 13
156707 23
55079 0
56569 15
120198 4
27499 12
51229 19
54140 11
57010 1
231656 16
