42030 3
47839 0
13831 2
14499 3
1070 7
11590 4
9630 0
11810 7
630 7
580 7
18520 0
25980 4
8120 1
6509 1
5631 1
47231681 4
4660 2
7200 6
3500 0
4810 3
410 7
3440 5
3990 1
3220 6
3460 2
3510 6
3450 3
6240 3
3530 4
4440 0
370 7
3840 6
2960 2
3050 3
3840 4
3220 6
3910 2
3969 1
3540 0
3120 0
3491 6
3649 6
4291 0
3129 0
3031 6
3320 6
3510 6
520 7
3600 4
260 7
360 7
3700 3
3200 4
3510 3
290 7
3320 4
2830 2
3360 3
3610 5
3330 2
3970 5
4250 4
3220 3
3500 2
450 7
3960 1
3620 4
3770 4
3190 6
3860 6
3320 6
3560 6
3270 0
3080 3
8190 5
320 7
3560 5
3969 5
291 7
3571 4
3029 4
380 7
3620 6
3940 4
3860 1
5960 0
3970 6
3750 0
3750 1
3520 6
3750 4
3950 5
3510 2
3840 1
3360 1
4290 6
3260 0
4020 2
3640 4
3830 4
2810 2
3970 5
3879 1
3431 5
3580 0
3440 3
3480 1
2829 3
3640 4
3520 0
3870 2
3160 5
440 7
2860 6
3690 2
3320 2
5260 4
340 7
3180 6
3830 0
300 7
410 7
3110 4
3220 6
3460 0
3450 4
3270 2
440 7
3170 0
3730 5
3120 2
3350 3
380 7
3650 6
3550 6
3180 0
3200 4
3110 2
3760 0
3670 6
3100 4
3340 3
3200 4
3510 5
3580 1
2960 5
3740 3
3580 0
10629 6
3571 4
3389 2
3520 3
390 7
3040 3
390 7
3150 4
3080 3
3200 4
3060 4
3160 3
3300 1
6080 2
300 7
3810 5
3850 1
250 7
4080 6
420 7
4160 3
3290 4
3350 6
4050 4
3210 5
3630 2
2930 2
3370 1
3360 4
4020 1
380 7
3140 2
2940 6
3320 1
3280 6
3240 3
3620 4
5770 1
3349 4
3431 0
440 7
3371 4
3520 4
3180 6
3560 0
3611 4
3189 0
3091 6
3449 5
3440 6
3140 0
3680 1
3520 2
3260 2
4080 5
4000 5
3370 6
380 7
3470 6
3360 5
420 7
3270 3
390 7
3800 2
3440 1
2900 2
2970 5
3660 1
3020 1
3440 6
2960 6
3370 3
3130 4
3720 0
9280 2
3909 6
4120 0
3480 5
2971 3
3389 4
3391 0
3100 0
4100 1
4099 1
3560 2
3180 1
3710 2
3790 0
3380 2
3280 5
3900 0
3440 4
4310 1
3570 1
2970 4
3830 5
4090 0
3270 6
3430 5
440 7
3320 4
3760 6
3530 5
3610 1
11720 4
390 7
3720 0
3250 5
3450 6
270 7
3900 6
6920 5
280 7
4240 2
4509 6
3400 5
3480 6
369 7
6280 0
3729 0
4310 6
4100 6
3550 3
4110 0
3730 5
4250 1
470 7
3640 1
4090 2
4060 1
4120 6
5520 4
2730 4
3920 1
3540 6
390 7
4440 6
4080 4
6210 1
6600 5
4040 5
6290 3
5150 2
6000 2
7490 3
320 7
5780 2
3600 1
5690 4
5970 4
7940 6
6360 6
5630 5
450 7
6080 0
5119 4
4051 1
3280 3
5809 5
10340 4
5400 2
4610 5
3350 2
4530 2
340 7
5130 0
4680 5
3690 0
5300 4
4040 0
5710 1
4070 0
4760 3
3880 2
3770 5
360 7
3290 3
3670 0
4260 6
4390 4
3810 4
3440 6
270 7
430 7
5090 5
3800 2
6359 6
4160 1
4591 1
5900 4
5249 0
5131 3
289 7
6350 1
4140 6
5580 3
4670 6
280 7
3470 0
350 7
5470 2
3970 6
400 7
6140 4
6880 3
4910 0
6360 4
4150 3
6830 3
6640 5
4790 3
6400 1
10380 1
10389 2
3651 3
4269 1
5520 5
4980 4
471 7
9940 6
6190 5
5650 0
340 7
6030 0
6030 5
440 7
460 7
4720 3
6720 5
5260 6
410 7
5520 1
6310 3
5939 6
4880 2
4969 6
3969 1
4151 6
4580 0
4969 6
5290 4
4090 2
5970 5
5100 1
5340 1
9680 0
4650 3
5830 4
6840 3
5520 6
5120 6
350 7
5130 3
4570 2
6400 3
5710 0
5130 0
5870 3
320 7
4590 3
5500 0
5609 5
4471 4
5000 3
4340 1
300 7
4480 2
5630 0
4390 3
5530 4
5430 3
3540 2
470 7
6040 5
5360 3
3560 6
4990 2
5270 5
6150 5
300 7
3540 0
6970 0
3660 5
5520 3
4820 0
3650 4
4560 6
6510 3
7679 0
3891 2
5129 4
6591 2
3469 2
5231 5
309 7
5650 6
5620 1
8240 3
400 7
4520 6
5650 2
3660 3
7600 5
8280 5
5020 5
5040 6
3560 6
6390 4
4810 6
5070 1
5620 2
5540 1
410 7
9630 3
6010 1
4520 4
3789 3
6200 1
9580 6
4600 2
500 7
6580 3
10520 1
5650 1
6530 0
5880 4
12730 4
5620 3
4980 3
5510 2
4820 3
5390 3
5440 3
11069 6
369 7
3869 4
4591 4
5520 1
329 7
4780 4
4790 4
5010 4
7510 5
3930 4
4430 0
13890 4
4640 1
5810 2
4060 5
5650 4
4720 0
3460 6
4320 1
4670 4
8230 1
3960 5
3490 2
6540 6
3370 2
399 7
4369 2
4489 2
5749 2
4171 1
3709 4
5500 5
3830 4
5290 4
4770 5
4360 6
4780 3
4270 2
4780 6
360 7
5520 2
4230 5
6250 1
6550 0
3810 5
4660 3
290 7
4770 6
7380 0
5330 2
6630 3
5550 5
800 7
7500 2
10740 1
3500 2
6129 3
3591 1
3540 1
6249 5
5820 3
4200 1
13370 1
5530 1
4100 4
390 7
410 7
500 7
4780 2
4670 1
4710 3
3920 0
3250 3
280 7
5010 0
4290 4
6190 5
5490 6
5040 0
4590 3
3540 2
6300 2
4600 1
4349 6
5731 2
4389 6
4820 4
4429 6
4471 6
5240 2
5559 5
4990 3
6420 3
5110 2
430 7
5770 2
5880 4
8670 4
5140 4
5430 4
6370 3
4770 3
6510 1
4990 5
17550 3
6200 3
7050 2
3890 6
389 7
4880 5
3800 1
380 7
5709 0
4931 0
4160 4
3340 0
5450 3
4200 6
4930 2
5030 1
380 7
380 7
4940 1
3470 3
5590 2
5090 3
4010 5
5330 2
4940 3
5030 2
3260 3
470 7
430 7
5880 6
5110 1
4250 5
5260 4
5270 3
4580 3
3760 4
5329 1
4560 3
3760 1
4749 2
411 7
3489 2
9151 0
4509 6
5750 6
5230 3
4280 1
14320 0
7780 1
5000 6
3650 2
3220 1
3600 1
5630 1
4210 6
3800 0
4940 1
4790 5
3690 5
3300 5
6640 4
470 7
5770 0
4950 1
5929 2
4140 6
5371 6
4769 2
400 7
5340 2
5950 0
3950 5
400 7
5750 2
5050 0
5180 0
4310 5
4800 4
390 7
410 7
5640 2
4940 0
4130 3
6020 0
4611 3
3691 3
4829 6
4400 1
331 7
4060 4
4660 6
10530 2
9560 5
5770 6
4110 4
5890 0
5720 4
12730 6
5580 1
5850 6
460 7
6970 2
5010 5
330 7
5460 5
7840 2
440 7
3680 6
6120 5
3229 1
3300 1
3500 5
4240 2
409 7
540 7
4111 1
4179 2
4540 2
4610 5
6640 2
5020 4
5940 3
3780 3
8000 1
4410 6
280 7
4440 5
440 7
390 7
4160 6
5600 3
420 7
5290 3
5250 5
4340 6
5430 4
380 7
4490 1
6510 1
280 7
4840 1
9879 1
5411 5
5360 5
4920 3
7489 1
460 7
6680 3
4480 3
5510 5
4480 6
7760 3
3880 3
4240 4
3950 2
3490 4
6230 1
5190 2
4660 2
400 7
5020 1
3130 6
5120 2
6550 2
11960 3
4800 6
4490 2
5269 4
4660 6
4091 2
4280 5
3989 3
5329 4
5780 1
400 7
5140 4
6380 5
5390 3
430 7
6130 1
4660 0
6940 2
5110 5
9750 0
5270 0
300 7
4290 6
470 7
3829 3
291 7
5229 1
6329 1
6420 6
320 7
6129 2
411 7
14400 0
5700 2
3640 0
4170 3
3970 1
7920 0
5380 0
4990 0
7440 5
5070 4
5230 2
3720 2
5580 1
3400 0
230 7
5400 1
4020 4
4130 3
4850 5
4460 6
16029 6
509 7
231 7
4991 6
4589 3
4710 1
4410 5
4850 0
29260 6
260 7
5400 2
4800 3
4740 3
3750 4
5390 1
3320 3
6200 6
570 7
3490 2
4000 5
3930 3
5210 2
5150 4
5379 4
4811 6
4780 1
5949 0
5371 3
6339 6
6770 2
510 7
7350 3
520 7
6610 4
5550 3
6880 6
4300 4
5360 1
5460 6
6730 6
6710 6
5210 1
7440 0
4660 0
5620 2
390 7
5590 5
3740 0
5389 2
10100 2
3720 3
5291 4
4979 4
6100 6
6020 6
5460 6
350 7
6040 0
4890 5
5070 1
8380 2
6550 0
5370 1
10709 4
4400 4
14940 2
13519 5
4840 5
310 7
3570 2
480 7
21480 6
5650 3
15140 6
5660 2
440 7
4350 5
6570 3
6590 2
430 7
8220 5
4550 3
4270 2
5140 2
6920 4
6660 2
280 7
6169 3
5940 1
4850 0
12530 5
7100 5
280 7
5120 6
6030 5
4720 3
8400 3
10510 1
350 7
4540 1
4990 2
6240 5
270 7
4460 4
4620 2
6260 1
7300 3
420 7
3840 3
11669 6
24869 4
9970 3
4350 6
4300 5
460 7
9540 2
350 7
27680 1
13680 6
11330 2
4510 1
5970 4
8580 3
14520 4
4540 4
4080 0
5869 2
14370 5
13300 6
7110 5
420 7
5910 2
6320 0
480 7
20950 4
4500 6
4500 3
4720 2
7250 4
340 7
3770 6
4359 2
5311 1
4240 2
9080 1
5260 4
4020 6
4709 0
