245838 0
236558 3
227338 1
183499 7
217508 0
207779 4
199818 7
253958 6
278698 7
254358 7
220319 1
182808 6
183979 6
212938 5
212019 4
229618 4
214108 5
212209 3
203488 1
166209 0
154229 6
151378 1
163378 6
147209 5
135169 5
236158 0
267678 6
225318 4
229079 2
148989 4
147819 7
226889 2
298257 5
151739 7
147289 6
206669 7
241798 6
244108 7
175699 2
189478 3
263438 0
198359 6
238078 0
272248 6
223228 2
225418 6
216859 3
196898 7
198509 5
227368 5
222188 0
231879 2
219838 1
206638 5
207379 1
190018 0
158019 0
162399 6
186159 4
165658 7
165809 5
218028 0
242679 5
241969 2
226089 6
156249 0
159108 0
164709 2
208108 4
232639 7
160139 6
217788 2
224948 0
243988 3
239048 2
169598 1
223858 4
209079 0
234698 1
351377 2
286458 5
212278 3
222928 1
188369 5
206508 4
226628 5
266198 3
284358 6
203159 1
198318 0
168779 1
161239 6
168589 0
182279 1
166219 3
149708 0
205939 0
262928 0
234868 6
240088 1
169129 1
170139 7
217268 7
188149 0
153348 6
171099 5
233508 2
233328 7
219149 5
175049 1
207609 0
211159 4
248498 3
279187 3
305508 5
238388 3
184909 2
227488 7
223768 5
229309 0
232908 5
210308 0
209149 4
185618 5
149499 5
151349 5
167699 7
173839 2
141469 7
165929 4
229508 4
260828 4
269938 7
216389 6
187338 0
174029 7
229918 3
151009 2
146839 6
188658 6
227458 1
242978 7
207748 3
184359 2
222658 4
195939 0
282677 0
282949 0
277858 0
245509 5
170809 3
203268 1
211628 5
220978 4
225478 5
220178 1
207558 6
173479 1
158199 7
179009 0
167958 7
155719 2
140569 4
250708 2
250478 0
239968 2
210569 0
163028 0
169349 2
165179 6
231758 6
143409 6
153469 3
209388 2
210839 1
271218 4
175758 5
181019 5
209398 5
219408 5
254408 0
261608 7
276927 6
221558 5
197249 2
190969 5
214538 3
215319 7
243128 7
229608 0
210918 4
197018 6
165959 5
153829 0
192679 6
174609 4
154338 0
170258 2
259278 4
249938 0
226459 7
158969 3
166189 4
174499 7
235168 5
173449 7
181698 6
214019 0
240918 5
254318 2
211098 2
197159 6
223228 1
202259 7
248299 1
278708 1
235558 3
225948 6
200348 1
194858 1
208868 1
234338 1
265938 4
225278 1
197788 5
215098 1
173438 1
167279 4
158919 1
178829 2
150458 7
162329 2
230438 6
251407 5
218358 4
186479 0
151619 0
175259 4
178398 7
215699 3
198749 1
158228 7
237958 0
247778 3
219579 3
184058 7
185449 2
234328 6
196009 1
252028 0
308448 0
299298 4
213409 1
191478 1
183199 4
216608 5
276948 0
222348 6
219699 1
201778 7
209558 4
150799 0
153918 5
178219 0
168199 5
150808 1
184618 5
238388 5
260138 5
219929 7
164408 6
292478 4
207579 2
192638 4
152919 2
201898 2
241878 5
226729 1
220888 1
169379 7
236548 4
196869 1
196508 2
223588 6
260788 5
223279 4
212579 4
236558 1
193469 2
208188 6
235638 3
234428 0
234288 1
214458 6
223968 2
184808 4
173729 7
158458 3
160209 2
183459 1
160759 2
150198 5
224319 5
227648 5
226178 5
218549 7
175098 2
149539 0
177889 7
203018 1
234769 4
185749 0
177189 3
204348 6
205139 3
203158 5
144059 1
193819 0
191788 0
194808 0
262787 4
260007 0
263427 4
224909 4
186208 1
177019 3
185229 1
198118 1
183149 5
190368 3
189819 0
153049 2
135789 1
148749 2
175888 4
157519 3
154939 7
192419 4
215969 5
206718 1
198109 6
198998 7
178429 7
192778 3
153919 6
136889 3
163479 5
214488 7
233778 7
176619 6
142709 0
197539 1
205628 7
225328 0
264458 6
255708 1
243508 7
187579 3
178889 0
183608 3
200609 0
211868 3
180089 3
202118 2
175269 0
150729 6
144279 2
190938 3
159569 2
139859 1
161539 5
237138 2
241158 1
206928 7
173578 3
194529 3
154968 3
186889 5
150419 1
156169 6
204428 3
201059 7
201838 3
169289 1
181159 3
201169 3
241498 2
246238 5
235208 3
226098 2
188468 0
199869 0
202658 1
223248 7
201349 6
195368 0
174188 5
146139 2
149169 4
146019 5
165259 1
147590 1
148938 1
186859 1
220558 5
211599 2
203088 1
199418 1
188078 4
174859 5
173399 2
142858 2
154749 3
217139 5
214239 7
203318 0
154759 4
185979 4
209058 1
196379 7
268258 2
230628 3
247518 5
190998 2
221008 2
197798 2
201359 6
194058 5
203579 1
216348 1
182229 1
151898 3
151970 5
156719 0
170079 0
156499 0
148019 4
181138 6
230708 7
232239 6
208258 3
197789 5
161099 2
203819 1
141469 3
156689 4
220008 7
198418 0
207408 3
173988 4
172899 5
217419 3
191748 3
238598 1
263768 6
257948 4
205619 2
161018 7
180558 3
205649 1
193049 4
202089 1
187309 7
200929 0
175259 6
153459 6
153569 5
164289 6
158099 6
142588 3
191819 2
231918 7
243918 1
219009 1
180658 6
197039 5
182048 5
191518 4
138219 5
165179 7
196768 6
218549 2
224189 4
161029 0
205259 5
201298 6
483377 4
385527 0
241448 3
183908 3
198578 3
222218 1
191239 6
188988 5
194989 4
214138 7
178779 7
150479 1
153809 1
179868 2
171589 3
146139 2
201178 5
254958 3
252009 7
217788 4
224908 4
187139 4
192748 5
144999 6
135189 2
207229 2
200298 1
227628 7
173219 5
165749 7
223528 6
167669 2
278377 5
264827 0
285467 4
193539 7
172669 4
184928 2
196429 6
204098 2
201039 0
180588 3
190629 4
179249 0
185669 6
148339 0
155229 4
180488 3
146189 0
152709 1
213239 6
249209 2
249759 2
178418 3
191399 6
167439 0
194938 6
157839 4
138759 0
164679 4
193479 7
242208 1
200659 3
157869 1
212558 7
187949 2
253109 3
266289 2
258198 4
216709 0
191418 4
171938 1
201878 5
201788 7
192369 3
198369 5
186589 4
163579 7
143108 1
142449 6
158569 6
183189 4
132319 3
162248 7
248629 0
214888 0
236598 2
171419 3
207158 0
159979 3
189579 0
145930 2
189669 1
213718 3
204899 2
209998 0
166519 5
198689 6
196568 6
242498 2
263608 3
297188 7
231948 1
165979 3
179918 7
181099 5
198128 2
198938 7
195829 3
190269 1
174159 0
142189 5
153359 7
159318 7
154619 2
130819 4
156439 3
243648 4
210229 3
236339 5
190388 2
201039 0
152998 1
204298 1
147739 4
151979 6
208518 1
203568 4
227699 3
157519 1
166038 4
206329 4
199828 2
280528 1
251498 0
255688 5
186669 6
199438 2
193079 3
197768 6
194119 4
209218 5
250778 3
182059 3
160049 0
149099 0
139149 3
174659 0
148619 0
162979 3
201678 4
230939 4
237888 1
206478 3
201549 1
167598 6
196498 2
142959 0
142979 3
203318 5
188479 1
200048 6
183619 6
147179 6
217818 7
188569 0
244278 5
269188 3
272358 6
195298 3
202468 6
212009 6
195188 4
213509 4
185109 3
188499 2
188268 5
159028 0
131919 1
149289 1
165079 2
148719 3
142369 2
171568 1
233579 4
267228 6
211848 0
191829 1
191178 0
183799 1
195968 6
140699 7
155819 5
208539 3
214069 1
246958 6
150799 6
195778 4
203289 6
235308 4
315058 2
264958 6
224709 6
168159 6
178069 5
202989 1
179998 0
198289 0
187008 4
191519 6
171468 6
145718 3
140029 5
148699 0
152729 0
142359 0
159529 3
205338 3
236439 7
228198 4
188068 0
214669 4
157098 4
188888 5
146229 3
138269 6
159588 3
220869 2
209248 5
186789 7
153039 5
197508 1
214908 7
233949 7
257718 5
250618 4
245658 4
178069 7
178818 6
195729 1
203008 6
211119 7
186728 1
194229 1
186718 3
165719 5
146569 1
213188 4
165939 4
149479 4
147399 5
198088 0
236439 3
212609 2
230238 3
179119 1
162839 5
167239 7
182879 3
145739 0
147599 1
174728 4
226259 3
209069 5
183409 1
146499 2
202309 2
209708 7
269498 5
299428 0
242868 6
175799 0
204938 7
188059 0
194029 3
212779 0
211308 6
231349 6
185119 2
162059 0
144829 6
148229 3
172419 4
177509 3
148479 7
198128 0
234539 7
217859 3
209188 7
139119 7
158879 3
171279 0
208238 6
180619 2
176188 7
197559 0
201198 0
217329 6
192028 3
201619 5
206849 3
187729 7
182668 6
279748 7
228998 3
199769 2
204288 1
207139 4
193378 1
177639 4
203348 6
213909 0
202588 2
211399 3
169918 3
189919 1
164189 2
146128 1
138428 2
179159 5
157289 0
132399 0
157919 5
248579 3
236988 3
211518 7
160199 1
157529 7
169859 7
217448 1
188778 7
143819 7
193699 7
202468 3
229309 3
215118 7
163739 0
199158 4
182509 3
209878 2
278558 7
197969 2
194918 5
207688 7
203378 5
196558 4
209438 5
204428 7
190998 2
191099 3
249048 2
182698 0
163409 5
145419 6
135289 7
159808 5
174228 1
146959 2
162709 1
206768 0
230148 2
218789 5
165609 4
142638 1
165488 4
169769 6
237008 1
167659 1
168799 7
196328 3
236218 2
232629 2
197499 2
187329 0
213588 5
210178 3
270947 7
205179 6
194678 4
200679 0
197568 1
211419 6
172269 2
206748 6
196348 2
193949 2
225988 2
176489 0
183219 4
176529 6
156869 0
152269 0
168018 5
161519 3
141829 3
151829 6
201558 5
234008 0
224038 7
188719 4
145639 0
179518 3
194568 5
227278 4
153299 5
147819 7
202928 2
214688 0
229919 3
199359 2
169059 1
211268 4
184759 3
214808 0
244168 5
203269 7
209428 3
216229 4
195938 7
164059 7
177158 3
213169 4
200808 0
212059 5
202668 5
194959 2
186418 4
163359 2
147419 4
170088 7
170808 2
144489 3
163429 6
205468 3
238678 4
210079 3
179639 6
142059 5
183048 2
170089 2
305708 2
178629 4
175139 4
177688 2
214469 5
184118 5
146269 7
212019 3
221838 6
272358 7
244758 2
276348 4
234708 2
153259 1
195628 5
191269 7
197118 3
281218 4
176398 3
176359 7
146488 4
142599 2
166419 6
161899 2
131009 6
172939 1
225028 2
247148 2
224178 5
173859 7
192458 1
153779 5
178838 4
136579 4
134229 6
174649 1
206598 1
212859 7
177738 1
166079 2
212738 4
204299 0
269888 2
263758 2
236378 7
223578 2
164919 2
202728 7
188339 5
207958 3
199739 3
171519 1
164728 2
161319 5
142159 3
149169 0
195698 4
134269 5
134829 6
192549 4
233978 4
246048 3
212018 4
212908 6
168009 7
166759 2
163319 7
146629 1
130749 0
201459 7
224489 0
198278 1
166209 3
172299 0
