140568 2
66549 0
56859 3
54050 1
104309 2
2107261 0
88779 2
103759 2
105969 2
1307268 3
52300 0
71239 0
59110 1
1568125 0
86759 2
44140 0
63260 3
107559 2
64749 3
33709 1
31219 1
35840 1
39400 1
55409 0
62050 3
90640 2
103829 2
48299 1
41330 1
93509 2
46019 1
50809 1
50970 0
40019 1
48860 0
54849 3
50930 3
45090 1
48749 3
56490 1
1823153 1
56209 1
58240 3
142088 2
73710 3
137489 2
1844673 0
276847 3
126999 2
45830 1
207608 2
126649 2
1382427 1
64169 0
60630 3
58839 3
48580 1
63729 3
55290 0
72209 0
59470 1
58339 3
121629 2
55839 1
137598 2
180849 2
78239 0
58759 3
131409 2
121459 2
57819 3
126558 2
63150 1
141948 2
61330 0
3304430 0
48419 3
51650 3
58779 1
58380 3
114119 2
49749 0
34080 1
28860 1
29690 1
1482777 3
92689 2
49580 3
42619 1
85860 2
31720 1
50210 3
48419 0
50130 3
96099 2
60629 3
97200 2
46950 0
61159 0
88320 2
45759 0
38790 1
53339 3
49289 3
84229 2
45550 3
46889 0
46830 0
108609 2
45420 1
51799 0
2175480 1
55040 3
92619 2
34020 1
89189 2
93999 2
45270 3
98599 2
55829 0
44570 0
26680 1
1455176 3
51190 0
89739 2
93749 0
50420 0
61259 3
28340 1
41610 3
40419 1
43450 0
95049 2
102809 2
90629 2
45370 0
133788 2
45200 0
54209 3
47280 1
47380 1
44819 0
85019 2
81750 2
98669 3
56569 3
42620 3
43400 3
43169 0
1334268 1
51819 0
41500 3
154929 3
50279 0
41670 3
135239 3
41470 3
29450 1
918102 0
90649 2
1391927 0
29130 1
165348 2
66120 1
81209 2
43730 3
44650 3
38240 1
43819 3
54440 3
51749 0
40580 0
43230 3
36659 1
38210 1
48899 3
57889 3
94069 2
80949 2
57480 0
37590 1
46680 3
59140 3
53090 1
86459 2
86829 2
49979 0
1345668 3
76089 3
82019 2
1440467 1
77900 2
45520 0
85449 2
81969 2
55040 3
52179 1
1136189 1
81950 2
45900 0
45900 0
41989 3
77679 2
25289 1
42480 3
38859 3
73279 2
74589 2
42850 3
27989 1
79830 2
25789 1
53769 3
81869 2
29000 1
40070 1
62559 3
49900 0
81809 2
77189 2
28530 1
77759 2
26320 1
27480 1
1163299 3
41140 0
81389 2
80379 2
56690 0
37619 1
46920 3
31170 1
51329 1
52440 0
85959 2
1376068 1
76120 2
33119 1
47739 0
47180 3
51749 0
48740 3
82789 2
44450 0
42749 1
80079 2
80199 2
44409 0
81230 2
55790 0
43910 3
27899 1
1300228 0
82710 2
28380 1
77790 2
94839 2
35320 1
79939 2
45349 3
76840 0
42080 0
44160 0
42510 1
92489 2
1389887 3
48700 3
37039 1
100110 0
41089 0
51909 1
1143689 3
45630 1
48689 0
86669 2
44510 3
44740 3
42629 3
1349408 1
81689 2
27500 1
78849 2
49210 0
83059 2
78109 2
30520 1
30160 1
32339 1
40139 3
81419 2
49410 0
40050 1
59310 1
43180 3
49679 0
25080 1
49499 3
53589 3
48769 3
48760 3
41820 3
1371607 0
36400 1
77599 2
47270 0
42829 3
44140 3
82019 2
44950 3
41299 0
79700 2
1493646 3
43310 3
58769 0
40610 1
85879 2
56190 0
47710 0
53320 1
46279 1
85699 2
48040 0
1449967 1
39079 3
38550 1
43180 0
53920 0
51629 0
30899 1
53280 3
76599 2
60140 3
52350 1
27490 1
92909 3
47610 0
47320 3
39460 3
79739 2
45670 0
26349 1
42689 3
80669 2
81070 2
57500 0
58929 3
1450737 3
44370 3
56149 3
28270 1
28580 1
1107990 0
54999 3
80649 2
75790 2
1225589 3
49819 1
33470 1
45680 0
44579 1
45470 0
47739 3
44240 3
42749 0
37840 1
53820 3
82619 2
41029 3
50669 0
81649 2
49870 1
44469 0
41630 3
42020 0
45489 1
83569 2
43649 0
41080 3
1123709 1
42329 3
47190 3
48939 3
36590 1
70709 3
24960 1
79119 2
82980 2
25469 1
47330 0
1346847 3
29110 1
88389 2
228469 0
58889 3
23320 1
76969 2
44419 3
78700 2
79569 2
1475927 3
67239 3
43500 0
42309 3
37180 1
52120 0
92930 2
48330 3
78199 2
39250 1
84349 2
100379 3
44110 0
60069 3
244897 1
57740 1
56919 3
89189 1
1356308 3
90349 3
83129 2
50530 0
98889 2
61909 3
90759 2
49609 1
66660 3
94450 2
82709 2
46459 3
73120 2
1138299 1
44480 0
48580 0
78509 2
84809 2
36280 1
54689 0
29450 1
49899 0
87160 2
91769 2
91109 2
1383387 3
88600 0
68759 3
55100 1
86510 3
50649 3
37290 1
50850 3
46629 3
49649 3
49899 0
39290 1
93209 2
47539 0
47830 3
40080 1
37939 1
89599 2
37299 1
35250 1
83989 2
112119 2
44720 0
45539 0
43260 0
850792 3
61859 3
49759 3
43660 1
47229 1
51850 0
81659 2
49449 3
50839 0
37380 1
49229 1
52170 0
46570 0
55099 3
52599 0
39249 1
44130 0
60589 3
56110 3
104450 2
41449 1
39410 1
46609 0
122468 3
1429157 1
28740 1
51150 0
55789 0
302997 2
1545906 3
100149 3
29100 1
42550 3
42239 3
1157440 0
35150 1
49670 0
47429 3
55799 0
57110 3
40519 1
61360 3
80740 2
107749 3
60239 0
35050 1
79129 2
32370 1
54659 3
42230 3
97069 2
85609 2
85429 2
45399 3
53350 3
46119 1
87479 2
151919 2
145029 3
92169 2
45490 3
46699 0
1200719 1
72870 2
39710 0
74070 2
157588 3
40140 1
113249 3
79289 2
55380 0
51129 3
50610 3
107279 2
99750 2
82439 2
1399987 1
77449 3
47009 3
3822455 0
31400 1
63409 3
47250 1
53509 3
80530 2
47139 3
61220 0
51149 3
105919 1
53220 1
80699 2
61539 0
74390 2
37530 1
53130 3
37140 1
76259 2
62039 0
58940 3
66609 0
45710 0
45399 3
94160 2
1543746 3
51680 1
56929 3
80839 2
83029 2
40990 1
41590 0
44450 0
53949 0
58990 3
83319 3
32250 1
48219 3
43590 3
26889 1
52839 0
50340 3
80399 2
81449 2
56400 3
84089 2
42260 3
1970322 0
45579 3
54510 3
60249 0
43150 3
38270 1
50480 1
84109 0
54590 0
46009 0
40040 1
45570 1
99799 2
1441067 1
93890 2
79080 2
83759 2
56579 0
56359 3
50270 3
46270 0
46750 0
46529 0
85120 2
79100 2
51119 0
55710 0
80739 2
44910 3
55009 3
1786244 0
43430 3
74180 2
41090 3
80130 2
45259 3
46730 0
1475726 0
79350 0
64799 1
80559 2
46430 1
78819 2
43820 0
40010 1
48349 0
41990 0
44479 0
53880 0
40539 1
71690 0
46609 0
84710 2
42270 3
61300 0
45899 3
42770 3
41629 3
87140 2
76690 3
51699 0
46230 0
54989 0
43439 0
80879 2
45440 3
43949 3
45229 0
179349 2
572815 1
780413 3
80149 2
47510 1
82289 2
45820 3
83459 2
246808 0
78989 3
29120 1
87769 2
63559 0
83990 2
27289 1
81210 2
49409 0
47980 0
92759 2
93459 2
1369148 1
57029 0
86049 2
49270 1
48029 0
46210 0
53550 0
92789 2
88029 2
55859 0
90219 2
95739 2
65819 3
52610 1
63440 3
52489 3
43310 1
52700 3
94179 2
1568405 1
70209 3
108049 2
57739 0
56910 3
49549 3
56500 0
110949 2
45819 3
26709 1
1693105 3
121539 2
1912852 3
76050 3
58919 3
61979 0
80540 2
38389 1
35460 1
78389 2
34970 1
77189 2
65489 0
50110 0
36160 1
53739 1
37680 1
85169 2
81919 2
48700 3
50799 3
53459 3
81399 2
103170 0
44720 0
45399 3
92290 2
43849 1
100729 2
44990 0
102189 2
104699 2
52830 0
88669 2
84689 2
43820 3
42209 3
43840 3
91269 2
46460 3
762113 0
86889 2
44049 1
608464 3
93019 2
88919 2
61730 0
35830 1
109579 2
45069 3
40140 3
116850 2
104690 2
115539 2
29300 1
74499 0
118499 2
1433358 1
75030 0
71059 0
48200 3
49909 0
41020 1
85179 2
52750 3
51460 1
33650 1
59829 3
54380 1
100059 3
39679 0
77410 3
37329 1
79859 2
66929 3
50290 0
56629 3
89689 2
1654805 3
44510 0
51129 0
50330 1
42429 3
49269 3
50440 0
1489126 0
131389 0
79709 2
52110 3
50109 3
1519616 3
86340 2
50350 0
51000 0
111479 3
50170 0
58479 3
84299 0
69209 3
56280 3
86259 2
55979 1
48730 0
65329 3
143649 3
48419 1
93729 2
77709 2
54269 0
55990 3
53600 0
1568445 3
60180 0
56249 0
314347 3
47670 0
41810 1
52870 3
89459 2
46770 3
91239 2
2843824 0
78949 2
49790 0
287347 2
46020 3
44939 0
55230 0
58259 1
87180 2
97410 2
85649 2
51050 3
86969 2
51259 3
68239 3
42660 1
59960 3
65269 0
49010 0
58530 0
123909 2
125139 2
116639 2
1448147 3
103859 3
43679 1
57170 0
34889 1
1670275 0
46040 3
50489 3
47940 1
82059 2
45060 3
78899 2
82719 2
57160 0
43659 1
104739 2
59680 3
90049 2
81589 2
1725755 1
73640 2
302527 1
49849 3
53829 0
32790 1
110519 2
35220 1
34180 1
76399 2
47759 3
36310 1
81609 2
52310 3
63370 0
83109 2
1638175 0
235868 0
183028 0
101999 2
125319 0
61480 0
39529 1
62710 3
92099 2
1593595 3
230628 3
52260 1
68089 1
61870 0
1563755 1
47990 3
81019 2
361047 1
81889 2
53050 3
83409 2
46660 0
57080 0
60589 3
36750 1
50960 3
23740 1
40480 3
90329 2
81600 2
1177889 0
84469 2
44729 0
62580 3
93719 3
68729 3
46010 3
96259 2
42980 1
81579 2
39960 3
83209 2
44500 0
42489 0
32120 1
114389 2
43699 0
1844363 0
1554297 1
92128 2
68970 3
84439 2
87309 2
52739 3
87409 0
107189 2
26170 1
61699 0
25410 1
52030 3
48389 0
84659 2
87659 2
26699 1
55490 0
124159 0
92239 2
47909 0
26290 1
87109 2
104519 2
46239 3
88379 2
84100 2
27340 1
27560 1
26960 1
42309 3
82740 2
42600 3
914502 0
79509 2
38510 3
1044760 3
84149 2
206428 3
65899 3
57130 3
93639 2
95859 2
34780 1
34340 1
50070 3
92089 2
41210 3
55129 0
52000 1
75350 2
80549 2
100129 2
1749464 1
84769 2
43730 3
88659 2
47670 1
259817 1
78230 2
77029 2
56190 3
31839 1
41630 3
43349 3
