147519 0
129929 1
46959 3
95819 0
181349 2
82069 0
84459 0
13620 3
63889 1
14851 3
14579 3
14860 3
64350 0
70549 0
104080 1
108570 1
95419 1
73099 0
19290 3
77130 2
99099 2
59869 0
65920 2
61919 0
55649 2
78809 1
58590 1
15790 3
92209 0
13630 3
129309 0
23350 2
122579 1
79059 1
70960 0
622355 3
11730 3
1190761 1
46960 2
45800 2
17250 3
14320 3
103979 2
126269 2
132169 2
69180 1
52379 1
62310 2
15580 3
97859 1
64970 0
13230 3
13090 3
81169 2
68649 1
15420 3
13040 3
54200 1
13829 3
13700 3
15670 3
107849 1
51610 3
90529 0
54070 0
63539 1
75400 2
83199 1
68150 1
154849 1
88560 1
51959 0
108359 1
105549 1
55369 0
49380 3
83979 0
29320 2
11590 3
105329 1
74979 1
98370 0
14040 3
66839 1
16310 3
15000 3
127759 1
13830 3
143849 2
69739 1
228688 1
117449 1
15620 3
14230 3
59860 1
57629 2
78250 0
103969 0
130309 0
26170 3
103619 1
15620 3
61640 0
120689 1
14649 3
95790 0
69089 1
34220 3
90259 1
89780 1
92649 1
27700 2
64059 0
98870 0
80289 0
83349 2
72280 0
65579 0
98400 0
14820 3
62540 2
14150 3
86969 2
35630 3
49969 1
23080 2
22880 2
68110 0
42639 2
68910 0
11950 3
130989 0
150089 0
76019 0
84089 1
13180 3
78940 1
19850 3
13489 3
73019 1
12510 3
14580 3
77499 2
14780 3
88999 0
61350 2
76349 2
56730 1
23510 2
60859 0
14400 3
15350 3
110979 0
113639 1
124189 1
63890 0
52209 2
12740 3
74150 0
87589 1
88289 0
95810 1
50969 0
143189 0
110309 0
82270 2
59099 0
84059 2
108979 2
48829 2
105350 0
74860 2
74079 1
26919 2
124949 2
83460 2
1595557 2
121599 2
12589 3
80959 1
12240 3
113339 0
69110 1
14099 3
11310 3
104809 1
113099 0
76390 2
66960 0
70109 2
93469 0
11430 3
33210 2
21270 2
84849 1
26430 2
71569 2
40490 2
15880 3
58790 0
67609 2
56780 1
68950 1
11140 3
65849 2
23089 3
12820 3
58320 2
73329 1
87210 0
86110 1
79909 0
77020 0
11970 3
80929 0
25040 2
14300 3
96099 1
129879 1
105529 1
66560 0
108549 1
57809 2
160238 2
68120 0
13860 3
21299 2
75780 2
75519 2
116499 2
151219 2
11720 3
109649 0
54800 0
15160 3
59839 0
49470 0
93989 1
13350 3
150439 1
12620 3
105989 1
69589 1
32969 2
99489 0
12600 3
56630 2
56319 0
12820 3
24100 2
117939 1
124659 1
69510 2
11730 3
11240 3
86699 0
42500 2
90969 1
14930 3
78459 1
74060 1
33409 3
29749 2
16110 3
101819 1
32680 2
60280 1
60469 0
14680 3
30400 2
69289 2
58950 1
22130 2
81239 1
85699 2
73659 1
13840 3
77039 1
13860 3
84390 1
12310 3
100559 1
49139 1
26720 2
123559 1
134999 1
80539 1
5032172 2
123159 2
48979 2
27690 3
78010 2
87619 1
122499 2
58819 0
30260 3
111569 0
70950 2
19790 3
68439 2
82689 2
14380 3
154399 1
16210 3
61110 2
89089 1
13360 3
97499 0
27720 2
59070 1
15769 3
132028 0
15209 3
52710 2
28880 2
54459 1
58640 0
84289 1
133749 0
11780 3
13210 3
58460 0
145249 0
120869 1
24620 2
99730 2
100920 1
88399 1
18190 3
57750 0
114479 2
153488 2
95130 2
99119 2
124519 0
106199 0
75919 1
24929 2
69140 2
36149 2
109539 1
98869 1
82970 2
11759 3
63490 2
52499 0
131930 0
54570 0
35460 2
59469 2
93329 0
125210 0
58589 1
92829 0
50869 0
25100 2
10640 3
57229 1
39519 2
55260 2
51719 2
46500 2
57939 1
51939 0
65850 1
55579 0
53020 1
109719 1
64049 0
80899 1
24510 3
12830 3
13529 3
29039 2
49990 0
75529 2
13260 3
58370 1
1306120 0
78779 1
16640 3
15780 3
16700 3
94989 0
68300 0
56530 1
113930 0
15360 3
53200 0
65549 0
30470 2
91430 1
111749 1
93119 0
85510 2
71570 0
80399 1
13390 3
108279 1
32920 3
10960 3
55260 0
30060 3
172259 0
136379 0
78929 0
72510 2
54509 1
160089 1
97209 1
77809 1
101239 0
98159 1
29959 2
41340 2
57250 2
61550 0
93379 1
72560 1
26989 2
95410 1
109629 0
58990 1
75559 2
91719 0
96369 1
86730 0
76009 0
24160 2
164419 0
13830 3
10550 3
114759 1
25649 3
101730 1
14110 3
70489 0
70230 2
156850 2
59760 0
46950 2
73280 1
113469 2
70710 1
14840 3
22750 2
24800 3
144619 1
10950 3
28430 2
12880 3
138079 1
83780 1
73709 1
13660 3
10620 3
34030 2
73679 0
65670 1
12510 3
62309 1
12380 3
87460 1
99529 1
67769 0
12880 3
12540 3
13250 3
74140 1
82950 1
33550 2
56179 0
14280 3
89339 0
59110 0
88430 0
15940 3
65249 0
11740 3
98609 2
82480 1
75370 0
59019 2
23949 3
11720 3
68570 1
93419 1
73030 2
65790 1
13830 3
15060 3
66819 2
65250 1
62169 2
11310 3
12500 3
145969 0
63760 2
103920 2
59109 1
1173461 1
127649 1
86660 1
110009 0
77809 1
13650 3
12240 3
104089 1
67200 0
121779 0
69319 0
67040 2
20340 3
13869 3
13491 3
53370 0
13020 3
122779 0
24710 3
77579 1
128319 1
79920 2
144459 1
73969 2
13360 3
64259 0
67900 0
22640 2
129049 0
10370 3
79539 1
27330 3
104889 0
56799 0
106370 1
56989 0
149079 1
12470 3
60720 2
23369 3
46379 2
101549 0
13820 3
65880 0
49899 2
21079 3
113829 0
57300 1
131939 1
63539 0
118148 1
72880 1
96279 0
61640 1
57749 1
76090 1
29490 3
52140 0
20350 2
111729 2
12460 3
67689 0
92189 1
73719 1
76350 0
62009 2
76310 2
16689 3
15699 3
30940 2
88980 1
24829 3
12480 3
70699 0
51570 1
89809 0
54989 1
112769 1
25720 3
45590 2
21320 2
88889 0
9890 3
53210 0
122379 0
60369 2
13470 3
12050 3
126259 1
118519 1
54010 2
16630 3
119009 0
101309 0
157099 0
82589 1
30570 2
67710 1
26200 2
85450 1
25029 2
70830 1
36800 2
18180 3
13300 3
63589 1
54670 0
24389 2
96609 0
54270 2
70550 1
89809 0
81219 1
12740 3
56620 0
82799 1
69100 1
13649 3
107829 0
12200 3
54939 2
24830 2
58220 0
81879 0
52789 2
60729 0
76410 1
92630 2
77699 2
80780 1
11429 3
81879 0
73799 2
28010 2
28850 2
78289 1
138689 0
17380 3
14410 3
85259 2
48320 0
5017422 1
73559 0
12540 3
59340 0
70029 0
69450 0
80049 1
68020 1
75030 1
67450 2
74070 1
28010 2
48609 2
76450 2
93579 1
11870 3
100729 0
60300 1
76059 0
61140 2
59579 0
12690 3
76610 1
135830 1
112179 2
27110 2
19200 3
11320 3
111119 1
104839 0
18200 3
55169 2
13060 3
12880 3
77609 1
12249 3
23900 2
174879 0
13510 3
10070 3
68719 2
98839 0
82210 1
64789 2
70840 1
66249 2
33150 2
21190 3
47849 2
66240 0
78059 1
11920 3
81210 2
117559 2
12530 3
10970 3
58690 0
13520 3
74609 0
61639 2
15550 3
14920 3
78739 1
73330 0
23230 3
11010 3
79130 0
50539 2
13020 3
99370 2
14689 3
13180 3
15430 3
61110 1
59429 0
106760 0
14839 3
102210 0
118509 0
74089 0
111609 0
128759 0
174549 0
79229 0
67080 2
170789 2
74970 1
66320 0
13490 3
97730 1
57730 0
91569 0
224879 2
55949 2
76900 2
97899 2
54239 2
61979 2
70969 0
70009 2
56270 0
12339 3
79620 0
48470 2
59520 2
96060 0
273927 0
57650 2
110289 1
15860 3
90189 0
102870 0
12810 3
142419 0
96929 1
87469 0
41979 2
13111 3
26090 2
85909 1
88229 2
15440 3
56200 1
67839 1
95050 0
14200 3
92560 0
194618 0
27610 3
16400 3
77669 2
76580 1
97989 2
62809 2
67979 2
25410 2
32160 2
59380 0
14020 3
68140 1
113259 1
12569 3
94649 1
14470 3
103689 1
112849 1
58609 1
45509 2
14910 3
15110 3
110009 0
14260 3
100009 2
89650 1
11411 3
96640 0
32180 2
13531 3
59780 1
15290 3
104049 1
85010 1
93150 0
15870 3
68649 2
12480 3
69619 0
85199 0
66849 0
55260 2
99939 0
69900 2
45880 2
86460 2
109969 2
117539 1
12490 3
120389 0
54730 2
49710 2
90009 0
130709 2
23250 3
101150 0
22090 2
19900 2
96299 0
78540 2
64539 0
79510 1
11910 3
59910 2
81940 0
87099 1
175618 1
12989 3
68320 2
82429 0
138079 0
72490 2
106080 2
18550 3
12800 3
64109 0
12460 3
99579 2
122169 0
14440 3
107149 1
18960 3
67560 0
74909 2
71300 1
73579 1
41120 2
51050 1
111389 0
12180 3
69509 0
70300 0
44529 2
59349 1
64649 1
23129 2
91370 2
49439 2
73470 0
26390 2
107439 2
86789 0
136149 2
13870 3
10630 3
51239 0
20420 2
14890 3
62600 1
27760 2
90589 1
32389 2
84969 1
35020 2
25950 2
1697647 2
45160 2
48290 2
59989 0
57700 0
54340 1
33360 2
66580 1
40849 2
62320 1
30230 2
50119 1
52290 0
64239 0
100820 1
62749 0
64950 0
12120 3
53269 0
124359 1
62990 1
135739 1
85139 0
77039 0
12949 3
54720 0
81439 1
25940 2
70800 1
12849 3
56119 0
56020 0
56569 0
50940 0
69649 0
31460 2
33500 2
57859 1
11549 3
25090 2
12050 3
64680 1
31880 2
59610 1
62169 1
31380 2
48470 1
76919 0
65890 0
72079 0
31820 2
12770 3
24880 2
55979 0
12290 3
49930 0
47659 0
47700 1
11310 3
45120 0
44560 0
11280 3
44720 1
11830 3
11160 3
44139 1
