473686 1
13230 0
10670 0
1570 3
8570 2
10040 0
9460 1
500 3
5531 0
5731 0
3509 2
7480 1
520 3
1390 3
4160 2
31190 2
4280 0
1000 3
6690 0
7470 2
3980 1
3540 1
3340 1
12590 2
4710 0
420 3
18090 0
4631 1
5280 2
1020 3
7400 2
6640 0
6820 0
470 3
440 3
340 3
3970 1
420 3
14280 0
6650 2
6340 2
6350 0
4060 2
4640 0
5250 2
4960 1
3080 1
3760 2
4220 1
4120 1
25430 0
1370 3
8990 0
13140 0
2529 2
29710 1
11800 1
7330 0
500 3
7860 2
11480 2
5370 1
3410 2
4390 2
420 3
4000 1
5560 1
900 3
760 3
3220 1
5980 1
15400 2
320 3
500 3
3740 1
2600 3
680 3
5060 0
6689 2
3800 1
3500 1
5409 2
5760 0
3720 2
3750 0
280 3
4490 1
330 3
3430 2
3140 1
2680 2
3610 1
3640 1
3700 2
6150 2
7720 0
4010 2
5360 2
480 3
6410 0
3680 3
6550 2
6550 2
10370 0
25920 1
420 3
5650 1
5310 0
4680 1
380 3
4320 0
5409 1
3809 1
7240 0
4780 1
4540 1
851 3
7579 0
930 3
320 3
520 3
19830 0
310 3
3770 0
4920 1
8000 0
19210 1
5170 0
4350 1
3200 2
7230 2
4150 0
4070 0
13920 1
8500 1
10340 2
3060 2
4411 1
5559 0
8240 2
11720 1
3250 2
3410 0
3360 0
390 3
490 3
4360 0
4060 0
4420 1
2540 2
6300 2
6210 2
750 3
5430 2
5550 0
410 3
450 3
5320 2
4490 2
3520 2
1130 3
5000 0
7980 0
3700 0
4959 0
3871 0
3660 2
4840 0
3880 2
5831 1
5320 0
391 3
340 3
4940 2
320 3
4250 1
16310 0
500 3
3670 0
310 3
260 3
3780 0
10690 2
980 3
4300 0
570 3
4660 2
8160 2
3130 2
3650 0
5860 1
5860 2
4570 0
4370 0
5179 0
480 3
4511 1
320 3
569 3
240 3
10930 1
7370 1
560 3
980 3
1070 3
6990 1
720 3
790 3
3809 0
560 3
5071 0
571 3
7611 1
4980 2
6300 2
380 3
391 3
3589 2
260 3
3110 2
30360 0
700 3
5440 1
280 3
8760 2
460 3
4640 1
380 3
7640 2
1200 3
7020 1
3840 0
21450 2
3680 1
19610 0
10749 1
5260 1
340 3
9210 2
4770 1
4620 2
4780 0
8290 1
2900 2
8360 0
4060 0
4490 0
4950 0
4350 1
370 3
11200 1
5870 1
8220 0
5200 1
4780 0
1350 3
1880 3
7360 1
1160 3
5590 2
580 3
510 3
6540 1
6509 1
1720 3
5760 1
600 3
7611 1
1049 3
620 3
7570 2
7400 1
10280 2
6740 1
9620 1
6310 1
1230 3
7280 1
6100 0
600 3
4340 0
260 3
500 3
710 3
5450 1
4820 2
6520 0
5170 0
15479 1
4271 1
389 3
9920 2
289 3
5151 1
2509 2
5950 0
3990 2
3770 2
580 3
280 3
10069 0
6790 0
1250 3
4460 2
5060 1
420 3
5390 2
7940 0
5540 2
8290 1
7950 1
5150 0
6330 0
370 3
24140 1
330 3
4270 2
340 3
920 3
7010 1
5240 2
739 3
4180 2
2511 2
5871 0
3109 2
7560 0
700 3
3620 2
6530 1
4330 0
4740 0
5480 0
620 3
320 3
710 3
4080 2
5950 0
5970 1
3230 2
750 3
4260 2
5990 2
2970 2
650 3
4430 1
5660 0
3020 2
270 3
300 3
650 3
11950 0
8670 1
12520 0
6780 2
2980 2
1230 3
4440 2
7110 2
890 3
480 3
22600 2
5840 0
6290 0
3740 2
940 3
8020 0
920 3
14700 1
10910 1
5630 2
4550 2
5550 2
3760 2
530 3
8720 1
8270 0
4710 1
5250 0
4800 0
850 3
6490 2
6140 1
31369 2
6789 1
3849 2
3529 2
3280 2
26570 2
6080 1
330 3
3870 1
5630 2
400 3
5540 1
3570 2
5060 0
4040 2
5300 2
6590 0
17830 2
1940 3
7730 1
630 3
6910 1
22570 2
7210 2
550 3
6360 2
5260 0
5070 0
8280 1
4760 2
32429 1
731 3
24869 2
5430 0
6040 0
5250 1
41400 0
3820 1
820 3
5290 1
4630 1
5510 0
1420 3
9120 0
4880 2
5210 1
2160 2
4731 1
1620 3
600 3
5251 0
10369 0
7170 1
6050 1
3660 2
6860 0
43910 0
4180 2
3620 2
9180 1
4700 1
3860 1
1220 3
6410 1
4699 0
800 3
7660 0
5820 2
1851 3
5700 1
5620 0
11010 0
1010 3
4940 1
6040 1
6830 1
5020 1
2990 2
380 3
4940 1
530 3
6200 1
6010 1
830 3
4550 2
5970 1
390 3
4620 0
750 3
5180 0
3900 2
5310 0
5000 0
5960 1
480 3
350 3
3660 0
3190 2
280 3
300 3
250 3
4089 2
620 3
509 3
4140 2
5011 0
4129 2
4960 2
6489 1
4320 1
500 3
6600 0
5140 0
4140 2
760 3
2920 2
4690 1
