210007 18
65169 9
54949 13
58869 9
63939 10
55519 1
54869 16
53409 17
60719 4
63289 18
61069 6
56909 2
55560 15
55229 5
57909 12
54740 18
53549 19
60599 6
59039 22
51459 14
54249 7
58169 2
61059 9
62529 23
62679 16
59290 7
64499 19
52289 5
59330 7
55690 2
52359 19
53020 0
62650 14
62729 19
70889 20
70750 11
69979 19
71709 20
60749 5
58159 18
62730 20
60130 13
72069 19
75029 13
86929 20
67449 8
61330 10
70360 21
86859 1
86239 6
82279 3
83299 5
80089 18
82149 20
80129 19
91579 3
91009 11
79379 2
61449 8
57999 0
58540 19
54749 1
60949 19
57909 14
59979 6
67749 17
71799 10
57360 15
55900 15
54769 23
69649 17
57150 0
56379 20
55549 17
56790 15
54349 0
57499 22
61420 21
56869 7
57679 8
55890 21
56559 6
60059 17
68679 1
59819 21
63419 22
60089 14
65550 16
61509 15
52949 3
57119 13
56010 21
57999 18
57789 23
59200 6
61979 1
68499 14
67679 2
63710 5
65519 7
65279 13
62429 21
68719 18
73939 7
64700 17
66119 5
59949 18
62299 0
62499 10
61479 1
60899 12
63790 19
65019 21
63009 7
64209 14
69499 18
68369 14
66119 17
79359 10
78429 1
73689 2
62989 15
68349 12
61229 6
65859 9
67209 3
66649 6
65340 11
64740 4
65919 17
67969 5
65419 5
68270 8
75339 10
64379 14
66819 14
71569 11
68980 23
65280 18
69809 11
65829 21
66749 0
68799 13
69930 21
68429 13
68479 15
68789 17
78579 2
124649 1
68719 15
65969 21
62390 1
63450 3
67739 7
76769 17
67559 2
69490 23
67610 5
63199 14
71119 1
76999 23
75799 6
64339 11
63269 7
67359 9
64699 12
71499 8
69020 16
66430 17
68300 16
67599 15
67939 23
67019 13
68599 10
280876 9
73299 7
75310 21
77159 11
76728 10
90008 16
74659 16
79799 1
78449 0
81799 6
307486 5
93979 5
91069 6
76349 3
81589 5
92319 6
83139 16
70709 8
75269 16
81839 14
71790 14
56240 22
74329 9
62249 12
63799 7
64110 20
65169 23
64849 3
65959 17
73379 7
78299 15
80488 17
76830 0
82500 8
81319 11
86749 4
74639 1
72369 1
69599 9
82699 13
79269 6
75169 3
68530 3
77639 8
74049 1
78769 13
74169 8
88909 9
110209 17
99898 10
94999 20
94089 1
96999 22
95519 22
93729 12
105218 8
86469 17
82669 8
71529 5
80750 4
76739 9
68110 21
66129 18
70669 11
67239 9
76319 14
72089 4
80948 19
72519 18
81969 8
84799 22
92329 23
86270 4
64920 6
65969 3
63359 18
62900 9
81339 7
85388 20
84139 23
61910 1
60239 6
68179 5
56800 6
64279 1
85879 5
111289 23
75670 12
67159 13
60509 19
61079 6
58680 9
65859 18
78589 13
68929 5
66409 21
69510 9
75650 12
78569 20
85879 5
164828 22
88139 8
82319 2
80349 8
81999 10
83639 8
75859 6
83429 21
85619 18
88289 8
69189 10
94009 8
64749 12
61349 19
62810 17
59549 10
63479 19
65229 10
62020 8
61379 11
61379 20
62060 17
62210 7
61449 9
74269 11
78939 18
104199 10
86839 11
81949 2
84649 9
85889 0
79999 13
93189 17
86489 7
78639 9
66129 0
71589 23
77619 5
87409 2
68309 12
71829 3
79988 19
74189 8
71139 15
71319 23
62739 13
63359 15
63889 14
59449 18
62289 7
69789 1
74659 17
79560 18
62939 5
66279 8
92419 17
66969 0
72529 7
74969 2
78430 15
70300 19
59139 17
60589 7
63159 4
71739 5
74019 23
88569 13
74059 12
82339 2
79759 19
79549 10
82279 0
84319 21
82479 18
80639 11
71629 2
72369 15
69910 15
71710 8
85849 10
60909 2
62549 13
64399 5
65389 17
62909 0
79699 23
72389 11
58699 2
60049 16
58139 9
65079 8
61460 18
57789 16
59569 12
69619 23
66950 16
81948 0
68469 23
72949 5
63209 15
69049 1
67429 7
66989 7
61879 23
74189 4
75079 5
62199 5
94209 19
93299 9
74389 5
77539 3
59269 20
59059 18
78769 15
89669 3
103409 3
86719 22
88428 11
81828 23
103738 8
152808 6
126108 6
106859 5
73959 15
60699 22
54259 3
60579 11
56189 5
62559 11
67050 5
72269 23
72949 3
74709 18
124929 22
70059 9
60829 15
74489 18
72809 21
60110 23
62190 9
61069 12
69039 0
68100 2
57120 0
56309 21
58009 12
68379 21
70080 18
108448 9
70069 1
68659 20
62069 15
59439 15
61850 23
53819 0
65449 12
69939 3
67680 1
72600 5
71289 13
74049 17
76269 2
73919 14
59049 13
59960 15
69929 12
83379 17
64739 9
59839 16
60720 8
64609 22
84109 21
103859 15
96249 20
76970 4
76180 1
65099 8
56209 10
60730 7
53800 8
62519 11
61730 8
68999 12
61709 13
71949 15
75559 6
84749 8
81559 12
77929 15
72779 8
63400 1
61180 23
62199 23
64859 5
65370 4
71960 14
71539 10
71309 10
67809 11
70169 13
80670 8
80830 16
62690 5
64749 1
68759 8
77729 5
60430 10
57990 12
72859 4
70039 15
68219 5
67880 4
66560 3
60319 14
65359 0
78359 5
68410 12
65590 3
64199 11
67649 16
62189 7
65230 14
64970 4
67809 6
66739 11
70039 6
66608 3
64990 15
63549 17
68759 11
98309 12
66959 16
63230 11
66089 20
78039 21
61839 20
61819 22
72940 18
83508 6
74988 5
75049 0
62269 0
65999 22
58310 23
80959 8
59929 3
61699 21
62779 7
70269 0
78410 3
80850 22
71529 21
80699 5
70129 1
68549 15
62829 14
65279 9
61830 11
71919 21
68909 12
58960 11
68870 22
71950 11
92629 5
60029 18
52959 13
53790 4
51309 20
59449 13
56080 2
59169 16
57439 15
72619 5
69049 21
78119 15
72889 20
70069 0
75009 8
148728 3
68709 12
76049 21
81339 9
109408 0
103319 12
83749 23
91009 22
91109 0
106709 19
107248 16
65589 18
65419 3
67339 1
60129 1
64090 1
60559 2
67319 12
66349 7
59889 15
63809 10
76729 5
77979 16
65639 7
62510 9
74970 19
81030 21
60859 15
60339 7
61700 20
59649 19
58209 8
62679 18
65130 23
67950 17
62869 22
63709 0
70429 21
71359 23
56769 2
65039 10
74959 6
74439 17
59679 4
61769 0
63179 4
60579 23
60769 19
60459 10
67149 13
59739 4
64120 19
71140 18
67019 20
60449 14
65480 18
74339 4
61060 11
62069 9
55520 7
63929 16
80939 21
80079 14
69019 8
62539 15
64029 3
70268 14
63009 16
69729 20
69879 8
64340 20
70339 15
96319 8
68569 6
76299 17
65069 11
71589 15
67959 19
71319 11
71679 13
67019 15
82069 15
80139 18
73889 7
78519 10
75169 3
85929 22
92709 17
86509 21
78839 6
83069 0
71809 1
62590 3
71180 0
83689 11
67369 2
61129 4
80409 15
86319 8
77349 13
60659 1
53819 12
56799 20
55869 12
64169 4
56839 13
55979 18
52410 14
64009 8
69429 2
68799 18
65730 17
67550 19
69469 6
64459 1
54030 17
57680 4
61379 6
70489 18
72119 13
61929 9
55759 15
67789 13
61930 15
63480 12
60939 4
62259 17
68449 13
88218 14
60360 6
71489 3
72769 17
68959 3
75229 5
84219 22
69249 21
61549 11
64559 22
66529 4
64099 4
64339 17
62779 0
66069 20
115859 22
56639 9
55779 17
54370 6
55109 19
57629 21
61100 7
52629 1
53639 7
52319 7
53159 0
53240 5
53440 6
54429 15
55500 21
55269 17
53789 3
65120 23
53390 3
52979 21
49690 5
48299 21
54429 15
54850 16
53739 13
51969 21
51790 21
55049 23
53190 18
49649 13
51509 16
49579 7
51149 7
49470 3
52119 22
52789 0
63090 3
51289 7
50909 1
52880 9
48109 20
50570 21
55490 21
59959 12
60359 1
51949 10
49549 12
52659 6
58339 5
50099 4
59999 18
64340 16
71039 16
73189 10
74249 20
63699 5
64299 10
58409 4
76159 15
83629 8
69639 5
63370 22
217367 21
96189 1
249417 23
263917 0
91059 9
83749 13
90689 20
80250 16
86030 12
58680 16
58689 5
52589 2
67100 11
53249 19
53740 14
53499 8
51079 0
49940 13
49809 8
53770 18
57980 10
49679 23
53820 9
50940 13
51729 7
50900 21
48489 19
52250 16
54040 6
52249 18
51930 23
59589 17
55539 19
57050 0
58680 5
70669 9
65499 8
54259 16
54439 8
56709 8
57279 11
56089 4
52569 4
56340 8
60519 20
57279 14
52990 1
57449 5
74319 21
59619 10
60669 19
64349 23
57119 4
58520 7
61580 13
60559 22
57229 12
60040 23
62830 3
83979 2
71589 8
161498 16
83069 20
73449 16
61350 6
65360 22
161588 8
68849 13
151678 2
61609 23
76860 9
61100 21
91559 14
67779 11
94679 16
75999 9
71729 4
724291 22
268227 4
71409 1
60870 7
61449 1
63999 0
63709 17
63690 19
65569 15
58249 12
59369 19
63499 3
61659 23
66169 15
68939 14
51340 23
55399 11
54369 6
58159 23
58719 19
63119 3
55780 17
59949 13
57399 22
70710 2
75099 0
90619 12
68290 8
72309 2
83179 13
85129 22
103058 19
58199 7
66399 8
64449 11
62970 1
53340 5
53629 3
50760 16
55299 11
54839 10
62020 14
57279 9
64639 6
68599 5
80739 0
70329 16
57459 13
55319 19
62759 17
61790 2
67069 3
61679 3
71659 21
74199 16
56860 11
63959 15
61549 22
65290 14
59420 21
67829 14
48399 7
54250 23
65669 8
51409 12
52880 11
50669 15
56509 20
53329 7
56459 16
58120 0
68400 16
70409 10
73829 8
71389 13
70879 9
80269 11
69090 0
60640 20
66489 13
58799 5
56970 5
59550 15
68109 18
73849 13
64029 8
70688 14
67980 14
59869 20
56539 14
59820 8
56509 19
65669 13
58889 20
64129 0
81639 16
72779 0
70849 14
68669 11
60780 4
59250 11
59489 15
58699 14
58329 20
60099 8
72249 20
63379 18
82839 18
90839 15
67700 5
60410 22
62169 4
59759 14
60380 18
71419 4
63579 4
73139 10
62119 17
54070 0
55479 17
59899 19
64580 5
99568 10
65720 16
68490 15
64939 23
54909 14
60640 15
79999 2
53189 23
50829 11
55959 4
54129 19
62239 22
53489 17
56739 1
57629 14
57770 19
51219 9
67249 6
56220 13
55379 12
79759 10
81359 21
63659 23
62420 0
52629 18
48460 4
51980 7
57299 19
52699 14
45829 22
49849 9
50210 12
51229 0
51030 10
68499 4
43139 17
51370 8
53230 17
49789 20
52340 3
46879 23
53099 6
47280 0
43999 7
