79529 2
29540 4
68779 5
63689 1
36720 6
49249 4
31629 3
84610 0
5051 1
67700 2
67139 1
57749 2
71100 4
97339 1
111499 1
79179 6
53330 7
113809 1
60819 4
87529 7
85489 7
78330 4
89709 6
75349 5
69149 6
53750 5
66630 3
78819 5
102360 6
76440 4
68570 1
75799 4
63379 1
60309 4
89689 4
78660 6
59169 3
68050 3
74419 7
53340 2
174319 0
49189 7
40230 6
92599 0
7480 4
39020 3
49589 2
77200 6
59889 3
43960 2
36469 7
46779 5
69240 6
49679 5
61010 7
45169 3
38200 1
48090 4
50109 1
34960 2
58900 0
29730 1
33110 7
22180 2
5680 2
41500 2
28050 3
35559 7
56590 1
40470 5
52570 2
63949 0
4451 2
29660 4
45880 5
58640 7
63520 7
67840 6
40499 1
48810 5
39410 5
26120 1
31280 1
47460 7
33350 1
49620 1
33420 3
36639 5
39809 3
65090 1
47719 3
44220 4
48910 5
47280 1
59910 3
26769 2
81440 0
4940 6
39480 2
48100 5
35429 5
39940 3
46930 7
46349 1
41010 5
40820 1
37439 1
39540 7
44100 7
51179 1
38200 4
44420 7
50019 3
35650 1
28930 5
49819 1
35470 3
41080 4
47449 2
44159 7
43800 4
32800 3
94339 0
91189 0
5120 7
45870 7
35590 7
21280 1
24429 3
41320 1
49899 1
42689 1
34480 2
27650 2
32280 5
46910 2
46920 1
24889 1
29319 6
27380 6
24040 3
42240 7
61369 7
30880 2
46450 0
5320 4
18300 1
24699 7
33700 7
39930 2
32750 5
28720 1
47189 5
44850 6
37480 4
72449 5
61980 1
39869 5
40870 5
23230 7
24810 5
32070 2
32300 3
42020 2
35369 2
55510 7
45420 5
36970 5
28380 5
40610 3
57069 7
35119 7
33820 5
41170 3
37889 3
35999 2
42360 4
49429 3
27159 3
21090 7
28550 5
22040 6
25030 6
55249 0
5300 2
25770 6
19190 5
28270 5
20130 7
17990 6
17040 7
20510 2
31450 4
50399 1
46810 4
59510 2
61879 4
57659 5
37150 4
50180 3
20550 4
38840 0
30520 0
5240 6
24239 4
23330 2
25240 7
30150 7
27490 3
19549 6
20110 6
21760 1
32330 4
64369 0
5649 4
33170 2
32790 7
40320 4
37380 2
32640 5
30170 2
26690 4
54379 0
5310 2
31270 2
41950 7
70849 0
5310 4
47140 7
24860 5
136959 0
6331 4
23319 7
17850 2
25880 7
28810 6
47289 4
70830 0
4880 5
82409 2
45200 3
52469 2
60460 4
48580 5
100930 0
7040 7
53709 4
50860 1
27760 5
25469 4
72640 4
52929 5
73560 3
101059 0
5410 2
76270 0
5360 4
102029 0
6491 1
44689 5
45870 7
57840 5
43970 6
42220 3
60489 2
133509 0
7930 7
53870 2
47650 7
52359 5
89349 0
6090 3
33690 3
41220 5
57829 7
46190 7
38420 0
4890 1
24999 6
29869 1
33450 7
31650 6
43300 5
59109 3
59369 5
56729 1
124019 0
18590 2
53659 5
53790 7
29470 7
29360 7
42450 1
61020 0
5210 2
44340 2
29610 7
37680 6
56500 6
50009 3
31539 7
32659 4
38180 6
42260 6
104279 0
60279 1
107889 0
5270 3
38530 5
90509 0
5131 2
112720 0
7100 7
66519 7
35230 4
38609 3
34780 3
37200 1
47190 7
36679 2
32400 6
35950 1
48249 7
147619 0
7129 3
104540 3
106269 4
146009 0
86009 1
80170 1
88610 3
144649 0
5990 5
101170 7
93779 7
122729 0
7150 4
181369 0
5040 2
54859 7
22940 4
91210 1
64889 5
546556 0
7370 3
28599 2
56819 5
43790 3
45029 7
57590 6
25509 2
17940 1
16600 7
69880 0
46450 0
5870 3
40250 7
38130 6
31870 1
45060 4
95039 0
79510 0
6380 7
40910 7
57170 4
54119 6
29000 1
19350 5
19470 3
32580 6
28570 4
23939 7
30710 7
39750 5
27990 7
29789 2
34600 5
23940 2
58779 0
5230 4
31510 3
33440 6
65719 1
61940 3
59500 1
42660 4
41690 7
81809 0
6130 1
43400 6
50350 1
58800 2
50929 4
35800 5
85310 0
34369 3
47430 5
54189 2
43189 3
44050 7
51720 0
5000 4
34510 1
38709 1
58370 2
54730 4
116939 0
44820 6
31240 1
73690 0
5340 3
84209 6
55519 4
49640 5
36470 5
41340 5
37159 1
29390 6
27680 1
88029 1
55890 4
51710 7
47240 3
59290 6
28230 5
22200 4
27960 2
30190 3
15990 6
90819 0
4620 7
62270 0
5180 7
52059 2
20880 3
19960 3
22229 7
44959 4
67920 3
103599 0
4560 2
56809 5
38149 5
37760 2
31770 4
28900 4
32710 6
49060 4
56089 3
73930 0
20760 7
22490 4
26590 7
51490 5
28580 6
59080 0
4360 3
115419 0
5640 2
36870 1
25160 3
31030 4
65020 4
34980 5
39700 6
24410 4
23190 4
52840 4
26880 2
21040 2
34730 3
37540 2
29950 3
43670 6
85459 0
4900 7
37600 4
91959 0
9220 6
71140 5
36969 5
32900 4
46620 2
38980 2
46560 7
42400 4
120089 0
5910 4
69769 7
110929 0
10190 6
51440 1
98289 0
48710 0
4420 1
35140 7
60860 0
5090 7
28710 3
28780 5
