127428 1
72049 4
58259 10
53480 0
67979 21
70800 17
1142029 7
60080 5
63739 9
61529 2
60069 7
140469 16
71589 10
65079 22
46369 2
76459 11
50470 17
65779 12
48370 17
52749 7
58180 14
50199 22
62059 3
65019 6
52010 10
53229 7
61450 19
69519 18
54340 3
49019 18
55300 13
52189 3
54600 10
61769 9
6025576 15
58199 5
47010 22
69459 8
54400 8
92589 6
75559 20
47290 18
50169 21
1416308 3
46089 13
281567 16
11973863 22
92469 12
77229 19
77319 8
64470 11
61449 5
8757371 15
69809 9
46710 3
90239 16
57500 17
6617850 14
67379 23
89409 12
93539 5
256527 6
72660 22
38569 15
65290 0
63239 1
55770 5
55999 6
49020 5
54899 0
29770 15
56739 12
53390 5
62019 3
64200 7
10858202 18
63079 21
70409 21
57299 3
57400 19
45370 19
66300 18
49530 21
62739 9
1480037 7
55060 21
50890 0
48730 12
41829 21
70180 7
50019 12
64249 9
43059 21
44480 18
142998 16
43289 18
59359 10
62980 4
55320 23
65580 8
80709 16
37060 17
62879 6
56540 0
48809 12
55980 20
17057826 22
90359 10
216798 16
85009 18
58570 19
66269 7
75370 5
50400 19
78759 8
54180 10
57639 6
60520 11
1207059 11
50650 18
81979 16
88779 12
50770 10
55410 5
53239 5
79529 16
55729 12
63790 20
55519 8
50080 5
47999 19
57110 10
55659 8
71220 2
5172704 15
9902210 22
79110 19
72749 0
88319 0
59610 4
63929 8
62199 9
54850 4
61979 11
51029 8
54829 10
77909 3
50159 3
90160 16
59040 21
1443637 14
7934088 15
68970 4
48499 0
93090 16
44979 17
9974690 14
62689 18
58599 13
31760 17
9081218 15
89959 1
60069 20
98140 18
81270 2
127188 22
55250 21
211978 13
66890 7
52810 18
51330 17
45199 17
37400 17
49759 7
64600 10
976831 2
91199 16
96209 16
63460 7
89289 1
100739 20
52800 21
46660 21
59839 4
49639 2
49460 22
1306289 11
52289 11
55240 2
6104755 18
49639 21
51520 18
57099 23
68080 9
49649 13
61720 0
89149 5
71009 5
52330 11
1627815 0
1605466 4
62740 11
49849 0
57839 0
47730 17
59010 3
51019 1
48839 0
47370 4
58609 5
59300 7
5657398 15
92939 20
58069 2
70520 19
68570 10
80159 10
66600 13
55009 1
91329 12
58730 14
109259 16
44659 17
57520 22
58989 3
56870 18
52919 12
48310 12
96399 16
1636035 8
60480 0
83749 7
53989 22
310417 2
72509 2
1594016 20
66149 18
62039 10
185808 17
69579 1
59490 12
64999 21
1742414 23
58270 22
53329 2
54220 8
57079 19
52840 8
1343298 0
61699 9
94429 0
1317518 10
48920 22
62149 14
61010 15
940441 17
54160 20
87459 16
54839 19
46380 23
9875501 22
65490 7
50099 22
59479 13
48939 20
60419 10
347836 19
61040 6
57459 1
43590 14
55669 9
60910 11
53169 23
47000 6
48690 6
48220 0
68069 2
63260 2
67889 5
66669 12
2150420 0
55819 10
53889 23
45510 23
46819 11
58870 10
51579 7
60400 21
52439 6
66260 22
62749 7
58400 20
60570 1
54579 18
53449 18
45859 7
61290 6
50030 6
63790 0
6409242 15
48770 22
45689 22
69070 3
89579 16
64709 21
64610 7
88519 16
49140 3
68460 2
8049297 18
76999 12
53840 19
9745432 15
54750 7
57169 2
65659 14
256358 0
49390 7
62759 4
57430 20
43140 14
56109 1
37549 15
52780 19
57869 22
57080 17
35149 15
73889 8
64799 9
49540 9
1397757 7
207088 10
59460 6
49869 23
65940 1
49519 6
51660 13
47929 9
56350 12
961151 17
45730 19
52219 9
65590 0
46869 8
44980 20
48279 2
88830 16
44740 23
7455373 18
72669 2
1725295 5
52009 20
74330 9
62749 14
803573 12
220778 12
1180929 3
71289 10
96890 3
62999 7
74779 23
40610 17
2605956 15
55510 13
72089 2
1334168 15
71799 10
12003991 18
64589 22
65229 22
44770 17
69320 2
7702570 14
76860 8
11164739 22
89399 7
82359 19
408247 19
80510 4
61129 1
69790 10
49789 4
57980 18
54579 3
60350 23
105409 16
55939 10
59810 21
102729 16
52159 20
65150 3
67449 0
2047922 4
89210 16
60179 20
68259 3
69099 6
67099 1
51310 20
67479 1
61450 10
3656347 15
54409 21
188828 9
185879 12
52269 18
63539 21
55789 20
72710 17
9951310 22
64769 3
68790 22
58969 0
54520 12
1795434 19
61160 5
49029 4
57850 22
56039 20
53730 13
58039 2
54150 1
50419 1
48640 9
16389852 18
51630 22
74589 23
77529 21
74599 1
45960 17
1450527 13
10417156 15
68369 6
47890 15
89529 4
2631866 5
78870 6
71590 4
58829 21
66650 1
54429 17
58560 8
1489746 13
61080 1
43729 13
65250 8
49299 5
60200 11
1137139 0
87108 16
52759 1
50190 8
52629 11
3581228 22
54690 5
66609 7
58419 13
66980 23
76869 19
78949 19
70340 10
59389 13
47780 7
75549 3
54630 20
1329377 2
54409 1
54100 7
52150 10
58879 22
54149 10
49399 1
57819 9
5346432 15
61969 9
55210 20
46649 19
61780 11
85339 16
1347748 9
964161 13
63979 12
45269 15
59220 4
61470 12
58179 23
52349 3
46709 4
54240 17
59249 0
52050 10
49380 0
47899 3
60320 21
55679 22
57640 5
58759 20
50880 4
58859 19
54180 18
52400 18
38881739 14
71470 11
61910 3
66879 5
82070 0
67299 10
65509 9
62660 10
67839 21
63069 19
63250 2
53310 10
57800 4
60099 12
57379 11
1616105 5
71160 1
58039 1
47610 9
60569 22
5364202 18
60459 1
94989 3
74129 19
1465467 20
65450 11
57769 9
75880 7
54539 17
56490 8
52629 1
60970 7
57699 18
7080206 22
427976 14
77840 8
70889 12
53369 12
60069 23
78689 22
57610 17
1535586 22
84099 22
64749 0
70559 2
2472047 1
55240 22
38300 15
55079 4
48020 4
50259 22
75309 2
56599 0
29930 15
212948 9
63669 1
48290 20
79399 9
2238680 11
105229 13
60399 4
61039 17
59639 10
56270 1
60669 0
69550 6
436626 15
55229 8
59840 4
64429 12
60550 8
311238 2
12106261 22
64179 21
63899 8
84329 18
82039 21
80189 11
63410 11
1859184 18
715673 12
67699 7
57729 23
97189 1
51710 13
590004 21
69429 7
73099 14
66229 10
68279 18
147439 19
1858783 4
83429 7
48890 18
33189 16
92679 16
66719 10
55669 6
46410 15
53819 13
62339 2
1535926 13
714324 19
10239188 22
91249 16
59450 0
47799 0
55850 1
67699 21
116819 14
56870 22
187069 19
82819 12
62749 18
43709 0
48020 4
78509 8
55070 2
66810 19
59809 0
54190 10
61449 5
48350 18
66539 20
972052 11
50079 18
68859 4
58980 12
75259 6
56480 7
62289 23
52600 6
49749 7
1006711 15
61950 22
66589 17
60690 6
56330 21
43120 18
47369 7
56440 13
47619 21
95149 16
76220 9
79949 16
63710 8
68770 5
68679 5
71919 0
67459 23
633604 4
2731986 2
100699 2
75090 19
56729 5
65020 4
264277 17
53120 14
59519 10
763263 11
61910 9
63189 7
109829 12
58310 2
52239 18
58060 6
70379 1
19866431 22
63909 0
82199 8
68790 12
66309 8
86640 13
93760 16
71919 1
1478667 18
64619 0
262508 12
60669 10
59080 1
66369 11
67349 2
45580 18
57240 4
68080 7
54209 19
47580 7
54719 6
70260 7
49199 22
44100 18
50249 8
57230 3
61659 20
54319 23
70659 9
47640 4
47719 0
52129 2
49669 9
47509 1
45700 23
47629 1
5812688 15
54509 8
50430 11
77869 3
55200 13
1500916 8
78709 6
1480747 1
49359 20
64629 10
60219 19
48760 8
47669 1
49739 10
48830 4
52819 8
1251009 2
48679 19
86560 16
42440 17
51990 12
53829 6
1802224 0
55379 2
72300 5
77479 10
62630 14
48929 1
55440 17
57119 6
155399 13
39199 13
49609 2
55639 6
59849 3
52090 7
3437249 22
84570 21
86560 8
61689 18
1441697 21
99689 17
65640 21
63089 13
18442993 18
9220597 14
1161529 7
1002671 23
64939 3
63530 2
59769 23
59020 1
61049 11
69640 5
715744 9
9393395 15
56630 9
99069 16
86709 7
55149 20
64089 21
65189 13
86679 7
93319 5
74569 19
80349 23
64650 20
3153611 14
829493 9
79429 0
161618 7
55259 2
275468 21
52329 18
67789 8
47769 8
55750 22
50030 2
1053281 0
48419 9
47070 2
70169 5
60970 1
48260 22
49780 8
53459 23
57770 13
77529 16
8691801 15
60730 12
52290 9
63690 4
49839 23
55409 3
57069 17
70419 1
33240 15
69160 17
66029 12
50320 1
47769 18
66150 11
48319 4
53750 21
74249 19
60570 13
26850 15
45960 17
48489 13
47699 21
48420 23
48829 4
48590 13
10768973 14
80529 9
48019 7
137969 16
62119 8
56890 19
65330 1
56379 4
47039 12
49200 1
63040 9
46619 23
47009 9
61080 4
58300 3
48159 7
45920 0
45279 13
65950 22
58439 6
48180 6
49869 0
50980 2
6879288 18
48249 4
41020 14
62259 17
45830 21
52099 3
68740 10
1172319 14
61500 12
57189 4
53930 9
8665801 22
88528 20
49549 13
74049 0
147528 5
85989 12
1289669 22
46139 13
75190 19
8597112 15
58790 10
60489 7
48420 0
63960 4
56700 17
49999 7
126899 16
44850 17
40470 15
58519 19
47189 12
70659 7
47750 7
276167 10
50920 18
8022687 14
164888 22
68030 6
61260 0
73359 7
56320 6
61809 11
54240 13
49339 14
58720 8
46939 6
54270 4
61929 19
1945113 18
62309 7
68689 22
49019 0
72319 8
50500 11
64910 19
56089 0
1315968 12
250968 8
55899 12
80480 11
70179 20
43810 19
53160 11
6971527 15
48860 20
57499 17
69419 23
76040 3
81159 11
1425407 2
79240 13
109819 2
61920 23
72359 21
54460 9
57899 5
42050 17
45639 4
43739 4
65650 7
56560 0
4596019 18
48579 5
1543786 11
55500 19
48710 21
71539 3
50519 10
49479 8
46969 3
68049 23
54110 4
48430 9
327057 14
57969 22
80749 14
54579 21
57159 19
46200 22
75059 18
41870 17
9274266 15
90509 16
61370 6
56199 8
46840 9
45439 19
53260 2
58859 4
48750 12
54799 10
55829 1
61120 7
79180 16
50489 3
50690 3
50659 20
9563374 22
64280 20
1495156 9
115559 1
75809 19
52330 21
62589 20
73179 12
46849 22
69409 14
298857 1
45990 15
79559 11
82409 16
52900 13
58589 13
54859 20
59699 23
58189 17
43660 19
57959 3
45969 11
35600 15
455365 13
50519 19
73870 11
43760 20
50200 4
57270 5
44510 21
45409 20
50940 2
60979 9
52710 3
44659 17
46270 23
64269 14
70940 21
48969 3
49170 20
47170 22
44620 22
