33949 13
39260 6
33239 8
3780 3
5600 13
8570 0
7829 4
4771 15
9229 1
14640 7
17050 10
11270 13
4479 15
14270 6
5600 8
9110 8
7460 0
7840 2
8170 15
18249 9
4660 1
9290 11
5900 7
4450 15
5520 15
7570 12
590 14
6630 0
6160 6
14709 3
3329 15
5970 2
11120 3
6390 15
7390 10
8230 3
640 14
10699 0
3140 0
5691 10
3830 0
19270 10
6980 11
2860 15
9770 1
5940 11
6590 15
4349 5
4300 0
8030 8
7410 4
5100 11
8460 5
3190 15
8840 12
3540 13
6120 9
3340 15
3780 15
9889 0
4220 8
8100 11
4190 0
4030 12
3140 12
8650 10
8140 4
8939 5
6060 6
4579 5
4000 8
10900 4
3670 12
4020 13
3510 3
410 14
5490 0
7400 1
420 14
6760 10
8129 1
11820 13
5130 0
5550 3
6730 11
17060 13
3500 3
4070 7
15689 4
8080 5
16790 15
4420 9
3730 12
3700 13
21470 0
5840 8
260 14
7150 2
5800 0
4580 9
5130 10
6149 10
5280 6
3800 0
3579 3
3590 12
4310 0
5330 11
310 14
4160 13
3010 9
3650 3
3070 4
5990 2
3840 4
4410 0
4400 2
7129 11
4051 13
3969 12
10170 9
4710 1
4030 5
5890 7
8080 12
4990 10
3810 8
4160 9
3430 11
5171 4
5789 12
3930 10
6190 1
4510 5
7240 8
6320 6
4270 13
3940 9
6550 15
2890 6
6130 0
3129 9
6049 2
7640 3
6460 4
5550 3
4860 6
2740 5
6920 12
3890 13
4680 2
2880 5
5370 11
6209 13
9080 13
3590 2
3390 7
3830 9
4460 3
5220 9
3720 12
3740 11
5290 5
4430 13
7250 4
4030 10
8029 9
8160 12
3930 9
3540 4
340 14
3410 12
5100 0
4210 6
12650 1
350 14
4840 4
11289 1
5091 4
6359 0
4470 12
5580 4
9300 3
12150 2
3410 5
5020 10
450 14
6870 3
6529 9
4731 7
6230 15
5230 4
6760 2
3990 6
3560 3
4430 1
3820 4
3350 4
4790 12
9699 11
15980 9
2930 15
4420 9
4520 5
320 14
4640 0
3900 6
5770 2
2660 4
4620 15
4760 12
3470 4
3669 6
4980 13
7990 5
3220 15
3550 9
5150 3
4570 15
5380 6
4640 5
46189 10
8140 4
5850 5
3160 15
5310 1
6900 1
5059 8
3671 7
5020 11
3479 0
4170 15
4340 13
6070 7
4060 11
300 14
6210 4
4810 0
9600 15
3640 15
420 14
6740 4
3940 0
3900 8
5039 12
4160 9
6270 12
3840 12
3070 5
4690 13
390 14
3340 0
3350 5
4390 8
2950 15
4830 5
11220 10
7109 2
3820 7
3790 12
3380 8
3840 8
4320 8
3520 8
7670 13
9290 0
3470 15
4480 8
4339 6
7340 1
4580 11
3610 1
8070 8
3810 15
5310 10
9690 2
3730 5
3510 10
3530 13
630 14
4859 11
4100 13
3789 9
5380 1
10439 11
700 14
8820 7
4170 1
3720 12
5250 3
7090 10
13150 5
5871 1
5749 1
4220 10
4100 11
5690 2
7230 8
6510 13
5040 11
9630 10
3750 6
4309 6
411 14
5760 3
8789 15
4890 4
10100 0
6990 5
6300 15
4560 11
4500 2
6720 8
549 14
2840 4
3940 2
5100 9
3750 7
6920 15
3980 14
3490 13
4050 0
6840 12
6840 4
8620 10
3920 4
6780 2
3920 6
4499 9
6430 3
6480 8
6270 15
3720 5
3890 4
5170 12
3620 5
4390 1
5700 11
3089 7
4129 7
3871 5
6140 13
6620 0
4590 2
2800 7
8760 0
6990 9
3970 4
4510 8
4670 6
21459 3
3450 8
4860 10
2000 14
4730 3
3830 2
4350 0
3910 5
310 14
5000 6
4110 0
4060 13
7059 10
3880 11
4891 11
3869 0
4570 5
3860 6
2430 15
4300 0
4610 2
7010 1
4080 11
4700 13
4310 11
3740 5
5270 11
4440 9
7070 7
6160 12
4400 2
4320 12
8290 15
3940 7
5400 7
10189 9
5460 8
5980 1
5250 3
6150 3
5850 9
4020 7
5910 2
14950 12
3020 4
4260 6
4930 6
4140 0
4870 12
4620 9
6470 1
400 14
3340 0
7330 15
6710 7
4070 9
2370 14
3729 5
3069 4
3871 4
4040 2
7720 3
3400 12
2500 14
4130 11
2000 14
5480 2
420 14
5940 8
12560 9
4440 1
9959 9
6389 6
8649 8
9930 13
5040 0
4560 15
10250 8
4070 6
7139 2
4480 11
5380 7
8589 15
4650 10
4590 13
2840 14
7760 3
5390 4
5980 6
550 14
4110 11
7899 6
8091 5
7090 15
7500 9
4830 1
3560 5
4270 7
13650 9
7520 10
11220 8
3820 7
4139 11
5230 4
4000 13
4490 5
4290 15
4540 8
10410 13
4400 1
3570 9
4760 7
7119 6
6960 1
4780 5
4530 0
4730 0
10700 12
4570 11
8620 1
12040 4
4380 0
4649 3
7730 4
4940 11
5000 2
570 14
8160 15
4200 13
5860 3
5450 13
4690 12
3800 7
3180 5
6820 0
4439 5
7771 7
12809 15
3940 13
6840 7
3420 15
3530 7
5420 5
1950909 12
3900 10
4770 1
4470 10
3480 15
5909 2
3171 3
3060 14
3829 8
13700 2
8980 1
3080 3
5740 4
3770 15
5030 12
7350 15
6869 9
5700 11
4749 4
5670 8
19320 2
4330 9
4950 6
7720 0
5510 0
6430 4
4649 0
8869 13
3330 3
5360 6
12740 4
4690 3
10040 2
9110 2
4599 11
2951 15
7599 8
3330 9
5140 3
8710 6
4520 2
4110 8
4440 8
4180 5
3310 3
4510 9
5720 10
7169 10
9260 1
11140 6
4990 7
9140 8
6030 13
3230 12
5880 10
5000 0
2529 13
4549 6
3780 11
3520 10
331 14
3580 15
6830 12
36920 6
4969 3
3700 13
6840 15
4510 1
4650 0
9420 12
3430 7
5740 7
15270 10
6440 1
2830 15
10340 2
8510 0
4890 11
3870 15
4040 11
4150 7
4020 10
9190 1
3249 12
431 14
4360 3
4040 13
3310 12
4050 8
4570 2
340 14
3780 6
3470 8
4830 0
5080 0
490 14
4540 0
420 14
4860 1
4390 6
4040 5
4929 11
4189 15
16350 1
320 14
3540 6
6100 7
8800 10
3470 13
7150 6
23240 0
5539 2
500 14
5050 1
6820 11
3010 6
8480 10
5620 13
3790 2
6340 12
3690 10
3439 3
3160 10
4000 8
5349 6
4579 7
3640 12
3970 7
5200 0
4150 9
5930 1
7560 8
3040 3
5980 15
4820 7
3459 11
4631 7
4629 7
3720 3
17660 8
3470 13
8430 2
3550 8
4900 4
4940 7
3510 3
4629 10
3460 9
9369 0
3430 12
3200 3
3110 8
5610 1
4300 11
7750 6
14780 6
6079 0
6171 9
5830 5
9490 10
8030 6
14350 9
7140 2
8429 7
17810 4
3690 9
350 14
5060 7
5910 2
8800 1
5490 11
4800 15
11950 10
6771 10
5089 13
8910 6
6430 5
520 14
350 14
3290 3
7790 0
7720 7
4870 13
2730 15
18670 1
340 14
9890 12
14820 2
8120 2
5420 0
350 14
5900 2
6470 13
8340 6
3000 9
3839 1
4740 6
3610 10
3310 12
3380 15
390 14
3870 8
5290 2
10380 11
5800 2
3720 15
3560 6
4769 15
6171 6
7559 4
6540 8
9360 4
5440 13
4890 1
4410 11
11970 1
3340 12
4060 3
6389 11
5540 8
4700 3
4870 0
4120 10
4210 7
4620 13
4190 6
4870 4
4510 9
7479 10
3271 0
4949 0
4630 6
3980 10
8330 9
2850 12
4630 13
2910 12
4080 2
3490 8
4010 6
4060 10
3630 12
7569 9
16580 9
10720 7
3470 6
7750 0
7130 2
4770 5
4460 0
5020 13
4789 11
4480 5
3540 15
11979 1
5500 9
430 14
3190 8
4680 5
6900 6
3670 6
6300 1
16779 6
280 14
280 14
4140 3
4040 10
10220 1
5760 5
5890 1
12550 4
5570 2
5370 0
4740 5
2350 15
5090 12
6620 11
13170 0
17109 10
21959 4
10220 0
440 14
9120 5
7840 11
5150 13
11580 8
8359 8
10000 12
6110 0
10520 12
3260 9
7480 0
4640 6
7859 12
7280 12
7250 0
4940 15
14750 10
3030 3
3810 15
4300 5
9400 4
11899 6
18960 0
5040 0
350 14
3760 5
5040 11
5200 11
10170 15
5410 4
2940 13
4231 3
7029 8
750 14
7990 1
7060 11
330 14
280 14
3830 15
4730 9
3670 9
2930 6
7910 2
1540 14
4120 8
2620 15
5129 9
3860 15
11740 4
4510 2
1700 14
300 14
3580 0
4960 15
4280 10
5440 2
4430 8
6850 2
5090 8
5189 15
3351 12
5769 1
8180 2
350 14
4180 13
3830 11
4560 8
3840 8
13080 12
6080 9
7460 10
3471 12
4880 15
10420 13
3970 9
6020 1
5970 2
7220 5
10200 12
5110 13
4730 8
8380 4
15060 4
13309 8
3171 10
3680 12
4529 2
5870 4
4500 11
430 14
4920 1
3550 3
3440 11
5370 9
4080 12
5760 8
4830 4
6029 4
8140 5
4331 11
4029 11
5760 8
15050 6
4220 2
7160 2
4710 3
3150 3
3580 15
4939 5
3340 3
9790 6
2830 9
4990 8
10680 8
6680 8
3180 7
3530 6
3950 10
4250 5
3500 8
20949 8
10720 0
5010 13
7440 0
370 14
320 14
5010 12
290 14
490 14
17450 6
4480 10
4449 15
4820 2
5450 10
4320 13
8130 0
7550 3
7410 13
9050 8
9660 4
5189 1
7700 2
7430 1
3200 12
4570 12
3740 13
13200 3
4950 6
5080 1
8700 8
3389 8
6749 6
390 14
2610 15
9570 1
3140 12
4850 0
8930 0
5430 15
3950 10
770 14
3480 14
3580 3
4109 15
4100 8
5400 9
4720 11
440 14
10210 5
8120 2
5090 4
8780 15
4050 0
4380 5
8100 9
8009 1
