60087703 11
14980 10
54809 9
673345 11
117659 4
247178 6
97370 11
170439 4
105280 8
79979 11
84189 8
116129 9
136739 11
263688 3
253808 7
175519 0
155299 0
248238 3
215498 4
117870 5
82169 11
120669 3
124149 0
190548 3
296087 3
86790 11
136899 7
103970 6
237008 8
203918 0
125099 1
178679 0
154319 4
122889 0
178578 0
338897 7
137499 7
224738 5
25200 10
254608 9
128129 1
221009 2
102930 0
95529 4
82089 7
118459 9
226668 6
173998 7
138989 5
131259 8
284228 5
248578 1
327298 4
50359 10
145549 1
79570 9
78749 8
105709 3
78110 8
116469 8
219978 8
19470 10
140979 5
100879 4
244598 1
92940 3
80500 3
75499 5
262638 1
257118 0
104030 6
94220 9
12770 10
71459 1
70480 0
64899 9
54720 3
51059 5
63080 6
56640 9
49050 7
44760 5
61919 6
58600 4
42980 1
47499 0
64390 9
45499 6
44180 7
43720 5
49059 2
48490 8
47110 5
47430 6
44980 6
46469 4
1115171 11
215138 2
132749 2
249719 3
283777 5
391097 0
72990 9
329757 2
237008 6
392868 2
103009 9
137109 11
174079 5
287458 5
106549 7
18930 10
154449 4
127609 3
151319 6
242198 4
19540 10
237368 6
171169 3
251428 5
108359 5
171279 0
96649 3
157289 8
321127 5
118980 1
242809 7
114249 11
124839 1
129639 8
98269 11
117229 8
98169 11
166709 3
132289 1
96749 11
148649 11
104199 8
128829 7
119230 8
140479 6
176738 2
26804536 11
78089 0
87230 8
67779 6
415997 11
144859 7
142839 1
285387 1
314647 2
277408 1
111339 7
139569 8
131949 5
106899 3
72649 9
100769 4
197248 3
419017 3
194878 1
90219 11
146379 6
177059 3
95939 7
297578 3
116049 5
108829 11
299608 8
115169 7
136349 8
138429 6
253678 6
109849 0
138549 2
134489 9
127299 1
87219 11
97789 1
141459 3
82699 10
160469 3
248338 3
58639 10
117699 8
152559 4
93830 0
136439 1
201308 8
215648 6
161919 4
17170 10
144269 3
184739 4
104589 4
224258 5
108499 9
297798 2
136289 1
123629 1
130409 11
134419 9
145629 8
131789 3
158378 2
133099 4
123479 5
175459 6
370447 1
78390 9
240508 9
122249 1
18850 10
19960 10
336987 5
278748 0
152969 8
43780 10
127480 1
94769 7
891103 4
13480 10
71999 2
74810 8
87249 9
98100 3
97769 7
146288 1
72899 8
58410 9
99979 0
87979 9
68810 2
56709 8
73809 4
66730 3
53180 9
55199 4
8214088 11
149409 0
147139 5
97589 9
19789 10
148679 5
183929 8
184538 6
113599 5
145669 2
146870 6
368588 1
101879 9
212998 2
95889 9
118219 6
154108 5
72209 11
132059 2
284448 6
81129 8
14730 10
109159 9
232398 3
185468 6
110699 7
251478 3
182229 5
55720 10
148399 1
178599 8
98729 8
98869 11
116299 7
137659 7
171249 11
204029 1
126679 5
228578 0
243758 9
173749 0
82679 9
88520 8
180508 2
191979 2
199638 0
292738 4
90289 2
97730 2
175098 7
19930 10
358957 5
197599 0
201138 2
124849 1
138239 5
80620 11
95079 7
194229 0
180789 1
173299 0
110989 1
161709 5
82059 9
97709 2
131929 6
85919 2
79909 3
84219 5
142799 2
154279 9
9454588 11
93529 4
329138 11
173078 1
140748 0
116948 7
164849 4
90970 8
112989 8
79779 11
93160 7
149019 0
212799 0
140069 1
223968 4
283638 5
390087 5
109879 3
169379 4
287788 4
74020 8
117249 3
122489 6
107149 8
97959 8
203779 5
127369 2
147409 8
330787 0
73060 10
205678 7
126499 2
125329 9
173669 6
47259 10
172668 5
119849 4
82070 9
372767 6
114569 11
218948 6
104649 5
109629 7
92889 6
112489 5
164609 5
75959 11
208759 6
232898 5
164279 3
123759 11
98729 2
329958 4
82720 9
167208 11
132659 0
16140 10
81939 11
182188 9
107870 6
80949 11
194119 9
105290 11
180608 9
186509 4
281288 1
16750 10
9587417 11
79749 7
75339 2
102310 2
91149 4
139069 6
287648 1
280178 4
150768 1
75139 11
170849 4
184248 1
69470 7
20430 10
236409 6
234728 2
80489 8
378157 0
18560 10
142699 9
142159 8
114209 7
122879 6
41020 10
153959 4
20650 10
107309 9
87469 7
21520 10
151909 0
193648 8
100470 9
19459 10
177058 2
369597 7
275368 3
112249 8
104249 3
168998 9
197639 1
77339 11
100229 8
197769 8
149459 4
117269 0
4450476 6
136489 3
190239 7
236949 2
56629 0
29749284 11
70199 8
91380 4
507467 11
347818 3
149139 6
208748 8
81319 11
69029 10
181439 8
168398 6
140268 3
129369 4
324678 5
143039 7
132949 8
179248 11
300698 4
116899 4
313108 0
281068 2
157399 2
335458 3
185478 4
135459 4
146030 9
181089 7
42850 10
172888 2
68970 6
107939 2
136899 2
226638 2
295368 2
110489 8
85700 8
38349 10
127419 2
135189 0
35890 10
111159 6
132629 4
97789 6
98830 2
119849 3
395537 0
222248 0
272968 9
128469 11
157349 0
296147 0
132168 4
186728 6
67189 6
30029701 11
111359 1
95739 3
100879 8
454466 11
122619 2
370287 4
250238 4
231418 5
162388 3
123819 8
308488 1
172519 5
249998 5
97939 8
293008 3
97559 11
247758 8
696495 1
297177 6
170838 0
39130 10
177649 5
33449 10
108809 11
147630 9
99320 4
150708 4
408737 6
285458 0
60250 10
120429 7
192498 11
162759 5
234759 0
95700 8
71469 4
161049 2
115439 1
54609 10
137748 4
283427 0
47400 10
135749 5
274938 1
124319 9
142769 3
191338 1
432426 1
91660 7
168099 8
133589 2
42600 10
118589 7
598475 0
175009 0
86719 3
60510 0
66869 9
70760 2
57289 8
47060 7
98049 6
30330 10
53850 3
76919 7
87069 3
44150 6
9892905 5
147229 1
259528 6
409337 5
99930 3
291188 7
131130 5
356998 6
78739 11
460227 6
97769 3
177979 3
447336 1
125389 5
187739 1
143089 4
45403754 11
65579 9
79510 0
83819 7
96170 3
135670 2
96970 7
37409 10
323927 7
72689 4
65250 2
113439 1
186179 1
123939 2
307127 0
123119 2
219179 0
179198 0
37820 10
202269 2
75900 9
430107 3
122149 2
76889 7
112659 5
83190 9
185468 7
203829 0
185548 9
94969 2
42059 10
111539 11
181529 0
124489 3
333908 6
150309 0
251329 6
75299 8
299957 2
191038 2
371437 6
65470 1
83449 11
102979 0
87799 8
143629 11
314257 5
348897 3
116139 7
150568 2
140519 2
79459 9
159538 8
191548 5
248208 7
263278 5
100350 6
161949 4
186289 0
161999 6
47669 10
132779 1
197869 7
9104780 11
77049 0
138119 2
118569 1
200328 6
173329 9
84269 5
155909 7
104429 3
246898 7
179349 7
144289 8
143439 2
85969 9
37400 10
216298 8
43920 10
182839 2
126079 2
93949 0
141769 2
396807 5
81469 6
66470 10
283158 1
38090 10
118399 6
230299 6
207949 7
251698 0
62500 10
195828 6
257058 4
141959 4
116479 6
192989 4
151239 11
156488 8
32739 10
310498 3
102899 7
92869 0
126129 8
182509 6
40330 10
116719 4
125829 4
41660 10
179508 5
138769 1
230708 2
151949 6
189779 1
208028 2
128519 7
253978 7
191889 7
218798 0
301418 9
86469 4
191909 2
178258 2
156599 5
107189 9
208249 3
138889 7
225738 1
35010 10
31150 10
141199 5
122879 1
71049 11
72369 7
133459 6
125619 0
160609 0
65630 7
123149 4
200358 0
208519 5
190328 0
157409 9
69830 2
106170 5
117290 5
129659 3
60619 3
56900 9
74969 1
68740 4
56669 2
8670464 11
163869 7
134779 8
539296 5
133799 4
120799 9
293368 5
103519 3
126609 4
120109 7
221038 6
128069 3
77950 8
76889 4
112089 11
258818 5
73720 10
156218 1
50739 10
286938 2
301358 3
141269 9
134349 11
355297 3
93769 9
69170 11
84509 4
126479 8
151289 0
37840 10
111959 9
168329 7
276948 8
126669 1
178359 9
253198 1
244048 2
91810 7
77639 8
89519 6
127779 0
77410 11
343977 4
123489 1
225378 8
37809 10
36590 10
115989 8
43910 10
255108 7
121589 3
232698 2
105409 8
379937 6
144979 2
89800 0
266289 3
99700 8
227808 7
186988 5
94140 7
55299 10
282807 0
118260 0
82480 1
54049 1
48600 9
86929 0
76280 9
61759 5
9441548 11
99870 1
91480 0
134189 0
129689 8
222468 3
111769 7
155059 7
48820 10
393477 4
107469 8
131089 7
77359 0
45869 10
180979 3
191988 0
103539 4
229779 3
132119 5
123239 9
124359 4
478196 7
185459 3
238598 2
171048 5
206389 6
136289 11
130519 11
51130 10
81020 11
250598 1
79529 8
112030 5
141918 2
164168 2
161419 3
46560 10
187838 11
122929 9
131769 8
117389 6
239558 0
259629 5
432177 5
117869 8
115019 11
172039 2
147939 0
136909 4
79679 7
292357 0
161839 9
39820 10
151379 7
117429 9
337367 1
284718 2
110099 5
90169 8
196799 6
99339 5
72809 9
194348 1
84650 0
10532840 11
51940 3
107409 1
378797 6
152799 6
81899 7
89610 7
122329 1
116009 11
90349 6
141989 6
100739 1
79390 1
121329 0
129719 2
88499 8
95969 6
83989 8
115029 1
151679 9
156819 9
87320 11
271538 3
358827 3
212259 9
125370 7
200079 7
220998 0
103829 7
111599 7
345107 4
231938 1
291228 9
284968 1
188588 0
178728 7
158249 4
113299 9
78669 11
84000 7
117599 5
145049 4
175749 3
139809 5
47130 10
80919 11
408187 1
197569 0
94119 6
118059 4
114739 1
127049 11
213359 0
33120 10
129610 6
53460 10
138609 3
177539 7
118640 9
82229 10
147799 11
62990 10
9969724 11
56569 7
73520 7
70069 0
90879 4
105850 9
698335 7
274278 7
102459 0
102719 4
142808 5
274137 0
114429 11
413746 1
252408 1
119819 9
121149 8
270707 3
112280 6
128859 2
38199 10
197478 0
98839 3
245798 0
309318 1
196318 6
348827 6
37689 10
114079 0
184249 1
131349 8
109279 0
150779 8
155459 4
125439 7
128349 8
80070 8
38980 10
209869 5
458526 0
41770 10
249118 4
115239 2
45850 10
174568 8
178379 7
158029 3
136979 11
169188 6
42879 10
229548 6
51010 10
97249 7
107110 3
153929 7
184709 11
133109 11
157979 5
205168 11
215988 4
68029 11
178979 1
114049 7
137449 1
44820088 11
78750 5
88959 9
77760 5
232309 0
138208 7
37730 10
108289 5
130179 0
217959 8
209378 9
39110 10
311377 3
48239 10
99739 8
99790 7
111859 4
198228 7
145349 4
181029 8
141289 9
236718 6
