117329 0
69729 0
68939 0
62090 0
63039 0
63829 0
63609 0
61450 0
72059 0
58809 0
66909 0
75069 0
85999 0
70349 0
75169 0
69659 0
63239 0
66620 0
69839 0
60209 0
65669 0
61040 0
62359 0
72399 0
61879 0
60349 0
69359 0
64330 0
68699 0
65039 0
63230 0
66560 0
63689 0
67919 0
60449 0
63820 0
61859 0
62049 0
66969 0
62530 0
59349 0
62769 0
70069 0
69700 0
61289 0
66639 0
62209 0
70500 0
77289 0
75609 0
67589 0
63399 0
67389 0
80079 0
67220 0
62629 0
68389 0
64429 0
64869 0
63090 0
60639 0
65849 0
69389 0
68250 0
63749 0
62399 0
62669 0
63740 0
74739 0
63239 0
58510 0
60539 0
58719 0
63409 0
57290 0
57209 0
56029 0
60879 0
60810 0
65329 0
61290 0
60799 0
63749 0
61669 0
132129 0
77269 0
74179 0
62649 0
68699 0
65049 0
64259 0
71419 0
71419 0
71459 0
65320 0
62450 0
66539 0
66259 0
75189 0
73939 0
66540 0
67509 0
64549 0
64159 0
63670 0
63749 0
67889 0
72419 0
64579 0
69500 0
75909 0
73129 0
63869 0
72589 0
63299 0
67670 0
61919 0
64479 0
69450 0
65340 0
70539 0
64359 0
63860 0
60799 0
65059 0
61429 0
63739 0
63650 0
74449 0
61939 0
66639 0
61759 0
61369 0
61849 0
63179 0
65179 0
63589 0
63699 0
66449 0
63220 0
66889 0
70819 0
70889 0
71109 0
59510 0
60559 0
57859 0
61689 0
61029 0
61579 0
62689 0
61809 0
64319 0
62249 0
64769 0
61099 0
62400 0
63579 0
60309 0
70030 0
61979 0
61269 0
61959 0
59280 0
61169 0
65759 0
62529 0
60089 0
62249 0
65069 0
61820 0
66539 0
61279 0
62339 0
60020 0
73780 0
62429 0
61509 0
61179 0
70290 0
72129 0
70299 0
62169 0
71179 0
66619 0
67519 0
74329 0
67499 0
61930 0
63590 0
72709 0
66439 0
65779 0
62049 0
63459 0
61999 0
63669 0
62330 0
62619 0
59759 0
64659 0
67299 0
72129 0
67529 0
67919 0
72339 0
61160 0
63339 0
66069 0
68249 0
61140 0
66179 0
63109 0
68569 0
64759 0
63860 0
66499 0
68079 0
63250 0
67869 0
63159 0
91039 0
66459 0
60339 0
63409 0
65540 0
64169 0
78209 0
79459 0
72919 0
72049 0
75639 0
84919 0
71229 0
111809 0
75599 0
76319 0
77109 0
82979 0
72889 0
65299 0
67109 0
59300 0
52069 0
45089 0
52080 0
54029 0
54479 0
47619 0
50039 0
56669 0
53419 0
46230 0
48069 0
49469 0
50679 0
47999 0
49940 0
47139 0
48069 0
47620 0
44940 0
46400 0
45180 0
45530 0
52069 0
62359 0
48770 0
44349 0
47769 0
54249 0
50200 0
52869 0
53160 0
55780 0
50569 0
51120 0
47809 0
45980 0
47210 0
46219 0
45070 0
47239 0
45970 0
45709 0
46500 0
46489 0
48719 0
45919 0
46070 0
47600 0
52169 0
48560 0
45689 0
47460 0
52379 0
47279 0
44029 0
47809 0
44890 0
47299 0
47090 0
46719 0
45660 0
47079 0
45639 0
48249 0
47649 0
48520 0
51509 0
49800 0
57339 0
45040 0
47840 0
43929 0
45829 0
43489 0
45910 0
42999 0
45220 0
41169 0
44820 0
43259 0
46030 0
51729 0
46539 0
45269 0
45640 0
46659 0
43030 0
42669 0
44580 0
49280 0
60189 0
51529 0
56549 0
49649 0
43810 0
44229 0
45850 0
46679 0
46570 0
44330 0
41920 0
45830 0
43020 0
51810 0
57249 0
58349 0
49369 0
48360 0
52700 0
54939 0
55129 0
55279 0
53379 0
56560 0
51090 0
48439 0
49239 0
49949 0
47700 0
46419 0
49809 0
45830 0
48189 0
45979 0
45890 0
44490 0
45239 0
43860 0
45189 0
45990 0
47439 0
52000 0
51690 0
48350 0
44280 0
45229 0
45460 0
45119 0
45890 0
48959 0
54790 0
45110 0
47359 0
49890 0
51769 0
56100 0
51159 0
55499 0
63740 0
76870 0
85330 0
68910 0
65509 0
62419 0
57790 0
58700 0
54779 0
49440 0
49719 0
50970 0
53040 0
48989 0
46310 0
45679 0
48620 0
48339 0
50209 0
50959 0
59159 0
58009 0
51499 0
57189 0
49360 0
49429 0
50889 0
56139 0
56399 0
58980 0
46490 0
56459 0
61029 0
57410 0
51939 0
51030 0
50789 0
50929 0
50569 0
84089 0
48579 0
58110 0
52919 0
54279 0
58400 0
53489 0
51800 0
50400 0
46509 0
47880 0
47729 0
55439 0
47890 0
45230 0
46540 0
50719 0
44950 0
45669 0
51720 0
50639 0
51979 0
51059 0
45999 0
57660 0
61549 0
58719 0
47490 0
49489 0
49020 0
58010 0
60749 0
49150 0
49540 0
46459 0
46590 0
45489 0
46830 0
49709 0
52589 0
46599 0
50789 0
48690 0
52029 0
53739 0
50529 0
50719 0
52060 0
49109 0
53510 0
52260 0
51259 0
56889 0
55589 0
52759 0
45470 0
46559 0
45250 0
54239 0
43790 0
51029 0
49689 0
46160 0
46249 0
54230 0
53759 0
51599 0
51170 0
47439 0
50579 0
47439 0
47099 0
43979 0
48209 0
249637 0
47379 0
46669 0
45650 0
48499 0
51270 0
52529 0
47150 0
46209 0
43849 0
45670 0
43669 0
46720 0
43409 0
45280 0
42779 0
43460 0
45949 0
45760 0
44639 0
45449 0
43760 0
52100 0
43210 0
51719 0
44820 0
43029 0
47270 0
44039 0
46680 0
45299 0
47410 0
46979 0
49320 0
51330 0
51389 0
48830 0
49559 0
50120 0
46240 0
52929 0
59270 0
64689 0
57699 0
51120 0
48029 0
46999 0
46849 0
48689 0
44329 0
45389 0
46620 0
44909 0
43450 0
49609 0
50010 0
51539 0
49680 0
48169 0
44989 0
43370 0
45089 0
42560 0
50529 0
43360 0
45929 0
45919 0
46529 0
44209 0
43189 0
42959 0
44140 0
42640 0
42710 0
46079 0
54929 0
54029 0
53389 0
48319 0
67429 0
72199 0
63640 0
49420 0
69469 0
66420 0
58759 0
48879 0
49760 0
55740 0
59649 0
47420 0
49199 0
61029 0
51440 0
53279 0
54569 0
51450 0
47339 0
55150 0
54049 0
48279 0
44569 0
62699 0
52309 0
50129 0
64549 0
68330 0
51379 0
53589 0
53919 0
51349 0
51199 0
66649 0
61210 0
62879 0
59779 0
49730 0
51349 0
50849 0
98428 0
57299 0
67909 0
57929 0
54439 0
57199 0
47239 0
47700 0
46429 0
51640 0
64259 0
74489 0
59629 0
63549 0
50149 0
60469 0
64520 0
60440 0
52309 0
55229 0
58479 0
63799 0
47989 0
52659 0
63099 0
57050 0
56470 0
54079 0
59290 0
50989 0
47999 0
52130 0
50439 0
49200 0
62060 0
62709 0
56270 0
47650 0
49079 0
58990 0
57489 0
54969 0
50690 0
50699 0
46890 0
50930 0
49839 0
52149 0
48129 0
48180 0
48119 0
49750 0
54940 0
54739 0
60289 0
52520 0
52769 0
53440 0
52029 0
53659 0
49130 0
50279 0
51900 0
51729 0
57639 0
63409 0
65449 0
63179 0
63449 0
62870 0
66199 0
57969 0
57509 0
51269 0
51279 0
56210 0
52679 0
49519 0
49759 0
55289 0
54449 0
59410 0
49959 0
53660 0
49039 0
51329 0
51409 0
48929 0
55050 0
51999 0
49350 0
62359 0
52019 0
53480 0
53720 0
56659 0
54139 0
46780 0
51089 0
47239 0
49449 0
56609 0
53669 0
48380 0
47760 0
44759 0
44270 0
43759 0
43280 0
42719 0
47290 0
52579 0
43880 0
44279 0
44290 0
43280 0
42029 0
44599 0
42129 0
42820 0
43320 0
43830 0
43499 0
46180 0
48259 0
51370 0
49719 0
49629 0
46700 0
41119 0
45459 0
44129 0
45810 0
49489 0
46070 0
47069 0
42140 0
45489 0
69009 0
80019 0
57330 0
46399 0
70489 0
70270 0
49299 0
52279 0
57840 0
63459 0
48159 0
46620 0
45939 0
64539 0
51660 0
48309 0
53850 0
50459 0
47149 0
47859 0
48570 0
47460 0
43979 0
47690 0
45859 0
50140 0
54889 0
53399 0
50660 0
61219 0
63479 0
57430 0
72379 0
47459 0
47270 0
50799 0
47589 0
47249 0
46729 0
48809 0
54209 0
50300 0
46729 0
50999 0
48430 0
48619 0
47070 0
47859 0
47630 0
47729 0
44769 0
45270 0
94669 0
44169 0
43659 0
44069 0
44430 0
45609 0
44100 0
46609 0
44180 0
41459 0
42670 0
44349 0
43040 0
48619 0
53370 0
54790 0
47299 0
47900 0
44529 0
44810 0
45369 0
56210 0
43940 0
44340 0
44429 0
49879 0
51310 0
46639 0
44920 0
41999 0
44980 0
45009 0
47529 0
43809 0
44970 0
44330 0
48070 0
47790 0
46839 0
45460 0
45099 0
44970 0
44259 0
53030 0
43579 0
45180 0
43799 0
46459 0
43679 0
45230 0
46210 0
54789 0
57359 0
55529 0
45279 0
59930 0
59099 0
49819 0
52540 0
52329 0
55709 0
44989 0
60799 0
50919 0
56099 0
47809 0
62020 0
62669 0
48919 0
48580 0
51169 0
50559 0
50249 0
53739 0
57650 0
57429 0
66649 0
69150 0
59880 0
54169 0
59709 0
50060 0
49149 0
57949 0
54499 0
53469 0
50940 0
59119 0
51699 0
51280 0
55209 0
60879 0
63180 0
58429 0
51419 0
48650 0
49589 0
52040 0
57809 0
60149 0
48800 0
51579 0
48659 0
47749 0
50649 0
46380 0
45579 0
48920 0
49569 0
53700 0
47040 0
47499 0
46340 0
48999 0
45880 0
48189 0
47889 0
46949 0
45609 0
59539 0
47829 0
51540 0
49369 0
47169 0
52279 0
49589 0
60509 0
70409 0
73969 0
59309 0
59309 0
79088 0
82299 0
76839 0
53709 0
74149 0
77599 0
68970 0
58850 0
55009 0
63049 0
67380 0
56380 0
55169 0
55720 0
55569 0
56589 0
53150 0
47679 0
53730 0
53839 0
60909 0
67069 0
69859 0
67810 0
72749 0
64769 0
59570 0
52400 0
61779 0
55149 0
56320 0
56729 0
60329 0
53729 0
55889 0
58960 0
55570 0
55199 0
70089 0
54780 0
53089 0
59609 0
59749 0
52409 0
52209 0
52830 0
51219 0
51919 0
47540 0
49809 0
51040 0
45069 0
52230 0
47620 0
49779 0
49360 0
