97649 1
34640 3
41899 5
41940 3
52009 4
50680 2
11280 7
47750 1
23310 8
9320 7
41250 4
42830 2
10400 7
40759 5
44160 0
86251643 11
506796 11
41410 8
258078 5
447567 6
924424 5
55510 9
235168 0
53480 9
180338 2
73890 10
186908 5
354818 2
398157 2
74199 10
224189 2
54200 11
50820 11
214648 6
160669 3
155739 1
160119 1
150939 6
65500 10
150059 2
149730 6
37499 9
145819 5
144439 5
135169 5
57209 10
52280 11
245898 5
9800 7
210198 2
49420 11
45340 9
145259 6
42939 9
165878 6
162149 5
172229 5
136759 4
151239 2
228098 1
186618 3
49980 9
150169 5
153639 0
88439 10
165229 6
150659 5
165229 0
168659 3
164289 6
13760 7
166718 5
51700 11
157839 6
144339 6
37579 9
40480 8
140929 2
38600 8
40379 9
13069171 6
38489 9
179549 5
17080 7
137589 5
17410 7
73469 10
155689 0
158429 0
49049 11
163909 6
66070 10
159058 0
161449 2
152339 6
153759 2
149009 6
64399 10
146419 5
127309 6
43130 9
55579 10
169099 5
150529 0
146159 3
10770 7
144318 0
55349 11
168179 5
51210 8
46280 8
146349 0
148799 6
144679 0
12450 7
157529 1
163129 2
148819 6
141909 4
54700 8
66839 10
233058 3
189179 1
165899 4
53039 11
140079 4
167149 1
158559 5
156258 0
147618 5
150059 1
162979 3
66320 10
90153074 4
11280 7
199038 2
48640 8
119726788 11
53439 8
303608 5
1547798 6
798534 6
15250 7
284238 1
215628 0
34774596 11
78480 1
42110 8
50304057 11
91120 10
108529 1
99419 5
57230 9
43109 9
13650 7
10123163 0
41330 8
76729 5
74570 1
40820 9
11350 7
46860 9
34560 9
73399 0
12100 7
79429 6
74729 6
75619 2
38690 9
76900 5
73180 2
70181965 11
41140 9
71099 6
38979 8
75900 2
37570 9
64370 10
59729735 11
93259 4
18892156 3
92130 2
198819 11
117639 8
86270 10
121990 9
211919 8
117439 6
96739 3
170589 0
222098 6
139539 1
38900 7
100399 10
143029 4
199578 0
130799 3
85789 8
155069 0
200598 5
70109 11
125349 8
68100 11
104309 3
131109 8
121349 1
116139 6
116549 1
174349 8
430767 1
233069 2
228698 9
119219 4
79510 6
163109 9
198669 3
91739 4
196368 3
277958 9
145238 3
241069 0
114580 0
172988 1
140859 3
144259 4
223659 2
89610 8
292988 5
64509 11
122849 8
85980 5
86019 11
153599 4
120519 0
95339 4
113319 8
98759 7
90250 10
168178 0
100339 4
123700 3
173328 5
128149 9
96719 10
104629 6
93929 4
32350 7
85709 1
139659 1
68970 0
64809 10
165789 0
163719 5
148749 4
53819 8
32170 7
50299 8
163519 0
171799 1
161299 0
283528 3
60899 10
171979 6
154469 2
62229 10
175939 6
196878 5
55940 9
147359 2
46429 9
168979 6
166119 0
44095594 11
311528 11
76589 8
335828 5
837884 1
498446 5
57110 11
554696 2
60859 11
518266 6
242978 1
241979 5
65989 8
49920 11
245028 5
347587 2
112809 3
233598 6
95239 8
75359 11
121369 2
117549 3
113808 11
165339 1
91850 10
170548 1
77460 8
93689 9
152509 1
153959 3
189448 5
169889 10
33080 7
253189 5
315447 5
192729 10
366107 6
295888 1
83849 10
361997 1
185519 4
299578 6
89670 8
55620 8
132379 10
100219 0
117809 6
98619 0
133569 6
30810 7
73359 10
28040 7
89969 5
34620 7
98109 3
82360 9
49799 9
26870 7
48300 8
123649 8
82569 0
31190 7
99959 9
108629 5
90009 0
94839 3
30100 7
92449 0
66389 8
180739 3
101249 4
80550 1
65629 8
97590 0
6547901 11
661575 6
335267 1
94229 8
93510 2
81800 0
30030 7
66770 8
38280 7
63509 8
95230 8
87520 8
59690 8
95920 3
71119 6
81710 1
27710 7
82800 3
33659 7
138499 0
77880 1
74389 3
48700 11
74309 10
57660 10
101259 9
83589 4
95100 0
64359 10
199019 1
182618 6
164559 3
26070 7
259658 6
280708 4
155289 1
145299 6
301507 0
156559 3
50150 11
268658 3
157438 3
153199 3
25940 7
157689 4
146509 1
151419 1
59310 10
246928 2
139079 4
75579 10
24900 7
24130 7
175159 6
34710 7
13033621 5
565495 1
236219 5
168049 6
5707217 11
174009 8
758895 5
496666 1
830293 3
249598 10
250158 4
150368 5
124140 10
140658 9
222928 6
69189 8
79350 11
84979 10
97099 7
85730 8
74279 9
78389 10
101250 1
65259 11
79120 7
166478 3
64410 11
115349 1
97939 1
140599 0
1789546 4
117710 0
124330 0
100899 11
92219 7
651985 4
219848 6
85009 8
148269 2
71869 11
171499 6
218518 5
101390 7
105720 7
87319 7
296078 2
134559 2
142629 6
250868 5
27775818 11
249109 6
186729 2
155549 5
110799 6
215068 5
82230 8
400447 3
136738 6
265307 0
249958 8
68629 11
451607 4
150839 10
237248 4
285458 5
137090 7
303747 3
85560 8
69290 8
85739 8
147279 1
140759 0
323618 4
161448 0
146579 4
303308 1
369027 4
75100 11
65859 7
94279 10
123139 11
89159 11
316638 4
132499 5
265288 5
201759 6
70009 11
205499 0
148979 3
230918 3
77329 7
126799 1
74880 7
238168 5
453197 5
110770 1
169978 9
282067 0
10715848 11
