60419 4
37800 4
39685868 11
63960 7
63349 4
40350 7
65909 12
69777127 11
19999873 9
37966694 14
152032676 4
40389 2
65050 9
60260 7
59838290 8
120898 2
56020 12
18793414 3
1035560 12
62900 14
18899573 8
28079 1
1026721 11
108139 4
149862906 7
19982202 15
67130 10
19919553 8
90003348 0
39999856 4
20019112 15
17980012 4
67229 15
18290 2
51927174 14
32250 2
39964955 9
10112226 14
19882633 10
85380 14
7950915 5
23810 1
54350 14
55929 14
11839189 15
43240 5
19956423 6
10100546 10
19931054 13
28024807 14
71933547 12
80992161 4
55800 9
6995634 4
11962618 10
19985463 13
50003882 0
20010902 10
20016002 14
38967925 0
41730 11
1133969 2
1064930 12
26260 1
35290 0
32279 2
48678275 11
89997508 2
19993553 6
24230 1
58971428 2
1029711 0
9016686 11
20986984 13
8999086 10
32450 3
40972276 0
9986397 13
18972002 2
1132710 15
19895303 6
119976647 0
92769 7
79945182 8
18972692 14
1076590 3
69937075 4
120012756 13
68060463 5
122040987 13
129898493 9
60008887 8
9107215 10
60490 10
10790439 14
20083292 3
41804169 15
48165519 5
19989673 15
74169 13
20774565 12
149032024 9
20101742 7
39865847 4
27589 1
4016603 14
64449 10
15904551 8
70085894 13
65579 9
19892194 3
22037334 4
17901732 10
74939 12
72830 6
59965388 0
26570 1
65959 15
38510 3
19805364 7
29985589 6
19991793 5
99969123 11
40890 1
89960997 5
20084323 15
19927953 6
30010 1
20021112 15
8987746 12
59350 10
10894418 8
18998473 6
1076270 12
139926510 4
60016118 14
20111282 10
29912580 11
10957997 7
61950 15
28942398 5
120020767 11
9071795 11
9902167 7
70999235 2
194048 4
899042 2
98898494 12
20036512 12
19970103 0
20002093 12
17991782 10
20169322 4
69440 6
141875592 7
19886273 6
21001694 13
26220 1
178970085 9
80011930 4
114329 0
63830 4
19816024 3
9048925 11
10957807 13
39995255 0
76229 9
19928534 11
155598 6
79620 14
19755935 13
70250 8
64489 6
60310 11
19802564 0
58998778 9
1060130 11
39958526 10
61619 6
89923238 9
10063146 8
63699 14
9938167 13
20055682 5
8897517 2
61359 9
10918538 8
8042395 12
11959618 10
19001442 4
30860441 10
20060702 15
19939403 7
19987953 3
80036401 7
19989584 7
74460 13
18914443 11
60450 9
58980 11
61076208 12
99815265 5
67809 4
20913515 14
19005922 9
150018 12
8952016 13
60859 10
60499 6
59850 10
62750 14
9761738 9
1000830 15
63369 15
65150 4
40869 0
19730246 14
19998712 7
63389 7
62649 7
39893777 9
8012695 11
11973877 12
42670 0
17942092 10
42063416 2
19937023 6
29272986 0
30758703 2
33819 1
19953413 6
128879 8
33130 0
58479 8
58850 10
59479 12
61530 10
47619174 5
52035822 0
960531 8
44320 3
37290 2
33680 2
60509 7
78773812 6
29150 1
9028345 11
67099 11
64849 4
880632 3
30064998 13
78862822 3
110002830 7
26000 1
21006473 10
39982585 10
28370 1
65159 7
109903850 5
19999863 4
25650 1
59819 9
19924264 11
73579 2
118906737 7
41020965 12
20015763 5
19963583 0
9044655 5
58230 13
100910325 12
71969 12
28958819 13
59759 10
26620 1
50891064 9
39974805 0
9205964 9
867572 8
68279 9
61450 8
27804269 6
2045211 13
19983463 15
205538 9
39642749 0
26169 1
79981952 8
20001353 11
58962278 0
59860 12
1040770 11
66159 11
19859294 12
20011163 9
39980985 6
49993162 0
76389 4
119938116 8
81149 10
3968502 15
16000681 0
19998062 4
58210 10
60529 14
34720 2
63829 15
62170 15
26759 1
59420 10
59049 14
59521923 8
76769 4
39926426 9
20060073 6
38929796 7
65959 7
63610 7
21313340 10
19575907 12
29620 1
62560 10
36480 0
27799 1
39838847 8
85830 0
63450 10
19976173 3
64269 6
89807669 8
34190 1
90549 9
72019 8
19804265 10
30312636 13
70909 7
199608261 15
30013079 15
78979051 7
63760 4
61089 6
29926119 10
61260 10
10903478 15
20018092 10
19978313 11
20152821 4
19821565 0
20038192 10
19995903 10
19974863 0
84659 4
37914695 12
60319 10
23110 1
61690 6
2005352 2
87909 2
79787093 14
166458 2
64260 8
37259 0
119740569 6
134909 0
103909 0
39743637 10
19988353 8
20007082 11
50187050 2
66819 14
24199 1
19717055 12
40006045 5
29440 1
38579 2
203549 3
36650 0
61059 12
19894204 14
39741728 10
59848169 2
28057178 4
91965838 3
79991251 8
60005019 3
80259 10
59971298 6
20000433 10
19958033 8
60679 6
24309 1
9117165 4
10802369 13
19986553 5
19995672 4
130014273 14
199970737 0
20011943 3
20066292 15
29935780 11
66109 15
63200 5
59894588 7
59961348 2
28170 1
20009403 12
20178171 8
39818698 14
98966544 0
131010943 0
29340 1
19959273 2
40023715 12
19989363 12
9352642 13
320671308 7
19964613 2
191459 4
28148856 10
64459 13
61160 9
11559792 15
76309 13
124029 12
61589 11
27510 1
59479 12
78634154 4
41014846 12
139999679 8
59978968 2
36990 0
69399 4
19902084 13
140909 11
59872729 4
40028845 6
64119 9
64779 6
66109 11
59754071 12
35669 2
59968919 14
40017395 8
83629 11
55190 7
39923656 5
19921933 4
8125544 14
34070 2
54109 14
53140 7
33120 2
37880 2
52980 7
54299 9
594575 10
56979 13
52649 13
130843814 3
39992396 3
65569 8
18939033 2
54109 8
34309 3
53929 15
33569 3
55190 6
55129 7
55630 13
25670 1
52449 13
56480 15
52090 13
20480488 4
37170 0
55680 6
53520 11
51630 6
99676297 10
19996602 11
58030 15
19924573 0
20017293 14
25990 1
19963304 12
10049746 14
29955499 5
8017235 3
24280 1
52954114 4
28100157 8
10910397 11
35300 3
19978353 2
195928 2
54820 5
59777420 14
38059 3
19919363 5
36110 2
59189 15
64030 4
97821124 11
58490 5
2001861 12
79951242 4
19993153 3
19998743 12
98998293 8
41000856 10
61390 12
89949408 6
20005593 9
19983593 9
59002197 9
81022971 15
20003693 0
67239 8
70950 14
35189 2
19796485 3
8039775 11
22066403 13
56049 7
9897957 8
19999402 10
58599 6
24660 1
34159 3
54819 6
37758506 0
54130 14
61947870 2
57829 4
89963778 7
81899 11
114289 11
111029 11
54799 11
19727826 6
32149 0
53700 11
19818784 13
114499 5
8911727 13
53589 8
129911364 10
121007127 5
1034301 14
148963585 13
8035974 14
33290 2
11935268 5
109992161 14
136928 0
79944832 12
34800 2
62980 15
58049 9
39838987 11
19921794 10
40998487 14
57270 5
60170 5
77884731 13
51000403 9
28011707 2
56850 5
30927720 11
111083020 3
62669 13
54569 5
56179 11
56119 15
54510 13
19533037 0
59983968 8
50008452 7
19999143 8
19983172 3
39006604 10
40997297 13
98001172 14
26739 1
22139 1
31964181 5
39990215 12
210011484 15
60219 14
55950 8
19863004 6
90579 2
79934371 7
19970883 3
27900 1
60730 15
58600 14
19982223 6
59877799 11
20009662 11
61109 14
39929656 3
101000544 6
24220 1
218983390 13
118992115 10
57510 12
60020 6
150925117 2
19972332 4
21037203 14
7998976 4
130952283 5
62110 15
60459 15
58820 7
109820941 5
20028743 2
9007325 5
33630 2
170940249 7
118179 12
79900732 15
19974953 5
19989543 11
66359 14
64200 8
59862060 0
89056826 12
200967108 14
37250 0
36819 0
33050 0
39881946 3
21999594 4
59510 13
17932532 2
64269 13
99947454 8
58520 4
69945215 14
149984125 8
40007896 2
35539 1
111950472 2
28040787 14
24000 1
19935123 2
35930 3
19980253 8
79988811 10
60000518 3
149379 10
39989175 12
19861784 8
10150645 5
89857008 2
39997155 6
120007466 7
25340 1
139991729 11
69993324 13
59978858 0
78849 14
59919 5
58880 11
19681585 8
60051038 14
189258 14
85059 14
19674836 7
20000093 6
39980616 3
110013179 13
20018713 3
118809 8
57579 6
56059 10
58469 11
27120 1
39727858 13
9986736 5
27940819 12
36860 2
57300 6
141919230 10
20002073 5
20003613 8
20095402 11
59883499 13
132089 14
63329 12
109812852 9
19994953 12
50387569 5
59606112 3
20014033 8
28006218 0
57839 9
61930390 13
10040706 12
116559 12
48834393 8
1045530 5
39973086 11
62149 7
120918638 12
19049661 12
19955484 15
20015053 3
9000476 2
57539 13
31760 2
10931368 3
28899 1
59140 9
34629 2
55020 11
55019 13
121724350 4
55920 11
87963396 14
19995263 11
89995277 15
57839 13
119941436 6
9034766 12
34919 2
160993412 7
49941152 4
59997378 11
110001520 4
31850 1
63249 12
28013138 6
56709 12
101826947 3
17996281 7
24660 1
21987624 10
80969 6
57470 6
24490 1
39833087 14
58994797 11
1101140 5
54959 5
119851288 13
69219 6
97179 0
59759 14
54659 14
53750 13
54100 10
52600 10
29568474 12
77966941 0
25230 1
2063221 4
54089 4
159749924 5
130000953 4
79986301 5
31130 1
19989243 8
19989773 4
40009056 8
79973260 3
200030967 3
8020545 5
31958661 15
68999 5
61850 6
53600 6
19816995 15
58850 7
35339 3
54469 12
59859889 4
81570 3
57259 5
7887716 6
53530 5
55189 8
31852962 14
38120 1
40963536 15
199018496 12
39989986 12
30040319 15
19950393 9
64159 14
39981786 5
58339 4
198698 5
54150 9
130643746 10
9047186 7
299953231 3
67986304 3
192007522 8
59029 15
49942302 6
20018053 7
59995008 4
50048851 12
109941741 6
20019562 14
56620 9
19930053 4
149991625 2
81044912 13
99949484 0
35560 3
19121651 0
25260 1
35919 3
7831467 10
64089 5
28089 1
57770 9
59919 8
33220 3
71710548 2
20176751 14
80729 3
19789115 7
20011453 14
57679 8
19893914 6
35250 0
54539 8
55169 8
7885736 13
51964743 2
160778 14
19836584 13
18001121 12
2103671 15
39902376 9
38539 0
19982112 10
90449 5
49891083 6
40003116 8
39986215 7
34390 2
59975968 6
64549 7
19940484 0
24939 1
19975213 8
20043462 6
49950522 11
67864065 12
53499 12
1026340 3
65510 7
61250 7
8935287 5
101530 5
28020 1
53940 6
31686913 13
103849 6
19900863 2
54889 10
27971108 12
51975213 14
35130 3
19967373 5
19985703 2
20046162 10
59769 11
39902646 12
128869 0
88019 5
19782435 13
59879 7
28967639 4
56639 7
10908208 2
18993922 12
1053050 13
19935974 2
27279 1
79084200 0
41086145 7
27520 1
62999 10
19739525 4
23980 1
19982893 4
19979603 14
63519 9
51890 0
27379 1
49849623 2
60005279 14
40007615 10
19991023 15
8018735 2
53569 7
51820 5
181889506 3
62810 5
59699 8
19913674 7
59689 4
69908085 13
106369 7
57140 7
99831695 13
29069 1
27130 1
30023229 15
60690 7
58719 9
53179 4
39753797 8
63130 10
36609 2
39885037 15
176678 12
56610 12
66139 9
35490 0
58339 7
18594676 3
1064830 12
79944791 14
100014914 5
20002532 2
50370 0
36489 0
59890309 14
24999 1
20207301 10
69784317 4
67589 15
79917571 6
135748 14
28410 1
61909 13
39786377 6
19995113 7
59990778 0
20006732 10
60139397 9
