18209003 11
20008907 7
20003936 0
5070 2
19991167 6
5350 9
4170 7
3870 2
20968717 10
900 15
19004406 13
59995520 9
1997761 10
107997795 2
3840 14
59001719 10
3170 0
1010970 10
3030 3
19976867 14
14130 8
20006516 2
19978087 4
50024246 0
10984354 8
4510 13
18988766 12
60018009 11
89997609 4
88986539 8
110996796 4
820 15
27720 11
25971389 7
13002164 4
6190 6
161009702 11
20006986 1
3390 11
3480 10
19978677 0
7988783 6
9999763 0
63002960 9
19027986 11
3840 14
18066855 6
141932147 4
19979947 7
19987976 5
5600 10
18183524 6
8012513 3
30988850 2
10040 12
19989486 10
20026667 2
977800 4
19049086 3
37944772 10
101005752 5
1015960 14
21980538 11
2500 14
8008142 8
20013036 12
20002567 2
59996310 1
3309 6
19977587 2
90020739 3
2150 13
19972787 12
40003773 3
5040 10
2280 13
12299 1
3551 8
20976557 5
19027207 6
3829 4
3220 7
3420 8
108960506 10
1009421 12
3280 2
2770 2
20007277 9
7979482 7
12008043 9
19986377 7
39999753 1
450 15
390 15
3400 4
2480 4
179998478 14
19993037 0
4920 3
60023869 6
27919 7
27157978 4
30008239 11
1320 15
129976413 13
19010496 3
3690 0
60989699 14
7998012 8
3680 3
149989769 13
2029290 3
180973349 13
3840 12
3180 12
4260 4
59007659 6
39976443 2
9006203 5
31010900 8
3530 8
3490 6
39999323 5
1810 15
3600 4
30968750 7
119004829 2
20013066 5
10007693 2
99979393 6
20013546 8
3310 6
29984040 0
5150 13
3400 11
19986056 4
20012576 2
50001846 11
8330 11
19979717 4
4100 5
20004966 4
20006657 11
80006215 3
2978282 5
57012589 10
20002266 13
389 15
29997989 4
59985410 14
5010 8
3600 1
2890 8
4160 4
28203418 7
1995780 5
3040 5
17012716 9
2930 13
3010 5
19977226 4
20011717 0
3960 7
40981853 10
18006586 9
101013053 4
3339 3
50978587 6
4220 6
4460 7
8080 7
3650 11
38981413 12
10840 0
18988776 5
2870 13
100995033 2
49996846 11
20000927 14
59004689 1
1011011 13
10740 9
3460 5
99971032 8
60012560 14
79985906 4
78004495 11
4030 4
3560 4
3620 9
3220 9
3680 5
3050 11
21985777 0
19991056 3
24680 1
99974653 2
20018286 9
19981357 6
100009702 13
3900 14
7210 1
57270666 6
80006736 8
7982532 10
4610 2
870 15
4920 11
11987514 0
39999213 14
20016247 6
987280 9
19002256 5
20016036 12
19993566 13
19984357 3
59005689 2
1012650 6
19982177 3
20009626 7
550 15
90993549 4
19005105 14
3731 8
59985269 6
30008800 6
19991566 2
6150 12
3900 6
4720 11
19981327 8
53003947 14
16995926 13
3649 5
19997947 4
19998526 7
58000739 10
13380 0
2000871 6
4310 9
19993166 10
19989457 7
78015745 4
2580 15
11980244 14
22260 9
20979517 6
99017342 13
8993123 8
50998166 10
37319328 2
4820 2
20010656 9
279984282 8
17830 3
3450 12
39978233 2
20008867 0
157991831 9
12003934 11
19997307 7
139999026 10
254011842 0
76005655 3
4730 4
4820 5
159973872 10
15209 1
9988133 8
159994682 1
20995777 6
3900 13
118998738 3
60003780 1
19994577 10
20006707 1
8996982 7
631 15
4020 4
11010134 9
40977743 11
720 15
29006490 9
10006483 14
3990 10
989230 5
138995715 1
15930 8
3580 10
49990296 6
8996713 11
3919 2
11015474 13
3060 2
7630 14
79972256 3
40992643 13
19005016 11
80004866 13
8999383 9
13300491 7
25995769 10
40015222 11
3291 14
20003736 11
79982056 2
20007437 12
20000337 2
19999627 4
400 15
19995536 6
40993663 2
4080 1
4380 8
3200 8
167991435 14
131002022 3
7980 6
10800 4
3850 13
59970520 5
80004136 4
19992166 13
20010756 13
90001790 0
3870 1
520 15
39995754 2
18989177 3
1004070 5
20013416 13
19997257 9
3550 8
3410 12
2720 13
59990949 0
29999460 12
39982833 1
18010 8
3970 8
4790 3
79987476 5
110002896 14
100003772 14
19983617 5
19995096 11
119998279 11
6680 6
40014483 7
81979537 2
75330492 0
40003642 11
1020 15
4000 12
8970154 2
110979 4
570 15
4360 2
40896524 8
680 15
3370 2
19995616 8
3980 4
3620 11
4520 1
19973397 6
90015199 12
19983737 11
40002883 5
18002116 2
700 15
1001271 1
1011020 10
49996016 5
58988999 5
228998445 7
22002767 5
159001061 4
1000241 3
9229 11
4480 5
3789 11
130027202 2
79949457 4
540 15
20037856 8
109963746 13
19998006 9
18004526 9
3820 13
52006657 12
69997142 9
4560 2
149997618 7
11030 14
19989226 10
69997733 4
269998598 5
98099411 12
70894474 3
28372785 4
5120 5
4050 3
78963536 2
998941 8
3889 0
10001794 14
140011995 3
79993766 6
39998863 9
77998825 10
5920 10
1987361 13
41996364 0
18011135 1
3520 14
700 15
20004567 6
18086485 8
71897794 12
20010986 8
60011490 0
8150 14
19981406 11
4630 9
19984977 7
7450 9
19095845 12
4350 0
4660 7
80880518 14
20000666 3
17200 7
70002582 8
139983236 13
10021233 3
19979367 9
10018333 14
3370 14
3770 2
19983716 12
20002887 1
19992116 0
69991153 14
440 15
20013726 11
20011387 2
7974102 13
12014274 14
17989216 11
4930 3
39283640 2
20004236 7
20006947 11
119993919 13
5430 10
7329 3
39991073 0
3409 0
19988117 12
12390 2
57984089 5
142007606 0
19994307 9
420 15
19995027 11
4130 7
20997027 12
3820 5
59001589 8
20007486 2
20001647 8
9996653 6
10001463 10
50002286 8
19988387 11
30005450 4
420 15
11259 7
8980204 13
91015569 11
39987503 11
10005273 10
29992260 0
80015356 14
9479 0
2771 12
59969279 2
20005687 11
3730 5
3030 10
90006919 3
4530 1
19987056 5
17988816 6
3940 2
1999091 13
20000147 10
59993579 10
20002296 2
