8890 1
59987809 6
28011266 18
101984538 7
19996313 12
8002163 8
12006370 17
9790 7
9650 4
8340 14
9969687 8
9660 4
6010 3
29974930 13
3300 3
7540 19
19994503 15
60002049 0
8190 8
180041725 13
29949010 1
19991873 17
19930 0
30981796 15
79013104 10
19994223 6
10019576 8
5840 2
7170 12
29968890 10
40989962 9
188999565 5
6170 3
10000556 0
10004277 15
139986660 4
25720 6
9977636 5
10008236 17
8429 12
130001014 15
13530 11
6940 9
3270 2
380137582 6
59822001 19
4070 3
18995517 10
5051 10
5571 10
1000487 1
20052782 5
8660 2
19931454 15
9080 1
6780 4
9992906 15
2800 3
29991690 18
60003589 13
21989666 19
78006398 19
90003038 9
5420 11
984127 7
4050 3
40004936 1
4240 19
98984128 0
20010703 12
99995114 5
20003793 10
5600 17
4760 5
19986643 13
19993363 5
22490 4
7310 17
977437 9
38987979 12
79003535 7
21003749 12
60001209 10
19102525 15
6559 17
5271 9
893648 4
30115487 7
5870 1
20110 11
5520 7
6020 13
49849204 19
1989293 10
4580 5
18001640 17
51983416 13
8012313 19
40004085 15
6190 5
3950 10
59978249 9
40005596 1
40991662 14
7003287 18
2010913 10
60990525 16
99012617 12
19979984 0
1831 3
20015542 5
17983810 7
2930 0
91999161 17
4810 7
30004419 12
8993810 13
10999773 15
5250 5
8890 1
4900 17
49983792 14
29993000 0
10007566 12
3980 12
4650 14
8150 16
11982180 4
18989436 12
6270 7
9005330 14
150005006 11
69989435 6
20008223 11
69997495 1
78990405 18
8120 10
999727 16
3871 2
170988536 0
40009525 15
26990680 0
6970 16
83992588 8
5300 9
7999314 11
10997543 9
17998950 11
2451 3
91000514 17
960 3
7020 19
20001823 10
6450 19
7531 16
6350 18
5850 10
99964765 1
19994613 2
59999079 4
4519 3
6320 7
37988073 8
4200 1
12013169 5
139989571 12
20991469 18
1520 3
3930 12
5730 13
118990981 0
80010961 1
60001759 16
6811 16
8239 0
4450 18
6770 16
19969854 14
4649 6
20986370 2
3530 8
5660 10
57991105 13
3360 2
6480 14
3690 2
2240 2
50983909 10
4710 3
39992956 9
18102468 15
5680 16
1904245 13
1660 3
19999423 15
79994481 5
18997836 4
10011276 18
992977 12
19997583 10
78990315 8
6290 8
5480 11
61013855 12
59980189 19
8140 12
4530 19
49983362 6
20001053 2
120011487 17
149986047 2
20000512 2
31180 6
19978083 11
57988435 8
71998548 18
2980 1
5010 9
7649 11
3949 18
6480 19
1860 3
4920 14
157971340 17
62013562 8
19984793 5
28002076 8
2055953 8
7460 11
5420 4
119937298 6
61001596 11
18991487 13
10780 1
19999793 9
5940 12
2540 1
19984913 2
5311 10
11009 16
59994649 19
18985527 6
1013157 2
9040 18
5970 18
2910 2
59975509 15
19999793 0
89991278 16
70007265 7
39992056 16
40011716 0
59990078 1
10130 15
19995133 1
5930 7
39986436 1
16060 5
6430 18
6439 4
3860 3
5891 6
5879 8
4430 15
4300 6
5510 9
5270 5
3420 2
4170 19
936787 11
4230 12
4060 14
18984347 9
11770 19
19994633 1
5300 5
996386 19
4340 10
6450 19
38997059 1
6340 18
19983423 13
59998019 8
7059 7
60010348 18
20979260 10
39015809 1
39996006 2
119987377 9
3660 2
99995474 13
7860 15
18067738 13
63925907 11
8560 9
5030 15
9580 9
7993393 13
29979479 2
5040 1
59998279 8
10011226 12
5690 8
9997536 18
80986879 10
9009519 1
49987483 9
20000982 10
59998478 2
40013696 6
5680 11
19989684 14
20003243 9
39999076 14
6570 8
8990300 7
31008226 16
59981329 2
60011529 15
59988049 18
20006863 10
14440 7
39988336 13
20002343 15
19988943 18
5900 9
3820 7
19994013 0
11290 18
17985700 9
4430 19
4970 16
7000 15
1996683 2
1691 2
69997325 13
19990922 0
50000663 13
5111 16
99999965 15
7999963 7
4300 12
111986204 0
20006213 17
40009415 6
119997307 14
39991586 17
40004496 13
4310 7
10460 0
39987116 14
5110 10
9709 10
20126611 2
867918 4
3270 0
18974767 1
4629 18
19995182 14
20001582 6
70008565 17
6230 17
5690 18
59981889 19
80989428 2
9019410 16
39987395 8
29993880 8
5799 6
2760 2
7380 4
4540 4
19980393 13
34819 12
48966486 0
4980 14
996677 7
7229 17
90007577 6
989907 18
18998236 2
19995083 14
59998729 9
3720 0
8320 13
5560 4
38981770 1
4120 1
2001533 16
28994863 13
2780 3
30014069 19
30984866 7
69005588 6
51995366 12
8002743 10
2440 3
70989881 13
5929 16
58998272 5
40005845 1
6490 12
19987713 13
60995075 18
39010299 16
38992349 15
41006283 19
59995418 7
7630 8
4000 8
2360 1
119984487 0
129000706 11
8380 12
2240 0
1000687 2
993356 17
2980 1
5880 4
46984882 18
32006652 12
2250 1
59989649 11
20004383 17
5490 7
20005652 19
19991033 16
5650 15
79988322 12
8004133 16
30990036 12
5280 6
61013835 5
5770 5
5740 5
39986626 17
4230 8
5560 1
79978281 2
20008923 10
9997586 10
20005402 16
4770 13
39981736 17
9001590 18
51015009 5
7650 4
40974323 13
99006938 18
23004592 4
2790 1
3120 0
6600 12
4630 14
7510 4
16962824 15
110013611 11
19988763 1
19997733 19
10570 13
3160 3
40990313 12
4510 14
3670 14
18999096 4
19989353 6
20010293 9
8670 14
994076 1
4289 19
19992393 2
28991963 11
5600 13
160004393 19
5350 18
6670 15
21978386 9
7060 13
4380 13
7190 7
2280 3
17976470 2
1008986 12
4130 13
17989690 11
1004716 13
199993798 11
29008433 17
1002906 5
180000606 4
2030 3
1530 3
19994373 7
17990400 1
62011632 5
90987495 18
59006752 0
1140 3
20006173 16
5640 16
5790 5
19981243 0
7995253 0
11995749 12
1990 0
80006021 8
19991544 11
6960 4
5051 11
80000562 18
19995493 13
80004071 4
19999233 2
2800 3
188988835 19
5960 9
3809 13
22987504 14
78009749 13
2140 3
1590 3
39998196 2
19997083 1
39993746 10
6370 19
5849 7
4640 16
2520 2
4720 6
41973890 1
8020673 9
39987655 1
4690 13
4890 16
2560 1
7250 11
70979822 19
19009416 9
9984927 16
3950 16
4010 16
79996971 14
2500 3
19996553 15
20007853 11
2430 0
19982613 15
80006541 12
5530 7
19995443 5
19993873 9
8190 18
8993830 9
5340 10
1880 3
6540 8
4800 12
4269 10
30983277 0
9994566 19
4180 13
1020 3
29989969 0
4680 16
20014643 9
37981302 12
4360 13
83002981 19
38990989 6
80007151 11
6840 10
6640 16
139989060 19
59991489 12
80999078 18
8008743 7
91001344 8
39996296 5
181996769 9
58010965 8
81005328 9
4410 5
18978977 12
6620 17
80989278 13
199009672 13
80010201 11
19992033 0
3470 2
7910 18
39991657 11
7390 0
39986856 1
17991580 1
5130 4
2006623 6
8992610 10
1100 3
4770 11
5170 14
30998735 13
21985126 19
5370 8
18006839 9
18101619 19
1898465 17
4992074 11
35007773 7
4570 8
4600 17
59989789 4
5970 17
160982360 5
9015480 15
139991600 10
39998105 14
107991778 16
82010945 19
138991034 16
1008577 8
9999226 2
19999113 11
4560 3
87985364 5
2010464 17
20004013 6
4520 15
19991803 8
5670 4
10960 8
3630 13
19979353 14
4510 17
19993233 2
90003968 1
188989205 10
3560 1
2200 2
40994932 7
39996755 11
120010227 5
9470 16
219983992 18
4870 4
79999601 6
19998593 13
6330 8
58985322 9
3050 3
1001807 4
4689 5
5399 17
49986152 19
20009532 0
19991823 19
15660 18
6580 18
5530 16
8981370 12
4100 10
4480 16
9984126 17
1000936 14
20995650 18
119007880 5
20000583 7
39995136 0
15840 14
5359 14
89999258 18
4810 5
4340 16
4090 19
19964573 15
8590 6
3920 12
99984574 9
11831 8
7119 7
3700 12
5340 4
3630 0
8978110 17
48992426 5
22013176 1
60001518 18
5340 9
49983453 14
90005437 6
40000756 14
20000833 5
994097 15
3791 0
5529 13
2849 0
4090 6
168990273 16
9993426 15
20004952 9
4320 5
4730 0
49988093 10
80002562 5
8202040 15
4370 15
4480 10
1776796 6
41000683 11
1920 3
1001986 1
138006557 8
60000469 11
4770 10
4430 11
3920 11
20975360 1
1020 3
69008728 2
77988389 4
12008179 11
5500 7
20002443 6
60988585 12
47997129 9
3910 18
19440 5
5000 14
131973807 6
39008849 19
4680 10
32985669 4
7003316 9
5040 11
30007419 2
30999046 6
2419 3
1860 3
69983135 8
4450 11
2040 0
118988510 14
5650 19
4160 15
70006025 13
49997492 8
19990723 15
20009573 7
17986259 16
4740 6
4490 19
4370 14
3700 19
2860 3
11978400 7
11070 13
79996761 0
10996344 0
29007642 15
5060 12
3560 0
4360 12
5790 4
39985666 16
4670 12
7350 4
39980106 2
5140 18
99989615 5
82062064 8
4400 19
1850 1
4390 12
29924650 0
4310 6
37100734 2
2110 2
910248 6
5910 10
49974752 18
13360 16
48990126 6
4370 16
51003238 7
32990150 0
6740 10
6240 10
65984458 16
22003806 16
8000913 14
2440 1
30995915 11
20999970 0
59002242 0
5300 3
9991056 4
10015507 5
5940 12
39992596 14
9650 15
19982913 14
7070116 0
2239 2
9051 11
12918177 17
39992376 14
7540 9
60993635 10
6150 7
20992689 1
4880 1
8003934 8
1240 3
5200 8
5180 4
49090615 15
2180 3
3960 6
4410 9
880099 2
3940 6
90008587 18
6670 6
4930 6
5230 16
18971717 19
5009 13
4389 13
1018107 11
19978273 13
109999371 11
16380 1
7240 13
4319 1
5310 10
3970 15
5150 19
9964737 16
9995016 15
60003818 14
5940 1
199989418 7
60000378 0
109995231 10
1940 3
20996039 9
1002307 7
3840 9
38990949 1
19012746 0
920 3
59984469 14
20014342 19
2819 0
4580 4
4800 16
19999373 6
41975829 16
89999248 2
8012693 14
5720 10
4910 6
40994072 1
48993365 7
40000096 12
19990953 14
4560 6
20994609 8
19007336 2
198991222 19
4540 12
82016885 6
58993752 14
4300 4
4780 6
99975755 16
20009173 9
1900 3
992906 10
4250 4
119000341 13
4670 5
79992581 7
4240 14
79992502 0
2780 0
3000 2
29989149 14
39999426 15
1731 3
4760 8
47993968 11
4420 6
3890 8
2010 3
2013503 1
1090 3
19972444 4
21004169 2
19013116 13
5320 9
4060 14
79978782 15
60003679 18
4800 2
7500 5
79984302 10
5769 13
10003837 4
29997269 11
19993743 0
20002233 8
10000456 2
6360 17
4070 5
2070 2
40980952 18
19004316 10
20009782 12
29988380 10
11030 18
7986163 4
4030 14
12008680 7
4309 7
39990916 4
4140 6
989697 7
19997323 9
68997708 10
40007406 1
5200 2
27985896 1
2016213 2
2290 2
59989748 18
60007338 10
4780 18
60982315 12
19011726 8
7040 9
40980313 18
5290 9
19995433 14
19011096 13
2120 2
8989220 13
12011359 16
4250 16
18994616 5
19997522 4
27995457 8
22011175 7
28986413 8
1008087 9
19986103 5
19400 13
39989575 0
4290 8
69987745 7
19996932 16
20005323 5
40004426 6
4820 13
5169 11
987166 0
19000066 8
69991654 8
80011942 0
209999715 0
5760 10
150001186 6
19984563 5
1060 3
11600 10
3790 19
49979982 13
40005566 10
7999163 17
3920 17
50988749 14
1014146 5
19993643 8
14310 4
6200 4
19976413 2
2530 3
40014605 2
60000918 12
9991556 15
4339 16
2400 0
29987640 5
40006235 11
19997153 12
5070 4
993047 19
60000299 5
1020 3
660 3
6049 9
19992362 2
4180 18
89002731 19
19992843 12
5890 13
4780 7
29991620 19
9139 6
4990 19
4170 19
4160 8
1230 3
142966750 10
4489 11
4250 10
57003559 12
40001366 14
79996721 16
20184401 9
229801771 19
80006731 10
50008012 13
3610 1
3770 14
5220 4
3550 14
40177243 11
4910 19
4610 8
7788806 16
2250 1
3980 4
12001239 12
4089 19
4439 19
3830 19
1060 3
5380 4
40001396 12
19630 8
19945483 10
7480 8
4330 5
4740 18
3810 18
8988200 7
4540 19
110993707 1
1002867 18
4440 8
3739 1
3940 8
3931 12
931 3
38989999 5
60001528 0
4210 7
49977252 4
21069 18
5320 11
3990 18
19982073 16
17994190 0
2012483 14
20979590 18
39015078 1
20002382 13
1000 3
4970 15
4050 9
4080 14
79983742 19
57987775 9
14023303 8
88981631 9
3820 19
4630 10
159010636 12
19982243 16
20005893 18
4720 14
37984933 19
102002947 17
18998646 9
82998512 11
4490 19
2510 3
4820 12
57983656 10
4320 19
5120 17
40002625 5
19991273 13
40010886 15
19998723 14
78991504 0
5010 7
31005746 18
10002306 15
4231 16
39991166 4
4600 17
3520 13
99991085 18
99995624 18
4820 4
39996835 8
80004662 9
1380 3
2580 0
4900 13
3840 19
940 3
19984182 7
19991704 5
60012118 10
20000763 17
4330 7
20003264 8
39988766 5
3920 13
3610 10
4090 9
19983263 7
2110 1
5530 7
159992093 15
20007623 10
84991315 11
34996133 13
9002070 17
30996165 8
1006676 18
38999819 7
99991794 6
119002361 2
4440 12
990 3
81992374 5
11120 11
48996266 8
1003066 16
28990602 13
40008316 9
29999389 4
47994309 5
13998903 14
2110 1
127995840 7
59000782 19
8730 19
1470 3
10998903 16
4240 8
5180 12
4560 14
1976993 4
4140 4
3900 4
17300059 13
3640 7
691921 1
4860 13
19996952 11
39993625 16
13760 12
8989490 0
4030 13
10999573 5
80004661 1
70988802 2
59002702 13
10001236 12
4420 12
70985232 16
5400 15
19008126 7
4340 13
39990596 16
60991345 19
3006760 17
3780 17
16994433 7
4520 4
39000029 18
9000800 6
1006967 17
10987313 10
39003719 6
90004308 11
20008563 15
19993523 18
9999336 12
4500 4
2330 3
4140 4
49985992 16
20002883 19
19992513 14
20003253 1
1340 3
80995068 12
3610 1
4010 10
38996089 7
5740 17
19991103 14
10001286 9
6070 19
5580 19
10000176 2
1130 3
810 3
119988858 17
20001463 13
69993485 12
5270 6
19991853 2
11290 12
5250 6
4010 13
4480 19
7780 18
7966613 11
11996240 16
18440 14
69982805 11
20013433 13
20987049 14
139188121 2
69822087 9
4340 14
6310 19
40979543 11
4130 12
17999409 15
51014509 6
5340 13
49989082 17
6370 7
8989340 4
4220 9
1970 2
4570 12
33980626 15
137021900 12
8790 18
5230 18
69963526 2
9003329 2
91004325 6
40002515 14
995087 16
4760 6
4250 19
128985427 9
71001141 5
20001373 2
18993346 0
20010963 13
4410 4
19999793 11
140985307 4
39004459 15
19997783 10
51007118 2
18998687 2
5200 9
20000382 0
4930 10
80987278 4
4340 13
9004830 0
19993453 4
997787 15
19002146 9
9190 0
79985031 11
119999127 6
3002400 1
57010308 18
4149 9
3329 3
139980861 19
79000974 0
1001027 14
7990 10
20003863 11
39993526 18
80001122 5
6111 18
59984238 13
30020549 8
2410 1
6210 17
9870 8
29960510 19
3003540 1
1840 1
4029 12
5580 19
16984264 6
229996647 9
10800 1
19999753 12
130001243 9
4410 4
5090 9
7984383 12
11000573 0
41013223 16
99994774 11
4980 19
20983909 1
3980 12
18995956 13
10019 10
99994095 8
39998425 13
120179175 4
19831435 7
4930 11
127982851 9
4350 19
4040 12
4669 19
3020 3
2231 3
11993239 16
40003216 0
39995506 16
4480 4
2280 1
99991164 13
20991339 1
19998613 14
3040 3
59998209 9
9004489 11
5640 8
6900 8
5250 17
979737 16
98995707 0
5811 12
10340 5
60004629 15
72981705 11
4230 18
157992639 6
19009826 16
1230 3
4580 18
37985283 17
5310 19
1990 1
3250 0
2001503 2
19986343 19
60007288 9
3569 3
6859 4
20988540 9
17995979 14
101004621 6
11930 19
19999593 0
8000 4
3860 13
59978118 11
1170894 19
18830468 6
8200 18
4060 7
4780 8
5830 18
19972623 15
7400 4
4290 6
4080 6
79978452 13
60015818 16
280986846 11
9012799 19
3410 0
2220 0
9984357 1
90005327 4
10996064 10
29003503 14
20003223 12
4160 12
30980986 7
21699 10
8994539 12
29987290 13
3730 11
40992282 9
4280 14
6980 4
2050 1
19984873 17
5410 8
5250 11
5470 10
4200 11
8997970 13
5640 10
27976976 14
43000635 12
2610 3
4150 16
108998894 7
40004986 12
4590 13
20000503 10
69989414 8
8191 18
39997855 16
19988413 5
20001363 9
50017652 4
4320 11
19977953 2
17999439 0
1980 3
4550 18
11997250 1
20994900 9
1002736 19
48998776 15
17997639 4
4180 4
5530 6
5620 10
1810 1
41990209 12
19001986 2
2110 3
17620 4
3680 16
20968400 1
4340 15
4750 11
19007626 14
29991039 0
20001333 15
140989447 8
38110100 19
100899432 7
20000183 18
80002082 15
18992696 17
41003292 14
120004956 8
47987899 15
90001208 4
92006071 19
4000 6
10991513 15
68997648 16
19080 11
39997466 9
99984524 8
40006376 15
28989792 6
4909 8
10998544 14
999087 12
7106025 5
81917386 9
5670 9
160971009 14
4420 13
127002634 7
4510 16
31993742 4
20005502 15
69991855 16
8998760 10
3970 16
1005896 13
5500 4
3900 14
49975443 2
7660 7
4570 7
3520 0
3530 12
4131 16
3909 7
978736 2
4029 16
19995493 11
19005347 9
5400 7
179985936 12
5400 15
2270 2
4200 16
5150 2
4300 16
4010 15
60971485 6
21000220 2
3931 6
8010342 19
19995753 12
20989450 6
19009296 13
4500 8
9989627 13
4420 12
10994593 15
19006776 15
10002686 12
8490 14
3770 13
988347 11
29990269 18
3910 7
98995618 14
39998755 13
60003089 0
20002342 16
8709 5
5090 5
3580 1
58979922 10
1009996 5
6570 4
60975915 6
89007661 17
19990573 8
7810 4
4070 19
1003477 14
8991590 5
4020 16
110003910 17
4130 12
6860 4
4000 18
3880 17
4960 8
4990 12
4040 18
19963463 14
100005494 18
19998813 17
19988793 9
8001363 17
2083372 12
3620 2
7919524 14
4580 19
4240 12
4050 15
141980253 17
59001392 18
2000 3
8997450 16
22011706 10
29995809 16
190993459 1
39997046 15
4410 15
5670 10
4480 15
4371 10
1820 1
2300 3
2109 1
48973906 19
61001215 0
299000706 10
19994583 1
21005859 11
17103792 10
2898011 2
78998255 16
130012053 10
99993594 14
64989642 10
2620 3
3990 14
4997763 17
19998363 8
69997385 4
8530 16
39991316 8
50009912 13
5230 5
10003296 0
19993473 6
5100 19
29992119 2
50003802 0
20003743 11
59994239 6
2811 3
17988819 14
2005213 17
20000653 10
19998463 0
147995713 7
4670 6
4240 19
6280 4
3720 19
51978405 13
17729 6
109984641 17
89002351 11
5230 14
11011613 10
39991335 1
3300 1
20004943 16
4200 6
19985203 12
18985477 1
11010002 9
1091 3
10999484 7
6600 17
3780 17
38984490 19
7000 18
994986 4
3670 4
4010 11
179990796 16
4380 11
69002448 17
8700 15
19992643 5
8990720 7
4150 7
10993623 8
17940 18
40986742 8
2190 3
4630 10
9006560 1
3949 13
9989197 9
4070 7
39995736 13
159989103 6
40004356 19
2980 1
4190 4
4150 13
20989459 14
109003944 9
4160 19
59985969 17
6460 6
3880 7
9998506 4
59988019 10
5390 4
10998273 6
39013989 18
5500 14
89981898 0
29001692 19
3870 17
1260 3
31988863 9
9013779 18
4051 17
27981117 14
43005896 5
19013116 14
9999537 17
3620 8
10002076 11
4630 14
3900 15
3980 11
3750 1
3680 11
2879 1
19965243 6
4670 15
59994828 12
58033975 12
21977086 7
80992158 14
18995366 16
97989441 9
4360 7
4120 7
4250 5
4260 10
61994011 9
89998078 10
199997869 16
30004960 9
4000 16
1220 3
39982017 13
30015790 16
29997779 4
1320 3
69995215 5
4110 8
1996913 11
37989912 9
130000143 11
4430 11
5650 0
19996902 9
19990984 16
14610 18
18987817 1
1001286 5
4760 5
21002920 19
4039 5
8991549 7
120010186 1
2370 1
7984004 10
3689 14
3649 1
11995739 5
120996624 9
3830 10
49004095 17
2300 0
4170 8
4270 4
4160 17
70976072 15
18212587 4
798189 15
9995607 8
20001563 16
19995713 19
2040 2
42993026 17
4390 6
18003529 2
18998756 4
4340 4
4970 4
2680 3
7985783 9
12996226 0
19007446 18
60010248 14
39986716 1
7510 17
2140 2
4650 11
19985273 0
39990496 10
11890 14
7620 11
3800 7
4219 11
3940 13
975087 6
18996857 7
4151 4
11679 13
39987486 16
3000040 1
1870 2
5000133 6
12006810 7
1170 3
1050 3
9987236 18
9994626 9
18005199 18
4320 12
5180 12
11997110 1
160992279 13
10001747 1
19002226 15
1260 3
4630 17
199987878 13
41012023 19
4020 16
3840 15
36979456 0
2820 2
12007390 9
3860 9
5170 14
61982562 7
2159 0
4751 5
38990799 13
69005418 11
50998699 12
18997796 11
121003693 14
196997379 6
1002426 15
5120 4
51002559 6
2140 2
1130 3
4400 14
4770 4
19990133 12
5170 14
3469 4
4909 4
38971209 13
19002216 14
242002577 5
120002537 1
160000813 6
4580 8
7991453 11
12016029 0
19989753 16
19996173 6
9370 8
58985302 16
998767 17
82998651 9
7016426 16
39988166 15
9160 10
9996377 14
120005517 18
227990275 4
182007938 7
109997791 0
19995863 7
78994855 19
3840 19
998677 14
20010773 18
20986769 6
4020 13
58099594 2
4010 7
898568 0
60992615 9
4270 11
99000208 1
19997992 18
10369 16
57983896 5
4160 13
4809 13
12008800 19
19994513 4
120001827 6
19999353 15
19983653 6
13050 10
29998709 14
4050 12
3880 8
9995816 7
10000137 11
3990 14
3760 14
159990702 1
5400 19
1080 3
119988007 9
50004432 19
6620 15
4190 10
5220 15
5740 15
3700 5
8965830 6
4180 14
11004133 9
3930 18
1300 3
19988543 5
8002813 8
11995640 12
15560 9
72986475 10
16997763 12
2110 2
6250 8
20990890 6
19007396 4
4590 13
7988364 11
4071 11
10098745 6
5539 15
6990 15
6130 15
81883916 0
2540 1
4350 10
4530 16
21980247 14
108008857 8
18994416 2
2020 1
21000009 12
20005483 12
59989089 5
4369 5
20996670 15
4500 11
1910 2
18994566 12
14880 8
59997209 11
19997572 18
19987753 19
13510 8
27987236 19
62010151 8
79999131 4
19994533 1
20006493 8
19986243 5
70017044 0
99996774 4
99992624 6
118994730 4
81004318 12
99998684 17
69996815 10
20010373 0
2500 3
3840 14
19982003 17
5760 11
4030 8
7994023 2
11998450 5
18995096 6
4450 6
4150 10
51010648 0
78984635 15
1009127 9
30990096 11
1820 2
19007486 4
4900 19
39997116 4
4919 19
40991073 7
18992816 11
1002697 7
7997473 11
101013220 12
6770 6
4010 19
977027 15
39007799 12
19990213 9
12720 2
19990133 11
40001785 16
19994522 4
120001317 11
40004426 0
38998519 14
4010 15
1006466 12
79996102 10
5720 8
279979509 16
20009443 1
10003426 1
129995934 0
28993232 8
2200 1
11999609 11
3910 12
4340 10
18991876 15
158001119 11
22005137 13
1831 1
3409 19
19996893 15
4200 8
60000639 16
29991729 15
20009373 4
7989383 8
12995406 4
2169 2
9005170 18
995357 15
4080 11
3740 5
1360 3
18986056 8
30021429 17
4700 4
50979049 2
38997009 8
20010993 14
2000 1
10007596 4
3840 5
40977582 16
4050 12
88997471 11
1111 3
4049 10
3690 4
1988554 18
3890 10
3800 18
3739 11
5611 9
3769 6
17981269 14
5000 6
4090 10
19993593 2
3850 18
3900 19
69986395 10
7440 14
20001653 13
3750 11
57987105 2
92001951 1
4280 13
5820 10
3750 10
19987463 1
19997702 19
78996515 11
20004773 1
98994878 12
2012214 10
1160 3
19993663 15
8993980 15
5229 18
60998596 12
19998013 14
81996845 13
4100 18
8570 6
6993846 19
10996274 11
80001991 5
150003646 5
1070 3
19997292 10
4749 9
29999930 6
209998784 18
49998893 8
1231 3
3850 12
70987262 10
6650 9
8999330 8
29999259 4
20000713 16
4660 9
1270 3
19995092 4
4020 4
3931 17
2820 1
4659 15
4960 15
39983556 19
60987445 5
4180 13
3820 12
8994520 1
3840 8
1780 1
29997279 12
130004003 18
68998869 17
81992694 12
36998105 16
22010866 1
70987792 13
29002872 19
39999406 7
9999357 13
5180 15
4660 9
4610 3
3910 9
40982593 10
18999916 12
20003263 16
998346 9
19002947 1
40001205 2
100991371 9
7010966 11
11986850 18
1620 3
10620 9
7510 7
5040 9
119988677 14
4680 17
4330 3
4110 13
39981886 2
10004696 18
109994251 9
20003342 8
20996230 16
3760 18
237991580 17
4770 10
150999403 7
19998423 18
49999962 6
50004322 7
4290 13
4080 13
19997243 5
4040 13
3129 3
3840 9
89985689 7
20102562 10
19887574 5
20005763 19
79998511 0
4750 13
20004303 16
39986196 13
9002129 12
6049 6
10991253 17
41002522 1
3970 19
3170 3
19002516 14
19992903 15
1530 3
39994385 11
11239 8
40003096 17
70982152 12
19007877 14
19987742 1
41004702 8
38996719 1
2800 3
6520 19
4460 17
9988406 11
30000139 19
60012829 15
10989013 10
9006209 15
70005584 6
159990673 10
4710 5
993997 15
57996235 16
1012646 1
10989373 14
50102680 5
4540 8
4850 17
3830 5
7900 4
3830 8
48883557 14
4150 14
3560 3
11420 4
9981947 1
19995543 17
3960 5
3590 13
9981697 8
4479 15
3880 5
68993618 18
4100 5
996866 4
8729 15
8103022 18
3440 5
11889331 16
60003248 18
19988464 18
5350 15
4971 18
3160 3
4079 13
59990039 7
2760 3
68994838 18
11005923 16
19993033 0
8850 19
1970 3
4940 17
8982880 16
5950 4
3650 16
18991526 11
29996479 12
61997542 8
6350 7
20077482 6
4430 16
6020 13
3569 14
3900 9
3590 11
19906545 5
3920 11
3850 11
3680 14
3710 14
17974830 15
33002159 19
4610 6
38990049 17
12230 8
19997653 1
19998873 15
40000386 6
40993782 7
4110 12
18999886 14
4500 17
4920 17
3800 9
4050 5
3410 9
9977536 14
11996429 15
27996886 9
10000946 8
10010716 14
49999632 7
17991769 15
102003268 4
20007022 7
19988933 18
120010007 15
19997413 15
119994187 4
20096232 15
5869 5
59894700 14
8140 18
9995737 7
4880 17
7030 18
4060 16
18983397 5
11999519 8
5231 15
38989950 4
1011336 9
18999476 10
2720 3
59988009 6
99002407 7
51007839 1
40991942 16
4350 6
39003329 0
19999323 13
5230 18
19991803 6
3720 13
119998347 12
57992715 5
12002850 9
40000475 14
20008493 4
19996153 17
9998856 4
39997936 10
149999666 8
11340 0
2190 3
139989120 15
30005480 10
5369 12
3960 6
3680 12
9985477 19
1920 3
1090 3
19996263 16
989427 18
98998477 13
40006506 7
5890 7
38989899 9
2070 2
3950 13
1001316 8
20000143 13
4100 7
20988670 15
39002899 16
40993272 10
19999653 0
5410 18
99008097 11
1999703 18
147989413 12
70003645 11
20005263 2
98991837 18
4310 15
1085826 13
5840 18
4420 18
3909 14
4280 13
9895857 5
20002232 17
5430 4
39984006 17
100010634 1
3470 0
29999939 17
4100 9
3750 14
180985022 4
49003446 1
8996170 4
130997790 0
11950 1
3870 9
4600 14
1840 1
3790 14
39981556 12
19995963 13
2189 2
31986432 7
28012426 5
4770 18
89995218 17
20003912 2
19997273 8
9270 12
239990174 7
8870 17
18982296 10
60998486 8
1005897 7
169012402 8
10988613 6
39002559 19
19994693 13
2000 3
110002060 11
200000829 14
20000892 13
5090 12
20981130 16
19007666 13
4930 19
7520 12
138986083 16
4260 12
1005727 9
13639 4
2860 1
3960 16
10967924 8
1100 3
59002801 16
90001707 2
10992033 15
90001078 12
9006160 13
170003309 17
89998398 1
21997016 5
6101968 18
4480 7
4020 7
4120 19
52892413 8
18986476 6
21005900 11
99009437 6
79994151 6
21001130 5
4030 9
9003299 1
4871 4
21041418 5
6940348 19
92008522 11
3889 8
3860 15
3710 8
138975043 1
5960 11
90999884 2
9980 6
4390 11
19973363 7
20011233 7
140011479 4
19993203 9
29995869 5
39989266 2
20005753 9
1980 1
8079 18
39998425 5
9996787 5
31990932 8
4020 4
2400 0
4940 18
37986953 2
61002425 14
19005076 4
2070 3
100003714 7
20001352 11
19986893 11
40009706 17
2620 1
49991902 11
4620 13
8160 7
4840 7
4320 7
4200 17
20975050 16
27998686 1
40999392 16
5040 16
10001726 14
39999306 18
4250 16
20984839 18
19006326 1
79992432 0
80011581 4
20001342 1
19996012 8
19994733 10
140008380 16
39987466 16
16690 6
3969 6
1985754 9
18006029 1
2480 3
19995263 1
40000946 17
79992291 6
5830 6
1940 3
2820 0
19997633 13
5000 11
4730 16
4569 19
2051 2
239988005 1
4589 4
1820 3
19985633 13
2900 0
38991340 15
1007726 5
49987412 2
68002332 17
12027359 1
59976499 6
8890 4
50995558 11
19005016 4
10010487 15
2260 2
59987318 7
60000109 12
4310 18
4279 18
8977260 0
15300 12
3720 16
996987 19
9997347 1
99997504 17
39997406 4
1020 3
1080 3
39998046 14
4480 18
99996984 15
19996693 7
10996363 13
4480 4
991506 0
8008344 6
70006235 1
6740 10
251982294 1
4290 17
38011702 19
29988639 4
10190 0
59987159 8
20004712 6
80001912 1
4240 4
3330 9
120000227 18
4280 17
1380 3
1940 3
39972366 0
20017233 13
20002653 19
1970 3
820 3
1860 2
4539 19
90973165 1
29000243 17
14150 19
69983465 10
20012823 19
10000747 13
9991396 1
20002823 0
130006733 11
130000983 16
2170 2
9992787 9
10004166 0
19996773 17
20000083 0
50012822 8
149971406 18
21210 15
19982013 19
61001555 9
4130 1
1170 3
9006679 15
19987973 5
10014197 6
3640 7
4000 16
89986278 13
19993763 13
119997747 14
20016563 8
69983625 1
4270 13
80006711 9
2530 2
1030 3
79998871 9
58986572 0
31000186 12
3870 18
4290 12
4860 7
4520 18
49989972 6
19994883 14
11998239 11
1210 3
8006433 16
3990 17
3540 5
4440 10
2470 1
169986739 8
4580 4
4000 12
19987783 11
11994890 1
88008484 18
109998720 13
130003864 8
8994089 16
91005624 10
1190 3
19984613 12
30008779 10
110999647 8
9550 8
36983446 18
3960 13
4500 5
101989028 0
54001338 15
6014229 16
9987227 12
91998141 10
4760 5
4289 7
6995467 4
1000047 8
50000232 19
998476 15
40000985 9
69005048 1
39997076 13
3780 17
3780 4
19986973 19
17109 4
5380 6
4330 13
80977198 12
4169 15
77991509 12
4920 9
4351 6
31003406 14
169986889 7
17996330 12
4050 18
2014473 17
20983670 19
59010082 10
4150 15
39994096 4
4550 9
39994635 2
79998612 0
20003562 15
2250 3
7993123 5
2469 0
31995243 13
40004986 12
129995753 16
19999053 19
400007326 10
18989846 2
11010863 1
228988651 9
1003676 18
35997829 9
72994435 14
11005273 16
98000341 10
4520 17
22004126 12
4130 11
19996533 7
4140 13
1191 3
3851 9
4180 7
3849 10
40969883 17
7450 11
4360 16
4880 17
4240 7
17982719 9
81004297 9
3990 16
4070 1
1560 1
3650 15
38978719 6
4220 4
4490 19
40997742 11
20993829 7
4020 11
99993904 5
9014670 15
4200 9
38982899 18
31008706 19
4140 11
4270 4
59995679 10
4180 17
59995378 14
67981722 9
4450 13
12024579 0
119981967 5
39992696 2
20016733 7
4060 19
3590 13
21087708 1
4200 18
3350 18
1280 3
68892990 9
8590 19
19985093 17
4770 7
100988691 1
19001786 7
17998010 17
4889 4
42003988 9
4020 6
59986479 18
4170 14
50006532 6
991616 13
79997871 11
67998921 18
870 3
30101058 14
41905490 7
4100 10
3420 16
19983943 18
60003169 19
19002186 18
2180 1
9998666 12
70002825 7
4030 14
4210 10
59992678 11
3910 9
119995057 10
80996508 0
5540 8
18988976 9
30003179 1
10008727 2
37988622 6
3890 12
2005593 5
1995294 18
18005279 10
20002793 18
19994473 6
20003853 12
2149 2
4911 17
4190 10
38980000 1
1005296 9
20002313 19
7460 16
3720 9
79975971 17
40013186 1
30988256 14
59004532 4
12380 15
987607 8
19000046 9
4160 11
2560 2
4400 11
119985467 14
10026306 17
3890 10
99975484 7
40999812 8
108992434 4
61008425 18
18998127 5
11420 14
59985408 9
8001393 13
12009340 14
19993423 2
7240 14
40985272 0
18997556 16
3840 16
4300 6
1000977 18
4120 17
128997146 8
4670 16
60985685 1
67000985 16
12010020 10
4260 7
2700 3
4420 8
19984553 15
999797 7
69996085 16
17998110 9
21997396 11
19010876 1
30009189 16
59990688 17
2280 2
30016588 7
19986262 9
8987849 9
91012284 18
39996926 12
7430 15
4290 5
27974316 18
2017053 18
4470 12
19992883 14
99994624 10
100001234 9
3760 1
19993083 17
70006045 7
229998617 15
1270 3
1010 3
4990353 11
36007619 10
4240 11
18988516 1
13589 9
6080 9
39985566 7
18992086 4
111015397 10
4190 9
60981195 16
19009866 14
39995695 9
19999763 18
30006879 6
4030 19
1890 1
3860 6
3810 6
9979367 16
20006033 12
3950 4
39985376 8
5020 8
2460 3
4070 5
71989618 11
148007433 5
4410 13
3549 16
7983504 6
1830 1
3910 13
3890 8
51994135 14
61993082 13
4410 9
18003259 2
997287 11
19006456 6
19996463 0
40996192 11
19002746 8
30002690 7
19998413 1
9998787 9
1900 3
109989570 13
13270 10
59988839 8
920 3
40003366 2
59995519 7
9003070 9
2160 1
11000943 2
20011783 15
19983843 10
50996289 12
3960 9
4550 18
3640 9
6989596 4
12009389 17
19995993 0
20004222 0
19998603 15
4410 13
990947 6
3870 7
18989676 4
108002567 18
31994583 2
20006293 12
10006617 7
920 3
47988119 8
10019 13
4220 12
3970 9
4120 6
21988867 4
4109 19
59986179 0
20008193 7
4080 0
79999841 18
19996472 6
5231 10
9993967 0
70002645 18
69990435 15
140005709 19
4490 6
1760 3
4410 6
39993496 18
79994461 1
2994020 14
16993143 16
20010183 12
8993059 12
3760 13
4209 13
30997195 11
80008651 6
19986403 17
120001397 2
97998921 15
12009569 16
8991080 1
88995011 17
42011769 14
995747 9
3800 9
9001219 14
2140 0
4290 13
3710 7
1250 3
49988613 10
3659 9
3590 9
3620 8
19983043 4
19998243 19
20011853 6
2420 0
3939 14
39988586 15
4130 7
1980 0
3370 17
39985426 15
6940 17
20001343 12
40990122 6
5180 5
3770 5
98997277 11
20011362 0
17981540 18
12005769 8
3950 14
2140 0
4050 18
4010 18
10983184 17
5410 16
3900 11
3870 11
18996157 15
1240 3
989057 11
159002356 0
17997619 1
1780 1
2240 2
131997476 17
20001613 17
4050 19
3890 19
4460 7
39987026 1
10005856 10
3649 10
20985690 13
14830 2
4030 4
1150 3
3870 11
3640 10
3770 11
3790 8
18969856 9
20992730 11
3970 9
2440 0
1710 0
18996326 15
9993807 15
51003929 1
1050 3
79003354 16
6429 17
7988183 6
32007132 7
7993203 11
1180 3
111996164 18
980 3
19998493 12
30019959 4
3850 11
983857 9
28992292 7
90005558 19
3760 16
39989615 5
80014271 16
8990110 13
3990 6
11993100 11
970 3
4420 13
119000310 17
2730 3
4360 12
8994390 7
4110 7
1170 3
30996456 19
37990123 10
12009460 9
3771 16
980 3
820 3
3669 19
39990805 17
120003817 15
4190 11
19992213 10
3450 1
39994656 5
40000876 10
4280 18
19995763 15
10599 11
19993193 5
3860 12
3749 9
39989495 0
2480 2
39996406 19
5000 18
3890 19
39996435 4
4620 2
180982502 8
19017546 17
119990157 5
118992460 11
1008247 9
50991528 13
4940 18
5491 15
158988255 4
69998635 4
20010133 13
49994482 0
9490 13
20988659 6
59005582 12
4850 1
2640 2
989067 5
7995933 15
10000636 11
229998348 17
1019477 13
3540 11
39989756 7
5240 11
229984118 13
3680 2
49993292 19
4160 19
4260 12
5260 11
29991739 8
119993527 10
8750 15
4020 10
4309 13
1100 3
9991636 18
10012016 17
1730 3
4280 16
59975679 8
80000641 4
19998793 7
20020 11
9982447 17
4240 17
49998842 18
4090 16
3860 8
3710 16
2985740 7
3880 18
3900 19
4020 18
47985139 16
129003786 19
5600 15
19991653 9
40994862 13
9008179 13
4770 13
78988505 4
4003156 1
146998106 2
80001442 15
60009208 9
4140 2
983867 17
37998372 7
81002998 12
13079 4
4160 13
4171 8
37977422 1
1050 3
3910 13
42995386 7
4031 14
3419 14
3750 7
7986594 19
6019 14
70998271 15
59996739 2
9004429 2
11008163 16
20986950 17
3800 12
19998772 0
9999547 4
4040 8
3920 16
1980 1
1690 1
3430 16
18993756 15
950 3
109997670 5
3840 16
19993523 2
20000453 10
7870 4
90983594 14
19010376 11
79999021 18
50991219 2
3920 14
3870 8
993127 1
78007128 0
6780 18
4131 15
8983300 11
10998373 5
2240 3
18998687 10
10999463 7
41006262 5
8999329 19
57990836 17
12007119 15
11992400 10
8004853 14
4680 8
12990267 19
46007785 11
3450 4
4140 18
10995203 5
9989537 12
20006062 2
20996979 16
38998279 18
19998362 14
6670 14
20003013 2
1390 3
119992697 18
1070 3
40995552 13
89998348 10
57000818 18
12008690 7
4480 16
4080 19
20001312 6
4339 4
5090 14
19979744 1
70997731 6
19999773 0
3679 19
18991847 16
20003872 13
40007365 18
4570 9
3730 11
3480 17
19986013 0
120987734 0
99008708 9
4611 7
19998903 14
5300 6
2986240 7
177011945 6
19988244 13
19997972 8
60006929 10
4011 15
18986767 11
61001045 14
20008073 10
40990273 12
10003416 13
6020 10
3740 10
3850 18
18993676 16
3890 12
3820 15
4730 14
2980530 6
18006430 8
5100 12
3929 14
18991347 5
150000226 11
3220 2
5060 11
30983376 14
18998726 10
20000493 11
20011742 13
69988755 14
20005693 0
11790 8
2260 1
4060 6
58978072 4
61007574 9
991217 1
39008569 10
2110 2
70004725 0
129990413 14
4040 18
8989110 4
970 3
4180 18
4330 9
100989861 2
11971 17
69993234 14
20004093 13
2830 2
219995431 1
21001959 6
38998359 10
40001306 4
1120 3
19994013 10
39995685 16
28000746 11
3910 11
4370 12
2001363 1
1060 3
99988774 7
20007873 18
219995851 18
2360 1
4320 4
4370 15
39992225 19
4230 4
4470 4
79988461 13
8992570 13
3930 4
68998499 10
91997451 1
34001935 12
2570 2
1990 1
3760 15
3970 12
4020 15
4000 17
3880 17
3900 12
1840 2
1930 1
4973643 19
3780 15
160989779 6
50004732 18
41001972 14
27995626 1
171992883 8
6969 13
9007210 2
98990997 8
1229 3
1003167 12
100002134 19
40000616 2
108988544 14
51009849 19
7999133 6
4600 6
3840 11
4030 18
4430 4
31988942 0
60000209 15
8989639 10
31007026 14
37987292 1
3005200 10
19002706 17
4160 15
100000294 16
1270 3
2929 0
6260 16
5460 13
5830 16
119967598 8
60008778 5
50000572 7
4200 4
59992508 10
1998864 10
57991606 8
49011455 7
61003105 19
4310 5
39992266 2
79991302 11
15539 8
5231 6
19989173 15
20994910 5
26999849 12
142006613 14
19995893 19
3470 2
20000072 5
4849 5
38986330 0
21015450 17
3580 17
68986748 19
10995123 5
39999866 17
11008232 9
3749 5
5140 14
3950 6
4370 9
9979597 13
18997076 2
70996141 10
9007909 0
10750 8
67980012 19
22009006 7
60002248 9
7230 6
39977426 11
10630 7
20008093 15
60002049 1
59981858 17
40014685 1
19093355 10
20905560 12
59988268 0
10007396 10
49994632 14
11960 19
4260 17
3870 19
29986989 4
1800 1
149999516 10
120027876 15
5469 16
6071 16
60948475 17
2600 3
60003499 18
49000055 12
999087 2
79003505 4
4440 10
997677 4
4209 8
38993148 5
9994126 14
20000833 13
1006016 15
29995370 10
79006675 17
4050 6
1540 3
20984120 12
5260 17
99000147 7
80001251 2
2790 1
4860 13
19998703 0
19991413 18
110994348 10
5340 10
18992597 5
18000519 11
3980 9
1080 3
72009568 12
4300 8
4170 4
20973940 2
8100 6
17992629 11
2230 1
1003417 5
19999432 2
9899 6
4160 10
119991277 9
19993883 11
10009726 16
4530 16
129983323 13
1180 3
40006345 14
8995770 9
71003961 15
4330 19
18988346 2
1009046 5
19988803 11
13270 12
39990975 4
5020 13
7679 12
58980772 17
31014146 16
9210057 7
4120 17
4720 12
3690 17
5390 7
4000 16
10760176 4
40003575 0
2600 1
3410 1
29992700 19
7179 7
19987803 13
40009946 19
19985183 2
1007046 10
59006852 1
20989060 2
9007759 12
50003662 11
129998373 9
4460 15
79995372 10
60990634 17
4269 14
79004574 0
6250 12
59983838 1
4230 5
1530 3
1001547 16
8994740 17
80001751 9
4190 11
2330 2
4130 17
28990303 19
59997289 7
1009376 18
70989392 17
59998788 0
9012340 16
992987 11
1180 3
19004895 7
41988170 7
19998523 10
1230 3
148009283 5
99994694 14
20995529 15
109008124 6
1060 3
29997789 13
3920 18
3460 1
30001169 0
29994559 1
5160 13
8987090 12
2610 1
51014059 14
128984737 13
4300 11
21993546 19
9017270 16
2470 3
9986746 14
69995685 19
50010162 4
5090 6
19979343 13
80014391 0
119986807 13
47995009 4
42001969 8
1100 3
60001508 9
10540 15
4650 18
79982431 19
39000449 17
31013346 13
88989281 18
21005579 5
60006618 14
19091585 0
4730 16
4900 4
4150 8
2820 2
893738 15
4110 15
39991116 4
4370 11
59997088 8
109997940 11
4710 4
119992417 19
7993553 9
12009820 17
120003656 13
20989659 7
3980 10
4130 7
5420 7
18984036 13
38000313 15
4249 11
23991040 6
88015214 5
4470 19
4400 19
19988263 14
6320 12
1130 3
4250 5
2120 2
4080 18
4269 8
20974660 15
39000499 7
60996125 8
29006613 10
5949 16
139993880 18
4400 4
99993144 0
8995190 0
131005020 7
4220 14
19990223 2
6200 7
77990648 11
72003978 5
8900 18
19994223 7
40012325 13
80980619 15
4411 5
58997901 9
9450 2
80000221 4
19996643 19
39998346 16
9992176 7
5680 6
4120 10
9999346 1
19994613 4
80994698 1
60000019 6
51001568 4
4940 8
38013582 6
1480 3
19990593 10
4440 1
3360 1
59983588 7
19999253 13
12140 18
4190 8
9995746 12
8987690 1
21010830 9
19992113 12
21001709 5
20000373 10
58996252 1
20001253 17
4590 5
991577 13
4190 11
4300 6
3630 13
26989489 8
1230 3
2270 2
990 3
4150 15
2070 0
10987453 17
4230 8
1004287 5
8993240 10
4069 5
3680 5
11001083 8
80000472 6
289990976 19
4300 11
4040 6
4150 19
3720 19
4110 6
4810 16
5840 12
3840 12
69970454 15
39996175 15
28994933 5
11999500 7
99004508 10
3790 19
60019098 0
4070 15
19976703 1
4290 11
4450 5
57981745 18
4460 10
12000150 2
5320 19
4060 4
986537 9
59001702 1
8994700 12
52004555 7
19006826 0
1992603 2
4210 12
18002230 5
157992059 19
72013938 5
80004191 10
7981813 17
173000559 6
4150 4
26993209 0
12008450 4
40001275 10
39986406 15
111003477 4
61002335 2
138008186 10
19997863 8
19991672 1
9670 14
7350 5
8985800 1
4760 17
4740 17
30988886 16
100005284 1
8000413 13
31996553 12
80006742 5
5740 11
4470 4
19992303 19
19993583 9
83988818 6
3930 11
5820 5
7001176 7
4070 6
5020 9
28988413 0
4290 16
20001353 14
4049 13
19986642 11
39000139 5
61007794 2
996347 8
2880 1
5050 17
18996906 16
4160 13
37984232 12
44002212 14
48998175 15
18002029 17
31008546 5
19987843 4
20023693 14
4389 15
4060 12
9980417 5
19996333 12
18993616 1
1014207 13
5309 5
5650 5
1300 3
9985877 15
50003472 10
4240 13
2300 2
3640 10
19979273 1
20000793 18
4810 8
17985340 14
2015333 11
19999353 7
19996733 8
4470 4
139999039 9
9098139 17
1210 3
80901939 5
19991082 10
58997872 9
1109 3
21006970 6
80993668 11
4020 1
5750 5
28990833 14
10002506 7
20003263 9
50017962 4
11973780 2
37991812 12
78005738 19
2008063 17
1430 3
2690 0
60991875 12
19007206 12
3900 10
7984164 0
112011364 9
18991226 17
21008819 5
991 3
19995942 1
30000190 10
1300 3
6830 19
89988468 11
2995490 10
5002023 13
3560 10
3820 10
11997790 11
19995723 9
19998272 5
3980 10
4200 15
1260 3
39987336 19
19998433 0
9009370 19
38990919 13
2003503 12
8320 16
3840 13
3580 12
81985415 9
48009079 18
4720 2
130990021 0
9004020 16
199990998 1
11950 11
79988001 5
4350 13
999417 11
39003158 5
996226 6
3740 7
18989626 9
92000290 13
2090 2
88007984 4
20989820 19
59999558 7
39000889 17
120014487 14
39990105 1
5570 9
2440 1
4040 15
17982710 0
109999180 12
10003377 16
51995195 11
90011617 0
20001973 19
8987430 13
4680 4
3900 13
3610 13
10988473 9
1160 3
20006673 6
10992303 6
7001256 0
12003000 17
2005193 19
5030 16
38984779 7
4410 14
39001719 15
4510 18
59998488 15
1120 3
4250 17
5000 8
19989073 16
7110 10
3930 12
39992005 7
4520 11
4080 4
4280 11
3820 11
8979320 9
9994397 15
4640 9
50994138 19
15090 12
19994523 1
1250 3
4490 11
38977499 4
1020486 12
4809 7
3899 12
79975952 1
130002473 18
70008124 17
5999 8
3900 7
19986843 2
10000547 13
9996196 17
3030 1
3610 16
9095198 17
2210 0
3690 5
3850 14
20889071 12
8997750 10
51997795 1
4450 2
29003153 0
4160 7
19988403 0
40012125 17
9997006 0
77984289 11
83013421 16
4650 4
18999836 5
5350 9
39989096 7
110001620 12
19994013 10
7600 17
4910 17
3960 8
39988046 0
38993889 15
4369 19
21000720 8
150004486 12
30989796 0
39994655 6
69013128 18
4830 13
18988046 10
1008977 14
1930 3
10001076 9
7080 9
89977648 18
1003496 17
8996910 8
8400 1
109998031 7
18985057 7
1013256 17
3750 17
1980 2
1010 3
79989852 14
1000686 7
21002910 19
48993075 8
9005729 13
39991385 2
1310 3
40009216 14
48992925 10
10997703 16
80008611 11
39997156 4
20001732 2
60002979 18
7990073 2
142008902 19
148992360 18
4490 13
1009926 18
40002876 5
1050 3
981256 6
4029 7
19994293 16
4240 5
19003006 14
3971 17
2060 1
1520 1
1000 3
219990411 10
18989826 0
1011247 2
20002402 15
19991153 17
20008802 0
7991583 17
4450 4
61987912 12
16640 15
4080 15
39988346 5
4749 19
89991078 13
16990 10
8460 11
1450 3
5490 8
6040 11
8963410 19
151004142 9
19998193 4
5940 11
10002456 5
29996419 2
99995504 10
5150 8
139996970 10
5230 16
81985084 4
119005490 5
4100 12
4420 5
1180 3
58980752 10
10960 18
12250 9
17981690 10
101998928 16
48010079 10
12005640 6
4190 7
39980775 4
71006691 11
2580 2
990 3
8991329 12
10995954 16
3990 16
6439 11
2331 2
4340 8
18989636 15
18990146 12
6190 10
1005116 19
50997589 2
29998449 15
4100 18
18992776 10
50014072 14
19989943 17
40009486 9
30004879 6
79987022 14
5150 17
4140 9
4510 7
2130 2
988586 10
2251 3
18989157 1
17995839 15
4390 4
5290 11
2003353 16
5500 11
19996393 2
19989273 15
5350 12
3090 2
49997572 13
4740 18
10001826 10
141985203 2
18007220 5
20996040 2
4170 18
5380 19
78983044 1
6600 15
4130 15
6220 7
3930 12
3990 18
4510 10
39975046 13
20010003 12
5070 12
10987503 4
48994325 12
70009605 17
997906 18
78995095 11
70000085 14
20006073 18
6050 11
58987322 2
1009367 16
39988726 6
20006693 8
3650 0
39992166 17
1000427 2
16997043 6
4350 6
62008252 11
4191 15
3749 4
1740 2
3780 8
6900 18
3890 4
58966872 10
1005597 0
12840 5
1930 2
69981255 7
20025283 11
19984233 1
199999228 12
99995204 13
4680 7
8404657 0
3960 13
9578912 2
1810 2
42001239 5
80993998 10
4030 7
3750 15
1950 1
3630 15
3990 19
18996556 5
109992880 13
3880 4
20003853 9
19995193 10
950 3
79997571 12
39996136 15
50006472 12
7550 15
110984257 13
8003823 18
1015157 16
1040 3
39988165 15
59995838 13
40003125 2
10004827 13
39995325 4
1030 3
3620 0
4030 5
1120 3
4720 12
3720 14
4060 5
1690 1
1850 0
19964423 9
61001455 19
109011204 15
19996223 1
4120 7
18982726 12
6349 11
31015095 18
49987422 0
28997163 6
121001313 7
10001326 15
4430 18
9997547 7
20005853 11
1240 3
219985101 0
20014323 11
9988356 7
240001264 2
10000496 5
10012096 6
24380 0
19961163 18
20010443 7
89999047 18
39993306 9
69997765 1
98996767 9
4620 17
3930 4
1002736 19
119996937 0
1260 3
4050 19
4850 18
1400 3
8986270 8
3720 19
4490 7
4110 5
30986476 2
79999111 15
20996479 4
19009816 15
19992683 13
1290 3
9920 6
3920 19
5030 10
199986588 7
4011 7
2100 2
59984318 16
4640 5
2290 1
59989049 0
2180 1
10005587 12
109991110 14
4180 14
18998336 19
52000785 12
18999006 15
8789 19
20002573 11
18982677 12
4600 11
20003273 0
1001817 9
4100 13
30005179 16
990046 5
3809 5
1789 2
18993586 18
19999593 15
20006563 9
994177 17
3600 15
19007576 13
3940 18
4050 14
29993489 10
8987980 13
31005466 1
149989707 12
19002986 11
2005503 19
4750 19
4550 19
178991748 13
60987705 11
69001478 7
18790 12
7983523 10
2012383 16
18987667 8
4640 16
3789 12
19992973 18
3889 13
81003337 4
7480 7
17983120 8
4960 10
2006573 19
1290 3
4330 1
4320 13
20977450 5
19014835 2
989 3
4140 7
4860 9
2310 1
3870 4
19976993 2
2010 1
99998864 13
58990382 15
221008687 10
18992616 7
1003047 17
5200 5
50000742 19
23992650 17
106010923 19
4871 14
4000 14
179975244 7
1209 3
20010493 13
41005192 16
7050 16
3610 4
8992730 17
129985813 5
50005932 13
40003976 13
20986120 6
19005306 6
7999283 19
1140 3
998127 14
8997760 12
4030 5
4130 4
4060 19
41993919 10
20000662 5
19996823 4
2190 1
4010 10
4070 12
9982217 7
72000269 9
2200 2
3940 13
17996229 4
79998531 16
99998084 14
40002395 15
18999966 13
1018656 11
39979166 6
20002042 19
40999742 7
4309 6
19008187 12
49995341 14
3780 8
5989 11
19983982 12
4680 11
3629 7
3209 11
4020 8
4020 11
1040 3
1220 3
9980227 1
10005506 18
18987677 0
2160 0
1008267 17
60004728 10
19991773 14
11992370 10
8006793 12
4550 8
1390 3
4980 8
28984862 0
4110 9
4360 12
1070 3
31009916 19
19989703 9
20005153 12
4211 15
19981442 1
80010802 15
4049 11
3120 7
19986483 4
5980 11
8989870 2
3550 5
10995553 11
3830 14
19994603 2
40007275 10
4560 4
39997216 2
20003163 17
4840 19
17983379 7
22005556 4
20004803 12
58989152 9
1950 2
20000133 19
1008056 7
2070 2
3910 9
19996603 6
1988613 1
17999240 6
19996363 2
40003685 16
30007789 6
4020 17
59992738 5
2080 1
20007033 13
7986903 6
2007944 12
150993792 14
49003355 7
3720 4
28989293 14
61008235 4
3993686 10
36996456 6
4060 4
9015679 7
3800 18
4140 12
2100 2
19982273 11
9996757 6
3590 9
87989974 8
91997951 4
11580 10
59986348 11
10450 13
4510 17
40019025 16
39982946 4
79983691 1
4210 1
5270 8
90988614 15
9017370 5
5290 11
99983284 13
10279 6
10591 11
1269 3
1860 2
1950 0
19974674 18
21995307 2
17003623 0
270999179 12
1120 3
10005967 15
39988995 14
15450 13
4380 15
99993074 5
20989010 6
5729 16
117994664 6
1004576 10
4200 9
1071 3
19994212 5
120004187 16
20002152 4
4211 12
1209 3
19985473 5
10003806 5
60002268 16
19994213 8
20003373 2
4071 16
38987919 0
5540 18
4240 12
1311 3
1003406 7
209994594 13
7530 0
4250 12
4600 13
39984566 5
39990735 5
8400 6
38989459 19
171007495 18
19996483 19
4800 5
9996286 8
129999303 4
10001166 13
3950 19
99990774 0
5310 13
100992380 7
3960 13
19003346 1
1730 2
20990540 7
4630 3
69003318 11
4330 15
4810 6
19992033 14
8820 16
5309 16
19989143 9
20004143 12
20001513 6
4480 6
60979525 7
3920 9
2370 0
8004333 5
50989658 4
4200 5
2510 3
9980 9
3550 14
3850 4
3930 5
3640 9
2966480 0
3850 5
56991829 16
40012935 9
39999716 11
59989438 4
7580 11
19101565 15
906998 11
21992056 19
18004369 17
2320 0
28002726 8
11997960 11
3020 3
40986092 0
19008406 19
161988096 11
18012449 7
18988736 2
51007539 9
4199 5
89991888 13
60000759 4
3710 8
996597 6
69001488 19
20991260 1
2231 0
99004127 9
4610 9
8987799 14
3971 11
4131 9
11003762 15
37986582 18
2350 0
4220 9
3990 9
4010 18
42990825 6
7003257 4
1006626 16
10997433 6
40004316 19
4190 13
19997963 8
4091 14
59980299 1
40009456 16
9991637 17
50005682 13
20005832 11
39996086 1
59990228 10
10006566 5
50992308 13
159007566 5
2180 2
7995383 1
4380 18
3170 3
4180 19
31983792 7
17999620 4
4040 7
4220 12
4050 11
42996985 19
18997156 7
3939 8
4980 15
3760 12
30980916 16
29015773 0
4000 15
19984784 11
20005643 17
80991548 1
19013286 0
7986363 16
12000980 2
60010288 7
19995683 13
3990 7
180989212 6
2759 3
17996270 2
20997979 12
60003688 19
79994091 6
8139 8
39994116 19
4010 12
20002193 2
39994025 2
70008524 0
2020 3
17985800 7
3014979 12
4860 15
3900 12
3990 9
46977402 11
32010002 7
39999465 4
19987653 11
20009573 15
9994046 5
3600 2
20996720 15
39007049 4
9997177 15
39995456 6
4040 13
3400 3
19997733 8
19996723 5
169998978 16
19997142 9
9999537 4
2220 2
10006836 14
4560 8
3800 18
99987614 12
4080 11
3740 8
17986040 18
3929 14
3770 12
12001300 8
39991395 13
80008520 13
20001122 5
4160 9
78985575 13
2290 3
1006746 0
20990190 16
2110 3
78104406 2
80892759 4
9360 0
79999281 2
20000483 12
57987385 13
2014453 5
29998970 13
40000666 0
7991893 15
3640 18
3990 14
993757 6
2080 2
3560 15
160995908 1
3880 5
19996563 2
20002813 10
1040 3
18298606 16
4251 9
4100 9
4290 14
1684828 2
20005322 9
2071 3
139991670 5
19992383 4
2160 3
60012608 18
39996195 17
4439 9
2500 0
3650 17
159997352 5
71988778 5
58002014 12
97993050 17
52013525 4
4040 15
19982303 6
5940 8
179990915 18
15100 6
4130 9
19991533 18
39999196 7
4680 10
3850 10
3860 10
2330 3
3730 8
2140 2
4550 12
89977888 4
5200 16
79988691 15
20004662 13
3730 17
4140 6
57978765 15
52001874 7
40004275 18
7830 18
2200 3
4980 16
49979712 1
4550 18
7997143 19
2320 3
4080 8
6480 4
3800 8
131978976 0
20000473 18
2300 3
20006683 2
4830 15
19995822 19
40990443 14
19011716 10
9080 12
40006235 7
39985526 0
2680 3
2070 1
20989219 16
78995945 0
109998610 13
20009243 2
7992693 11
11996389 16
70007254 19
89997488 0
9989 6
8988460 5
1006867 9
1990 0
19987413 15
20012902 16
3880 19
19997843 11
2380 3
4170 5
39987556 10
4120 12
3820 12
39991905 17
20003153 4
1030 3
19992043 2
9399 15
18986917 7
1013676 9
9985896 11
20002113 8
130010852 1
58987581 9
60997515 8
13330 5
19997953 6
10004276 14
989197 7
4180 8
19993963 16
99011347 2
4650 6
2170 1
1890 3
40981622 7
19007106 9
3950 15
3400 15
19989263 4
148996449 4
4210 7
3980 9
990626 8
4160 15
139993460 1
4240 9
19998883 2
3960 1
3509 18
3600 18
99990544 11
60000619 1
4300 17
2560 2
3550 18
39992405 9
129989713 17
9410 19
19995893 5
1890 3
1880 2
8992420 12
3670 5
2020 1
9994906 13
3840 15
3930 6
1002386 5
19986503 6
22004966 2
2020 0
18999176 9
3760 16
3830 7
20988800 11
28007166 18
4310 12
19988083 2
13410 15
4080 11
1220 3
3849 6
4020 7
4129 5
4020 9
159967763 19
19001986 2
5560 16
997897 6
10000257 1
1940 1
39994055 6
68996088 6
11008412 14
4010 17
7989783 7
31995402 15
3007250 0
76995121 17
1010 3
4090 17
9992937 6
20010523 13
2050 2
109993500 5
58995042 4
120997093 5
20000213 1
20014442 14
4040 15
47983210 9
32010502 19
99999724 0
8993510 7
4530 19
31993153 6
20005552 14
38994159 12
10000187 7
30010669 0
4040 19
4230 16
4009 10
4140 11
57971355 17
62007901 10
1920 3
5500 4
970 3
4100 6
3940 19
19972013 12
4440 12
18996876 1
2070 1
3860 13
30993146 7
20001373 0
1940 0
21001549 12
5480 18
8999390 8
5010 4
28984692 18
50998319 16
14240 4
22989193 19
128002409 7
59011562 6
49999122 9
19993762 11
1800 1
3880 11
4109 10
4240 8
159984323 13
110006050 6
39998985 12
4790 14
99981354 15
5370 19
19995183 10
20000483 2
2590 2
11360 5
3751 16
59988878 4
12330 10
2470 3
59988088 17
3700 10
29989109 6
10004137 18
2110 1
1879 1
4931 9
3849 5
39977706 6
22003196 19
3950 8
18010529 16
69993324 5
4260 6
4670 7
19995483 2
4070 13
3810 6
18980726 18
2510 3
3820 5
1490 3
2210 1
40997403 12
70008795 19
4000 11
17982509 12
3669 18
52014976 6
69988545 16
1680 3
19995223 12
3940 16
5530 4
4180 6
19988803 1
19998393 12
5471 17
19993683 12
59998238 5
30008609 15
19996902 10
20000822 14
99999544 4
17987670 16
22011505 11
8097122 14
4210 8
11897481 12
5490 8
79980841 12
8850 5
20013613 19
4190 5
19981703 18
3740 19
40001595 6
1170 3
5230 6
9995077 14
3889 9
2020 1
69977074 7
110006870 19
3960 8
19998962 18
3880 8
20003623 10
3840 14
910 3
19977213 17
80006941 13
8360 18
59996698 4
7994783 5
11996350 15
1001246 7
4220 8
139004662 18
19992153 0
3890 1
1004647 14
39990286 9
29023762 18
7971704 9
12004599 19
37994013 2
1850 2
52010495 17
4120 7
39993475 1
17990470 6
3810 18
3580 18
3670 19
3950 6
1996773 5
19997343 2
8996559 17
11998749 8
19007086 15
39999306 17
40002015 8
3710 18
39994286 10
80001911 2
1160 3
19999293 7
4180 8
79986112 15
80011330 12
8989860 15
11020373 1
119994447 6
89990927 16
2990510 6
3810 6
4120 11
37007096 16
39982516 1
11660 10
4470 18
19992503 12
18996476 7
3840 5
1010217 18
4160 13
3630 18
19978063 2
1995923 8
110001700 0
18006279 9
60008109 7
3819 10
9201218 13
3980 16
30790208 18
4100 12
19988193 11
2420 1
7994413 17
12007750 11
89989397 13
4290 7
3960 7
2050 2
3990 10
993097 11
78992104 4
19005456 5
10992424 8
10012847 12
50003782 7
59996058 9
19997872 2
4271 9
19990562 5
5011 11
4070 5
19985093 15
900 3
79999441 7
110007500 8
79993581 12
40009766 19
4070 10
19997393 17
38988009 0
19999152 18
4070 19
3950 7
3820 7
41001972 16
4060 12
19979553 2
5940 17
20004943 7
37992342 11
21005980 5
51006939 14
8988170 18
10998333 19
12610 6
890 3
950 3
39992785 1
70014555 12
129983393 7
3590 0
9997986 6
80003131 16
6190 2
3900 5
59992689 7
19993032 19
20004193 8
100000864 0
59096300 9
20905481 19
4710 18
8986999 6
3980 9
3871 5
50996308 11
4400 5
2150 3
4030 17
99990984 0
10001666 15
9986547 16
2002333 19
8001663 4
9996856 16
40005725 1
100000043 19
20001342 14
4080 12
37987853 2
202004650 15
49999522 5
40009116 0
38988079 16
1012476 5
117985024 12
2014923 10
139997999 18
5030 2
60984205 12
79006884 5
19996403 17
10120 1
4170 19
20988760 6
9002470 13
78994365 7
29997529 14
1008816 1
4110 11
20986010 9
3870 11
18994926 7
5740 7
3530 14
993137 12
28003675 8
70994362 10
2240 3
42998775 0
2340 2
27009979 12
3880 6
29978150 4
20015133 6
3020 1
19996403 15
19998423 4
40002215 19
19988923 11
20003853 1
4400 11
68992698 16
1012716 8
60989025 7
3910 9
39004419 7
99995644 5
10550 12
99984004 14
90008517 11
8990760 2
71007931 19
4190 9
5010 13
200979744 1
19004996 7
119997597 8
16820 4
40005835 16
4840 16
3910 17
20978100 13
19001086 12
220003720 17
10985093 12
49010945 7
2140 3
1050 3
19986563 5
42000299 10
15996776 16
1930 2
3720 18
3570 11
82007644 14
18979866 7
2289 1
11025903 12
119988517 6
19991453 18
150000235 9
11995670 14
1990 2
5120 7
1950 1
3650 14
57989695 6
5360 10
6220 12
4890 11
3870 9
5750 12
978566 16
3229 0
4580 13
3929 10
38982819 6
4400 4
4009 5
18990707 12
1320 3
3710 10
30999996 19
40989773 1
69007308 6
40005375 2
99999124 19
1030 3
20986389 4
3950 8
9008580 16
37987432 8
12010450 13
5440 7
11329 15
109985491 18
119996606 2
20000553 2
110002820 7
9800 6
79989611 2
2850 1
1640 1
118983490 10
2260 0
1009217 2
10010176 13
4380 18
4320 17
3740 17
59964549 10
15010 18
2310 3
9989657 14
30015489 7
39991105 16
60003648 19
980 3
37983032 11
34004236 6
4480 5
3960 6
8986560 15
20006513 12
37996312 6
4520 5
993797 2
30011679 6
29992459 13
3990 15
49998352 5
4850 12
19999503 13
19997182 15
89999218 4
5680 15
40986392 13
18995216 19
10250 15
20003953 17
119996796 7
4200 15
18991057 4
3840 14
1006177 7
109992940 2
40009086 4
4610 6
4220 17
68975119 7
1005786 18
170009188 19
19996023 8
4450 7
4820 7
21981886 17
4391 4
138003605 11
40005606 11
58988191 19
3749 14
3749 16
4260 12
995916 6
109989001 2
20007683 19
4690 17
5490 1
31982922 19
8002913 5
20006993 9
47989469 7
4160 17
32996679 8
17003383 15
52004935 1
39995015 14
20998129 18
4070 17
3450 17
5970 1
3520 17
38990598 19
20995010 16
4120 17
79990091 0
28007446 7
220987907 4
19550 16
4060 10
4040 5
8981269 7
11002553 14
149993895 11
20010113 0
18986126 0
2350 3
1016507 1
4040 12
2049 2
27986937 13
4080 8
1991953 9
2003053 10
3940 15
147997363 14
19989233 8
90007498 19
3991 14
29997079 5
18093988 14
4000 19
22898324 7
5040 7
38989499 15
59002521 2
21006170 6
39999705 12
20003723 4
99989794 17
20001902 4
6670 8
4180 1
3690 8
179991355 14
21004419 1
4090 6
3940 11
16976424 16
2006024 10
20995750 7
19997433 12
4720 5
2120 2
39002279 13
19998622 0
10997553 19
29005593 6
69996334 18
3939 18
30006009 1
8869 1
3940 5
19988173 15
980 3
4510 9
4640 8
3980 1
4510 11
960 3
4270 17
19970973 12
40988832 9
40000716 6
18999186 5
4040 19
1960 0
7994413 5
32012602 12
28990933 11
2460 1
11996409 10
108994324 6
20008132 18
88994150 5
4520 12
1009297 19
6420 16
40977212 11
4020 5
19001926 15
14720 0
3930 4
109984300 13
57991715 9
1110275 4
4860 1
980 3
120887685 0
4100 10
39998885 1
40002535 2
3680 14
19986453 1
3960 8
19996973 15
10360 11
40989213 7
7002646 19
12007500 18
3940 19
20992799 10
4400 6
38994159 13
20008543 7
58986632 5
41013563 8
39990836 2
7994293 13
1870 0
4070 16
3600 0
3620 16
4020 19
71981908 5
69999545 9
8007013 8
4109 13
1680 0
1031 3
11989889 5
120005487 17
2060 3
19999882 15
4000 13
79982040 7
7840 13
3820 13
19997053 16
7996053 12
4660 8
2060 0
3800 7
12001250 18
4240 17
3940 17
4140 18
69984115 7
39996816 15
2650 0
20000573 16
1970 0
1390 3
4090 15
17977279 18
2016153 9
59995729 12
69996395 10
119992636 16
19999693 16
30012699 13
199988997 19
7590 8
3900 18
169995479 7
49993052 13
5869 16
10993744 10
9007390 14
7290 12
3950 17
3690 15
57975775 10
1910 0
4240 9
12000490 11
2670 0
1900 0
49995892 7
38995689 13
2011 1
3651 18
999956 6
20009413 4
40989222 6
39002679 19
60003468 6
4330 9
99998744 8
4210 19
4370 8
20977139 15
59010702 13
4000 8
89982497 16
1310 3
12350 15
59993629 6
13550 7
159978833 13
10004166 7
5670 7
70991771 14
39012029 11
3790 13
3840 14
3950 8
39985365 10
19999803 10
1210 3
3740 17
3810 6
3550 6
8983530 15
1910 1
90997854 14
41001792 4
4350 13
3990 17
1040 3
830 3
5270 11
117978413 9
22000316 1
19005256 2
4100 16
3950 18
47989099 9
4030 10
11098011 0
20908370 17
6570 17
19993723 4
5600 12
1090 3
4000 6
970 3
5869 11
119975397 7
20001962 9
20992270 16
3870 5
79990580 18
79005474 10
2330 2
13900 12
108982893 1
11004172 8
4160 11
40001706 0
60990705 9
66996504 4
40002205 8
4260 5
12002059 4
39994485 8
4440 17
60003568 15
19990433 4
6430 16
19997533 10
19995742 9
20006842 10
109999740 2
11270 0
4280 7
9981597 10
3740 10
19991322 14
20012772 13
3840 15
189982991 5
21001470 5
18999096 6
20007982 17
4440 11
1800 2
119998117 4
17984840 16
12001950 7
3950 9
79998311 19
20999890 4
3969 12
3790 4
4110 7
198994521 0
4250 8
7988553 7
12001630 11
18996146 1
2002933 16
29009353 11
79998151 7
79992571 11
20006233 16
49997572 8
4100 7
39989556 13
58998801 11
4111 5
3240 1
150999653 19
7992963 7
50207409 16
22803005 19
18985956 12
40002765 12
21002349 5
3730 6
4130 15
3550 5
1220 3
17990450 17
81005917 16
4780 9
79992191 14
4600 13
33985046 1
6009460 19
60004438 12
79999431 9
19994413 12
940 3
4549 11
960 3
19997933 9
80990228 16
9370 11
18986586 14
110011270 11
40999612 2
59008862 15
59985998 19
4170 9
20995639 11
4009 8
4830 12
18996597 7
4611 13
90000637 19
19998623 9
30002730 1
4830 11
39988206 15
30999566 14
19006206 2
39988016 17
5530 13
20003752 4
4290 12
29987959 8
19999162 16
4160 19
70994892 1
87000248 4
2000 0
3800 18
181992318 15
40005425 14
20003093 0
9995516 19
19995953 7
129997283 4
13050 7
19987893 14
150009655 1
5790 16
50988099 7
109001943 18
20996260 11
119008090 6
160002682 7
5220 6
39981086 14
14330 7
19988412 13
1060 3
38999508 7
1820 2
4470 5
3850 2
9995777 13
51000358 19
3880 17
69991445 14
1290 3
2360 2
19994263 6
40004255 18
40005075 13
19994812 16
19992893 10
20010013 17
119988656 16
110010170 16
19994083 17
14510 10
139993499 18
79991531 9
20996769 5
4640 13
3971 13
3531 8
995636 14
4170 4
1220 3
3640 9
4210 4
4100 11
4310 14
2800 2
3750 5
4180 2
3890 5
3689 8
3171 2
1769 0
3640 6
851 3
1100 3
16942063 16
1008177 18
4089 17
1900 0
39987355 15
19994823 1
20017382 0
4030 5
19980533 7
41001372 12
4690 15
59004312 19
159997132 8
19994623 0
20011502 10
4170 10
69988835 17
5450 1
1200 3
19995883 4
1960 1
80000240 0
1160 3
9997116 13
4260 12
19984753 11
29008392 1
40997632 16
20012173 15
3900 15
59977438 8
30008739 4
97988681 16
22007296 14
3840 9
1290 3
149995845 4
79994291 17
21000530 10
19004206 17
4710 11
99999224 19
50994979 16
1160 3
18994186 5
90009677 7
19990953 5
40012015 15
79991942 7
4070 7
3360 7
39993946 2
4770 12
119996827 19
23996860 10
56004931 19
40004036 16
2180 3
4190 8
59988028 2
50000592 17
120002266 4
10690 4
49990802 0
49982562 16
4190 9
9002790 15
4830 15
3450 9
10999563 16
3880 9
890 3
20982209 18
890 3
870 3
4010 17
5190 14
38999759 11
4580 5
950 3
28985782 0
12003250 12
19006616 13
7994824 11
4500 12
3950 5
4090 7
90984075 17
61007835 16
40000636 13
4029 18
19998732 1
19991393 5
9890 16
68987038 8
2280 2
4440 10
4250 9
990577 1
8994230 16
3871 7
3769 7
31001065 17
40994872 12
69006128 7
110001110 5
4120 17
19996513 10
39988775 1
40015355 4
39991965 1
110006181 14
9999446 8
18990226 1
4670 14
43992302 5
2180 0
18004720 6
309001470 18
20993760 8
9029779 17
3870 11
59960679 1
40016365 13
269997722 5
9101398 11
30898857 17
20001993 10
1100 3
11070 17
2250 0
4120 8
4210 9
99970084 12
50005372 17
30002919 5
79994131 11
18991616 15
21008809 17
11991280 9
3640 12
47998589 19
60007129 12
5731 5
2140 3
78983595 13
60003088 18
4040 12
90997254 10
3770 9
130007583 6
59997608 8
59991718 2
40004316 6
1870 0
2730 0
39998155 2
19990893 2
9001660 14
3930 13
6699 17
10998993 8
38986470 11
4711 14
4211 4
1004046 7
3550 4
79978971 19
137996336 0
2014143 11
8450 12
4290 11
3880 9
19989653 17
4070 12
19995253 9
4100 18
189991311 8
1960 2
19995053 17
891 3
20992559 0
4460 11
88998530 16
69001287 6
996517 7
10013936 0
3360 0
20982120 1
3820 12
19002666 13
19995903 4
20005482 8
60996125 15
109014033 18
3729 7
11975389 1
1870 1
66998845 7
70999461 16
20007583 8
80993087 14
18999566 1
20003562 4
20005263 1
48995825 10
4120 7
31016006 17
4470 4
18973636 14
1009556 0
19999052 1
39991876 2
20005933 18
8996689 6
3940 15
11003713 18
1270 3
19990773 2
20001733 11
2993200 9
1910 1
17006013 10
5191 4
79983411 15
4180 4
20001102 1
90001138 12
78996035 4
80996237 17
19112374 10
903548 17
20985559 10
5809 8
109000894 6
40006905 10
5350 18
4600 16
27974296 11
3970 13
3660 11
12000060 15
14230 17
100976040 13
99000807 5
79998561 16
60005828 5
9995727 5
29995599 16
120010476 8
70003425 17
4460 14
4179 8
4240 7
4100 10
19972282 19
81999134 19
38007902 7
9206767 16
793279 12
110000870 10
20002733 18
19991193 17
19001486 17
4050 7
61993091 0
89996058 16
2220 1
19008796 15
60990715 0
4580 17
18996187 14
100012793 7
97983471 11
1050 3
2012513 1
19988423 19
1180 3
10580 10
3830 14
100985070 15
4790 13
4550 4
39002239 14
4320 18
158983955 15
1007967 6
99997263 8
100995861 4
4220 10
198997060 15
4219 8
980 3
12310 17
4030 10
1170 3
960 3
49983502 9
1150 3
4110 18
19995013 8
139998759 18
60002138 12
39997216 13
3870 19
3860 19
3000 1
1509 2
3520 13
149976465 11
147998043 5
52008925 11
39995115 15
11430 14
17983930 19
1860 3
2389 2
1951 2
4079 4
2004883 14
7990643 7
3630 14
111998243 8
3820 8
59990148 12
9003330 14
1440 3
10999613 19
39993265 18
2240 2
100012324 6
39991106 2
9529 8
49990352 19
8004424 5
3979 18
4000 13
3870 18
3690 18
11974120 11
40009825 4
19990824 1
60008689 16
1060 3
7889 13
79992102 19
19999652 9
10002796 6
50990598 17
28999902 10
39994226 11
16560 18
2130 2
149984936 9
9002460 13
997017 14
18999046 15
2003873 4
39006999 18
109987240 12
3880 8
40999362 13
9004700 11
9992686 2
40016346 18
4151 10
4060 18
79986611 11
2440 0
3739 4
4790 17
59980379 10
4170 17
20996949 1
8003143 13
4600 10
4540 6
70986721 12
5440 2
20012112 12
19997923 5
18985366 14
4240 11
1997533 15
3820 15
237992950 13
41004092 4
59998328 14
9001750 1
60992625 6
8011253 11
11997440 18
49990882 9
39998996 11
3520 1
20004732 9
100996351 9
3970 9
7995413 19
10103755 10
40899763 16
3890 5
3660 5
99992354 18
10004556 10
80008451 5
19992153 5
19992463 11
10004656 9
10004366 7
8995130 13
3960 13
4730 13
1850 2
4640 17
31987022 19
4130 7
148987599 11
27998556 15
52012685 11
3860 13
20000623 2
9091008 1
98892249 15
52011145 11
1120 3
19986802 16
22001675 14
98008520 16
20008832 1
1580 3
9992867 11
29996719 15
4910 4
3980 9
7984473 15
11996450 18
11780 16
3839 12
4080 16
19992842 13
6520 14
19992783 7
20000633 4
3890 16
2490 3
79996441 17
27982856 0
22019596 9
119992927 13
3810 8
3570 15
19992953 18
178988478 13
21008589 2
40000745 10
20992699 16
119009369 18
119002989 0
987657 16
11003853 15
19992953 17
8002933 2
51010598 6
3920 15
4410 11
39988686 9
60990375 7
37992042 11
41015212 7
9101618 11
10889435 10
100002323 1
20004123 18
140009269 7
59983128 5
20014833 11
3950 16
4190 7
19986422 15
3880 8
2260 0
99984963 2
9950 14
9994546 8
60003339 6
2300 0
79995011 4
60004988 10
20000892 19
39992166 16
130002073 13
4090 8
69985184 19
20005302 10
39104568 10
904188 4
90989333 13
1229 3
3680 10
3431 10
58995291 11
120998443 16
19010706 11
10993403 12
39000179 9
19992383 19
40021155 16
9991606 2
47984819 19
82008214 17
10993913 2
2110 2
4320 13
3680 16
3790 12
48995525 6
3780 14
19991813 2
19994383 6
80005921 11
77993748 15
1000 3
12001080 9
29996949 8
10012956 13
19991633 12
4430 12
9310596 5
71680912 7
19998932 10
59009401 1
30999936 13
59003471 10
39984776 18
9007249 18
4229 6
10991913 7
40011125 9
4940 6
20984659 19
8002153 5
81009628 0
1000 3
3970 4
49988952 6
8998460 2
39994986 15
11011243 17
109995720 7
4390 12
10101525 1
19897804 6
18989216 14
11005573 10
995517 14
3890 11
3700 10
50996498 2
2340 3
17994600 11
140008109 18
31049 18
39958836 2
119995247 7
20012782 10
8992780 16
10995883 7
1170 3
20005763 1
10001326 2
79998531 14
1880 2
18991566 14
4280 11
3920 11
1000237 5
7420 18
2280 0
19985584 12
11729 19
19992303 12
70005555 11
109989400 6
8103752 13
111895235 10
8260 16
4010 15
1870 2
1020 3
39993135 12
19990443 19
100005974 1
4370 15
4030 14
1680 2
4339 14
2900 1
19980093 9
4280 19
1849 0
18992946 8
1011956 10
3940 17
3540 12
3500 12
2080 1
3790 11
20969920 8
3700 10
3870 19
48996965 16
69991794 11
5219 7
4260 7
80009581 16
7987963 17
5060 16
4370 16
31987463 18
100996050 12
4150 15
18998016 6
19998303 17
50012522 17
4029 6
3520 12
30981296 2
18997186 12
199998678 13
21002949 13
5770 6
3910 9
5070 18
28986103 17
30012990 4
3980 15
31981483 14
4200 12
3630 8
1690 0
4010 4
3900 12
3590 10
7979653 14
7530 19
4050 4
29998339 2
7170 12
3690 12
37975462 14
2011753 4
40003316 17
8991590 1
31010205 0
20985140 7
99001557 16
1040 3
1000946 11
79995031 9
19005646 2
1140 3
1010 3
3960 5
38990379 9
1010987 4
80989097 10
19006815 18
10008487 18
49993851 5
19994702 5
120009137 13
50988439 0
1130 3
4190 10
9996147 9
79000515 18
19995132 12
11300 11
3690 4
1960 1
39992156 19
4340 11
48986175 2
1190 3
41005182 7
40002956 9
29999900 19
4220 16
20993159 12
89005690 1
69996645 14
20000203 15
3610 6
4090 17
17983039 14
42006858 4
960 3
39990236 11
21001969 1
4190 13
40992752 7
1007787 5
7007587 16
4880 16
19995443 13
4830 5
3740 12
1840 0
4400 15
39985396 10
8092882 13
11892661 0
80011701 12
80005951 6
57984185 14
109997900 7
1230 3
1000 3
6499 18
63002589 10
4300 16
29005562 1
4040 6
99977484 11
18969 16
18980586 18
101012360 19
59983868 1
20190 16
19991903 11
1040 3
8993690 11
61993481 15
60005018 5
4140 5
3700 5
99987894 14
59014841 0
19991703 15
60003518 10
50002372 13
19999553 10
4090 11
109997990 7
39994565 18
4120 14
20002913 11
2200 2
10980043 18
59013441 16
4409 15
19991623 17
3810 7
8991480 9
1020 3
11012653 15
109994410 10
19997903 15
7994183 0
4880 18
11996949 13
4909 18
50003132 14
4840 19
3840 13
59992418 18
3880 9
39998836 5
20976049 12
79009774 4
139993579 1
33999295 1
15006190 6
10993853 4
15259 13
19986233 8
3979 8
3610 13
1000917 6
18997066 12
20997650 14
1251 3
59002331 2
6710 8
19994943 5
69997564 1
20993340 18
4030 5
6997906 18
121995020 9
21002659 5
4560 13
3980 13
99008207 4
5670 18
4470 4
59987458 5
3900 9
3320 10
39990375 14
130987499 8
2450 1
59012761 6
119990217 15
100003613 4
8230 8
79998641 11
7985154 4
11001573 6
21004740 0
4259 16
129991323 7
4249 10
4090 10
39987276 8
21006539 12
29010282 7
79989322 10
19992372 18
23810 8
3910 4
4570 14
59989388 5
1130 3
3950 13
19981513 2
4500 4
10007296 15
49979793 5
90004148 17
80013290 5
29982749 12
25590 1
19993183 10
1450 3
20983920 14
36996395 18
52021845 4
229991436 5
5270 14
4050 1
5600 8
39969686 5
6900 9
2910 2
80006261 15
5020 3
69982905 11
60006748 16
17983510 7
10012096 2
4640 9
72002538 15
28989732 14
51008598 6
45054698 4
34959122 14
19987982 11
20002703 2
20991090 16
3691 16
3670 14
66992825 10
32000383 13
20006083 0
2130 2
61989812 12
38008282 9
39996775 2
59997728 14
4000 15
19999563 18
18989436 7
2090 2
3780 7
999947 4
3770 4
3700 11
99993264 17
30991056 6
9019160 12
4310 6
2760 1
19975563 2
50006421 11
10991183 6
99002237 14
60012678 0
3780 6
3250 0
3640 6
3500 16
4120 4
3730 6
19960374 10
90000008 8
2231 0
41005132 9
4480 15
56986618 11
4000 10
3003420 7
39003219 8
7997924 12
5689 9
11997740 1
19990733 9
130005413 17
2691 1
40002506 14
3780 10
2090 3
3990 18
3890 14
39978216 12
20004963 15
20004963 12
139988349 1
4260 15
4480 16
40013125 5
19979873 10
3950 6
59991669 8
20002703 13
6370 6
20999959 16
38999619 10
21000140 11
19993083 15
3760 11
3520 9
4080 9
3730 6
4690 9
3960 7
48981315 1
4350 2
3910 14
4760 8
30981016 7
8010 4
21991086 14
7000437 19
139997519 16
4479 6
13591 12
8985910 14
51004029 10
4600 8
61988411 12
4240 12
3770 6
36991626 14
1007826 1
4780 19
9995536 18
19988453 11
9018189 8
11000863 13
39991006 19
30004899 8
39997456 2
120992193 8
39008489 16
127986979 18
4170 5
2290 3
2020033 4
4600 15
19983413 7
90984654 14
3960 5
3920 5
89003731 18
4390 18
3660 18
79989891 13
19996382 17
10002116 13
30008970 11
4151 16
19993112 10
27992576 18
1003017 5
4170 11
3960 5
3950 17
11980219 19
19004115 14
30002379 6
2829 3
59999638 10
69995614 17
79994651 19
40008425 4
90989753 1
5649 10
4340 16
9006480 14
4550 2
4280 19
4950 7
4380 11
3600 14
2220 3
3770 11
19955773 5
20015663 10
119987656 6
79996811 6
12820 13
59999098 18
19998162 4
19995472 4
5920 18
10003306 16
3800 12
3591 16
29977019 1
5600 9
7330 0
4049 13
1720 0
49981282 18
3540 1
39999135 15
39996275 17
20007923 1
70992121 14
19002787 8
4339 13
17992850 14
4020 8
2009653 19
20989059 16
8317899 6
10687627 18
19991903 19
21000479 14
39009109 4
59988999 16
4009 14
20010113 19
79986481 12
19999733 12
69008248 8
30997515 11
19099975 9
4120 15
3740 14
4290 5
41886010 13
19002026 19
4960 9
2320 3
3950 6
19989363 4
79999491 17
3760 17
9996556 18
10008076 17
19983344 4
140010938 14
20003803 4
2220 3
39994066 4
20994380 15
36995885 1
3939 16
4290 7
23991460 17
19007755 15
8999320 14
10006217 6
4271 5
19980782 2
80018370 4
19979913 9
21003059 18
29018812 13
99980533 10
20014612 6
20985830 9
1851 0
1771 0
4179 10
9007520 17
59984628 4
4460 15
4530 15
1980 1
19985333 0
1003527 17
17001803 10
2002523 15
20998849 5
4340 16
4090 14
38998769 9
1830 3
3710 17
19995703 12
49998142 17
4950 15
160986139 0
158995035 7
12310 19
4060 4
3890 19
49980342 16
2040 3
1009546 19
4500 19
118996210 9
169996148 6
11000283 6
39000529 7
20004472 14
101986918 0
17999980 10
20002522 6
7720 9
991726 2
5010 18
18097238 15
20912881 13
19990063 14
40004816 11
20000813 19
29999869 17
39987505 13
151008901 8
19992013 0
3980 16
4300 7
19990913 17
4160 15
1680 0
1990 1
9996436 14
31995393 17
3809 15
27006910 10
70991781 9
4240 14
46994312 19
1950 3
33002348 13
9010559 18
3970 7
4050 6
89987788 15
4100 12
20984330 6
19016256 2
5380 10
50976788 1
99003367 11
42000709 0
108005767 11
77989628 17
12008380 18
59991188 11
151000812 17
4420 17
18997746 8
5380 8
999297 19
4410 7
4019 7
4429 7
18989266 18
3890 18
40986382 11
3780 18
19008426 9
59998028 9
3950 5
9997386 10
19992613 17
4290 3
4110 11
3960 5
21983156 18
8005983 13
1790 1
4790 10
49990092 4
19993343 14
21005489 1
10002277 7
69005248 19
20001183 5
19998873 16
2120 3
9992426 11
8150 17
3360 17
49990742 8
2180 3
20001833 4
9095369 0
2040 0
2020 1
10898874 6
80001181 14
19990443 4
4080 7
7510 10
8992259 11
11008622 4
99999974 16
49992782 16
1960 3
3080 2
4810 4
39991825 0
8994470 18
11009993 15
19999273 12
2993699 10
47004181 8
4880 4
21987917 6
4760 4
4039 11
18095739 2
19900065 6
39991216 16
20005393 10
50006822 2
10000996 19
1230 3
39993935 2
3950 13
20000813 7
4050 12
8989450 17
11997520 9
6998817 16
32010302 8
19999403 6
4180 5
19996323 10
19199364 2
2150 3
796029 19
1200 3
19998073 6
8260 10
1680 3
1030 3
1750 0
4550 19
3950 14
3990 19
3909 10
19963294 6
9390 14
3569 14
129992002 15
7280 11
229995846 16
119991806 1
79994001 13
4150 6
1005706 19
38991789 14
11001003 1
3830 15
49000945 16
6410 2
19994433 0
5410 11
19993192 16
49995743 11
10680 12
2020 0
1920 0
1960 1
1080 3
5200 12
3960 12
59968709 9
8005533 14
12006429 13
150007425 15
992257 1
860 3
8992910 12
9998866 6
7830 16
19999923 12
20006863 19
19979793 8
9001430 12
2007414 1
49004465 11
79995682 12
61000645 10
18997136 17
70003715 13
4470 18
4180 11
4060 6
3940 6
4349 5
129981953 1
19097425 13
2170 0
20902401 10
120991893 12
18995596 19
7840 1
2180 1
4010 15
2100 0
4890 4
4509 4
3749 18
39969046 19
40009475 11
4449 13
19989843 5
6170 13
19994173 10
19998823 16
9998976 4
4120 18
4140 18
39996375 6
4200 8
19990352 1
79000474 6
6591 9
1390 3
4560 15
40997673 8
4009 13
19994173 14
6760 17
3910 5
4030 8
3980 8
3870 17
140967806 14
2490 0
249994659 4
8006673 4
51002668 7
20001883 5
3690 5
19999122 15
17985819 12
42013049 16
19998633 5
49998141 0
2820 2
4050 5
119991596 19
60996284 10
9008440 15
179997594 19
20001603 9
20005773 0
19979523 15
19006496 5
5000 17
52990942 14
4860 8
4220 4
3670 8
2120 2
8000313 10
29994499 4
38991969 7
61012205 18
20989569 7
78997654 11
11351 8
3829 9
19994313 5
19996813 1
3720 12
3950 16
69996504 13
19993063 8
4390 14
20989970 1
38004342 9
4990 9
996386 15
100008174 4
40991732 19
109002923 7
4100 19
8992020 15
11004983 16
7994333 2
162007935 10
29998289 1
20000052 2
19989813 9
3991 12
3680 12
20999430 0
128988996 7
20011122 4
60007588 8
19995243 12
39991006 1
20013702 1
3830 18
3940 17
9990346 7
10001646 9
18988686 19
2130 3
997827 6
20007323 16
8987440 0
4030 4
1010707 19
29997179 4
72984414 12
1970 1
18005810 15
5300 4
6549 10
4349 16
38986039 11
20006642 0
5270 0
3840 15
1600 3
229985576 18
4790 10
20990560 13
30002399 17
9004289 19
19996693 18
4720 8
59988128 9
80009211 15
18994446 9
1820 3
21995736 8
19008206 0
4120 11
3440 11
39983156 19
60008288 7
39991455 17
13830 10
60989035 5
97999930 17
41995549 18
39011299 4
79986902 4
60006048 19
39997585 0
80004441 15
20006353 5
19997712 9
3880 16
39996586 14
18987516 11
61009005 10
79995520 11
4100 5
1220 3
850 3
4070 14
3900 16
4090 17
3870 18
19976003 7
9002780 11
70997311 18
119997646 7
2490 2
60002888 16
4260 7
139992349 4
4350 5
999907 16
19994483 8
3910 8
177997131 10
3919 14
21994816 6
5390 4
179992884 11
79013634 15
80006191 14
6810 7
19983963 4
10001646 17
19989463 15
99997154 2
5009 10
57996975 18
82012694 0
4490 7
39978506 5
20015652 2
120983073 1
119017509 9
21988226 2
4000 12
38996319 6
3960 12
3940 13
38998448 14
3920 7
199984338 4
2491 3
59998658 8
10002776 18
4130 4
1002366 0
89002970 6
2240 3
239988342 14
10011486 0
39985046 15
5569 5
890 3
8920 14
299985281 18
8001763 2
2280 1
4140 18
52002525 6
2510 0
7988993 5
72005028 19
3040 1
2000 0
99997353 13
69993905 8
8996380 4
12005639 7
4020 13
38990839 9
8002963 6
93994804 15
98014830 10
9988097 11
49994971 18
20012143 2
1200 3
4190 7
80001430 19
19991692 17
49996052 19
50008862 14
59987968 4
80006831 17
4440 17
7988833 0
4170 10
12005970 11
129994373 12
50005202 17
79992801 11
59998248 6
100001373 11
20004063 12
4500 15
2340 2
28992043 1
30991286 0
14970 5
19997053 0
19993503 12
60005527 4
17991560 16
3900 11
2180 1
23997919 5
18993636 14
4109 12
999107 19
18001740 2
3860 11
8994700 1
31010966 10
2620 0
2190 1
40985932 19
19005626 13
8990340 8
3940 8
31010005 16
4680 10
4210 18
129980403 11
2390 3
1360 3
20000783 14
3859 11
5431 11
19983133 18
50019071 17
89980917 11
20006103 1
70006674 13
19986543 18
4200 9
60002108 16
39994026 14
60000798 5
15100 4
4460 11
110980277 16
19007426 8
3750 14
20985410 19
1750 2
149013178 10
1180 3
29996999 6
4080 13
39994916 0
4000 19
3880 18
4929 14
19985833 13
70005654 4
50006951 15
1700 3
18977386 5
1017896 15
5770 9
69972935 19
6110 7
1790 3
40000445 8
3920 8
3890 7
3840 13
3970 13
3790 14
69982665 6
4360 16
4329 10
4200 11
4209 13
3911 16
19975542 19
4720 11
8992120 14
4150 9
4570 4
9988247 8
999976 5
30000209 6
20010653 10
1190 3
19998052 5
4331 7
59993179 19
20001332 18
3840 19
19993013 2
32990339 9
7005156 0
2151 0
100004473 15
39995646 4
995077 0
3760 6
149003439 13
2349 2
19995942 1
50000242 1
6200 15
68989828 13
1006757 5
4220 14
59994739 0
39100387 10
20899871 12
59997578 10
20993509 16
18000510 1
91008543 13
29992709 18
20008252 0
1150 3
19999913 19
39996685 16
47992869 11
4700 14
141993782 17
60011708 11
6930 11
3790 11
99982744 17
100003463 14
169997038 5
77992428 4
12008769 8
3820 10
4000 14
7988253 19
12000430 6
21005279 17
4260 18
39005779 0
59981878 8
9999147 6
10012566 17
20008113 19
49986732 17
20002013 16
1995173 12
1130 3
3800 4
17989680 1
20002772 11
10005027 7
1270 3
3810 10
1030 3
120988373 15
2260 0
3610 18
1630 0
3640 10
989166 14
18003630 15
4110 11
2290 3
4000 16
3531 8
4020 6
3780 4
2540 2
4080 14
159971372 1
212990184 10
4239 10
17001162 2
1160 3
5169 17
4030 19
3970 16
21983037 15
28003335 1
80010451 6
39986026 19
1031 3
10809 14
19988433 4
20001693 17
20008582 2
19997493 5
97992340 7
4250 9
12006630 13
79998591 15
4100 19
129997572 18
139997759 9
7030 9
19982623 0
7980 14
21993196 15
38011852 17
8988130 9
51000288 12
89995427 1
4390 16
58990932 8
1110 3
1006667 14
109001143 5
1480 3
104879 8
3990 10
3780 19
80884769 2
2820 2
8470 14
200985624 13
1940 2
37996992 10
3990 16
3920 10
3680 16
989657 0
1960 0
210002923 17
49997541 14
2209 3
10770 7
4420 4
19986413 2
20996020 4
1651 2
68991347 11
80008311 5
2230 0
19999673 4
5340 0
3910 17
19992192 13
39989305 2
20130 15
3770 18
17977029 1
3830 19
996377 15
3820 11
71014001 12
1890 0
80974718 14
4730 16
29003763 15
39997045 15
130007572 5
40000675 7
4200 9
120991003 10
10997473 16
8004213 9
20000163 17
138992232 11
51012889 0
99998074 17
970 3
59990398 6
69998715 7
169999759 4
5471 16
4089 16
3540 16
3940 5
18987146 15
4960 4
1929 2
989886 18
21000650 8
38995629 12
40004286 1
81995994 5
18010969 10
19994703 2
150005425 6
4890 0
70001655 15
4690 19
69989005 13
19999863 6
4499 4
18988146 11
1011926 6
2989770 11
4200 18
37000126 17
80000551 9
40000175 0
4060 11
7988843 10
31999872 19
19998883 17
20004323 7
49995191 17
80007530 18
79996411 19
20000343 14
19996623 7
29997648 10
17589 11
40000576 13
19987443 14
89999587 0
4350 11
2310 3
4311 12
28989022 8
11004523 10
30001709 18
20006443 6
109978800 16
40006625 16
20002213 11
8995690 16
101004950 19
28998182 16
316566 7
30678900 10
9000220 4
1008416 13
1450 3
10991563 7
9010750 17
3810 16
3430 10
4049 14
19991983 15
3960 14
39988396 0
4520 12
8991479 13
11005493 16
19998963 14
109998970 0
20001183 2
39998045 19
40000876 2
4089 18
2160 2
40000096 14
109982580 19
14210 13
3919 6
89986437 4
4020 10
4040 11
9999236 6
49990872 9
5520 14
99991243 0
18240 10
4100 12
7980374 5
1030 3
4280 14
10996993 18
4111 17
1013837 16
9988666 7
5889 5
89998437 12
37984393 19
4090 4
1760 2
82008424 17
119997486 6
4650 13
8093012 0
3730 6
41888400 8
8995699 6
11009582 19
19999592 6
2110 0
99993853 7
30002990 13
996876 13
9999027 11
7999603 0
11003713 7
4330 0
22992912 7
7011517 8
19985742 10
10017847 10
29989649 8
30011679 1
19993052 12
78995195 0
11996320 8
5280 9
38999079 16
20000473 5
2110 1
1620 1
19998003 11
19992432 18
40016065 16
4270 10
9991357 17
29990089 18
68994088 8
9002719 15
4060 18
1780 1
32994228 16
5209 13
9995047 19
3710 14
9002790 6
111991544 18
4120 19
48006478 7
119984726 8
10012306 8
2140 1
3580 8
49982592 0
10005096 8
110010049 4
5480 4
19994213 16
90001317 6
4190 14
4840 13
19996453 1
19988633 18
18994586 14
3940 14
4110 18
41991679 0
9000659 5
1300 3
3760 5
3820 10
3960 11
9993586 6
40987081 19
1031 3
11003842 6
28003795 7
1090 3
3820 7
3930 8
3610 9
1190 3
900 3
3690 8
3310 8
3840 5
39966266 19
19999232 16
60015928 15
39985006 19
21000309 18
17994440 18
1980 2
1220 3
10003196 13
3760 9
1030 3
3950 13
131992256 8
19004246 5
20001502 10
10009407 18
59999178 0
39988275 15
120005656 0
8500 12
3950 5
3420 5
3970 19
7973224 14
6020 12
980 3
3611 19
11993369 7
137992156 0
22002556 16
5360 11
4330 8
3991446 9
3880 9
96990524 4
8003083 18
41006642 5
19998323 2
49998961 15
20003413 10
6070 12
109989880 17
4160 16
60989944 7
18005069 0
21003599 6
179995595 11
4540 9
2231 1
1869 1
3991 19
29997968 5
70990220 15
2560 1
3140 1
189001705 17
139988258 7
3980 10
5799 13
90991584 2
9010030 13
4520 4
89986527 16
20003713 18
3920 10
78990824 1
1015266 14
60987215 16
4730 12
1970 2
5170 15
19986303 16
26994609 2
3250 0
12006349 13
1229 3
10001187 5
1870 2
69989964 4
998867 12
4350 17
3880 14
2020 0
4850 12
168982331 7
8790 12
9099729 7
4029 16
150895424 14
80004470 19
4109 9
39993025 8
994037 7
19005146 14
80003200 9
219985379 8
3880 8
58999231 11
4720 19
1220 3
42000949 16
68998738 11
4480 11
30995766 2
39007988 0
9986387 10
10006516 14
59995808 11
79996721 5
40005285 9
60000358 19
50007342 7
59989528 18
4150 10
20008523 12
8990839 6
11003442 15
1980 2
29992048 15
4109 15
4100 18
10991764 8
16997803 13
1000157 8
42000009 6
19009756 9
90991393 16
9011149 6
67984741 13
2008194 14
119999946 5
4720 8
160984318 19
69012808 10
19991093 12
19997562 17
20011013 15
3810 10
3380 14
19994502 2
17986760 1
173005278 13
179007597 8
59999068 4
18990996 2
4239 14
1007387 16
19985973 2
20013682 19
3980 18
1280 3
4780 4
3660 17
2190 2
3610 9
4370 12
30963046 1
38000782 15
3950 17
31002446 16
87999574 9
13001896 14
38993869 5
70009644 5
89997177 12
1991393 17
4491 8
1109 3
157999418 5
1060 3
995056 9
9011200 8
930 3
3590 16
19977013 4
3810 18
4440 10
130004452 15
142990609 4
4470 4
77995978 9
39997775 2
12680 18
4280 18
4040 15
17984169 8
3380 2
3910 6
2200 1
3980 6
992467 7
40000355 2
20990350 2
4140 15
119010489 19
119985326 0
1009547 12
38998799 7
3980 6
19993432 18
89999267 6
4100 13
20005323 12
19992203 18
9995576 14
6040 17
29995199 6
18998456 6
1010067 0
2310 1
7987643 14
3800 18
51990605 13
8530 17
157993998 16
4390 5
42005679 1
40990302 8
29001712 17
17996980 17
2130 3
3760 18
109990449 10
7931 15
1889 3
21996055 2
20006203 19
19996013 10
4440 9
20005712 17
19985533 17
40008346 6
20003322 4
19997963 1
69998504 12
4550 12
49995022 16
20006352 18
49984792 17
14780 19
32985910 2
8004484 8
4699 5
5320 5
18988856 19
21004229 8
3930 19
2996650 6
104993597 1
1011727 16
60002428 12
4310 14
4230 8
19984823 7
7991203 8
4320 14
4500 16
3979 12
4140 18
2511 1
222978020 5
58995302 0
9050 8
97991290 5
2013483 5
20988909 13
10001296 10
18997456 15
3970 14
30997106 1
4710 5
9003179 17
6080 2
3660 8
19994913 15
40983732 7
39005309 0
50002841 9
2349 3
60002698 19
19988603 17
40001436 18
16390 7
69983305 14
20008383 10
5040 19
19995963 10
19997503 8
120004276 6
4370 14
28986913 12
10001076 0
4140 5
51006368 4
4060 16
100996940 10
58986292 9
4130 5
996456 13
59012782 6
19988882 9
20002443 12
70007204 8
4019 9
40988803 1
7994033 6
10004096 18
4080 4
201994020 17
39004089 6
4040 19
19986823 5
7840 11
31001256 15
37994362 14
8999810 17
3960 16
22992643 2
9017969 15
3720 17
20981580 14
19005446 5
37993202 10
72015287 16
59986519 15
13040 19
2330 0
19990853 16
3860 16
28989793 6
10998893 2
20004222 4
3850 9
1100 3
69999885 12
4570 15
4349 5
20990170 4
79993561 12
57996585 11
180998090 14
62017191 18
27982895 14
29007432 2
2530 0
3720 19
30991376 16
2040 3
49988592 15
13260 6
180994861 5
4100 8
4270 12
4320 17
4370 6
4180 17
18974416 11
6140 5
4310 6
8000473 19
51994775 9
69997094 19
2001404 11
97000113 1
21998726 5
199006290 13
19998173 16
40001235 10
100008593 19
19996802 6
4220 2
2240 2
100975581 11
119021329 8
18987586 13
71002591 5
20008363 0
39981886 8
19999362 6
40001966 10
39004578 8
4580 7
200993914 9
10010706 13
29984349 15
13890 13
3770 8
4510 5
40979972 4
4060 6
58991212 7
8010922 19
4131 4
51997765 0
138988192 1
1330 3
4620 1
1010 3
1012636 14
29995489 19
992607 18
1210 3
2110 1
3720 1
4100 11
27986756 17
4140 17
71009021 5
20002422 16
19987703 2
3980 2
5150 2
1640 0
80983498 6
4209 16
78995534 1
10730 19
9080 5
3700 19
19986302 12
10006237 15
8440 4
19973213 0
1349 3
20009733 6
9991216 6
41019082 7
48979485 11
20010293 19
950 3
19989523 12
1070 3
61001045 1
4369 10
89005031 19
98988667 2
1009736 16
5110 0
169987058 5
4560 4
992387 5
19008566 1
37994282 10
41997259 5
3670 10
998006 15
3600 15
19000976 8
20992880 2
2930 0
19007436 15
90000787 13
19999212 0
20002303 16
49996332 9
3940 8
20003463 7
80983697 13
38999209 4
3819 17
20000083 2
3830 15
3860 10
60993115 4
118998560 5
40000506 18
20007733 0
40002516 5
4350 12
79984681 5
20007032 11
31991173 9
4100 9
88003544 6
77989598 14
92016230 19
4160 9
59979228 17
60012008 6
19989063 6
4360 7
3940 16
8994830 2
3600 10
3490 10
10999392 19
71000542 13
39001028 18
49998322 14
39998816 11
20000623 15
69992185 12
4240 8
130002603 2
4980 8
1720 0
7986883 12
112009513 1
20000523 17
2900 1
19992442 16
5499 14
2070 0
2950 2
3910 12
5440 14
17973410 16
4420 7
2005193 15
4130 12
8991610 4
4080 13
4700 12
1730 2
1840 0
3840 9
30971016 8
59001931 0
1001397 6
20010332 0
4300 11
4290 6
3890 9
39982136 1
40006395 9
79989141 17
40005595 0
19990693 13
20006162 19
4089 16
993757 17
87998294 19
1060 3
31009735 17
40988283 13
37999003 10
3950 13
11013573 1
2620 1
3811 17
19987053 11
140002289 8
57986135 4
1970 1
4680 7
1670 1
12995736 14
3330 1
28998173 8
1999794 2
68004591 7
1001256 7
2460 3
4939 11
6985937 10
52005925 19
29999939 15
27989676 2
62009561 5
40995992 0
4550 7
179992044 12
10998713 18
8016943 2
19999833 14
3900 10
4080 7
29980189 11
9000429 15
3911 13
3669 18
4030 13
996537 14
130988769 16
79001424 6
4160 4
4119 4
3960 4
19992273 10
6070 11
19986543 5
4440 13
7992713 6
3930 18
12010529 13
158985265 8
1006387 15
50998288 16
4250 15
98997277 18
19999333 17
3680 18
7310 10
39987475 4
12997586 19
186998481 5
20009232 15
110990756 8
138000236 0
50999389 1
19999862 11
20005172 18
100007563 14
4510 14
18982817 4
131007698 18
4420 17
62992429 7
15203736 14
5250 11
4980 14
1784606 7
79995201 1
1130 3
60014798 2
19986293 10
78000637 8
212006597 7
3711 13
18989127 16
21014389 13
59991688 2
10994773 7
4590 4
39006748 17
130986229 2
19003686 16
7997403 13
62012111 11
59993668 1
40000715 14
59997338 8
170005047 6
9995297 0
4450 15
119989596 9
16630 9
59985218 1
21002629 18
4140 15
59004512 5
1100 3
1800 2
70198632 16
5720 15
90781677 13
4480 7
9017249 0
70974972 12
4900 11
3710 7
57991995 0
50999479 2
79000945 16
4060 18
4360 8
3660 18
60985375 12
141008086 0
49000685 11
9992846 10
22000096 11
89005970 13
18014459 5
979937 8
4371 5
100196650 0
2230 3
19795045 1
40011076 14
109991169 4
51002349 2
19991973 14
99003107 1
21001190 12
28001216 7
4129 17
161002299 2
119996667 17
79998751 13
11001443 18
39000139 9
3780 8
190003980 1
17680 1
9163488 13
10814015 17
50000152 7
5120 14
19996923 1
4300 13
4300 5
3910 19
39975386 11
9110608 15
4200 17
4140 9
9882128 11
1007357 2
69989604 4
29007872 5
4190 14
70993821 18
3470 2
40003105 0
17993070 19
999886 6
4100 15
3860 19
30987497 1
60000747 14
40007016 2
139997309 16
50013641 13
59989418 19
5380 9
3480 15
12157798 11
117835896 7
4200 13
4079 13
20099192 2
2870 3
20882420 5
8106851 14
903578 12
59985958 4
40002346 2
20007862 9
20001653 10
189995800 2
180006224 10
993297 11
19003146 4
1790 3
59997888 17
100000973 5
8096201 16
11907571 13
19992123 19
995856 5
18210737 7
4250 15
80785550 0
140004759 17
10000026 18
10997043 8
19998293 14
1920 1
3910 14
19988743 13
4290 17
3709 7
4060 7
3880 10
18987126 9
20007492 11
221989613 19
8008863 8
6170 13
19993653 17
2410 3
20992229 19
3990 8
4210 11
1900 2
129002966 12
109995270 6
49994841 18
3840 15
19995103 8
18995816 11
71010601 1
41003652 14
4150 6
168984701 8
20996759 9
18999255 11
998946 7
3420 7
7998233 14
11011563 13
39994825 11
19988613 4
1210 3
20004503 15
4330 5
3840 6
2060 2
3640 15
19987803 4
9540 7
1860 2
7985364 6
72997694 18
3720 14
940 3
3830 15
9009559 6
71981838 17
58003055 18
4550 14
998986 12
8994380 10
79995391 17
4520 17
80004081 19
10001386 8
20993099 12
20999100 4
8011723 9
19993533 11
9990 17
19999583 14
3370 17
19984773 13
20017792 19
99976884 16
4130 18
4110 10
3840 10
4130 11
8989779 14
118994930 6
3900 8
1040 3
2009753 13
3820 13
3360 13
98082039 16
4550 5
891828 14
21001529 13
3890 6
19995483 18
110008600 0
7992544 16
4190 8
3720 8
2420 0
3960 18
12978517 6
9021440 12
3720 14
19978044 4
1009 3
12170 16
19985343 9
8300 14
9997246 17
8010 8
3580 18
3550 8
1610 1
3570 18
7979833 6
3850 7
12002370 2
6430 4
3620 9
19982703 8
13929 4
9987157 13
2270 3
30008139 12
4110 7
19983333 8
3400 17
3870 18
8209 14
4240 19
3631 4
129979952 10
4670 11
98989387 18
5100 14
41006712 16
41990669 1
8006693 16
1180 3
29991079 8
90998214 18
259011378 10
4430 18
3740 12
119977766 14
80005571 19
12740 12
3790 13
119989766 19
4690 17
20987330 12
119011620 1
69987984 18
61001505 19
2340 0
49003645 7
1100 3
19989612 16
70016084 0
29986809 6
1360 3
7200 19
39995565 0
19993833 10
100019733 15
18981926 12
2700 2
1006427 8
9997476 14
20990510 0
3990 14
4870 18
99002506 16
7990424 12
32006792 17
61000855 11
38989529 1
20007733 17
39995035 1
20012323 4
3969 11
69989835 16
3870 2
140995865 0
3080 1
2680 1
3880 4
4780 11
4200 12
17968260 7
4390 12
4150 7
4140 13
3640 7
3900 7
30993466 19
59999458 8
197188 9
29801121 16
20003123 15
19998573 15
4020 14
79997060 5
49992482 15
20007753 17
71991598 10
38018982 9
1450 3
139977569 15
40011715 9
19997953 18
4160 5
3820 15
3570 19
19987773 1
18995126 16
1220 3
995427 8
61002284 10
29997430 4
159006364 5
2640 2
3580 10
160002271 6
19991983 6
7990243 1
4010 19
1580 2
2590 2
1570 1
3770 19
11997100 14
3650 11
79990620 18
19992713 10
6900 2
40998652 12
38999489 1
89152328 17
30851848 2
4100 15
19096024 14
4840 18
3310 15
1892425 2
39993976 12
39007048 0
4070 14
20001643 19
18990226 7
3020 3
1006326 14
60003357 0
19994283 6
4270 17
1960 2
29995809 8
4500 8
5740 6
29980039 2
19997733 9
59999558 5
20013733 10
59995567 15
49991721 5
10360 17
29990019 19
21005130 18
28990193 1
1640 3
4420 6
110005120 12
49995571 18
180003494 5
5140 18
1170 3
4080 6
7983433 1
150999062 0
1250 3
4130 13
4620 14
4330 4
30993525 1
18986456 0
61013524 6
139999809 5
20000443 15
2239 3
39983866 10
40011186 2
1320 3
38991918 13
1005347 8
11998099 11
4080 6
3970 14
3940 11
3730 13
7983533 19
1869 0
3780 17
19988423 6
20004183 13
4280 13
70003914 1
20986860 15
4540 9
77995477 4
1016896 6
9093439 13
30896147 8
10005616 15
3860 16
3810 15
19984883 6
19995693 11
13011 5
4059 6
19987483 10
3840 9
3980 16
20992530 4
5460 18
78990113 5
39995345 14
60012328 0
59998938 15
69994474 0
10002597 19
6771 12
8993999 7
11002693 2
59997968 0
7420 18
29998049 11
199984887 4
20001903 4
40993062 15
2640 0
6180 17
2170 2
29995789 6
4739 10
39003968 8
4660 3
40001385 1
19986803 10
20994810 5
18003789 19
4940 11
31006746 5
3989 15
10161995 16
1899 1
19827306 6
58989111 8
4240 14
51994365 1
4280 7
4400 5
18997496 10
80010261 8
99996343 12
19989263 10
9005469 12
80993308 6
20012092 1
3910 17
29994679 11
4340 12
9999037 8
3519 8
38984288 15
4489 8
1104845 6
3440 3
14890860 17
15009349 11
19998693 9
3819 11
3851 7
6869 19
8971009 17
4240 7
11004273 8
20001253 4
5750 7
20983970 10
3959 18
2010 2
7998633 9
10001116 16
61007814 8
20000393 7
1850 1
4660 5
19992563 15
17990079 12
3880 16
31991853 4
60012897 18
40003876 6
59985348 18
169999958 15
20003083 18
7000 18
89996047 14
4060 3
2330 2
7030 19
239990342 6
39988145 8
11620 14
19994713 16
21001710 0
109003912 10
78986295 2
2469 1
5249 4
50994169 12
40008715 14
39992375 0
60006978 11
10510 6
39987246 9
49996971 8
1999213 0
4360 7
8006153 12
129999772 11
60005458 2
4230 6
39986546 2
21012050 13
18981166 7
4410 5
3580 17
28991732 8
3970 8
11013263 10
4000 16
58971812 11
1870 2
2007303 7
6780 10
78999854 5
39989555 11
6590 15
80001091 8
19995293 2
79994010 12
4320 18
4810 18
20992010 0
39000818 1
1009117 19
19993142 4
3969 5
139005902 17
1800 1
2470 1
29985249 9
2880 3
30006979 18
5570 10
119988877 2
4209 14
5529 1
19989893 16
3910 9
40000075 15
30003030 12
4030 12
80984818 19
7000966 4
4040 6
71995948 19
20002173 7
40002575 6
20002323 13
19998993 9
58991952 5
41007752 13
6119 12
19980853 8
40002506 8
2360 1
4429 16
7997873 7
12006329 2
40129964 5
19869744 19
20000723 2
2870 3
2000 2
99992353 8
79999451 14
2050 0
9994156 17
1910 2
1820 2
2070 1
2430 3
3410 17
79982651 8
20008042 18
20003063 7
109996990 14
4240 11
4130 8
4170 8
59978968 12
100014973 14
3880 11
5060 19
139978029 7
20007872 9
2410 2
2360 1
39991026 8
7240 5
28992702 13
2550 3
980 3
2000 0
30997616 17
3410 0
4240 15
79995780 8
9991287 7
8250 8
59992628 13
20000342 15
1600 3
4251 7
4259 15
19993933 8
19992133 2
4080 11
3880 5
3700 7
240988439 10
4220 15
3959 9
18993837 14
9997087 19
18060 15
50982638 14
39008289 15
39997365 2
19989143 8
20007803 9
4389 18
19985922 4
13530 14
1930 0
19993193 2
70009564 6
3670 5
3600 6
3740 5
49972782 9
70001514 11
4470 11
3930 6
994817 5
19006086 6
19999962 11
18990197 4
1980 2
238997236 9
32003172 9
30017559 4
3940 15
79986081 16
8995250 10
51003269 1
8989049 14
10002486 7
2930 3
39998595 9
11007623 5
8580 0
139988629 5
37992342 12
3005160 0
2090 0
19011365 14
49987572 10
4169 4
19999453 0
19996403 19
19999232 1
20007813 9
3610 12
19982513 9
20179530 10
38819241 9
2150 2
1014317 18
3960 18
3689 8
130983419 4
19001326 2
1629 2
7993244 16
1150 3
4230 9
12996406 15
99005756 5
8989720 8
12002090 16
8000143 5
11007363 14
4290 18
9987706 6
12250 12
3770 9
4250 10
27976326 2
1003597 9
40994242 4
4620 6
3980 4
20000912 10
3960 16
48989195 10
1280 3
4000 7
21006930 18
4591 18
88985741 17
22000166 16
9003440 13
1000 3
19998773 4
998657 18
4420 6
8993220 8
5889 18
109997010 0
3840 13
131992846 9
6002379 18
4009 14
2019333 4
109981410 19
4229 13
7987194 17
4849 4
50996829 7
996947 11
2609 3
20006753 0
20002413 4
59991898 2
3630 7
4200 19
29991929 18
9998406 9
1920 3
10003337 18
60006738 8
59991438 16
1769 3
80001751 5
100001663 15
20996430 14
9003469 17
7992323 11
2489 2
3971 6
12000300 0
19985723 1
12120 7
57992514 9
4289 18
12002009 7
60008278 5
19995043 6
10992133 6
69011787 12
8990340 0
71000821 7
89995237 17
3004540 18
16997743 7
40997922 15
3650 11
18995226 10
20009302 1
40989842 7
7998343 9
325855 14
3980 9
68671872 7
83002650 15
39008158 0
6070 14
2790 3
4910 16
21975806 11
4060 11
5996490 19
72181285 0
79827783 1
3770 8
60988325 14
7001386 19
32004932 1
3731 8
19989322 9
40004066 0
8071023 14
61924802 8
19000266 16
11014373 0
20000432 12
19999503 8
57988185 13
52192052 10
139817771 1
119983187 0
2111 3
20007752 19
20002233 17
3980 6
1150 3
19998562 16
117981843 9
2390 1
82007874 14
60001138 0
39999735 9
20003813 18
4200 17
60984374 16
19001067 8
1030 3
119999536 5
14420 18
3949 12
100001134 7
2240 0
9293055 15
10695337 4
69997325 10
100003003 17
39996715 1
3969 8
150001024 17
4220 5
4100 9
3920 6
2080 1
4020 17
19977683 14
20989660 10
49005174 19
1130 3
89991317 8
20005162 2
7120 5
119986436 13
310004856 0
50005272 2
9500 15
5120 15
39985365 18
8080 14
3360 6
3910 14
3700 13
3530 13
3970 5
3500 12
3750 5
3600 14
1880 1
129952043 11
12720 19
120986742 11
8004153 7
12000430 13
1860 1
39995465 5
39009979 12
169990157 14
2369 3
2550 1
39998206 2
20004312 10
19996323 12
2070 1
10995003 9
3600 11
29996339 15
3760 13
1240 3
59001731 10
40001265 19
100984540 6
248999811 7
41002282 13
19009516 8
991397 10
18000929 2
4040 9
161001408 13
4470 19
70015344 4
99978884 15
2180 2
3830 8
17987559 0
12004420 1
28993282 2
1003597 11
1960 0
3860 19
29993109 5
20003323 7
50008241 15
59986138 6
20012583 4
4149 5
988777 16
4760 2
58999892 15
8995939 4
91004104 7
59993668 7
60006828 9
1360 3
4000 12
99987413 8
60005878 0
10999213 6
39991545 10
149007758 16
6910 6
110994347 10
57992765 14
2190 1
88996210 17
13004416 19
4560 4
19002656 7
29991609 19
50004082 7
99992573 16
20013163 14
4179 15
19990904 16
21995106 13
118998629 18
69997774 11
40000305 10
59010111 17
2660 2
20001282 8
59984498 12
40002536 5
5280 15
40997632 1
59002351 15
4860 9
4230 6
7300 16
3870 8
9989026 19
9994936 16
4129 12
3860 9
39985756 18
4400 5
17162240 19
12838299 1
2900 3
1790 3
39998295 19
4000 18
3870 19
28979563 14
61009454 6
6210 6
29989139 18
3130 0
2270 2
39991745 6
17997969 12
2020 2
12008519 17
3930 19
20985120 4
39998475 10
3980 19
3300 18
4250 10
59991658 14
4970 6
3520 8
98990207 7
1130 3
40005725 7
930 3
109991650 11
67998141 0
3007600 8
59994469 19
4171 14
4080 18
4980 7
3940 7
18990937 12
4080 4
4020 14
19995553 0
3850 12
29994409 2
4040 5
180090843 12
1100 3
4440 18
4240 4
2189 1
19887645 14
49001765 6
7531 16
4171 6
4600 7
4340 6
88968661 10
32004072 18
60004588 7
4170 6
1960 2
59984808 13
20205200 12
8080 16
4100 15
4200 8
19792356 5
38988059 17
1002117 11
10006706 17
20004613 16
4420 17
59983798 8
20010383 17
5050 17
4050 4
3960 17
3040 3
19974273 6
4670 15
19994093 12
39998515 19
20007763 9
17991779 8
110000830 13
2015453 15
129998312 19
150001555 18
4120 14
199985027 6
60994294 17
20000453 16
19999273 1
79010723 4
59994589 17
9998986 4
2670 1
6050 16
10985463 14
20007652 10
29011863 9
208983256 7
2020 1
1003807 2
20005052 8
19988973 11
20004693 18
59999678 17
20004382 7
3680 13
2030 0
70984572 18
19006676 0
2200 3
80003941 16
20985279 4
4520 4
21996206 9
7016986 5
28983242 16
4060 13
101013730 7
2410 1
50000831 6
982567 1
2090 1
7190 6
18990126 0
41995259 7
7003176 18
3780 17
10992763 12
60008828 15
3280 1
20007122 17
4189 11
39988405 2
17987210 12
82000763 18
8660 2
19991213 16
920 3
18137858 8
11873922 17
1070 3
19983873 15
7810 18
3890 10
4000 8
2109 3
39993796 14
30191406 10
19808136 14
4909 11
109985899 6
20012493 0
20986869 11
5020 6
3450 19
3550 8
3670 10
18995186 11
20996359 19
26993599 11
12010450 15
219989409 6
20999960 1
19008316 8
20006472 15
4000 16
19990953 19
3690 1
5850 6
29980289 12
20006833 1
27989886 9
92009850 13
20991440 17
4050 9
19000936 4
160006401 18
3960 12
21984146 17
18008179 0
4120 10
2110 2
3770 9
4130 13
1980 1
58975762 6
1010766 8
4030 8
4150 19
3840 9
59980658 18
2000 0
4090 11
3880 10
100001953 8
4660 8
3770 8
8976740 13
111010216 15
79997341 9
39999085 16
18994296 1
4200 15
3850 18
3900 13
30998196 9
3960 18
99980843 14
20014613 9
19992613 1
19997323 17
7210 6
2510 3
1880 2
4510 10
19987523 12
60000758 8
4580 6
10140 15
120976754 1
3980 7
159009395 16
99993023 1
1110 3
10430 13
8986460 19
9999286 16
1004617 2
2080 0
40991352 10
19139184 19
13260 13
7848965 5
2018453 7
4260 17
6850 7
29073861 6
119895427 0
21011308 5
1993913 6
1180 3
3870 12
3490 12
17996109 1
11987810 4
7003376 17
1998504 1
109009402 13
19993412 12
20006783 10
59997008 14
47994548 1
4830 7
3960 11
3870 11
43166923 14
2270 2
4390 8
38814281 6
40006765 12
39990746 7
10998233 16
3910 11
9004879 12
3960 12
39997776 19
59994658 2
77993167 14
4020 8
32003712 18
77990568 9
4380 15
22006916 12
3429 9
3790 19
19992913 10
3900 18
59994448 14
3880 14
3770 19
19991243 6
69992874 17
2400 3
19995883 15
5710 7
79999361 4
4410 17
2040 0
10001816 5
39998595 10
2330 3
9993386 15
20996299 2
9000890 2
20001493 9
40007745 8
19997253 0
69999884 13
19996283 2
70993771 5
4060 5
39003708 11
170001088 17
19993302 10
2749 3
40005875 16
4160 14
59996648 19
990456 8
19001627 2
10006666 18
10003636 8
18987136 10
170999674 14
90011947 11
39986345 5
10001287 7
19002046 1
31005195 7
59992618 7
10050 5
4850 17
40995312 13
19992973 5
99001416 15
1060 3
3891 8
3629 8
3500 8
3770 8
19978573 6
1470 3
40005235 1
17992629 9
4890 6
41992949 17
4120 17
8859 5
119988697 15
20011532 16
38987319 6
1001057 0
50011841 9
31987582 0
11006043 11
4350 17
3990 11
207987240 10
2200 2
9007959 10
19995273 15
2410 3
19999693 16
79990950 17
61005834 10
9002739 7
19994932 0
50998139 16
1080 3
78997344 0
20007133 5
60007488 1
19998383 15
4630 7
39993185 16
240989219 11
79007103 18
80002951 15
39996465 18
80005291 9
20000062 0
119997016 11
77987997 0
92010910 0
10991583 6
3990 4
2220 2
17994359 9
4040 9
61004585 2
4110 10
19990823 13
7997663 13
5109 13
4331 19
3731 19
29983320 6
6190 1
11999069 15
10000687 6
10000157 12
20008732 4
80989018 17
89003090 12
19991223 17
20005092 5
40008276 2
4031 13
59994678 0
4500 5
61082254 19
28916033 4
19993963 19
78990974 17
4170 5
1012127 7
49986161 14
12680 11
2140 2
3490 14
3960 16
4070 5
4140 5
3330 5
69973554 15
19991993 0
4370 7
19998173 16
7950 4
1800 0
990237 9
49001236 1
20004523 7
60001878 9
39986696 8
119004420 10
5230 17
1071 3
3620 7
10996353 15
49993092 9
120004786 12
4130 11
130986309 7
39005529 15
4000 17
4029 15
79992451 10
40003266 15
19996653 14
5870 18
119999116 6
60995765 13
6993956 2
3150 0
12006559 4
89997206 15
19998553 13
2490 1
80990277 15
20013062 19
4280 14
4720 6
9984196 5
17994410 14
4180 11
2006503 1
28991262 10
20007893 8
1780 2
1630 2
1670 2
109993430 14
4489 16
119991336 19
4189 5
19997782 10
2070 3
19999063 17
18994186 10
61005294 9
19998453 5
5940 16
147985212 4
2120 1
4050 4
5020 7
4440 12
61984631 11
1000 3
2890 1
40012965 4
9999516 6
49981082 14
180017104 13
30986155 11
4049 16
17999860 11
10995403 6
70005634 9
19998483 10
80008790 8
6320 8
1040 3
19977403 5
20012192 7
9700 9
19989282 13
150001655 0
4100 8
20004322 10
19988362 12
20002922 14
2240 1
4710 7
3770 10
159984211 11
1003447 0
179004757 17
3710 10
10106525 6
179873055 15
4110 16
5510 5
4080 17
20994790 1
69000027 0
100000943 5
19999333 17
90007567 8
2290 3
188984664 12
61008265 18
70001074 14
3890 8
3920 6
88977791 16
4100 4
3451 2
20995040 7
2650 0
4110 8
79996380 18
4470 15
998667 12
4270 11
18999626 7
996077 5
7997753 2
31012915 12
59988358 4
80005711 15
7990733 8
82009394 19
6840 8
30000128 17
42982495 8
17000573 18
2159 1
40203132 6
2320 3
4340 15
5090 17
149792698 9
994687 5
76994931 2
12009420 10
1091 3
69988085 11
18997766 5
71012901 0
9997906 15
147988852 12
4670 7
2011333 19
19999292 8
19984922 0
20010343 5
40002795 16
4240 4
59985968 14
20998980 13
19000986 15
20008652 17
9991026 18
50000252 8
1004916 9
19005475 12
40002676 16
19995602 17
4000 19
39988345 5
7910 15
4060 4
4080 15
19986962 11
20000412 4
1078686 10
18919617 12
1180 3
19993823 9
