97699 2
50440 2
43189 6
49159 3
54789 6
53269 5
75359 4
66969 6
72000 0
52769 5
60560 6
64130 7
59899 5
61669 0
69560 1
68810 5
64039 6
56199 0
59509 5
60180 2
56279 6
58469 2
49670 2
55669 5
65529 0
60529 0
50159 7
51220 0
59570 3
56129 4
58750 7
57619 4
52929 0
64129 4
64209 3
69759 4
64639 7
60489 7
64290 0
63179 4
52119 2
55890 2
53399 0
55349 2
69179 4
70019 7
65699 5
65369 5
60029 4
62789 4
47209 0
53209 5
59629 5
58239 1
58880 4
60270 0
62949 2
59349 0
64390 5
67160 0
50279 2
62669 4
57530 1
55879 5
51150 0
60669 6
49429 3
47890 6
47379 1
46399 0
42630 5
51010 4
46190 3
54109 6
51140 5
51229 3
48350 0
46380 7
44229 7
50679 4
49279 7
42930 5
42609 3
42400 0
45819 7
46400 1
46829 6
47410 0
47349 3
49549 7
55490 2
55009 3
51540 3
56269 5
46689 7
47120 0
45109 2
46820 4
40029 7
45010 1
57359 5
63719 5
47790 6
49849 4
39839 5
45159 3
48530 0
46439 5
44959 3
43269 4
48939 1
46650 2
46879 1
44400 2
49909 4
45420 4
46690 5
48270 6
51740 7
42849 2
49410 2
49819 4
59830 5
52770 7
50019 2
54230 0
59029 2
63949 6
51970 2
56609 2
49899 4
50790 0
49099 7
53270 4
54370 6
60229 4
47100 5
49769 0
45430 2
45480 6
47370 4
59739 1
49219 6
47180 6
51199 3
51469 4
47759 6
47049 7
48630 1
49929 0
51930 0
48939 6
52159 3
50760 2
47679 0
46710 6
46669 4
50649 5
57490 1
53259 4
49430 1
59609 3
47479 4
47650 6
46839 7
50880 4
45689 3
50899 6
49039 2
46039 6
48190 4
42689 1
43710 3
44589 5
42250 6
45769 7
48980 3
51260 3
49509 3
46500 5
45779 6
48840 4
97228 0
45690 1
46950 6
46230 0
52069 0
45940 1
51529 5
46440 6
49569 6
51309 0
70040 4
65699 2
61919 6
53849 0
57489 6
64379 2
70709 0
77669 4
69290 2
70160 0
60629 6
62239 1
63420 5
68619 4
72109 0
57329 0
57199 2
55160 5
61349 4
54499 6
60139 0
59869 2
51319 4
60270 1
56709 2
51390 3
54930 4
48469 4
51260 7
53709 5
49499 0
46790 1
55739 3
51110 4
55809 0
61119 4
61300 4
54310 5
52809 2
62429 4
54970 4
69079 0
66239 0
67480 5
59009 6
66319 3
66279 4
64989 1
63799 5
54739 6
52999 1
60619 7
63939 0
70979 4
73869 5
72739 3
59749 2
61359 2
51590 3
59609 1
55499 0
53230 3
48290 5
45450 7
45460 3
48179 6
47650 4
48299 2
50500 1
47980 7
53280 6
53590 0
53609 7
52149 2
54809 4
49819 2
57700 2
46989 5
48629 1
46039 1
50569 7
50350 5
45519 7
55809 0
53219 3
53739 5
50920 2
54889 0
63749 3
60080 4
55239 4
51429 6
48299 5
50869 4
51030 0
54869 2
45319 3
48010 2
46219 5
48960 2
41969 2
43120 3
47269 6
45710 6
47719 7
47470 0
49669 5
49489 0
48129 7
43189 6
45890 5
45069 7
49090 2
45549 5
47640 6
48940 5
43740 5
55550 1
44339 3
46400 1
42319 0
47160 5
44889 2
46900 4
52289 0
62969 2
53160 0
54149 3
52629 5
63679 4
56589 4
48970 5
46119 3
46239 5
46420 0
48349 3
46360 5
54669 2
46509 1
54939 4
50929 6
53959 4
52329 2
49030 4
53190 2
51249 0
53310 0
52990 4
51939 2
49330 7
53399 1
51109 1
55589 7
59749 1
51489 0
70209 7
57769 5
51349 7
47810 5
50639 1
48030 5
58419 4
51109 0
54320 1
51819 4
55589 5
54150 1
50579 1
50630 6
47839 6
58519 0
50149 6
50519 7
53669 0
89539 0
52230 2
51049 5
51030 2
49309 3
48510 1
50329 0
51379 1
46520 3
51299 4
51240 7
45699 5
48400 2
60929 5
62059 0
68739 7
67300 2
74788 4
75910 2
73129 0
70999 0
64979 4
58439 2
60210 5
64509 2
70529 1
65110 5
67420 4
61879 2
55409 1
58720 3
64439 1
75549 2
69359 5
61779 5
71170 6
69429 7
55569 6
58380 3
57140 1
53579 5
57639 2
56269 4
51889 7
62609 2
59609 6
68619 0
67439 1
57710 0
77260 2
65409 1
51099 0
52990 3
56839 2
48510 2
58910 0
56049 4
60409 5
62290 2
72699 0
69949 3
67339 4
69259 0
60350 6
68279 2
79999 5
70559 2
62129 7
62249 5
58360 6
57959 2
52540 1
53429 2
49000 1
52440 3
52269 0
53009 0
54069 5
48349 1
47730 6
49429 0
50630 3
45359 7
62649 0
56700 4
49189 5
48820 7
47560 3
51019 3
54600 1
50199 4
49369 0
47920 4
50620 5
47840 2
46329 2
46300 0
50189 1
44270 5
53049 4
46260 1
48570 0
52929 4
64039 5
53070 7
52139 6
47520 2
49289 2
46450 5
48629 5
51480 4
46089 4
56189 4
62719 6
49989 4
49459 7
52060 1
45999 0
49330 2
43780 2
48180 7
48649 2
48449 6
62960 7
46089 7
46270 4
51080 2
54579 4
54310 4
51529 3
51490 3
56379 1
49319 5
50230 0
51529 3
51909 1
59219 1
66199 2
58319 2
49670 4
47129 6
44460 7
62039 5
46609 7
47660 7
49969 7
50110 3
56080 3
45339 6
49550 2
48669 1
52259 1
49230 1
49850 4
50390 6
49519 7
51710 1
53789 4
48920 2
50439 2
49159 5
48610 1
59439 4
48069 3
47830 7
49399 0
45800 7
49889 2
50659 1
50039 6
56579 2
57999 6
47940 6
47880 7
48670 7
48969 6
46290 4
51579 6
51019 3
48939 0
49809 1
51229 4
60099 0
48360 3
51000 6
51359 1
55310 1
47969 0
48049 0
49079 5
50679 1
47750 2
51159 3
49150 1
48959 0
46530 5
50320 6
48889 7
49360 3
49379 6
48440 7
53979 2
71349 7
64190 0
68559 6
66040 0
65529 3
65909 2
49250 4
65349 1
73439 4
71039 1
62349 5
50270 1
51089 1
58280 3
63479 4
82319 2
64519 5
49640 4
50040 3
56509 3
62969 5
63839 3
52559 5
53519 2
61719 2
52249 4
47080 3
52029 7
61849 6
53520 4
48879 3
46030 6
53499 3
64359 2
56460 3
60860 3
70129 1
71659 7
50060 0
59809 3
59319 4
48870 7
47939 1
51589 4
55830 4
56939 3
64670 3
63310 0
74809 3
74759 1
79879 4
61409 7
60559 6
66640 5
62299 1
66719 0
68389 1
66529 7
55809 4
47120 5
50539 4
51529 6
45170 1
48489 0
52449 7
45780 0
44739 7
54129 6
43299 0
44840 5
46579 6
47960 2
50359 0
51170 0
44409 2
51489 2
49660 0
47139 4
47310 5
46879 1
44949 2
47340 5
44090 7
49260 4
49739 6
48720 2
52889 5
50329 1
58489 5
50179 4
49470 1
51539 2
59539 2
57949 7
54109 6
47739 5
52059 3
49719 1
50170 4
50539 1
49829 0
49910 5
51829 6
52720 7
53509 5
57749 0
52559 6
63929 5
52210 4
55040 7
49519 4
56009 3
45319 0
48490 2
46649 0
44419 2
54580 7
49189 0
50779 2
49829 2
49849 7
49270 7
49829 4
50170 6
50640 0
47279 7
54049 5
69259 3
63119 2
49190 6
44529 1
47560 6
47519 1
46530 7
47139 3
48929 6
43210 1
45049 3
46900 2
48879 1
49420 2
50320 3
48049 3
53829 6
50189 2
56580 5
64840 2
49999 4
47830 5
51759 1
51560 3
52040 6
52379 4
51599 2
46610 3
48390 3
50950 7
49239 2
49120 7
46949 3
51989 0
58940 5
51999 5
48640 3
442355 7
50749 5
48979 0
47590 5
49479 0
47469 5
49819 1
52219 2
48659 5
57859 7
48789 4
46480 7
46240 6
47480 2
58569 3
51310 2
45619 3
46970 3
46509 3
49649 0
49089 6
53909 6
58249 1
76219 3
75539 6
68339 1
77239 4
69529 0
54470 0
67230 4
67409 7
68439 7
45160 0
51729 0
56700 4
68119 6
69220 0
69589 6
59939 4
54910 7
54139 4
60549 4
61720 2
61579 2
43799 4
46660 6
52609 1
50810 2
67230 7
60599 6
52319 1
54589 7
52069 6
57320 7
60649 2
58169 0
64949 4
63860 6
65629 5
68379 1
66759 5
61450 5
50910 4
54849 4
49410 2
59709 0
59799 4
59890 7
55279 2
61169 0
54799 1
163558 5
70539 7
68939 4
68629 2
72909 0
73590 2
70669 4
70509 7
76019 5
64479 4
54159 1
54670 4
49009 5
46030 1
52609 4
47850 0
45069 1
48039 6
49999 2
53709 1
56830 3
50169 4
48700 7
46350 4
52169 4
50780 4
57609 3
54729 3
45620 7
45199 1
42570 2
45319 4
44700 5
44769 3
47610 0
48049 7
47380 0
46690 6
50590 4
44160 4
50219 0
51180 0
51779 4
57340 4
60000 1
59939 6
52289 0
53679 5
48129 6
50170 6
47709 5
47130 2
46930 1
46399 4
51519 6
52349 2
47150 7
48169 2
53429 0
49299 6
48789 3
46860 7
52409 1
51970 3
56060 5
50829 3
52979 1
58570 3
56809 2
53899 7
49979 6
51809 4
50430 7
50169 7
49270 6
46929 1
45539 3
46419 3
52889 3
66109 2
57230 5
47929 6
47410 5
49149 0
48510 5
48429 6
64229 7
45850 4
46439 2
47950 6
46819 5
50740 1
50390 0
49999 5
47460 4
45689 0
46530 6
45109 2
43900 2
47339 1
48259 2
46220 0
48510 5
45209 4
44320 2
42350 3
44759 2
102849 3
54349 2
51220 1
54099 4
51880 3
51869 7
50679 1
62059 1
67669 1
53999 0
63089 3
124398 2
81939 2
56979 7
56619 3
55119 0
63240 6
54219 7
52049 6
46570 1
253837 7
74699 3
61579 0
47480 6
53060 2
51009 5
49820 5
48909 2
47639 7
55300 6
74229 1
61289 0
63430 6
58510 4
84139 7
110299 1
138268 7
83479 6
74519 6
63020 6
69619 6
60869 5
75139 4
87469 1
71629 3
63529 5
58990 7
85219 5
75919 3
72419 1
73199 6
92699 1
70459 3
69919 0
64880 5
57170 3
76629 3
84849 3
70779 0
69019 7
60960 4
76979 3
66519 4
63459 2
55799 1
63609 0
70509 0
62419 1
60670 6
65840 3
61929 0
57789 1
77529 2
68789 6
63279 2
65279 7
76809 1
70989 5
82370 4
74259 7
89539 1
56490 3
66209 6
69849 2
100429 4
105029 6
70239 3
72779 1
73689 0
252987 7
