84479 0
44030 0
37420 5
36809 3
37269 2
36539 1
38150 2
36199 0
37870 6
36440 5
37110 2
37530 0
39610 0
37540 2
39319 3
38160 7
38979 5
44400 5
37059 1
36180 0
39440 6
39570 4
36799 7
38030 6
37150 1
37869 3
36270 0
37549 2
34760 2
37949 1
38059 2
37669 5
36579 2
38570 7
36269 3
36580 3
36149 5
39099 0
38579 1
35029 0
39880 0
37119 1
36630 4
45579 4
38450 3
36919 3
36800 2
36240 5
37840 4
37460 7
36609 1
35200 7
39089 1
36120 7
38939 4
38310 2
38439 7
37159 5
36790 4
36309 7
36390 4
36059 2
36580 7
35730 1
35860 4
37860 7
35219 7
36200 4
36570 5
38220 6
45290 1
38070 5
37959 4
39539 1
38630 2
38080 6
38460 1
34889 6
36550 2
37260 2
37150 2
35670 3
35769 3
35750 2
37349 7
35580 5
38159 1
37789 2
37480 6
38400 6
39100 2
38969 1
39410 5
37989 1
36250 5
36790 2
44070 7
38010 5
36980 3
38860 6
36140 7
36780 2
39149 5
42730 1
35069 3
35970 6
37219 1
39110 4
38359 2
35989 4
38330 2
36579 5
37460 0
35339 7
38579 6
35920 0
37430 3
37820 7
37879 2
35880 5
38169 2
36770 1
38440 4
45609 7
38849 4
37049 5
36969 3
37039 7
36560 2
37199 4
35910 0
38560 2
39200 4
36660 1
38170 7
35890 7
36019 4
36850 0
37529 2
36540 3
38959 4
37510 7
39260 2
35770 5
37060 1
35029 5
37460 3
35500 7
37909 2
36510 5
48719 7
35410 1
37970 2
35650 1
38569 6
36490 1
36540 5
38260 0
40260 6
37119 1
35720 7
39049 5
36950 5
36889 4
35320 6
36500 2
36999 5
37219 4
35489 7
37250 6
37429 7
37400 1
39429 3
37079 6
37729 2
37159 5
45719 0
35419 2
37320 4
35809 5
37580 6
35289 1
38400 1
37600 3
38139 5
35350 3
38629 2
36870 4
35859 0
36090 7
38000 6
39690 2
36799 0
40609 6
37040 2
35969 6
36750 6
38199 2
36750 1
38359 6
36209 6
36930 4
35419 1
45950 6
35039 2
35900 7
35640 5
37409 0
38500 7
38209 1
37340 2
35739 2
35610 3
37019 6
38050 7
36079 0
36139 6
36020 3
37709 3
36570 6
38039 5
35560 7
39359 3
35969 5
37629 7
41549 3
38050 3
36459 2
36310 0
48029 4
37860 5
38119 0
35520 2
37150 3
38020 7
37139 3
36160 7
36820 4
36849 1
35980 3
35529 0
36579 2
37459 0
36389 7
37060 4
36609 2
40220 2
34069 6
40010 5
35470 2
37640 1
36549 2
36329 5
34470 4
36339 3
37070 3
72949 0
37080 7
40200 5
36630 4
41549 4
37610 0
38489 6
39760 0
37769 3
38960 1
37319 6
39790 6
38249 0
38600 4
37340 2
38619 3
38610 1
39719 0
38140 3
40109 0
38680 1
43539 5
39100 0
39639 5
39819 1
45619 3
37440 6
37710 4
38689 7
39490 2
39619 4
39440 3
39439 0
36460 1
38859 6
39340 2
40060 7
40860 5
40569 0
42909 7
40420 1
40899 0
39030 3
44040 2
38160 7
43209 6
36830 7
38679 2
40480 2
41239 4
51540 2
43289 2
41510 7
41519 4
42090 3
40219 5
42970 6
43509 2
40970 4
39639 3
42270 2
38059 5
42400 5
39609 3
39220 4
36750 2
40830 6
41279 3
40939 2
38550 0
40260 4
38710 2
39819 0
39420 7
44239 0
40560 4
36519 3
37930 1
37679 7
38650 0
40730 6
38780 1
40249 7
37989 3
36730 0
39899 6
39120 1
38799 5
37220 6
40169 5
40880 5
40450 4
37260 2
37820 4
37720 5
40089 1
38550 5
40070 5
36049 3
41250 0
44009 0
37560 5
38419 5
40870 1
36799 3
39249 5
39730 1
40600 4
38830 3
41149 2
38790 2
38019 6
41180 5
38549 5
39570 2
38979 7
40270 5
35869 2
39230 0
38519 2
39510 5
36810 6
38509 7
42040 0
37969 3
46650 6
38509 3
39230 4
38399 2
38580 1
38640 0
39990 6
38019 7
39549 0
37850 2
38329 5
38510 3
39219 6
36260 4
41589 0
41630 7
37730 4
38649 4
37250 1
40599 7
37319 4
42619 5
40110 7
38139 3
37200 2
45849 0
44780 2
38509 4
35630 2
37939 5
37650 3
39099 2
39209 3
38689 4
41529 4
36950 1
38989 0
36990 7
39959 4
37370 4
37249 0
38620 2
39590 2
42540 3
40139 4
38359 7
41290 4
39660 3
38470 6
39939 5
39450 5
47889 1
39250 2
38419 7
37330 7
39049 0
36650 1
38480 5
38230 3
39810 1
40050 5
37610 3
37709 6
38780 6
39309 1
40460 4
38939 0
40380 1
37949 1
38880 7
39110 4
38050 7
46099 3
38789 4
40750 5
38939 6
44579 5
37779 0
40250 5
37799 2
39850 5
37109 4
39540 6
42919 1
39130 3
40079 4
40180 7
40820 1
36680 3
39550 0
39509 0
40860 5
37240 7
39280 0
38709 6
37490 4
37069 5
39600 7
37969 4
39980 1
39200 3
41329 0
50449 4
38940 4
39879 0
37960 3
39209 6
37859 0
40030 0
37890 3
40000 1
40319 5
39660 6
38519 6
39480 4
41439 7
38580 1
38639 1
41579 4
39509 5
36909 2
38310 3
39000 7
42950 0
37979 0
40220 1
37449 5
69739 2
36969 6
38639 0
39620 7
40710 5
37049 5
39510 1
39299 5
43290 3
40539 3
37440 1
38219 5
38699 0
39599 3
38000 4
36840 2
39370 6
37350 0
37809 6
39640 5
37969 0
37840 2
40019 0
39580 0
38849 5
44369 1
39470 3
36930 5
41279 1
38960 7
40400 0
38779 3
43460 2
38119 7
41240 4
37499 6
38110 6
36039 3
38570 7
37839 0
41709 4
40090 1
39510 6
39700 0
37349 1
38850 0
38419 4
39060 7
38090 0
39220 4
48800 1
36890 0
36419 3
38480 6
38940 2
38959 6
38990 2
42609 2
39960 5
39819 5
41940 2
42039 5
38870 2
38079 4
40820 7
37959 7
39209 4
37389 5
38680 5
38300 1
38499 3
43110 2
38609 3
37550 2
39299 1
48450 5
41629 4
39410 7
39579 1
39710 2
37730 7
40069 2
38140 4
40630 3
38880 2
40249 7
36220 7
38669 5
39470 6
39199 5
36380 0
42779 1
38670 2
41219 4
40149 3
41849 0
39279 7
39720 0
38160 0
38350 7
38019 4
45660 5
38439 3
40080 2
36489 4
38960 0
39219 2
41019 6
36230 6
39110 5
38290 7
41310 1
40600 5
38699 1
38450 2
36809 5
38820 5
37429 6
38900 5
38809 3
41129 5
38649 2
40079 3
36630 3
40179 6
37880 0
48399 2
39280 3
37939 7
41300 6
37919 3
39340 5
36090 7
41940 2
38340 4
38770 1
36410 4
40309 5
36170 4
37379 4
36670 0
40219 7
36380 1
39079 3
38939 5
39149 2
40279 7
41430 1
40699 5
42430 6
39719 6
48870 5
37989 6
39490 5
36969 4
37960 6
37919 0
37290 4
38250 2
37090 4
40319 2
42850 0
39290 6
41090 7
39280 2
39239 7
38880 1
38589 3
38600 3
40659 1
37620 5
40360 3
39230 4
41239 4
38559 0
42200 7
40360 1
46829 1
44049 0
37720 3
39560 3
39000 4
39049 4
38180 7
39519 4
38550 1
39319 4
38570 4
39569 3
38419 2
38959 1
37349 0
40950 4
37989 5
39040 1
41089 5
39970 2
38679 6
38330 2
39589 1
36990 5
40710 7
50229 5
41499 1
38040 1
40820 4
38630 0
39790 6
40390 3
40629 6
37969 1
38320 4
40539 3
38970 2
37439 1
39290 4
40819 0
40790 7
38349 6
38940 1
39419 4
37670 0
39899 2
38159 6
41919 2
41449 3
39299 1
50589 6
37930 6
38730 5
38830 1
39259 1
37910 1
41689 1
37320 7
37829 4
40660 6
39790 3
39100 2
39129 5
38689 0
40140 2
38139 2
37720 4
37639 7
41690 0
38629 3
41640 4
40559 0
40640 4
38540 0
36530 7
77209 2
38070 5
36319 3
37110 3
37289 7
37410 0
37669 5
35800 3
40200 7
36740 2
39390 2
36639 5
39530 4
40479 4
37570 6
36939 5
36569 2
36980 7
36960 3
38550 6
36099 0
41700 1
39509 2
36280 4
35829 3
37059 7
45280 7
38559 7
39169 3
38399 3
38770 4
36659 1
38500 5
35959 2
38290 2
35829 4
38619 6
34740 7
38429 3
37370 6
39409 2
36030 0
37039 6
40139 2
38739 0
38299 1
38779 5
39139 6
39620 4
36979 4
37230 3
37109 1
48750 6
38669 7
37280 3
37219 5
35659 6
37499 7
35700 5
36950 2
35729 1
39820 5
38379 5
39610 1
39160 1
35969 0
36640 1
37840 6
36890 3
37749 4
38640 3
36009 5
40589 6
35609 5
36199 0
36850 5
36169 4
36690 3
43999 5
37600 3
37470 7
38529 5
36840 2
37370 5
35720 0
37039 2
35920 1
36889 7
37220 0
36699 7
36189 3
37410 5
34629 5
37590 5
35049 6
38020 3
35850 4
38310 5
38080 1
38529 3
37500 6
41199 0
38650 5
36509 2
35890 1
44449 6
37649 4
36529 3
37549 6
38660 7
35189 0
37850 1
37739 6
36450 1
38680 7
38320 7
39089 7
37919 7
38920 5
36239 5
37440 4
35669 0
38570 4
36880 0
36660 7
37600 7
38519 0
36640 6
39149 0
41470 6
37359 3
48460 2
38939 5
39590 3
37460 7
37310 3
37310 6
36900 6
36520 2
39989 5
36090 6
43449 2
36740 1
37380 5
36209 4
37499 6
39080 2
37600 0
38419 3
37630 1
41129 2
37030 0
39439 0
40120 1
37599 3
36249 5
37230 4
44419 1
37150 3
35489 3
40720 0
35549 6
38920 0
38280 1
38979 3
38299 4
38749 6
36860 3
36769 0
37620 1
37489 1
38410 0
38210 0
37660 2
39149 2
37889 5
36380 1
38069 7
36140 5
41679 6
36460 5
37569 4
38139 3
45079 0
39679 5
36760 2
36479 7
36730 1
39729 7
40770 1
37419 7
36740 6
37729 6
35910 1
36160 6
37110 1
37160 4
36099 3
37720 6
38809 4
37150 0
40689 7
35720 0
37020 6
35610 0
43599 5
37000 7
39680 7
37149 4
37100 4
35629 4
39020 1
35579 0
39280 0
37899 0
38369 4
39080 1
37970 4
40390 7
37159 3
38330 6
36639 7
39350 7
36850 0
37510 5
35879 1
38139 6
36380 7
38359 4
39630 3
40129 7
37950 3
37830 1
40550 3
37809 5
668682 5
39479 1
40310 1
38259 0
2572320 3
