143279 15
160409 11
60930 2
62430 2
1969222 2
73209 14
422667 3
120719 11
61459 22
65709 23
88850 12
1689865 2
65479 3
41860 22
87430 7
56459 12
55290 2
56789 6
81000 8
50449 11
73559 13
431066 16
62999 12
71889 19
63690 2
57929 4
65569 3
56919 21
76199 0
56040 4
60759 10
55020 19
35699 21
65219 9
47429 11
60959 2
752743 18
60650 0
53819 2
74149 10
48490 16
101129 3
1614605 10
51440 12
103199 20
93309 1
1489227 21
61309 11
21920572 18
147779 13
77819 18
75779 12
56709 19
60169 13
76349 23
57079 14
60920 23
53089 11
66170 3
58400 5
45050 5
5824477 15
98529 4
77469 3
58359 22
1578366 12
45519 21
76430 1
77999 16
72859 12
57120 13
58579 13
43940 19
48169 14
61010 8
93429 20
46240 19
44690 14
38700 19
45389 14
58250 4
64999 3
1160080 14
77929 10
58559 2
47039 16
30720 21
61989 1
82529 20
55999 2
49910 15
65419 7
7444913 18
74769 14
83519 7
91849 10
65680 8
7944718 15
85060 3
84020 7
86869 12
2226410 11
56349 11
69290 17
75579 13
55969 17
61790 8
63649 2
54579 11
67919 0
61540 6
47819 21
50410 17
71139 4
60390 14
54039 12
650484 10
55650 14
54199 4
66020 9
67599 3
33250 21
7074026 22
91059 5
63590 9
50899 5
54830 11
140049 20
52920 14
54909 10
71080 17
67309 3
52239 5
84000 20
53189 3
65320 16
54429 3
59660 23
46639 11
2618317 18
66089 23
59469 17
73869 2
54139 5
60460 13
54139 13
51500 13
67899 0
46810 23
1420677 9
70100 4
807862 8
76749 15
75999 7
1621505 22
103549 12
493786 19
73929 7
127059 20
9332966 15
70519 3
78929 13
1720375 9
72979 4
75079 14
61340 5
63209 14
61040 23
1547776 14
57699 3
67120 16
58609 12
54240 19
74679 0
56730 12
1302649 2
267607 19
55040 0
47619 12
5142534 18
79559 8
77319 16
64400 0
52649 21
83899 10
63209 8
59229 3
89229 20
53649 16
65350 2
1232549 9
59040 3
73869 18
43050 21
54580 23
51690 14
8051207 15
1070441 1
1570126 5
81359 3
64959 11
108449 20
49610 22
39769 22
62330 8
53849 23
54750 2
66359 9
62219 4
48869 11
47050 8
58829 14
52950 11
61449 12
1171039 12
30560 22
49820 21
50979 14
50550 11
48480 14
64399 6
69419 2
57100 11
62299 4
57830 15
49899 9
57670 2
54599 15
60050 17
78409 19
43439 23
41190 21
62059 1
29749 22
60440 7
51359 2
4778487 18
90349 13
51539 21
52779 9
76209 16
78259 8
54019 6
56509 2
1262649 18
38529 22
64420 5
46399 16
59340 10
56399 0
55940 13
88759 14
90089 20
61609 17
79269 20
47809 12
969731 1
48569 23
46090 17
9227697 15
65330 23
1884683 4
107529 0
156098 16
64549 5
52289 3
64869 21
49760 5
64390 4
42939 21
76390 2
62939 0
60880 3
51169 8
58180 12
49599 14
51610 5
45199 21
36300 21
57459 11
37000 21
105099 20
59950 23
62199 14
64040 11
71430 9
56719 2
52090 23
907002 9
43739 12
47080 11
54669 0
45920 14
69999 6
55750 10
59809 13
52250 8
51879 2
45760 8
56730 17
53519 19
46419 12
41610 19
47390 0
83729 1
46509 21
52960 4
50229 10
47599 12
50480 0
47979 12
48410 16
59399 7
50130 6
50519 17
55560 2
60529 10
51330 4
10004449 18
63929 7
75619 8
61630 11
50869 1
10849212 15
63390 1
57529 16
61960 3
86909 17
77629 9
91029 20
68650 6
58799 12
65980 10
73309 16
51199 6
62420 17
62789 16
1577876 12
54430 1
82580 22
67429 21
58740 14
60229 12
57900 14
74479 10
65609 11
73050 5
62639 4
50850 14
78499 19
56219 11
5569479 18
87889 14
50290 14
160439 11
102059 16
64859 3
1645715 6
63400 12
395846 23
238648 3
278587 9
70760 10
452246 18
63599 19
49079 18
73620 1
49369 10
1563586 15
86769 0
75789 3
87339 13
85649 20
52730 5
47879 6
47739 15
46380 15
62049 15
45980 13
53619 9
44480 15
56539 12
76540 20
5389392 22
81469 14
59720 15
309058 8
94919 19
56819 1
93839 6
10658903 18
93939 4
427997 4
65339 8
59170 23
58330 5
61019 9
87229 20
47559 9
60990 16
54939 17
47750 5
44309 9
46370 9
68819 19
61750 7
64829 19
310967 6
50460 16
95149 6
59320 23
79680 20
61469 10
42550 23
68359 15
943752 14
50169 21
6889078 22
409636 11
65110 14
69839 9
103739 23
389367 23
70129 7
58259 7
56839 12
49470 14
64390 19
52239 4
685123 16
71450 0
72170 23
5960896 18
81529 14
9974359 22
18119567 15
63769 18
2901524 22
1023501 0
77299 11
68909 5
66740 8
59509 14
78730 2
38279 22
53970 11
28469423 18
113619 7
98169 0
62479 18
72980 9
2087411 13
76839 12
68909 14
56509 15
61849 3
60490 8
61389 16
59690 5
53769 19
55580 19
79149 9
60249 17
49029 5
44640 14
30369 20
43590 19
59589 0
349537 12
63870 6
58379 17
1593936 18
50579 0
66360 19
50859 9
49870 13
5547400 22
87809 8
101809 17
71139 9
1182980 19
46939 21
51390 8
78059 4
61859 1
55070 12
54130 10
55479 13
70289 11
50700 10
42299 21
90500 20
52829 16
1027891 4
63639 4
46640 4
71389 0
43250 9
48070 10
51679 19
64030 2
56430 23
48949 17
45460 11
45590 23
52259 8
80700 3
77030 20
32359 22
56469 7
73399 20
49030 11
53059 0
43230 19
44099 9
50530 23
67979 1
47409 12
1488547 15
61679 1
48970 2
51549 1
53000 16
80009 19
57050 14
834172 18
427926 21
72690 15
65969 0
87359 9
1525536 12
111649 2
72580 14
56500 9
239888 6
73339 8
7659261 22
96919 4
87479 20
6454872 15
84459 3
65840 11
72719 23
77389 17
53640 16
58409 2
61800 5
59369 5
35460 22
62839 7
81819 15
65489 8
56489 14
80500 13
54599 4
61430 14
67679 0
53400 11
47809 23
61170 6
79529 20
60639 17
77249 20
53409 2
1945073 18
90569 10
65559 17
59760 13
54709 8
69600 16
62229 10
65049 15
44560 8
55139 18
71759 1
73259 9
1342838 14
58350 4
66699 13
7606481 22
4176983 18
88179 3
60889 9
238828 4
66939 8
62919 23
127569 14
64109 14
66520 17
40729 22
61190 9
41359 22
43080 21
47270 8
59510 0
61079 6
58540 16
1028611 19
72750 8
61719 15
345657 6
107929 3
40330 21
47330 19
50250 14
36790 21
58249 23
68889 17
64589 15
70139 11
73880 8
53039 17
55330 18
53829 14
50960 14
49359 15
65600 1
43979 14
38630 21
592825 16
69039 11
57839 3
44800 18
57160 1
53549 11
49290 6
61259 5
904962 0
53179 15
1105270 13
60450 13
113279 20
61259 10
1433317 8
6432822 22
75450 5
36109 21
1540486 18
683094 1
92929 4
50200 5
51579 6
46690 23
44340 18
60299 13
960471 16
57980 9
9869511 15
92699 14
138819 16
59809 19
76490 2
88870 20
82079 0
77809 20
52950 9
48549 1
7111296 22
96549 7
1463787 8
157509 0
32499 22
60220 0
80569 4
197568 10
91660 20
1064630 6
58919 9
46460 9
30680 22
60100 2
51469 7
66619 19
79189 17
58790 7
69269 12
50510 4
66689 6
51250 17
66679 23
60460 1
49890 19
58939 11
59220 13
45110 13
50180 10
46489 17
44770 9
5421021 15
67070 9
87789 5
61699 8
73970 6
50979 9
49790 9
57869 23
63320 6
53599 6
91009 7
66340 0
65649 16
49620 10
19346485 22
74639 0
54570 2
76989 8
75800 1
84049 10
74579 8
2505777 23
1218570 21
81440 3
147018 18
62610 15
52629 16
61650 5
53449 6
531675 0
58550 13
66439 8
42350 18
48760 6
12595957 8
59579 13
90509 17
70600 10
70869 18
59440 13
1643086 3
106939 9
720543 2
61780 22
71459 6
73109 19
52949 5
394406 21
79779 14
94849 20
49890 10
50940 17
69099 12
59420 8
86639 3
50729 9
59310 15
47519 22
1607545 9
77609 11
104159 9
98359 7
91680 1
2493767 3
66600 23
59400 14
50689 9
61319 12
84249 2
71800 21
39600 21
44130 21
69089 4
49750 12
66449 8
49680 7
58379 4
48520 9
74669 0
47100 7
57989 11
23020022 15
73080 19
287968 3
72009 10
105619 6
93259 11
58909 17
55929 12
67110 2
61669 14
54720 12
67729 12
72300 7
81979 8
62069 18
52780 6
61659 18
52870 6
47299 22
1366188 4
46800 10
67219 17
74509 9
87180 8
2695946 0
155489 8
85069 5
611095 2
131268 20
66200 23
69009 14
59709 7
69499 0
75979 10
40290 21
75119 13
32860 21
112669 20
48210 23
73330 10
61869 9
67880 1
97590 3
61989 8
46160 10
3964694 22
92179 4
77770 5
60970 12
62159 18
74170 15
376286 1
55030 14
51629 13
51600 23
53619 7
3084212 2
163908 7
56670 1
54810 1
44249 23
345657 5
69899 10
85079 18
129889 11
193898 11
63549 8
281107 7
110679 0
47410 7
50789 5
84309 15
52590 14
47240 15
48879 5
49880 11
1090721 8
10156798 22
102569 3
90569 17
51980 17
71449 16
47220 21
46629 7
79690 7
73909 4
2386798 1
92060 23
61709 17
54280 21
57750 15
70639 11
28680 20
64770 21
62580 19
68939 3
840383 9
46079 3
81350 7
67680 11
75899 8
94900 2
48210 23
1526996 18
90100 20
60510 23
71439 6
55890 12
49989 15
75449 15
43459 21
41950 21
54389 12
83609 4
59750 14
77459 14
69960 16
47389 15
52280 9
87359 3
55099 12
11065120 22
68899 5
298917 16
86180 17
133868 13
46140 23
47889 5
53360 8
62599 18
85450 10
11161140 15
79509 11
72090 5
64320 7
52429 11
111908 7
141988 3
1402517 13
79919 6
38869 21
50620 15
60699 23
56840 3
49450 23
53000 19
76169 9
193688 20
50699 21
1256649 5
92809 15
1323118 12
411056 7
107939 20
37250 21
66359 16
1950003 22
79399 14
51740 13
98359 17
96319 5
56419 9
240368 18
64329 23
9304225 1
70010 6
59549 3
56980 3
40869 22
46190 6
45359 9
73659 6
49560 9
46510 5
47199 13
44809 6
1072751 23
90420 2
42129 21
47800 10
59519 4
61830 16
69909 15
53120 7
115208 1
59770 10
110549 4
93089 20
62390 19
59109 3
89339 14
56080 11
55419 8
51390 16
56839 17
2924774 4
87279 8
104429 15
57500 1
53369 1
42500 14
62659 1
73440 2
60189 10
59829 13
65459 16
37350 21
60059 16
79509 7
61220 15
58439 0
69370 4
52539 19
822313 17
66299 3
155159 12
61949 0
64280 5
46230 12
58960 11
48199 10
306088 18
80189 11
62539 1
45030 18
56319 2
48130 13
49679 10
751003 12
88709 20
81949 3
