134318 3
81989 11
81540 3
82029 7
86849 9
83779 12
84429 5
83369 2
86609 13
82009 10
91089 13
104689 11
103729 6
107379 14
110649 7
108029 7
108739 7
101889 6
110919 9
98480 3
106839 5
98819 11
103730 1
102910 0
108750 6
113619 9
102959 2
101970 7
103239 1
117459 3
103419 3
104219 11
102710 13
98309 10
107389 3
104869 2
105989 8
98939 10
104839 3
116669 10
101179 2
111149 12
100949 6
102619 4
113639 14
108269 1
101239 1
102879 15
109619 7
94199 6
102729 6
105119 6
100369 14
115149 1
107219 15
104499 15
109569 8
105139 12
114139 6
155349 9
111790 5
105139 15
100568 1
101600 13
101879 8
111699 13
98529 2
110979 3
98339 12
97839 14
102719 7
98649 13
101339 12
107769 10
111179 14
105999 15
110829 6
106359 1
103479 15
105579 4
100699 10
107069 0
101249 5
103229 6
104979 12
108489 10
144359 9
103579 11
112909 14
108469 10
105049 6
115859 4
101939 11
111649 15
101899 15
100939 1
84229 6
88079 15
84350 13
90010 4
89799 8
86169 13
85739 3
88450 10
85359 4
92479 9
95599 5
87379 2
82669 12
90109 6
89539 14
84069 7
91749 10
89309 1
93969 15
87809 0
84220 1
106229 4
85149 3
88539 11
88319 6
88219 11
90499 7
89910 4
86109 12
85299 8
86309 5
87720 14
84448 11
98589 15
83619 15
90209 15
85729 13
87619 12
86000 1
89499 5
88419 15
88619 6
85319 2
88759 3
92420 14
82409 2
84549 7
84479 12
86970 3
88229 7
90219 8
89309 4
83689 13
82069 2
90290 10
100139 12
87449 10
88149 15
93809 15
89789 8
84260 3
84840 13
93509 15
84559 7
82349 10
89010 8
92779 12
92389 8
89019 12
85139 3
84539 13
90219 13
86860 15
88229 1
89539 8
86219 15
87739 6
88689 1
90269 9
87199 10
90319 3
88779 4
89839 14
91800 2
83329 7
86039 8
88569 5
90539 13
88540 13
86050 13
83459 6
84979 5
83959 1
84959 2
88130 14
88619 1
85699 5
91269 3
87539 9
88959 9
85879 9
117609 4
103499 13
104389 9
107629 11
104449 8
99339 2
118329 6
107269 7
100389 3
11129196 4
97239 12
103629 9
105549 6
114609 0
102619 5
107279 1
107729 9
109419 5
115439 11
116379 9
110389 5
109009 11
109419 14
116879 4
104469 13
99309 6
110929 11
125999 14
98729 8
105259 9
105179 5
109499 0
108419 12
99849 13
104509 14
104079 10
99789 9
109859 4
103899 2
109199 0
102569 12
112579 8
108189 2
103439 7
109689 15
111639 5
119219 1
104389 8
103269 2
97969 12
109669 3
104359 11
112479 9
111429 9
110069 2
111489 6
99909 0
104869 10
97839 10
104339 13
108879 8
107849 8
115979 5
101639 1
104739 15
109969 9
100529 2
104799 10
107509 15
105009 3
106909 2
98249 5
109919 2
112229 11
118599 10
101809 1
107599 6
100629 14
115609 2
110399 1
105339 13
103189 2
101619 5
115969 11
111719 14
111049 15
123049 12
121269 7
116989 2
117059 7
127168 3
120049 7
10128726 0
98509 5
105889 14
92809 8
103829 7
103389 6
109069 9
94709 10
104439 10
115739 1
100719 14
92549 10
96979 14
94419 7
94150 0
102429 5
102669 2
94749 1
101059 6
107049 8
95369 12
92359 6
95239 5
102449 14
99119 11
102988 4
99650 15
91510 13
104189 5
97179 12
102799 14
98089 6
95729 4
94019 1
99779 14
96509 11
104779 4
88679 5
95849 7
96209 9
104329 2
92219 13
102409 0
95829 12
96329 12
94269 10
99009 2
100169 2
99179 3
100369 13
112448 11
98360 2
101099 2
96140 4
100359 14
99139 12
105739 0
92849 10
98299 7
94409 14
105699 3
97529 14
102359 9
91059 11
100739 11
99070 1
104939 9
98590 12
99199 4
90159 12
105759 3
90469 3
93799 4
100409 7
94799 2
103900 1
99750 3
97599 2
110579 8
95780 6
106949 5
90029 5
96669 2
101819 4
95159 6
95199 6
96939 12
102939 5
98499 9
97959 5
114799 1
91568 11
92590 2
96339 7
107589 3
97799 7
98949 11
100759 0
94019 10
103949 5
10117166 0
109869 2
97569 6
93759 2
107339 6
97659 14
95499 12
100409 2
99009 6
103020 7
108670 13
95939 2
106739 8
93159 1
94839 14
94239 5
105539 15
102139 1
102359 11
103419 9
107759 4
103179 14
105449 11
92169 0
102019 3
103129 8
97230 12
98370 0
96288 14
96520 0
109819 10
93779 4
91529 15
93929 1
93739 12
93229 14
92649 2
93079 10
99289 13
99749 3
116139 11
97669 6
91719 11
96689 7
98589 1
103089 0
94889 14
94489 1
96989 3
94868 11
107808 5
97139 6
94419 9
96369 14
98529 1
100069 13
102819 14
96969 13
90209 10
101239 6
97439 13
103248 7
107059 9
93749 3
97059 2
98049 10
102359 10
99719 5
98289 10
98099 6
108929 9
105609 6
98429 2
97279 2
98329 9
99619 10
97828 5
101530 14
99239 9
95019 1
96959 0
107909 9
93699 6
97699 6
96709 15
104179 11
100179 8
99119 11
101050 15
92550 4
92869 12
109639 15
96509 10
94619 5
100549 14
97419 11
106809 3
96809 11
100809 11
96399 2
94180 6
10136425 8
97849 1
101439 4
96849 15
97409 6
97889 1
88840 2
100819 1
102128 0
96219 2
109109 1
92359 13
100119 3
98639 6
115089 11
104709 3
101369 10
101219 1
94609 6
100349 9
102819 15
95749 11
101999 13
89929 7
146198 14
95549 2
98139 11
94149 4
92309 2
105609 13
93609 2
95339 10
99729 3
101769 8
90919 9
106259 1
93979 0
96079 8
99359 2
91770 13
101199 12
93729 10
92659 3
97199 8
93629 6
91399 10
114779 11
97749 15
93610 0
98259 0
102090 6
91490 10
93159 4
99039 14
106809 14
97269 12
96149 7
97099 12
97899 15
98990 4
99550 13
93499 6
100359 5
102319 1
93749 1
99129 0
96709 5
94269 13
90909 10
98169 7
102469 4
96279 15
92100 7
93770 10
92749 1
98629 8
96099 2
102179 14
93149 14
95579 11
95919 7
99489 9
91459 15
91009 9
95759 3
95439 14
96719 11
94649 13
94869 3
104029 6
99769 4
117259 5
92010 4
96690 12
93609 11
96619 5
99319 5
99479 10
92569 8
100189 4
96449 6
10140846 15
101939 15
106079 1
101669 3
106709 13
96639 3
104899 4
97399 2
95689 7
94949 4
119149 7
100279 1
102849 0
95109 5
94139 10
99859 9
100539 12
94700 6
93899 12
92619 9
106749 4
98869 11
103249 6
90779 13
97069 9
89679 14
104379 10
97859 7
97520 8
96549 1
105379 15
92319 15
90359 1
94769 6
99889 4
96259 3
106430 12
100139 2
94990 13
95140 14
110089 12
95629 6
99119 15
94649 9
108089 10
97909 14
93579 9
93979 7
99459 3
94760 15
113239 11
92959 1
102450 4
93069 10
109009 7
99009 3
104159 9
99059 11
97429 14
96489 3
104889 9
94109 4
94509 13
100380 5
98519 7
100830 7
102879 15
102089 13
106479 2
100429 9
111469 4
91419 3
97999 8
103529 1
99549 0
106139 0
106689 8
95419 4
109409 5
92549 10
102629 13
96480 15
102488 10
96048 8
105379 7
101649 6
93929 4
96029 9
104769 13
98579 5
117309 15
81899 5
86369 9
84939 9
89470 3
95589 0
84849 0
89149 7
89029 0
96200 14
94019 10
10156476 4
87759 0
88599 6
96859 4
86460 9
86200 15
92179 14
102359 13
92399 0
86199 1
104609 9
80809 15
91200 2
102349 13
87839 15
99009 5
89969 12
87379 9
85879 6
89540 6
84439 8
100099 13
84269 7
88209 2
89360 9
87990 12
83619 8
83569 3
88589 6
86330 10
88310 11
93619 5
83449 3
93339 15
85759 15
85609 0
89049 9
87559 3
89849 6
88269 7
88429 14
83409 2
89619 0
81969 8
96709 4
88329 3
84650 0
93040 4
87739 7
93769 9
85599 13
86389 8
85759 15
92749 8
90129 6
94979 13
82669 5
83390 12
86210 6
86009 2
91499 2
88999 10
90329 5
85810 10
86250 7
88489 4
85499 6
91949 12
86750 12
89079 12
88750 13
87959 4
87209 4
87779 2
85789 12
90919 4
98319 6
87139 4
96889 13
83249 6
90079 3
83679 9
94779 10
88239 14
90119 2
83929 14
87489 10
94619 9
87749 4
98679 2
90689 3
91659 1
81499 2
88000 9
89170 6
86779 2
89589 3
94719 13
87629 12
92220 10
104979 6
88769 12
96379 11
89209 12
84909 12
84899 14
92520 15
86750 4
88359 14
88959 6
85139 2
10142866 10
92529 4
87589 7
82939 15
84679 0
85150 6
84849 7
85699 4
80699 9
84339 1
85269 8
104569 13
82269 12
80429 13
83880 8
83620 7
85159 10
85029 8
84959 5
83150 15
79309 5
86469 3
81579 9
88709 8
83640 14
83439 10
83319 15
81119 1
79969 15
83389 6
85379 8
82289 0
84319 15
80310 8
83839 9
86559 13
84659 11
84619 11
78370 1
79969 10
82989 7
85869 6
92840 0
84039 13
81949 8
86859 8
85099 2
90870 7
84450 12
81959 7
85129 10
84329 14
84119 10
79880 3
80299 12
82709 12
85010 13
82769 6
81119 11
88509 15
85470 5
86759 6
82759 12
80869 13
79359 6
79700 1
80360 5
82449 8
86349 4
78199 5
81569 2
89909 13
86219 13
80329 0
81380 13
80949 0
82089 10
82349 12
84650 6
82189 9
82419 13
82989 4
80679 3
85989 15
82449 4
86999 5
89009 4
85549 11
81699 4
81979 4
82919 14
83470 4
85739 13
81930 9
80289 8
89679 7
83539 8
89269 14
89379 0
87869 6
87439 14
90569 11
89949 9
95490 2
89759 13
90589 4
105649 13
86069 2
84389 0
87390 11
88090 1
88789 15
88449 3
87589 1
92319 13
92888 0
89830 2
10133455 13
100359 9
96659 11
94650 4
93239 3
97780 14
99889 14
99709 6
93509 0
90029 10
104999 1
87229 13
88360 11
91040 13
90599 7
97609 15
82529 11
96139 1
91229 5
90670 7
89399 12
102959 4
86029 10
85229 7
91099 14
89290 15
97488 14
101519 14
85670 0
92339 1
86309 10
85369 7
99110 7
88290 3
90799 9
90049 8
93759 12
89099 3
87299 14
91739 10
88310 7
90509 1
88399 2
99289 4
86149 8
86029 13
89580 9
96499 7
96729 3
91889 8
131449 3
89949 11
88889 11
103659 12
94499 7
92330 7
92979 1
90310 0
90319 5
87269 15
88389 4
83690 12
87980 14
95269 3
100429 6
90729 15
88159 7
90809 3
90349 5
91189 12
88819 3
92699 9
89389 4
89759 5
91660 13
100919 10
89679 15
91999 2
100629 5
89419 3
