86459 0
26080 2
39561639 4
19997152 7
19999712 14
17981451 13
22009673 10
20005102 6
79996800 15
9188754 14
43620 9
42079 0
56560 14
30667282 13
32230 2
24359 2
28015128 10
11935768 4
60319 7
49938501 1
20000622 5
69880 10
129971010 6
177945430 13
122100194 4
7917186 1
12222795 14
65399 15
60709 14
20610 3
59610481 0
62289 12
18936382 5
32990 0
1033590 12
56400 7
54549 6
49815863 1
20010402 7
20002242 7
58910 4
49190169 12
66909 11
30668002 1
40010 0
9070465 15
64349 10
90837458 12
80919 10
28957548 4
107259 4
10846398 15
51000222 8
69125051 5
79908550 9
119964844 1
69959 12
59059 10
39937105 9
64469 5
51029 0
19835903 14
77988377 10
58870 12
2011591 10
19942673 8
29028477 14
30967070 5
27988287 15
2094770 1
28740 2
19883733 14
22800 2
40059884 0
39936765 7
10028036 14
42130 3
39901815 13
40017005 1
70007012 5
60003786 5
49978951 3
190164015 8
72700 13
70969 13
71449 8
101668906 14
75459 11
68110 11
37834855 10
19983173 5
129994280 7
85829 6
70499 6
48943911 13
180775333 5
109986777 11
20038621 14
30110188 13
61039 8
64060 14
79755321 3
20254230 7
19726405 11
19994582 14
92469 8
39969085 9
71189 5
62039 5
39866926 12
179967370 13
59981868 5
60049007 15
39219 1
38897454 5
71026364 14
101973033 10
38041714 0
19997612 5
19978942 12
19997602 12
39985114 15
40003715 0
40025574 10
20016322 15
75769 6
18880743 5
11009237 14
20022152 11
78319 14
19889544 8
108150 7
89906867 6
9031725 9
62919 4
70459 9
60859 7
58450 13
59520 11
59409 11
64240 9
61159 8
57340 8
57309 11
62080 4
50292728 1
36560 3
27740 2
19939723 15
80055368 11
292928 11
62800 4
19751244 8
49823072 0
99990531 8
120002074 3
20061972 5
91889 6
69853224 8
40056304 7
67939262 13
62002018 5
80589 10
39941235 6
19968742 0
20006373 3
20000282 3
20117111 6
19953553 9
30900 2
20029543 14
98871101 8
81008919 0
19100031 13
1021730 0
62299 15
62329 4
59744779 1
9046715 5
100961163 0
70009 9
109916018 8
83790 10
88921126 15
61549 14
21926405 1
79094578 9
25490 2
39877806 0
85030 3
59817729 1
59980317 0
220708 5
119808765 8
85470 10
37893764 14
62739 7
25210 2
1969292 13
61569 13
59610 5
27979 2
19804094 14
58530 9
20014402 3
69919474 11
61969 14
109994068 11
64319 5
19904913 15
110599 5
39872266 6
150004822 13
26630 2
79964709 3
89982865 0
100948 0
129905950 4
20101931 3
49917681 5
20113711 7
19882253 14
19974252 1
18008781 6
32012069 15
40093963 8
19909023 13
60053307 8
10004816 0
29931329 8
120013133 13
88639 15
68040 15
44129 1
40070 1
8841227 10
70907275 9
87459 15
78919 12
40490 3
28798090 0
26310 2
35529 1
62559 6
50915902 14
19948613 15
9137884 7
10865888 5
20004712 12
164049 9
67439 14
19758345 5
28449 2
139962197 11
40019494 15
66469 15
8958746 4
10975827 7
60001467 10
19980802 11
63019 7
39949315 6
78949 12
35410 2
39951935 11
1024720 10
63269 13
78846949 9
1031591 5
18964952 1
66999 5
19925283 11
20004002 14
19991253 14
20030382 11
39977045 14
40004434 10
38987664 8
1032580 0
19975613 12
62859 12
32480 0
60349893 7
18655905 5
100901573 12
128831200 3
1138870 13
59873188 15
20011312 4
25690 2
19970132 6
99994902 5
8075134 3
65579 12
60810 11
41822437 4
19972023 0
140019686 10
99639 3
18882202 14
51002042 7
34759 0
25440 2
20035092 6
20075211 13
29819460 1
40014875 14
39987645 8
50158039 9
39889086 14
67780 12
24140 2
124339 8
32400 0
56820 14
58790 10
38799 3
159564373 13
43019 0
49954222 15
20003203 14
129992810 0
30003869 8
72899 4
60082016 3
69000 7
39789336 15
142159 3
65689 7
67999 8
79705872 10
20148050 0
19860634 11
69988543 4
140013506 7
63339 5
38913985 0
59599 6
1006601 13
61889 12
56140 9
27860 2
29794171 7
40005684 4
27640 2
19953923 0
20016082 13
60159 7
79990240 11
18950962 13
1032701 14
27030 2
26749 2
89905647 6
20065461 4
18939662 15
61053457 14
79944890 12
57249 9
110190256 8
316737 8
39447160 5
32559 2
19972422 15
10029576 6
55169 6
19953093 8
19948153 15
19993492 15
444956 5
19619956 4
7977145 9
23380 2
50954751 1
56470 11
33859 0
10888747 15
40049284 12
19946833 1
20011232 10
9914707 0
59972067 1
58309 0
89905596 7
120077763 0
19932883 14
34770 1
20050762 5
58895287 12
25670 2
51078570 15
57150 4
24899 2
39824326 6
27989488 14
54909 12
32920 0
53210 9
1961441 10
52620 14
51769 10
57010 6
19741404 11
38980 3
33520 1
19936632 7
35669 1
19959363 12
87029 10
58904887 4
53850 9
10944408 9
40040634 0
19971282 6
47982809 4
10047816 9
2034241 13
29960049 7
178962789 4
141008836 12
20004202 10
19994912 8
158888 6
59841698 13
87809 6
19911234 11
20043482 10
59969598 14
19992562 4
99994481 11
99993432 14
61299 4
19943913 9
60039847 13
99966372 11
59995247 9
39999564 8
20011493 12
30084677 4
39951955 7
61810 8
179882791 1
60011187 13
19989242 14
50004181 9
20014402 12
19999102 0
58460 9
109916628 4
39001394 5
51049871 9
64520 12
73379 12
57990 6
51749 14
19726995 13
58719 6
39988844 11
98932652 12
1022460 3
20012952 15
55360 8
55059 8
53359 8
19832043 9
8003175 10
35610 3
40967875 7
30970150 3
104479 4
59887548 15
103768 7
24720 2
79874571 0
61389 9
119852495 1
58969896 10
51980 10
90973016 8
38969334 1
21028743 15
331357 0
39663687 1
80949 11
39903726 13
170033194 8
39982865 8
129988470 6
19995702 10
40003334 13
37920 1
58958847 8
9040176 5
63489 8
36450 1
34869 3
31822602 9
100002612 6
40075544 1
38916315 15
58210 12
1178179 9
25820 2
33850 1
33340 1
56239 11
54480 9
59569151 7
119997153 6
63060 11
60959 11
8911767 8
59520 6
32570 1
33729 1
54820 8
10890248 11
29889849 9
59629 9
39946285 3
110002377 5
89659 14
59200 14
34649 1
9096955 4
10712879 15
59830 7
19951842 9
9028505 11
11079716 6
80978899 7
62540 8
168893195 9
18942092 14
1045910 0
29958959 12
25020 2
59975366 13
63140 5
149917123 1
28950 2
25210 2
59968037 15
18991002 10
110000668 9
22043173 13
18986711 5
62220 11
56019 10
79849281 3
149998702 3
62049 5
39953845 0
9012656 3
11000077 9
68140 7
63100 5
9951507 15
9901207 1
20984043 3
39009203 11
20011972 15
29029457 8
10963427 4
20040552 8
139956806 10
134659 7
58100 15
69811155 14
65589 15
40788057 10
119063623 10
39950815 13
63369 14
79931970 12
17996471 4
54730 15
121947736 13
37030 3
39979795 7
20110791 13
56210 15
139812457 10
40008375 7
20026652 5
19979352 12
56479 12
1026790 14
18913063 1
19983352 12
74950 11
19941292 3
57970 14
57529 11
56989 10
19815854 3
34630 0
36110 0
19936503 3
70789 4
62669 5
19862063 1
159998038 4
10036356 8
29984888 13
20070972 12
39913686 13
35140 3
19972842 14
39009 1
36270 1
62209 15
19936413 10
20014112 5
32380 1
23840 2
53799 12
39891486 10
119902104 8
78179 12
54639 12
19854684 3
140004956 1
76189 5
59979227 9
58369 8
55990 12
20828554 5
58107215 7
56359 6
873212 1
39973265 11
25580 2
104159 8
7900626 7
31958950 5
20026612 15
73510 3
9997836 11
29916929 14
80982520 4
19022301 6
59970777 0
39013234 4
55180 10
55419 11
55509 10
878031 12
21944014 3
33650 3
25700 2
8053814 13
20021742 10
961391 11
54920 14
56799 10
26620 2
25570 2
55409 14
22690 2
53759 11
18616325 9
27669 2
79976920 11
20015642 14
19918302 10
8975586 14
57490 14
54729 8
54040 8
53369 5
55620 12
48672293 7
12014907 9
62019 5
98919741 1
1085980 13
56759 13
44350 0
58829 12
29784171 8
157968 6
55570 6
59830238 14
40930656 9
19091541 11
71329 10
19891233 6
19952613 14
27800 2
89609 3
129885970 8
20988863 8
56790 15
48941011 0
21042332 12
48977090 9
59991847 1
165259 4
49870651 0
29007837 1
50961392 5
20182310 12
58169 8
34740 1
32530 0
34250 1
39657118 5
20015252 0
19978072 1
69994283 0
70004643 0
39993675 10
58609 14
80155898 15
19793064 4
119999513 11
9040744 15
54819 15
10905728 10
20003292 12
50001761 12
79998029 11
40002344 4
140000596 15
100007781 5
19987713 7
72790 1
29980068 7
19948143 9
141559 4
19856013 14
59270 4
57419 12
28918219 11
26740 2
55659 8
10876578 14
20091971 15
79970430 9
28008367 12
11926048 8
80004719 11
37989783 0
12004127 3
39997645 7
19999282 1
20010562 1
20196840 6
79797241 14
20008652 14
129985650 12
9150374 14
24160 2
90842957 12
19994732 7
141019 15
40019244 14
19848784 1
20145441 3
79721591 12
99983662 0
24970 2
50104630 12
39874956 9
77929 9
19920043 10
130659 9
219870196 1
20010642 10
17988771 13
2092411 1
86309 14
25289 2
55540 12
54140 7
56889 14
19635186 4
8173793 10
61459 6
61109 15
151758125 11
9063245 0
10881748 13
35200 3
18962862 9
1021860 3
9046905 4
24620 2
55740 7
55000 11
10809638 9
61490 10
24990 2
54319 15
54870 10
53679 12
19722215 0
100067661 10
77940319 11
2106240 5
55880 11
19840844 4
65910 8
10929017 3
1049560 8
7101854 12
997470 4
61270 5
19791514 13
20010732 13
59930 10
58080 14
129882321 8
40000494 14
61012697 1
38977505 6
40000524 5
66320 13
63550 4
19872324 3
1037371 10
83049 10
54560 5
53110 4
68785214 14
60630 12
19930823 5
57989055 8
58140 10
11942508 6
20058041 15
215838 15
77728430 6
54170 13
61947149 3
20008103 14
20031042 10
59961107 5
20017902 14
157981427 13
152093892 15
59908848 8
24869 2
109972668 6
66340 8
71809 8
63799 11
36230 1
58439 9
39700907 0
98069 5
25170 2
9907306 0
19966652 10
99871053 15
100017301 6
112959 15
54410 8
19819534 6
39999265 7
39997105 0
19990672 0
20010592 7
20008253 5
89992585 12
20004342 12
8030175 14
55109 11
31916651 9
55450 8
98927252 3
31012779 14
59992757 13
28001727 9
82007470 8
103199 4
19904554 13
19991002 0
19998032 3
20013173 11
108090 14
23850 2
28892819 7
10959447 11
33610 0
56739 5
22800 2
49893712 14
8088924 4
54039 11
53590 12
11895688 14
54129 10
25419 2
39820686 3
150007821 0
20118362 9
58749 7
19815904 12
57550 10
58740 5
54749 8
59836309 9
59109 9
109948528 8
59979027 8
20020122 10
113749 9
39878166 10
148038 7
53980 6
19790004 4
79997779 0
19999502 1
178000259 12
60830 11
59759 11
56860 14
35319 3
31792552 5
74069 9
39926415 12
2029851 13
17981251 10
19993052 15
33179 1
10009437 6
64240 11
70579 5
20805065 3
79017588 9
29990099 0
30011358 5
66639 11
39925775 13
10086216 3
50911822 10
39076683 15
19936353 4
93899 9
34600 2
57519 15
8881147 10
91079555 12
57309 9
59771749 1
57640 12
59952567 5
100032321 15
