105289 1
34560 3
32679 5
19039275 3
56740 4
50020 2
18220 7
47580 1
51569 8
16000 7
49659 4
50330 2
20869 7
55890 5
54130 0
19554071 11
178001914 11
72679 8
149309 5
151849 6
154869 5
82089 9
157199 0
85949 9
154199 2
75909 10
144929 5
152639 2
161349 2
75889 10
160449 2
20252326 11
9993674 11
166718 6
180918 3
236728 1
184409 1
178569 6
76539 10
192149 2
153399 6
80800 9
166428 5
158999 5
181499 5
72359 10
46020 11
170799 5
16160 7
143348 2
53060 11
74819 9
150489 6
67980 9
145819 6
178488 5
248378 5
256978 4
220709 2
182368 1
162249 3
75349 9
158779 5
163309 0
73219 10
146049 6
153069 5
159179 0
156049 3
175048 6
16160 7
196659 5
55319 11
254888 6
126549 6
81620 9
62989 8
282888 2
58580 8
65549 9
150359 6
73490 9
150379 5
20210 7
165909 5
20500 7
74469 10
167669 0
165089 0
47210 11
163859 6
80549 10
169479 0
168539 2
128749 6
156799 2
125739 6
71959 10
150379 5
118339 6
144819 9
85890 10
601746 5
231808 0
294868 3
20330 7
527776 0
75489 11
191899 5
126629 8
140449 8
450596 0
211479 6
236788 0
16480 7
277808 1
227129 2
163448 6
777324 4
76609 8
73079 10
194918 3
200529 1
225289 4
52319 11
200589 4
356847 1
190559 5
240728 0
281788 5
371027 1
322637 3
65689 10
227268 4
18880 7
162679 2
81039 8
45270 11
70909 8
180659 5
141439 6
149139 6
19749 7
166888 1
146809 0
47620 11
10042443 1
64160 8
47699 11
80109 10
151649 1
143789 5
76899 9
78230 9
21969 7
158788 0
73880 8
163478 5
132508 1
88080 9
13000 7
65509 9
71920 9
167019 0
17840 7
162638 6
120109 6
154339 2
78629 9
147508 5
148689 2
45280 11
73479 9
147639 6
66940 8
133069 2
64779 9
75289 10
46239 11
147459 4
223008 3
174949 2
45870 11
69439 8
78360 10
67329 9
73549 8
148818 6
137919 3
146059 0
117169 6
132509 1
13260 7
78090 10
144378 4
187978 0
157209 3
59989 8
136010 0
161049 5
47920 11
60099 8
45310 11
143239 3
60739 8
143949 1
145919 6
141029 1
71019 8
134539 1
148848 2
68060 9
149599 4
125359 6
71919 9
158579 3
156529 4
140619 3
73969 9
144929 3
151059 0
145749 0
10086453 1
140359 3
160249 4
140768 2
73030 8
155469 5
47270 11
75439 8
145579 5
57789 11
144669 4
158449 0
132409 4
62410 8
16340 7
80170 10
151839 0
136468 4
154088 3
132319 5
61579 9
62209 10
131988 6
146678 4
15950 7
151989 1
123679 1
148489 0
73519 10
141209 0
144409 5
137239 4
72289 8
15780 7
66120 8
142179 0
122919 1
141379 0
141370 3
73170 10
135039 6
134909 2
58869 10
121769 6
166858 5
69510 9
156079 2
70270 9
126999 6
134779 0
46650 11
46460 11
71880 8
224409 5
190408 1
148778 5
45600 11
152549 2
46629 11
134070 6
142349 1
150359 5
70610 8
46409 11
144899 5
153299 2
11018676 3
148759 6
83639 8
807124 11
147909 2
150149 3
53169 11
159608 1
75440 10
161709 1
63130 8
63679 9
123149 1
141799 3
139579 5
69359 10
16340 7
213628 5
164379 5
63820 10
141570 6
148579 1
74290 10
150649 1
139888 4
127440 6
62869 8
60400 8
58969 10
143179 0
144129 6
158619 0
126429 6
10840 7
62949 10
10140 7
133259 5
10960 7
171799 3
65050 9
69250 9
15530 7
71509 8
80250 8
130528 0
12320 7
54699 9
140429 5
160149 0
201648 3
9750 7
142359 0
66970 8
151909 3
144169 4
131159 1
75010 8
143579 0
45649 11
130439 6
152399 1
71580 8
155079 2
151589 0
20510 7
73510 8
18460 7
75579 8
75070 8
68799 8
65150 8
140349 3
122519 6
139529 1
13440 7
157929 3
14730 7
160509 0
129739 1
135089 3
46660 11
61779 10
62970 10
63069 9
10095383 4
151389 0
74459 10
132179 1
123039 6
167619 3
16730 7
144219 6
136229 4
142549 1
128819 6
155139 0
226458 3
46840 11
178908 3
146569 3
150939 3
19740 7
153799 4
133639 1
132629 1
62199 10
132319 2
143679 4
68350 10
21651 7
14270 7
132839 6
16850 7
171629 5
137349 1
132229 5
127799 6
48380 11
57689 8
214399 5
173148 1
151709 3
69130 10
144868 4
144748 5
75219 10
99149 9
128409 6
72420 8
47419 11
80720 10
17459 7
69949 8
76740 9
73299 10
146119 1
46120 11
20119 7
139979 3
46920 11
141899 1
143259 1
159958 0
140679 4
145429 0
150839 0
45150 11
10340 7
135729 4
128519 6
61599 8
154369 2
72020042 11
176948 6
283418 5
17410 7
17399 7
18431 7
323898 2
528466 2
220758 6
192529 5
47469 11
658125 6
102590 2
109590 5
84629 6
115309 5
83909 8
100509 3
71709 6
103369 0
75500 8
49629 11
101770 4
77850 10
107759 4
99489 5
18459 7
105440 3
135119 8
84320 8
68949 8
90340 1
89979 0
85609 4
93290 0
83419 4
80079 1
92110 4
47809 11
18710 7
81279 10
47470 11
48900 11
93729 4
85579 5
78330 5
69059 6
48540 11
86439 0
79950 3
95459 3
18600 7
100879 1
18090 7
92049 5
94250 5
113159 1
77700 9
88889 0
45650 11
