135449 4
65869 10
63600 7
64229 3
64030 8
66900 9
65609 5
64060 0
65410 5
65629 4
63859 0
63140 8
68079 3
74349 5
63899 1
65499 9
66330 9
65949 1
64820 5
64290 10
65039 3
66269 2
65029 7
65729 3
67380 0
65269 11
64229 6
63810 1
69829 0
65239 8
63099 4
63379 3
66240 10
64339 1
66149 9
64050 6
66899 3
64839 8
64380 7
64879 5
65960 9
67599 10
66209 4
64770 1
70429 1
65879 6
63740 4
64339 11
66180 2
63840 8
64299 6
92159 4
64010 10
63389 3
63420 10
66400 7
62819 9
63390 11
63779 3
71769 7
64360 10
63919 4
63410 3
65319 11
64239 0
63750 4
63489 8
67519 4
65030 0
64649 1
65499 3
65309 8
64169 7
63440 8
70830 1
65609 11
64610 3
64099 9
63670 7
64989 10
62989 5
62880 8
65379 7
65639 10
64580 3
61339 1
65110 8
65080 6
64639 6
70420 8
64799 5
65229 6
65049 11
64229 1
63269 9
65360 8
63369 8
66459 2
64289 11
64289 5
64030 7
63309 10
62469 6
64270 9
63949 10
69359 5
63740 7
65339 2
64000 0
64169 6
62019 3
64059 4
66489 2
63930 2
63840 1
64899 7
64090 3
63579 9
63809 10
66880 3
67959 4
65239 5
64099 9
63639 5
63260 2
63479 5
64059 9
65959 3
65789 9
65360 2
63930 4
64919 2
66550 11
64779 8
64250 5
66479 3
72439 11
64210 4
65350 6
65989 6
65450 8
63859 9
62859 1
66700 3
64369 2
63769 7
64819 10
66239 11
64529 11
63880 1
63459 3
10092603 3
68209 1
67909 0
65780 3
68379 3
63839 0
67029 4
66709 8
68580 2
66429 11
67419 10
63780 3
67679 7
63599 1
66240 10
71759 10
66349 4
65750 2
65279 8
64710 8
65869 4
65419 3
66069 5
65419 4
66589 2
64840 11
63359 3
63109 8
65950 11
64179 3
72700 0
65370 7
64309 7
65120 0
64059 0
64350 11
65270 8
65589 10
64779 7
65970 1
65199 9
63780 6
63879 7
63829 2
64790 10
70039 5
63079 8
64830 10
65419 6
64009 4
63059 11
65919 7
65160 6
64409 1
64999 11
62389 1
70859 0
64270 2
64169 3
65519 10
76230 4
65710 7
65289 5
64540 7
66279 7
63899 2
63810 6
62349 5
63869 3
64460 6
62599 3
61610 7
64839 5
62080 11
60919 11
61979 11
67480 0
62789 1
61579 5
60519 5
63969 0
60610 11
62309 10
61100 3
63030 9
63729 7
60980 10
60919 0
63380 10
61440 7
61379 7
63390 5
70889 11
64559 11
62450 2
62789 1
63139 6
61809 7
62529 4
62590 7
64979 10
62659 7
63639 1
61979 11
62600 3
62269 7
62050 1
63940 4
67949 0
63339 4
62010 2
61479 0
63830 10
62189 6
63329 8
63570 6
63709 0
62670 0
62889 2
65390 3
62940 3
62569 6
63330 6
62239 3
68179 0
62350 10
61419 5
61810 5
63540 7
62509 9
62230 6
63919 1
62939 1
63899 6
62239 2
62560 0
63779 5
62580 1
62610 8
70319 7
63930 5
63329 11
64049 10
64690 1
64289 9
62139 5
62429 2
64009 6
61870 4
62909 6
62429 8
62770 10
64719 11
61810 11
63009 7
10119852 3
83669 1
76380 1
80489 6
77469 6
76179 5
75310 5
77279 2
78109 4
75230 1
78080 11
75449 11
86819 9
83519 7
79450 8
84170 10
83219 0
83319 5
79539 9
79129 10
80280 5
85609 10
85499 0
86389 8
89680 3
82460 3
82999 5
88879 9
78829 0
80089 0
79649 5
80819 2
76449 2
77900 2
80520 11
83089 4
92949 7
81499 2
80960 3
83490 1
77010 11
87449 2
78199 9
76970 0
78270 3
80999 2
80079 11
82169 6
83250 6
91900 3
85329 0
82999 0
80869 7
94009 7
83070 10
78389 5
84109 5
84619 5
82879 1
78050 9
80850 7
91089 2
84499 7
82399 4
88749 11
87839 9
76850 3
80339 6
89609 6
82929 3
76459 4
79799 11
82569 8
88989 6
82900 0
76800 11
83209 6
83099 2
81259 1
79560 7
85300 4
90109 9
84129 11
79769 10
84079 1
89068 9
78049 10
85529 8
84089 1
84339 8
81130 6
78479 3
81429 7
82949 4
82609 8
77900 6
83470 3
97549 8
87039 1
84059 5
83300 8
86090 8
80789 4
83149 5
81319 0
91009 4
78910 1
87549 4
99879 2
89709 8
83949 1
87039 0
85749 5
84539 7
83089 3
85929 7
81259 5
83119 6
82979 3
90560 10
10122812 5
94649 9
91219 10
96309 2
86989 11
94259 3
88809 9
89080 2
90709 11
90339 11
104399 7
82999 8
86709 7
91229 3
87159 10
91139 5
86209 5
98889 7
85679 0
85449 0
92439 6
96340 2
95239 7
82760 7
87779 7
92419 11
95159 5
89869 5
97049 8
96339 3
86989 9
88290 10
104688 6
85369 8
84719 10
86419 11
91289 8
89269 5
85069 7
88939 10
94779 11
102059 0
87519 3
97499 6
88429 1
88799 0
87670 10
92259 5
90390 8
88609 9
88769 2
86989 11
87249 9
94109 1
85490 4
91530 5
94629 5
87199 11
83809 9
93959 11
88479 11
89909 1
85690 9
85280 1
93479 7
86669 1
95779 4
90979 9
82410 3
88999 1
93299 0
92359 7
98009 0
87489 3
93299 11
93729 11
91609 2
96659 10
85700 10
97819 0
138719 9
96769 3
89710 9
82650 10
90209 2
90029 6
91279 9
114769 4
98079 1
100299 4
102569 11
97869 4
97679 6
100109 4
95849 2
103739 9
95629 7
115239 1
105649 0
95469 11
99089 0
101049 10
96219 7
105259 6
98540 1
103899 1
92928 5
9134831 1
102839 9
120029 9
104209 1
101669 3
105659 1
107329 2
111589 11
114289 3
101579 0
84659 7
87929 0
84489 10
91380 10
79929 4
90009 10
83999 7
85469 0
79250 10
91399 11
98179 2
79589 4
85379 3
78699 4
85260 4
80879 3
86749 8
82549 8
78809 1
84450 5
80570 0
79279 8
89189 8
76499 0
78049 11
80789 7
88409 5
81729 4
76859 9
80750 5
85290 8
83419 2
84739 1
84219 5
93279 8
80920 11
78690 10
92259 11
80609 6
79549 0
83200 8
85250 11
83509 2
84799 1
81739 2
85519 7
93208 5
81960 4
83279 10
82219 4
85889 0
87060 10
84210 7
79159 4
80399 7
80590 6
83530 9
86069 8
94259 3
82189 3
86019 8
81910 0
86810 1
83489 9
82259 6
83029 10
93219 10
84720 7
80129 3
80089 8
87499 0
79349 11
81220 6
85250 9
88139 11
79299 9
84819 0
84459 0
82459 10
81980 0
84549 10
83939 4
93449 10
80629 1
79969 6
84049 7
80869 6
82549 4
81140 0
79499 7
84099 10
88259 10
82229 2
80560 5
2149599 11
110419 11
107949 2
121519 4
117779 6
118849 6
114869 3
105949 6
137559 7
112909 7
114298 2
120618 10
116769 4
114869 6
114809 9
121069 4
118049 0
124379 9
117269 1
110629 0
117119 2
117079 7
118559 11
110599 9
115709 0
127918 11
112979 9
112558 5
126519 2
127579 6
113109 3
121348 11
112068 3
122709 2
124759 11
124599 6
126149 11
119669 3
117969 5
119379 10
119929 1
118009 9
133938 3
108588 10
120459 0
132849 1
114089 3
111969 11
110519 6
119929 8
130658 11
115208 11
113189 6
123759 3
119089 2
115839 0
119659 11
119170 5
116878 4
120079 10
309817 9
142979 5
137708 5
138948 9
146419 2
147398 6
332497 7
116069 6
110059 4
120269 11
126458 11
134638 6
105469 9
109939 2
126069 4
113189 2
130048 8
126529 11
127269 9
10160482 7
125879 9
129778 1
124729 8
121799 9
123439 8
119689 11
117579 9
133338 2
113579 8
117419 10
118189 7
119439 0
127559 1
121428 4
132119 8
131099 5
117609 2
120219 3
116479 3
111649 4
120969 2
115919 4
114449 5
112599 3
125399 4
112230 7
124169 1
113699 9
115699 7
115549 1
118559 1
113939 0
131019 6
124338 2
113809 1
115219 10
118999 7
120999 5
116698 5
112170 4
115438 6
117569 7
128439 9
115539 4
125369 3
117728 4
115479 0
110818 4
114119 10
128949 10
108509 2
118769 3
118469 7
116749 1
111328 3
115898 11
114169 9
112019 2
136109 11
120479 2
113249 7
121069 5
127199 8
122859 1
106829 1
120379 6
133438 4
112438 4
127339 6
130939 5
125989 10
120129 6
123128 11
126599 0
144499 0
106839 11
124728 2
121708 9
122009 4
124859 8
117919 8
120768 10
10176521 3
107459 11
123399 7
109619 0
114289 4
117709 3
113918 11
120170 6
147228 9
126189 1
117579 10
113488 11
122569 0
109069 4
128549 7
122349 1
126599 10
113118 6
115690 9
113458 7
111619 4
115159 6
116359 9
113669 6
116949 1
132728 7
107870 9
113278 8
112859 2
115689 5
116719 6
123579 7
113349 7
115679 11
127289 7
119119 7
122299 8
112919 0
128429 0
122368 7
117819 10
118079 1
123299 5
118199 1
123139 5
124749 7
106319 7
121148 8
115769 4
117679 8
125889 0
114869 10
117719 9
118239 6
113968 6
112159 4
114159 6
109969 7
115869 9
123619 8
125569 4
110998 0
122878 4
118969 5
117199 1
112329 8
109759 11
127779 7
117398 0
120288 1
105459 11
116139 4
115819 0
112559 8
129309 6
118469 11
136339 1
123509 5
134029 9
138628 8
129358 8
130489 3
139809 9
10148692 1
120739 5
105039 4
110209 6
108539 0
102939 4
103819 10
109909 8
111549 2
114409 8
99239 0
98059 1
106089 2
102259 9
101649 2
104789 2
120369 5
105749 6
107939 4
110159 8
101019 1
103709 4
105849 2
98079 4
105949 2
105039 2
108499 5
106199 8
105249 10
106409 10
99259 10
105779 0
113828 10
110030 5
105670 8
97150 8
106268 2
107179 8
111949 10
112359 6
101379 5
106629 4
102049 2
101169 3
110869 2
110139 10
116319 1
121979 4
104959 1
104179 4
107329 7
103379 0
102789 11
107899 1
103359 4
106859 1
123208 11
98629 5
103129 10
99009 11
106779 3
101059 3
105489 5
117609 5
108339 6
102579 8
107739 0
97789 5
102719 4
113219 7
102459 3
98019 4
97139 11
103408 11
101570 5
104290 10
96269 10
98969 5
99029 1
96549 1
134949 2
98070 6
97090 7
97339 11
93249 2
104839 4
99539 11
87539 5
91939 9
95899 3
83189 2
91019 0
93100 6
97139 3
85420 2
82289 4
10105202 11
107109 3
109619 1
93899 8
97809 9
90099 2
92359 11
93340 7
89729 5
97309 4
104269 1
87489 7
95699 8
87849 8
88869 4
81459 0
88180 8
86259 7
83729 3
84379 1
81909 1
82510 2
