374127 5
106989 10
152559 10
143049 9
89129 10
101300 4
242009 4
78199 5
53950 0
76489 6
26780 1
59120 4
62310 2
68639 2
55209 8
57710 7
53679 2
33480 0
19280 1
29939 0
51540 2
53650 7
48719 6
102929 6
21469 1
54610 6
30870 0
61329 7
53650 9
53120 6
56599 3
32050 0
19880 1
52219 2
4406677 11
270238 10
127009 0
86259 3
52849 0
94529 2
171798 3
59019 0
47610 1
57019 1
40940 1
136759 5
230058 4
126029 6
352128 6
239938 6
47630 1
111989 11
64720 11
105019 3
66309 10
122448 8
105630 6
58099 8
72610 8
82129 8
284538 4
75619 10
45440 0
110209 10
147799 7
184949 10
282587 5
124810 9
129139 5
225948 8
317318 8
135970 4
52330 11
99219 3
84370 5
316027 8
60840 1
189308 7
147279 6
464187 10
335787 9
86040 4
133230 6
118619 3
65040 0
171829 9
29508575 11
50890 6
51220 2
67960 9
98929 8
106229 2
105839 9
223118 5
263489 6
32749 1
65240 0
34050 0
78280 2
202118 0
80660 0
75349 10
83089 9
442597 4
84579 8
160909 11
89959 10
159659 6
365857 7
186099 6
38790 1
184558 3
180249 3
170668 0
196698 11
61759 1
85099 11
87009 11
501157 5
378697 2
214459 6
77609 5
59450 11
178668 9
240109 0
167459 9
129628 5
184579 3
491526 10
67230 3
37830 0
24699 1
73630 4
476716 9
147779 9
460557 8
460966 8
34750 1
94299 10
73720 5
59070 5
54990 0
69620 5
66839 4
166589 5
57070 4
74149 6
110379 9
127128 3
20249 1
25500 1
57740 9
60429 8
52460 6
19430 1
6525770 11
86889 3
260758 7
118799 3
75079 0
98999 2
75189 10
239288 6
67009 3
84089 2
59000 3
107109 8
101959 4
88479 10
112659 6
31320 0
31389 0
107329 8
124049 10
72049 9
153189 10
134179 2
114699 6
160339 10
107489 10
421707 4
130839 0
317257 10
146758 8
180719 0
242228 6
101189 8
59400 11
154759 6
265358 2
200388 9
78260 0
166338 5
70530 1
121389 10
214198 7
88800 8
123130 0
492856 6
97949 10
336418 9
62979 0
365017 4
276058 4
245028 4
154529 10
172529 4
70159 8
154399 9
80359 7
87150 4
97739 10
81959 9
148488 10
46363457 11
149519 4
407037 6
149049 2
102069 8
108729 11
398197 7
91889 5
87480 8
69289 2
114230 10
150199 6
19509162 11
277487 6
82270 2
160389 3
30799 1
208639 2
130899 1
147729 9
282418 7
390377 7
79460 0
113199 10
56540 0
185838 3
107439 11
429917 7
209268 10
172549 7
35450 1
121659 9
182398 5
109179 11
76249 1
193809 4
213808 6
147039 11
183789 7
103100 9
224128 7
449977 8
292817 6
192389 6
81239 9
135259 3
132409 10
140229 0
110009 6
254368 6
68580 0
9808495 11
421297 11
181318 7
104239 7
162389 7
297598 6
244058 4
71679 3
36640 1
123930 5
26240 1
139048 0
302338 2
25080 1
141749 6
241558 5
152719 2
218888 6
41120 1
228068 2
347637 8
188849 4
80539 2
61300 3
19390 1
95029 3
147319 6
201318 6
31120 1
170459 5
148959 9
136559 5
330707 10
71470 5
61549 11
133529 11
66860 11
76800 9
204969 10
39430 1
222439 6
164909 3
109129 4
74270 11
187578 9
296638 7
84909 2
149939 0
89590 4
62420 0
100339 2
36820 0
75569 4
73229 0
9385479 11
64259 8
115779 5
165869 2
199678 5
147429 0
410707 4
113299 2
124369 8
200269 6
100409 9
99719 2
227759 6
25140 1
76510 2
125329 11
66459 8
252878 2
135099 7
214569 10
192608 8
87309 4
89449 5
78019 2
265438 6
149409 7
198728 5
190588 7
39240 1
214088 0
375597 6
48389 11
64739 2
65119 9
3463984 6
29314537 11
289317 1
363698 1
113909 10
294958 3
130849 9
334127 8
94699 3
83149 2
83469 7
78470 11
100699 9
315438 10
222038 8
261758 6
76939 7
370097 0
92620 7
457456 4
113009 5
914463 4
430507 6
207818 4
54059 11
60819 11
59249 9
616355 6
534926 6
60160 2
96779 9
65680 6
72219 7
175769 9
268008 9
67389 9
172059 2
100569 8
453857 2
450656 6
191269 1
348977 2
315848 2
38760 0
221039 4
111919 9
550276 4
38119 0
52970 4
60999 2
79279 10
114169 1
85469 8
63420 2
59849 5
54550 8
58460 7
47309 0
54470 5
78829 3
56150 2
125289 1
53790 9
54309 9
53200 8
30152960 11
101399 10
415957 6
57959 11
287638 11
790414 6
68920 8
160748 2
153528 0
459037 4
93209 8
101099 5
178649 6
76980 10
325287 9
91489 0
74500 7
67579 5
520906 4
254908 6
193789 1
708134 2
321887 0
82589 11
70880 10
192168 6
51690 11
217358 8
85770 5
201918 4
453277 6
52669 11
154119 2
61200 3
108419 6
59049 7
111929 5
2681129 11
70680 5
322177 0
53360 11
41559 0
143199 9
70899 7
92049 7
150219 1
127969 1
112069 9
73120 3
168708 3
61730 5
514356 4
99989 0
303768 2
129979 10
252868 7
529026 4
819804 4
68239 5
539056 4
69579 3
52100 11
113379 8
604916 6
62369 5
904933 6
132649 0
71350 8
80839 2
74469 9
813523 6
381328 0
95019 3
272858 10
286698 2
10116663 5
226659 9
162018 2
139248 7
76170 8
357677 10
198428 5
