165159 10
108569 7
168449 8
129159 10
133590 4
143929 3
121799 2
111088 9
153108 8
121899 7
130930 0
117648 10
133428 1
157810 5
163968 4
176709 1
182478 9
132248 0
131610 10
149659 7
130919 2
153739 5
102039 0
110620 3
122448 11
124010 7
118830 11
119249 5
113719 10
123089 6
135349 3
116059 4
139179 9
123189 1
123199 1
132269 2
128569 0
120389 4
137949 9
114149 0
125869 8
123580 3
121328 6
115960 9
120189 8
127119 7
164418 9
116110 9
116789 5
107739 7
119339 10
121349 9
114889 8
117629 5
124579 4
111099 7
116719 5
115040 11
131539 11
116189 10
101169 6
111529 8
112039 9
133669 2
122039 4
151969 2
144589 3
136949 6
119999 11
117709 10
130909 7
127529 6
120699 11
116169 2
130630 9
149719 10
136509 7
147209 7
152779 3
131469 6
131319 0
122209 8
113579 1
123199 3
124629 4
116059 0
151849 10
182159 9
136269 9
197418 5
175259 1
288188 3
151799 3
121479 11
127419 7
123839 3
110879 3
114059 2
116279 11
171059 11
113459 5
113459 10
124529 6
127809 0
121769 6
111029 2
118929 11
160958 2
114890 6
121459 2
119669 8
103879 5
123399 0
113809 8
108929 2
162879 10
104349 4
109879 11
120709 10
117520 3
123919 8
126999 4
114210 6
139279 9
105239 10
98909 9
105749 11
118470 4
113819 6
111780 3
111329 7
117209 3
141099 3
112059 4
109309 7
106949 3
93100 10
101159 1
94079 2
101389 0
105980 3
117329 6
96499 2
101869 3
110489 1
111730 0
130230 10
138310 8
138510 7
144549 7
143739 6
119429 8
117009 4
114119 11
114480 7
125879 10
125389 8
139529 3
116879 11
126819 7
104489 5
123479 1
113349 0
122839 3
114369 6
109130 1
139039 6
129050 9
117200 9
158628 2
154128 3
98609 1
166348 5
243538 5
150049 3
101750 6
104650 10
122489 6
110149 0
141609 7
175488 10
121479 7
111309 8
109839 0
117189 7
118299 10
130049 2
117119 3
152749 11
121919 3
121599 10
118369 11
129639 7
120469 4
121730 3
109320 0
153519 6
103159 9
102469 9
111949 5
119789 0
118669 1
119589 2
119989 2
114179 7
155279 5
109200 4
126390 1
135208 5
124450 7
127010 6
121690 0
113249 6
133169 11
128359 4
117609 11
114199 5
125519 6
116029 2
110669 3
131569 3
120199 6
115628 2
108199 0
107099 4
107489 4
121749 10
122739 9
128799 2
163919 4
157239 9
124179 0
124319 3
127919 6
117649 11
114619 8
120109 4
166869 7
121089 3
119439 2
137349 5
135809 1
126369 4
149059 4
158279 5
119159 11
118259 0
119159 2
119249 8
123149 1
125049 10
128539 7
172879 2
146719 9
130779 1
143539 7
140838 10
156519 4
153779 8
190289 6
100989 10
108289 9
97970 6
103900 10
87749 4
92479 11
95370 11
108119 0
108819 1
110239 0
100929 6
121780 11
122548 2
119519 4
102889 8
107959 7
110839 3
136469 1
122239 0
124089 8
130739 0
143289 0
127069 5
122609 9
114049 11
138749 1
125029 3
106170 3
110439 6
111749 7
128959 6
149629 5
190588 5
153209 4
105989 5
129939 9
119819 5
106569 10
107219 5
125719 0
105909 4
146669 2
114849 11
108169 10
122409 5
110359 5
113130 9
108980 5
115829 11
148549 4
100459 3
111369 2
118719 5
114269 4
117329 7
136019 4
128349 11
108639 5
138019 6
123008 6
105639 1
109419 3
104169 2
108779 11
115919 3
130059 3
142729 1
108849 6
102199 11
115559 10
118049 5
114019 9
101949 3
116109 6
104939 8
132059 2
115850 8
114099 1
130519 11
106969 4
96579 3
105020 8
99130 8
89739 4
181709 7
82629 9
103099 5
89809 10
107909 11
120699 0
129259 7
109789 10
150599 4
147609 3
156649 9
121960 8
127929 3
296298 6
122308 9
137359 11
109579 10
118609 0
126729 10
128639 10
134889 2
141198 5
158768 10
120940 5
113130 2
104700 0
116339 5
115049 9
123899 2
115829 0
127479 7
147099 10
129719 3
106179 10
116360 8
148339 9
161669 2
160219 10
142279 6
135159 0
121959 2
114429 10
114699 1
118859 1
103969 1
126749 11
131039 10
112240 2
102560 11
111559 7
126539 1
105239 5
122489 9
96740 9
109219 7
124999 1
112159 7
112669 4
124959 9
109379 6
121279 5
112429 10
125760 7
142429 1
119519 3
117708 3
131439 5
112870 6
133849 3
119639 7
118369 9
99619 4
109139 8
119779 10
112479 10
110460 9
114848 0
116420 1
113799 2
115529 1
156039 0
115399 7
102879 0
128139 2
114599 4
106169 5
97950 1
95009 10
90449 0
109199 7
111539 10
92509 10
95349 7
127679 8
114239 11
114139 10
136128 9
173829 2
147819 11
113799 4
113429 0
116299 5
110659 2
105380 2
109839 1
111959 1
136649 7
115809 2
121019 11
130639 0
114119 8
125129 9
114690 1
108810 2
125300 6
100819 5
109909 11
103539 8
108479 7
121308 1
144799 3
115459 8
107579 5
159599 7
149939 7
136809 2
176939 3
122329 7
120889 6
101159 9
135509 5
104859 1
107900 9
102729 3
117449 7
112749 6
124759 2
111749 5
119949 11
122119 11
103479 4
115579 11
113439 4
112279 10
113509 8
112799 9
113149 4
160229 9
126479 3
113109 3
108039 2
101329 4
103419 6
112169 2
123749 6
118039 11
136828 4
103840 10
109880 2
102749 2
109899 3
110909 10
112069 8
104890 10
107690 6
172019 5
118879 8
111650 5
102599 7
111189 0
124159 7
126309 3
118439 1
135999 3
104150 5
103689 1
101999 5
109019 8
105219 11
112279 8
117500 4
113139 3
128699 0
115479 6
129839 7
177078 6
121889 5
136888 8
114919 7
114859 1
144169 6
100150 7
105369 3
113309 7
126749 4
127019 11
136209 1
145119 0
157889 7
154829 4
110599 0
115019 5
112599 3
127479 9
122449 6
123409 10
146129 10
130029 6
120329 5
123379 8
149349 4
141279 5
159629 11
154029 4
126269 1
109549 11
112909 1
121409 0
122909 7
107810 8
103339 5
126519 4
102129 3
101989 6
99379 7
96589 8
98140 6
102499 7
121479 4
114179 1
153759 10
118669 8
103939 3
96449 11
121309 8
123059 1
135719 4
136269 2
174818 5
133919 10
133049 10
140269 0
92820 11
123540 5
132499 1
126179 11
137919 1
134918 3
133239 10
142530 0
185209 11
143049 8
108139 1
135699 5
115009 4
132419 3
113509 4
108669 8
107769 11
130059 11
124519 0
110469 2
149749 6
115009 9
115969 1
118349 2
134989 4
121869 5
120729 11
112810 4
141239 2
116360 7
120779 0
113020 8
121619 0
122489 7
120149 6
108379 2
143429 3
117239 7
118929 11
119739 7
114119 4
119160 0
121059 11
106110 3
130649 4
111869 11
113839 3
119529 9
114109 11
122709 1
106920 4
108939 10
123659 10
131399 8
99839 7
102479 0
102259 3
82210 8
126019 3
106119 4
114589 0
113439 11
132549 1
121199 10
130699 4
148599 8
128969 6
114689 9
121780 1
111650 1
132339 2
112930 5
103699 8
118689 5
122049 7
124679 11
133159 2
127629 4
177379 10
112069 2
110649 0
100569 2
91829 8
108289 1
127709 3
116809 9
118119 6
178189 6
118659 3
151488 5
101959 7
138559 6
122509 6
135759 4
176589 0
150719 4
114400 4
124299 8
127219 2
132450 6
115728 11
144659 8
119539 0
109409 9
122849 9
106439 2
124489 4
104999 4
118819 0
119330 6
144658 2
115450 1
112300 3
110109 6
126869 5
115649 2
120549 4
120419 5
174839 11
110329 7
120339 8
110499 10
106689 7
112990 2
111239 2
111049 2
159309 6
108429 6
118849 10
114319 11
120129 8
117039 9
132709 1
119229 10
123809 3
155299 11
108079 2
109320 6
122990 10
120100 10
123669 4
108979 4
123339 10
116349 6
97569 0
90299 2
94639 9
106989 2
114039 1
108349 8
118990 4
120450 0
145059 6
128179 5
126819 3
129210 4
138079 4
117079 6
123399 7
125950 6
154879 3
124990 5
98709 1
118909 4
110959 0
129399 1
124179 6
135899 9
198639 6
121439 6
136159 5
112320 2
115989 4
101649 6
111279 1
104119 6
164229 2
117969 5
131919 6
123979 2
131569 10
149329 0
129349 10
175519 0
114529 9
110179 11
103549 8
96120 4
109040 6
123769 7
114319 1
122999 4
133729 6
115019 9
121179 7
112309 4
122509 4
98540 8
101469 5
114159 9
154519 0
114009 0
111849 1
118179 9
129759 0
130109 6
382987 11
125229 0
124679 3
121979 11
120339 0
110759 5
103639 3
127689 9
160049 7
107399 3
119949 8
101339 3
115129 0
112079 3
132619 4
121548 10
123779 10
137979 9
117520 9
105889 4
110649 7
100399 11
110080 3
106040 9
111979 11
107809 4
140029 7
83919 8
120229 2
128639 1
96080 8
107660 10
118189 5
111729 0
3358784 6
94429 8
97649 10
134709 0
120469 7
146009 9
123909 5
136599 5
116299 5
103199 10
120219 11
102640 1
103970 6
108019 10
101749 0
102199 11
116809 3
107159 6
103430 1
102979 11
95069 5
131439 8
120349 9
128519 8
107800 6
128529 11
100949 1
135499 3
128699 1
127549 1
136979 7
130839 11
156649 5
121919 8
102849 0
102099 9
118539 2
134739 10
122199 10
113849 0
115299 9
144959 8
147729 2
152779 10
142469 10
108659 6
136159 3
113519 6
138259 8
105080 7
112480 4
98719 11
109509 3
101489 5
115090 10
113070 0
110230 8
145929 5
102799 7
84199 7
86990 0
87360 11
106859 4
108469 3
95620 0
109639 2
97699 11
182118 7
116499 4
103530 3
102499 7
108579 4
111889 7
121369 0
127150 10
161298 11
160899 3
128319 9
127859 3
133379 6
137869 6
120559 0
151229 2
117049 6
120179 4
127799 6
137859 11
134519 9
111459 8
122339 0
134839 1
99409 7
134430 2
120979 1
318358 6
169719 11
168528 9
131328 9
122469 9
135919 8
135998 3
127109 6
116739 3
125069 7
152019 3
110689 6
127439 11
122809 9
119729 5
120649 4
102259 11
123109 7
138619 1
115459 4
125119 10
122290 4
145078 10
122200 4
123208 5
147519 2
213269 6
149099 0
133110 2
136779 9
113929 6
106519 10
103369 4
127749 5
104429 8
97509 9
105920 10
113419 5
106209 8
102749 7
113449 9
105399 1
134130 10
107190 0
95189 10
101689 11
109250 11
110439 4
109129 6
110749 0
105269 3
150329 10
78049 7
105130 9
100629 9
90109 3
228498 4
108630 1
98250 3
96079 2
108189 1
91670 4
89730 7
90279 3
87689 1
82040 2
72809 6
64740 1
65149 6
60400 8
57260 4
70380 3
76729 7
82940 0
64799 9
79400 1
92690 2
176749 4
101570 8
69679 2
