102879 8
90829 11
65570 4
85004342 9
65149 10
86260 5
59210 2
53560 4
64159 5
56560 1
52409 6
63000 11
49600 5
116059 0
59299 11
8450296 7
143759 0
128919 10
32759 1
61420 10
155449 9
86709 7
64350 5
51009 2
64180 4
32699 1
122939 0
77020 9
84169 0
71420 8
64389 6
160779 11
82400 7
92229 7
86059 10
130719 8
51670 11
50209 10
164109 0
126069 0
74830 11
182829 2
193649 2
88569 3
134589 10
36520 1
118879 0
95699 9
66560 9
76690 7
110589 9
62449 4
124288 6
149690 0
136390 4
67040 10
64280 6
118950 2
30580 1
54560 2
77819 4
67440 3
88229 10
86660 1
60130 7
140259 0
60579 9
96229 1
142119 0
34209 1
62379 4
104349 3
67830 5
75629 2
93119 11
97380 2
104279 3
64729 6
80260 5
29030 1
111620 0
88899 6
69219 10
64890 5
88469 8
78740 2
114099 8
145119 3
88379 10
114609 2
62230 10
77789 10
168089 0
59499 7
56540 4
72990 11
77819 5
74100 4
135399 5
62219 2
61260 8
28580 1
100680 7
61779 6
122619 6
72240 2
60139 3
68100 7
114669 5
95249 9
57160 10
72929 8
55240 10
204768 0
57020 9
62219 11
10030063 7
58930 2
55400 5
153589 9
78069 9
58370 5
123589 5
58949 7
34100 1
57440 5
54699 11
68569 5
70529 7
31420 1
66209 7
77709 8
68010 5
66569 9
54780 7
49300 2
120829 8
94419 6
113260 6
92349 9
102849 0
79819 5
103579 2
101139 3
64039 1
68439 6
124029 0
30910 1
53079 6
99530 10
58599 4
107499 5
60940 1
51589 5
61250 10
96489 2
82430 8
53189 3
53380 11
60140 3
66460 8
32040 1
52629 2
111479 11
65920 9
98339 9
54370 6
59199 10
51440 11
57490 7
124599 0
97839 1
46099 9
47029 4
54420 6
48519 6
93689 6
50530 4
61940 7
52849 9
61830 5
94849 6
112589 10
73050 9
61469 2
55180 5
79389 2
87670 5
63539 5
56360 10
115049 1
161199 1
83349 11
53010 3
32669 1
61509 4
56439 11
50550 11
54010 9
35719 1
36049 1
58770 7
147149 0
81839 2
56399 11
136379 0
102500 3
109109 0
86859 8
97429 3
139999 7
56399 7
32030 1
89739 3
119389 9
131309 9
42370 1
59739 6
69079 10
59529 9
68010 2
135019 5
150989 5
91679 6
79409 10
85049 7
85129 7
58950 3
128679 6
115729 0
110029 4
127749 5
60229 3
61979 7
60330 6
86949 8
79349 6
52080 4
100559 6
76579 8
77409 5
65060 4
65180 9
92449 5
53980 11
52519 5
218668 6
167598 0
68900 4
132489 11
49190 6
54429 4
45200 2
47140 2
293268 0
53750 2
50649 6
66549 3
53400 2
57080 2
51860 9
59449 5
60460 4
59999 5
147999 0
64320 5
115349 5
88069 1
50950 6
97069 3
56860 4
61759 8
47800 11
108139 3
53390 4
54230 10
7120616 7
159059 3
64869 4
66490 6
61349 9
286238 0
220498 0
91080 3
126469 0
109519 9
141179 9
87599 9
89569 9
101599 7
93089 5
133029 6
134539 3
195419 6
92399 10
106849 7
60880 5
30540 1
74639 9
176619 11
128469 11
167169 7
103830 5
150978 11
233668 3
63479 2
62730 8
55489 11
115250 7
124519 11
45120 1
70170 6
149410 10
74729 4
78569 6
148359 10
108269 9
33370 1
56540 11
69679 10
92900 3
61909 2
129719 0
39130 1
124079 0
90219 10
94199 4
41100 1
105999 4
86159 7
140398 6
66630 9
131209 4
153739 0
53599 11
71400 4
229598 5
75029 1
83609 5
72879 9
62850 7
205528 5
364238 6
84849 8
92739 1
118419 4
69750 3
82829 4
112029 9
69490 9
112919 0
156798 8
247518 3
56049 5
112689 1
107569 6
55919 2
29921182 9
47720 4
22489 1
68309 7
69220 2
84040 11
78139 8
225069 3
72869 5
70660 2
74040 8
136819 0
90259 5
110459 7
148479 9
106350 8
180918 8
88969 4
131259 7
226739 10
131108 0
160779 7
93770 10
180629 2
192399 7
99389 3
123629 11
277757 6
61269 10
69059 1
117809 0
108819 4
129239 0
117139 6
95189 11
96910 8
70399 6
81899 9
215809 10
160509 8
87510 4
123919 10
144359 6
143799 7
167318 4
182858 8
259218 3
57910 1
249108 4
143539 0
152309 7
103080 10
88839 7
182519 6
79609 4
70089 4
139188 5
186919 2
67119 7
131059 2
107170 4
100910 1
106519 0
56400 11
127280 4
147929 1
65589 1
71669 8
63439 6
291578 2
99479 2
132369 0
296688 6
90239 10
62199 4
60199 5
9965014 7
80690 5
121228 0
117780 0
107179 0
107869 1
80699 3
224089 5
100169 2
186698 3
49660 1
116689 1
125959 3
87980 10
149499 0
165728 8
125039 8
116210 8
140718 3
75310 5
196528 3
98510 4
159579 0
68530 5
108799 3
58809 3
83679 8
84889 5
91110 6
222579 0
84749 8
147369 10
291528 6
144549 0
196558 5
101899 8
67509 4
90889 7
136059 0
58120 4
87979 11
71289 4
123340 0
64149 4
130169 0
32520 1
30299 1
70149 3
35100 1
73809 10
54030 7
60929 2
69820 8
59259 3
56200 2
48349 11
55719 9
137239 0
106059 7
56140 3
28920 1
86969 7
54780 7
55880 8
58250 5
55949 2
24870 1
64380 3
62510 10
60529 5
62029 3
47830 5
49429 5
131219 0
1751667 6
29200 1
127499 7
53119 3
62230 7
111349 9
76379 8
53070 6
2027975 10
8109409 3
75619 10
372487 6
86260 7
89399 9
131399 7
67670 3
64569 11
153829 1
142439 7
175278 0
126699 10
102249 7
70909 3
116709 0
122319 5
70710 7
89119 2
102979 4
139529 0
76089 1
147808 0
52010 11
71780 3
123559 0
179249 1
140319 8
172729 9
127649 1
69199 6
177539 3
161179 6
165269 6
48629 3
280328 0
62249 6
5675666 10
85860 8
66960 4
119089 0
83670 8
65929 10
124009 2
74060 6
71200 11
237748 6
95830 5
151878 3
61200 2
89349 11
51090 7
86649 3
68269 7
58970 8
81428910 9
63919 4
59730 3
158359 9
117529 0
90879 6
138659 0
286568 3
63219 7
119950 4
387897 11
131868 3
106839 5
65499 7
59130 6
99699 6
38820 1
77799 3
149919 0
75299 3
94139 7
136088 4
235219 8
80189 5
95800 5
71070 7
219578 4
101790 9
91679 11
104809 11
86989 8
129859 0
122929 0
88420 10
109599 3
123649 4
63730 9
33359 1
108919 4
173968 3
159209 2
31940 1
114879 7
93549 7
184498 10
176299 6
103000 4
134310 1
95930 9
141209 5
57259 10
173649 3
230378 10
158869 10
128469 11
90439 0
49685721 9
40901839 7
53099 3
42030860 9
125429 11
55210 5
582536 9
103339 10
195379 2
250978 0
92519 9
108569 3
148689 11
60980 5
94209 9
90419 9
275228 9
453967 9
117009 0
64509 3
119279 0
96019 8
187858 6
78410 10
251158 6
167289 4
86449 8
163488 9
158368 3
292698 9
216789 9
124368 5
130748 8
214149 8
129359 3
174829 0
102169 5
114539 1
66010 4
84949 11
10139003 7
74349 10
68520 5
65889 4
126269 0
89010 4
166318 11
165108 3
260898 4
78180 6
193558 5
138709 5
65939 11
109820 6
99899 8
115349 7
188539 3
84989 5
146649 3
109869 2
62719 5
154228 2
178689 0
93129 8
62530 3
74229 6
48060 1
86659 7
36220 1
149509 4
220268 7
142179 0
28020 1
126179 6
85969 5
63270 10
178698 0
28420 1
235078 4
96019 11
60989 5
173099 6
60089 11
54750 7
229978 11
112969 6
139279 7
61700 2
90579 9
102969 2
30370 1
148379 9
121959 0
194768 6
53950 1
105779 9
67930 1
67159 1
52670 6
109239 4
75520 3
97230 9
181098 5
169669 2
53760 3
67710 5
76579 1
29349 1
193989 3
165558 3
161349 3
121079 0
133528 4
82340 10
101139 6
88309 2
214529 8
207058 2
80230 10
282798 1
104650 2
121919 5
65229 1
142129 2
90139 10
95680 3
89430 10
68329 6
97280 4
175538 4
90850 7
95639 7
71999 7
181029 6
163419 0
78370 4
132549 6
74329 5
125849 8
67500 3
65739 6
128689 0
27850 1
55500 9
26639 1
26770 1
50930 6
50369 9
27700 1
112939 0
62200 11
8822743 7
116850 6
34949 1
189998 8
74809 10
111070 3
64749 6
181599 0
159848 11
97359 4
83609 7
94239 6
52320 11
105809 7
148209 11
148589 0
80299 11
130199 0
132289 2
76260 9
234048 5
67430 10
75659 4
96879 4
154469 2
124389 8
134559 3
154319 4
66159 10
91439 2
93009 3
55549 8
79729 3
29820 1
75450 5
52269 1
92250 4
106099 3
83300 8
56890 11
139989 2
179099 5
133579 5
152969 5
88669 1
106319 9
98629 7
107020 6
68940 10
30080 1
56249 11
70270 5
97219 7
120629 4
56910 3
1204530 8
75040 11
82349 3
87480 6
62370 4
118429 7
85330 4
163439 0
160549 4
83020 11
88480 8
121739 11
115479 8
50660 5
57199 5
33100 1
61569 7
59830 6
120159 0
2522491 3
55859 4
76380 10
53139 4
347067 0
7505343 7
55239 4
115810 10
390637 5
71370 11
108089 8
59380 4
255988 5
379877 2
74029 8
247998 0
126800 4
512496 6
186388 10
597885 3
75360 10
52589 11
104149 10
302398 0
458376 3
171129 0
118089 0
234898 2
448136 1
288278 5
1417680 4
255138 2
278667 2
46619 11
234618 0
88810 8
230098 4
71419 7
78790 8
654415 6
74269 9
10533400 4
266338 0
67409 9
48510 11
103949 8
54870 7
54809 7
255638 1
90870 7
115559 10
79859 11
50980 7
83229 10
490987 5
54660 11
260928 4
463697 1
62320 11
68499 7
95480 10
269518 5
787034 4
73449 8
429817 3
505796 4
556336 1
404827 2
73049 10
423407 6
120889 10
536496 1
73349 10
58220 7
53479 11
510407 2
64110 8
723425 1
666844 4
286107 0
601816 4
435146 3
180068 1
214029 5
8578174 7
171879 4
213998 4
551066 1
145719 0
218678 5
250808 4
53000 9
55319 7
54529 7
186628 1
233128 2
546165 1
334747 4
53820 7
