8050 9
6030 5
9190 0
17990 5
11440 4
7010 0
11040 8
13570 3
3960 5
480 1
18330 9
7840 9
309 1
7100 5
7260 10
3900 3
9350 2
9150 7
5070 3
11450 0
9883675 11
5330 6
1230 1
6550 0
4439 8
3551 4
4309 3
7371 10
449 1
12030 9
4570 6
4940 3
7090 8
34800 7
6000 5
10800 9
7650 10
4090 4
380 1
250 1
4300 6
9180 4
4200 11
5759 2
24720 8
6899 6
5670 4
4680 10
3170 3
5700 10
23120 7
12740 9
3980 11
3630 3
51580 7
4760 10
3629 4
5540 3
7090 11
5450 0
4130 4
11130 8
6610 4
2990 0
320 1
7000 3
6800 8
4980 7
8880 8
410 1
2870 11
7080 3
19700 9
5849 7
3029 10
4731 5
9269 8
10251 7
6089 10
7750 3
800 1
6510 8
4630 6
4550 6
4010 8
5640 5
5690 6
5100 11
310 1
4440 9
10760 8
22280 8
36840 2
2749 11
6270 5
15590 5
8180 7
16030 2
4440 0
9629 6
10051 3
8330 4
9900 2
11270 2
16550 1
9590 7
4260 3
18430 9
7530 10
3700 3
9600 4
4090 5
10490 9
4520 5
6051 2
7129 5
5990 9
8540 3
6450 9
4520 2
3370 4
7330 2
3910 11
3940 8
4020 5
9930 3
3460 11
6260 4
4230 6
3380 6
6720 8
18410 9
340 1
3089 3
4600 2
21531 7
8370 10
3120 11
3210 11
340 1
4190 3
5760 3
330 1
6480 0
3030 3
4760 3
4670 0
6840 4
4440 8
11670 2
5960 11
4390 10
4180 3
8800 7
310 1
4400 10
12139 10
5140 4
7360 2
10320 8
12559 8
6650 4
6640 3
4660 5
4940 4
3850 2
3120 11
6340 3
6630 8
3040 11
14890 3
6400 0
9670 7
5810 7
4730 0
2779 0
3220 11
7869 8
3400 10
19830 7
470 1
6290 9
3930 6
64100 7
3430 2
14770 10
4660 5
2989 8
4660 10
4029 6
19200 11
1970 1
7930 0
6540 2
10940 3
8830 10
8750 4
29800 7
4360 5
30810 7
10250 7
5270 2
18280 6
4830 5
7090 3
3790 6
13770 3
5060 7
4230 5
6080 11
2990 11
4220 11
2580 0
380 1
6791 5
8171 5
3809 0
4020 11
5149 10
3620 3
22120 9
21940 7
3080 10
6270 0
2930 10
7310 7
11720 7
6930 5
3200 11
2750 11
3620 2
400 1
4120 6
3811 7
4229 4
5520 7
11599 10
6770 7
710 1
8080 11
5210 3
17150 7
340 1
4850 4
5940 0
3130 4
4000 2
4910 0
15400 10
4240 6
5880 8
4210 6
12959 0
7500 0
4091 2
3731 3
4920 3
4319 6
3600 6
4230 3
5560 0
7790 10
14900 5
3820 5
19000 7
3870 9
4060 6
370 1
260 1
3740 6
10650 2
7360 0
6140 5
370 1
7429 8
8280 7
6360 5
3671 11
4459 10
340 1
24290 9
5790 5
6560 2
4430 6
5200 4
16360 7
12250 3
460 1
240 1
4210 6
5280 6
8619 5
7920 5
10140 2
7579 4
710 1
3690 11
3450 11
10660 9
17190 7
3790 8
6820 10
9170 0
4650 5
8140 9
5370 10
5130 5
3830 10
6210 0
3600 8
4960 3
4220 3
5320 5
7760 9
2660 0
3251 0
4740 5
4739 2
6770 2
4790 2
3480 11
3060 4
17480 7
4760 2
3590 3
420 1
3040 11
5220 2
6660 9
10380 0
8670 3
5280 2
3780 11
6840 6
9700 6
11700 3
5949 0
4729 0
14390 7
12990 7
4990 10
3990 5
4300 5
6600 5
900 1
4590 9
21890 7
3230 2
7230 7
5550 4
3570 11
4090 9
10600 3
7609 6
5291 6
5520 3
10860 4
7330 11
7170 8
3330 6
13100 0
3790 11
3260 6
4560 2
900 1
17450 7
5210 4
14950 9
3500 11
5070 10
370 1
14109 9
3880 10
11900 8
309 1
10910 8
6630 6
6750 3
30390 7
4750 4
4300 5
10880 8
5280 8
6930 4
6340 5
5070 0
4070 4
370 1
4690 4
3780 2
9440 8
460 1
3590 0
7890 5
15600 7
3310 3
7950 7
2940 5
3560 6
7960 3
8810 10
3220 5
5429 9
7880 10
11470 2
4300 11
4500 3
4620 9
4710 2
2770 11
3120 11
22620 7
5490 8
10890 7
4710 3
7890 10
4220 5
4100 5
9030 7
2650 0
3689 0
5860 6
4509 2
7669 7
7051 7
13470 7
4660 11
4330 5
5440 5
4890 8
6780 3
4230 9
5850 10
4770 6
5760 8
3490 10
3650 11
7480 8
10920 5
6040 7
4360 10
6460 11
4029 0
3811 3
4480 6
440 1
8900 0
4040 10
4260 5
6569 8
5780 9
16090 2
3360 11
8210 9
450 1
4290 4
4610 5
6730 5
3870 11
14880 9
3440 11
3380 11
400 1
8560 9
350 1
5130 7
260 1
5560 4
10389 9
5209 3
340 1
4349 0
10890 7
3340 0
5790 3
5280 0
11010 9
4840 3
15610 9
5950 10
3820 2
12000 6
20460 9
4169 4
440 1
4491 4
3860 11
10080 4
5309 6
4060 4
4440 2
7010 9
21600 7
420 1
3320 0
4200 11
6320 0
5360 10
11190 7
3560 6
370 1
290 1
3910 5
2150 1
9740 9
23260 9
389 1
4780 3
431 1
4789 2
4291 11
6919 3
9880 0
17520 7
9620 0
4660 10
4470 10
6830 4
3510 10
6780 7
2850 0
6020 10
3460 11
14520 2
6060 4
5160 3
3651 4
3300 4
3149 3
46840 8
7860 8
500 1
5150 5
3400 0
3970 8
3560 8
3920 0
3780 11
9090 7
7710 5
3770 4
32370 9
14999 5
3820 8
5610 2
4130 1
6510 5
3320 8
4180 11
7350 10
2830 11
11540 6
4690 0
6800 8
3230 11
5280 2
1860 1
7370 2
4200 7
12300 5
8760 4
6900 10
6580 4
3309 0
7009 10
5590 7
7380 4
4670 7
7550 6
7540 9
490 1
5300 9
4610 6
7390 10
2980 10
27600 7
6812098 3
6300 8
5800 0
3756051 11
8380 6
20230 9
3280 11
7540 9
6140 0
3400 0
5289 10
2551 0
4840 10
3960 4
6139 10
730 1
7540 6
18490 7
6980 6
5530 4
3800 0
49320 7
10310 10
5600 10
4827553 2
4420 5
4310 11
4690 11
3919 2
12360 4
3940 6
5120 6
19050 3
4420 6
8050 7
8240 7
24000 2
7630 10
7680 4
6910 6
7640 9
5240 4
4230 0
15259 9
840 1
8211 0
4191 2
12790 7
3460 11
5600 9
5230 0
4140 11
19160 9
4210 5
12230 2
4580 6
6880 3
4290 11
6780 3
11050 2
6260 11
9979 6
7940 11
12669 3
5869 5
4260 10
860 1
44040 9
9110 3
4340 10
8570 0
470 1
8750 3
4150 11
10470 6
7419 8
5689 11
6540 11
8771 6
10880 3
11510 2
7020 0
6630 11
4760 5
15430 4
5750 10
7980 9
12300 5
5680 5
8370 4
6510 11
5960 11
17090 6
11430 9
7480 2
8660 4
5090 2
8660 8
5960 11
9030 9
23389 7
11390 9
1360 1
10360 8
9440 9
3810 8
6880 11
7890 9
6920 2
7560 8
11730 10
9070 7
3490 0
1410 1
9470 4
8989 8
11171 5
32929 2
8500 3
3310 3
6310 4
4490 2
9490 4
11000 5
9750 3
11660 4
26620 7
2131 1
7880 9
22490 7
410 1
370 1
5800 0
5400 6
15950 2
800 1
8910 10
31000 7
12100 5
10730 5
8871 4
6520 6
8791 7
10989 9
5490 4
10290 3
3760 4
6250 0
6950 4
4940 10
3690 10
17680 2
5670 3
11450 7
410 1
5480 3
4130 11
6600 9
10760 2
4229 11
11900 2
7689 7
4110 5
5040 8
410 1
370 1
8390 6
8360 4
4890 4
19940 6
4300 5
8750 10
8210 6
6070 11
3130 0
10520 0
2930 11
4580 2
9769 9
6909 4
4431 8
3809 8
3980 10
3920 3
7110 11
6500 6
9040 9
2870 1
4340 10
9340 11
3560 0
9260 4
5691 7
429 1
5429 10
6131 6
16249 9
8600 7
8510 4
4860 6
14820 9
11860 6
340 1
7090 7
12100 9
4970 8
6500 2
3930 5
5930 6
4169 7
5051 7
3169 11
6371 7
4989 7
5390 8
24670 0
4660 0
4270 7
5210 10
340 1
4430 5
280 1
3430 5
5180 7
16130 7
12480 8
5300 4
5680 8
8749 0
14811 10
10809 9
4370 6
3540 6
6200 4
6160 6
9170 7
5860 9
5570 8
4240 4
7110 0
7170 4
3670 5
360 1
6300 8
3710 11
9710 7
4330 0
280 1
7070 11
5150 4
4109 0
3360 8
3140 6
3671 11
389 1
8200 5
9060 9
8820 8
5120 8
10230 3
3940 9
6790 1
4200 5
5920 4
5130 6
2930 0
8020 4
4340 10
5050 8
6140 2
9020 8
7270 0
300 1
3149 2
5700 9
3449 2
9831 2
5380 5
7049 6
9360 4
10020 2
7930 2
4730 5
5610 8
5150 10
5670 10
3600 10
3120 0
3720 10
4830 5
6020 8
10320 8
6780 2
5500 8
4230 10
4380 6
3980 5
6080 4
7300 2
11170 3
6110 2
3600 10
420 1
4590 4
340 1
4220 4
6410 7
3420 0
3670 11
320 1
7420 4
480 1
4500 11
4670 5
4270 10
4680 11
5370 3
5610 3
4390 5
3920 5
4220 6
5220 8
5180 0
4049 5
8251 4
5369 7
4160 3
4151 4
3449 11
5710 11
3840 5
5570 10
3850 10
3320 5
360 1
320 1
8540 2
5140 6
4190 7
4720 11
5260 2
7560 4
8840 11
4290 5
4670 9
6100 3
5310 2
8420 0
3660 6
6270 3
3360 2
4609 4
3049 11
4860 3
360 1
10719 8
5710 9
4570 2
3010 11
9270 7
4180 5
15840 4
340 1
9770 7
4870 8
3770 8
4630 4
2890 0
4920 8
6500 7
3590 3
340 1
300 1
6290 2
