185849 17
116299 21
128349 18
163139 20
182058 21
152929 19
148779 11
128229 4
127449 9
144769 15
141609 17
143309 6
141439 2
104319 9
108499 7
116529 6
139809 23
144659 21
147369 17
132759 8
110219 19
118139 12
136429 3
131559 18
209769 9
192958 11
159439 18
162779 8
150869 0
141389 4
136629 4
147209 8
139869 19
138299 15
135019 20
135089 3
135449 20
129199 19
123959 12
111839 23
103379 6
103059 5
118369 15
115979 4
106969 13
118310 10
167448 20
191809 18
171019 3
137719 22
140729 8
167459 4
148008 18
141279 6
143219 0
160359 17
140449 1
141839 12
132299 10
136679 13
119759 18
144279 9
137979 9
131459 11
144999 6
139299 0
125550 23
131439 7
135208 5
124839 15
141359 19
123499 20
135209 5
141119 15
133119 3
123499 9
128739 16
119449 20
124279 19
123599 1
128509 22
130919 1
129168 4
119639 14
121659 21
116709 15
127369 19
124479 13
120129 3
125630 21
122659 9
125170 0
127339 1
132689 21
119669 10
121879 21
124939 4
130259 5
120359 13
125220 0
125790 5
129200 19
124819 21
122229 17
123589 7
189059 19
122789 11
125809 4
133019 16
132159 9
125289 16
131709 21
130519 10
126379 10
121629 18
128830 22
123819 16
127390 4
117229 1
133319 5
132089 22
121649 17
123049 10
129139 9
134599 21
134449 10
124519 21
124928 12
131948 4
124479 0
118359 12
128079 20
123509 0
125229 15
123159 18
123899 11
132269 17
123990 13
123219 13
121919 3
121459 12
131109 21
125979 3
125989 8
141289 20
122809 19
124929 2
130779 23
128808 3
128119 21
117120 9
127399 2
134719 20
127129 10
120079 4
125709 16
118049 2
122769 18
123839 20
123489 1
128159 22
123729 9
132399 4
121249 22
119669 4
120219 18
124689 1
121310 3
135300 18
128300 22
131569 23
123789 10
122059 23
119519 6
125179 17
121669 9
130189 23
125439 5
128928 17
122080 14
121019 5
124459 8
123929 22
124639 1
128959 20
122219 10
125119 22
122539 15
121679 15
121979 17
125589 13
119829 20
126999 2
125689 2
121689 17
123509 9
123359 23
122530 10
122469 20
121999 6
128719 0
122909 9
126829 15
123729 12
120939 16
125848 5
125499 19
133070 0
139829 9
124739 16
131169 5
125959 19
122469 1
132509 17
122279 12
120759 21
145509 11
123420 18
129168 10
124050 23
124480 7
123409 14
126879 16
160269 8
124689 8
113719 17
114219 5
112990 8
114810 12
116330 9
126219 4
151429 18
122839 19
122619 17
127129 5
135699 11
141909 13
127699 3
126759 12
145449 12
127089 3
139109 12
128800 15
126128 20
126639 16
121869 6
126749 13
144729 4
145479 12
149519 5
153328 19
147319 22
146130 21
167908 18
150919 2
158649 18
150629 1
146849 16
162699 23
155159 20
158808 3
158469 6
169959 14
154079 1
151019 5
154979 22
156329 20
149409 21
159628 2
159679 16
172369 4
153959 13
167769 9
154019 14
167069 3
161279 5
154879 18
153209 16
154119 9
168729 15
166559 23
161558 1
162908 4
165339 15
166429 15
179889 11
178928 16
153769 9
157129 16
165529 10
165269 19
161218 2
195908 20
199269 7
176309 6
176979 16
197959 1
178078 8
185009 20
188619 13
199849 20
214479 8
177038 17
190719 14
192229 8
187338 8
183978 2
221879 3
175189 11
188919 13
197988 22
186038 1
205389 17
193268 17
187219 18
174589 7
193698 23
189589 19
196008 5
192869 13
187649 6
197628 16
185929 4
152859 18
165659 7
177388 20
164939 8
166699 10
165369 0
150739 2
159139 12
165059 12
176629 10
161899 9
178569 14
161369 14
176338 15
165819 14
167579 22
159279 3
172838 5
158990 10
166968 0
160519 23
170939 22
161269 19
191878 0
164339 9
178129 1
164579 15
159778 23
164470 18
173399 13
167299 5
159249 23
170438 3
169328 0
176839 7
170639 0
176689 6
162388 13
160849 17
176449 19
180029 6
177078 15
159969 10
160799 9
176189 17
161449 0
164859 1
171759 12
163349 5
168379 4
166059 5
164489 22
157850 19
163829 0
168839 12
163099 22
159129 17
162889 0
175699 20
203919 3
202119 22
211479 7
192909 1
208339 19
196909 19
193618 19
202969 8
182108 5
193338 14
205108 10
200039 4
184219 4
188058 19
181889 0
189499 8
196299 4
194119 18
183459 20
185818 8
186898 11
230218 15
195639 15
206588 9
197258 0
203299 6
169779 15
195078 0
199458 15
181109 23
181309 0
200519 9
182698 9
158549 17
197819 19
193558 5
175939 16
177929 8
200858 3
184939 16
175409 18
192868 21
220839 22
176308 3
210749 18
197209 6
182549 5
181049 14
189388 10
177448 19
179159 23
189368 18
197139 22
168269 20
174869 11
190108 4
183819 16
183289 22
192588 6
200699 18
178638 16
181659 19
180869 12
198499 17
182909 9
192929 11
189898 18
186938 17
213739 2
188858 2
170299 5
167149 21
208338 1
198289 8
143169 23
151639 23
156089 10
155808 4
147559 13
154110 5
166788 5
153319 12
153619 20
152459 1
161779 9
167568 17
161230 10
164638 16
191919 18
172099 7
147018 21
155770 3
167908 16
168649 18
164849 7
163889 23
151838 19
159628 16
161909 9
165569 19
155429 14
151159 7
165029 19
160959 10
162659 15
174088 0
151709 5
157919 1
154069 23
154869 15
155439 18
179008 7
163579 3
167979 19
163619 5
155339 17
158208 3
154290 20
152689 21
167189 20
174139 4
168089 2
160079 15
167198 14
157239 16
160169 12
160769 6
146519 4
153789 8
152299 19
174599 14
169368 4
154559 21
165849 23
166889 16
158919 5
203418 8
178029 12
167989 9
182058 15
189569 10
218208 21
184739 13
170229 4
198888 18
184249 10
183079 22
181098 5
179579 0
199169 13
217488 1
171599 16
187928 23
172729 6
192229 23
183248 19
198948 13
193869 20
208628 11
195619 8
199079 4
204318 7
201069 14
166409 14
180909 17
205949 10
201538 4
208519 11
192068 20
172019 4
179439 18
177479 13
209968 18
190219 21
170688 23
170579 21
188989 0
194868 10
273139 22
163708 2
204939 15
181669 11
185008 15
201319 1
181568 19
167259 22
178329 11
188428 19
211919 17
153039 20
152839 6
151249 9
153259 5
165118 12
166239 20
175409 8
160889 11
147209 9
145869 1
161319 17
158078 17
163309 23
165539 9
156709 2
156449 19
158169 11
165838 15
153299 16
157169 7
153529 23
174689 13
181149 10
160309 11
169709 5
176219 18
167619 14
181139 23
168749 3
160459 6
162479 9
162379 16
169509 13
161208 2
153519 23
155808 0
172979 13
164389 1
169119 0
154578 6
159919 19
161458 8
170259 7
159709 2
167119 16
157248 8
150888 21
172548 12
159929 3
159219 5
163399 9
343567 9
152539 17
196229 13
157459 10
147238 10
161359 18
159979 6
169479 4
197958 7
179909 11
181179 2
183269 15
177718 23
178979 20
181179 2
188949 12
181398 13
188359 22
179278 17
193879 12
178359 1
176719 23
199298 3
173869 6
172819 19
179758 19
177399 3
179229 16
180858 13
201388 14
182619 14
178658 2
167558 5
202539 3
190779 0
183579 12
173649 9
196618 11
181918 15
168609 7
190408 6
185669 7
172729 10
191269 2
187858 6
186939 1
199078 5
177288 14
182919 22
182469 13
171179 5
180658 2
220008 22
188849 19
175599 1
168999 12
177439 15
201619 9
179349 13
162469 11
175798 11
167149 19
203929 16
184578 12
175719 3
185059 1
170298 0
176119 17
186349 15
175329 8
164238 5
171519 11
147959 1
167539 13
170409 11
163119 4
171369 20
173289 1
150309 23
169249 0
175238 8
152548 21
145148 16
153648 14
162529 22
163239 20
157889 23
156559 16
157638 19
163399 2
164028 20
164899 22
178039 5
163678 18
156719 15
157809 15
163669 5
159779 6
171229 2
177098 19
162869 15
158509 10
149089 5
157639 19
155709 21
167749 8
165329 14
153429 16
165449 21
157599 6
162669 15
161139 5
157298 0
149370 9
143079 8
160559 0
147709 18
158479 16
163559 20
149539 7
162509 19
152198 15
151030 22
155050 11
165609 12
134099 4
158139 7
173589 15
171979 18
165008 8
150298 6
178639 7
187689 23
179588 23
189008 8
190779 5
199128 12
174319 5
183739 8
174429 20
207138 17
226018 4
173289 15
168909 15
176869 22
190168 16
186659 18
190949 9
192058 8
193439 11
189748 22
175909 14
188129 14
180399 8
179278 9
195389 14
198698 0
188669 4
182919 18
181788 10
183948 6
175269 23
196678 17
201708 7
205298 0
200038 10
176919 5
183978 2
218128 23
201619 3
187398 19
214049 14
186788 21
185659 12
191939 21
207058 0
223869 9
219549 4
180989 17
172118 4
185538 18
151759 13
152899 9
177799 8
165818 14
157928 23
169909 1
166399 0
156499 19
151769 4
161078 1
158519 19
154159 17
160469 11
154379 8
165379 0
167379 1
151908 12
146259 5
148710 7
165949 10
173029 11
182299 15
162639 11
154759 19
164538 12
155439 7
161429 7
167749 5
154609 13
148439 14
163578 14
186799 11
159979 6
172448 0
175029 20
149389 10
169609 16
190129 11
157298 21
153319 4
166819 18
155959 10
153099 11
156209 0
155899 22
157589 1
185188 20
155709 3
159989 9
150759 14
152819 3
167349 22
185608 4
155499 15
139799 6
331388 21
142409 10
180338 22
154168 0
172249 2
171449 23
208129 18
213709 7
189588 3
175658 19
177059 22
171139 15
178669 11
194729 15
163499 11
176469 6
187448 20
157659 12
163809 21
194259 18
166679 16
175059 10
149789 12
163769 6
175969 6
179539 14
167439 21
175669 19
193108 14
193488 20
192729 20
209718 15
191469 7
187189 15
211398 22
207329 21
172288 6
183169 5
166079 16
170139 14
173598 5
176848 0
148869 12
187129 11
178938 7
166919 8
167459 17
181539 20
172018 3
167189 6
179969 19
188799 4
221858 0
208779 22
183839 16
173979 4
155989 7
175799 8
199128 23
162279 17
156239 22
143259 17
145229 21
149419 7
177718 0
162649 9
155419 23
152099 22
140549 4
159869 19
145449 12
191008 11
157608 2
155059 11
142639 2
146769 8
149999 0
152009 20
145009 18
143429 5
144809 17
150099 4
133559 14
139979 10
148149 15
141559 1
136539 17
147719 8
166679 13
157479 6
180728 5
149099 0
146429 18
149669 17
164549 11
159199 8
151850 16
170218 18
135849 10
149399 13
139039 5
150659 5
146909 10
155809 18
160319 13
149919 13
141949 11
147919 1
160919 1
153579 0
150799 2
140489 23
152869 0
140959 22
161759 10
158599 7
153379 8
156389 0
169518 9
160199 9
148549 6
161339 14
166489 13
160379 0
169878 10
153688 17
158218 4
158449 0
165999 10
204098 9
151890 1
159879 17
173089 1
177629 6
187739 20
189209 6
177379 17
151549 16
151129 19
136629 0
144978 19
166519 16
