186067 0
15090 2
81558 0
43340 3
16799 2
56088 1
12819 2
11370 2
22870 3
12770 2
74429 1
49300 0
13199 2
104399 1
12190 2
15300 2
31570 2
117288 0
105578 3
90289 1
62479 1
13780 2
11489 2
76648 1
81629 0
53089 1
12040 2
66809 3
20499 2
53470 3
50019 0
114518 0
48549 1
106578 0
51400 0
73348 3
14059 2
102789 1
25889 3
112229 3
65559 0
92548 0
56859 3
69369 1
87269 0
28659 3
19750 2
63779 0
13489 2
86788 0
77579 0
50519 3
77919 0
106608 1
97689 1
117538 1
93928 0
10950 2
128188 1
86649 1
4213713 0
10650 2
10440 2
182788 0
12899 2
131738 0
12700 2
63379 1
57909 3
97078 1
11380 2
10809 2
11350 2
52439 0
82989 3
14060 2
55999 3
100278 1
134128 1
86009 1
136658 1
66190 3
57399 0
91668 1
59789 1
134948 0
12500 2
76669 3
56819 3
13419 2
63310 1
60439 3
10839 2
12470 2
98808 1
67359 1
18970 3
14120 2
105628 1
82209 0
18440 2
54179 3
21140 3
46790 3
10520 2
103239 0
84488 1
51790 1
88729 1
98728 0
72899 1
102209 1
53539 3
58029 1
80429 1
12600 2
25340 2
102548 0
61259 1
67999 0
131227 0
66379 3
85239 0
10120 2
86618 3
18010 2
132668 1
26770 2
45919 3
12450 2
98258 0
26860 3
18779 2
70299 1
69159 0
61849 1
60619 3
50849 1
26080 3
32820 3
82789 1
81389 0
96118 0
79109 3
102348 0
80548 1
78369 3
10620 2
53589 3
49449 3
51949 3
115188 0
118978 0
74799 0
160008 0
32639 3
67119 1
11440 2
78159 0
58539 3
62849 1
83269 1
11050 2
13080 2
65189 0
53739 3
83009 3
15730 2
69378 1
23539 2
10250 2
129118 0
78319 0
63969 1
94758 0
58149 3
111758 0
60339 1
74828 1
74569 0
54899 1
114379 0
12500 2
55400 3
11840 2
90819 1
69379 1
11089 2
55229 0
21779 3
105819 1
89749 0
61769 1
95518 0
9309 2
8479 2
106258 3
12679 2
123529 1
112769 1
87848 1
11770 2
10680 2
56649 1
56569 3
45979 3
17880 2
57999 3
57099 1
53769 3
71549 1
10920 2
48139 1
18340 2
64959 3
70699 0
161407 0
203907 0
54039 3
59099 1
59519 3
11340 2
68189 1
16580 2
67459 3
82298 0
60429 1
90058 0
68159 0
166687 0
66229 1
52349 3
19800 3
114148 1
73529 1
10510 2
63409 1
65429 3
85618 0
27620 3
56759 0
12100 2
78368 1
8899 2
9170 2
52879 3
68898 3
97279 1
113418 0
60109 1
28719 2
77788 1
10640 2
81349 3
86788 3
36750 3
61689 0
54499 3
17460 2
73538 3
48109 3
17440 2
78479 0
24610 2
41759 3
11900 2
98859 1
91448 1
91579 1
69150 1
85349 1
20380 3
11030 2
9391 2
29140 3
10440 2
9790 2
103948 0
93458 0
69059 0
96499 0
100668 0
62179 3
61579 1
84109 0
40719 3
52759 1
62209 3
147468 0
10260 2
9620 2
63970 1
47109 3
86258 0
86549 3
82449 0
87208 0
12640 2
22010 3
10599 2
25429 3
63359 0
10210 2
9570 2
60599 1
47569 1
12800 2
72469 0
100768 1
1797052 2
110018 0
15520 2
78879 0
72878 0
18070 2
14250 2
31459 3
143738 1
66909 0
31219 3
14740 2
69249 0
59559 0
76759 0
91378 3
95208 3
68669 3
127798 3
80919 3
94699 0
32500 2
127407 0
129367 3
86718 0
25100 3
69699 1
123609 0
14570 2
159778 1
119328 0
87648 1
16809 2
63529 3
109179 0
15800 2
117848 0
96329 1
65549 3
59849 3
77238 1
19889 2
17300 2
13040 2
12960 2
60400 0
54749 3
34059 2
69039 0
139868 1
82688 0
88739 0
77489 1
17350 2
63629 3
20799 2
15560 2
72979 0
51369 3
26050 3
86398 1
136638 0
58939 1
18360 2
116708 1
119898 3
117348 0
62959 3
150908 0
80469 1
16340 2
72078 0
97038 1
73159 0
48969 3
59839 0
15070 2
70399 1
134098 1
79338 0
15449 2
27670 3
105278 0
15170 2
13740 2
15369 2
88629 0
112258 0
53059 1
16590 2
13260 2
16840 2
19949 2
94379 3
73969 3
78118 1
29580 3
112738 1
75399 0
19890 2
92299 0
100699 1
146378 1
77079 0
14550 2
172217 0
62559 1
71549 1
69729 3
94868 0
108309 0
20770 2
89169 0
18639 2
85559 1
27810 2
93268 3
14950 2
12940 2
83228 0
65199 3
21219 2
81369 0
130198 1
107208 1
83549 3
104368 1
93858 0
92448 0
81259 0
66519 3
78649 0
62368 1
144527 1
18170 2
145418 1
69890 0
151708 0
56719 1
69859 0
55879 1
93109 1
135748 0
86088 0
22170 2
21409 2
69939 1
20080 2
96099 3
116198 0
71108 3
35469 3
112428 0
68509 0
91868 0
97118 1
23040 2
118888 3
77658 3
51599 3
91568 0
97219 3
80589 3
26649 2
133188 0
120558 1
69449 1
25319 2
22540 2
61759 0
111498 1
101989 3
87258 0
92539 1
37139 3
92829 1
68268 0
85508 0
18940 2
16550 2
59839 1
119128 1
91038 0
107069 1
62439 0
60639 1
51910 3
62579 1
23000 2
103619 1
68959 3
95438 0
96589 1
35639 2
92079 1
137767 1
40780 3
79138 1
117308 3
33849 2
85899 3
144968 3
91539 0
26989 2
68650 1
130447 1
78249 0
36690 3
102208 1
91759 1
37339 3
130088 1
29669 2
20520 2
85689 1
117278 0
37049 3
78349 3
156608 1
41369 3
53619 2
39279 3
178738 0
87228 1
23340 2
105768 0
105698 0
25150 2
72309 1
67849 1
169387 1
31460 2
21829 2
78239 3
25719 2
52619 1
100008 1
127828 1
32979 3
15609 2
68679 3
25970 3
44409 1
80249 0
59809 3
93488 1
85509 3
96079 1
47380 3
138228 1
90309 3
135358 3
142658 3
74338 0
191966 0
96098 0
66589 2
73329 3
76768 3
25350 2
92128 3
38470 2
30799 2
99099 1
22159 2
82679 0
97818 0
62450 3
67249 1
28500 3
86509 3
99638 1
59089 3
32950 2
109959 3
86328 1
88059 0
84528 0
21769 2
145248 1
103188 0
86409 3
139108 3
23259 2
158218 3
20149 2
69868 3
61659 0
150978 0
28699 3
129169 0
137978 1
161528 1
110648 0
102888 0
112479 1
114349 0
70729 1
111568 3
21790 2
111729 1
88098 1
36300 3
19400 2
83139 1
132178 1
24750 2
113628 0
18200 2
82829 0
98119 0
100668 0
108308 3
119008 1
64848 1
142687 1
129718 0
183977 0
147268 1
74629 3
21469 2
68179 1
69839 3
22430 2
110288 0
123738 3
102898 1
34990 3
37049 3
42379 3
25149 2
112198 0
35700 2
162647 0
182747 0
22690 2
43599 3
16140 2
120128 0
31530 3
74399 3
16509 2
89899 1
37799 2
65919 3
19230 2
14589 2
16499 2
15340 2
16960 2
19550 2
37120 3
81178 1
10729 2
48640 3
18399 2
22660 2
9760 2
9320 2
78749 0
73829 0
67409 1
66679 0
60029 3
50289 1
72769 1
56759 1
51339 1
68539 1
81579 0
91728 0
64359 0
9900 2
10640 2
9510 2
53939 1
45839 3
12360 2
10570 2
9390 2
9720 2
70639 3
102978 0
94988 0
47790 3
50829 0
50449 0
82139 1
53669 1
66299 0
52039 0
79539 1
75968 1
65539 0
140757 0
76589 1
44849 0
108128 1
63179 1
53919 0
49689 1
74469 0
91638 0
10450 2
9610 2
57489 3
89788 0
104469 3
63869 3
56059 3
29509 2
96798 0
104028 0
110458 3
67048 0
49529 3
133407 1
79638 3
124888 1
66669 3
120158 1
106979 0
19779 2
138628 0
158268 0
28899 3
16830 2
123498 0
16980 2
41029 3
84899 1
107888 0
80929 0
29329 3
92979 0
30649 3
26430 3
62659 1
84508 1
19049 2
30220 2
19149 2
62069 0
19580 2
21050 2
86358 0
80939 3
79719 3
21999 2
62728 1
29700 3
68009 0
62639 0
20569 2
102319 0
70359 1
65559 1
43350 2
84019 1
60290 1
19589 2
69599 1
120888 1
20520 2
16490 2
58930 0
53180 3
15910 2
63619 0
20719 2
19710 2
32129 3
57540 3
72129 0
69179 1
26770 3
105548 1
38779 3
89388 0
22710 2
145537 3
91659 3
67399 1
16860 2
17260 2
63059 3
19240 2
87779 0
121968 0
20219 2
36800 3
76119 1
48509 3
95528 0
166927 0
33539 3
195707 0
79719 0
218916 0
135548 1
137088 1
146008 1
60228 2
18189 2
79169 0
19550 2
76878 1
17769 2
82859 1
81178 1
113578 0
39269 3
16750 2
15720 2
75019 1
95479 0
38859 2
128808 0
132478 1
69699 0
18000 2
14499 2
35320 3
57059 3
13460 2
52629 1
52129 3
11070 2
9210 2
66539 1
10500 2
73639 1
59890 3
68490 0
10989 2
11450 2
55319 0
63739 0
47859 3
59328 1
63759 1
54168 0
46449 1
10880 2
59659 0
11709 2
54299 3
12549 2
70518 3
69019 0
232257 2
1030694 3
50379 0
50148 0
53349 3
63279 1
93338 0
110319 0
24419 2
58909 3
81499 1
112108 0
44589 3
25419 2
85589 1
109558 1
121448 0
153998 0
121258 1
80918 0
45299 3
63419 3
38220 2
29749 2
100298 3
75309 3
65919 0
97508 1
39139 2
32759 2
159828 0
44530 3
161107 0
28610 2
27119 2
24320 2
75299 3
99158 0
74749 1
74919 3
82318 0
21630 2
82649 1
68929 0
71268 1
73970 1
65279 0
103379 0
20819 2
75909 1
19550 2
38529 3
20870 2
82019 0
83388 0
88949 1
61839 0
36850 3
81598 3
18570 2
72329 3
71788 1
85829 1
62059 0
70649 1
22820 2
35009 3
76699 1
19920 2
29720 3
73399 1
31830 3
65350 1
93438 0
88638 1
34919 3
70959 1
75959 3
20229 2
73169 3
106519 0
92619 1
18690 2
32469 3
20100 2
143528 0
71908 1
84078 1
98369 0
67010 1
53759 3
