29956828 3
450 11
6770 3
24981032 7
4040 9
5160 12
10000 5
4996354 2
79974051 13
20019548 10
3180 13
310 11
22270 6
89109 14
89884001 7
6530 7
5190 7
19984818 6
20012188 9
6290 3
5750 5
1120 11
5460 1
7649 0
4860 6
3271 9
5760 2
19930498 7
20017078 1
8540 3
6700 3
280 11
59976043 13
30810 10
8210 3
19977338 2
6360 8
4190 10
10920 3
6420 10
5350 2
20941159 12
19025506 6
5980 4
79967401 14
20017638 1
20004998 1
99995129 15
19994058 7
21580 6
4870 6
5570 6
23589 14
19953749 1
988091 15
8270 15
13879 8
5009 12
6120 6
6270 9
6350 5
22230 15
5790 1
26915935 13
4340 8
3570 13
6950 2
994291 3
3730 12
1015580 14
10629 7
19980998 13
20009758 12
10820 10
154439 14
4839 15
6320 6
19814599 1
7410 15
28870 4
4570 10
5910 0
29960877 5
10001889 6
5839 12
3360 10
17965007 9
350 11
2039901 14
4030 10
19970349 6
40011455 4
300 11
19993988 15
3880 15
20979879 1
38994115 6
21002218 15
6209 13
4980 4
118996437 8
8189 13
19995338 3
20002138 10
12980 4
27968575 9
2026662 5
17990 2
3680 12
4610 6
21230 14
4809 7
5120 10
6360 1
7250 15
19918819 0
5730 1
20001488 4
5700 3
330 11
4930 6
270 11
39985706 7
120005316 4
6240 12
18967687 8
11001920 5
31099 14
320 11
19973308 15
19997448 15
6050 15
9910 13
10976960 12
5260 1
56995481 5
2028121 15
19987747 6
40013105 2
20019768 3
19995817 14
19977298 2
79993312 7
7910 12
5970 3
18971717 7
7800 8
6830 4
989871 13
4270 2
10004249 10
19992738 12
5540 10
3280 15
3700 15
19978038 8
110011418 3
70509 13
6310 15
59934134 7
10040 10
3570 8
8340 12
5180 8
5720 12
4610 3
59957574 13
19990068 13
4180 15
19890 1
19995577 8
3920 15
5320 6
6110 1
17956957 9
4790 10
22024859 3
59990184 4
20026427 14
39974036 2
27982616 7
32016519 8
14820 5
39985206 13
179996610 13
60006484 13
8840 6
19992918 5
4740 1
7399 2
19984899 14
6559 1
179991511 5
119979338 3
20010817 9
19995208 9
38997715 9
7300 4
8430 13
6480 9
420 11
4250 8
160968743 2
18989 6
19992938 7
7900 3
19993408 4
39986066 12
60013554 9
20000558 6
10012259 0
8990208 5
8770 1
98974609 9
2019741 5
360 11
4000 9
7690 5
250 11
9760 14
7080 4
19973538 13
19977658 6
280 11
35820 14
79979141 8
20003708 9
7991058 5
4689 0
12030200 12
119970067 13
48984184 14
6950 10
1011181 9
10000899 4
9260 2
19994958 0
10240 12
19978258 8
6020 2
20001438 7
4920 15
10001469 5
5980 1
5420 8
19978168 2
9998729 12
8000 3
340 11
40001706 9
69994382 9
49991195 2
9710 6
6350 0
4430 10
8160 10
19979038 13
40004305 8
59989343 8
39987066 5
100014539 1
14790 15
79986732 9
8290 2
15979955 10
2011571 15
2009822 3
12310 2
79982962 5
5931 2
320 11
19981118 10
20005567 1
20001657 6
69630 14
5020 2
6020 1
19903298 13
20990 2
139988395 5
390 11
50109 14
19947909 15
5590 12
60019303 7
4940 2
8010 7
6170 3
4750 7
4780 0
10680 5
40670 14
19895018 8
11490 7
6810 6
6740 9
19983338 10
6070 10
78980201 1
6770 14
1017791 10
4859 14
59967434 7
20021998 0
99980169 5
20027668 2
7560 1
17961046 6
22019410 8
39991355 12
13000 6
19992058 5
9090 14
340 11
8800 4
4170 15
38964185 13
4760 5
7270 12
1079080 14
9928350 6
4940 4
11820 1
19983978 14
400 11
6970 4
5549 5
21964880 7
18013196 9
20001318 2
19360 13
4950 0
19997208 12
4070 12
969891 10
59003033 2
19997228 2
20007827 3
79993522 13
2430 11
19998588 2
20007507 2
40003976 4
17000 14
19988068 12
19982018 0
20017978 10
18976297 7
4700 14
7100 3
6400 14
5809 9
300 11
700 11
1000531 1
119966368 9
22001320 12
8038097 4
8970 12
5260 3
5900 3
9320 4
119930988 7
29010 2
5940 1
5289 3
6560 2
4110 8
19958979 6
14020 5
6499 5
11870 2
19981858 4
6630 6
5280 6
6490 12
5280 5
49978175 9
98977418 5
1027591 1
1090 11
19976918 2
20007898 7
39995085 3
50013154 7
980 11
9520 0
19985818 10
130006146 5
8030 0
19990198 2
11210 6
19987738 2
18976087 6
12090 14
8860 12
4939 2
5020 6
4751 7
993871 13
19967647 2
20028177 8
9410 1
77249 14
69912874 5
24090 15
19965088 1
360 11
19995748 9
6811 4
19985687 14
310 11
21340 0
6930 3
79988302 8
16769 12
19979189 0
19993598 14
5260 0
7680 10
40003856 4
49976065 15
5290 1
40005466 12
19988527 14
30033216 2
4160 10
80001171 13
60000554 3
410 11
37220 6
291 11
4180 7
5839 1
5220 0
37920 14
9170 1
39879757 3
300 11
19996518 5
6240 6
5460 9
23400 14
6690 1
5930 13
16650 14
4610 13
6150 10
6930 6
5690 13
39905376 7
4410 9
7940 3
7620 2
19976398 10
20008108 10
19998218 5
19998818 10
5670 6
49992264 9
14940 6
19980168 2
19991188 2
22940 9
3400 10
19984598 5
40007535 14
20001148 9
20000968 1
5320 0
19989778 9
19983288 6
50004125 6
40022805 15
360 11
19995988 8
300 11
3840 15
4610 4
9967009 12
60008384 15
10200 10
9003009 5
10994960 14
331 11
20005907 3
330 11
270 11
18979608 2
5740 6
1011771 8
19989588 1
19993848 4
3930 15
3780 6
20009338 1
19991967 2
19990258 1
17996046 0
12018860 2
19996828 1
4930 13
9130 3
19984378 6
370 11
13960 3
70000312 10
19981998 1
17550 6
59995354 9
18978327 15
360 11
1022070 13
19993469 7
6040 14
149992194 2
390 11
80984533 4
5710 2
38997454 13
6389 2
70008423 10
19997458 3
7982067 8
4230 9
4760 1
5820 0
4090 8
13983682 2
8069 13
18000656 12
30013356 10
30002797 3
19986588 8
5680 6
58979043 10
380 11
4220 15
1023140 0
4920 0
4970 6
108959758 10
5580 4
19997878 14
6880 14
1010780 12
6030 7
7130 12
19983838 15
5000 4
5710 13
5730 6
19985678 5
19980468 1
22560 1
19994108 0
20006478 5
17976016 13
88003359 10
4089 7
4016254 4
99987709 15
40002536 7
19990878 10
20012698 1
57985732 8
5060 2
26210 14
87580 14
400 11
4039 7
3800 9
1888683 15
20000418 9
19983618 3
68002371 14
390 11
9219 13
2018952 3
19977688 6
6930 4
6080 5
5690 4
139984895 12
390 11
6230 5
5330 5
4300 10
4210 8
19962178 4
39003475 6
4300 15
4390 15
1014681 1
6629 3
6011 13
8349 3
5351 4
4999 2
4160 7
7000 4
3480 7
4560 1
5080 0
5330 5
3600 10
19919169 9
3300 12
11931 6
7160 12
39987336 9
5480 4
290 11
5470 6
19983488 13
19997178 9
10020179 14
189984490 10
19089917 7
4780 8
5480 1
5360 15
4049 15
5990 1
5500 6
4860 4
6370 3
6040 12
20882700 2
19987018 13
59989413 14
14170 12
8530 6
18967718 15
4269 9
41013857 10
20009968 14
49980045 9
60003603 7
11920 3
4150 15
1120 11
4740 1
5940 4
19975928 10
39997075 7
9380 3
39974436 9
991 11
37229 14
7090 3
960771 9
19002357 4
10640 13
39980596 5
12050 7
4080 7
80016241 15
19978018 13
18987857 2
3910 9
8720 4
1009031 3
39990346 8
7340 1
19995958 0
9790 0
99989480 8
6340 4
19984628 5
40001726 10
8027656 13
31974239 15
10270 10
9150 8
39974926 7
19440 6
5330 4
19988258 9
11129 13
57973052 5
92016113 15
6031 5
3799 9
4270 9
10002569 3
6600 0
6830 0
5170 7
4450 0
18939627 14
51006255 10
20010938 4
8660 0
4930 6
19976638 4
29430 9
18965967 15
8400 14
1013980 13
5470 0
5710 1
3680 9
209970118 15
37990394 2
12009620 13
7970 15
40009146 5
5870 12
4930 9
4750 6
5440 6
19976858 8
69982652 13
20017167 7
19978628 2
19997028 9
3760 12
3650 8
80010562 3
20018277 6
8940 10
460 11
5690 5
6060 3
8140 15
9880 15
19947698 0
29992257 9
40007856 3
8729 6
3640 7
19980258 14
59997414 2
22570 0
4300 8
19979208 4
10960 3
5530 0
19976138 4
14230 7
3660 9
5160 13
3589 8
3920 15
5500 8
19969889 6
12569 13
119988568 5
18982767 12
6050 6
5170 2
5279 2
5960 10
40994997 5
39992346 10
79996281 7
40010966 4
8620 6
4480 12
5920 12
4460 12
4260 13
89986980 4
7190 4
5000 2
7630 12
5220 4
47936183 6
5250 4
6960 13
5080 6
4730 3
3770 9
4100 10
29540 14
4490 2
18360 14
4060 10
4229 9
6160 4
4631 2
6419 3
6410 1
5400 2
4000 9
5870 6
4710 2
4690 3
9880 13
21865441 12
19998958 10
18869 6
7975097 12
420 11
4270 12
4900 12
8300 14
11972541 15
80021411 4
20002398 14
19991648 6
19997458 2
5460 10
119993516 4
4649 7
13680 15
19982458 0
5371 6
59990474 7
100006189 4
19997028 9
4800 1
3590 8
8570 13
5110 12
4300 13
3510 8
38959585 7
1007001 10
80017471 8
39977276 5
28950 15
19982848 5
991431 3
19006947 9
9680 8
19994567 14
179997530 10
13750 15
7110 1
16940 15
19961038 6
59984954 8
19001546 0
1019481 15
67993141 8
4630 9
8310 13
960 11
660 11
11985031 1
4940 10
3940 7
10919 6
5880 0
6071 13
4129 8
3840 8
19052587 2
914122 7
59994814 12
20008378 7
89996010 10
2006302 14
37984864 10
30013657 3
19988428 12
3410 12
7540 13
5229 6
1091 11
4300 15
19985018 5
6129 6
3620 12
12070 13
4460 6
6170 1
19964768 5
43987290 8
55995550 4
20018487 5
30005277 2
4410 13
5190 13
19973688 0
20993109 13
7006646 0
62001355 10
3720 12
129997196 6
100004960 9
16760 13
5569 4
19981487 3
4451 15
19996947 4
19991098 5
4880 4
960 11
4510 4
5860 4
4570 14
4500 4
24300 13
3980 9
69930043 8
20021747 7
79995382 8
5460 14
19989028 0
17190 6
19989208 14
370 11
38985694 9
5151 2
6540 13
5639 4
4190 13
5170 2
1001711 0
320 11
10007899 1
3710 15
19969128 3
40010566 1
6520 13
6290 0
19994107 2
5920 13
3780 9
371 11
27962355 4
2020131 3
13160 14
9250 14
10090 6
39959366 0
19999208 10
59999534 1
7500 13
400 11
10040 13
29990047 7
20010488 15
330 11
19976798 1
20019038 5
69988722 7
3290 12
58981053 4
118995826 10
42036018 7
19987807 14
6811 15
19996778 14
19975088 14
20013148 0
19987608 1
19999458 10
20017007 7
60002733 7
10009529 3
59975034 9
19107876 8
890902 12
12589 3
6129 14
4390 10
39981026 7
20006848 1
39985456 2
24380 4
3790 8
56009 13
3920 9
4760 7
60908266 3
77000649 8
42038937 3
430 11
320 11
39957036 12
28000175 7
4070 7
6170 1
4980 0
2001502 5
11090 15
20000378 4
2980 12
59979463 14
119994437 3
19002676 6
1000041 15
15090 7
10004699 3
19989528 5
19990498 12
15240 3
89995850 9
13985693 4
66026768 5
9300 13
79987022 10
4600 15
6040 2
39987546 5
41974057 3
