26669697 7
16559 2
91870 4
16980 2
64419 4
78299 4
166619 7
93299 0
160609 5
176049 1
416927 1
120659 4
38859 2
193189 1
171819 5
112599 0
72459 6
26190 2
106989 4
33880 2
153029 0
75359 6
183589 5
177828 7
147459 1
19230 2
94330 6
21169 2
170678 0
91530 7
226819 6
32299 3
138668 5
76160 1
176949 5
138099 5
121259 3
98439 0
118129 5
150779 5
115499 0
89789 6
132559 3
114949 3
25180 2
77820 5
149919 7
212429 6
150588 6
153529 5
136149 1
89509 0
161849 0
150999 3
152319 4
113999 1
54739 3
28010 2
104439 7
32980 3
43410 3
85889 4
133849 0
105309 0
91760 0
36010 3
121959 5
93059 6
110829 0
40000025 7
61150 5
66329 5
18911 2
80770 6
256758 0
190538 3
94760 3
79509 6
105519 1
34750 2
113609 6
79579 0
151628 0
155519 5
99909 0
119619 7
80150 4
149419 1
246278 5
135039 0
158019 1
165808 0
21199 2
60310 7
139329 6
95999 1
188619 1
25260 2
150789 0
126219 3
34290 2
140979 1
102569 7
111079 4
301028 3
131229 0
36790 2
163719 1
108709 6
97509 6
178119 7
62279 7
127159 5
84500 4
264488 1
102119 6
75719 5
19880 2
42110 3
77900 7
99049 7
132219 4
90929 7
16820 2
76589 3
64870 7
68029 6
69920 4
20169 2
97819 3
16240 2
103059 5
133599 1
103629 5
222728 1
82900 5
99449 3
109219 6
96369 6
36390 3
99999 6
23720 2
107179 0
164199 0
129159 4
114489 4
83340 0
9182080 7
178988 5
114820 4
34449 2
137069 0
127609 3
115519 4
8197608 7
89989 5
75560 0
72019 6
96069 5
174119 4
84239 1
21410 2
101619 7
162099 4
28170 2
186449 0
194638 5
65099 7
100839 3
107099 5
92089 6
19240 2
19190 2
121379 6
124419 4
61940 7
218698 6
118879 4
113749 1
149079 0
208079 0
154308 5
25420 2
74480 7
183909 6
187629 6
224468 0
196648 7
135019 7
175209 5
188709 4
139599 1
23049 2
128579 1
83419 3
193048 0
69389 7
75699 4
242149 1
24839 2
168589 3
20690 2
96990 6
84379 4
105179 3
92360 6
123999 4
225678 1
66689 5
72160 3
88789 1
110139 0
181399 4
82539 4
151189 7
126569 0
106539 1
115508 5
87970 6
66959 1
134259 4
75879 0
87349 1
124549 4
88310 5
148659 1
151368 4
149279 4
102359 6
57490 6
91209 5
72100 6
45599 3
63950 4
39939 3
9328838 7
55529 0
66230 0
90539 0
78799 1
17320 2
50500 3
246088 7
51660 3
146990 4
78659 7
142079 7
24460 2
230438 0
124179 1
129679 5
117239 6
205259 6
91449 1
137939 4
63669 7
104159 7
198718 1
43470 3
183028 6
121728 7
191568 0
89499 1
127109 6
82490 0
144418 4
34619 2
176939 5
122989 5
216399 1
34179 2
41050 2
69019 7
196829 2
158069 1
203638 5
79609 5
813373 3
28490 2
120859 3
87270 3
65000 5
97299 0
68830 3
301988 1
76690 7
103059 5
93269 7
109648 1
169698 3
122149 3
68600 7
141279 0
150099 4
162009 0
35050 2
120389 7
60880 7
143588 6
79509 7
18749 2
54240 4
15490 2
45760 0
44640 4
45320 4
25210 3
45789 1
296098 5
57850 1
45450 0
46510 4
45760 5
8881712 7
75669 6
115900 1
36009 3
38500 2
200888 0
111890 7
101360 5
63499 7
101860 3
85500 3
155749 6
129669 4
202598 6
204299 0
154329 4
18490 2
62950 3
29880 2
226899 4
27600 3
78389 3
21240 2
196608 5
15800 2
90399 3
274178 6
18489 2
20370 2
24410 2
268578 6
49859 2
73200 3
120399 1
28220 2
53509 3
124739 6
144079 0
112828 0
32119 2
99480 6
62670 7
125969 4
33230 3
66489 7
64830 7
23250 2
105339 4
193448 4
158229 3
126349 4
89249 7
161889 5
97819 7
155128 1
95709 7
110139 1
141199 4
96559 6
82029 4
81870 4
164388 3
27759 2
87669 0
134148 6
115100 7
69599 1
173529 4
92889 0
107189 3
136789 0
51160 3
63620 7
107799 1
151219 1
77919 6
134309 6
87479 6
145679 4
185088 6
20009 2
103870 4
105139 7
58839 7
157069 6
61740 1
35559 3
140419 0
156799 4
117109 4
102509 5
131999 5
159439 5
49780 2
201768 6
231588 0
95430 6
179408 1
75090 6
212779 5
131419 5
127299 4
112829 3
21870 2
26550 2
134429 5
313167 4
97249 6
204018 4
80839 5
75320 0
26660 2
75229 6
68869 7
61580 7
162519 6
104079 5
34320 3
187878 6
13280 2
108239 5
84260 6
64499 5
58290 7
160818 0
21390 2
192559 6
124379 0
128649 0
42110 3
171128 1
124070 1
129239 0
108329 5
20959 2
156729 0
22570 2
26220 2
64540 5
79059 0
105149 1
109379 1
67540 0
53659 0
15979 2
67130 1
14840 2
29270957 7
202749 6
105390 4
189598 0
339278 1
91569 4
51990 3
42259 3
96400 6
196359 3
129489 5
243068 1
226549 4
164038 5
37490 2
160099 7
139419 1
123229 6
63929 3
196189 5
127039 3
130069 1
262658 0
95079 5
167949 3
180719 5
94779 3
68509 2
89999 7
451136 4
161139 1
28350 2
80069 7
23920 2
364297 4
78439 1
87039 1
582926 4
188289 5
74349 7
