129269 2
132629 2
90459 6
106610 3
98479 6
105109 5
107529 4
99359 6
103279 0
93059 5
108209 6
115750 7
88270 5
79719 0
77360 1
76649 5
83819 6
75130 0
71999 5
81900 2
88269 6
74890 2
74049 2
94199 5
94059 0
96759 0
128649 7
130629 0
116109 3
111719 4
98619 7
105159 4
148599 0
82289 4
69109 3
77890 4
79330 7
83289 7
88659 0
115370 4
104729 2
84039 2
84030 0
104879 2
112329 4
115909 7
149609 5
102919 5
108199 4
89570 4
100489 0
95939 5
115879 5
103609 1
121510 4
115170 0
129809 2
132339 0
134929 5
135189 0
149848 2
121408 4
103010 1
98219 5
101429 0
104099 6
115370 3
122339 6
114849 1
115399 0
105869 5
103339 4
108999 3
99070 6
95129 5
105109 3
95269 0
85930 7
87759 7
98489 4
85320 7
99239 5
97419 3
89830 0
91849 7
86599 1
101320 6
128728 0
145159 3
147679 7
118590 2
124508 3
120430 3
110009 5
104579 7
103119 0
87139 2
92120 4
127839 7
113319 1
86429 5
86660 5
85179 6
86999 4
107270 5
159348 3
126919 0
141749 5
107449 3
97280 4
91409 1
96109 2
115349 1
113759 2
108110 4
111499 4
133079 5
152629 6
139678 7
146659 2
140939 2
127579 4
132159 5
195339 7
93269 2
97419 0
94720 2
97859 6
93409 2
102599 2
99309 4
101919 0
117389 7
83809 4
105299 6
82190 4
81909 5
78100 0
80499 2
72310 6
75450 4
68610 1
70909 6
78329 6
84930 3
93799 4
76669 6
65140 7
70829 1
80560 0
81289 0
86599 6
115919 3
112819 2
106439 0
120599 6
114369 4
111279 5
86340 1
78829 4
80720 1
76239 3
70719 4
86720 6
72749 7
95549 4
95410 3
93630 6
63690 2
69970 6
71009 4
66420 1
85589 3
99839 5
97289 6
97209 7
101739 3
106499 3
111259 3
78679 5
72979 6
76560 4
88579 0
95880 1
96510 6
104729 0
112289 0
129859 1
112419 5
136269 6
119889 6
120489 0
123339 4
104109 2
96719 6
91809 0
86180 6
93679 2
109379 0
101589 4
99329 2
105919 0
92309 6
99859 1
93970 5
98220 4
93439 0
98789 0
110469 2
81420 5
85319 4
72480 6
68549 0
71399 2
71999 4
74869 1
90280 2
77749 3
76469 4
65770 4
68549 7
112379 5
89149 0
102929 1
125099 3
119719 4
96410 0
103090 4
106909 4
86829 5
139759 2
89029 4
100730 4
72229 0
74280 0
88699 5
111499 6
113609 3
74640 4
72059 1
72220 5
98990 6
91599 1
103709 7
96020 0
110419 4
110669 5
107789 3
119829 2
80449 2
104819 3
116229 1
110309 0
101589 3
80960 5
90089 7
124469 3
128879 6
126209 4
142689 2
140289 1
107409 7
96280 6
98110 0
96129 7
99739 2
95260 4
93910 2
101759 2
126439 5
108659 1
104250 1
94350 7
117549 5
109239 7
111059 0
101939 3
102289 5
131199 2
110870 0
101789 3
83419 4
82130 4
75419 6
79439 5
70760 4
85789 0
89180 2
83519 3
75570 2
85980 5
76129 2
75630 2
89429 3
119469 6
110019 6
102479 7
102939 0
115899 5
112049 0
127169 7
90099 6
82360 5
74839 7
74820 2
83710 5
80349 6
84390 5
95729 5
144749 1
100519 3
123059 1
88509 0
82040 5
108379 2
99289 4
106499 0
118769 2
114739 0
117980 3
132509 5
99529 4
85189 4
85919 5
90190 3
99899 5
105419 0
115430 3
84000 5
106459 2
148849 1
112399 4
117299 6
107229 4
93280 2
93129 4
91089 2
99410 0
113730 0
115319 4
96289 2
95639 7
82510 1
96149 1
106039 7
101879 1
106659 0
101310 7
100239 5
132639 7
98049 5
102589 1
101720 5
99799 4
103449 0
95679 1
88030 4
78439 5
77729 1
73719 1
90429 6
72480 6
76399 0
73090 6
72339 7
79320 0
67789 0
65110 2
73000 5
73219 2
99729 3
100680 1
113409 0
110339 1
100599 3
111980 4
109280 7
87289 5
75300 2
89009 5
108729 0
79299 7
73330 2
88309 4
91280 2
79770 0
70049 0
67950 4
66129 2
66500 5
66929 2
86959 1
91579 5
94289 4
90770 2
115999 1
110350 3
71739 1
77749 2
74969 5
86599 5
90330 6
88629 7
90899 6
83560 3
104319 1
107079 5
113489 2
114039 4
103540 7
102620 2
103459 6
83869 0
95030 1
97189 0
80309 2
92849 1
79899 0
83819 3
85470 2
79229 2
93659 0
90530 4
98409 5
93689 2
87919 0
87729 3
107559 4
81959 0
74890 6
75339 2
71880 5
71819 2
79460 7
71489 5
75470 6
76330 2
76729 1
68120 2
68019 1
70180 3
77859 0
82580 0
96030 5
108959 1
108189 6
117339 0
97300 3
97720 7
92499 0
80139 4
95209 5
85919 7
87079 3
76220 3
118419 1
100359 4
82069 0
74199 4
73489 5
70040 2
108459 2
115579 0
113949 1
108510 5
109460 4
107499 1
92649 0
80580 4
83580 5
86079 7
109359 6
122969 2
91400 2
93189 5
105189 5
108539 4
117789 4
126150 4
128250 6
112820 4
120359 7
101159 1
116399 0
82420 2
86149 2
80019 7
105080 2
100050 6
105819 7
98149 7
118469 4
103589 2
102839 4
91969 4
98219 3
97129 3
94450 1
95209 5
87009 0
84930 3
84850 1
98149 1
79520 2
74799 2
79190 4
84490 6
76299 7
72740 5
77759 7
87569 7
81809 7
122429 3
137029 3
98879 6
102589 2
110680 1
110230 1
87419 1
86589 4
96120 6
86030 7
77429 1
102879 4
102799 2
90739 2
73780 5
83579 1
73959 4
71510 3
90129 7
96489 0
107848 7
101379 2
137889 1
98839 6
89679 2
84370 6
71109 6
87890 7
103009 7
104979 6
118899 4
112559 6
127339 3
113149 0
113209 1
112190 4
108010 0
98899 3
293338 6
98609 1
94609 1
81530 0
82869 0
84349 5
86460 1
91629 2
99439 3
95100 1
96590 0
101789 5
82609 6
111919 7
93360 3
87889 6
84359 7
95130 2
83059 7
64080 0
70739 6
73770 0
69949 3
94309 2
78179 4
93849 1
72149 4
64030 1
72790 5
79480 1
104179 1
103829 3
106579 4
93770 2
96269 5
117019 4
108599 3
82860 3
76019 5
97639 3
95869 5
75650 2
72849 2
88319 4
94749 3
68970 7
71719 6
84899 4
67380 3
82599 6
99019 3
111090 2
97949 3
93649 3
94740 1
94020 7
81399 0
73990 3
82390 4
118599 7
106349 1
91820 4
82220 4
110129 3
105799 3
108859 0
96330 3
101849 1
120019 4
100269 7
104949 6
87450 5
69939 1
85190 0
86369 1
97539 7
86749 4
92500 5
98559 4
110339 6
110619 1
98820 0
97739 7
96339 0
91690 7
89779 6
82719 0
81999 5
79019 6
77759 2
95740 0
66090 0
76929 2
80220 2
84579 0
66320 4
67869 5
67450 1
86639 2
89260 5
102959 7
106849 4
135319 6
102539 2
98269 5
91750 1
90850 5
80009 4
77160 1
93669 2
77659 2
85630 7
102679 6
119559 5
75349 3
72030 1
73739 4
74350 1
104059 0
99299 5
109239 6
100459 7
121420 5
122039 0
90059 6
88489 5
83330 4
108269 7
108459 4
104519 3
101800 0
96600 2
113529 0
148399 2
153619 7
116669 0
115349 2
108389 2
115129 7
95179 7
90640 4
91889 6
107109 0
103799 7
96240 5
99749 3
102869 2
102169 6
102640 1
102999 6
112019 1
121749 7
102739 3
86940 6
83940 1
90159 3
87730 2
77499 1
72650 2
87339 3
89779 3
90299 6
81030 2
89049 5
72550 2
91030 4
92629 5
112379 1
325368 3
112019 6
138909 4
98169 2
86039 3
73379 3
86269 7
82160 2
74669 7
87970 3
103000 0
105039 5
82909 5
72810 3
93979 7
67169 5
85289 0
108389 5
97219 0
108839 5
108079 1
102670 2
102119 5
86179 7
109900 4
100290 7
92119 6
97299 2
106189 3
84799 2
100359 3
115259 3
117049 3
103529 0
149739 6
105729 6
107719 1
104559 3
100009 6
96730 1
95290 4
88689 0
91239 0
115988 4
87420 7
75559 7
93039 0
97320 0
94939 4
82190 6
91620 0
88729 6
95679 4
94370 7
101769 4
75999 4
69530 2
76189 2
66930 4
69599 6
74789 1
84639 2
80699 7
73180 6
67569 1
75020 7
79789 6
105889 7
92599 2
93850 0
104229 4
107939 6
107340 5
82930 1
77289 5
80400 5
102069 4
84039 4
87529 2
85369 0
89989 4
85600 7
71520 2
61880 0
72880 1
67599 5
79140 7
117059 4
106779 2
90509 0
108780 2
94450 4
83379 7
86599 5
73719 4
76419 1
94780 4
96749 5
98049 1
87020 4
94949 0
111269 1
110689 6
104759 2
117659 1
121799 3
101769 4
95449 7
94549 4
86760 4
102649 4
89369 3
86579 3
88179 7
94239 1
91940 2
114069 4
86389 5
84579 3
83450 0
86519 7
99259 0
90800 6
83120 4
71479 4
70299 0
79129 0
70020 4
70539 4
76259 1
77830 6
82529 0
70090 5
66369 6
88720 6
76689 5
85729 2
112590 1
101929 4
120099 6
85969 2
87340 7
97230 2
77929 0
73830 6
94679 3
93839 7
76350 1
73469 3
84929 5
101779 3
111339 1
80789 3
73330 2
77099 7
81680 6
124859 4
100659 7
99079 7
106189 6
110439 1
98100 3
86579 3
82279 3
81890 2
95349 5
93319 6
116359 5
93279 0
95089 5
102129 6
111909 7
125479 4
103449 2
120990 6
102250 5
114699 1
97819 0
99929 5
84030 4
88309 0
83580 6
86680 2
87039 2
109179 1
105210 2
104980 0
108459 5
92839 4
97540 2
108629 3
100839 2
95579 3
103199 2
85629 1
85749 4
80430 3
83860 7
70999 1
82400 1
94379 1
85789 0
85640 3
67429 2
87010 2
84210 7
103239 3
114439 0
113819 6
86879 7
103199 6
112449 1
102979 7
85330 3
91210 0
79279 6
87990 2
81760 5
95419 5
124539 2
79710 7
70039 6
69150 1
73339 0
85850 6
103380 4
103289 7
102949 1
97669 7
106730 6
126790 6
87769 6
83449 6
85100 5
100149 4
95149 1
99789 3
80820 5
113259 7
106219 5
115729 3
116509 1
92759 6
87980 1
93949 3
102919 0
101469 5
87749 3
90519 3
89690 3
147890 0
80460 7
80419 4
80380 3
87299 4
87729 2
86520 1
86199 0
95549 0
78190 1
96409 6
90749 3
94019 0
81700 1
86279 2
59610 6
62969 2
60490 7
60950 1
68230 5
70149 4
67270 7
66029 1
58340 3
56539 6
84649 2
89019 4
104109 6
106070 3
108970 1
95159 0
99419 7
