50004657 4
19995103 2
20002723 3
5089 7
28994774 4
760 1
6620 5
6600 4
4260 5
3360 4
3569 4
4860 0
4680 7
600 1
3960 5
3490 5
350 1
240 1
320 1
40951756 2
40009785 3
4080 6
9987141 3
2110 3
9994652 0
60013838 7
20001262 2
89999192 5
3770 4
2720 0
3530 4
3070 3
78975281 2
3820 5
410 1
3270 6
998320 7
19991633 4
119998177 7
310 1
20004322 5
12310 6
19983133 4
500 1
270 1
110001945 2
20006033 4
20001033 3
159993132 2
8590 0
7995971 6
2930 0
131999808 2
4390 7
19995323 2
80002331 3
1130 1
19995683 7
9994271 3
9650 3
7860 2
7985432 4
7830 7
10160 3
8630 4
7390 4
9390 4
10470 4
6460 4
62936399 5
59007698 7
10990772 4
29014414 3
79987931 4
310 1
60006818 7
18991303 3
7470 5
238990923 7
171998374 2
510 1
11520 0
19985852 3
60010829 6
199991278 3
1260 1
40003136 4
19994893 2
5070 6
6490 4
1040 1
8830 6
6840 7
971291 5
5160 5
19006233 4
70005139 0
5030 2
39991456 7
310 1
19989113 3
5220 2
4991 2
18989162 5
6780 6
260 1
8270 7
986020 2
80003001 4
19998773 6
5150 3
129995238 4
10012571 6
5970 6
420 1
5980 3
5580 3
640 1
7440 6
6950 7
4570 4
570 1
390 1
49952557 5
39989796 2
80016301 5
16130 5
10340 3
1230 1
10170 6
8971 4
6740 6
4809 7
89945263 0
490 1
13250 7
39964416 3
7010 0
119999617 6
999050 6
19008152 0
720 1
19991253 5
21002973 7
6340 2
8970 7
12170 6
38975656 3
19993893 3
510 1
9620 7
17984453 3
6070 5
2001770 0
119990287 3
7920 7
19993932 0
10360 4
10001411 0
9994191 6
7760 7
8110 2
109977666 3
5240 3
680 1
40006875 2
79988411 2
5500 4
20001013 2
19999703 4
6110 4
79988081 0
6110 3
520 1
20001353 4
60004148 2
986950 3
6550 3
18995573 0
50007406 7
107997006 3
151997032 0
6091 3
5580 3
5940 4
5829 4
79984931 7
39989185 4
20006203 2
6430 3
9460 5
5060 5
19968973 6
19999392 7
10001092 6
6410 6
10002671 5
995661 0
209014568 2
79985571 2
6829 4
40010126 3
159990922 7
19995513 2
19988423 5
9011491 3
600 1
11007342 4
4960 6
22981944 3
4890 2
5050 4
7009000 7
340 1
7489 7
5460 3
4389 2
4180 2
5500 5
5240 3
19943473 6
5220 7
4671 7
389 1
20002143 3
4940 3
5340 3
49985837 0
39997986 5
410 1
59995778 5
39996876 4
11005281 7
5240 2
27990614 3
71006280 5
79992381 3
11620 2
4080 0
130007648 6
19985583 3
90003282 3
17993743 5
132010208 7
19985393 7
70005990 6
760 1
50006547 2
7780 7
17570 0
9090 7
949551 2
7770 3
48994736 5
6820 3
993150 7
5870 3
320 1
148995621 4
5200 0
6890 4
59984719 2
5149 0
20005923 2
19986742 6
13930 4
80015921 2
6900 4
4920 0
29962335 6
29109813 7
5089 3
6940 6
3550 6
885232 7
29984065 0
60005478 6
50006867 5
450 1
19989283 7
500 1
5290 6
610 1
270 1
9520 2
5560 6
59985558 4
420 1
260 1
2995001 0
6471 3
6140 5
4940 3
4279 6
5590 5
820 1
220 1
97967654 2
29000084 2
20009653 0
20000893 6
5720 0
5110 2
5800 7
4969 3
5151 7
4591 7
57955898 5
350 1
32006934 2
4630 6
5910 5
290 1
19981323 2
6480 4
300 1
19995113 7
5500 7
147993570 5
6040 3
5260 0
71998390 6
39993866 4
510 1
20001633 5
217992650 6
530 1
1007820 2
41009536 0
5590 4
19978483 7
20998333 7
29001603 5
6840 5
3511 0
4711 0
289 1
8990901 2
6790 6
9220 6
50981367 3
80000131 4
59991729 7
17999193 2
12007262 3
108995365 5
6570 3
4470 2
5460 5
986700 0
21994053 3
58001038 6
79998771 7
20012533 2
5380 6
19982853 3
90013322 0
19995233 4
20996613 7
5220 7
4930 6
490 1
460 1
19991293 5
4810 5
4379 5
3871 3
4000 6
78975412 7
70001959 0
5600 3
720 1
997410 7
59000659 2
4770 6
60003458 3
39986896 4
40002135 7
40001996 4
19995363 6
9998682 4
30004524 7
21995293 6
6340 2
580 1
7000221 3
30989334 4
5171 5
19998963 7
140000070 2
760 1
320 1
5970 2
139996549 4
560 1
20001223 4
17995682 2
31997774 3
1999030 3
38002155 0
6660 4
19995712 2
9996501 7
70007819 4
370 1
260 1
5300 4
4420 4
4500 0
370 1
6330 4
5080 0
5810 5
4680 0
69958130 6
8997351 0
998091 5
5900 0
4740 5
4440 3
40985036 7
49002107 7
40011346 5
60006059 6
8981751 3
5010 2
10993842 5
17998232 5
3370 2
11996682 6
2000610 3
4570 3
460 1
6120 2
4930 3
3910 3
17983303 7
20999703 0
18994242 3
1003580 7
3830 2
280 1
18992383 5
59998969 3
5929 4
5099 4
19997943 2
3020 2
19996843 3
20004263 3
19987682 3
60011108 7
380 1
8660 5
18982903 0
5000 3
331 1
1006279 6
5529 6
79999831 0
19986573 2
7880 3
18987062 4
1002121 5
3909 3
5430 6
4340 3
49995947 4
11988342 7
5360 6
300 1
8013991 4
79981931 6
40007496 5
6270 0
380 1
40989456 2
158997302 7
420 1
440 1
58995308 4
460 1
51001157 5
20006793 7
4770 5
988850 7
4150 7
340 1
5210 5
270 1
48995427 3
330 1
7620 0
4539 5
137979430 7
390 1
7380 0
6010 7
3730 0
3985981 3
18005072 7
100007664 7
19987203 6
39999675 2
19996673 2
19999233 0
360 1
4000 3
250 1
40004675 6
319993115 2
90012142 2
460 1
9889 0
49994238 5
49996407 0
19985323 3
8740 4
19999873 2
40990026 0
78999251 6
410 1
30002614 3
150010691 5
19988182 4
17849 7
59985578 4
17998063 6
2006881 7
19986653 2
10780 5
480 1
9340 5
6310 5
470 1
420 1
740 1
61974869 3
480 1
98009904 6
11989141 3
8020770 7
48984448 0
81012412 7
19996792 0
90987832 6
11790 6
26990654 0
11992332 2
120007966 7
6760 0
59997939 6
180004885 7
8996261 6
210998349 0
119998336 7
99999164 4
30001224 0
9997001 7
19999023 4
79999461 0
59996448 5
20996593 5
69004010 4
4700 0
5600 0
5900 4
98982033 7
7880 3
997401 5
5870 4
580 1
7909 5
5860 4
29982805 6
10012181 5
9420 5
6540 0
5950 7
5280 6
4990 3
29956464 2
19998573 0
11991882 0
28003734 3
20001433 2
670 1
60002658 6
5330 7
540 1
9990881 4
19997073 6
70011610 0
5120 0
79991601 2
7830 7
9910 0
19974423 3
5700 6
610 1
19990783 0
60002988 3
4630 3
4470 0
6560 4
480 1
480 1
149982321 2
6350 6
4500 6
7730 3
4770 3
79971301 4
8890 0
9996331 3
5289 2
189991797 5
57995848 7
520 1
6920 0
2015210 4
99982724 6
17996862 4
2001970 2
5440 4
5280 2
450 1
39984246 6
7140 7
39997625 2
18995193 0
1016620 4
48995257 7
6790 6
10981482 2
6450 6
4480 5
5440 3
4620 7
4959 6
5020 4
39967496 2
19001353 2
998530 3
40003536 2
9000011 7
4470 7
31008894 2
19088502 6
3280 0
3740 6
5630 5
3390 0
6290 0
330 1
290 1
5820 0
872631 2
996090 7
38994906 3
100006354 5
20011732 0
19990323 3
340 1
140998220 5
8992781 2
127996618 6
24004713 3
6110 3
4580 3
3880 2
4770 3
2800 2
4020 3
109972826 7
410 1
5510 6
5829 5
4191 5
86989153 7
996200 2
5490 4
360 1
4820 3
3960 3
20988223 6
18995123 4
78000150 3
2007151 7
7330 6
4590 7
3710 6
10976831 4
9004081 7
331 1
5509 4
4631 6
380 1
1987580 5
450 1
480 1
6910 2
4270 6
5280 3
5290 6
85973182 0
6700 7
21996403 3
19998623 6
380 1
21998463 6
118023906 4
19981843 2
18998443 4
41006746 3
5359 5
4230 3
300 1
290 1
19986413 0
310 1
5210 4
3150 3
290 1
9987462 2
10006081 4
19990443 2
50009137 7
19991473 0
4550 5
6830 0
4000 0
5489 5
8071 2
59976858 3
3770 3
3730 0
70002110 2
7900 4
340 1
6199 3
89985403 0
40982996 7
5760 5
490 1
4590 3
530 1
5230 5
5260 4
36978296 2
6370 6
500 1
6270 6
5430 7
390 1
2983291 5
4260 4
5620 2
3720 3
510 1
18997222 0
119998087 7
39986296 4
20007652 4
5191 0
20003442 6
39989826 6
140014859 6
5399 7
4070 3
350 1
5170 3
4030 3
710 1
3900 6
3930 3
6530 6
6300 3
430 1
4750 0
49952278 5
6890 5
79994022 6
39988285 0
28997944 0
288995871 2
85998032 5
26011634 2
3789 2
5020 3
5260 4
4850 0
9973862 7
39997735 2
99997794 5
60000248 4
50011327 0
5000 4
19990373 2
6930 3
3760 3
19995132 7
19989113 0
20013923 0
30980895 7
129011448 3
68992859 6
5800 5
3580 5
5500 6
30986624 7
39996885 0
28710 4
59996328 7
6290 5
5090 6
289979101 2
780 1
6510 7
149980801 4
9995751 6
5231 5
110003395 2
540 1
48997857 3
520 1
10994271 4
40001556 6
420 1
5210 2
10001791 3
19987773 7
4940 3
2640 3
10993632 7
29004964 4
4490 4
4520 4
109998075 3
59990468 2
18998093 5
4610 5
460 1
360 1
3860 3
3170 3
20987223 0
4430 0
20010163 4
3320 0
3590 2
19975593 5
20005982 2
30005845 6
20004792 0
8986292 2
10996101 3
711 1
20004873 0
50994577 0
18002982 4
4730 4
530 1
51006057 5
4700 4
59986019 3
6780 7
4600 4
4000 5
99997504 3
29989504 0
4460 0
3380 0
10620 2
19977403 7
4409 5
4111 5
400 1
6309 4
3760 0
19982443 7
420 1
79995892 5
4089 5
4540 4
19994583 6
59993859 4
20006932 0
4040 2
20008433 4
981210 2
39007186 4
51995507 0
8005661 5
40000716 6
370 1
8290 6
6160 6
5160 5
3520 2
49966677 0
3380 0
39995646 5
7420 4
19999002 6
5170 4
7994491 6
6839 6
470 1
5840 4
5420 6
4680 6
19970213 2
64014249 0
8008341 6
2850 1
33430 4
13160 4
69929810 2
40003526 0
9010781 6
998270 2
9995272 5
18992692 0
1006010 6
1007321 3
6040 6
11250 6
870 1
18969113 4
19997833 5
20005143 4
50014886 3
8811 0
9977552 3
159991773 5
19316149 4
710 1
687693 3
520 1
8680 6
19993853 7
19989503 7
6580 3
500 1
20004853 5
4860 6
9993141 4
50016357 0
470 1
59980929 4
20004322 3
992341 7
17998312 0
13660 3
5370 7
60994709 5
20985454 6
19999 2
5540 5
3420 5
16959 5
8870 2
18049462 6
21290 7
6890 3
5430 6
8470 0
5860 3
550 1
40873237 5
39978676 3
8611 2
19985632 0
20540 6
28983085 7
21011843 2
4870 0
59996039 7
60003008 7
570 1
19993093 0
1110 1
8190 6
80003141 3
7820 3
570 1
7580 4
20957783 5
4150 3
19007133 4
18919 0
9996112 4
9996382 0
49976058 4
40001335 3
30998495 3
510 1
8380 5
49579 6
