3040 9
750 13
720 2
670 12
690 13
670 3
730 11
540 12
560 9
660 15
690 9
730 6
580 10
720 1
450 7
840 6
530 7
610 5
700 9
700 0
510 11
750 4
660 3
490 10
520 9
750 11
680 2
760 8
840 8
710 4
680 4
830 8
610 11
740 15
760 12
510 11
660 4
550 11
680 4
610 7
570 6
600 13
690 15
610 4
830 5
580 10
760 4
620 2
809 11
471 6
529 0
851 4
600 2
520 14
649 0
600 1
569 9
551 4
489 2
531 13
460 2
2060 1
651 9
620 3
549 6
651 8
569 7
600 7
580 13
520 7
560 3
551 12
609 5
1340 15
591 3
549 9
640 0
580 4
551 11
660 9
560 14
540 1
589 4
580 6
511 13
1249 7
650 3
590 5
560 11
590 5
500 1
590 0
620 9
590 13
530 10
550 13
2390 12
580 13
630 13
610 0
530 13
510 3
610 13
550 9
620 7
570 3
580 3
560 12
1600 8
570 1
650 0
610 13
590 10
560 2
500 2
640 14
580 0
560 12
560 1
1270 13
670 14
620 1
570 2
650 9
730 5
550 2
670 13
600 4
550 12
680 8
550 12
1540 4
510 0
520 7
590 2
550 3
660 9
560 13
510 13
600 11
510 4
550 13
630 11
1500 8
610 12
630 11
590 2
680 15
600 11
560 5
510 1
530 10
540 12
610 10
1430 12
700 8
620 10
630 10
590 4
620 1
640 14
610 9
590 12
620 6
560 12
590 2
1390 1
630 3
510 2
560 14
570 7
660 2
620 15
650 14
640 1
560 1
590 7
560 13
1270 9
620 6
620 13
600 0
550 6
630 1
570 12
600 2
640 6
600 7
640 15
1250 1
610 13
650 4
590 2
590 2
700 1
550 9
550 7
680 10
530 12
630 14
590 0
1440 1
530 15
590 12
580 0
680 13
620 11
620 0
640 1
660 8
590 13
600 11
680 9
1400 9
560 4
550 13
740 11
620 10
580 2
680 15
649 7
611 14
649 0
560 0
1551 8
589 1
591 5
620 0
640 12
569 9
631 12
560 10
589 11
680 1
640 13
680 3
1320 5
671 3
609 12
560 12
540 11
560 4
591 7
529 4
520 0
551 14
520 5
2320 12
620 12
589 5
631 3
589 14
580 13
591 2
549 10
640 10
600 1
780 8
620 15
4050 4
580 3
580 6
610 14
560 1
600 13
630 14
610 4
700 13
690 10
700 8
700 12
1420 13
650 9
650 6
600 11
490 5
650 2
740 8
590 9
660 15
670 7
680 1
1320 12
590 15
630 15
590 3
800 8
650 9
560 0
620 2
660 11
550 2
570 4
640 15
2110 6
620 0
550 9
720 8
540 12
530 5
550 12
630 0
500 1
600 14
660 0
640 8
1360 2
670 3
570 3
590 13
590 6
580 9
630 1
600 9
590 10
540 15
630 15
1420 11
700 13
680 5
670 14
580 0
600 4
720 10
560 15
640 12
580 0
660 2
700 8
1390 10
620 12
670 4
650 10
580 9
580 6
660 14
590 7
650 6
620 14
610 11
690 13
1430 2
600 0
620 15
640 14
680 11
670 0
610 9
590 1
520 15
580 7
590 10
1840 13
710 5
660 7
610 11
620 0
630 15
610 0
590 6
540 5
680 9
650 3
630 14
1430 7
660 2
570 9
660 9
640 0
630 9
540 12
620 5
610 12
540 5
590 6
1330 11
680 8
570 12
580 6
630 9
700 0
609 12
551 11
609 6
620 15
640 1
591 3
1589 11
611 11
569 0
660 13
600 14
600 2
640 12
651 12
549 11
720 8
611 0
629 12
1600 2
560 12
700 0
560 3
571 7
580 15
629 9
760 8
591 6
689 15
640 0
3140 15
680 7
720 8
630 9
660 1
530 9
580 11
630 5
640 8
640 8
610 11
580 0
4810 2
640 5
590 14
620 11
620 2
630 6
610 5
650 14
670 2
570 11
750 7
640 10
1450 14
630 4
630 11
660 4
710 8
600 6
580 6
690 2
700 8
600 3
600 4
1480 9
630 9
640 11
650 2
600 1
610 2
660 2
680 13
580 13
620 9
740 8
620 7
1520 7
630 10
650 12
640 5
710 13
650 13
600 4
650 4
570 1
580 9
650 1
560 10
1430 0
650 10
600 15
570 5
690 3
660 8
640 2
590 7
640 7
600 3
700 8
1490 1
620 11
610 14
730 7
730 11
630 10
590 15
630 0
680 5
580 1
640 7
570 15
1290 2
620 15
640 11
640 11
540 13
660 9
610 11
540 12
700 5
570 12
600 12
1380 2
680 15
600 6
720 8
680 12
630 6
630 4
700 8
610 3
650 6
560 12
710 13
1590 7
690 8
540 13
640 0
670 12
550 1
610 7
610 2
590 5
620 5
620 4
570 2
1420 10
660 14
820 13
800 8
650 5
630 9
560 0
649 7
640 14
600 15
540 3
1371 13
560 4
700 11
740 8
529 12
589 15
671 6
640 6
569 9
631 10
620 12
709 3
1360 4
660 12
560 2
691 13
689 10
680 5
591 15
609 13
600 8
640 2
600 6
560 2
2349 15
651 3
649 7
831 1
640 11
560 6
640 11
569 3
640 1
570 12
590 14
1510 9
630 13
590 4
610 12
580 0
600 11
590 9
700 9
710 1
650 1
620 7
580 9
1640 2
530 11
800 3
700 7
690 8
680 7
620 7
570 5
720 10
590 3
600 13
670 2
1340 14
580 7
600 11
590 6
610 1
870 8
640 5
560 10
550 15
770 0
560 5
3680 9
660 0
700 6
510 11
690 8
610 15
630 2
570 0
700 0
630 13
570 4
610 3
1410 13
570 1
620 1
620 1
610 13
580 10
640 10
650 10
550 14
580 4
600 7
1280 3
800 10
670 15
670 15
700 4
580 10
580 4
680 5
660 6
620 1
700 12
560 1
1680 7
620 11
710 14
770 11
670 11
670 11
770 8
730 13
670 14
680 6
660 10
640 5
2170 11
680 0
600 12
560 1
640 3
620 7
700 7
590 14
580 7
610 2
610 10
1700 6
650 9
590 13
680 6
600 6
790 13
610 5
640 2
610 6
590 11
660 9
570 12
1490 15
700 9
650 5
660 3
590 11
520 3
860 8
710 12
690 11
650 9
670 8
650 9
1780 7
709 0
620 13
660 3
671 9
629 13
620 3
640 12
649 4
660 1
680 15
1420 8
700 8
651 13
669 8
631 14
649 14
631 12
629 15
680 0
680 3
680 10
620 4
1429 6
631 5
620 10
620 15
569 7
620 13
680 14
611 2
560 3
600 7
689 10
640 13
3040 11
600 13
650 8
590 6
640 0
570 5
570 6
630 7
570 13
680 8
590 9
1320 8
690 8
590 2
530 8
630 12
610 7
560 11
650 7
690 14
560 11
640 12
640 12
1550 15
670 7
560 2
810 8
680 6
620 7
730 7
670 15
630 0
640 13
630 12
1410 13
720 0
710 12
590 1
590 12
640 7
620 15
630 6
650 0
850 2
620 1
740 8
1450 3
680 6
690 6
630 6
640 0
650 9
600 6
560 0
580 4
550 10
630 10
720 14
1450 15
890 1
680 15
660 0
680 10
700 5
610 10
520 15
620 3
620 11
570 14
1300 13
700 12
660 13
740 8
670 9
550 4
650 1
680 4
580 10
680 13
710 1
650 0
2850 14
570 15
600 1
750 8
670 11
670 12
670 1
580 3
720 9
600 3
690 8
620 0
1660 1
750 4
580 5
730 15
560 10
640 11
520 15
680 11
600 3
660 12
680 15
1450 7
650 13
620 13
670 14
600 14
680 11
660 14
720 8
680 4
600 10
630 8
560 3
1520 5
580 12
660 2
690 10
630 11
639 0
671 14
660 9
700 4
629 3
611 1
649 14
1331 3
709 14
631 4
680 7
649 6
651 13
640 10
609 6
551 0
671 10
560 7
1549 2
691 15
669 3
631 11
580 6
669 15
691 11
749 7
671 3
700 14
640 4
729 12
2400 13
651 2
589 0
611 2
619 12
730 14
590 14
590 6
610 13
610 3
630 14
1430 12
750 12
700 7
570 7
660 15
700 14
640 13
720 14
570 13
650 0
560 14
680 5
1490 0
630 12
610 3
610 15
730 8
590 9
600 4
560 3
680 6
630 3
590 4
670 0
1560 14
760 8
620 4
570 15
670 0
610 7
680 1
610 6
630 1
680 5
590 15
1370 0
720 1
600 15
650 14
650 12
610 3
660 12
610 3
610 2
590 11
620 2
690 8
1560 8
680 12
680 10
630 13
650 9
630 4
640 14
600 10
620 15
710 9
720 9
670 0
1380 5
640 14
600 5
610 8
690 10
820 9
630 3
780 0
660 0
580 10
650 2
2820 13
660 5
670 5
670 2
770 10
650 5
720 13
720 3
690 1
650 1
730 8
630 10
1700 15
680 0
730 14
610 2
660 15
630 0
770 8
710 9
620 9
630 14
520 6
670 13
1690 8
660 10
640 9
640 12
830 8
750 10
760 9
700 1
690 9
620 1
590 6
1650 12
710 14
580 9
790 8
680 11
680 8
680 3
640 8
669 3
731 6
649 0
631 0
2320 6
589 7
631 0
629 10
611 4
589 15
571 10
620 0
609 5
640 9
680 8
1480 2
660 13
729 2
640 9
740 15
631 14
829 7
560 11
591 5
609 15
720 1
680 2
2411 3
660 15
620 11
640 11
720 12
689 14
620 7
650 6
680 14
570 11
740 12
680 7
1510 13
810 4
670 14
660 14
580 9
660 4
630 13
710 8
790 1
670 0
660 12
1570 6
550 13
760 5
640 6
600 15
660 13
670 15
630 13
660 6
750 13
650 6
630 1
1660 8
740 0
740 7
690 2
640 9
630 2
780 1
600 9
600 5
630 13
670 15
620 12
1480 9
650 9
760 8
750 12
650 2
630 14
610 13
640 5
670 1
650 3
700 7
1450 8
800 9
680 2
630 11
670 6
660 6
740 13
560 11
700 10
650 7
700 14
580 3
1680 12
660 8
800 9
770 8
630 3
660 12
720 12
710 5
670 4
650 5
660 14
820 8
1500 10
680 8
660 9
710 1
720 5
750 13
730 13
630 9
650 2
660 5
790 8
1410 0
700 12
720 14
660 9
640 10
610 13
620 1
690 5
760 15
640 9
730 1
520 15
1330 14
630 12
560 11
570 4
720 15
720 6
730 8
730 12
690 0
630 2
690 12
1470 0
690 6
680 7
590 14
630 12
670 15
700 10
720 5
680 6
700 15
629 0
680 6
1360 4
691 11
649 9
580 9
720 2
640 1
640 6
680 6
680 9
740 0
651 3
660 11
1540 6
740 3
680 13
689 6
660 12
640 13
620 1
720 1
731 8
660 15
640 3
1289 9
649 5
700 7
631 0
640 2
620 11
649 10
651 5
729 2
611 10
659 7
660 9
3810 8
750 0
580 14
700 15
790 0
720 9
680 5
730 13
750 1
650 11
820 8
660 1
1540 14
620 9
700 6
660 12
770 10
590 4
690 12
680 4
710 14
660 0
730 11
1420 8
640 15
740 11
720 13
670 15
700 7
670 12
730 2
620 14
670 0
640 6
680 13
1440 12
680 6
620 5
660 14
650 11
770 13
610 6
560 4
640 6
600 1
650 14
760 10
1590 6
620 13
690 14
590 5
590 13
570 9
650 6
650 1
740 10
570 5
660 0
1370 5
620 15
640 15
700 6
690 9
580 2
620 14
580 10
710 8
680 10
630 4
670 3
1470 6
700 1
630 0
690 8
690 11
720 8
680 8
730 0
700 11
6850 1
570 3
1410 11
670 0
610 6
760 5
640 6
680 5
730 4
690 11
730 0
690 4
660 8
760 14
1680 1
670 6
680 15
650 6
610 5
670 11
720 5
730 15
600 14
620 14
660 9
550 5
3790 6
680 1
729 6
611 13
629 5
740 0
640 6
631 15
609 10
631 3
729 4
1520 12
640 5
669 4
691 10
729 4
700 4
709 2
700 13
700 7
591 13
609 0
600 13
1600 8
731 10
629 11
711 2
660 7
600 5
649 14
631 12
569 2
651 3
609 13
740 1
1480 15
670 4
620 2
730 2
620 5
690 13
710 14
600 7
710 9
920 8
640 11
2780 12
690 4
640 4
620 7
600 4
660 5
660 6
750 15
570 6
640 14
620 5
760 15
1640 14
580 9
720 8
730 8
640 15
730 9
720 12
680 6
710 10
680 13
760 3
730 8
2410 4
660 1
640 2
720 11
760 14
680 6
810 12
650 7
690 10
570 12
630 5
1750 15
730 14
660 13
640 11
600 6
680 9
580 2
740 12
660 6
610 2
740 15
640 4
1560 8
720 0
680 8
640 5
650 10
710 4
710 11
620 14
680 4
620 11
820 8
1680 10
760 11
730 0
720 12
700 5
620 13
670 10
700 5
690 11
620 12
630 0
700 6
1710 0
600 15
640 0
710 0
650 0
650 7
770 10
650 9
680 9
670 12
650 1
620 2
1580 11
730 3
600 3
630 14
680 14
730 4
630 0
590 4
750 8
680 13
700 0
1480 0
670 4
640 1
920 8
650 0
790 0
600 1
700 10
550 12
680 15
600 2
620 10
1500 10
700 9
729 15
720 8
900 15
711 2
640 15
829 12
629 13
651 6
569 9
631 7
1440 6
749 4
711 0
789 8
611 3
609 4
611 3
700 14
680 11
600 15
580 12
1469 0
760 14
600 11
620 0
660 9
700 14
760 15
571 11
760 11
649 10
730 13
630 12
1520 7
650 5
670 10
700 5
660 10
750 8
620 6
660 10
610 12
670 1
670 1
680 11
1430 4
710 13
610 6
660 15
660 2
720 0
670 0
830 2
690 11
710 14
610 7
1780 5
840 8
630 11
630 0
720 5
660 9
580 6
680 10
630 0
650 1
670 15
680 11
1520 14
670 9
640 4
670 15
750 3
670 7
760 7
670 11
670 15
700 15
670 14
1560 1
650 13
630 15
700 9
850 1
700 6
620 5
660 6
670 1
650 12
600 0
700 11
1370 7
740 15
630 7
630 11
770 13
650 1
680 6
660 9
620 13
640 2
700 2
610 6
1480 10
770 0
630 13
700 13
680 0
740 7
650 11
630 13
660 1
620 15
690 3
1500 4
710 0
700 8
700 0
610 4
810 13
640 11
690 5
630 1
680 14
830 13
600 5
3190 1
680 3
680 2
640 15
720 1
660 11
650 4
790 12
640 1
650 4
660 6
700 5
1510 11
680 12
650 12
630 11
720 8
720 9
640 14
709 4
691 10
669 5
589 12
1551 15
689 14
591 4
720 13
820 8
640 6
691 2
620 10
780 9
660 0
709 9
791 10
1640 14
911 7
660 2
640 6
671 5
769 3
671 3
629 11
680 12
580 13
680 4
580 10
1551 5
769 9
700 2
880 14
700 11
760 7
650 7
640 13
700 13
680 5
690 13
1580 6
700 5
640 10
770 2
700 9
680 11
590 10
720 14
690 5
660 13
760 15
660 5
4120 10
610 11
720 3
720 6
690 6
700 6
750 2
630 5
710 3
640 3
670 2
2110 12
740 6
660 4
640 10
630 15
660 2
650 10
680 7
650 11
790 8
870 7
710 2
1520 2
780 11
650 15
780 10
640 2
590 7
700 6
590 6
770 6
700 6
680 4
610 4
1310 1
750 7
810 6
670 0
780 2
680 11
590 3
680 2
730 7
860 8
760 15
1450 3
750 12
700 5
720 14
760 2
670 1
550 12
650 9
670 1
630 7
710 14
670 3
1570 13
750 15
630 1
670 13
750 5
630 1
750 8
870 14
700 10
740 12
690 6
680 8
1470 10
760 5
720 0
730 6
630 0
620 10
730 0
710 15
730 14
650 4
670 4
2170 7
830 6
720 14
650 3
680 10
650 13
690 0
660 2
710 12
820 4
700 10
590 12
1520 13
699 15
771 14
609 14
791 15
700 1
669 2
580 11
760 9
571 14
600 7
780 8
1540 11
669 3
780 9
680 1
871 8
700 2
740 4
660 4
680 10
760 13
660 14
1400 14
749 3
720 6
700 2
691 4
709 14
780 9
611 10
700 0
780 9
709 13
740 9
1400 12
690 5
730 6
730 9
780 2
770 6
770 7
750 1
640 10
830 6
700 6
1530 9
740 14
610 5
710 6
630 1
590 11
660 3
690 7
740 4
710 10
670 1
610 14
1500 5
650 11
610 11
720 8
800 3
740 10
880 8
660 1
640 10
660 4
740 5
630 11
2650 5
660 10
680 13
710 2
750 9
640 13
650 0
640 0
780 3
700 15
740 5
1510 2
720 11
740 4
740 12
600 11
630 4
660 12
620 14
740 14
630 4
580 1
660 4
1410 2
610 4
620 12
780 7
720 11
680 4
820 8
850 10
730 12
750 5
630 4
680 12
1520 13
700 5
750 5
750 3
760 12
700 3
720 4
610 5
730 14
630 11
660 4
1270 11
740 10
650 6
750 3
750 2
740 14
600 1
610 15
630 6
670 5
710 2
630 5
1540 14
610 1
690 7
710 10
810 13
730 14
710 1
610 0
570 4
710 5
710 7
670 9
1320 0
640 15
690 2
720 6
680 2
630 2
720 15
630 0
600 0
730 14
700 11
1479 2
671 9
669 5
700 15
780 14
700 2
651 9
689 2
700 14
591 4
689 6
631 13
1700 8
769 11
720 1
691 13
700 4
651 2
760 11
669 2
591 5
709 14
660 5
1460 3
649 9
640 1
671 14
740 15
631 1
669 4
860 8
720 15
660 11
640 4
600 4
1580 4
710 5
760 12
580 6
690 1
680 3
710 12
680 10
640 1
630 12
790 3
610 4
1530 15
720 7
610 1
650 12
760 4
670 10
720 14
650 10
710 15
740 5
600 6
1580 14
680 0
640 7
640 1
770 7
680 13
610 4
620 2
740 7
700 6
590 3
790 11
2900 7
630 1
710 4
780 9
610 5
700 7
700 13
820 1
640 2
670 12
640 13
580 13
2180 15
790 2
700 2
670 3
710 4
660 15
730 3
680 1
770 9
780 10
720 13
1460 11
660 7
830 11
690 1
690 3
680 12
620 13
680 2
750 2
740 2
860 8
650 13
3570 11
720 2
750 0
640 15
730 9
710 14
660 6
770 15
740 6
640 10
740 14
610 3
1570 1
670 15
590 14
710 4
720 5
680 1
630 13
790 15
630 7
770 8
630 1
1840 10
750 12
610 4
700 14
720 2
820 8
700 0
660 7
620 1
720 10
620 4
700 12
1410 10
670 12
700 12
640 4
730 10
749 3
620 4
591 7
769 13
671 13
680 13
1720 13
800 11
689 7
631 12
709 11
671 0
600 13
760 10
660 1
660 14
691 6
609 10
1800 10
711 3
749 3
700 6
911 8
589 3
751 0
709 2
620 9
720 6
640 4
731 15
1580 12
609 3
780 9
840 14
660 2
610 12
760 8
630 12
640 5
630 5
670 6
2500 4
810 8
690 5
690 7
670 9
640 5
730 9
850 9
770 3
690 4
680 11
680 9
1730 8
600 6
640 0
640 7
700 9
720 10
560 13
700 1
670 10
670 12
740 8
740 15
1650 0
720 11
670 2
680 5
680 0
660 14
790 8
740 4
630 3
720 6
670 2
1650 12
750 4
640 14
730 7
570 5
780 5
640 15
740 13
640 15
700 5
680 6
660 5
3590 13
730 4
700 1
720 2
770 2
650 10
740 9
680 11
730 5
710 7
800 13
590 7
1550 0
630 4
750 15
760 14
700 13
670 4
660 14
670 4
690 11
650 13
650 12
1810 9
830 6
640 0
750 8
700 6
640 10
710 6
650 14
720 7
860 7
600 7
680 11
1880 7
600 6
660 1
730 8
700 10
740 10
660 9
660 9
670 13
630 13
680 11
1430 10
710 3
680 7
640 4
840 8
790 15
740 2
740 14
620 5
690 15
659 3
760 15
1551 0
671 0
660 2
649 4
740 5
591 11
689 9
680 11
831 5
600 3
780 4
649 1
1480 8
711 1
760 13
720 6
749 5
600 11
731 12
671 1
660 6
709 9
720 6
1320 11
700 7
811 15
689 9
680 1
740 10
700 15
720 10
610 6
590 15
740 0
660 15
1740 3
710 13
720 11
690 14
650 12
670 6
750 11
660 14
680 9
700 12
770 8
690 4
1390 6
600 2
660 11
640 13
700 15
710 14
600 12
650 15
700 15
740 12
680 11
1490 0
720 0
740 11
730 0
670 4
670 7
700 1
720 7
740 14
580 14
620 2
730 13
2230 1
720 5
800 5
630 6
650 7
600 15
550 5
670 12
660 4
650 10
700 2
710 8
1420 7
720 0
740 13
760 15
770 11
680 7
680 3
710 14
830 14
760 6
640 5
2350 10
760 4
730 7
660 12
600 9
800 1
840 13
860 14
750 5
780 1
720 8
860 14
1500 6
670 15
670 6
810 6
740 0
600 14
680 5
770 8
870 8
780 0
810 8
1310 12
610 5
680 0
700 7
780 9
660 15
710 12
670 10
780 15
690 3
610 15
680 14
1880 5
780 13
610 9
1000 2
680 4
720 12
820 15
650 6
670 9
640 6
750 11
690 3
1540 15
690 2
800 6
730 14
660 10
700 4
829 14
791 4
809 11
680 6
620 2
3380 5
720 4
980 15
680 11
711 2
660 2
689 9
640 7
700 2
760 1
700 1
651 0
2840 9
729 9
731 14
689 15
740 9
751 9
669 3
691 1
629 3
700 9
580 6
610 4
1510 3
660 13
720 6
750 12
740 15
780 4
660 3
680 5
680 13
660 14
670 9
1650 5
660 13
680 12
640 0
710 1
660 10
650 7
830 4
650 5
730 12
790 11
690 14
1590 11
660 2
600 4
730 12
620 1
580 10
590 1
730 7
690 6
720 6
790 14
700 2
1600 0
700 11
700 1
730 7
640 14
790 15
650 2
660 7
790 5
630 5
610 6
1450 9
660 4
640 3
760 9
680 5
760 11
780 0
830 8
880 6
790 7
650 3
770 6
1490 8
820 9
740 6
790 13
620 7
750 2
640 10
690 15
750 13
710 3
700 1
1500 14
800 8
720 11
660 0
750 7
720 10
700 11
660 1
750 4
710 9
630 5
680 5
3980 11
740 12
830 6
720 12
640 2
670 14
800 3
730 11
720 0
820 4
680 14
670 11
1410 3
800 9
670 6
850 11
780 4
750 9
680 0
730 12
730 4
720 12
710 15
1720 1
690 15
700 14
770 10
750 14
670 10
5429 7
700 2
729 2
760 9
660 7
689 2
1651 13
689 2
811 8
820 10
769 15
691 9
700 6
720 9
740 9
709 6
680 13
669 3
1591 9
669 12
660 2
660 12
700 15
651 9
680 12
700 1
719 9
680 4
810 8
1650 0
750 14
640 6
780 11
720 5
830 3
740 0
680 4
770 3
740 3
660 6
740 4
1420 1
690 10
690 2
650 3
690 5
790 8
670 6
690 12
710 13
790 8
770 14
820 3
1560 1
850 9
620 9
730 3
800 14
740 9
660 3
690 1
660 7
740 3
680 14
1430 9
670 11
740 0
720 13
700 13
650 9
690 15
720 1
730 15
640 0
700 2
690 6
1420 7
640 1
800 2
670 10
730 13
630 6
710 0
630 9
830 3
720 12
720 3
1470 6
870 3
700 7
860 6
640 6
700 1
670 4
890 12
790 5
760 9
670 2
680 1
1410 5
770 0
690 2
610 6
660 15
770 8
710 15
770 11
770 0
700 1
810 8
670 12
1480 12
630 11
740 0
740 6
700 14
730 5
610 4
710 6
750 7
730 2
660 2
2710 5
680 6
670 3
660 7
720 5
710 14
630 14
650 4
780 2
560 11
610 5
710 15
1700 13
750 11
690 5
710 12
750 8
669 8
791 5
731 0
700 11
760 6
680 0
709 13
1440 2
800 13
660 2
871 8
800 15
749 2
651 2
789 6
751 14
769 7
640 14
1549 0
700 5
660 0
700 1
680 10
760 10
631 9
720 13
760 15
649 0
771 6
809 0
1651 8
769 11
740 9
700 15
670 11
660 4
700 0
770 10
730 12
680 14
720 6
610 1
1500 2
670 9
760 1
770 5
700 12
710 5
660 7
770 13
700 5
720 2
690 8
1440 10
650 2
700 13
770 9
670 13
690 10
730 7
760 4
740 0
740 6
780 1
700 3
1550 4
680 14
720 7
830 6
820 8
830 9
650 5
650 2
630 1
660 9
600 1
4220 6
770 12
710 12
730 2
610 14
690 12
710 13
650 1
630 9
760 1
620 6
610 7
1500 2
810 3
670 2
670 14
670 12
660 6
770 11
730 2
710 8
640 0
720 13
730 0
1570 15
750 1
800 8
790 9
690 4
690 3
710 9
780 8
600 4
700 6
860 8
1480 11
740 15
680 11
620 9
630 3
650 7
750 5
740 5
820 8
790 0
770 9
750 15
2890 9
790 2
730 8
770 8
800 9
680 14
790 3
680 15
820 8
670 8
760 6
730 4
1550 7
670 2
670 1
670 9
670 9
690 5
690 8
709 14
640 6
709 1
731 6
2889 14
760 8
680 1
660 2
760 15
651 0
629 14
671 14
760 2
700 2
840 15
740 7
1749 5
691 7
820 11
689 12
680 0
760 7
731 3
720 4
700 15
769 0
691 3
789 8
1500 0
651 4
759 10
710 1
750 6
640 7
590 0
730 15
680 15
810 11
740 12
2500 14
810 11
720 11
710 14
770 1
670 2
730 0
680 0
740 8
760 9
770 13
670 12
2010 1
770 3
690 1
770 15
680 2
680 6
680 6
600 15
700 5
750 8
680 6
1520 12
700 11
730 2
920 12
720 6
760 6
670 12
750 5
670 4
670 10
770 6
660 7
1720 10
710 2
890 0
720 10
700 14
720 15
740 15
630 2
690 3
650 4
700 14
770 15
1760 9
720 3
840 8
790 4
640 0
630 0
710 3
790 11
720 10
930 15
800 8
1650 12
800 12
770 12
710 9
600 1
690 13
650 7
880 7
710 5
740 15
660 6
670 15
1720 1
760 6
790 4
690 6
650 13
660 9
790 1
680 2
810 10
840 14
790 4
660 1
1350 15
630 4
740 10
690 9
680 2
750 7
710 1
800 7
690 9
790 1
630 1
1590 10
720 2
670 0
680 15
790 14
740 13
720 12
960 12
779 8
680 5
740 9
720 14
1351 12
789 4
669 5
631 15
660 7
740 6
649 13
791 12
751 10
769 9
751 11
809 8
2980 4
671 8
771 0
789 13
831 13
680 4
909 1
780 0
740 4
740 8
711 13
1649 10
640 7
711 13
649 0
680 10
680 7
690 14
590 5
690 14
660 5
700 5
700 14
1560 3
690 12
840 4
660 5
760 12
690 15
840 8
860 8
770 5
750 15
730 8
1430 14
790 14
780 11
680 7
740 9
790 5
800 8
780 14
740 9
690 4
620 3
740 7
1530 14
740 9
830 13
750 4
750 15
710 12
940 13
580 4
670 9
710 7
810 6
690 4
1430 6
720 6
670 14
690 13
810 13
670 15
810 0
670 4
610 6
690 15
680 15
1780 6
720 1
710 15
700 15
680 12
680 4
640 15
640 4
620 15
680 4
710 15
760 0
1650 2
680 11
730 1
760 1
700 9
750 0
660 15
770 10
690 15
690 14
690 3
750 8
1660 6
660 6
750 10
800 11
790 6
700 2
660 13
840 10
820 5
710 15
700 5
1540 2
730 4
740 9
830 15
800 3
650 14
710 6
620 11
630 1
690 10
730 9
710 2
1650 15
710 9
770 8
710 14
720 11
820 9
600 2
780 14
750 1
690 5
630 10
970 12
4089 1
720 5
660 6
920 9
960 1
829 5
649 13
720 1
691 0
600 14
740 3
1491 15
660 15
789 11
731 10
740 14
669 10
671 4
700 0
771 11
680 2
649 15
740 2
2271 0
680 4
671 2
789 11
710 15
660 9
700 6
740 13
680 0
740 4
630 7
1560 0
690 1
640 11
630 0
740 14
850 8
740 7
680 14
680 9
780 14
680 15
730 0
1660 4
600 9
840 3
760 9
690 6
750 3
740 5
700 13
660 10
720 14
710 15
810 10
1360 1
640 3
600 9
620 14
690 1
770 13
690 10
810 5
760 4
710 0
680 11
1610 7
700 15
790 10
830 13
750 15
830 5
700 11
740 9
700 6
770 14
730 11
850 8
2900 13
710 12
610 14
760 7
650 11
730 2
650 3
680 13
680 2
640 5
800 8
610 10
1380 14
820 2
740 5
660 12
800 10
660 13
720 12
820 8
750 14
680 15
690 1
1640 9
640 0
670 5
720 11
710 7
680 5
640 4
790 5
660 15
690 9
730 15
710 12
2510 10
710 3
790 3
630 14
670 5
870 8
650 13
820 8
650 5
820 12
750 8
710 9
1670 3
720 2
710 7
650 14
750 7
710 14
680 13
800 11
740 8
760 3
660 12
1420 11
791 10
820 11
720 0
749 15
591 7
649 9
680 12
700 14
629 13
691 2
720 8
1600 10
671 12
680 10
800 6
649 2
740 11
700 10
751 10
909 12
771 5
769 11
1591 10
880 8
1029 8
860 14
851 5
649 12
780 8
730 9
790 13
860 9
790 8
680 1
1640 12
700 0
1000 4
760 12
700 11
800 14
790 6
770 0
740 1
770 13
750 2
670 2
2820 13
690 10
690 3
680 7
650 10
700 11
720 14
710 15
800 8
730 15
640 14
1450 1
710 12
740 2
670 7
710 6
790 15
700 1
710 1
820 6
710 5
750 3
720 2
1510 12
690 1
720 12
750 3
690 11
710 9
680 14
840 8
700 2
800 2
720 10
820 5
1550 12
690 3
650 9
690 12
750 13
630 0
730 0
650 3
740 1
610 5
660 12
1460 5
780 8
720 2
680 15
850 15
620 0
740 5
700 0
720 0
730 8
720 12
700 11
1340 0
890 12
680 13
770 14
750 13
650 4
700 15
610 14
740 1
680 3
620 10
710 0
1710 6
850 1
610 7
690 10
760 3
700 7
790 2
770 0
650 1
640 6
780 6
1290 14
900 6
780 4
770 12
780 8
640 2
750 1
730 6
690 1
680 3
830 15
790 5
1459 14
720 2
771 7
729 11
640 4
680 1
660 3
751 14
720 4
760 10
629 10
1540 6
700 4
780 5
780 0
600 2
800 5
900 13
789 4
791 6
789 10
771 13
809 10
1600 1
709 5
660 1
780 6
691 1
700 7
660 9
729 14
680 7
711 2
649 2
650 11
1550 12
710 5
730 7
800 14
690 11
670 3
690 2
790 7
790 13
620 3
620 12
1470 10
690 13
750 14
730 9
820 8
840 9
690 11
740 11
730 4
770 6
660 1
720 6
4880 6
790 10
740 4
740 12
750 12
810 15
790 12
700 9
690 4
810 5
720 10
690 4
1620 2
720 3
730 11
700 12
800 13
870 2
730 15
910 7
650 10
840 10
790 15
1630 11
670 3
680 4
700 1
620 6
780 1
600 13
730 13
750 10
790 7
730 12
710 9
1550 0
680 3
820 14
730 12
800 8
780 13
760 10
750 5
940 6
700 9
640 1
820 14
1540 15
780 4
690 12
760 5
750 13
670 3
780 7
640 4
690 5
750 4
720 3
1680 8
840 12
800 8
680 1
720 8
750 3
850 10
730 2
710 6
760 7
670 2
720 3
1540 11
790 12
700 6
660 14
610 11
730 11
850 8
750 10
790 11
700 14
750 0
1790 9
760 2
829 6
831 6
740 7
769 11
620 11
671 15
849 8
691 3
740 13
720 6
1649 5
680 11
751 4
749 2
731 0
760 14
771 15
729 7
691 3
789 7
700 6
720 6
1680 0
860 8
711 2
720 5
751 10
829 6
851 9
819 4
810 3
850 2
690 1
1740 3
710 6
670 7
640 13
720 5
710 6
890 5
780 10
650 6
740 5
630 10
670 7
3110 8
850 4
720 11
700 12
670 10
860 8
630 3
750 7
780 12
770 1
720 5
730 12
2300 15
740 12
740 14
740 2
800 4
720 12
720 12
670 6
750 2
700 5
650 7
1530 2
690 12
880 8
780 2
750 12
850 10
660 6
760 12
850 11
740 7
710 4
710 6
3320 1
770 8
720 9
760 10
710 3
740 9
720 3
750 4
780 9
720 1
750 3
810 0
1630 0
710 2
640 1
710 14
740 6
790 14
720 3
840 1
770 6
680 0
740 9
1690 6
890 13
710 15
810 5
850 8
870 3
680 3
770 10
750 4
760 7
770 1
790 2
1570 3
730 6
810 12
790 14
680 9
760 2
840 3
690 12
770 14
660 9
710 4
1390 15
710 13
680 7
750 6
760 15
770 13
720 10
730 6
720 6
780 8
649 1
780 1
1551 2
680 0
700 13
689 7
771 7
680 4
720 1
720 8
649 13
880 12
660 14
720 15
1511 3
749 15
751 5
709 15
711 13
720 5
700 4
929 5
691 4
700 11
760 10
1389 1
740 14
749 6
720 1
789 14
790 0
670 6
710 8
730 2
5750 10
740 14
920 12
1530 5
780 3
730 5
760 14
720 7
750 12
730 4
800 12
760 9
900 13
720 3
630 0
1620 3
770 15
630 7
670 2
740 11
670 7
710 13
700 9
710 14
750 11
750 12
1520 15
800 1
720 14
750 2
670 12
740 15
820 8
690 4
740 9
670 3
700 10
770 9
1480 11
790 10
670 6
710 9
740 13
760 2
790 4
600 1
690 12
640 4
630 3
690 4
1530 4
590 9
750 4
620 12
810 8
760 10
710 8
770 12
780 0
740 1
770 3
3650 11
810 3
780 11
760 3
770 12
610 7
720 14
730 6
650 12
680 14
630 4
770 14
1430 6
630 6
640 7
680 1
720 0
670 5
780 10
730 2
780 0
660 0
850 11
1450 6
720 12
720 6
740 6
650 6
650 2
770 4
740 6
740 3
660 10
810 7
710 10
3590 6
750 6
760 15
669 4
651 13
709 5
891 2
880 8
749 2
780 3
740 11
771 1
1420 3
769 7
831 11
689 1
700 7
740 9
691 6
809 8
660 5
660 5
711 10
1340 11
800 8
871 6
860 12
720 0
709 9
851 1
689 15
800 13
660 12
700 3
660 9
1440 6
770 15
690 13
840 8
780 11
700 6
820 13
710 5
740 13
830 12
750 8
710 12
1470 2
760 1
900 1
710 13
680 11
870 13
710 11
800 4
650 7
780 6
630 15
1470 11
780 0
670 15
800 3
770 14
760 11
790 3
760 4
750 12
730 1
730 2
820 4
1490 0
740 0
650 0
760 15
770 0
680 13
710 8
720 14
830 1
750 5
720 11
880 4
1940 2
780 13
680 11
890 8
760 11
790 15
760 3
790 11
770 10
700 15
880 8
1450 10
790 0
830 1
780 11
770 1
750 12
670 12
650 6
760 11
730 9
760 11
770 1
1620 13
670 3
660 7
690 12
740 12
760 11
700 1
800 2
770 11
770 2
800 7
4010 8
800 14
760 4
800 15
780 2
660 15
620 1
770 0
860 10
660 4
700 9
700 9
1620 3
820 12
900 5
700 10
660 15
720 4
660 4
750 13
750 11
620 2
690 3
700 3
2249 11
811 15
749 3
711 6
800 10
809 3
720 11
671 4
689 12
860 8
740 2
1700 11
811 13
729 14
771 1
689 5
680 0
811 13
820 5
740 0
749 1
711 3
680 12
2889 11
1051 3
740 9
711 11
780 8
749 8
730 10
690 13
770 12
800 3
790 3
780 10
1620 0
690 13
800 15
690 11
700 0
690 10
740 1
740 7
720 4
760 5
720 9
1780 10
770 7
780 7
790 4
800 7
710 2
690 4
730 6
700 10
820 2
710 0
850 15
1590 3
700 0
800 0
780 14
720 7
690 8
860 14
700 0
840 12
670 0
650 4
770 2
1610 5
750 15
670 13
770 9
770 1
720 9
860 5
720 14
760 14
720 14
720 1
1640 15
660 12
780 15
740 5
730 0
720 9
700 10
830 13
680 5
770 12
740 15
710 15
1390 12
790 3
680 1
750 14
740 15
670 3
740 5
690 3
720 12
770 3
720 13
1550 8
820 1
730 3
730 12
670 6
720 11
780 2
780 8
910 2
930 8
740 10
710 9
1590 6
670 4
700 3
890 7
760 14
740 9
670 4
840 2
760 4
710 6
710 0
880 0
2010 7
740 12
710 14
750 7
820 2
760 0
750 15
740 6
700 12
830 0
709 13
2780 4
800 7
820 8
731 11
729 5
871 11
800 2
760 11
700 13
900 7
689 14
771 2
1660 9
691 1
729 6
700 10
731 15
840 14
729 12
711 10
800 3
849 11
660 13
709 8
1691 8
709 8
840 0
800 13
630 12
820 3
720 7
720 13
710 4
830 2
870 6
1670 4
790 15
790 5
830 5
690 14
710 9
700 1
770 1
780 12
650 0
620 2
740 5
1500 12
690 6
790 0
650 7
800 7
760 15
700 2
820 8
690 6
840 0
790 2
920 12
1790 15
740 2
740 15
680 7
700 13
840 8
800 12
820 2
790 1
730 9
720 13
1470 12
860 9
750 10
710 0
680 5
870 4
750 0
730 2
830 3
750 6
750 3
690 7
1780 13
710 6
680 1
800 11
730 9
720 12
650 12
720 7
890 10
670 7
780 3
1880 11
720 3
640 0
730 3
720 9
700 13
740 12
690 1
760 0
780 1
780 14
740 10
1680 3
750 11
610 9
800 4
740 4
600 11
700 5
850 13
700 11
760 14
660 5
780 13
1630 1
750 1
840 7
640 9
790 4
660 7
800 1
710 9
720 2
840 3
760 2
1860 6
730 8
870 8
950 15
860 9
749 9
711 6
720 14
860 6
751 3
629 14
831 10
1729 8
780 4
800 13
731 14
769 7
580 0
640 11
660 13
720 10
800 2
760 14
791 5
3200 7
700 4
829 9
671 14
660 5
669 14
720 5
720 12
811 11
709 14
829 13
1620 0
730 9
860 5
740 4
910 8
960 9
920 11
900 0
860 11
840 5
910 15
960 0
2210 6
920 6
930 12
990 5
800 2
660 5
800 6
810 4
660 5
780 7
780 11
680 6
1840 13
970 11
960 5
950 4
880 8
990 1
1010 4
890 13
840 10
990 7
810 1
2000 0
670 2
760 11
620 1
800 9
740 11
640 1
750 4
660 7
720 1
630 15
790 15
1570 10
790 5
750 0
750 2
700 10
690 13
760 9
790 15
730 14
890 1
650 5
2540 9
770 1
900 8
790 15
770 7
760 5
670 3
790 2
730 5
710 2
800 4
880 8
1870 11
800 6
750 15
810 4
770 3
690 4
790 5
740 4
700 3
620 11
760 0
830 10
1670 13
830 8
920 15
760 11
780 15
790 2
740 3
680 12
890 1
680 9
720 1
1540 0
580 10
620 7
680 4
700 10
770 15
720 10
720 12
700 13
739 14
880 14
760 6
2820 2
860 1
720 9
700 9
640 5
680 13
800 15
720 12
900 8
740 15
760 8
629 6
1489 2
640 6
740 1
711 14
789 15
851 15
720 10
789 12
751 4
740 10
720 4
1489 15
680 6
671 2
709 9
730 12
750 9
720 0
780 14
770 10
680 0
700 2
630 2
1620 5
650 7
650 2
720 4
670 5
860 15
750 12
730 15
710 15
680 2
740 8
720 14
2750 5
690 15
780 12
660 15
770 12
780 5
750 13
740 11
740 0
740 14
780 14
1370 1
740 7
730 3
820 15
670 2
860 8
730 5
790 2
810 3
680 10
740 7
780 6
1460 2
760 12
790 8
730 12
640 15
740 5
850 0
690 6
690 8
710 9
700 5
1620 12
740 6
720 9
850 9
650 6
850 15
700 2
720 9
820 9
750 9
810 1
800 15
1650 4
870 10
780 10
690 2
730 3
680 8
700 7
750 3
750 8
690 14
800 10
750 2
1520 1
670 2
760 7
730 12
750 7
690 9
700 14
780 0
760 9
770 14
730 7
1980 8
810 9
760 3
760 1
710 4
700 1
910 10
660 7
760 4
830 7
790 0
800 14
1570 4
800 8
810 2
780 6
780 6
750 10
760 1
730 15
660 1
820 11
749 12
760 5
4991 0
849 15
640 9
671 7
709 5
640 3
851 11
709 8
880 10
700 7
760 4
1560 12
820 10
800 8
680 5
851 10
709 7
780 3
711 2
769 8
700 14
811 2
759 6
1420 6
680 13
680 5
710 11
750 11
790 1
850 8
840 6
710 5
700 15
650 10
650 15
1510 14
850 15
730 9
750 2
860 0
720 6
730 14
800 5
750 10
810 2
750 4
1810 6
820 13
850 11
680 15
660 14
740 3
590 9
700 12
840 6
660 1
770 4
720 1
2260 3
760 15
720 2
900 9
820 12
720 14
770 11
800 8
740 6
760 14
680 11
1560 8
790 15
730 3
880 3
580 4
890 7
690 4
820 4
810 3
760 13
690 11
710 8
1520 0
890 2
720 4
680 5
820 0
740 0
690 10
750 3
830 0
760 5
720 11
690 2
1500 13
750 10
790 0
680 13
750 7
810 15
690 10
760 15
710 6
750 6
700 7
1350 1
720 11
700 9
680 9
780 3
780 9
820 1
720 4
760 10
880 2
750 11
700 7
1610 1
790 5
870 7
840 12
740 3
690 10
720 7
760 1
790 13
720 11
690 2
710 14
1500 0
710 1
690 10
750 2
751 7
729 1
840 7
711 4
849 8
771 3
880 14
1429 15
880 8
860 5
729 1
740 8
640 11
871 10
769 7
680 0
751 3
869 9
720 9
1569 2
720 9
769 11
780 15
800 5
791 14
789 10
711 8
640 8
760 13
740 0
799 1
1710 3
730 3
710 9
850 4
920 4
890 9
820 14
760 8
730 13
710 8
790 1
1580 6
770 11
690 4
760 2
840 13
720 1
730 0
690 11
750 7
770 6
740 6
810 9
1490 6
800 7
700 12
780 5
750 8
730 1
810 2
750 7
680 8
780 2
790 6
1490 2
680 9
750 4
670 0
730 1
720 9
670 4
820 5
750 2
760 7
750 6
690 4
2300 6
850 0
870 0
730 15
830 2
720 7
730 0
760 0
680 13
800 0
960 15
760 8
1640 2
810 9
790 0
700 13
630 9
670 9
640 9
780 8
680 9
710 4
710 4
1460 10
770 15
780 2
900 1
710 13
830 5
760 14
650 5
770 14
690 14
760 9
830 10
2900 14
790 12
670 9
750 8
730 8
690 11
750 4
730 4
720 2
850 5
710 12
690 6
1690 6
680 1
790 4
670 7
780 10
880 13
750 7
700 7
830 9
700 10
770 5
1670 12
700 1
700 6
800 8
909 0
760 10
720 12
731 15
669 1
731 1
960 8
889 15
1680 0
689 5
800 8
780 8
800 10
740 13
811 13
849 15
680 5
751 5
740 11
709 14
1620 5
760 13
689 7
840 4
720 11
771 15
649 12
790 0
720 3
690 1
840 12
1600 15
810 14
840 14
880 1
740 12
750 8
720 14
830 15
710 4
760 3
870 4
820 4
1630 2
700 1
650 4
830 12
710 1
760 6
750 8
790 1
820 2
710 11
740 0
1500 2
760 7
740 10
790 5
650 11
840 11
680 12
730 6
730 7
700 9
5690 4
790 15
1560 9
800 12
780 4
730 11
620 6
690 10
750 10
790 15
790 4
800 5
720 12
650 15
3990 0
740 7
710 11
820 0
720 14
660 4
810 7
700 6
790 11
910 14
610 13
1650 13
840 15
770 6
880 7
790 14
790 9
920 8
710 14
690 4
690 13
760 4
690 9
2690 3
800 15
680 6
700 13
700 3
860 2
640 15
750 4
840 1
720 1
770 8
800 3
1500 11
740 4
780 5
780 0
750 15
790 7
730 14
800 9
760 8
920 5
760 15
1530 11
779 2
700 10
731 2
809 7
991 10
731 1
760 11
709 2
751 4
849 5
800 13
1600 6
780 0
691 14
760 4
749 4
671 0
720 6
669 4
811 8
740 0
649 15
880 7
1531 12
731 3
780 7
640 12
811 9
680 2
780 4
869 4
750 6
710 5
750 4
1590 5
760 15
790 9
840 6
760 8
800 4
810 12
800 14
800 11
890 6
730 15
730 14
1790 1
670 11
850 8
710 2
660 4
810 14
800 14
700 1
720 12
850 15
870 8
1740 7
900 5
800 9
790 15
670 2
760 1
690 9
700 7
800 0
720 13
780 12
710 7
1650 11
700 13
730 13
710 15
730 4
690 10
780 6
710 14
770 15
790 2
870 2
780 13
1560 11
800 15
830 7
780 10
740 5
720 11
690 7
730 3
820 4
830 6
760 6
1660 10
690 9
810 9
800 10
730 13
650 2
840 5
730 6
680 4
650 13
720 5
830 0
2520 1
860 3
710 0
700 3
800 8
720 9
780 11
730 0
830 10
750 5
840 6
850 14
1530 11
720 1
800 0
750 8
910 14
860 0
730 11
680 3
760 9
730 2
800 12
4000 0
750 11
720 14
730 1
800 11
730 2
760 14
710 14
700 5
780 14
691 11
769 15
1460 4
820 5
840 3
731 2
780 15
709 0
1040 8
760 10
691 3
769 8
791 11
689 13
1611 12
740 5
760 1
689 9
751 5
920 14
680 0
760 7
760 14
709 13
709 15
1471 1
820 5
751 7
709 10
720 4
820 12
730 6
700 7
680 12
760 13
720 1
720 10
1600 8
880 0
720 1
710 14
850 11
970 8
780 0
830 6
750 6
690 13
840 5
1510 8
750 13
810 4
860 1
790 9
770 0
720 15
740 6
670 0
760 14
850 4
750 6
1580 9
740 9
710 10
740 5
710 6
750 2
840 6
740 7
730 7
700 11
800 15
680 1
1470 8
740 1
770 7
810 11
860 0
760 15
840 3
690 13
810 10
770 12
690 10
1440 6
830 10
760 5
900 14
650 14
740 4
820 15
760 6
680 14
790 10
680 2
760 9
3060 7
770 4
700 7
810 14
730 14
770 15
740 7
760 10
750 11
750 7
670 3
680 2
1690 14
740 3
790 7
650 1
760 11
730 14
750 6
810 11
830 13
750 13
690 14
1510 2
820 5
640 1
720 8
750 13
860 1
730 2
750 4
750 5
880 1
770 2
750 11
1600 7
770 5
820 3
740 6
680 6
790 5
689 2
700 6
811 3
760 15
680 4
749 5
1360 11
780 4
791 1
720 6
780 13
660 1
740 0
740 1
751 2
740 12
729 9
4060 0
931 13
840 3
660 15
780 12
709 13
840 8
851 5
839 14
850 1
790 2
710 5
1550 1
730 6
700 10
700 2
750 4
730 0
710 14
850 11
670 2
740 12
740 6
2320 0
800 4
800 1
800 3
780 3
840 15
690 2
690 6
770 15
870 12
740 1
720 0
1760 7
840 6
730 14
670 7
820 12
690 0
680 4
760 13
780 11
870 13
600 12
830 13
1740 5
710 3
760 1
830 0
910 3
840 6
690 7
730 1
740 11
910 13
740 2
1600 1
640 0
740 10
820 10
830 3
650 0
760 2
750 2
670 3
840 8
880 0
830 14
1950 8
790 2
720 6
770 13
790 6
830 3
700 4
770 2
720 11
770 14
780 9
770 9
1690 6
750 10
740 1
730 4
670 3
740 14
710 11
740 15
760 14
740 9
840 3
1830 13
720 1
810 8
720 12
780 8
630 12
870 0
840 7
690 13
810 3
690 11
640 14
1670 6
670 3
710 3
700 13
830 4
730 1
780 14
750 7
900 6
760 2
700 9
651 4
1789 10
871 15
669 6
800 15
860 12
860 6
751 10
840 6
700 6
800 15
660 3
1689 2
811 9
789 5
811 4
749 6
791 6
820 14
740 2
700 2
780 1
660 2
780 10
1800 15
771 7
749 1
680 11
711 6
699 6
630 3
760 15
660 9
780 1
790 13
3290 5
780 8
860 12
710 4
810 5
730 13
700 2
740 3
840 8
730 15
750 1
790 13
1770 8
870 15
810 3
790 8
740 5
800 10
740 2
790 0
740 12
740 14
790 2
740 0
1630 3
920 6
740 2
790 4
690 13
660 12
870 8
760 10
820 5
820 11
870 11
1640 3
770 4
710 2
970 8
840 10
740 8
770 14
750 11
820 11
870 10
710 13
810 2
2540 8
690 5
730 5
730 0
700 3
690 15
650 11
760 11
760 7
820 14
740 0
740 12
1540 1
780 4
780 0
830 4
830 15
710 10
620 9
760 7
810 8
820 1
780 9
1510 0
820 14
810 3
650 3
790 9
870 8
800 8
850 1
700 6
840 2
750 14
700 10
1450 12
740 15
730 3
710 7
700 2
840 8
820 4
740 13
730 12
730 6
740 11
820 3
1480 1
670 13
690 2
810 3
760 15
829 5
851 5
740 11
809 4
769 1
731 4
1469 3
700 9
680 14
751 9
789 4
720 1
840 6
800 4
851 7
729 6
691 11
760 9
1669 15
760 2
760 12
751 12
760 12
820 2
729 12
691 4
749 0
780 15
740 0
1639 13
760 9
680 3
760 10
670 4
790 11
760 3
670 9
780 1
810 6
750 14
720 7
1610 3
800 10
750 5
660 7
820 6
660 12
850 15
780 0
750 0
750 6
720 3
780 13
3140 12
840 8
730 14
680 8
790 1
930 10
690 5
740 5
740 1
720 7
680 0
1650 8
760 4
880 2
760 9
860 11
640 2
720 11
740 2
770 10
880 2
780 0
700 6
2980 5
860 6
820 10
680 6
720 6
740 9
750 15
690 1
650 4
810 9
730 0
790 14
1860 5
670 15
840 1
790 2
790 8
800 12
780 2
770 5
870 0
650 14
720 6
3710 4
840 6
760 4
750 10
710 1
900 8
720 15
890 5
790 1
740 9
740 9
730 3
1670 12
860 1
760 9
740 11
700 6
910 3
810 12
740 5
790 2
860 5
880 12
820 8
1730 10
730 0
680 10
780 7
680 5
720 4
670 11
770 8
790 8
749 12
720 7
1420 8
760 13
771 15
700 1
720 6
700 1
709 15
760 12
791 3
789 2
720 12
751 7
1500 5
851 7
769 6
671 2
709 3
731 10
769 12
760 6
740 11
751 4
700 12
1591 9
760 15
851 9
840 3
760 9
720 2
670 5
800 6
730 1
690 5
720 2
800 8
1570 8
840 5
840 13
810 10
730 1
820 9
760 3
710 7
750 10
650 3
740 12
650 12
1440 3
810 0
770 8
790 0
770 7
760 3
760 8
710 11
830 6
720 12
790 7
1420 13
670 3
840 6
790 4
860 1
780 6
710 5
810 14
820 3
730 11
710 3
860 9
1570 9
760 4
770 13
720 0
740 5
690 13
690 1
740 0
780 12
710 6
630 3
710 4
3560 8
720 9
810 5
770 11
670 14
740 14
800 2
790 14
760 7
800 15
700 6
1430 6
830 9
900 10
660 5
730 15
730 11
750 11
760 6
890 13
730 0
790 12
780 8
1680 14
820 1
880 5
760 9
890 2
730 9
810 14
770 5
670 15
770 15
710 11
870 1
1710 1
670 4
810 6
720 4
910 15
820 8
800 15
780 1
760 6
740 9
760 4
1720 3
850 11
730 11
900 1
770 15
799 14
780 6
751 13
949 3
791 6
700 14
660 7
1669 8
860 3
860 10
800 3
900 8
851 4
780 8
729 8
751 11
769 3
671 5
1500 8
769 3
720 0
800 0
671 6
689 6
831 0
709 6
840 12
660 5
740 2
709 1
2350 0
820 3
870 6
780 1
720 2
790 0
750 3
720 15
710 4
720 2
890 13
790 11
1490 6
680 4
770 14
750 5
850 3
670 9
740 1
800 10
750 7
700 5
810 3
1520 12
780 2
840 4
800 3
750 3
690 15
660 6
820 13
810 6
840 10
840 10
910 8
1630 7
690 6
830 2
860 7
740 3
820 0
710 15
670 7
750 14
720 3
760 2
660 6
1590 15
680 13
800 4
760 0
650 10
760 0
750 10
820 8
900 10
980 14
750 6
1470 10
750 0
760 7
670 10
830 2
850 14
800 5
720 7
720 3
690 2
680 13
770 0
2580 4
770 13
800 1
850 4
770 5
880 8
760 15
780 12
710 14
860 1
730 0
690 13
1650 7
680 12
860 3
820 8
780 7
710 15
790 0
840 15
740 0
710 14
730 14
1610 12
760 2
940 1
710 4
770 15
850 2
870 14
620 6
750 14
780 13
750 11
840 12
1590 13
800 0
640 4
840 6
920 10
789 4
860 6
771 3
749 6
791 9
909 8
1471 6
789 11
831 9
920 4
700 0
729 11
751 3
729 4
731 14
720 15
740 4
760 14
1589 1
751 8
840 3
969 15
760 10
829 10
660 11
760 9
729 12
680 2
720 4
750 6
1600 9
760 13
700 3
750 4
770 14
820 12
780 5
760 2
710 3
790 14
810 7
4480 6
820 11
800 12
710 12
690 4
730 5
790 6
860 6
670 13
720 3
800 11
690 4
2940 6
850 3
870 8
840 5
810 9
760 4
840 2
910 4
710 8
740 7
760 9
840 15
2140 0
710 13
660 15
710 1
870 8
820 8
680 8
760 11
770 8
810 14
740 11
1430 3
820 13
720 4
820 12
720 13
820 14
820 10
800 11
680 2
890 8
690 2
720 9
1680 10
790 10
6310 14
700 13
760 11
900 8
780 12
670 8
860 6
760 7
670 3
700 12
1580 11
710 11
800 7
840 10
780 7
760 14
710 2
840 10
770 5
760 8
680 5
2820 7
750 6
810 9
810 6
710 3
700 5
710 7
760 10
710 7
800 5
720 15
769 3
1860 10
720 14
711 7
629 12
711 5
769 3
740 13
700 13
680 3
751 2
689 9
1711 7
809 12
820 0
760 10
740 2
731 12
800 7
829 8
920 9
760 11
700 2
680 7
1500 9
731 7
789 10
851 5
700 15
729 15
730 2
790 4
790 12
950 8
860 10
820 3
1550 6
820 5
770 12
660 7
740 5
770 14
750 14
680 3
760 8
880 2
750 3
1500 8
790 5
860 6
700 14
800 3
890 6
690 1
740 1
750 9
740 0
850 8
870 2
1680 13
750 14
710 1
820 11
680 1
770 11
730 11
820 7
730 3
760 1
810 8
740 8
1550 2
740 13
750 3
730 15
960 9
720 12
820 14
780 5
650 15
870 6
670 9
1560 7
830 7
750 12
850 14
710 11
830 11
700 4
650 2
850 4
700 15
760 10
750 5
1500 11
850 7
750 11
690 10
730 15
630 10
780 11
790 7
830 3
790 2
810 2
760 6
1490 14
930 3
760 10
690 5
840 14
960 13
810 10
710 5
780 7
810 1
700 4
1500 6
820 1
830 7
690 11
930 11
750 11
750 10
840 8
810 0
770 10
780 15
740 1
2420 6
680 5
780 15
720 6
760 10
830 2
840 15
750 5
850 10
819 12
800 12
1491 3
820 0
671 12
720 13
740 13
769 9
831 10
829 13
791 15
709 13
991 11
720 7
2049 1
780 13
751 4
669 12
740 5
760 9
880 4
831 0
709 6
791 14
780 0
780 13
1549 8
831 1
789 0
971 11
749 6
780 3
760 11
850 14
860 13
790 1
690 12
1470 3
710 13
760 12
790 10
700 0
700 6
820 11
740 5
730 4
810 8
770 0
690 6
1580 11
790 10
750 14
700 1
790 0
750 2
780 2
740 5
780 15
760 0
780 2
840 8
1700 12
760 10
780 13
710 6
760 11
790 13
750 1
800 15
820 2
690 3
850 4
1580 1
770 2
640 14
700 6
820 10
760 2
690 15
700 2
640 9
680 5
760 15
890 12
1630 3
600 2
660 11
690 1
710 7
820 5
770 3
770 9
640 14
750 12
830 11
900 4
1670 2
730 14
800 10
810 12
880 11
750 6
780 14
770 7
760 4
760 0
730 14
1550 8
910 3
720 5
770 10
700 11
850 0
810 7
770 9
720 13
780 6
780 7
760 9
3470 14
870 15
730 0
780 12
1080 8
870 14
930 11
750 7
720 13
770 11
740 14
1640 4
670 15
790 15
730 14
770 2
820 1
750 6
809 15
920 14
751 14
700 1
700 14
1420 2
711 4
749 0
860 8
820 7
800 14
791 8
729 7
720 14
840 6
751 1
700 13
1629 9
749 12
760 4
731 11
809 8
800 2
800 12
660 10
800 8
769 6
751 15
2719 13
820 9
850 13
790 3
830 4
780 3
760 13
710 2
770 15
840 5
770 5
820 4
3180 13
760 10
900 1
790 0
640 3
740 6
690 13
740 0
710 0
800 11
830 7
860 6
1680 14
690 10
780 8
730 7
760 7
770 2
710 6
800 2
740 0
690 11
850 15
1520 11
730 7
780 4
730 14
820 15
720 2
720 13
720 6
740 5
740 10
730 6
740 2
1660 11
720 14
760 12
730 7
920 8
670 7
810 4
750 8
760 8
810 13
840 7
690 15
1510 6
770 11
790 8
750 3
800 7
720 7
830 6
800 7
940 11
870 15
680 11
1650 6
760 13
770 1
830 8
820 9
770 13
950 11
720 8
940 6
900 11
770 14
730 14
1700 3
700 2
780 15
770 1
780 14
810 12
790 9
710 5
860 10
770 14
780 11
1720 6
870 3
690 15
660 0
960 11
860 4
770 14
780 15
740 7
740 14
780 15
710 0
1780 10
859 13
851 1
729 5
740 0
860 9
751 12
760 10
740 3
809 8
760 6
911 0
1789 7
740 12
871 3
780 5
740 7
749 14
891 8
749 10
720 13
760 8
780 9
1871 11
769 13
911 11
809 12
740 6
711 0
760 2
880 5
800 8
739 11
800 13
780 13
1460 13
770 12
740 13
790 14
830 8
760 0
800 7
720 12
730 15
870 11
810 8
780 7
1620 15
730 2
850 12
700 1
750 0
880 4
700 13
710 15
730 6
690 13
670 1
3020 0
690 3
740 11
740 9
890 11
680 2
740 11
700 4
780 12
750 13
680 0
730 14
1770 5
680 3
770 2
790 4
770 14
740 5
690 0
870 13
820 11
680 3
730 10
780 9
2450 14
690 12
820 12
780 6
860 9
790 13
770 6
830 14
760 0
740 12
820 3
1540 1
790 8
780 2
760 9
800 11
770 15
910 3
890 4
710 2
830 5
710 15
870 5
1480 7
740 13
740 0
910 12
820 13
780 4
770 3
840 10
690 13
790 4
780 5
1540 11
910 0
830 10
820 10
680 15
810 11
820 9
800 8
730 10
740 2
850 7
610 7
1610 10
820 2
840 1
660 15
770 7
800 9
800 13
800 15
800 10
689 14
760 9
760 10
1669 11
700 15
871 8
680 12
869 5
800 2
720 2
840 6
640 2
820 7
831 8
1540 14
869 4
771 15
740 6
709 9
880 13
691 12
940 8
849 4
911 14
760 12
920 15
1400 4
800 4
700 4
689 15
791 9
770 9
840 1
650 6
820 12
730 14
810 8
790 15
1600 0
720 10
850 6
720 5
680 6
720 13
700 2
690 3
750 7
730 13
750 7
1590 4
910 1
820 10
850 2
800 14
770 3
940 8
920 10
820 9
770 14
740 7
830 4
3750 14
850 10
830 8
770 3
730 9
760 15
620 2
810 10
960 2
860 5
840 12
740 6
3080 15
800 1
760 11
780 3
780 8
780 14
800 10
910 15
840 15
840 2
760 3
1620 2
850 12
830 12
750 9
700 13
860 4
810 2
750 4
760 0
780 1
740 6
700 5
1500 3
790 0
720 10
770 5
940 0
800 6
810 7
710 4
780 9
760 0
750 12
1660 15
920 15
720 1
690 12
710 7
660 14
830 1
690 5
940 8
760 0
610 4
760 7
1660 14
890 5
840 15
720 3
740 10
810 9
780 2
780 4
830 0
760 4
760 6
850 1
1770 6
840 8
690 6
729 3
771 15
720 9
631 6
749 0
809 5
700 5
811 15
2540 13
831 3
760 6
760 12
760 1
640 0
780 13
669 5
751 13
880 1
840 6
751 13
3169 12
891 11
769 13
820 8
840 5
851 9
729 10
731 1
659 3
590 6
850 13
830 9
1730 3
750 5
860 1
750 4
740 7
790 13
730 14
680 4
800 1
850 5
780 4
1810 10
790 12
790 1
690 3
770 8
760 10
720 10
780 8
840 2
740 3
810 7
850 5
1650 12
740 13
820 5
810 2
980 15
700 3
740 4
790 10
760 15
820 7
910 1
820 12
1670 3
790 12
810 10
840 11
820 13
700 14
800 14
820 14
750 14
830 5
740 13
1640 7
810 9
830 14
940 8
860 12
880 6
850 3
750 10
780 15
750 7
730 10
680 12
2660 6
720 10
710 10
730 1
880 0
860 1
790 1
810 14
660 14
760 6
780 9
1530 7
920 9
760 11
760 15
750 10
710 7
760 10
790 9
860 4
860 2
900 13
790 1
1590 10
840 2
820 0
890 7
750 2
780 10
860 14
810 4
710 7
800 6
740 11
910 8
1640 10
730 13
910 7
840 12
710 6
910 11
770 4
690 7
649 2
771 3
780 1
1380 10
760 2
729 13
671 6
789 12
791 9
880 8
791 11
849 13
780 9
791 4
700 4
1700 8
880 14
740 14
809 2
780 9
791 6
709 7
831 0
760 15
800 7
669 9
751 9
1889 12
771 6
749 3
830 0
820 15
740 4
750 2
730 14
740 3
800 3
900 8
1620 1
850 9
790 4
800 4
740 12
810 14
760 13
740 4
840 1
640 0
800 3
870 10
1370 15
800 8
710 5
720 13
740 0
800 13
750 14
820 12
870 0
820 13
760 3
810 3
1970 2
760 6
880 8
860 2
700 7
760 11
740 10
790 0
740 12
800 2
830 12
1650 8
840 1
760 15
770 10
710 10
720 9
720 14
850 7
880 2
880 7
860 3
800 2
1760 0
920 11
800 10
730 14
780 2
730 10
960 1
710 2
780 1
680 2
790 12
1650 14
740 10
770 12
790 6
790 4
730 15
870 3
720 9
630 15
770 15
770 13
850 3
1660 7
770 1
960 0
810 4
730 1
780 1
700 4
710 15
760 2
750 6
700 13
780 15
2430 8
770 3
920 12
820 6
880 3
800 13
790 7
700 1
740 6
780 14
810 5
1580 15
840 14
880 8
880 13
920 1
680 15
849 9
780 8
860 4
709 9
760 9
760 12
4071 13
760 9
831 5
769 10
780 11
900 8
880 5
860 11
720 14
780 5
731 10
849 0
1571 12
720 5
789 13
771 13
749 10
851 1
820 8
780 8
829 13
750 3
830 9
1600 4
820 9
700 9
680 9
850 5
930 1
860 3
800 9
770 15
820 5
760 12
770 9
1560 1
870 8
730 13
840 4
840 8
770 2
700 1
900 11
720 1
780 8
690 6
830 8
1640 12
660 4
890 10
780 7
720 5
810 1
790 1
880 11
800 7
610 3
790 13
1700 13
770 13
800 14
780 11
780 12
990 3
770 2
720 9
670 3
770 5
860 4
740 11
1640 9
940 3
740 10
700 3
800 2
900 8
1120 14
790 12
800 15
800 10
790 11
1440 0
670 12
780 15
820 1
810 12
780 4
620 12
740 2
840 11
690 12
830 15
810 10
1740 11
750 1
780 12
730 0
750 6
680 15
910 8
840 12
720 8
760 8
4020 15
850 2
1980 15
770 8
820 13
730 5
790 10
820 5
800 8
850 13
780 5
720 13
740 11
1580 0
880 12
760 12
750 9
830 15
800 14
720 14
829 14
831 8
929 13
731 4
789 11
4400 0
791 1
740 12
689 14
720 4
700 0
760 10
911 9
760 11
769 13
791 10
769 0
1520 11
751 7
700 14
760 8
740 0
840 9
789 10
720 0
851 7
819 2
840 13
1730 11
790 0
760 13
950 8
800 1
860 7
800 13
830 12
770 15
780 0
750 15
840 6
1620 3
840 15
780 5
730 0
800 2
820 13
790 6
740 12
860 11
810 3
800 6
820 2
1730 5
740 4
860 1
860 0
750 4
790 0
780 11
830 13
750 4
770 14
780 4
1520 0
840 1
750 14
880 14
760 12
860 6
820 10
810 14
790 5
740 15
780 14
790 7
1780 6
890 13
720 14
760 3
880 6
730 6
770 1
890 3
940 14
850 10
780 3
1610 6
860 12
740 14
820 7
910 2
720 1
680 4
940 8
720 1
810 15
810 11
940 5
1710 9
850 3
810 10
770 11
820 15
820 0
810 4
840 15
760 15
840 12
840 1
850 14
1640 1
830 1
800 9
690 14
840 9
760 14
790 10
820 4
740 1
810 8
850 6
2400 9
810 9
790 10
730 10
760 1
830 15
929 6
840 8
760 7
740 9
840 4
771 3
1500 11
669 0
960 15
860 2
751 3
700 10
809 14
640 10
749 2
851 1
820 11
880 10
1529 3
751 9
789 5
840 4
711 4
769 8
771 7
700 11
709 2
880 10
820 2
1551 5
719 1
690 10
970 0
830 0
660 2
670 11
680 15
720 12
680 10
750 9
780 11
3070 0
700 13
830 2
850 7
810 9
800 10
640 7
750 4
740 9
790 7
920 11
730 7
1640 15
810 14
760 9
890 10
910 13
780 14
790 3
750 6
870 9
800 6
770 13
1540 1
890 11
840 8
900 3
810 14
790 1
790 6
910 6
820 14
750 3
800 11
740 3
1660 1
740 6
740 13
770 2
700 12
670 9
820 14
710 10
790 14
770 12
840 4
4460 5
770 3
770 1
870 11
780 5
640 9
720 15
720 3
720 1
870 8
760 6
860 8
1670 5
740 1
910 7
770 14
840 14
830 4
740 13
700 13
850 2
670 15
770 0
710 12
1740 14
750 12
830 8
840 5
920 9
800 6
830 2
800 14
860 6
710 10
750 12
1540 10
870 3
870 15
890 10
870 13
870 1
810 13
720 10
699 4
740 9
760 0
671 1
1749 3
731 14
760 0
880 8
780 6
860 8
769 6
780 4
780 12
851 4
769 8
840 7
1520 2
760 3
751 10
800 15
680 3
749 2
800 9
720 0
780 14
711 15
720 7
1851 9
809 0
789 7
760 2
790 9
650 15
650 1
820 11
1090 3
830 7
790 5
810 4
1600 3
800 0
800 9
810 13
910 12
810 5
950 1
970 15
980 4
890 2
920 13
1010 9
2040 14
960 15
1000 14
950 8
800 9
890 12
800 14
720 11
830 1
750 8
870 13
4590 7
1020 2
990 15
1040 8
1170 3
890 9
1010 11
1060 0
710 2
860 5
810 8
840 9
1830 6
810 11
940 12
680 3
730 14
750 12
800 2
690 5
720 14
710 15
880 11
1630 10
880 0
730 2
700 3
750 10
650 6
850 8
840 7
900 10
800 15
780 4
710 1
1700 3
880 13
950 11
820 9
810 15
760 9
700 14
700 7
840 1
920 11
770 2
850 14
1620 5
730 11
940 15
810 5
790 6
790 4
750 6
860 8
740 4
760 9
860 3
1490 9
870 8
900 6
760 4
810 3
710 0
929 2
791 4
791 0
749 10
700 14
731 4
2660 9
809 4
731 0
720 9
869 9
751 10
809 4
871 4
680 0
809 7
811 15
789 5
1931 0
840 7
869 9
671 10
820 13
709 3
760 6
811 15
729 5
760 10
860 12
1520 11
860 3
650 13
710 6
700 9
740 5
760 8
760 11
820 5
900 5
710 10
760 0
1480 12
800 11
840 8
860 8
910 10
770 5
730 15
790 14
800 14
730 5
680 2
680 2
1640 6
800 3
870 6
700 15
860 5
810 2
860 8
790 13
900 11
820 8
760 0
1650 2
910 9
930 10
820 8
820 10
780 2
810 3
810 4
760 7
720 2
720 12
800 8
1600 3
730 1
710 14
820 4
730 14
790 14
930 14
910 5
780 1
750 1
920 1
3240 2
800 5
770 14
910 8
820 5
880 2
1020 6
780 11
730 15
750 2
770 2
820 10
1610 6
760 1
980 7
860 8
810 5
810 6
780 15
870 15
770 0
790 5
760 7
800 4
1590 13
910 5
770 9
660 15
780 0
740 5
750 0
790 15
800 14
810 2
840 5
1480 1
730 11
830 9
830 1
810 5
810 8
840 13
830 10
719 13
831 13
789 1
840 10
1491 15
800 13
800 10
720 12
709 10
780 6
800 3
751 5
760 13
789 7
851 4
720 0
1569 12
811 5
880 14
749 1
720 6
780 6
791 10
780 7
720 12
800 11
749 0
1671 2
880 9
780 11
819 14
840 2
900 11
850 4
930 12
670 0
880 10
660 11
790 1
1570 8
810 1
730 13
890 0
820 3
690 6
800 10
770 1
820 14
810 7
710 3
770 7
3950 12
800 6
670 13
850 13
740 11
810 11
700 0
650 14
770 15
860 9
810 10
1940 0
910 8
860 4
820 11
770 13
880 9
790 10
790 13
790 15
730 7
710 12
750 6
1750 7
750 1
900 7
690 15
820 12
760 11
800 12
750 9
680 9
700 0
740 10
1600 4
810 5
870 9
830 0
700 0
730 5
740 15
830 0
800 0
700 5
700 5
740 14
1820 13
740 12
860 7
740 9
840 6
870 6
810 7
860 0
740 7
900 8
830 15
790 7
1540 1
900 11
860 10
720 0
800 11
820 1
810 7
930 12
800 13
830 0
740 2
2990 12
810 0
760 2
770 12
880 8
870 13
810 2
780 14
780 5
690 3
710 7
810 8
1629 12
820 15
749 7
751 0
620 3
749 15
860 7
720 4
760 8
840 8
851 10
820 3
1809 9
820 7
729 7
820 4
780 4
771 7
749 4
771 4
709 9
780 14
880 13
1620 7
840 10
920 1
860 5
840 3
690 9
770 12
700 6
710 7
720 9
980 15
780 3
1850 1
730 15
760 15
710 7
800 4
800 6
820 15
760 4
740 6
780 5
800 12
840 2
1920 15
850 3
830 8
800 4
890 7
740 11
710 6
910 2
750 0
650 5
780 8
1700 5
870 11
740 4
690 7
860 4
790 3
810 9
910 6
720 4
700 10
780 1
910 8
1770 13
800 3
760 3
800 11
820 2
700 0
800 10
830 3
740 15
760 6
700 1
1540 13
790 5
700 5
700 13
710 7
810 9
790 12
750 4
660 2
750 12
760 13
830 8
1620 0
880 5
770 15
770 3
750 4
720 2
740 13
810 15
880 7
860 7
880 10
810 7
1720 1
790 0
700 9
780 11
810 10
730 12
780 10
700 15
930 3
800 9
750 6
1730 1
860 2
830 7
850 6
800 7
930 8
740 12
820 1
740 1
870 0
700 7
700 1
3110 13
870 8
740 9
760 12
909 4
831 2
840 13
769 3
800 11
920 7
651 5
769 7
2751 0
749 2
731 10
889 9
731 9
840 6
760 7
749 15
771 11
749 15
891 7
1500 10
780 1
669 11
700 2
760 1
840 2
760 5
760 7
800 11
710 7
710 12
760 9
1800 9
770 7
770 0
740 4
800 0
780 12
840 0
730 6
730 1
810 6
780 8
830 15
1640 10
860 3
720 7
730 5
800 0
750 6
820 12
780 1
840 10
700 12
800 5
2260 3
780 9
830 0
620 6
770 6
800 5
940 11
780 14
690 11
690 9
840 13
640 13
1620 9
680 3
850 3
800 3
980 8
860 1
700 15
920 13
650 9
850 15
740 7
1670 3
780 6
710 13
820 12
680 12
730 0
810 0
740 10
810 6
660 2
850 13
780 9
1660 0
820 10
840 15
740 7
770 7
730 11
730 0
780 12
910 10
810 14
790 4
810 6
1420 14
740 8
750 6
720 13
730 11
840 6
840 15
650 5
700 7
760 12
780 10
1490 4
830 15
750 1
760 3
720 14
790 9
680 11
780 2
760 11
840 2
780 12
800 11
1790 1
990 13
800 14
960 11
800 6
800 10
800 10
830 14
780 5
740 9
931 8
849 10
4180 2
760 6
731 6
829 12
800 9
731 10
880 1
709 9
740 9
849 6
880 7
1560 4
800 9
760 14
720 13
831 1
740 1
849 8
871 3
820 1
749 6
740 6
760 8
1580 9
1080 7
900 10
710 14
890 13
800 9
730 12
750 3
760 2
1050 4
790 1
620 10
2650 4
790 6
800 6
700 5
800 6
850 2
790 6
750 3
900 10
750 0
820 10
1530 12
960 7
910 13
940 12
840 4
730 10
730 14
860 11
760 6
830 13
830 6
860 10
1550 15
840 12
780 10
630 12
870 5
820 5
790 12
790 5
830 8
840 10
800 9
1480 4
840 2
840 4
810 15
700 5
770 0
810 6
840 14
800 13
800 1
790 6
750 1
1640 4
780 0
850 4
790 5
670 15
700 0
790 14
920 9
730 7
790 0
790 12
690 0
1480 0
800 4
830 0
860 11
860 6
690 10
890 8
780 2
740 14
840 15
860 10
1680 2
830 15
750 3
780 0
770 12
730 4
800 6
740 14
760 14
820 0
740 6
820 4
1760 4
780 1
850 4
800 9
750 15
720 1
730 4
840 1
820 8
669 6
760 0
740 7
2400 12
840 0
980 3
809 8
831 6
8020 7
780 5
780 6
840 15
680 12
780 15
1620 15
840 1
800 7
820 9
820 13
731 5
759 3
850 0
720 6
810 4
690 2
700 15
2070 5
710 9
760 11
810 9
840 10
730 13
860 10
720 14
790 9
760 9
790 14
800 7
1590 7
780 5
780 0
770 13
780 10
820 9
840 2
800 15
720 11
760 15
880 13
1620 2
860 8
820 11
830 4
780 4
840 2
820 7
780 0
780 7
680 9
800 15
790 12
2940 0
780 10
800 8
840 1
770 10
890 8
920 3
740 0
800 1
840 13
750 7
1500 7
750 11
780 5
780 10
830 13
800 11
740 5
740 4
750 6
720 9
770 9
780 0
1560 0
790 4
750 14
730 5
800 0
740 8
910 0
700 2
830 0
920 8
750 13
840 6
1620 0
700 0
760 12
730 9
840 0
750 13
700 15
890 13
790 1
760 0
870 12
1560 4
930 10
700 10
720 2
780 9
850 10
760 1
880 12
750 7
720 8
760 10
850 11
3150 7
820 15
870 4
829 0
720 15
831 5
789 3
800 10
800 2
820 0
840 1
800 9
1531 0
769 6
700 4
960 4
791 3
840 0
809 8
640 4
780 11
820 11
751 11
1560 8
829 8
780 7
749 0
1051 14
749 15
820 9
800 15
780 2
751 6
829 11
710 15
2270 7
860 11
800 14
780 7
750 5
730 13
770 10
720 1
760 15
850 8
710 3
830 13
1650 12
870 12
840 0
770 1
880 8
810 6
720 9
810 6
890 10
770 13
730 8
1750 6
940 14
890 11
780 10
740 0
840 12
810 2
840 12
780 12
840 8
830 11
820 15
1640 4
880 13
790 12
820 2
730 7
820 12
770 10
760 5
910 10
810 11
690 6
1540 1
800 6
820 9
810 15
620 13
710 3
750 10
770 6
830 2
810 12
700 5
750 1
5580 1
780 9
820 12
760 9
700 6
810 13
1010 6
790 9
800 6
750 0
730 12
750 11
1980 11
1000 8
830 2
910 15
780 6
750 14
670 0
730 12
740 7
840 2
760 15
1910 11
760 3
750 0
710 0
840 4
860 1
660 12
690 5
740 4
730 3
750 11
830 12
2010 14
920 14
829 8
911 6
749 11
740 4
711 10
689 6
751 10
689 10
931 11
780 12
1591 14
820 8
769 0
791 9
760 11
809 9
800 2
800 10
751 14
769 4
720 15
1600 0
831 6
869 14
811 15
820 5
760 12
760 13
811 9
729 14
730 1
770 5
800 1
1920 9
800 4
640 12
720 7
800 13
760 3
930 15
710 0
750 9
820 12
700 13
770 2
1750 9
760 10
690 13
730 15
1130 8
890 2
880 2
830 2
750 9
880 5
730 11
1730 7
840 3
810 10
860 13
850 10
840 1
950 4
790 10
900 8
790 1
900 7
800 13
1650 8
740 4
810 4
940 5
780 1
840 4
860 9
760 15
830 12
800 0
780 14
1640 10
820 6
730 0
850 7
860 2
880 8
680 0
700 13
770 15
830 3
730 5
730 13
1600 13
830 14
840 0
750 9
940 8
860 0
870 2
860 3
700 12
820 9
780 5
840 4
1800 1
690 11
770 3
700 7
770 11
740 3
680 15
740 3
840 0
720 12
710 5
1560 14
760 13
690 15
670 14
680 15
860 12
810 14
740 0
720 2
860 5
750 15
780 12
2730 0
730 12
730 5
720 13
860 14
820 12
799 15
880 12
791 6
789 3
871 13
700 13
1631 0
829 2
720 5
800 12
751 2
889 14
791 2
700 10
760 15
709 15
800 14
1511 14
820 6
900 8
829 6
820 0
800 12
791 8
789 10
840 11
700 7
760 9
751 5
1740 15
729 14
730 0
830 11
840 10
760 15
740 15
790 11
680 2
870 2
760 3
740 1
1650 5
950 9
770 11
810 0
870 8
860 10
740 9
640 9
860 12
780 4
750 9
1650 5
670 6
820 12
770 9
810 6
670 4
820 8
850 6
870 6
800 8
810 14
820 5
1810 11
880 3
800 2
880 5
830 0
720 5
740 6
800 11
740 7
700 6
860 8
1550 5
800 15
950 3
820 12
820 6
870 2
880 3
810 4
890 8
820 7
880 1
840 3
1510 4
910 11
780 1
760 14
750 13
900 15
750 9
710 11
880 14
790 9
830 4
800 7
1580 14
830 6
850 4
780 12
790 14
730 3
680 0
710 14
1000 7
740 11
690 3
1330 6
970 6
770 0
740 6
810 15
830 8
810 6
890 5
830 13
790 14
750 13
820 7
3770 11
780 14
920 15
850 5
740 12
760 3
680 11
710 5
790 14
880 9
809 9
840 11
1631 14
760 5
749 0
760 6
831 11
800 15
860 5
789 8
811 14
709 2
960 9
2731 10
760 0
869 6
751 12
849 10
800 13
951 13
760 6
880 7
709 6
911 8
840 15
1600 10
789 8
650 9
810 12
890 15
700 2
850 9
820 11
710 2
770 11
840 2
840 4
1550 5
650 13
850 4
750 14
740 12
890 13
840 2
870 13
690 5
790 12
780 2
4790 8
780 15
870 14
870 0
780 6
760 1
810 3
730 7
830 8
750 11
780 7
730 8
2080 10
790 0
760 5
780 13
1030 7
760 0
870 2
750 11
900 1
760 4
920 14
1790 0
830 7
850 3
800 15
810 12
700 13
870 9
800 15
790 2
780 4
920 4
780 10
1730 12
890 2
870 0
810 9
720 0
730 9
750 1
740 1
770 11
900 11
680 9
830 13
1670 3
720 12
740 12
810 11
760 12
800 11
730 14
700 15
790 6
700 4
900 4
1550 15
930 8
830 14
740 4
770 1
760 12
880 15
770 4
710 7
760 1
850 3
840 7
1790 7
790 4
820 7
830 13
720 3
840 8
800 5
700 15
769 5
780 3
700 10
800 2
1480 13
860 1
800 15
820 7
760 2
740 5
751 9
729 9
740 7
811 6
920 11
1740 0
689 9
740 10
891 15
749 0
940 3
800 2
809 14
851 11
940 8
809 5
700 5
1680 1
711 9
920 0
870 1
780 14
730 0
870 4
770 13
790 10
760 4
820 2
840 8
1490 4
850 7
820 13
880 11
760 15
700 15
730 12
800 10
800 3
720 9
830 10
1970 14
820 15
760 1
740 7
750 12
850 12
710 14
950 11
770 15
760 10
790 10
810 7
1670 14
690 11
900 15
740 6
830 8
820 11
740 9
770 15
890 8
790 7
790 0
1800 4
740 13
890 14
750 7
830 5
780 3
820 13
820 10
820 1
760 0
870 3
760 14
1550 15
710 9
810 9
760 13
740 1
940 8
990 13
710 0
710 9
790 4
740 13
760 3
1860 15
780 6
680 4
850 2
760 9
790 13
920 5
840 11
870 9
760 0
730 12
1490 9
840 0
780 3
740 1
860 15
960 8
850 2
790 9
800 3
770 2
810 3
840 5
1520 13
800 3
880 1
760 11
810 5
730 3
730 15
830 8
760 3
940 3
810 9
760 12
1520 4
720 13
920 13
740 15
960 5
840 6
769 10
729 0
700 4
780 15
660 0
1740 1
780 5
911 0
740 10
780 2
889 3
640 11
780 7
920 0
831 12
920 2
869 2
1551 10
820 6
780 1
809 13
731 6
759 12
760 0
1000 6
710 4
760 7
880 4
830 1
1510 6
850 1
730 5
840 0
900 6
890 8
780 10
840 4
680 6
830 11
770 6
1630 9
840 12
720 11
710 8
790 1
720 7
780 1
770 11
840 8
730 15
840 13
870 1
1800 11
730 15
830 14
820 10
850 7
860 6
850 15
920 5
770 2
860 15
800 8
2340 6
750 13
800 12
770 11
730 15
880 14
820 5
790 14
730 0
830 6
940 8
830 14
1610 8
840 6
870 1
930 11
820 11
790 1
690 7
690 1
760 11
900 2
720 11
720 14
2520 10
890 11
840 9
750 1
690 0
770 14
760 11
800 7
810 11
860 1
810 7
1840 15
820 2
770 4
780 1
840 6
790 14
840 6
790 1
710 9
900 15
800 15
840 12
3000 14
800 5
840 9
790 10
830 3
820 2
790 14
870 8
790 8
770 8
830 5
790 15
1579 4
791 0
749 13
811 10
800 2
809 3
740 6
780 14
820 14
871 8
920 2
4309 10
871 4
860 11
780 11
791 12
829 4
720 15
840 15
871 15
820 8
809 7
1011 10
1700 3
660 15
700 8
749 5
770 7
900 5
730 9
800 12
830 10
830 9
750 12
800 8
1640 7
750 10
820 10
650 11
750 4
850 8
790 2
840 15
890 6
830 8
760 6
1670 0
960 15
710 9
900 14
790 13
810 8
740 12
790 1
800 1
760 14
750 14
740 13
1600 9
810 11
820 13
820 12
800 7
800 10
750 1
750 10
790 10
810 1
820 0
1600 2
860 7
810 8
820 5
770 13
820 9
860 14
770 1
770 14
850 10
850 4
940 9
1490 10
660 14
710 1
860 15
830 14
780 6
900 8
750 3
890 8
690 5
790 4
860 2
3340 12
810 5
830 7
790 11
860 14
840 0
760 9
610 13
750 2
750 12
750 6
1990 2
870 2
710 3
760 3
830 15
920 1
810 12
820 4
810 9
820 15
770 4
770 6
1890 1
840 8
850 1
720 1
740 12
720 7
940 3
740 0
760 1
750 2
860 12
719 3
1711 12
749 13
811 0
809 7
820 13
820 6
1020 12
760 12
829 8
771 8
820 7
1700 0
880 7
749 2
851 13
680 7
880 8
789 9
860 2
820 6
791 6
800 0
860 10
1680 5
869 6
731 0
780 11
750 9
830 8
660 9
860 13
830 4
940 9
740 13
760 2
1760 15
830 1
710 14
730 7
790 1
5890 8
800 15
890 13
820 10
780 3
690 2
1750 8
850 2
820 8
800 5
760 6
830 1
840 3
850 1
700 15
730 5
770 6
730 6
1690 5
800 10
710 1
920 0
710 15
890 4
760 12
790 6
710 12
840 5
740 10
1580 15
780 6
770 12
800 5
790 15
840 1
850 8
770 2
810 2
880 7
790 3
860 9
1960 13
810 7
930 6
820 14
850 14
840 7
780 9
870 8
730 3
790 15
660 9
760 5
1610 7
760 12
800 14
740 13
740 0
920 14
870 1
720 1
860 7
830 7
890 2
1660 15
860 6
730 11
850 8
870 12
770 7
780 3
670 4
830 6
820 7
800 15
810 1
1670 7
860 10
660 6
960 5
740 4
850 8
790 13
840 2
730 6
850 13
940 12
860 9
2740 8
940 5
920 13
849 2
751 5
740 14
740 6
760 11
849 7
971 10
860 0
1649 11
800 14
740 1
729 1
809 12
751 10
700 9
711 1
800 12
720 5
860 15
900 4
1520 0
759 9
670 0
750 13
880 5
770 8
840 6
710 10
740 4
760 9
890 13
840 7
1690 10
850 3
940 6
750 0
800 9
830 0
860 13
730 11
700 9
680 0
830 6
1600 7
870 2
720 14
790 5
790 12
830 11
860 2
840 11
900 8
810 9
920 5
790 6
2370 10
850 9
740 9
880 0
770 11
780 12
750 7
830 2
800 4
750 1
940 13
1530 4
660 14
770 1
880 15
720 1
850 2
760 5
740 12
860 8
870 0
840 12
920 0
1620 8
800 4
780 3
840 9
840 4
770 6
850 13
650 15
680 12
750 11
740 13
780 9
4450 2
890 1
780 12
810 7
830 2
790 6
730 13
790 12
740 6
810 2
760 3
1820 9
850 14
750 11
770 5
850 13
800 10
660 2
810 3
790 13
790 5
800 8
830 2
3080 8
740 7
900 14
740 3
790 4
770 3
719 1
851 8
809 0
820 4
791 2
840 2
1531 7
751 5
720 1
880 11
749 1
740 6
760 0
780 0
840 3
751 6
760 3
1549 5
851 8
829 10
900 13
860 8
731 11
880 7
729 9
751 8
829 9
880 2
751 2
3449 11
760 4
920 8
880 0
1030 6
800 11
740 5
910 1
770 14
770 12
730 6
650 3
1560 13
720 6
900 4
760 0
840 4
820 1
850 14
890 7
860 11
750 1
780 7
1680 13
860 3
940 8
830 9
870 4
840 12
770 9
840 1
830 12
800 12
770 14
770 9
1870 6
730 10
820 1
750 11
880 14
820 4
810 9
920 4
880 5
800 2
760 14
1770 11
690 14
730 4
830 1
860 14
890 7
720 9
770 15
800 4
890 8
770 2
880 6
1980 7
790 0
880 8
680 2
900 6
720 8
850 15
890 13
780 6
700 8
800 8
820 3
1630 1
800 4
780 3
780 9
730 1
850 8
650 13
850 5
720 2
830 15
790 13
1800 2
840 7
780 11
850 7
890 8
760 2
730 6
900 11
730 1
690 7
790 2
800 9
1510 5
760 0
890 8
820 4
780 1
850 13
820 6
780 3
729 1
791 5
909 4
909 12
1631 2
860 10
769 1
731 10
680 4
829 6
740 12
771 7
800 6
809 9
800 0
1520 15
820 0
760 3
751 2
820 7
769 9
860 8
800 6
871 9
760 3
809 2
720 7
1640 1
780 15
809 2
720 2
830 5
830 13
740 11
860 14
920 7
650 3
750 7
750 10
2370 15
750 10
830 7
800 13
1010 6
840 0
800 2
830 1
850 10
750 13
800 7
2920 10
910 8
690 1
800 5
770 2
810 1
840 8
810 3
750 2
890 15
810 14
700 12
1580 7
810 3
940 2
790 12
850 0
760 1
830 15
780 15
850 6
710 14
670 15
1500 10
740 14
840 11
810 13
790 5
730 14
790 10
710 15
760 5
710 4
760 12
790 6
1460 8
750 6
760 13
740 10
830 12
730 4
810 15
780 15
730 11
780 0
800 2
750 0
1690 11
770 4
760 1
740 0
740 8
720 12
740 0
780 6
800 11
770 0
820 4
1720 6
830 2
820 6
700 15
830 2
830 2
880 8
1010 15
880 14
880 12
840 8
740 2
1590 14
700 10
800 4
810 15
800 13
840 8
880 8
870 15
760 0
840 6
780 11
769 13
1511 2
760 3
820 9
849 10
760 7
860 8
751 10
820 6
929 10
971 8
800 2
1700 3
869 12
751 1
800 12
849 3
900 11
751 13
1000 13
869 7
780 2
680 12
800 7
1631 0
649 13
800 1
889 1
820 9
860 2
720 6
760 7
780 12
770 11
850 1
810 11
2360 15
730 6
970 12
850 5
850 13
760 9
820 3
770 15
810 7
690 2
850 7
1420 15
880 10
910 10
900 8
840 13
850 0
700 7
790 0
830 4
770 12
760 14
720 0
4490 7
720 14
850 8
750 12
950 0
750 9
700 13
740 4
770 5
820 11
820 13
1810 2
910 11
770 10
740 3
690 11
810 2
790 15
870 5
820 14
780 6
800 5
780 13
2610 9
850 3
750 7
760 11
700 14
740 12
710 10
850 3
790 11
690 13
740 6
880 13
1550 5
880 15
870 13
830 0
830 11
800 13
700 11
840 13
850 8
810 3
760 9
1560 6
870 8
730 12
740 11
690 7
860 11
900 7
850 7
690 3
720 2
790 8
860 5
3270 0
750 4
690 11
940 2
820 12
790 14
800 12
780 2
730 15
690 4
740 11
811 2
1849 12
891 2
811 3
769 9
860 12
931 6
760 5
711 1
769 10
840 9
780 3
1671 14
769 6
711 10
860 3
849 2
809 7
800 14
900 3
760 5
831 9
720 0
709 3
1760 13
760 5
711 5
1059 2
700 11
830 9
820 13
800 14
800 12
750 11
810 4
710 1
1470 1
770 6
740 3
820 7
880 6
870 4
730 9
730 13
750 2
760 9
830 12
1630 6
850 14
770 9
740 15
680 11
750 5
830 1
760 3
860 5
770 14
820 11
860 7
1780 11
880 4
740 9
910 8
850 3
930 15
800 9
840 13
920 8
750 1
860 0
1570 11
860 4
780 0
680 5
770 9
780 4
750 1
820 4
970 7
810 7
750 1
760 3
1670 2
850 5
1020 2
750 5
810 13
970 9
820 3
830 1
740 15
740 1
850 11
720 4
1580 11
830 11
760 10
750 9
840 6
830 1
740 10
820 7
790 3
790 0
650 4
2820 4
730 1
750 6
830 14
780 15
850 2
780 6
690 7
790 3
850 11
850 9
780 3
1580 10
860 6
820 2
860 6
680 13
860 5
750 9
750 2
780 12
910 8
800 8
810 5
1600 9
849 12
860 12
820 13
720 7
771 15
809 14
820 12
731 14
800 11
720 4
1709 7
820 11
871 5
689 5
760 14
880 12
780 2
911 2
789 13
831 15
789 1
751 6
1560 4
940 2
791 0
820 13
780 6
769 10
750 1
870 8
820 9
840 8
730 2
890 11
1570 10
690 0
850 2
900 10
830 1
690 15
850 11
790 4
770 14
730 5
700 14
1560 15
730 12
870 8
850 12
990 10
890 2
740 5
860 0
820 5
820 14
820 9
770 9
1560 11
910 5
780 3
760 5
790 1
800 13
800 11
860 14
850 3
760 5
720 1
1470 2
750 15
820 12
730 11
730 3
770 11
800 6
840 3
780 10
820 6
780 10
850 4
1630 6
720 3
780 15
820 10
800 12
790 5
820 1
860 1
750 14
830 12
790 9
800 0
1850 10
850 0
830 11
860 2
1010 8
770 12
790 3
870 10
750 13
920 6
920 0
1560 4
890 6
850 13
770 10
820 8
760 1
900 14
780 1
710 10
790 5
900 12
750 7
1630 6
740 6
920 5
790 15
740 0
820 7
850 2
620 9
780 14
790 0
990 6
820 13
1610 0
760 15
740 3
960 14
930 8
880 0
920 13
711 7
800 11
849 8
920 1
3291 6
809 10
711 0
920 15
829 14
771 8
829 13
751 15
849 13
700 5
771 12
860 4
4600 13
780 9
720 15
811 4
1049 8
770 4
800 9
800 8
800 0
800 6
1000 14
700 11
1720 5
910 13
740 9
870 5
950 7
910 1
800 15
830 10
780 3
720 14
670 0
1540 9
930 1
830 2
870 13
840 11
740 2
940 10
810 11
930 5
830 8
870 7
930 13
1670 15
840 3
870 14
790 13
830 15
940 6
770 0
850 2
820 7
710 1
870 4
1850 10
810 6
810 0
740 14
810 0
870 8
680 1
900 8
830 13
820 14
970 3
730 4
1680 2
910 8
810 7
980 7
790 10
770 6
730 6
750 12
820 10
910 6
710 0
840 3
1630 6
