12500 15
6450 2
6150 8
8320 8
469 10
300 10
5971 11
769 10
5550 5
4790 9
11830 2
6160 4
4810 9
5650 3
5540 13
470 10
5199 13
4100 15
5380 11
3209 5
6350 1
6130 14
6110 2
4640 1
5310 13
6360 12
7550 0
7250 0
6720 6
4831 0
3089 4
3480 11
4300 8
3610 5
7610 1
4150 5
5920 0
4000 6
4120 12
5040 6
3499 5
5280 0
4299 2
5400 13
4310 12
310 10
3430 0
4130 11
270 10
7000 6
6330 9
4400 4
5600 13
3500 11
4789 2
9859 5
4010 9
5550 3
5240 2
4850 7
4860 8
27759 15
380 10
389 10
269 10
240 10
4120 6
3331 9
3839 8
3150 4
4990 14
5470 3
4430 0
3490 7
5380 9
9080 12
5230 13
320 10
4449 12
11909 8
4929 4
4520 5
4000 15
5990 1
520 10
10230 10
4970 2
3240 4
4870 7
7700 8
25500 3
11920 9
4960 0
5720 11
4890 4
8120 9
4469 13
3020 11
4600 12
900 10
8399 12
8330 8
6520 14
9060 4
6140 0
5800 15
14010 0
13029 3
3240 11
6920 7
4690 8
4120 11
3960 3
4990 2
6690 14
6330 5
360 10
3170 11
5929 0
57699 11
4829 6
6391 4
6240 2
7730 15
5800 13
4960 2
6070 7
5820 13
5030 2
3160 6
3410 4
7280 9
4869 2
4531 2
5609 6
380 10
310 10
5450 6
5350 13
4400 5
730 10
330 10
3860 4
4130 13
10960 6
15960 14
10119 12
4020 3
4810 7
5490 1
10290 1
1030 10
6269 12
5651 14
6999 14
5430 3
5680 5
6670 6
4960 14
6190 2
5880 14
3730 6
4660 7
4530 6
4900 2
3109 7
7049 7
6030 15
5320 13
4400 4
5160 13
6240 13
13080 13
12390 6
5740 1
4020 11
6790 7
5740 12
5140 3
34459 2
4029 8
6690 0
4890 12
5610 6
5100 13
5220 7
3710 11
41469 9
4370 12
5020 12
4890 9
3790 1
4850 6
5840 0
5080 2
8260 7
4080 4
15489 8
3910 9
350 10
32539 15
740 10
6350 2
6630 13
6480 0
3670 11
7240 1
6020 0
5200 13
6030 12
4930 13
5100 2
6810 4
7090 1
6500 8
49159 4
4080 12
9110 0
4790 3
5840 6
6279 0
5791 9
4760 7
7699 1
4820 3
4860 2
4930 5
19180 0
4760 1
4650 3
5691 7
369 10
10869 8
6470 14
13920 5
3800 11
5490 7
5790 12
2470 11
5840 14
5909 0
3600 12
4720 7
5540 1
4250 0
5100 8
3890 5
8370 3
3570 9
4520 3
9490 6
1989438 15
7840 0
5190 5
7250 11
12000 11
5400 2
3140 11
12720 7
5690 4
6449 9
4560 7
4980 11
9180 0
7190 0
12830 4
6300 0
8070 14
5009 2
4671 2
10250 6
5760 1
5210 2
6800 6
4490 1
11130 0
10660 15
10399 7
6269 6
4880 12
10740 4
580 10
4100 9
7880 14
3640 11
4990 0
6570 8
2270 10
5889 9
3980 5
9819 1
4400 14
6990 2
4220 0
3710 11
3930 9
6630 5
3500 11
4909 2
3280 11
540 10
13890 6
5540 12
5590 9
8380 13
4551 4
10449 13
5710 2
5870 11
5220 5
1150 10
4700 13
5560 6
6920 2
9070 2
5700 0
5071 4
4730 11
720 10
4590 1
4510 8
4230 13
4800 11
5060 2
6620 4
6080 0
25359 5
6840 11
4130 13
3860 0
4730 0
4680 4
5370 6
4520 15
6390 15
4630 8
4480 13
529 10
5169 13
5820 4
3560 14
4340 10
6010 13
3780 4
4570 7
7090 15
4570 0
3830 9
5150 15
5990 11
9430 13
6190 4
1100 10
6780 11
7010 0
6060 11
5969 8
6279 14
5610 13
4670 0
6950 2
5470 4
4830 12
4670 12
5070 14
4770 0
11200 15
4680 1
5560 12
3870 5
5120 2
7700 3
5120 11
5000 11
6630 11
420 10
13769 11
5600 13
5480 6
6169 7
11300 9
12830 4
5480 14
17030 11
5600 11
7249 6
5030 9
4630 15
4360 7
4210 5
6570 2
6170 7
4500 15
6200 13
4079 5
6700 1
3480 5
4290 0
6010 14
5680 0
15790 4
6490 2
6610 3
6520 13
12869 6
7510 8
4960 9
6120 1
4940 9
8820 12
6560 9
7710 7
7180 0
8740 7
4000 4
6210 11
6680 1
5220 0
5110 8
10050 2
5310 13
7160 15
9331 4
15900 0
8880 8
6190 4
770 10
5200 6
7280 4
6179 15
5000 8
4331 12
5980 12
6000 0
15460 7
5000 0
4680 3
6260 14
5780 9
4189 11
5040 3
6060 0
5990 13
4700 14
26100 8
5800 14
5930 5
9240 7
4129 9
8700 5
10499 0
5650 9
6280 14
740 10
5200 7
4110 14
6280 15
5290 12
4510 7
4940 6
5270 13
6109 1
5970 1
290 10
6150 1
5670 12
5670 13
3940 15
4820 12
3880 11
8560 5
4480 6
3910 1
12920 3
290 10
4630 14
4860 11
4210 7
4800 13
3530 5
4390 13
7660 6
4940 1
4640 14
4480 2
6711 15
4080 4
4389 0
5520 6
4740 13
4040 5
5140 0
4580 3
5640 2
6960 15
6980 8
3809 12
5000 0
4400 4
5830 6
