323155 9
83188 6
84739 6
71539 3
75948 0
72789 0
72469 5
68099 3
71549 8
69319 10
73759 0
71189 4
77019 3
71689 9
75789 11
72499 7
153817 3
74209 4
77969 0
68079 1
71759 5
71769 5
74008 0
70019 3
75029 10
74919 6
76129 8
68319 10
63609 8
78348 10
58610 1
60159 1
70539 3
59039 8
59439 7
63768 8
63839 6
56908 9
60220 9
59949 8
62609 3
60119 11
73598 1
65928 10
74949 6
61619 7
68269 3
62079 6
60319 10
60579 6
63229 5
58720 9
64429 6
63819 3
62009 1
57359 0
59419 7
66159 11
64248 6
70588 5
74049 7
64759 11
68029 5
58859 11
57889 11
62479 3
59879 1
57689 11
66449 4
63569 0
57599 1
61990 2
64150 1
71889 5
69369 1
65979 9
78179 4
56609 9
66059 1
63519 0
60489 3
60399 8
67069 6
64379 11
69689 5
66319 5
72219 0
61379 11
67308 5
68310 3
71639 3
81339 1
63109 11
67489 2
61749 1
61599 1
64169 9
68769 11
62149 3
62649 1
60399 2
66359 9
61899 1
59899 6
61759 10
64719 10
78679 8
63429 8
63229 4
62769 3
68798 9
62650 3
62879 0
63010 5
67608 11
68988 4
66438 5
69019 3
68809 9
67659 5
64129 1
84089 10
69539 4
69568 0
74789 0
66659 10
69419 8
64799 4
68079 0
64449 7
67659 6
69109 7
64899 2
67259 7
65949 5
74188 10
72428 2
61900 4
64269 6
65739 0
64369 3
66649 0
71519 4
67169 8
68609 9
66089 7
68049 5
63049 3
66399 11
64169 5
72399 7
83468 11
65899 10
66849 7
67629 8
66249 6
67119 6
65339 1
66179 6
68929 0
66949 11
72799 11
68038 0
66048 5
65148 5
164487 0
66679 2
69689 11
65989 4
64169 1
66188 4
64759 5
61168 4
67188 8
64439 4
65268 6
69609 0
64939 2
70649 10
85939 10
57939 0
45839 2
50399 5
50279 6
49619 2
48539 2
53489 2
48109 10
51690 11
50680 1
55849 3
51549 8
54029 1
54379 7
56070 11
54030 1
49910 8
63929 6
50629 4
50029 6
50129 0
47680 8
51230 7
49799 8
51659 7
56489 0
50649 3
53549 2
51269 6
53149 9
51819 2
54319 10
54340 2
49610 7
50990 8
51269 6
51689 9
61849 9
47749 11
49139 10
48999 3
51599 3
50079 2
53510 9
49969 0
48599 5
48049 4
53309 4
50980 3
51839 8
50649 10
53509 11
47439 5
50030 5
48490 1
55309 0
57989 5
55429 10
51259 2
52789 4
51459 7
53140 2
50769 10
51559 2
50749 2
53749 10
50599 7
51609 0
53659 4
53369 11
51269 4
50400 0
52980 5
56379 3
51279 1
62179 11
49209 9
48449 5
49179 6
49500 8
51299 7
51799 6
46470 8
48740 7
46439 6
52519 9
52469 1
50340 6
48899 3
52049 11
46319 0
51119 2
47660 5
48150 3
50429 9
58799 5
47249 11
52169 10
51949 7
49269 9
52779 6
50689 1
52859 4
47780 7
54589 10
51569 10
52959 5
51619 2
56269 9
53840 6
56310 1
55919 11
52789 5
51119 3
62519 9
50109 11
52849 1
49420 5
46759 6
49429 1
47919 0
50850 4
48580 0
53039 2
51829 10
48309 1
45510 1
51429 10
49189 6
50679 2
49609 11
50449 6
53689 1
52099 2
62549 4
49989 3
49420 4
51879 10
50650 3
48999 2
53699 6
50359 7
50120 9
52660 11
52349 2
53189 1
51179 11
52650 0
56079 10
49900 9
55699 3
53949 4
51229 3
70699 2
53199 2
55929 1
46790 4
51309 5
50069 0
53539 7
48750 3
50739 4
50949 8
52969 9
49319 6
54459 2
51529 9
53859 5
52249 7
51879 8
51289 6
51059 10
123728 6
50409 10
54409 4
50999 0
53349 5
49499 6
49269 10
52509 2
51109 9
48219 9
50459 10
51329 3
51779 6
51600 8
50159 8
48739 8
47500 10
48200 6
55939 8
51219 4
45879 1
52439 0
49999 8
53979 10
55589 3
54289 1
53579 2
56059 10
49649 10
58008 6
54319 5
56999 0
53629 1
49769 0
53609 5
50029 1
49879 0
60129 5
52249 3
51209 3
51199 7
49709 2
53390 8
49259 2
51169 3
49819 9
53090 4
51868 9
49829 9
50799 8
48309 5
48419 2
50100 8
51199 7
49379 11
47719 3
59079 4
45900 4
53469 1
55149 0
54579 7
61369 8
49949 8
51420 2
51070 9
49189 1
51079 8
51669 6
48680 0
51009 1
56649 3
57009 9
57799 7
57239 7
55969 0
63639 11
51410 4
53879 0
52009 0
53649 2
51119 9
51089 5
52650 5
50720 9
51489 8
47429 9
50269 6
50070 10
50280 10
50449 4
51639 1
47919 1
49560 6
51550 9
62529 4
49189 5
50179 2
50899 0
55000 9
51470 0
52440 4
49849 2
48449 4
50169 7
48449 3
52899 5
48499 11
52649 5
46940 3
52690 8
51850 2
50969 10
52139 0
48019 2
65579 1
54190 10
52910 9
51050 7
56659 6
50199 3
53819 1
48460 11
47480 6
51579 3
53769 9
59359 9
51129 9
50089 11
50840 3
51119 6
51459 4
52039 5
51859 3
64399 1
53300 3
46279 1
51209 9
52889 4
52039 11
51789 3
49259 11
50969 9
47379 1
48949 10
50410 4
52089 7
47359 4
49549 4
59049 9
52279 8
53530 4
51129 0
58389 8
48049 4
47169 11
49500 4
50980 11
49649 10
51699 1
53039 0
49809 10
54550 3
54829 3
51059 9
53179 1
54899 10
49889 5
53349 3
52379 7
50129 6
52499 5
68369 10
55979 3
49619 11
53468 0
53939 2
46869 10
56759 5
51589 9
49840 9
50470 5
50779 8
50199 9
46459 11
50440 11
50790 5
55819 8
51819 4
53069 8
54169 10
117329 11
48909 7
51869 11
51559 0
51339 11
46640 8
50000 11
46989 5
50549 9
48949 6
54529 9
50599 10
51649 3
50669 0
47219 8
55269 6
54749 8
53730 11
50299 9
66199 7
53349 0
52209 0
49899 5
53329 0
52439 5
53159 7
51949 6
53689 7
52129 10
48190 4
52250 11
52669 8
47469 10
54019 11
49540 0
47490 1
52789 5
51799 4
61969 1
48189 1
51640 8
51320 1
52379 1
49139 1
50319 11
53959 8
46300 2
54929 2
49879 7
51599 8
51059 5
48670 1
47949 8
53269 6
52099 6
52429 3
47370 7
61919 10
53619 9
53699 11
56479 0
55409 5
52259 11
54369 1
57379 7
51310 3
51579 0
53459 5
52899 8
48949 1
48950 9
50169 3
52079 2
49729 6
52289 0
57099 3
65659 0
48500 0
49299 2
53339 3
49539 11
52490 9
45900 1
52799 2
51039 11
52299 0
49909 8
54620 4
49689 5
49029 10
49419 5
49610 6
50440 1
50309 2
51209 9
61539 10
55149 7
47749 11
49579 9
49009 8
53459 10
52489 4
53369 10
51140 9
60250 0
53280 5
50139 7
49449 4
52039 1
52790 5
53620 11
54239 4
55729 11
54049 2
62749 6
52319 0
51589 0
49699 6
50329 8
50509 9
50649 6
49339 6
48490 5
53529 11
46659 0
52969 2
49389 2
55668 2
50589 9
49329 0
49529 7
52009 7
51469 10
54269 4
59349 1
50149 0
48309 7
50979 8
47799 8
52369 4
51649 1
50729 9
56619 5
57209 6
58879 1
51290 6
51150 10
50799 6
52639 5
53539 11
52239 0
52920 1
52380 8
60689 2
49229 4
56999 3
55959 9
52879 5
57559 8
51359 2
52459 9
53639 7
53509 3
57239 2
50329 2
50150 3
51019 11
52359 5
55009 0
58519 7
53219 10
71199 3
52519 11
50049 9
47839 3
51969 2
49739 4
51729 3
46269 3
50339 10
53999 4
47329 1
51319 10
47829 5
50519 6
51819 2
50269 11
52960 2
52799 4
49500 9
110848 11
55329 2
53269 6
53440 3
51290 11
49540 4
51219 3
54639 4
52769 10
51429 3
49279 3
51349 9
52019 8
53709 7
51969 3
53399 8
53799 6
51529 7
61209 2
51359 3
49959 7
50549 7
49979 5
52689 8
51969 0
52439 11
52829 4
45880 8
51850 8
46299 0
55529 4
47820 8
50159 8
49929 6
49689 2
50319 1
52309 0
50099 11
61508 1
51690 8
53059 0
51069 2
49599 10
51740 6
53000 10
51799 10
52799 10
53419 8
48500 10
52139 4
52119 11
51149 0
51119 10
48529 2
53349 4
51589 0
51899 2
63609 5
54339 11
55049 0
55239 4
51629 3
52848 8
52489 5
54439 0
49339 6
48889 3
49329 2
51759 4
48839 10
51979 7
53339 9
51439 6
47099 1
47599 6
52189 7
63179 5
52069 9
52499 0
48039 3
51039 0
52979 4
49689 11
51930 11
49550 10
51639 9
50949 2
53939 10
50019 2
58008 10
52399 10
49379 8
50729 7
52979 5
51369 5
63819 7
51010 1
50610 11
50059 5
52209 5
56539 1
50400 10
52270 11
52369 11
49289 0
54159 7
50549 2
49579 5
54069 7
49399 0
51939 2
56189 3
55099 9
50529 3
62348 1
51489 5
52189 8
52569 11
55639 10
52629 7
49840 8
48300 8
51879 4
51039 10
50749 4
50049 6
55499 10
54159 2
53839 6
54639 1
55199 7
53979 0
53199 2
62519 2
52560 4
48439 10
52289 11
48439 4
49629 6
48869 10
52959 8
49429 6
52919 4
49520 9
54388 11
51349 10
51949 8
53379 9
47879 5
53489 11
52049 10
52479 8
58079 0
53029 2
51519 2
56869 11
50159 11
54039 4
53879 3
52139 10
52579 8
53689 7
53309 5
50569 7
51299 0
50029 2
51089 5
52150 1
54550 10
50699 3
46989 6
67369 10
48199 1
47709 10
50169 5
50829 8
53809 3
56399 0
52829 4
52179 6
48299 9
50529 9
51919 2
51249 10
45219 6
53989 4
51559 10
50909 2
49929 0
57409 6
52970 3
108779 11
52119 8
51539 10
52009 11
52570 9
48510 10
50889 9
51189 2
54509 1
48539 2
53208 10
51819 2
52299 2
47159 2
50279 4
55159 4
54720 5
51779 10
60099 9
48159 2
50299 1
48789 10
45049 9
49549 4
51979 4
45470 5
47560 8
51309 4
47309 7
48080 4
48050 9
48719 9
47459 5
47929 0
44580 8
44269 7
43719 8
42310 9
48100 10
62239 1
42179 11
46149 8
50990 4
45239 4
49079 4
42360 4
52879 2
51249 6
47349 1
52809 7
43959 2
46530 7
44889 1
42119 2
48259 5
46530 5
53359 10
47329 1
46919 8
61628 8
44870 4
44249 10
46589 11
44810 10
44619 4
46759 3
45280 0
42940 4
50339 5
49989 11
47059 8
48229 4
45849 11
45709 9
49920 3
47390 11
50949 9
