112509 11
55009 10
62450 9
59810 11
60309 4
57310 6
63419 11
59680 16
59800 8
71099 11
79069 8
71020 21
63859 11
62589 3
64629 7
62819 0
64980 12
64449 3
61840 16
58109 5
65460 11
62209 3
60860 0
64750 3
68959 15
79689 23
69280 19
67359 18
62739 20
60740 0
65360 13
58780 12
58780 16
63340 0
65119 12
65920 19
64389 7
61510 5
62259 22
61680 21
61769 1
80380 14
69009 0
58959 16
66370 7
58600 9
64860 6
58949 19
61130 5
58349 20
63150 17
60160 1
65860 16
63100 10
58900 1
61070 21
61829 20
68990 3
64089 20
59400 8
62560 20
61039 22
65029 5
58140 4
61170 13
60559 3
64770 15
60759 5
62770 1
60729 0
62639 6
67870 9
79019 22
71740 1
68390 0
58660 9
65049 15
60420 5
64220 18
60650 9
63579 19
61110 17
64589 18
68390 4
64879 13
61800 0
62370 9
59200 18
74130 19
62830 5
64380 14
58929 20
63450 17
65789 6
67810 18
62379 4
64350 23
60769 2
60419 2
59010 3
64409 5
62250 0
61739 21
64510 14
73049 6
63460 2
62079 9
56730 23
62860 17
60470 5
65459 7
64480 10
60919 16
62699 3
72280 18
63309 4
60200 22
61879 6
62140 3
72479 17
67320 17
63549 0
66830 3
64950 20
65350 17
66759 1
69780 7
64509 11
63029 1
62949 8
59740 11
68600 8
67019 11
67890 15
128539 1
70499 23
63670 11
59629 20
62580 19
64170 8
64020 18
69120 2
65349 23
57700 12
65669 8
61740 18
62989 23
68320 7
65719 1
75160 13
64419 2
62350 1
65499 19
63600 20
61909 5
69579 15
69380 21
62890 4
64970 3
67390 3
67489 13
73550 11
70639 6
61880 3
73930 19
65509 15
64600 5
65729 23
63940 8
64969 7
58520 8
64649 18
66050 18
64489 0
68950 14
61269 21
63890 13
64239 11
64950 1
73770 3
70230 22
65350 3
62569 3
58290 10
64409 20
64700 4
60269 12
65580 1
66649 8
67070 6
66599 4
69140 10
63969 15
64049 16
65640 16
75550 5
62400 9
63369 14
64370 13
64280 13
66400 11
65019 21
63660 20
63609 15
64260 14
64179 4
63670 17
67969 6
67840 1
64190 9
76630 21
65930 1
64659 22
64370 10
68989 17
66060 12
63930 20
62359 22
63800 1
63720 19
70509 4
64410 22
67079 2
66580 20
64519 9
73620 15
66459 7
66050 13
64649 8
64330 9
66559 0
61849 21
60770 2
67090 20
67329 4
62500 3
61230 21
71109 16
64210 11
64349 12
76910 17
70829 9
73810 10
69459 5
72860 8
62740 18
63950 17
67299 2
65160 6
71849 13
62140 21
67629 14
63850 9
63539 6
67980 5
75549 23
64020 14
64269 18
64010 20
65900 22
63610 9
66309 15
62330 18
63030 7
61910 15
65790 5
63169 22
59220 13
62609 8
68340 20
79119 11
63440 7
59469 19
64540 23
68419 1
66729 17
64910 0
63130 21
68090 0
64159 9
61260 8
60589 2
64180 14
62829 12
66180 4
63949 2
119760 2
65210 19
60550 22
59289 17
65070 12
62379 2
62040 1
64409 17
64960 11
63160 19
61970 12
63629 13
64550 12
64110 1
63439 17
85159 21
61819 14
63590 6
61139 14
65670 3
63479 5
65040 2
68359 9
65440 23
64840 16
67549 11
62629 1
63970 12
57549 19
59069 16
70060 20
61839 8
54930 11
56279 19
57340 12
71599 12
65259 1
63879 4
62950 5
63159 17
64960 3
62250 4
67779 16
61330 20
62699 3
60960 18
79079 20
64070 8
63719 17
61490 2
60320 20
80080 0
63989 22
60800 7
59300 2
64700 21
64750 6
65699 22
68090 5
64579 4
60850 9
74029 18
60870 23
63839 18
60910 5
60880 19
64459 18
61209 17
65279 17
60920 23
60949 6
63480 5
64399 15
63340 23
63989 14
67590 4
68770 9
74699 11
62929 0
62279 10
71329 11
63929 9
60640 6
63769 23
65970 9
64109 23
65820 9
64219 4
62680 1
61089 22
62220 23
68759 7
77609 14
68689 2
65010 16
67289 6
65410 13
63820 4
59059 1
58919 23
56570 16
55360 13
51229 7
56240 10
53940 18
53379 14
52150 8
60639 12
62220 10
74369 21
53150 20
51260 19
58589 18
51840 10
55510 4
51679 10
53980 21
52169 19
52800 10
51580 12
53929 8
50310 9
52929 10
50079 14
58370 7
53559 3
51750 20
67259 3
51850 21
50310 13
50389 11
51540 8
50539 20
51680 16
50330 0
53670 18
51519 15
52050 19
50159 2
55100 12
51410 23
53609 20
54870 4
54239 23
53989 3
51720 6
70359 8
51500 11
51810 22
52960 8
50570 6
48789 15
52040 4
50579 5
52929 7
51180 20
54699 11
49580 16
51110 16
51469 12
50710 2
49440 2
50159 15
53300 16
51189 16
110620 9
52509 19
49720 10
54100 2
51839 6
52250 2
53240 2
51370 14
53380 14
51649 20
54820 8
52989 22
53610 14
53050 0
50360 22
52559 6
49560 16
50879 18
66540 2
49890 3
48400 0
50370 0
51220 21
51849 23
51080 0
51369 12
52450 4
53559 6
51209 6
53280 11
50579 13
55670 15
51660 20
48269 11
53720 14
50980 16
52109 16
62720 17
52519 3
52290 20
49830 1
49190 5
51130 5
53940 8
51950 15
49840 11
52899 20
51770 13
49179 18
54590 12
50800 22
51019 5
48259 10
50520 11
48539 9
50700 16
60689 16
52129 6
49970 0
49920 22
48579 19
57860 23
49939 17
54299 0
52740 8
50039 16
50200 14
51879 1
53720 22
47440 16
51059 0
49820 22
50100 5
48969 13
50660 9
48930 15
65179 1
50360 1
52460 19
51179 8
52210 2
52959 10
50400 7
50810 12
51590 0
50500 15
48259 12
53699 21
48620 2
55309 20
56439 19
51020 18
49689 22
51790 15
53590 19
62349 15
50190 6
52429 17
53430 13
49080 18
51740 17
49620 15
49629 7
49420 17
50730 18
53839 23
52060 18
48399 3
52300 15
48020 1
51620 5
53180 13
56130 4
52629 23
64470 9
55269 12
53539 7
50930 15
53849 2
55460 19
50459 10
50430 7
53520 4
48879 14
52829 1
51520 13
55009 14
48670 12
50080 2
48319 0
53610 0
53149 10
54900 14
61630 21
50299 3
50050 2
50599 19
52809 5
58000 21
55609 19
50070 0
49360 21
50939 2
54130 22
49400 23
51679 0
50970 3
54719 6
61880 0
57440 18
57579 8
56070 2
66969 2
59050 18
65839 1
65850 11
66789 12
65970 20
64729 11
70220 17
78349 3
74630 19
78049 14
72510 2
75779 21
78960 20
82139 5
75350 7
78489 5
87719 6
75990 16
80809 12
79090 6
85769 10
83220 13
76079 7
81649 11
86500 0
148669 14
88649 1
75730 6
83369 9
92989 17
77170 7
89160 3
82089 7
76680 19
83899 20
75769 2
95399 9
98199 22
82899 8
78849 10
74060 14
78830 2
76450 0
94830 14
79139 5
80420 6
81889 22
81869 1
106119 10
79139 6
81310 6
83530 19
79519 0
81500 10
87829 18
89090 16
79130 16
79839 6
83590 16
99209 23
95819 8
75850 22
82629 15
86999 7
84559 12
86769 20
77030 6
75229 22
86840 16
95379 4
87179 10
81120 17
95869 1
81210 14
77580 6
80509 13
81150 2
80999 7
92689 7
89669 19
91689 0
90970 9
89539 16
103199 14
79770 2
81190 5
86489 21
74400 3
82259 7
83550 1
79100 22
76760 10
85230 17
78339 13
85860 11
88209 7
84689 6
88400 12
92529 12
82299 7
84889 16
80329 0
82220 5
83869 12
75179 9
81230 14
84399 5
102050 5
80469 3
83149 3
82429 21
85249 1
77440 16
97099 14
85929 11
87819 7
95829 8
86730 5
81440 16
108029 21
87150 5
81390 3
83769 16
79670 7
98719 6
83269 3
79129 8
74079 16
78440 11
92399 5
109789 22
80280 1
87049 22
82669 2
4776435 15
87460 21
89100 11
79499 15
91299 9
90790 11
86159 16
200999 8
93489 0
105449 22
110599 9
83460 19
96789 8
95010 13
93940 21
92709 13
88670 14
89749 7
91139 8
83780 6
102829 0
88789 11
82420 4
79589 1
90790 20
85829 10
85349 22
90090 8
94979 22
84659 19
84090 3
81449 14
100269 20
93889 6
79769 2
88059 12
85719 3
177859 8
94089 19
123209 5
79689 19
89720 22
109479 12
85589 0
90080 1
96559 1
81649 9
87989 12
87569 21
95880 17
84939 11
82039 1
87220 12
104619 12
87579 20
87370 15
77299 19
78980 19
81949 22
77899 4
82659 20
86279 19
93559 12
89179 10
150279 15
79259 0
86900 4
86559 3
96359 17
94750 9
93929 4
100989 19
79560 3
86209 14
92190 17
105399 18
88769 11
110759 11
102699 22
99050 23
93889 13
95019 8
97470 17
100069 2
95219 2
113820 15
105299 10
94859 11
106209 9
100360 8
103469 18
100409 0
100590 17
96969 5
92969 20
115999 11
95390 2
102979 0
176459 4
260687 7
127310 12
105699 9
113909 22
99859 19
93720 21
102619 13
99269 14
101499 17
111060 20
101209 6
101529 17
99290 21
110560 13
93929 12
96559 23
103429 15
98240 1
97089 18
108839 18
114030 7
108210 7
127449 1
102989 23
97280 6
94350 18
93119 1
94429 1
105750 0
89209 2
108509 20
92840 6
115419 20
260478 13
92499 21
99330 9
91050 23
106159 3
98649 3
104770 21
98479 7
113579 7
96459 12
98739 19
108219 7
102889 16
107189 13
109610 9
107420 1
97789 12
132289 7
100890 4
103460 9
101829 11
111039 19
103909 17
99570 16
92639 3
105709 17
189999 10
135439 11
116059 1
110859 12
110810 18
103469 4
117549 13
103419 11
142339 12
147289 22
130339 6
119199 10
169839 3
95399 7
123269 21
98890 22
127519 11
97439 22
252708 23
82490 19
85659 19
78249 0
92840 4
82259 21
99879 19
90669 19
99419 0
86699 16
86529 17
85499 0
89910 11
81379 1
105269 13
113920 21
125928 20
103869 3
116989 18
111509 14
86759 22
78739 0
83179 15
99479 12
90209 1
90799 6
84829 6
82449 22
133229 12
92509 1
87239 8
88239 12
100320 20
69860 4
73649 19
85289 8
97839 8
72570 22
80679 5
86789 12
110959 22
123339 4
108599 14
109979 10
76870 20
92089 7
81100 15
79060 11
73080 18
106220 10
109229 6
87859 22
90269 7
104959 15
109119 7
132139 11
100809 23
81900 17
72909 23
89210 4
86089 11
101189 13
88460 7
84940 1
100029 23
76980 17
106019 21
113099 17
111309 12
124449 19
141909 10
82640 17
79239 0
79110 8
75429 9
70270 10
87310 15
78059 10
77869 20
81809 7
74030 16
80359 7
79969 4
131469 8
100479 9
98509 18
