196837 12
145848 4
142868 19
139118 7
290725 20
197897 15
131258 12
216117 11
89759 1
103699 6
127358 4
58679 2
126227 9
65548 7
77098 8
66689 10
118828 20
83879 19
111898 20
176437 14
102009 16
170777 9
113378 3
527522 20
138068 23
102508 7
151358 2
193617 8
106478 16
362404 20
168598 23
117228 12
122668 7
110278 18
95949 6
141698 10
101959 17
149407 22
74139 18
120668 6
507122 21
285286 9
120398 22
89028 22
287455 7
92189 5
92809 22
191047 10
515422 21
250966 22
112478 4
143478 4
84439 17
67868 12
57399 18
250745 13
140818 16
57729 2
76269 14
136718 8
146178 19
58829 2
151107 12
12960 1
26840 0
67339 2
109938 19
140248 18
109358 6
11680 1
181857 18
25809 0
63439 19
234216 21
219376 18
100469 3
73198 0
117608 13
59479 2
338765 23
318395 22
38739 0
65369 15
66719 0
140747 14
70988 3
152698 12
248786 13
189517 13
160107 13
81228 17
233066 16
104628 18
77299 18
103118 6
214336 11
87579 15
162457 21
325985 7
130178 5
108178 20
160388 9
115518 15
138488 4
13760 1
133258 6
140818 10
155488 8
163498 5
11300 1
90298 3
183666 12
167837 2
272096 4
110958 22
159557 0
28010 1
184637 7
86459 11
209587 15
70999 14
2211135 13
137198 3
89729 17
426993 13
194917 7
127338 6
174767 17
170627 23
171677 4
161387 18
70469 0
138388 6
97298 20
244486 12
187967 22
55190 2
92339 11
91119 15
123839 15
88318 13
86439 11
131498 11
110108 15
96108 10
170127 20
87619 18
138378 20
149038 20
108138 8
68489 4
65029 10
63069 12
329875 22
66839 7
128998 22
65289 5
125068 9
60059 17
76739 20
61280 8
52259 4
59269 11
59349 3
73909 5
106938 8
11380 1
52519 19
51249 6
76219 22
3416546 21
185537 16
117458 6
91689 3
26289 0
71459 9
114169 11
70148 18
78639 14
123938 9
199967 8
132468 14
666839 21
280086 5
197877 18
11869 1
91178 0
118148 12
82389 2
283626 12
132968 10
104858 15
190587 23
231726 3
245807 23
187147 15
106348 21
116658 3
12780 1
96719 3
205727 20
249406 21
245936 12
70289 14
321125 17
241756 12
100059 21
87459 18
67349 6
213127 10
103718 14
147658 17
66629 15
67989 15
129818 20
102798 16
268686 22
179527 23
85339 7
65059 15
253346 9
58029 3
205476 4
66008 0
98799 10
110738 18
228497 22
164438 8
58299 2
78469 9
90278 22
108798 0
62139 16
64759 16
54189 2
80618 12
138147 10
413704 21
58009 16
280185 8
196097 11
105149 10
84099 18
79219 7
127108 6
26629 1
162678 3
75939 3
71419 12
134808 11
260107 13
100508 11
227266 23
94749 17
298235 2
211737 18
80919 17
121709 23
134088 21
268576 12
108878 9
188986 17
86009 3
199267 10
81399 15
85308 12
89049 13
87119 16
99629 21
137538 21
220776 20
181918 20
94498 13
310435 10
202427 17
244086 17
136028 0
91068 17
162298 16
82138 17
110148 16
82959 6
120978 21
172747 15
11220 1
214246 16
133978 17
167567 16
74088 11
68619 16
138168 4
100478 3
55750 19
63579 12
86319 17
84419 6
75129 8
330314 20
439093 8
102519 18
110558 23
221897 16
287175 12
117248 10
110749 6
130869 10
73308 15
89079 23
213387 9
62399 18
270225 6
79869 8
140558 12
74489 9
98088 22
141478 7
89258 15
78579 15
60819 2
189027 20
16020 1
151457 18
105899 8
15040 1
152858 8
55609 0
179458 2
181137 19
415614 22
141648 16
28709 1
112348 9
235216 8
183157 18
135438 13
88278 23
143808 15
334675 7
94348 15
194647 12
139238 14
105239 10
277446 18
162528 15
187206 2
62239 3
93738 20
185677 16
90969 10
208186 18
80219 0
196897 12
118558 20
89179 10
80588 9
150477 22
171537 2
102139 18
113578 22
124868 10
173147 16
79619 0
176857 22
72569 8
26320 0
173727 18
69879 8
72999 11
112078 18
280145 14
186507 9
153188 12
83909 5
13309 1
102419 10
86098 19
63579 8
178768 12
61649 6
71788 10
154557 10
85568 12
156988 3
255476 8
122668 11
212346 18
220927 22
149377 18
75818 0
95519 6
194267 9
95498 20
62509 13
111869 13
162808 20
125418 6
195657 0
89548 19
351015 23
90708 19
106149 7
94668 5
175557 15
66568 18
84928 17
94648 12
106328 16
154668 22
31120 0
69709 8
118088 17
180327 18
318075 20
121068 12
192877 5
78989 7
72689 10
103128 12
185207 18
186137 21
192457 9
122058 15
167748 21
131249 4
182348 3
367354 9
166197 12
160008 4
114558 4
84919 16
107429 10
125488 16
258206 20
308905 21
75369 19
361834 4
115508 22
107539 9
154248 22
66999 11
120958 4
121238 18
86949 14
167667 8
88189 11
106688 7
203387 5
101178 20
186987 14
76229 10
62529 6
94239 23
100599 18
99588 2
217267 15
16810 1
147457 2
279376 13
330815 21
97568 19
109398 19
25729 0
87379 10
110128 0
77999 3
171777 23
144388 19
101518 22
117818 7
94449 13
264006 9
210986 5
136248 23
86399 13
114698 4
97128 16
179307 14
100899 19
100668 14
127048 2
276136 3
137108 15
309555 8
80028 6
167437 9
182397 12
119728 6
179167 13
68679 19
66609 17
130628 20
78259 16
132788 19
242376 11
111008 18
182087 10
76269 5
104738 22
54280 19
146818 5
63519 10
106479 7
66230 12
61230 3
180288 21
71589 4
291686 4
188437 11
79379 12
256586 8
63070 18
121858 4
84968 14
159078 17
64799 9
193977 9
269376 23
273935 16
103089 16
149138 6
173847 18
151928 11
181627 19
234446 21
113088 7
159397 8
115958 18
63249 6
199447 9
56679 3
111919 22
26190 0
97069 6
213487 18
86019 12
638340 23
217786 11
216747 19
88449 19
88099 19
169027 6
202007 16
168947 3
329115 13
238727 5
216066 13
25070 0
245666 2
209406 13
101208 6
148018 5
144388 14
210247 18
278756 13
73998 14
156158 8
186017 4
91269 2
128807 15
14029 1
101328 3
98948 18
100219 6
298456 13
160497 5
138738 21
133488 17
89359 10
101138 5
174697 11
171287 11
297125 5
225657 5
96608 3
428903 23
93578 5
133108 8
91418 8
377334 23
156628 16
79929 11
74019 10
108289 21
71939 6
111998 17
98018 9
291176 5
432413 4
84389 7
273745 22
75239 0
109568 22
171208 10
95948 23
365634 3
80179 9
151328 15
183687 14
175677 22
165078 11
96178 3
129338 14
165707 11
158108 14
33849 1
169298 13
178108 18
185797 20
137997 14
182868 18
85728 12
215277 6
216456 4
112308 5
146527 15
246825 23
382934 23
100278 21
180737 10
169167 13
278316 18
96598 15
107808 4
131108 23
346444 21
100159 19
194277 14
97788 0
182777 16
71869 12
88929 14
31540 0
157148 16
28140 0
68779 11
130308 20
107628 5
68559 2
123788 5
67529 0
240656 4
114528 14
96748 8
86569 18
138529 9
249336 2
117878 6
67038 1
163107 2
139138 11
144757 8
181506 2
306925 19
187167 10
137168 20
69639 16
130429 5
211627 2
327935 6
136948 7
216976 17
71119 19
129908 13
101278 0
232076 6
153458 13
98188 11
29659 0
172417 14
213407 14
182447 6
137578 15
169487 22
249336 11
77929 13
84999 3
150667 8
58959 6
119718 2
192308 19
14749 1
262116 5
173658 21
111239 12
53689 2
98048 22
164998 18
188127 5
121498 8
143008 19
154308 21
213727 6
76428 4
145938 9
151038 4
229086 21
95819 19
24069 0
99979 8
12110 1
78469 13
212217 20
169117 20
107199 8
211776 5
166668 11
113659 7
322675 12
177528 12
183437 15
73039 11
88058 2
175038 21
100458 18
109328 11
20370 1
11470 1
286215 10
150798 3
114318 21
175967 20
175137 3
142888 14
60359 19
156088 23
173957 21
88969 22
85948 20
75319 18
66659 7
73879 12
144137 19
81998 4
278816 17
95119 4
62579 6
197147 4
94489 11
101148 23
80679 9
105588 18
173408 6
83029 14
118988 9
312055 6
109429 19
158967 21
146888 21
166307 21
250796 14
238936 8
135698 14
227056 6
327284 13
376103 2
267406 2
73079 12
321995 16
129588 9
135468 4
139678 12
108808 5
473272 20
322145 21
25490 1
113719 16
201717 12
25290 0
66969 3
68039 11
145318 5
99728 15
70689 5
127018 22
55549 6
3112181 15
200527 23
152287 3
157598 20
87058 12
145398 19
216877 21
132128 6
209346 13
170858 0
81599 6
166218 9
92608 15
327025 4
101609 12
194867 7
162958 17
333504 14
153718 13
178257 20
424434 13
127028 9
121008 10
76549 15
202397 11
211257 3
85398 16
70768 15
83629 6
67379 15
122538 12
100318 4
126287 14
148908 22
12610 1
171927 20
134088 2
160827 5
70439 8
110489 19
112348 0
97909 17
55870 3
153448 2
521762 13
128848 9
74179 9
99728 8
110528 11
123128 10
160868 6
60209 11
131658 23
99498 6
104009 8
81419 14
25480 0
73439 16
67229 8
87948 5
78869 18
137358 22
135938 21
151137 12
163448 7
132148 17
111358 16
90878 18
129289 13
164368 14
29549 0
112878 23
217677 10
96478 6
229096 23
155117 8
62239 17
121229 16
117689 6
136227 11
187257 20
71159 4
78989 11
127218 23
299385 15
140088 21
218856 21
16070 1
117918 22
122248 13
80059 6
71399 18
50529 2
67759 4
231156 22
138918 19
215107 21
73608 10
172877 2
155707 3
302956 4
135509 8
83319 5
211337 21
133488 15
329935 20
134747 7
157098 2
132218 4
253436 5
158177 2
283696 17
413583 8
205557 15
15050 1
150507 2
570801 20
11930 1
154608 12
77708 6
75069 9
173027 8
120138 9
212476 10
224887 14
88268 2
140628 15
82539 18
72619 7
56369 5
77229 11
123638 5
70548 0
295505 23
102978 12
138728 21
129858 7
103998 7
251266 13
39220 1
78309 9
76349 15
64809 15
166638 17
220206 4
33229 0
57810 2
124268 10
197767 7
80058 4
81549 4
195547 17
99018 16
63899 15
50599 11
134808 20
263776 6
156458 5
108858 18
26180 0
168957 8
259026 14
284695 9
101899 18
149097 12
86449 15
246666 22
189297 14
91409 17
290435 21
125898 14
71739 7
199077 8
150408 10
99459 17
