289998 9
272638 12
721235 6
110159 20
120559 23
194639 19
112169 17
103699 23
99049 20
102709 23
45729 8
134910 15
76950 11
276498 3
81120 18
105820 23
217558 4
281138 1
102739 21
73600 16
86079 14
60470 13
78879 13
62250 11
65109 11
95319 12
260298 0
62079 11
96689 23
104860 22
68079 13
103320 20
113760 22
56924300 7
98889 16
312218 5
107789 16
83530 16
653686 4
1159111 4
88500 13
1096272 0
176948 23
121889 20
769214 4
98219 17
101999 18
68669 13
90290 16
41360 9
571876 4
134669 19
1062302 6
108149 16
76419 10
393527 3
109459 23
72289 13
501697 3
97560 15
106139 20
71270 19
110930 23
101159 20
102939 20
196019 19
485706 3
102340 18
527097 0
301518 0
90460 14
115579 23
144849 20
214359 4
77500 13
117759 20
404207 2
84099 13
7728604 7
209209 3
75440 13
95959 18
78190 7
667086 5
98629 23
79939 17
34199 9
347128 0
378687 4
87779 12
196189 1
230948 1
207069 2
82579 16
345198 4
114899 13
298138 5
203679 3
103209 18
201098 0
367508 6
222868 2
97729 20
45370 9
230128 6
412407 3
254638 1
118039 21
318277 1
73739 8
297158 4
304087 6
62269 13
39760 9
102489 12
92550 23
105230 21
69909 19
229508 3
87190 17
88679 23
217539 4
391977 2
191618 3
201838 2
208939 0
98230 23
95519 20
93400 12
247399 4
219858 3
100639 22
335668 4
134559 19
111599 22
43540 9
204638 5
184369 2
22572157 11
501976 2
118849 12
136359 19
337618 23
1170861 3
103250 16
108229 18
83209 15
66040 8
244948 8
233968 8
127329 22
55980 7
91529 8
82689 14
104699 10
209198 20
182079 8
121869 21
465227 5
95019 14
546246 1
98169 21
105899 13
93619 13
44800 9
239558 4
316968 5
61739 7
444577 4
104559 20
92839 14
110949 13
1174141 1
82610 12
126189 8
37469 9
630825 0
91139 15
335368 2
437317 2
379677 2
97569 22
83960 10
139619 20
335877 4
121179 20
64260 19
81199 14
297188 3
77030 16
4842825 11
91250 17
85940 16
112439 22
96249 18
112069 8
98359 7
116919 20
145289 16
78890 7
123139 23
88139 13
43930 9
160548 17
244668 22
519156 6
199029 10
113410 21
324417 0
42910 9
144949 10
130469 22
58380 9
806664 0
141679 22
1067752 5
118619 17
776975 2
77879 19
1168942 0
66159 19
174199 23
112209 20
779745 6
155528 22
307538 2
1052953 2
80259 16
374347 4
49090 9
139449 18
105379 21
79800 14
293678 1
15280201 11
90420 6
121899 22
93319 6
92250 16
122120 2
159749 15
210489 17
171409 17
115289 22
112139 22
190389 20
204108 20
114029 14
654736 18
44029 9
277507 4
254568 3
112369 2
119999 20
260388 4
215309 4
155499 12
220579 16
118169 16
330918 6
147470 21
176999 13
94169 13
132339 18
131629 23
62299 7
361228 15
106949 14
141119 8
105999 16
138539 8
96389 10
338058 5
141649 14
172869 8
187869 17
193879 15
326477 4
273818 6
257389 12
226258 20
89949 19
230738 23
134919 21
360797 1
233808 13
298028 3
160799 11
214388 1
295338 16
190329 17
219008 2
185929 10
152579 19
219228 6
83789 13
66369 8
85639 14
36050 9
94019 13
124620 12
231768 16
228488 5
140309 19
172789 15
165149 18
177539 18
10184846 1
112350 23
84059 18
241798 22
71909 19
261728 5
3364705 1
65309 13
82110 17
691295 3
66580 13
126909 21
166069 15
86629 17
259339 3
61329 7
240868 3
71830 13
43530 9
78470 11
74979 10
1243191 4
146129 12
112450 17
101769 23
133199 12
841384 0
89539 12
158999 21
354107 4
166259 12
85439 19
10056077 11
420997 3
109659 7
171739 14
120179 11
111270 19
93150 18
424797 0
77359 8
48940 9
59559 7
727105 4
164019 23
665265 4
547756 2
78480 13
105780 21
99669 15
1156512 0
74909 11
68390 11
89419 12
56260 7
160429 21
94760 14
83779 19
114939 21
84559 18
69499 8
59660 10
129339 23
85599 8
104409 11
2058675 5
1868146 5
85830 10
154169 22
97390 7
233288 22
66870 19
87329 7
1377820 6
54909 7
104760 23
32629 7
83099 14
91969 9
98600 12
171029 19
83360 15
78439 14
65519 7
91039 17
112459 12
110209 21
128859 12
52150 7
200019 1
93559 21
96609 14
206969 0
59229 7
77780 19
93529 10
96789 23
313508 1
81980 12
78550 10
199878 6
227838 5
77689 12
91330 23
70889 8
82579 15
79710 17
56530 13
193019 0
131489 21
85180 19
113200 18
227908 0
177549 1
104599 21
182799 3
34390 7
197598 1
96929 21
179929 1
173869 5
60900 10
52089 19
126189 20
81919 12
67039 8
1436020 11
554536 2
599235 2
64230 7
439607 6
124119 23
87709 12
111409 20
519387 2
363577 5
96329 22
293618 5
98850 20
78280 18
71730 8
60960 11
434637 4
475417 2
918294 5
739414 2
154519 20
86300 8
1759637 6
104799 17
82780 10
373987 0
1080312 4
43290 9
862274 1
99389 17
89179 16
90390 15
76449 10
122469 18
100099 22
214458 4
339008 1
82749 10
86970 12
74960 8
77019 13
242858 0
93849 14
752755 4
101630 22
64969 8
156499 21
64220 7
203428 4
283978 2
76890 19
341718 1
81489 17
73849 12
345638 3
122750 18
82619 8
76220 15
80530 12
176609 21
30500 9
549336 2
249499 6
166618 14
72060 10
108289 3
82129 18
111579 23
203938 21
74870 15
188288 21
122728 23
79039 10
118659 21
115199 0
70950 13
71909 12
63180 19
90769 6
101059 20
143329 3
134709 18
71180 14
73859 17
84760 8
93979 22
79170 17
117259 12
93240 14
85199 2
88140 23
77019 17
109929 12
78550 5
58959 13
75550 6
41129114 11
122309 10
101259 22
79999 7
98950 7
96739 15
310498 8
176278 22
82429 12
1707008 9
90259 8
483676 3
106129 13
343037 3
169939 8
86989 9
1355121 2
1109312 4
190828 21
196519 16
69739 13
158389 22
225539 20
59819 7
99899 17
968154 3
76410 8
523836 0
97490 17
9576202 11
190819 3
40450 7
136729 13
108839 21
129639 23
129609 11
179379 22
43109 7
157818 18
565466 5
79210 11
246638 4
708495 2
516386 3
61289 19
108009 23
1588379 1
43440 9
71869 11
964293 6
100879 9
768315 5
101779 14
1389350 4
90439 19
326228 5
649805 0
40900 9
74260 13
892874 0
214429 23
95789 17
48480 7
91370 20
1154011 2
127199 23
215939 21
81629 16
88819 12
162959 17
75239 19
332058 0
117529 20
6777451 11
223598 0
115668 16
232319 16
283568 2
103349 15
95649 17
255629 12
178488 21
102350 20
76200 19
90200 15
654326 1
139429 21
113649 20
626975 0
103139 21
229429 0
157619 20
91079 23
63640 10
30299 9
113269 20
92679 21
833164 4
1181811 5
96329 17
83659 14
89700 17
106280 21
87279 9
75830 11
200128 0
103159 23
833873 6
128079 17
194239 23
37540 7
96519 20
134959 21
97170 16
162499 20
90230 17
358937 4
292348 10
120819 14
96270 20
83840 18
33799 7
75909 14
97639 10
35330 9
9937999 21
144288 19
219109 1
145419 23
644735 5
654275 5
126939 11
81610 19
435327 1
229768 21
96390 14
126869 15
145169 22
202438 7
114959 10
125779 10
607275 0
81530 7
348427 8
117509 16
161629 13
126359 19
222719 22
215869 10
145849 21
229938 10
212849 4
181938 16
92969 18
182359 5
409848 4
342638 4
195879 15
199468 19
123899 6
198649 20
134709 17
590146 8
120589 4
491206 9
173199 6
144929 12
123989 19
103149 17
79349 8
137569 2
96739 13
114009 4
9478122 11
101999 16
109589 23
88900 17
126989 3
84319 19
133339 1
106009 4
160108 2
172839 17
101520 19
195869 16
159499 20
284648 1
160049 1
207728 1
135099 6
223629 6
165809 5
182109 15
145059 13
136089 22
123989 12
159199 7
175629 7
140779 6
242768 15
198268 22
230988 23
125169 14
107559 9
317438 20
123419 14
136499 5
171919 17
102949 18
55330 9
207168 19
98860 12
104270 14
127719 19
297008 22
166368 15
242009 13
111229 14
123879 2
157559 20
45509 9
296078 2
198639 17
126379 17
137729 22
304198 0
113109 8
151149 18
219239 13
132310 21
319558 3
278889 15
230989 20
122909 15
255308 6
258408 4
262128 3
111839 22
137619 10
216589 0
111819 1
164389 17
429407 1
343758 4
407757 2
134319 21
309557 4
99419 23
83619 15
80059 14
76280 12
420947 6
378317 1
249898 3
608996 6
198818 6
71100 10
102079 23
217649 0
63364093 11
327858 6
189928 3
88460 7
107879 18
9855859 0
127289 5
68870 8
58839 10
33300 9
78500 16
50330 8
49700 8
188088 11
195258 23
239938 21
104449 14
141868 15
246038 2
124199 13
259958 6
154919 12
200898 2
126299 1
177959 2
153549 20
115389 18
330438 1
138919 17
161589 14
99639 16
188699 1
107279 16
193149 21
253768 16
87319 13
157349 18
168099 20
621625 0
234898 12
335447 23
95379 14
209928 4
141989 17
336587 19
68859 7
324897 3
196439 7
314698 5
66159 8
103199 14
72429 9
120059 7
463657 6
97099 14
94450 14
821334 3
183049 14
227619 5
10103877 11
85799 15
150589 23
104889 19
132159 2
165310 15
650136 1
416077 2
261058 12
143489 3
107360 13
81310 18
171758 19
121649 15
186128 4
118760 8
106350 13
231298 22
267988 5
127129 18
43650 9
205248 21
353707 6
166499 1
247768 8
226908 17
405237 0
115409 10
214668 1
180589 18
187668 7
160019 11
100539 11
203328 20
114619 7
298208 22
103869 18
147179 20
253428 0
150019 12
50170 9
249978 3
215508 4
228478 3
299418 2
107439 9
411587 2
104359 19
104889 8
521166 2
192698 10
104899 13
575305 4
93060 19
124099 20
374487 1
132839 13
294858 3
173089 6
102969 15
146209 13
112279 22
154129 20
142919 20
147759 6
192449 21
288198 3
131879 19
141019 1
7043079 11
99739 16
136729 21
149069 17
115459 23
118939 8
149539 1
343368 11
204158 22
283688 21
236349 16
343087 23
174879 15
105749 10
42710 9
281048 23
261268 12
197939 23
137080 21
98049 15
74469 10
103460 17
97199 12
129669 14
105599 19
173969 8
131339 18
187939 17
180788 8
238838 22
218078 8
313508 17
370617 4
332618 20
