336437 11
80290 10
87659 9
88659 11
79149 4
93409 6
79940 11
76169 16
66620 8
62619 11
69420 8
75019 21
60770 11
55909 3
56050 7
70449 0
73440 12
67119 3
65130 16
61899 5
92580 11
67339 3
77540 0
55089 3
54410 15
49580 23
52320 19
55590 18
51929 20
55800 0
78939 13
69529 12
67300 16
77849 0
78699 12
89200 19
72639 7
58220 5
59569 22
53570 21
53800 1
60339 14
75600 0
76670 16
65469 7
74609 9
72129 6
95679 19
102119 5
92279 20
118610 17
94750 1
276348 16
80759 10
74710 1
79929 21
79420 20
74149 3
80849 20
72389 8
74670 20
77550 22
77229 5
262508 4
75590 13
75489 3
77500 15
72369 5
74090 1
82319 0
73310 6
73140 9
75720 22
78520 1
76629 0
74840 9
77819 15
73390 5
78759 18
75779 9
80109 19
81369 17
86819 18
75659 4
79440 13
81789 0
81020 9
73739 18
64039 19
55570 5
64120 14
71829 20
65770 17
57079 6
58630 18
66340 4
81200 23
98269 2
92150 2
85409 3
69889 5
56940 0
60940 21
68810 14
75139 6
79400 2
62009 9
71050 23
72919 17
100909 5
79399 7
80359 10
88469 16
82859 3
81479 18
58130 4
55660 22
55769 6
58060 3
64509 17
69079 17
75479 0
73869 3
151129 20
65729 17
57880 1
74960 7
90129 11
98919 1
95619 8
98930 11
73819 8
83969 11
81200 15
92179 1
78570 23
78979 11
71940 20
71939 19
73920 8
71000 18
67300 2
70749 23
70970 12
72109 8
72019 18
72870 23
70740 7
83170 1
73809 13
77570 2
73859 1
68040 19
76349 20
69160 5
73469 15
77010 21
70809 4
75459 3
72030 3
77470 13
83239 11
73159 6
75730 3
76589 19
72830 15
80509 5
75169 23
73379 8
68299 7
58079 8
53250 18
64749 18
65200 0
59850 14
59850 21
67130 13
64730 11
64900 1
110399 3
89289 22
63830 3
57869 3
52210 10
65359 20
72860 4
75779 12
68630 1
60390 8
68630 6
76919 4
72429 10
77219 15
73570 16
79719 16
81440 5
65369 9
60350 14
56379 13
49990 13
57680 11
60769 21
67730 20
71769 15
73309 14
78830 4
57000 17
66799 6
102899 1
90080 9
88929 21
95489 1
73780 22
70799 10
81150 17
86159 12
75819 20
84889 22
76389 1
69490 19
66149 4
67510 22
73219 2
78350 20
78969 9
74230 15
75129 7
69150 13
74809 8
74120 9
69449 0
83710 21
76459 2
78019 20
73760 4
75039 3
73810 21
77569 16
75520 11
73939 12
75490 17
74379 9
80980 10
76380 5
87469 8
73050 18
75539 17
75820 2
74839 6
75200 13
75139 21
65590 14
54289 9
56260 6
59309 5
58609 23
56669 14
61170 18
56470 20
139159 22
70589 9
78890 15
83369 18
77440 7
70909 15
67580 5
69600 22
75720 13
73029 8
74459 20
66400 11
89349 7
86389 19
81049 23
87589 1
86360 17
83869 0
74719 21
63289 0
63050 9
61539 8
62990 2
66349 14
70550 12
87089 4
76410 2
75969 2
79799 19
74859 22
94399 17
91780 12
97619 2
95559 1
111849 17
96679 11
81189 19
88720 12
84170 13
72590 12
68520 1
69060 17
68579 21
66159 14
57959 6
57240 14
59679 3
58950 5
58619 2
62100 9
62840 23
91460 16
78879 11
93669 1
68410 12
52780 19
59529 16
52630 20
56379 8
57309 11
70709 19
76200 12
79219 12
77870 1
69699 4
85350 5
99019 17
63239 3
63329 4
54960 16
55599 20
62060 3
68959 18
73070 20
70749 8
53590 17
70809 2
97519 20
94209 0
106989 22
98640 7
93550 2
86849 21
97590 6
82139 22
85039 5
80220 4
79159 9
68020 18
67879 23
66810 18
84259 5
72340 19
71839 18
79680 17
83269 17
76200 23
79320 6
74649 5
74370 15
82509 23
83709 14
93429 4
81909 9
94000 11
77639 0
81480 10
78540 11
80449 9
85380 6
84969 23
80100 9
75610 23
77409 9
83260 4
76699 1
91830 22
76600 23
79860 7
81790 14
76349 2
62400 16
56270 6
66840 13
74509 4
62790 1
65270 23
69000 16
70360 13
95299 7
119439 10
72350 18
75230 14
66050 8
60650 12
64069 10
78100 21
76680 20
77710 19
68509 18
75620 10
70099 4
80850 10
83329 21
75149 19
73349 10
72049 12
58199 8
56350 9
56159 10
57430 14
65229 7
72310 3
78179 20
84870 3
73799 21
73490 13
93869 11
89629 8
95260 20
94139 16
82159 0
86079 18
77969 15
80859 19
75570 2
75540 12
73270 23
72070 20
79039 4
67109 23
70560 3
74509 6
74680 8
70069 11
70400 22
70629 8
71420 6
73549 15
71400 4
78119 5
78050 7
76109 20
94319 11
77859 16
70919 16
72280 12
80579 2
78360 2
82899 15
79850 16
78210 16
74250 9
77589 19
72019 10
75770 2
81739 6
65360 2
52999 2
54300 14
62129 14
66269 20
56820 8
59509 22
65260 14
64789 0
71040 22
87799 6
91020 16
81440 18
65700 2
60670 3
63290 0
70090 0
75839 21
59039 23
64690 0
71229 12
72469 4
78599 6
79649 6
75000 11
77379 13
84709 15
69880 20
55150 11
54209 14
52320 16
55810 16
66759 17
66960 3
70880 20
72169 1
71040 5
55790 5
67339 8
71470 15
98919 11
93749 20
101780 13
110410 18
80539 12
81099 22
89540 5
77589 10
77270 11
75469 9
68090 16
71309 16
64530 6
70069 0
83000 22
73669 19
68460 23
72519 17
73220 0
76109 8
74799 16
70459 14
76969 1
73179 22
74079 16
74080 0
76089 22
73760 5
113749 13
75060 9
77600 15
76649 1
82160 1
87099 19
75020 8
81350 2
85099 10
82090 7
80019 12
81150 0
97790 15
78869 12
64050 21
58010 2
56219 20
62859 19
69489 18
63930 22
62469 15
65050 19
74619 15
77280 6
89239 17
94249 13
89220 18
59239 17
57940 15
61819 7
75860 17
82699 18
73850 23
60449 18
88920 3
74599 15
82960 1
75890 5
87259 13
92850 4
95119 23
69880 9
65179 12
58510 7
55360 15
59550 2
72989 19
74600 10
71369 7
75540 4
83249 14
68080 1
61200 13
84139 14
94199 12
94509 2
106129 0
113699 0
103330 10
88869 14
89620 21
90750 3
81859 2
94809 19
76639 5
74659 21
67769 19
62499 0
60930 21
58070 2
58939 22
70280 23
71899 0
63910 3
59629 6
61460 0
577336 18
70939 8
232949 2
80589 2
78709 18
73510 1
76239 11
81710 12
58089 20
57840 11
58609 17
56770 3
64710 19
70009 14
64870 2
61929 21
68000 20
131479 5
96509 7
96360 5
100610 6
84899 16
71340 12
87999 6
95759 10
96690 13
80409 7
86249 11
155459 0
83059 14
90149 1
104579 6
80219 9
84820 17
101149 7
94970 3
84240 7
88099 19
89480 20
79969 2
89810 9
80709 22
147039 8
87459 10
77340 14
88529 2
99109 0
86570 14
135199 5
83649 6
81280 22
88210 1
102599 10
86829 6
82179 6
95749 19
274428 0
89190 10
86469 18
88059 16
79600 16
97149 6
77390 16
87309 23
86639 8
83680 22
74579 15
66220 7
71779 12
71179 20
73500 6
71320 22
80720 16
77479 4
94520 10
124279 17
111919 1
108099 14
69710 6
77709 13
81330 2
82099 7
80550 7
84720 19
82409 0
111000 9
109290 16
113049 14
102539 2
118549 5
117440 21
117690 3
69660 7
67320 1
68620 22
98109 10
82850 17
85689 13
81239 11
80309 7
79949 6
88949 12
78119 12
84810 7
135569 16
134329 0
133209 5
120729 12
112229 9
99469 14
122100 5
85440 5
73599 3
78870 3
85369 21
92959 1
91620 16
76249 14
85359 11
90790 7
92379 8
81970 5
79459 16
82859 21
88339 5
86439 3
81620 16
116109 7
89169 6
88069 3
93040 8
97719 16
86940 11
103940 5
85509 22
96310 1
84920 22
78939 2
99670 15
81380 21
81799 11
86860 15
88359 9
83599 11
82260 16
81739 8
81980 0
91459 22
83339 9
93059 19
114639 8
103539 13
92489 21
92339 13
95949 14
113639 7
96310 8
105719 6
127099 0
154489 11
130449 4
132659 1
108519 20
267928 10
108900 22
95380 8
109469 22
100059 19
86620 3
101489 14
105929 20
115909 6
120569 2
116769 12
89259 3
85619 8
105759 19
98459 5
139229 19
100389 22
89989 12
99069 0
111399 1
121289 1
114389 9
146439 12
122919 21
131870 17
103379 11
72469 1
79359 12
94879 12
102129 20
93909 15
94269 19
114719 19
94869 22
100289 4
97149 20
101909 19
115049 12
109319 10
101259 15
123229 0
131539 4
107199 3
93959 17
84629 9
82129 4
79900 19
82919 3
73190 14
76579 17
76410 18
79170 11
70730 11
83410 22
68419 23
74810 13
72289 8
79470 17
92089 2
81500 2
79790 15
75379 10
73790 11
77239 9
79470 8
80129 18
98469 0
75690 17
80699 5
90440 20
87850 11
77399 2
77460 0
86189 4
86950 7
81200 12
82660 9
85700 22
142979 19
142899 21
98499 13
88029 14
72369 17
72569 20
68690 6
51559 17
63769 21
67419 13
59180 12
57950 23
79339 15
65780 1
70749 18
85089 18
100170 7
129709 7
161069 1
87359 23
78600 6
79660 18
109579 1
72380 1
78699 0
65710 2
73409 20
67910 6
76720 20
74149 13
69569 21
75809 9
80179 23
73339 3
55050 3
53819 21
60749 7
63280 7
64159 12
64270 19
69679 7
68620 16
66399 13
60800 9
66509 1
83690 12
88149 7
88359 4
89459 9
87389 11
90419 19
75959 17
77619 16
74859 3
71999 17
70280 10
62390 11
58950 1
61310 12
58720 18
56310 4
53629 13
72470 11
69999 12
70680 22
68169 6
64490 10
72119 3
78010 7
65859 21
57260 22
53759 11
51559 22
52290 23
49099 19
65080 19
61760 0
61820 4
67889 21
76149 19
82229 19
79029 0
63760 16
61350 17
53250 0
49900 11
52600 1
64359 13
69040 21
67139 20
64260 3
90469 18
88740 14
88450 22
95649 0
92730 15
66140 12
71709 1
67409 6
72560 6
69880 22
70349 12
69979 1
70399 8
70699 12
66259 20
65869 4
67460 19
80739 8
70190 8
73919 22
68359 5
68889 12
68389 22
72739 4
70499 14
69429 10
65640 20
72280 7
75209 15
74809 11
74050 18
85920 10
76239 6
73620 22
72329 7
73750 15
76139 7
74310 11
81550 23
74019 17
85299 23
78889 4
79290 11
70599 13
99480 7
75249 1
62069 23
58399 17
57430 21
70179 17
72000 12
60409 19
60550 10
67059 17
88959 0
135339 8
86499 9
97109 10
62860 15
67609 10
60770 20
73559 7
80200 16
77289 7
85000 4
123319 8
148759 9
104809 18
