107390 2
59369 4
51910 5
59690 1
55500 6
54130 4
51419 3
60120 0
67969 1
59870 2
68849 9
50760 2
55720 12
56020 1
54140 1
59460 6
55870 15
53289 9
50570 12
55490 7
58340 15
53190 12
53839 6
52420 5
62119 14
47600 5
53760 3
51049 5
62060 6
46709 12
57680 9
49259 12
51759 1
54900 4
57419 4
62360 14
55409 11
51800 3
49460 15
52419 10
54440 0
53760 7
49780 14
51060 8
56109 4
54340 11
65569 10
51740 14
55989 3
52129 2
54540 9
53919 8
51590 1
51129 1
53149 7
53190 13
52269 0
50320 6
62530 8
59100 8
57950 10
55090 2
56940 10
55339 1
94030 6
87519 8
81269 15
93700 14
87970 9
84629 15
91690 8
94680 13
89999 5
77900 0
73149 13
124359 12
110399 15
137789 13
139919 10
139059 11
137269 10
137709 3
101709 2
101789 9
80980 5
72879 8
82389 6
90090 6
83029 9
107529 12
133669 14
132319 8
85230 3
87679 14
87039 2
100959 10
122569 6
120749 0
129939 3
129569 0
125319 7
119349 13
103109 6
93039 13
105950 7
105340 11
121819 9
106029 12
104169 9
145669 2
145909 8
163459 9
145319 15
171909 10
112859 2
114659 10
109490 11
114219 7
197938 9
116820 5
122568 2
127679 0
125039 2
140968 4
132859 13
139279 7
138419 15
130119 14
127090 1
119650 5
121790 13
107350 9
106449 1
109469 15
115549 1
100190 1
96310 11
119379 13
103999 3
93909 1
89440 11
112019 12
99649 5
129169 1
159369 11
138159 2
146309 8
201978 14
123819 10
114289 13
125909 4
101989 13
106889 10
112389 3
100269 1
114999 2
131439 8
145309 13
119889 2
117179 6
102109 4
117899 1
133069 1
142698 9
140288 10
142428 6
163329 0
147189 15
114079 15
118239 11
131309 12
116069 13
132479 6
117699 11
124419 13
143239 5
216179 6
155899 14
152619 7
147749 3
130729 4
158649 5
125069 1
134519 8
123309 2
124639 6
116329 14
128139 12
165029 11
142929 1
130049 13
138419 6
160689 2
147068 1
130959 10
186559 5
132869 10
132269 1
121699 1
116939 2
113980 5
116199 3
108829 15
132149 9
98519 13
93149 9
121099 9
102669 15
111449 7
110919 1
102729 4
109129 15
129399 11
152189 1
142399 5
140169 1
135729 11
138309 4
165648 2
160188 15
143279 12
129669 3
119399 0
120419 0
104180 7
109019 15
125509 15
126199 1
120489 11
111429 1
137989 9
150889 1
153959 10
121879 2
132969 5
169948 10
129788 1
132279 9
123719 6
139550 6
118379 3
104110 7
164349 15
139399 10
129739 0
139369 4
125400 9
130379 7
138878 15
150069 10
141199 8
149399 6
125429 4
131859 10
128409 0
134319 9
106229 12
136569 9
105970 13
134569 7
127019 5
129768 2
119008 0
183028 8
326418 15
124309 10
130249 0
122749 2
117229 10
118159 4
109519 14
157889 6
92489 15
91180 10
114729 14
115039 13
112519 5
95799 8
95139 5
106019 0
125559 1
133439 9
130949 1
136628 6
132668 7
129768 12
140108 4
120350 11
109110 11
100959 4
86919 14
108349 7
97219 3
145309 8
138178 6
94670 1
100389 4
123979 4
117439 7
128269 0
129399 13
137929 9
130199 5
138379 14
139959 12
129379 5
114009 1
118079 5
132669 13
126229 7
126939 5
124739 10
128070 3
140239 2
137188 2
159769 15
157339 13
123359 5
122829 5
125209 11
137129 15
109099 15
157289 5
136729 11
125229 11
137569 10
124309 4
166259 11
135959 3
119859 15
111229 5
124509 14
126509 6
136029 8
116029 10
133759 14
114389 13
100559 13
95959 15
109169 14
110219 7
107769 2
101240 12
88329 1
126389 12
121939 2
138309 12
124249 5
131249 12
135719 11
138149 14
150889 5
149618 8
91379 12
90009 3
93280 4
101570 1
97179 5
98109 13
127339 9
118809 7
134059 5
94879 6
98849 4
122209 1
118759 0
127689 11
130359 12
123379 13
134249 13
161889 8
106899 4
120729 11
125579 1
139709 5
107979 6
129719 6
104939 5
137229 8
139809 13
192429 15
129679 6
151149 11
118839 12
130139 11
149109 9
108659 6
115679 12
118979 8
125869 1
136829 15
127279 13
151909 0
126569 0
127519 0
124689 15
120709 10
115609 4
115879 7
107519 6
109590 4
123449 8
98219 8
107059 6
104839 4
107770 2
106860 7
101369 7
88999 11
85770 6
172948 6
123359 9
133469 12
123459 0
126919 12
117449 2
127388 15
110179 4
115609 10
80509 5
98670 2
107750 12
97639 0
106069 10
122849 2
133819 15
100329 0
137579 4
93550 15
108309 13
130839 0
128089 4
128359 15
126279 10
137979 15
157368 14
87789 4
601475 8
110350 5
129819 10
141268 11
137098 2
165889 4
139209 5
123789 0
133639 7
144779 4
118339 1
124219 5
112869 4
117459 14
121819 14
138949 2
121600 8
123859 14
155319 6
141829 8
129819 5
141379 11
152859 5
137559 0
123199 4
167759 4
109969 9
98519 15
127339 5
119939 10
123329 7
109009 1
103859 1
105370 7
132909 10
128999 8
137089 12
129309 0
133699 4
149189 3
230648 13
199498 3
107449 12
99980 0
98009 9
112829 11
109309 3
125389 12
183129 13
93969 2
109450 0
108950 8
127689 10
123489 2
139979 12
148618 1
173408 12
134149 4
113649 15
154819 12
115129 4
127589 7
155299 12
153309 4
127819 13
474676 3
118219 0
118640 10
100590 0
117239 12
95559 8
99159 1
76160 5
88909 7
81320 13
116259 6
112579 11
106189 10
113779 0
126719 7
122509 2
122039 15
119469 13
121569 0
138239 3
115659 11
98500 5
117679 15
89539 7
88329 0
88199 9
98669 6
96479 9
100090 15
89720 14
85419 5
113509 11
113510 13
127619 1
129430 0
118930 2
129819 13
124548 7
124279 15
105169 7
90019 9
107079 0
86990 10
83759 2
103029 7
99140 14
116659 6
121010 11
96619 9
90069 3
91970 11
139450 11
121408 13
115019 11
111109 0
122529 10
124579 3
126709 15
86509 0
132369 13
116239 7
111299 2
105129 0
102329 8
98179 5
135829 4
127839 11
172419 15
163249 8
147528 13
127019 8
107680 5
115609 9
100649 6
104749 11
137219 2
112679 6
112260 15
116419 12
121489 10
123769 2
132639 0
124849 0
177498 8
122670 8
111159 14
109819 14
116709 14
110819 7
97979 6
91210 1
90999 11
137349 6
108839 15
111499 11
107109 3
95890 15
626655 0
169589 7
118460 4
116389 14
109909 6
99789 8
91689 1
95659 8
140189 11
98009 5
114609 8
138159 2
109649 8
96109 7
95710 15
116529 12
118959 11
144119 11
112149 9
137559 15
126409 10
141809 14
113079 9
109049 7
123679 8
152329 11
108649 11
114439 12
104319 0
121440 1
186698 1
138189 3
117929 8
166129 13
125509 7
119169 7
113579 8
106860 12
107360 0
110029 2
120879 7
144829 4
119979 1
125989 5
125259 0
144399 3
125309 2
134169 13
154019 3
136719 15
126270 6
124179 10
108239 12
87339 5
100480 13
98540 9
112369 10
133179 15
93719 6
106259 2
92000 3
96630 8
114209 1
130599 11
137709 11
128839 9
140619 7
126599 5
122299 5
99949 10
90300 10
89410 0
87979 13
107109 15
105979 3
194098 9
116309 5
111999 13
94420 5
96019 1
107719 0
114859 3
118149 8
146819 8
137559 6
131069 10
143569 2
116359 12
120239 4
124439 5
137449 15
144189 5
117759 5
114949 5
129019 12
140069 12
130389 3
141049 8
135369 1
139909 5
124129 12
120259 2
123119 1
115099 15
106468 0
126639 8
108730 3
137659 7
131629 14
122159 9
124599 4
120989 8
131739 0
121889 15
142419 15
155309 12
120759 6
106439 9
127009 13
100009 3
111459 6
100660 4
99690 7
139139 15
97209 5
96799 7
91209 10
101599 13
104769 10
136479 0
139479 4
126819 11
135269 6
125889 1
123769 11
120529 9
104229 12
95559 15
98410 0
124389 9
105359 6
122819 1
117809 10
115189 4
110379 5
105819 8
124939 11
132249 13
131759 2
134189 3
133759 15
113339 3
123209 10
114739 3
125619 2
109889 9
113000 10
171528 5
112979 9
111789 8
95320 14
130069 5
131699 9
131488 1
133530 13
155659 6
128460 4
119739 3
115400 13
133179 1
118459 14
104339 11
119599 9
144949 1
103859 5
117399 15
159699 3
107429 7
109539 12
100179 12
112479 2
145049 6
110690 6
100179 4
100059 14
94229 14
83380 5
81259 6
82760 5
86329 9
94429 6
100050 2
110279 7
83769 6
78110 2
81560 0
84469 0
83349 7
115210 7
107740 11
117379 2
126349 0
126899 4
127809 1
101299 1
107939 10
86240 4
86959 8
99879 6
86600 9
101039 8
111259 11
141499 6
86419 4
84780 13
81239 5
89449 13
116060 9
134419 6
123450 1
127559 1
157859 12
116219 7
94829 3
93909 6
97679 5
113719 12
111709 10
115320 3
110609 6
103149 8
113939 7
118209 0
117339 7
158359 2
135409 3
114809 11
111470 15
141399 4
112989 3
111170 8
95930 10
89149 5
92250 5
101730 10
114589 12
118569 12
206568 6
140409 4
108620 3
128719 8
141208 6
135279 10
175769 11
160619 4
101739 7
107399 13
90809 9
88849 9
84719 4
93230 15
95529 0
105979 11
124919 6
88999 9
85990 1
82060 5
103359 9
120389 9
122249 11
120429 14
126699 2
143938 5
108559 15
83299 5
79949 11
77550 4
93329 3
93989 4
92050 3
96549 11
111779 14
106039 8
98979 3
88500 0
95069 12
95119 12
120729 3
105490 4
116200 3
129289 12
136259 9
129389 13
96389 13
94409 7
104380 2
111430 8
109819 15
101589 0
100469 10
123849 0
134869 15
133369 12
123469 15
117149 5
118450 6
107890 0
107149 3
107489 8
103739 10
114009 9
109829 3
95009 4
113269 4
117419 13
130539 6
126259 12
109179 12
129859 12
111749 10
115509 2
92769 3
93109 10
97529 11
98620 14
85849 8
84279 7
83130 4
134150 8
125270 6
96749 13
87719 13
81779 4
81539 2
105399 10
87659 7
108759 12
111049 8
129029 4
114019 7
132989 8
111799 14
97559 9
80360 0
68429 0
69600 9
81429 7
71670 0
80349 15
103179 11
83039 13
94059 11
69339 2
71410 15
71219 7
76049 2
101039 1
116299 7
101619 8
106679 9
117059 7
89929 3
79069 10
78179 5
76929 0
107659 12
114289 15
98220 4
87310 1
102789 10
103079 14
127549 10
105260 10
105680 13
105249 10
96799 11
94809 15
94219 10
83309 12
75939 5
74340 4
95679 4
89110 4
98529 11
92939 9
98459 13
134099 3
121130 4
114390 12
117710 5
106389 8
92839 13
84150 4
93070 1
74679 3
68130 15
63879 9
62150 10
64759 13
73280 12
69469 7
