237468 9
153339 13
150359 2
154468 12
159328 13
118080 3
133319 11
136828 12
139679 9
152909 15
196659 9
133529 6
124369 10
147569 1
124239 7
134439 6
160888 7
158048 5
163129 9
113819 0
104899 11
135349 4
148979 3
139849 10
126619 9
219929 11
185138 2
171219 8
175198 8
164768 4
172619 4
141439 8
144549 11
148879 15
144099 12
149589 11
146229 4
156899 11
146489 4
155259 7
148918 6
147879 13
153379 15
162109 4
156319 5
149619 10
148058 4
131679 2
109979 11
126029 6
118629 0
149878 4
146779 2
194769 14
125869 0
141859 1
138289 9
145559 4
202358 2
155959 13
167559 2
120319 1
106429 9
127289 3
141969 6
154589 8
129779 7
260318 7
212018 13
202549 7
186058 3
171699 12
150289 5
141399 15
144259 3
143099 9
151358 0
143829 4
143409 11
143869 9
146589 14
143809 1
148319 4
158008 6
144139 13
156019 7
146079 3
153489 5
147789 11
144559 5
119419 1
141989 0
118269 9
127919 13
164089 10
171719 13
121239 12
143729 13
140509 13
121279 0
145429 13
189189 3
167788 13
133069 9
113949 7
116499 3
142928 3
142239 12
131330 8
158879 1
198439 0
216668 13
181339 10
172538 2
150189 2
115329 14
116259 0
121150 12
111528 1
115220 13
118769 14
164679 1
149528 2
107400 9
104819 5
185198 2
146488 13
167349 4
164499 12
122209 8
107379 12
140539 4
141079 0
167868 7
200219 2
195829 3
188558 9
167849 13
156329 13
146688 11
146908 4
154249 13
149639 11
144969 8
156959 12
152329 11
148699 2
156328 15
153559 11
153279 5
152589 1
157889 10
148079 12
154619 10
150889 12
145939 8
109229 10
118639 10
139089 4
123329 1
135879 14
189319 9
160239 12
121730 6
148130 12
132268 2
152339 1
177569 3
183628 2
181588 14
212939 7
169898 2
190699 15
183138 14
168819 1
185039 1
240338 7
387937 13
246418 9
175099 6
191008 13
170279 0
185548 6
200938 1
190729 12
216929 2
172569 6
182548 7
187289 15
182508 1
198679 13
189988 4
173809 2
215948 2
201219 1
210158 9
219189 7
196529 10
189948 12
195218 14
209979 0
181799 1
198778 15
193619 12
172179 0
163568 13
190738 11
172909 0
271328 1
268478 8
194088 13
204169 11
220039 9
224418 9
247368 4
283998 13
271558 11
201419 10
182459 2
212508 15
220508 7
224688 14
209438 0
291038 0
393937 8
193369 1
182559 5
210599 0
193228 12
211099 9
241598 12
190118 10
247718 11
244249 1
204778 13
216029 3
242689 5
202778 3
217048 12
213359 12
232058 11
222168 4
238608 7
215988 4
210948 0
244008 14
211879 5
209488 12
239548 12
206419 5
243668 3
185448 14
187179 13
187369 2
197759 10
340057 10
228818 1
214898 8
247148 15
234548 4
245618 3
287037 6
298868 14
257678 1
199489 13
194348 14
225438 4
290718 13
235678 10
280988 8
307888 12
204408 13
195549 9
210758 6
219999 11
185288 5
221618 2
166219 8
173209 9
182679 15
206488 7
300078 1
216489 12
178318 15
259929 15
349627 3
293618 8
207738 9
191059 0
207338 2
244068 11
221738 2
252318 4
295017 15
237898 6
194619 0
190268 9
231518 8
205698 12
205838 5
193918 12
209379 0
242448 1
223858 14
228428 0
228028 8
233059 2
235038 3
194979 3
201289 13
192419 6
231759 9
177168 1
201659 9
206498 10
188689 15
230298 15
219978 11
197579 13
200658 5
254388 14
225838 0
190229 4
183079 10
171898 15
185448 12
212708 0
219939 2
279547 8
230678 10
213378 12
228238 4
251458 10
233689 9
245008 6
255698 14
232938 7
184189 6
202238 14
216888 11
200639 13
196478 2
237829 0
283227 15
279207 14
243798 11
184578 0
195739 9
203219 1
191818 15
190959 7
222778 10
198959 13
251248 5
225688 7
210919 11
214848 0
234538 15
232999 0
208379 6
226028 5
214749 9
263409 3
295067 14
210598 7
228348 2
226018 9
171519 9
185568 0
192709 9
185588 12
188058 5
184239 12
162288 5
168769 6
180069 11
198088 8
251218 12
287298 6
199669 9
201808 0
230998 12
212079 11
232398 6
263328 15
268758 1
188659 3
176839 11
200309 11
182618 0
214039 13
238469 14
263638 2
308447 12
219039 12
171658 11
207119 8
191248 0
211619 12
215658 2
222388 12
192169 0
211778 3
209719 7
236408 15
230578 9
217969 8
239589 6
229668 15
254408 0
215648 15
207629 7
279957 8
205688 9
213848 1
203549 9
216518 11
230328 5
194399 8
191898 8
180528 11
177169 0
179598 2
191079 5
261538 14
273328 11
204998 2
231208 6
202489 5
244348 14
253748 2
259008 11
229998 7
217749 10
198078 14
221059 4
217819 11
221728 4
216968 8
289378 6
269908 6
232329 2
186099 8
195398 3
199608 4
181838 9
154339 9
169768 11
186969 2
220638 1
253538 2
167469 2
172949 13
230318 13
285067 9
276407 8
210788 7
198048 7
286368 10
251058 12
260568 5
313558 13
245188 13
193519 4
226418 4
229308 1
257068 9
201509 1
214058 10
224008 0
228778 10
221519 15
206618 5
246158 3
208068 8
230488 2
196048 7
206189 7
207338 3
226389 8
222279 1
230208 11
205498 14
209788 7
204418 11
240419 10
202798 15
149179 0
186858 5
164859 1
198249 7
254419 15
270847 2
202978 15
259078 11
237688 11
226809 13
247778 9
273218 11
243618 12
219598 5
222208 12
209089 12
176868 2
208629 15
242808 6
234618 8
291168 12
225678 6
195859 4
182618 8
198159 3
214588 6
193379 12
193428 13
175299 7
232338 8
202438 13
231689 0
217888 12
217228 1
235658 7
294397 2
185109 5
228348 5
212238 4
192879 2
217039 10
229998 14
211258 13
227388 8
241209 5
192039 9
191999 0
199248 7
205748 14
182128 15
163019 3
195028 13
210369 4
254168 11
197828 8
195379 12
202638 15
211579 6
210889 6
203308 9
285508 10
246789 12
251389 3
192508 4
187179 12
211138 2
202829 13
222998 10
200918 5
238348 15
260008 13
253858 8
205229 2
185729 6
211749 2
240508 15
220628 3
219539 7
209608 1
205389 11
207439 6
221078 11
231589 3
207639 1
227508 12
241538 14
206329 9
195118 13
204849 4
243128 12
233408 0
240358 11
221618 9
225679 9
233478 1
224538 1
210959 7
221308 9
212518 2
202709 11
181008 3
183519 7
196389 8
253958 7
293457 7
197439 5
207038 10
240168 3
251218 13
208599 2
244548 14
234248 7
221818 11
172588 6
204619 1
211658 8
237928 5
242948 10
239188 15
272618 0
296907 5
252978 9
210939 0
220438 6
167139 11
184178 8
156889 15
179569 2
160089 0
211769 0
236928 13
192469 4
159558 3
205868 13
238318 1
250508 1
236278 1
214449 13
216008 10
217378 10
202539 10
238878 14
225118 4
206429 7
189218 3
201649 10
216378 15
202948 15
203479 4
221128 10
222138 4
208128 5
199979 6
239449 1
261407 12
235928 1
230638 7
198949 11
223728 14
214238 11
215208 11
215079 11
232498 8
235648 13
203659 14
208728 6
199919 10
221878 5
230548 11
198379 0
198358 12
192089 1
183888 3
226579 7
246639 7
235098 14
218548 7
242758 2
206299 10
228658 6
252988 9
263888 13
266348 6
230068 6
208479 13
198148 5
228229 2
197129 6
218428 11
256398 9
312028 12
229788 15
186129 9
216728 5
229068 3
212859 11
196518 3
198329 8
250578 12
234998 11
181478 9
210009 8
198378 9
215809 7
204828 0
205139 13
190718 3
212498 9
214418 13
228688 3
215398 12
223058 4
185918 1
213628 15
213278 8
183269 8
210608 13
228768 8
183969 14
173729 14
151418 12
172919 15
206679 0
253858 3
225648 10
233588 4
216758 6
226509 5
228048 10
301348 15
246978 7
250008 13
229998 14
211549 2
234698 3
248938 7
271668 10
278188 13
274808 11
186378 13
207878 8
187538 6
163809 0
177838 5
209409 6
255128 7
201259 13
188198 8
213108 9
222968 8
214938 8
221728 2
218969 8
212228 12
243298 7
235748 11
221428 7
219768 14
231248 11
204869 12
254268 12
204208 15
208979 7
220168 2
215858 8
223319 6
190659 7
161499 7
222638 15
207908 0
268198 13
244328 12
210178 13
228598 0
224589 12
223078 1
309708 12
266518 7
242758 15
174808 6
209209 0
235148 2
227428 1
242888 8
207039 3
282417 6
283609 6
239609 6
203708 0
201679 9
243739 6
205788 0
186769 4
181708 10
181439 10
223638 14
231909 15
167448 1
184849 15
213818 0
246678 10
244048 5
237719 10
169849 15
204089 3
236278 11
247738 14
251628 13
253518 12
219469 13
202758 8
217988 9
201649 4
237228 1
187999 4
191148 10
254428 13
276738 1
266758 0
213338 14
227408 15
240298 1
241098 8
224848 11
197359 12
223228 1
226258 3
203929 9
211078 3
193369 8
217248 0
211268 1
195169 4
193858 5
205789 15
168688 10
240779 11
204848 15
208168 11
237139 3
272348 12
222348 15
210538 7
208549 13
219898 13
260318 14
272038 14
273128 11
248898 14
168549 8
168529 4
218059 10
202978 8
252128 3
241389 5
300488 12
305118 2
203738 10
207779 11
211448 0
220078 14
187709 9
220258 4
172679 3
185979 1
182718 14
179669 3
214208 14
219869 4
195279 7
211218 6
185549 13
204838 10
167059 6
167119 0
193358 10
202689 7
228138 2
191848 15
216399 3
182278 11
218598 6
247678 15
189618 11
204558 7
167149 3
145189 14
155588 4
178529 12
163559 13
178868 2
194569 0
215398 2
230088 12
195769 14
192778 14
216498 6
187498 13
218448 3
253768 14
212378 12
216858 12
179708 7
222328 7
188789 15
232818 14
237368 13
211068 14
267728 13
308417 0
182319 14
198458 5
213728 0
190898 12
207919 3
190368 15
190239 8
178979 9
211908 4
185398 3
197409 6
189298 3
213678 4
169039 0
200678 14
191339 8
206768 4
206218 15
193879 0
187098 7
218599 1
210988 6
245358 1
230218 5
192848 15
219298 0
204679 1
195888 15
154808 14
141509 12
168899 3
161269 12
203988 3
184929 2
220668 11
247718 2
199329 8
201488 8
183389 12
190418 10
219938 13
225589 9
217108 4
220339 14
214939 10
207178 15
205219 9
179538 9
184879 0
248988 5
251818 14
418517 5
208408 8
191749 10
197908 9
192069 3
149219 0
156038 0
154628 10
199149 2
241678 13
158919 5
161348 5
198189 2
211009 10
209299 5
250158 13
194268 3
183499 1
182289 1
208218 8
258838 10
223688 15
220639 0
248608 14
194428 2
170469 15
160329 0
162258 8
182258 9
233448 9
155469 14
159829 6
173708 13
155299 8
162299 10
148219 9
158049 12
162589 8
158498 10
157179 9
157399 1
170099 9
164219 1
158759 6
167639 12
184529 14
173519 9
174299 8
178558 11
153559 8
142019 3
129569 8
