76539 1
47469 1
46639 2
23989 3
37990 1
97963105 0
26260 3
24750 3
34550 2
19847582 1
27700 3
27319 3
39942813 1
27300 3
26329 3
25739 3
8951751 1
28670 3
20945642 0
19996532 0
31029 1
19993521 2
30650 1
31610 1
32669 1
31890 1
19852983 0
32899 1
31710 1
19930472 0
27880 3
9008071 0
29830 2
24249 3
50948283 1
58490 1
35079 0
27559 3
33630 1
23290 3
22849 3
34939 1
26060 3
99704988 2
34129 1
34129 1
36380 1
28420 3
21999 3
31910 1
25470 3
25140 3
28371747 2
24550 3
35320 0
34710 2
29880 2
19898112 1
69975334 2
34540 0
28240 3
21820 3
34290 0
39945003 1
34609 1
34070 0
49901944 2
9988931 3
199106499 0
10876242 1
19992341 0
19999401 1
81004634 0
19026361 0
35590 0
36959 2
35070 0
37170 2
32469 2
31360 2
32040 0
33509 2
90703778 1
59019893 2
102869 2
32999 2
32939 2
31870 2
23840 3
33219 1
25580 3
59688916 0
53900 1
25110 3
23090 3
32910 1
109891267 0
10974080 2
34620 0
36400 2
37540 0
31459 0
34070 1
26270 3
32290 1
26470 3
32920 1
31560 1
32520 2
32160 0
23660 3
32529 2
31600 0
23480 3
32579 2
32500 1
30350 1
35339 2
25809 3
23340 3
33930 0
30119 2
30730 1
25220 3
29510 1
30059 1
24530 3
30750 2
23309 3
29690 1
32300 2
31620 1
33990 0
24280 3
31610 2
34019 2
30930 1
31349 2
33510 1
30920 2
31260 1
24899 3
30490 1
24730 3
28859 1
23710 3
31140 1
30880 1
32049 2
29870 1
35530 2
31500 2
30820 2
32849 2
32170 0
33700 0
36459 1
33190 2
32319 2
31029 2
31050 1
30650 1
31089 2
23970 3
32920 2
30669 0
31200 0
32920 0
32580 2
32390 2
33240 0
31059 0
32049 1
35630 0
31279 0
32269 2
31680 3
29039 1
29659 2
31070 2
31260 2
31769 2
33140 1
31980 0
31069 1
31970 0
31130 1
33359 1
33160 0
30880 1
23450 3
25049 3
23280 3
30150 2
30799 0
30110 2
23910 3
31270 1
31199 0
29930 1
34759 1
30839 0
37260 0
32519 2
31539 0
26350 3
24580 3
31699 1
23920 3
29550 1
24150 3
29990 0
33860 2
30800 2
32279 0
29370 2
30960 1
32109 2
31720 1
24250 3
32219 2
23920 3
30720 1
25170 3
31899 2
23850 3
32540 1
29570 1
31169 1
23660 3
26040 3
29949 2
31920 0
29950 1
23619 3
29869 1
30530 3
31309 1
30489 1
30830 0
190148 3
23490 3
23030 3
29199 1
29570 1
30770 2
32160 0
23469 3
30590 0
31180 0
19091830 1
39994132 2
9041820 1
10958671 2
22890 3
32330 0
31889 0
58922384 2
20992281 0
28440 3
119973196 1
24510 3
19972502 0
20001751 0
160012738 1
9126689 0
50860964 1
29090 3
19971241 2
23040 3
8003230 2
10973031 0
25860 3
32239 0
967211 2
26299 3
19946072 0
40027752 1
19973881 1
20002431 0
10026381 1
35019 1
35950 0
32880 1
32060 1
31880 1
29910 3
32199 0
44900 2
31990 2
25109 3
31510 0
30999 1
31030 1
31240 0
33810 2
31799 2
25900 3
22770 3
31470 2
34220 1
30220 1
26020 3
30429 0
29270 3
31289 2
32929 2
33060 0
30690 0
31959 2
31450 0
32170 1
32659 2
31930 2
31200 1
25619 3
30379 0
31290 2
30490 2
30770 2
30730 1
31340 0
27470 3
22010 3
30640 2
31189 0
29509 1
30290 0
22320 3
34109 0
29620 0
30460 0
33989 1
31480 1
31650 1
31060 2
32019 1
38650 2
32129 2
30199 2
32030 1
23210 3
30760 0
30610 1
30450 0
30919 2
30640 0
24160 3
30360 1
29909 1
34260 2
24600 3
27730 3
22630 3
29389 1
30900 0
29910 0
24050 3
33380 0
31980 0
32989 0
31640 0
31020 0
30490 0
32879 0
31630 2
31529 2
31509 1
30210 0
24290 3
30859 1
31850 0
30380 0
30200 2
32250 2
32400 2
33020 2
37050 2
31300 2
31719 0
30930 2
31610 0
24599 3
32680 0
31340 2
30060 2
31899 0
30730 0
31090 2
32549 1
29680 3
30150 0
31710 0
22400 3
30060 0
30400 1
29329 0
31760 2
24570 3
30129 2
34250 2
24020 3
31859 0
29590 0
30120 0
31829 2
31190 0
32560 2
33009 2
31090 2
30880 2
32650 1
24349 3
32330 0
30519 2
12036151 2
31140 0
33779 2
25140 3
31830 0
31699 2
30000 2
30380 0
31439 2
31250 0
32150 1
24099 3
30970 2
32700 0
30370 1
30619 1
22980 3
30120 2
33100 0
30669 0
31040 2
32020 2
22020 3
22790 3
30350 0
21999 3
30249 2
29330 0
24730 3
32689 1
24100 3
30340 0
29409 2
31230 1
39060 1
34159 0
23879 3
30280 0
31649 1
31110 1
31940 1
32640 0
32069 0
22050 3
31250 0
31640 1
33730 2
32710 1
24439 3
31260 0
30290 0
29870 0
31559 0
30570 0
30760 2
30290 2
32179 1
25460 3
31520 2
22390 3
40690 1
30810 2
30980 1
31550 1
32330 2
32449 1
32860 0
32470 0
31299 0
30850 2
24680 3
32980 2
32059 0
22750 3
30740 0
30849 0
31410 1
25940 3
30489 0
30840 0
24230 3
31260 1
23769 3
23519 3
31060 1
