145468 2
49409 0
49690 1
46719 1
47600 2
46209 0
50589 3
44180 0
46139 1
45070 2
47449 1
45890 2
53409 0
51039 1
46199 1
47260 2
45300 3
47039 1
44950 0
69269 3
45880 3
44570 0
46179 2
46440 1
43699 2
44950 1
44889 3
44190 1
45609 2
47300 0
46040 1
44480 0
46820 1
45109 0
45119 0
42259 2
44540 3
43619 3
46730 3
47889 2
57010 0
44790 3
49199 2
43429 0
46569 0
44440 3
46689 2
46790 2
46379 3
46630 2
43669 1
44440 0
43629 1
46309 1
44439 3
47339 1
42479 0
46120 2
42820 0
44549 0
44759 2
44859 2
52470 2
46489 1
47000 2
45229 0
46880 3
45250 2
46350 1
42930 3
45770 0
52919 1
54429 1
49410 0
51409 1
46869 0
44769 3
44179 1
45070 2
43679 3
45690 2
48949 3
47610 2
55169 1
50090 1
45150 0
44659 2
46840 2
48569 1
43090 0
44279 2
45520 0
43069 3
45810 2
44059 2
46970 2
43039 2
48920 0
49579 3
49159 0
50640 3
51399 1
52260 2
49170 1
58719 3
44870 3
45969 1
50620 0
46369 1
44799 2
46790 0
44670 1
48120 3
51849 2
53630 2
55259 2
52919 3
50259 3
47139 1
47400 1
44399 2
47560 0
44859 2
46459 0
46959 1
54159 3
44910 3
45909 2
44040 1
48159 1
49170 1
46989 1
48649 1
46929 3
48160 1
45750 1
46949 3
42880 1
45609 3
47880 1
46149 3
44170 0
46099 1
44639 1
44379 3
44980 2
52880 0
44929 2
45689 2
48049 1
46220 0
52439 1
44280 2
45969 3
47660 1
43950 2
44870 0
51130 1
48869 2
53780 2
46569 0
45400 1
49450 1
46039 1
44429 2
48589 2
48870 0
61119 3
47170 3
50740 3
48779 0
52580 1
48069 2
45670 3
46759 1
45459 1
47309 2
49380 2
49359 3
53509 3
52640 0
48809 1
48260 1
48169 0
48619 2
55570 2
47179 2
45660 0
67540 3
46519 1
46820 1
47779 2
44609 2
55879 1
48709 2
51040 1
48139 2
47439 1
47149 1
46689 2
48429 1
50629 3
46580 3
46169 1
51689 1
47019 1
47019 1
46819 3
64659 3
48019 1
48499 0
46959 3
49869 3
44649 1
48100 1
45659 1
47650 3
51609 0
45959 2
46059 3
44939 0
47469 3
45369 0
45429 0
44059 3
48180 3
45009 3
44900 1
45829 3
79149 1
45150 1
46129 1
45930 2
44619 2
46700 1
48130 2
45980 1
45280 1
45239 2
45179 2
47039 3
44400 3
46059 3
45690 2
47059 0
44260 0
51719 1
46509 3
49379 3
47679 2
59660 0
45829 2
48529 0
48109 2
44369 0
50709 1
51809 0
57540 1
52629 1
54199 3
55860 1
49459 2
45449 0
46559 0
46350 3
47110 2
44639 0
47289 2
46229 2
48310 0
53809 2
48070 2
49890 3
48209 2
53330 2
55259 1
50820 1
45690 0
46319 1
43669 0
47199 1
49110 1
45469 1
44740 2
49519 3
45850 0
48840 0
46200 3
47420 3
47399 0
46610 2
59919 3
44669 3
45869 0
45680 2
46260 1
46229 0
48029 0
46509 3
47530 0
46679 1
47350 1
46119 1
47459 2
50679 0
46199 1
45819 1
42889 1
46289 1
47009 3
46480 1
45139 2
56680 3
44629 2
47399 2
45829 3
45669 1
45089 1
46869 1
46830 3
48019 3
46510 3
48589 1
47439 3
44149 3
48120 2
45220 0
47839 3
44610 3
46629 3
48400 1
51139 2
45939 2
57030 0
48369 2
50120 2
46469 1
47410 1
47079 3
48200 2
46560 3
46620 2
47940 0
55409 1
51410 0
51289 2
54239 0
48170 1
44609 0
44220 3
44589 2
46760 1
44689 0
57339 0
50169 3
46479 0
47870 1
45579 1
46710 1
46789 1
48010 3
49359 1
47090 2
50110 0
45979 1
47330 0
46799 3
46459 0
47029 1
46160 1
46479 0
52319 0
57750 3
51449 1
54410 1
45740 2
45089 2
46130 1
44279 0
44840 1
44959 3
46600 2
46659 3
46789 0
49900 3
48140 1
46019 2
46779 0
48450 0
48369 1
48120 3
46959 1
50390 0
45519 0
48389 0
77589 3
45900 2
44640 0
48550 3
45609 2
46590 0
46219 0
46310 0
44519 2
44820 0
49149 2
46600 3
45629 3
49599 3
46550 2
46159 2
45040 1
45169 0
46320 0
42679 0
49440 2
117189 3
46410 0
47419 2
47769 1
45289 2
46649 0
51469 0
46129 2
47220 2
46099 3
46420 0
43629 0
46040 3
46239 1
46719 0
46929 0
47599 3
46359 2
47539 3
43960 2
58069 0
45239 0
46459 1
48170 2
46020 3
48029 2
45740 0
49329 1
48300 0
49709 3
46310 0
47550 1
47670 1
46100 0
45529 2
51240 2
49219 2
53339 0
46710 2
47240 2
48960 0
56069 1
45120 3
49239 1
47820 0
47680 0
45969 0
47099 1
47789 3
47350 1
47229 2
45470 3
44549 1
46510 1
46449 3
47239 2
46120 0
44980 0
47390 0
47859 0
48930 3
47739 1
53680 3
60849 0
46109 0
46410 1
49749 3
47010 3
44259 0
44180 1
45459 2
46379 0
45339 0
45670 2
46929 2
48009 0
48270 1
45859 0
44910 0
44919 3
47800 0
45489 0
45629 3
51310 0
45480 0
46739 1
44069 3
43730 0
46539 2
46680 0
48209 0
45250 0
52929 1
46359 1
44050 3
48210 1
45939 2
46159 3
45470 2
48239 0
43910 3
46079 2
46160 3
46489 1
50570 0
45309 3
44509 3
46970 1
45139 3
47350 3
45619 0
44740 1
51509 2
50800 1
47420 3
44209 2
48480 1
44719 3
46730 1
44179 1
46600 0
44589 2
50639 1
47169 3
46170 3
46430 3
55869 1
44330 0
47859 2
47880 2
44390 3
47950 2
44870 2
46499 3
45289 1
45509 3
48340 3
50079 3
44360 1
45389 3
47410 0
47440 2
45459 3
49719 3
50429 0
45170 1
46299 3
55379 2
48010 0
44680 0
46190 1
50699 0
46430 3
44519 3
45780 0
46419 1
46770 0
46479 1
47819 1
47189 2
50269 3
48349 2
44349 2
48300 3
48069 0
45550 2
44609 2
44650 0
61350 0
46209 0
45370 0
46189 2
44750 2
46849 2
44560 3
49089 2
47429 1
47830 3
50479 2
48080 3
51909 3
49050 3
47169 3
48619 0
49440 3
58249 0
51690 2
47789 2
62489 0
49740 1
47629 0
49479 3
50769 1
49780 0
48800 2
49019 0
52610 3
46789 3
52349 0
49789 3
50599 3
46030 1
48679 3
46070 2
48979 2
47339 1
50699 3
45819 0
110319 3
47400 3
52609 0
46310 0
46530 1
47419 1
52290 3
53449 0
52380 1
53279 3
48589 3
46280 0
45799 0
45590 0
44799 2
48059 3
46809 0
45740 1
44720 1
45779 0
61340 3
45539 2
48300 1
45420 3
54579 3
51570 2
50619 2
45100 0
46699 1
47599 1
46139 1
48730 2
50149 3
47379 2
45910 2
46669 3
47590 0
46179 1
44789 3
46639 3
43850 1
54480 3
44029 1
46510 1
45789 2
48550 2
49059 0
43920 1
46670 3
47110 3
46310 1
44279 1
46709 1
46879 1
46260 1
44769 0
48840 3
45159 0
46090 0
44839 2
57170 2
47340 2
54519 0
54709 0
53820 1
46509 3
47989 1
47179 1
46980 1
45049 0
46030 0
46619 3
47080 0
46449 1
46149 1
44849 0
45189 2
46749 1
44499 3
45350 0
44839 0
46480 3
44389 3
57629 2
46049 1
44949 0
44969 0
48879 0
52420 3
52229 3
46850 0
44390 2
46139 1
46839 1
51359 3
46670 2
46389 0
46820 3
46029 3
45630 1
46620 3
47129 2
45560 1
43799 2
53780 0
48389 0
46780 3
44899 2
49210 1
46470 3
44319 1
46589 0
47319 3
47450 0
44559 1
47080 2
47379 1
48590 2
55159 0
46159 1
46459 0
46749 3
44900 1
46539 2
48000 3
54449 3
46010 3
45919 2
47519 3
47730 2
46839 1
45560 2
49819 1
43630 1
46249 0
46320 2
48030 1
46410 1
46350 1
46849 1
49570 2
47379 0
44560 3
47229 1
49940 1
45800 2
55869 3
52000 1
45689 1
45990 1
45379 3
45910 3
45120 3
47440 0
45760 0
46649 2
47979 2
51199 2
48800 0
46699 2
51409 2
47359 1
48170 2
46940 1
47259 1
46280 2
48689 2
53549 3
48010 2
51200 2
47109 0
50739 0
49750 3
49659 3
49810 3
49440 2
51669 0
52140 0
46929 1
47170 1
49070 2
49000 0
46290 0
47709 2
52290 1
49839 0
45410 3
71819 2
45649 0
48070 1
45209 1
48109 1
46350 1
45959 2
47340 1
44360 1
45060 0
46259 3
45960 3
43139 2
46270 1
45299 0
46370 2
44739 3
45050 2
46089 0
51110 3
45450 0
103439 3
48629 2
45460 3
46629 3
43940 3
45670 0
44410 3
45599 0
46110 2
47070 1
45099 1
47380 2
45289 0
45910 0
44399 2
47770 0
48369 3
48770 0
46910 2
47199 2
45939 3
58199 0
44730 3
45959 1
45719 1
47289 1
44340 0
51090 3
44849 0
46450 3
45179 2
49610 1
45319 1
49319 1
49519 1
46899 1
50269 3
46479 2
51160 2
44559 1
47260 3
47969 1
58000 3
47290 0
48529 3
49290 0
46589 3
47439 3
49859 2
47959 0
48209 3
49869 0
53489 0
50440 0
48240 3
51060 0
51049 3
46400 0
46669 1
50260 1
46780 1
48059 3
58019 2
49249 0
45299 3
46739 0
52930 2
47080 0
50459 3
46470 0
46849 3
43990 1
46499 2
44409 0
46229 3
44400 0
48140 2
45979 1
46489 3
48439 0
44590 0
46059 1
46560 2
63199 0
45409 0
55760 0
50519 2
45600 2
47569 3
48739 2
46140 3
46240 2
46529 0
48369 3
43940 0
46799 0
45540 2
47489 1
46920 1
46479 0
46130 2
46470 2
47789 3
50389 0
58789 0
47260 0
46300 3
45710 0
45899 2
45719 1
46480 0
45609 0
47590 1
47689 3
46540 0
49559 3
48010 3
45100 1
48209 3
46659 2
46709 3
47800 3
44459 2
47530 1
47489 3
55349 0
46259 1
45939 3
46049 3
48009 2
45520 1
47479 0
45190 0
49939 3
47399 0
46429 1
48830 2
46419 2
47969 2
46340 2
54439 1
53130 2
58840 3
55369 3
52560 2
56940 0
47179 1
46770 0
49519 0
45230 0
46949 3
44649 1
47519 1
46540 3
46759 0
47159 0
44369 1
45439 0
43890 1
48839 0
45700 1
46469 3
45830 3
46369 1
45829 2
47760 1
54079 0
47550 3
