156989 10
118659 4
142919 1
126239 9
107789 10
132489 8
117610 11
131390 4
134870 9
130048 10
169229 5
112979 2
125619 4
124270 5
123079 1
134379 6
136159 11
122020 5
760935 0
106559 11
80389 7
121889 0
117170 10
87049 1
97419 10
117649 9
82349 7
92710 5
96429 2
110979 4
100319 1
97650 0
90129 9
83559 0
87640 8
99269 6
88819 11
84460 7
98240 7
99599 10
87959 8
80070 11
108939 10
89209 0
81650 0
89349 11
93039 2
109370 2
93180 3
84249 10
98179 1
103760 0
117790 9
96929 9
77679 7
90320 9
108079 4
89349 6
88069 0
79959 4
105299 10
77240 6
96850 2
117309 1
109489 2
88879 4
82680 3
99409 10
105419 1
93340 7
91809 0
94609 9
85199 1
118649 0
92449 1
86609 4
77349 3
88399 5
96089 2
85450 11
81700 2
92349 3
113859 6
94909 5
114609 1
94129 0
93109 6
81410 10
86839 5
98299 8
107969 2
94770 8
102239 3
111349 10
137259 2
100109 10
76690 10
78990 0
81819 7
99130 4
92529 3
92489 1
101240 6
100760 9
82179 3
118539 11
98149 5
88899 4
96269 5
87169 2
99379 8
138668 1
98519 7
117049 6
180108 6
113448 2
74809 3
77460 7
85600 5
98469 9
91379 10
92090 8
88139 10
108079 0
130249 9
91680 11
103139 7
98759 2
88209 5
102360 9
96530 9
116179 5
119099 5
97959 7
131369 1
100820 5
110659 11
93929 5
99299 7
103049 1
113279 7
95810 8
103939 5
138989 9
94959 7
103769 2
92760 8
98129 6
106389 6
102719 9
98159 0
113379 5
102819 2
117819 3
102909 1
101589 6
104849 0
97879 1
90989 6
104909 10
103010 4
97330 5
90749 1
130469 5
93059 10
101869 2
97909 8
99799 3
92550 11
103230 3
110069 8
108589 1
129309 2
102199 11
99919 9
105569 9
103309 6
85629 10
96160 11
92840 7
91149 0
87529 1
111799 9
83639 4
84339 6
87990 6
82779 6
81200 4
92620 7
81579 9
94779 5
90020 6
86469 10
86749 9
96679 2
81760 5
84599 2
82900 5
84439 5
150299 10
118939 5
113989 3
111709 11
127889 1
121909 9
116448 1
108829 1
105399 11
112539 3
102349 1
116459 4
93420 11
171618 11
86430 9
95749 1
88279 1
99799 7
130628 0
112429 2
112939 11
103579 0
141769 3
103749 0
113059 8
114049 3
134759 7
130599 7
161219 1
122679 3
134579 9
124289 9
123069 1
118709 6
123990 10
124150 9
127379 2
122610 5
153169 5
120690 6
118668 10
117180 7
124489 7
123439 3
124869 6
123979 0
144619 4
140959 5
123819 3
118539 7
124189 6
117379 8
134999 6
111139 4
141839 6
133679 8
127689 5
114549 4
142289 9
129169 5
125939 11
143939 5
121479 6
116659 0
123449 4
118059 11
129730 6
118010 4
129690 2
146810 2
123299 0
118599 2
117290 6
119839 3
137189 2
121199 2
130199 9
146079 5
117669 4
122599 5
130469 0
119969 5
130729 5
122969 1
125989 6
162719 3
129349 4
137739 8
128689 11
123629 3
135089 4
127829 10
137999 7
198978 3
117969 4
112159 6
108789 9
109589 0
121429 0
132719 3
136989 0
118319 5
107869 5
119979 5
112109 6
130009 0
116669 9
121808 9
109389 9
145659 9
111229 7
111659 5
110859 6
114429 3
125649 6
119319 10
140109 7
135259 5
125349 1
109519 9
120888 11
118050 11
114319 7
112029 5
112549 11
143089 3
115819 2
109259 8
112439 11
120110 7
119168 11
117909 1
119039 6
113439 10
143729 4
118389 6
113469 10
124789 9
115479 1
107259 11
128279 10
129910 3
124299 2
106469 0
129439 1
135149 0
112669 10
115879 4
114239 1
114579 4
132999 7
111089 6
108149 9
100739 4
122819 0
118089 11
98419 4
107449 5
111709 1
108319 5
83169 9
88939 7
86750 5
81229 6
89749 8
86310 1
98259 4
93929 3
93090 4
98089 9
132689 9
102579 0
92559 8
85660 3
107140 5
124899 1
102239 6
104739 2
107189 9
95099 4
178038 1
119379 7
112830 2
92569 11
104229 8
97779 3
100470 5
109969 2
119819 8
100619 0
109049 5
110290 7
109779 9
106379 8
96489 8
105469 4
112249 7
158319 10
116169 0
95459 7
92299 10
98629 8
104699 0
110289 4
124519 6
120419 0
144479 2
113610 7
99920 3
114369 11
96579 6
114749 10
102120 1
133379 0
98860 4
122809 0
103139 6
99569 11
98909 8
101539 6
108499 9
119399 10
123179 8
111709 4
132919 10
95620 6
104160 7
104789 4
117329 8
113639 3
104979 1
106280 4
99550 0
150259 7
99019 10
98939 7
114719 6
139289 4
108509 4
98440 5
100810 2
115979 7
117529 2
99929 4
113440 1
120019 0
104079 11
102389 4
104049 1
97290 1
103040 8
97029 6
137069 2
119789 2
114649 0
94529 6
103120 10
107390 4
110439 5
96379 7
124869 5
152619 0
98499 0
118060 0
110590 1
102520 3
106379 5
109619 2
131029 3
183269 1
96269 1
93749 3
99259 10
94810 0
91069 8
95999 8
116089 8
129539 3
108569 5
105969 3
99839 4
99159 0
94450 5
113519 3
110939 3
118519 8
106349 5
97499 6
126990 0
101349 8
90759 10
104599 6
112559 0
110319 5
104529 8
106059 4
102469 7
110679 0
108589 4
102210 11
93489 4
108449 4
117399 9
95129 3
105409 4
97619 6
95989 0
115329 4
95230 0
117699 1
87229 1
95549 3
104430 1
102540 10
100889 7
111989 2
104459 8
122749 3
122329 2
100400 11
121019 9
99229 0
104159 7
98560 3
114530 1
111480 7
118359 7
92319 8
104189 5
85000 2
95839 1
97739 3
105710 10
89360 5
115179 3
136349 5
111789 5
90299 0
94770 6
88880 1
94159 7
116879 3
119749 7
87730 9
105879 8
120309 6
87919 10
108199 3
91059 10
114999 6
106009 7
115389 9
111879 7
102439 3
84639 11
129699 1
84329 7
116060 0
113510 10
92329 7
88269 3
109699 0
97180 5
117709 7
158459 2
96859 4
107369 0
114269 1
121809 0
101469 11
106989 3
104970 0
91089 1
149489 8
104069 9
96519 1
102959 6
112969 3
113569 6
135129 6
98489 3
102169 0
143369 6
122019 10
94049 8
95549 4
99229 0
105379 8
108530 10
121519 2
101649 6
117459 11
99649 6
118039 5
106109 3
109239 2
103119 11
113669 7
109589 3
111339 7
125249 8
89179 7
98059 0
99379 6
107159 2
115979 4
104799 9
88690 4
111859 3
115349 9
120309 0
91009 6
91209 0
120949 3
104609 7
119889 4
103829 11
97359 3
104919 5
126799 7
102159 6
105409 6
89170 1
103449 3
94409 0
105209 3
92680 7
101879 4
97429 8
129059 5
97870 5
121599 7
99130 4
103369 9
99149 11
103109 11
100649 8
131599 0
122599 0
90899 10
111489 3
89360 4
84890 9
93169 1
99729 4
111159 3
104269 2
112259 1
142799 7
85409 7
88740 10
109379 6
110119 4
123979 1
95899 9
110649 5
108739 10
129608 3
92119 10
89849 10
92729 11
107400 0
96490 9
101039 7
102069 3
90440 9
94800 11
127379 5
102119 9
107019 10
107139 2
87880 0
95289 9
94029 3
103529 11
107319 5
98399 9
114639 9
92029 9
97030 9
109239 0
97159 3
105089 0
108960 8
115359 6
120849 10
134079 6
96819 4
91699 8
99220 9
111139 3
111439 9
102499 9
90129 5
97400 8
92499 8
124599 3
98199 0
98719 5
95199 1
88669 4
101389 2
98780 5
126319 3
100259 8
86239 0
128059 11
90609 7
110670 10
104510 5
83279 4
93559 0
95859 4
90839 11
92259 3
107099 4
114379 6
89679 5
103879 5
96889 11
120229 6
99170 8
92399 7
104529 3
90910 5
134819 3
108410 2
85320 5
83419 2
116359 0
94529 8
104829 3
88509 6
105900 1
97889 7
125269 1
103059 4
106499 7
82150 0
95190 1
92489 6
88999 5
116420 10
109979 0
96969 1
125869 4
88859 11
99240 5
90810 6
93559 11
90549 7
101410 11
108109 6
117609 7
108339 2
139749 9
112259 2
100330 1
101500 9
128289 0
92239 6
94939 1
93610 9
106279 1
134619 1
90649 6
89349 4
117889 3
100289 9
113799 5
95049 2
110869 3
100689 5
105588 1
128450 1
110539 3
100669 3
100879 3
102389 0
99199 4
102429 10
99979 6
100909 2
130968 8
105750 2
107459 10
99529 1
97429 2
109069 5
99079 1
110529 2
115539 10
137059 3
105789 10
91659 6
107260 4
99290 4
96599 7
100859 7
111830 7
106629 6
121589 4
121009 0
98569 1
94389 5
97170 10
106549 0
132249 4
93019 6
104389 5
102269 8
135239 3
107870 6
98719 0
99849 1
89999 9
118628 1
105789 1
94999 6
109919 9
121989 1
101919 0
107989 11
118159 7
93069 6
96609 1
112620 8
95180 10
101599 3
106469 6
134169 0
93010 11
107440 4
93799 7
104079 6
101069 11
99600 7
99469 11
99559 0
153829 11
92949 0
111359 2
109160 9
96260 5
96289 10
96969 4
102160 4
101760 2
114719 8
163709 3
108250 4
266568 10
236628 2
149019 3
356557 8
110459 3
99840 1
120068 5
110079 1
104299 4
106499 3
131159 8
95529 11
100059 2
111290 5
112999 5
114879 5
97489 1
98120 9
99450 7
114999 6
130499 10
96979 1
87449 11
105789 5
124649 7
105619 4
90219 3
102660 8
108200 11
131319 3
109759 6
112209 4
92009 7
90319 4
92179 0
98289 4
95789 11
106619 8
99579 11
321087 8
98670 5
97639 5
82269 1
82759 7
86089 6
77149 0
80100 3
90689 4
100799 10
98059 4
91330 7
93509 8
81830 11
83879 5
83369 2
78480 0
83759 7
77699 4
78509 10
100399 5
83920 11
84839 8
80029 4
76459 5
93859 2
72869 8
87440 0
83959 4
76310 6
90950 10
85569 3
107459 10
91889 11
88769 10
97579 0
74150 3
78530 0
84269 0
84310 2
80819 1
70840 5
88070 4
81449 2
133469 2
78290 11
80640 0
87599 8
86980 4
91459 7
84269 8
75970 6
74829 9
77979 4
75919 0
78719 9
149819 11
108969 8
91880 7
85049 7
75700 1
67839 7
74339 10
82400 11
74169 7
70650 10
70819 5
104699 11
78550 4
84729 1
83530 11
68680 7
79769 10
71610 5
82659 4
76419 8
64429 3
76629 4
70940 1
82789 2
84840 10
72859 6
61790 10
62009 1
62240 10
62729 7
65140 11
63619 2
63660 8
61259 1
70770 4
63799 0
63760 4
68609 3
63920 1
80449 5
81109 7
81299 4
95179 4
80419 1
78199 0
79789 5
81130 4
85119 9
121139 7
91189 7
107589 1
73869 2
59770 1
85839 4
68819 7
