22150 17
48629 5
1060 10
13370 8
28310 1
28476954 11
9420 5
9091 9
9369 13
7750 18
7963663 17
9430 21
22001411 15
6910 20
80370 17
6940 16
20890 13
8320 20
6759 0
4460 23
12770 5
34640 17
10100 18
10630 20
9360 17
19080 7
6989 12
18751 17
2980 15
16369 13
4370 3
3190 3
7030 20
330 10
4910 6
7100 4
18680 8
3870 16
10530 12
4610 1
6090 1
3620 3
13000 13
7390 12
3809 12
6709 23
309 10
6780 16
3740 8
9431 2
15939 18
13120 19
450 10
12820 21
2870 9
7440 2
3380 4
2220 9
9539471 11
8950 13
5750 18
12470 21
17050 7
8400 19
54569 5
9850 17
18360 14
5460 18
5010 17
8800 5
9780 12
3920 8
5260 0
15310 6
11660 16
20620 20
21940 19
6249 0
8870 21
10720 1
4330 5
4280 16
9270 22
30710 20
4340 6
29850 21
3590 8
271 10
5911 21
5240 12
491 10
4449 0
17199 19
4660 18
4870 14
8100 7
4229 16
6030 16
3800 4
7910 17
9050 12
4990 12
7450 19
26560 12
8160 12
6020 18
10830 23
15930 13
8140 11
5940 18
6460 17
1339260 9
9530 17
3660 5
5320 8
14760 3
14209 19
5820 19
6809 19
11300 14
14990 17
21290 23
18940 13
33610 10
3770 2
10300 9
8509 15
20950 12
11430 5
6780 4
6810 18
4170 1
3480 0
9840 12
3930 4
2621461 17
5950 20
5330 15
6490 12
7510 23
12630 9
11000 12
7580 5
5050 3
520 10
4790 21
12910 1
4740 3
17959 18
5330 15
4490 8
6230 23
320 10
270 10
270 10
21080 18
9320 22
6130 1
4030 0
5350 12
11730 22
4850 11
5350 8
22789 23
12340 9
4560 4
10391 5
8079 2
15970 20
8850 8
6160 20
5040 5
7160 23
4380 17
510 10
340 10
240 10
3290 4
7220 15
8830 8
4200 11
26360 1
8640 8
15760 11
3740 4
6749 1
4950 5
4830 11
14030 4
5150 18
5191 17
11649 6
7240 3
7480 18
4290 17
5320 9
10920 20
4750 0
4930 3
5480 16
11180 0
6750 23
430 10
6500 16
4930 16
12160 4
6980 0
7060 9
9360 0
22220 2
11800 20
15850 17
7410 17
6080 14
9900 18
8440 1
5810 18
5360 8
4420 15
11490 5
340 10
17830 0
9960 20
5600 20
5920 14
9451 21
7280 20
5349 3
289 10
4390 18
9540 4
21400 0
5740 0
4230 16
4250 2
7900 20
14370 16
7710 22
13630 4
5820 8
12359 23
6500 16
10640 19
6609 3
5690 15
9010 0
10060 11
8220 3
3910 18
40630 22
4440 5
30880 10
6800 19
36250 0
4330 3
8060 14
4560 4
4440 2
5170 15
26030 13
10940 18
18410 7
6790 5
3809 18
8980 6
9520 20
654586 17
5860 18
350 10
6720 14
800 10
511 10
14469 22
4620 5
9499 21
4430 18
3290 2
4030 4
20930 21
5660 6
8860 22
6180 20
5690 3
4020 15
3590 17
5400 6
5000 14
6100 21
62069 6
7410 0
4920 3
15450 19
4460 20
3420 3
5790 11
11110 13
20249 21
4791 3
8669 1
6460 15
5780 14
11589 14
6320 15
7410 3
4090 17
12580 21
9420 8
10070 11
6560 23
9570 9
3890 12
8340 20
4990 5
43429 15
4910 16
8910 0
33680 10
4990 13
14430 8
6520 8
4930 14
9010 19
15230 20
3590 11
23789 19
5431 14
5619 19
5800 6
4200 7
7530 6
20580 1
340 10
7580 12
5030 6
8260 14
4110 11
8560 13
9440 22
6210 6
440 10
5440 14
20809 22
14360 23
6309 22
9419 2
11670 23
3760 7
14770 23
4910 13
4350 12
9660 13
5080 5
4670 5
35600 6
21950 9
5289 11
8491 7
4710 12
11290 11
1300 10
4870 8
4800 16
38430 12
4240 14
12050 21
4890 23
17890 19
871174 17
7519 12
14580 20
21990 1
11260 9
4110 14
6510 8
3640 18
99934249 7
1018933 12
4560 16
2003975 1
7900 18
7731 19
6839 16
12390 3
4480 6
3600 7
8490 4
4690 15
4140 2
5050 4
3720 2
17930 12
5170 0
37758458 23
4820 7
5529 21
9971 3
4651 17
14970 22
39963282 13
590 10
8600 4
920 10
10967031 7
10680 19
6790 6
5030 18
6520 17
4640 15
15410 9
9610 0
3700 7
7280 17
8640 9
29927014 11
5780 21
11810 5
21059 21
10620 20
8620 21
15310 6
54520 5
8960 19
80209 13
560 10
4750 1
8801777 23
5360 18
4189 18
11149 13
10670 8
10670 19
10790 9
16170 16
17950 5
13350 20
7170 5
390 10
11130 20
9890 17
3070 16
6259 20
5031 4
3491 8
6511 3
14969 14
5930 8
9120 1
4110 7
4690 17
4770 3
6170 2
3870 13
2850 0
7720 9
6980 3
5180 23
11930 2
3330 0
4590 6
5320 5
3580 3
4570 15
8760 12
7430 19
4889 22
4200 16
10009 12
3971 7
5919 17
6110 8
5140 16
6660 13
8910 19
7900 1
3000 3
4970 2
4240 16
290 10
9330 13
4940 19
4140 3
3680 3
38639 21
7569 17
7110 13
7240 12
3790 14
3430 7
2930 7
6420 5
10364985 11
9430 13
8440 16
3460 5
5320 14
5020 14
13690 22
7170 2
22030 3
7140 16
4860 9
13850 13
12979 12
3940 1
7560 14
440 10
5309 15
8910 11
10290 18
10780 21
3520 16
5170 6
13060 22
17680 22
5360 11
12390 21
6430 0
9767289 23
3560 7
4850 5
16820 14
10800 7
3740 16
4760 5
26939346 11
21689 11
8780 2
5271 11
41650459 7
32440 12
34090 9
4180 7
61242258 11
10240 16
5500 16
4690 12
18710 0
7860 22
7580 2
11989 2
6120 14
5160 1
7109 18
10709 14
6710 9
3740 0
1902407 7
7500 15
7480 14
5531 12
6400 12
11230 2
11080 9
9310 14
11370 19
7250 16
8610 16
9710 18
5270 1
6810 21
10020 9
5390 14
500 10
4940 0
3770 19
9050 17
6857670 13
8978576 11
6640 2
7799 11
4390 2
5620 18
5240 9
10530 15
3450 13
6380 5
4740 22
7870 15
6480 6
8300 19
3280 13
3210 11
330 10
4950 14
12200 21
4000 4
18630 12
3369 13
28140 21
3740 1
3920 3
4140 2
13130 22
4500 14
10490 12
8260 21
5200 22
14950 9
6990 2
3820 3
4340 0
4810 5
8450 12
25239 9
6580 14
3870 14
12070 8
8680 16
13350 18
4450 18
6220 16
40470 6
5420 5
4439 4
5131 2
329 10
4291 14
4929 4
7511 1
20419 5
8240 20
3400 13
280 10
4340 3
3800 5
360 10
3190 13
7410 22
3510 2
240 10
3630 16
6870 20
3290 3
3200 2
13420 9
4220 0
10780 5
5430 19
10709 2
6651 12
21209 16
15690 5
17790 3
5550 5
3320 0
3490 0
13320 20
7890 14
5700 15
979453 23
7410 0
9006885 13
14900 18
8140 13
4964694 20
22770 14
10519 2
5440 13
6400 4
4580 15
34958048 7
7649 16
62510 9
3050 7
9926108 11
21695584 7
10080 23
37769 3
14569 5
5330 17
6330 19
5620 16
9850 18
11050 13
11620 6
10280 17
4800 1
5170 21
5500 18
9730 1
5020 12
16619 17
4431 6
6500 4
4669 20
2731 7
5740 5
9050 9
10720 9
5160 2
5310 6
3260 11
5070 20
4410 3
3830 2
14760 9
3590 7
5100 20
5430 16
5720 5
9000 21
7560 8
7080 19
48679 10
5080 1
34150 5
21220 3
8090 2
7600 12
5490 13
5350 13
34000 4
6629 18
3590 3
9030 0
5840 3
21970 8
8120 14
4580 21
3200 8
17040 2
114479 20
3580 4
4800 12
8800 14
4620 8
7770 7
6660 1
4490 12
3530 5
24420 18
7720 11
5940 19
10749 19
12640 11
4510 2
11260 19
5130 13
11610 22
92199 23
17250 1
16940 20
3670 6
4530 3
4800 19
5820 22
8490 1
8150 15
14970 15
5800 21
4300 18
4990 23
6310 23
10669 5
3411 5
4240 1
4789 21
5780 16
6680 6
4220 8
7110 12
14100 8
5100 20
158389 5
6270 6
530 10
17219 7
5431 21
4460 14
5109 18
17490 14
10770 23
5300 0
9770 21
5210 13
4520 17
9800 23
5240 17
4000 16
16570 19
430 10
15980 22
6970 4
4519 13
4140 11
10660 20
5340 14
5380 22
7219 14
5790 2
8600 15
6130 14
4600 4
4290 7
4480 17
4430 7
5870 4
3810 4
5220 9
3130 7
5760 12
4460 0
12530 22
4590 7
39640 12
5980 20
3870 2
6390 19
9560 13
6220 14
5370 0
4580 9
15600 17
5380 9
4670 12
6310 17
7290 7
4300 8
3850 7
4970 4
8370 3
5190 17
3280 0
21230 0
7989 2
5550 13
5940 23
4330 4
3660 8
5250 8
8770 12
4060 2
6840 14
6260 12
6980 15
4600 8
8940 4
5620 20
6720 8
5230 15
7150 0
12770 11
10670 6
6260 1
5320 3
12010 19
4650 16
7310 13
4570 22
4190 0
3560 6
3780 5
4320 7
4860 9
4570 5
500 10
7790 16
8780 21
5910 0
8860 21
7620 19
70219 23
7260 5
3620 0
15160 21
40720 23
3900 3
4140 13
5820 2
4891 19
340 10
14749 1
13180 23
8450 15
9040 18
12270 1
8840 11
36600 1
6210 15
4130 6
6380 13
5040 12
5210 14
21139 1
4751 7
8049 5
8979 17
5470 19
3220 8
6710 15
4950 8
3850 4
6350 21
3770 4
5020 6
18150 23
5790 19
11990 12
8780 20
4170 14
5190 16
4920 9
4230 6
389 10
5251 7
5009 14
3591 7
20240 12
7090 15
5520 6
9820 5
8470 1
5710 9
3880 2
3980 1
6990 12
3870 13
5430 7
9620 20
92829 3
4750 21
5350 22
4250 1
14410 19
9430 18
8360 6
3800 11
15310 23
4390 5
9180 5
10380 13
7940 22
4540 17
13639 22
3950 18
5330 7
5180 4
59010 0
11010 22
5050 13
7120 13
3919 8
18429 19
5900 2
5120 23
15580 8
3960 4
5890 8
3700 4
6240 14
