103459 6
81370 10
101609 8
105719 15
127359 1
109200 11
118590 21
106019 19
127989 17
106739 15
115769 3
104749 18
116989 12
102809 15
115559 10
85640 7
86669 21
82610 18
87660 3
83159 3
107820 0
107800 23
103009 9
114249 19
109599 9
100819 12
104860 9
71649 23
80280 13
61469 7
59910 8
57840 4
61510 19
60949 8
58420 18
60190 10
59249 23
58640 7
61619 19
57910 17
60479 15
60560 15
58620 1
57199 10
59670 9
67890 16
57179 0
59170 19
61410 15
56350 6
74049 8
78390 21
84989 1
105559 18
100319 19
102149 7
105579 10
95420 17
119930 8
106829 17
121359 3
103779 10
134930 16
94609 23
115629 19
102479 11
124499 6
99310 5
107730 8
91939 5
90950 19
85480 18
100069 0
93259 15
92469 5
81969 13
71950 5
59529 3
61060 9
59620 13
55120 3
50390 22
46549 11
49700 14
66290 9
79239 3
90319 5
80560 23
93609 5
119109 18
100259 7
107290 9
93299 1
94869 6
123109 15
94829 3
104379 23
99689 17
128489 6
93030 16
130569 19
109469 1
116699 15
119059 5
104179 20
106019 8
94860 21
57910 16
58019 5
55909 4
54580 12
57119 20
71660 7
54599 13
91070 16
101049 4
99359 22
92540 21
104109 22
103389 2
110849 23
99230 4
124159 23
84999 15
79220 22
82370 11
74469 6
83360 9
87189 4
109469 16
115890 5
106759 21
125049 20
109199 21
103849 18
85410 0
81839 18
81670 7
77239 2
91609 4
100050 11
104829 7
113849 4
138439 15
80390 0
81270 18
71479 20
78570 22
62359 14
46310 13
26030 14
24970 4
24130 20
24360 0
25789 18
25300 3
24800 6
24830 6
26100 23
26110 6
29130 15
25350 14
25550 15
25040 10
25509 9
25169 6
24900 7
24530 18
25110 12
25650 3
25180 10
25909 12
26140 2
25430 3
24710 22
24919 9
39040 0
25650 22
25330 18
25790 4
25639 8
26110 23
25570 23
24600 0
25440 17
25230 18
25619 0
24119 19
24790 2
26140 19
25000 10
27010 2
26200 5
27030 9
28910 15
27810 6
27499 1
28999 18
26200 17
26520 8
25900 11
24510 14
26450 2
25549 3
25190 7
26030 8
26450 18
26350 13
24860 8
25020 3
26410 9
25840 4
25760 13
25160 3
26989 8
26019 5
28340 21
24690 20
24550 10
25820 21
24939 12
24180 22
25860 21
24350 10
24909 0
25640 23
24959 16
24770 6
26000 22
25010 2
24700 4
26099 1
24960 7
26020 14
35760 20
24800 14
24490 4
24080 12
24630 1
23880 20
27380 15
24740 3
24750 18
26460 9
24850 17
25370 0
25199 12
24440 17
24250 22
23890 21
27990 10
26920 22
29590 13
32050 10
34260 7
33500 22
31300 5
32330 4
36170 3
31390 3
32479 4
30250 12
29190 10
37730 9
30869 0
30129 14
31630 22
39360 12
28910 10
31809 13
31979 18
31960 23
31090 11
31759 23
50379 15
31820 16
31500 0
32700 1
31430 18
30340 22
33170 18
32359 13
30490 9
35360 13
34660 16
30809 18
32010 14
38040 22
31770 16
31750 10
30600 5
34010 12
34040 6
31820 17
32879 20
32989 18
33130 10
31770 20
32870 5
32189 3
25890 9
23500 6
23560 18
25820 20
24350 5
25560 21
24860 3
24889 20
24840 18
23510 5
24960 16
24670 7
25390 23
25690 19
27110 13
25750 17
24660 22
26399 22
24360 13
24180 6
23550 2
24750 12
24610 0
24440 21
24270 9
26040 17
24910 6
25520 5
24689 23
24840 21
25390 5
23520 6
34250 17
24219 7
24591 13
24839 13
24930 2
25190 13
24560 13
24059 8
25449 0
26090 10
25240 3
23960 2
24900 19
24509 20
25779 21
24280 19
24430 2
24230 1
22370 20
23110 21
23690 13
23670 4
25060 18
23870 11
24590 3
32610 22
24660 7
24400 11
23520 17
24250 19
23230 21
24409 8
24929 14
23160 9
23890 6
24920 5
23840 9
24530 17
23919 14
23530 7
24980 3
24290 4
24580 19
23250 6
24059 13
23590 6
24240 7
24760 4
26550 15
24080 20
23579 13
23170 0
24490 5
24250 0
24930 12
25270 7
24440 22
25290 21
22900 16
23760 5
24680 17
24710 23
24550 0
24220 21
24080 18
25220 20
33899 1
24870 14
24810 22
23590 10
24020 23
24559 0
24871 1
26369 16
23770 21
25100 21
24390 12
24640 22
23980 12
25190 19
25850 8
25310 2
24550 6
24829 19
23220 6
23820 13
23740 21
23730 3
24929 1
25509 3
23550 22
24690 6
23790 11
25210 7
23749 0
40120 21
25010 16
25240 21
23440 22
24820 11
26410 15
24830 5
25310 4
24540 12
26720 15
24109 1
26160 4
26250 17
24520 18
24310 16
25470 6
24959 11
25410 16
25030 2
26490 9
26219 3
24831 3
25619 5
23010 0
22760 8
24949 18
23240 5
25470 21
10072798 11
51350 8
52360 20
51860 21
43889 2
39740 11
43050 22
36600 7
31009 1
30810 0
30810 16
39490 16
30029 10
27179 11
24720 19
25580 5
25890 15
25479 7
26030 18
24280 5
25210 23
25650 7
25779 8
24749 7
24779 4
25600 20
25740 23
25190 23
25890 21
24470 21
36640 21
24630 7
24980 22
24670 22
24350 2
23520 2
24860 1
24630 18
24100 10
24349 1
24829 11
24790 5
24100 12
24810 19
25299 9
