81910 10
68879 19
76050 15
79729 4
79239 9
81940 6
75249 17
75739 12
80749 21
73139 11
76019 6
76089 17
86410 12
73619 19
71180 1
75949 12
76450 16
72899 22
74209 20
74610 19
73490 20
77919 15
74220 6
72989 13
76739 22
85540 21
74249 19
74330 1
79179 9
82700 12
79299 1
79619 17
83590 18
77459 20
79190 4
83269 7
96049 23
79860 3
47049 5
43940 20
45180 4
44839 17
43850 18
43820 11
45910 3
54409 12
47400 16
46370 20
46639 2
40060 18
32120 17
26440 0
26770 2
26670 2
30530 19
29460 14
42270 23
36470 11
31470 14
38700 20
53990 2
55319 13
57289 11
57990 14
57589 9
70320 15
76229 14
94170 14
82230 22
85319 7
79460 14
84579 13
86609 4
80000 8
82569 5
80680 22
83999 5
87699 16
78089 21
105499 23
79860 13
83109 11
87530 15
81050 12
77459 5
85000 3
81869 17
84049 14
83220 3
83929 11
99299 14
80269 0
84469 19
87080 23
69729 9
65460 6
69799 18
44010 6
46559 21
47070 14
59619 8
41420 22
36540 8
38159 13
39690 0
40460 19
38270 12
38040 19
46650 23
59989 3
80370 8
106709 23
81469 18
84790 10
90269 5
80880 22
82299 15
80779 0
87130 14
85429 10
87639 13
85920 14
84399 14
86800 11
83630 17
85680 9
96779 8
83279 11
82769 8
80249 11
79649 22
86620 23
87259 6
80049 1
86319 17
79999 5
84640 19
56169 4
60150 23
42900 21
44879 3
47310 17
48650 16
45790 19
46740 2
68159 5
70220 0
69739 23
83580 1
82709 20
37910 21
39409 17
39160 8
41260 12
39400 9
42130 17
40740 15
40949 3
53300 17
61909 16
62669 13
59230 3
61599 0
69130 19
103689 22
79659 14
78080 11
75589 2
88040 5
84189 10
84299 16
84849 17
82309 15
87460 16
84399 5
164059 23
70419 2
62270 13
64420 21
64170 10
71350 20
61159 5
47070 17
45829 17
43370 21
44880 6
46009 4
45410 16
44590 0
44039 8
46420 0
44900 11
46140 15
57039 7
51060 23
44799 18
44090 11
43450 3
45109 2
44340 16
44109 2
30300 2
35050 17
30530 16
32339 15
34120 11
32580 4
33970 2
39379 21
44740 1
43140 5
50929 3
50390 0
49610 16
49809 13
61160 5
45580 12
49670 0
47350 4
47890 5
48699 3
49850 8
50849 9
47620 13
47400 8
46599 22
50130 8
44780 7
44500 7
60149 23
43370 12
47649 0
41730 22
47750 20
35349 19
31490 8
43040 22
32510 7
32419 14
31529 6
32310 8
32650 7
33580 5
33579 11
29880 2
33990 5
33140 4
35690 23
33730 7
32690 14
31170 5
37509 23
34190 9
32170 17
33420 7
33150 15
32389 14
32710 15
32920 21
32859 19
31919 18
30890 15
30000 6
33129 18
31990 19
33110 18
31970 12
32690 13
31480 15
35060 23
31800 9
31610 5
32059 2
43329 20
32820 20
33470 12
32999 11
35199 13
33910 13
33890 18
33150 5
32660 4
31930 6
31630 1
32910 3
34890 15
34730 14
31680 9
31899 5
33140 5
33430 5
32040 0
33109 7
24949 1
23169 18
23120 13
24530 4
25370 15
24660 14
24249 20
37650 2
38700 2
37639 8
38590 21
40190 17
49889 17
37620 14
37380 9
39770 6
41970 9
43150 23
41080 4
38730 2
37730 8
38700 11
37310 6
37000 12
42670 23
39500 14
38659 8
37970 12
35910 2
35859 3
39939 21
37890 4
39520 11
37780 6
37850 1
40040 17
37930 13
46409 2
40590 6
40090 6
49959 6
55110 4
58089 4
58670 21
60410 22
64539 6
61630 22
89279 19
75139 9
82419 0
82019 9
80369 21
95999 9
79689 18
72319 23
74220 23
74399 22
67479 5
81410 22
60430 1
69390 9
77249 18
83980 3
83540 19
87819 17
85029 9
80349 2
84799 21
84160 17
85039 23
99959 23
80350 11
83139 1
83890 7
63989 18
64740 21
63259 6
62260 7
59789 11
61560 1
59580 2
62030 7
83439 10
62879 12
76360 18
56160 1
56130 2
61879 15
59850 7
62609 3
60170 17
62549 23
41759 21
58840 6
70249 2
66750 6
70829 20
72000 0
69589 14
68020 0
71419 6
41930 5
47120 20
46559 4
45800 22
42540 3
42880 16
49390 19
46360 9
43030 7
47720 23
46030 0
69449 6
60040 6
64719 0
71430 10
73509 23
67820 8
69049 16
63220 22
50619 13
47880 16
52730 6
51269 18
50630 2
46190 9
48979 20
50420 16
58449 2
79260 0
69119 8
59190 18
47400 3
49229 14
53740 21
49389 7
46059 1
47380 12
50040 8
51120 9
52890 21
53389 9
51480 6
73020 23
73539 23
67889 15
91380 10
42889 8
43899 19
45080 19
47810 16
49570 23
45390 9
46270 15
45469 9
45270 11
53169 23
94609 0
41880 4
42360 1
42830 0
45639 15
45300 17
43879 16
34609 16
35150 3
34620 1
32459 10
32660 19
33670 8
33290 8
33109 20
34270 14
30780 2
29980 0
33199 10
31680 16
32760 14
32740 8
28920 14
24769 15
25230 21
24210 18
24940 17
25320 19
35410 19
24670 20
25260 17
25620 10
28950 23
25359 10
25091 1
25479 4
25720 21
24970 17
25160 16
24489 10
24600 14
25150 21
25090 9
25030 4
24979 13
24531 6
25760 22
25320 19
26560 23
26740 0
