144898 1
58850 3
65309 5
57270 5
84449 3
52409 3
62470 0
56979 2
46390 3
89459 7
51690 4
46360 0
95709 7
89760 7
92229 7
2518287 0
60699 4
50940 1
77959 1
57230 1
50209 4
74559 2
56910 6
46860 0
90908 3
89160 7
54259 5
62170 1
59419 6
53160 2
42329 6
123359 3
158909 3
49159 4
55880 0
83919 7
50290 6
73670 2
71059 3
62079 4
44689 6
51330 2
65679 1
55460 0
56329 0
41290 6
42829 6
52030 0
48000 0
47200 6
43500 6
40039 6
89019 7
51969 4
88129 7
92769 7
1370908 3
1542436 4
60709 3
86069 7
60029 4
1074970 2
44430 3
92829 5
49709 2
43369 5
59080 4
49260 3
53590 2
85710 7
69009 1
50580 4
58019 4
62759 6
64320 6
52549 6
80249 6
106309 0
52029 3
45160 5
81619 7
46390 5
44379 5
80039 7
3510888 4
53099 4
75520 7
53480 6
62769 4
66390 1
835582 0
48630 6
51299 0
118529 1
41770 6
56189 4
55380 5
63019 2
70050 1
103139 1
54409 2
88229 1
50440 5
50869 1
69520 4
50949 6
61570 0
47879 2
59480 4
56089 4
52430 2
45109 5
1724604 1
50229 5
47210 0
56779 3
42370 1
57169 3
277158 4
50279 0
46210 2
1061140 5
97169 7
50350 6
1884403 2
60579 2
49560 4
81019 7
43580 6
1692595 0
98949 7
82570 7
48799 4
44530 6
56949 0
43420 4
202388 2
79629 7
64429 0
46600 5
45470 2
55339 3
86760 7
50679 6
1517326 6
62810 0
72149 4
52049 2
57730 0
57369 6
174299 4
59029 3
40930 4
62759 5
1032491 1
41900 5
1539215 3
46389 0
46139 6
47250 4
224098 2
78840 3
86899 7
201828 3
83079 7
46210 4
51769 3
59810 4
52159 4
46630 3
49509 1
50050 2
87289 7
44840 5
44519 1
78919 7
44690 6
74659 7
43799 3
43790 4
46550 6
46260 4
43569 5
43970 2
43100 2
42000 1
44180 4
43579 1
76670 7
42549 2
42190 6
42899 1
43709 6
55469 3
42479 4
47340 1
1441577 4
68739 0
81129 7
58880 4
54039 5
49470 0
93899 7
1679685 4
52879 4
56030 4
69639 6
51999 0
57889 4
142049 0
49589 6
54980 5
126428 6
69029 0
73319 1
56680 2
1635975 2
50839 5
48220 5
43439 6
82540 7
50309 6
40990 5
96719 7
63339 3
79160 7
46510 2
44760 1
42789 2
47040 5
57250 1
51709 1
44150 6
41179 6
45970 3
994101 4
59729 0
58600 2
55049 6
62100 0
1612885 5
67180 3
49630 4
56779 0
57480 0
48550 1
52389 1
47489 2
50410 1
44850 2
52839 0
1593596 2
55609 5
52210 0
44829 4
352657 1
47800 1
59939 4
102109 5
62000 0
69219 6
70009 5
81439 7
69599 4
42310 6
46859 5
45010 1
1986182 4
86909 7
1672665 0
274937 5
49290 6
86279 7
60309 6
83450 5
85959 7
53579 2
43490 6
55679 5
52720 6
82329 7
62680 0
52739 0
41330 6
40269 6
50020 3
45479 0
41150 5
52050 1
75579 7
44910 1
1002660 2
61150 1
58789 6
58500 4
54699 4
60140 1
57529 6
78789 7
52699 6
74109 2
63360 3
78819 7
75829 7
77040 7
1426297 4
66769 1
50599 5
42360 5
48880 3
61519 2
48260 2
98359 3
84329 7
42910 2
1717634 1
285517 4
51780 4
66869 6
46390 6
952551 5
85930 7
61330 0
54359 4
50630 1
59199 3
184969 5
60139 4
224428 2
66520 5
319068 2
213638 2
78869 7
55889 0
44530 5
65479 0
904571 4
57670 0
56799 1
45000 0
51419 3
57410 2
1929102 5
88989 7
61140 3
69039 0
101109 6
43160 4
44939 4
46279 6
76409 7
78180 7
45999 5
1469907 2
52059 6
59950 1
49129 1
48100 4
310557 0
85689 3
78839 7
63809 1
48210 6
154658 3
82200 6
77479 7
1520786 0
88689 7
54109 2
57080 6
79299 7
68430 4
59539 3
64630 0
48109 4
1698465 3
47269 3
57550 5
53449 3
73320 1
43169 1
51749 2
1776124 3
51360 1
60789 5
50840 4
87209 7
66150 6
48449 5
49329 0
82449 7
43790 0
58809 5
81909 7
93449 7
46160 3
44939 5
42970 6
77349 7
42420 1
39480 6
45949 1
906812 2
84699 7
63530 2
1490526 3
43770 6
80649 2
55580 6
54090 1
41780 6
311547 0
58119 6
50180 4
44029 2
43510 5
1745834 1
72799 1
67130 0
72249 3
57579 4
45230 3
113769 6
157109 6
83359 7
44820 3
60200 2
67859 3
47570 0
46439 0
43479 3
81719 7
43930 3
55300 0
1254319 5
64099 4
59790 3
242458 1
84519 7
54169 2
43390 0
1340268 3
54059 4
52090 3
47219 2
85020 7
54749 5
55240 3
1292568 6
46059 2
44090 5
52319 5
79809 7
479125 0
184699 0
47739 5
44040 3
114939 0
1553256 4
69459 6
331207 3
48520 0
164178 2
44160 4
50269 2
50190 2
1500176 5
84740 7
55010 6
362277 1
57990 3
86549 7
1558606 6
44460 2
53649 3
50560 5
42179 5
43090 5
40759 6
43220 6
45990 4
47099 6
1454587 1
48000 2
198788 1
84269 7
1561836 3
66019 1
299297 4
51310 3
64279 1
53319 6
49190 2
86400 7
46109 3
78249 1
62730 1
52219 0
51090 4
43300 4
52419 4
44220 6
83699 7
1056020 5
46759 6
60590 3
108839 3
1815174 2
507235 3
64170 3
52989 3
59010 6
84809 7
1721754 4
221398 4
64550 1
78230 7
49860 4
60159 4
45979 4
56720 5
51940 4
1749644 0
53139 4
54680 1
55049 2
51989 5
47420 4
143379 0
1520966 6
48779 1
48210 4
52039 1
40079 5
119629 2
51290 6
55109 2
72380 7
48219 2
46050 2
46029 2
1528376 1
55690 4
55129 5
1432307 4
67550 4
46640 5
49660 6
59129 3
65440 2
59670 6
81519 7
52780 2
58609 5
106379 1
57840 0
52539 5
66540 3
77259 7
1187849 6
50610 0
56229 2
296097 3
57239 5
75549 7
1793684 2
63959 1
118549 2
59210 3
39640 1
38840 1
53820 5
51310 3
44060 1
45099 1
122889 1
53680 4
130018 7
73939 7
73849 7
70420 2
47059 1
55780 3
66319 0
62379 3
76110 7
54989 0
54540 4
59599 5
57629 6
1954143 0
70599 3
49340 2
48619 2
55200 1
227778 6
1503476 2
42769 6
65140 4
284828 6
72079 7
97939 0
53139 2
52140 5
45339 5
40800 6
52830 2
45289 5
43820 3
45470 3
59519 2
84899 7
1425017 2
68269 4
80249 4
58769 4
50470 4
46859 3
47440 3
57899 1
51279 5
71619 3
64080 3
51679 2
50740 6
74069 7
49550 5
64239 1
76269 7
54360 0
63659 0
53060 4
115069 0
1325778 3
47919 6
395567 2
52110 1
76620 7
72580 7
47449 1
43310 3
43490 2
42100 3
59269 5
61770 2
52029 3
40480 2
44860 3
69749 7
71409 7
51500 6
66289 1
40199 5
774333 4
49480 3
46040 3
49940 4
838072 1
53020 3
51569 1
46250 2
74879 7
45450 2
74610 0
1457296 6
82639 6
538695 3
62709 1
46700 0
44680 1
43470 6
1219579 2
60330 1
50479 1
53069 1
52339 6
892002 0
51499 1
56890 5
53610 5
39539 5
44940 4
78909 7
45619 0
55009 1
45479 2
147189 6
84849 6
64349 2
72349 7
43060 2
96919 0
51809 5
72339 7
52519 2
62260 0
51829 0
44850 5
928051 4
73799 7
45439 6
83489 3
43529 4
1336988 5
48040 2
85319 7
49429 2
53390 0
1625885 3
708063 0
53959 3
79619 3
64480 6
54179 1
76579 7
274667 4
41000 6
1451936 2
47690 5
62200 6
1218198 4
333286 0
71380 4
45839 6
1061481 1
56429 6
70669 7
55000 2
44919 5
70089 7
43139 5
57180 2
76439 7
47200 6
55600 5
51379 1
50690 1
41479 5
56090 2
83189 7
77539 7
50770 1
237507 2
46940 2
37570 5
46199 2
47150 4
270077 3
43240 3
45009 1
39710 6
80010 7
294578 5
72509 7
77339 7
43499 6
55730 3
71340 7
42930 3
59040 5
42930 6
43290 4
77429 7
48599 1
61880 1
71879 7
52009 1
59900 1
99989 5
59709 5
53340 3
54049 1
78530 7
53149 3
49460 3
39409 5
1660815 6
52410 3
43659 3
1359858 4
59639 2
636155 4
54080 1
50950 2
41999 2
150059 7
44529 1
42649 6
46020 2
39869 2
51470 3
56109 6
42050 2
47610 4
40540 6
50460 2
566325 5
63150 3
164259 4
60229 1
81409 0
1584936 4
76459 7
67359 2
58630 4
116299 7
121969 4
66289 5
49060 3
73160 7
56400 1
1017461 0
62520 2
42639 5
60970 0
68949 0
71769 7
47980 6
75069 7
64290 3
70589 7
48369 1
48719 1
39310 6
71979 7
165149 2
73930 7
63219 0
42490 2
59339 0
1395868 3
62319 1
60659 0
58500 0
70579 0
55930 5
55349 4
53070 2
52679 2
48960 1
45839 0
83269 7
1282928 1
42390 4
41999 3
45280 5
1743524 6
82229 6
75599 7
75560 7
44299 6
51639 3
55210 1
212609 5
70189 0
51760 6
80840 7
1429267 2
282987 3
537205 3
65140 4
60069 1
386046 3
43360 6
74300 7
1365638 2
52490 5
63659 3
48000 2
81139 4
51339 4
44280 6
63899 1
2556366 0
49770 3
52319 6
53350 2
80429 7
57030 3
75599 7
48989 4
319708 3
48030 6
71499 4
74830 1
41529 6
41200 6
40639 6
43509 1
43590 0
41329 0
406737 2
83270 7
53529 5
67920 0
70659 2
59900 2
48900 3
141969 4
261827 4
46470 1
42710 1
1837193 4
44209 2
74530 7
54669 6
48990 6
51299 6
77949 7
43899 0
57140 5
44929 1
1056831 2
519275 0
63509 1
1516415 4
43739 4
46790 2
40669 5
87440 5
73690 7
45120 2
71299 7
55579 6
17814868 3
63160 6
53229 2
81599 7
62450 5
126518 3
58529 2
78209 7
50410 5
65019 3
47410 2
68039 2
1633945 4
80049 2
75959 7
54199 3
62130 1
69929 0
43100 5
39320 5
74210 7
42039 6
53620 5
45079 3
71860 3
48359 1
72410 7
50629 1
42060 2
42279 5
70889 7
42739 4
42800 2
44009 1
50420 3
71260 7
46310 3
39830 6
44679 4
44580 3
40489 6
41489 5
70010 7
42090 2
71569 7
46029 1
42220 6
41219 2
41110 1
47930 4
45290 3
39720 4
44699 4
438646 0
44420 2
39240 5
47800 6
1485137 5
86659 7
44669 2
40900 0
73299 7
50200 4
66939 6
1649295 3
69160 2
77489 4
74059 7
48840 6
45569 2
80490 1
3099571 2
60950 1
79789 4
86729 6
56120 0
