116128 7
63649 0
61259 0
57489 4
58279 1
54639 4
60579 2
56519 7
107829 6
55509 4
58649 2
54749 0
59259 0
58859 3
59579 4
57430 6
64079 5
56488 7
58890 2
58119 7
58699 4
53969 6
63419 3
55869 1
70239 6
55139 6
57529 7
58329 6
59749 2
57809 6
57899 4
58430 5
61388 1
58890 4
61930 5
56960 6
60329 3
59529 5
62019 0
56469 4
56809 6
67949 0
56129 2
53369 0
57409 4
56339 3
63959 2
55520 5
59388 2
54950 1
54510 2
59799 4
58309 7
57399 1
56789 6
60659 2
53829 6
55189 4
68579 0
56129 0
56640 1
55968 7
58790 5
57459 2
54069 1
59369 6
55519 4
55929 0
58529 0
56919 2
58370 4
58870 4
60319 1
56410 3
56119 3
68059 3
57009 2
54819 1
62089 7
57339 2
56559 0
54269 7
58149 6
55570 0
58048 6
54900 5
60379 2
58959 4
62209 4
58959 1
56629 3
57699 3
76069 6
58239 2
56089 3
56549 0
56959 0
56289 7
55120 0
57648 0
57750 1
56529 2
55369 0
58829 1
66239 7
60319 4
60529 1
54509 2
60129 3
69109 5
59229 4
56899 7
58439 1
58989 6
58499 2
55889 6
57219 2
56140 1
60389 3
55489 6
62049 0
58109 0
59899 3
58879 1
58729 7
57209 3
66109 5
58879 7
56139 2
57069 1
56299 2
60419 0
55340 4
61239 7
63859 4
57859 7
56939 5
57919 3
60409 6
57779 3
61639 1
59809 4
60389 5
63919 6
59379 4
54549 0
57079 0
54550 4
62119 1
58768 0
57930 2
60739 0
56839 7
55939 1
57909 4
60789 4
62089 5
61479 1
59409 6
57259 2
72949 7
57519 1
59119 3
61889 0
55959 4
60639 2
54660 1
59368 6
55830 6
59629 4
56499 4
61839 5
63879 5
56429 6
61299 3
59159 5
58329 2
129188 3
55249 7
56589 0
55669 6
56050 7
58639 3
56069 5
56419 7
54299 5
60389 0
54739 5
57409 4
59699 3
60269 1
57629 4
60749 0
68999 5
55799 5
57700 4
56528 6
56390 1
57289 3
44849 0
42879 0
47490 1
46779 2
44319 3
46269 6
47709 4
44029 2
45469 7
45879 6
44579 7
49889 7
47109 7
44140 1
53189 7
44879 4
42809 6
43620 4
45909 6
45249 1
45119 5
47850 4
52359 3
45229 2
48720 4
50910 0
48389 1
42579 3
47889 2
46009 0
47489 5
45489 5
44429 3
45720 3
48089 2
49289 6
55449 7
46000 5
46439 3
40679 6
47129 4
42920 4
47069 4
45169 7
43410 7
46069 2
44499 2
49460 0
48080 7
45099 1
42589 2
52799 4
49799 3
49909 6
46669 5
46689 7
48079 0
63539 3
42930 2
46499 1
44899 0
42639 0
46819 1
40909 4
43270 4
44189 4
47299 3
43780 6
46299 5
44599 6
42000 2
41419 1
45919 3
45109 3
44630 2
44340 3
50759 4
43349 1
43770 1
51189 0
49869 7
40740 7
39539 0
42459 7
47469 1
42360 2
41719 2
46639 7
45480 7
44980 1
47869 7
42210 0
42269 6
46989 7
47859 2
44519 7
47979 1
44219 7
45249 0
44230 1
49799 5
54629 7
45549 0
41279 7
42120 7
45669 6
51979 6
45410 5
49689 0
44849 6
46200 3
42740 6
45439 0
47809 1
45170 3
43959 0
43169 5
45790 6
44689 1
45729 5
46889 5
44229 4
43799 3
51719 7
38589 5
41900 5
42069 6
42389 3
45159 4
45639 6
47079 5
40480 4
42889 3
49289 1
42899 1
42890 5
44839 7
47229 7
45020 1
50830 4
45629 0
47369 0
43559 3
42560 3
40029 3
50820 6
45590 0
45259 7
46019 0
42360 3
44169 0
43909 1
45100 1
44920 5
41419 6
45009 7
41420 2
42669 1
46989 3
47700 5
48049 2
48739 5
46489 2
46229 0
48150 1
45949 6
47969 1
56679 1
43230 5
42999 3
44799 6
42740 3
42919 2
45649 5
45089 5
46849 2
45759 3
47419 6
48039 6
47069 4
51199 2
48249 7
48220 1
48089 3
46609 4
42519 6
41830 0
43339 7
44889 6
91069 4
47879 2
43899 4
46130 1
43589 0
46079 3
44090 1
47460 1
53849 1
46899 6
45779 4
45009 7
46069 0
43819 1
43320 1
48780 3
44829 7
45029 0
48080 3
39119 6
47249 2
53339 2
46099 2
43209 1
41169 3
41850 7
46479 0
46569 2
45019 5
44589 1
43719 1
43699 3
45490 6
46969 1
47519 7
44950 0
45959 4
46739 7
48299 2
45780 3
45410 1
49689 0
58459 5
46409 0
45469 3
45869 6
48309 2
42040 1
47580 1
44459 6
45029 3
40030 3
43130 0
43349 7
45929 5
44659 6
43319 4
43539 5
38850 5
42099 2
46329 1
44230 1
44629 2
43929 4
46979 3
52530 1
43889 7
49239 6
47680 0
46299 3
46489 0
45879 2
47509 6
45479 5
48229 6
45039 1
41969 0
44909 1
46159 7
41150 6
46750 6
45359 2
46689 6
45570 4
51529 3
46719 4
54869 6
50229 2
46929 3
42939 0
44759 1
42029 7
45789 6
46129 5
39290 6
43599 5
45079 3
45759 3
45949 7
47359 1
46199 2
44549 4
45630 6
45519 6
45999 1
48449 5
43059 7
42949 3
49989 5
46319 5
43280 7
42339 7
45869 2
46809 3
46329 0
48279 2
47789 3
46830 0
46459 7
46719 4
45780 5
46790 6
48449 3
47849 4
46639 3
52310 3
42620 4
46439 2
45430 3
41360 0
49759 3
43729 6
43310 4
43869 0
44639 2
49209 3
47009 6
48149 2
45399 2
45050 4
44820 7
46599 6
46419 7
45959 3
46659 7
47369 7
54789 1
44230 7
49560 6
46739 5
46959 0
56619 5
45090 5
44879 4
49699 7
44299 5
45210 1
49149 2
42829 3
43170 2
48280 3
45679 5
44909 4
49389 2
43219 5
48179 5
46269 0
46759 3
43359 2
49419 2
44840 6
45130 4
55589 5
50999 6
43949 4
46480 7
49360 6
49759 7
43919 7
43910 6
50789 7
45219 6
42040 1
48219 5
48329 2
50129 2
43700 0
43340 6
44569 0
42140 2
45740 2
48859 4
44889 2
44129 4
64019 1
44130 3
40869 2
44020 5
45249 7
46239 0
47299 3
46350 6
46790 5
39859 3
43689 4
42139 1
48339 7
44409 2
46979 4
47089 3
49059 3
49579 4
52889 1
47120 1
45740 4
105648 5
42559 7
44209 6
43759 2
46699 1
43340 1
47329 5
44179 3
46289 5
46659 4
50289 6
48459 7
44270 0
46810 4
46009 1
47519 0
47639 7
44419 7
44549 3
46959 2
47810 1
57560 1
43419 2
42139 4
46710 0
52949 1
47699 7
54589 6
42520 3
46349 5
42139 5
50269 6
49550 5
46440 7
46839 1
44189 6
44909 3
43890 3
45959 1
44299 4
41890 2
45479 4
56059 0
42580 2
41700 4
40579 3
43360 5
48830 6
46279 6
47959 6
44990 6
46820 1
42919 4
47869 5
46799 2
47299 4
44609 1
45099 3
45899 0
46370 0
43859 6
42569 3
40409 1
46609 4
60499 1
48759 2
47700 3
45100 2
48989 1
41909 2
44550 1
44849 7
44449 7
40290 6
45529 1
44269 1
43409 0
45379 4
44839 0
46419 6
42740 3
48979 3
48169 5
47949 2
45270 7
49519 2
52669 6
47479 2
40870 2
48409 1
47599 6
50899 2
44429 5
44510 6
44249 2
45190 7
41060 3
43079 4
46859 4
46650 7
46049 7
42109 7
48729 4
46799 2
45469 0
41649 0
45380 5
53489 1
40969 4
45989 2
44860 0
41319 3
44269 0
44610 0
48070 3
51519 6
46699 6
43809 3
47030 3
42089 1
44850 0
47170 7
42549 6
46199 4
43010 5
43429 6
42799 2
46440 1
46969 2
54459 5
40169 1
46359 6
47839 4
48149 2
46699 2
47409 6
48440 1
48859 3
48069 2
45179 5
43929 2
47039 2
43189 1
49480 5
48639 3
42889 2
46760 5
47620 4
45059 2
45349 3
46310 3
59019 6
45200 6
41449 1
42820 5
47099 7
43489 3
47179 3
47930 7
49090 3
46269 7
47439 3
47869 3
45990 6
39319 5
51549 0
47329 4
47379 5
46709 7
41140 2
45330 5
45559 0
59209 2
43769 5
44120 2
46349 7
44119 2
42990 6
46250 6
49119 3
44899 2
48290 5
50080 4
46319 0
46509 0
46819 5
45699 0
47519 3
46719 7
47650 3
44249 0
50399 1
45579 3
42670 2
58509 2
45879 3
42739 6
41820 3
40779 1
47609 7
45680 6
48850 6
49559 6
44299 0
42739 1
43820 2
48279 7
41919 0
46299 4
45679 1
49349 5
45109 6
49369 4
46629 5
48499 0
104078 5
42929 2
45719 7
40860 6
48320 1
46569 6
50329 4
41560 1
48710 4
49549 4
47709 1
39459 0
48649 0
51489 4
44639 4
46100 6
50550 1
40439 2
43839 4
48550 2
48530 4
54579 2
50199 6
46570 0
45939 4
47189 7
47639 5
46540 6
42020 5
42289 7
44379 6
42750 4
46319 0
48129 5
44220 3
45769 6
45979 5
46359 2
45139 4
50329 0
44969 3
45849 0
52330 1
40500 3
41879 4
48819 5
42269 0
50579 4
45269 0
45960 2
46379 2
42119 2
39800 0
41240 1
50209 5
47339 2
47350 3
50669 1
46069 7
47729 3
46219 3
45310 7
46189 4
38369 5
57120 7
45740 1
44849 2
44719 3
47890 4
45320 3
48209 0
47479 2
43680 1
50359 5
50159 6
44079 1
44590 3
46169 6
47459 7
44539 6
43750 1
43689 2
39489 7
40700 3
43389 4
41770 0
49069 0
47119 6
45259 1
42869 0
43709 3
47269 2
47119 5
43830 1
49729 6
40169 2
43830 2
48099 4
43799 2
45089 2
49079 1
42849 3
48669 2
46920 5
49100 6
47449 5
46849 2
47399 5
50709 2
42859 0
42989 5
43599 1
46589 5
45709 6
47069 5
49689 3
47249 2
48829 0
44269 6
45300 7
44050 0
44969 1
44600 0
44790 7
51479 4
45609 7
46820 6
40450 0
43619 7
51449 2
47950 7
41430 0
46729 4
47009 0
41500 3
42159 2
49919 5
47730 0
45750 4
47069 2
42439 1
40310 1
40949 6
44739 4
45800 7
48339 1
48729 0
48899 2
44190 7
47059 3
45949 5
54249 2
45350 0
45150 4
41659 5
42329 7
46519 2
49169 7
44369 6
47210 1
47240 4
46659 0
49709 6
41849 4
43629 1
44859 7
47049 0
43970 7
44789 5
45409 3
45729 3
47930 0
45339 2
53429 5
49059 4
46179 4
48529 5
45859 4
41210 4
46420 3
40799 3
41599 0
