19770815 0
27160 2
8976436 4
70229 7
11036187 14
64829 13
19798985 10
78029 6
118916328 15
69539 14
48370 9
45499 0
62520 14
60999469 13
27990 2
24820 2
19723765 10
71070 4
39931166 7
130227722 1
40762859 5
209010064 10
8034295 6
60140 13
81912303 4
78977402 1
31023410 14
71410 15
7949695 14
31949002 3
93192088 0
3863944 12
82972543 5
19979864 0
62230 12
39999 7
56139 6
39848657 1
19000673 7
40989 7
56400 4
21007263 12
169906721 11
99989754 1
19980233 0
70010476 15
31001521 10
9102855 12
99922336 10
63799 4
57059 4
68956855 15
61360 8
55990 5
10778519 9
59997098 1
150008027 12
61969 10
59945919 9
67249 5
35990 0
42230 14
79853973 10
19992693 12
40009026 10
55220 8
46309 14
59881770 5
20012573 15
77319 1
26050 2
19896144 14
27220 2
149965717 0
20002504 7
39998195 14
30077729 3
1095750 13
36559 1
98906375 5
167149 5
33970 3
108673824 8
11053646 13
58020 13
159898994 8
63579 14
39937587 11
8062554 11
63910 10
55259 5
11911299 7
19903414 6
20000553 6
9036446 13
56549 5
54680 11
10924508 14
99800566 13
49044501 8
8946586 14
2091430 3
40088565 7
56699 11
59740 14
79839053 8
66150 9
19805934 5
9049175 5
11163916 12
39794118 13
101990726 5
17108910 15
60894160 1
90004328 5
8071014 14
31932501 10
110000971 0
38984575 5
47560 12
46969 12
1157800 15
9855068 0
56210 10
19846814 15
19994423 6
60008219 5
180007376 14
19983323 11
50015742 14
40129024 8
65769 7
57879 6
49742345 9
20080822 4
19915784 9
20007963 7
20107282 13
18875933 11
57850 11
996041 9
39947177 8
88996697 8
1083340 11
56240 4
9894438 1
39968726 3
28929 2
58260 15
139926461 11
119994898 11
60530 4
18931853 8
35140 0
56669 8
935111 3
20024653 5
40111655 6
59888949 8
162038 7
59811551 13
199977649 5
80010992 10
39991756 6
39981956 0
30318577 3
139338 3
87239 6
79472236 9
34810 2
90699 14
59949659 8
100905386 0
79171069 13
34460 0
70803238 15
9086165 4
29940440 1
19975143 5
37529 0
73159 9
19895914 8
20003333 10
80005101 15
69982845 14
50036052 1
59970848 9
26500 2
59975189 0
114979 3
35150 1
33309 0
57240 5
48671874 8
51085313 10
63389 14
19834945 7
32440 2
63619 13
58919 13
59833880 5
25700 2
95369 14
309868952 9
47970 3
17941932 11
22005144 14
57990 11
57529 5
109940972 15
149939697 5
60002669 6
60429 13
22790 2
109922292 3
37329 0
32040 0
58780 4
27853029 3
2069191 5
19944183 7
20022333 14
80071840 1
19914354 6
40001676 15
20114352 8
61999 13
108699 8
39836538 0
109868262 8
20008743 13
98986024 15
57849 15
100948276 1
59995589 1
20024112 10
56550 9
39921386 15
160026883 12
19956784 3
60002309 0
27660 2
64469 1
64900 6
19863974 14
204478 15
8823917 7
40974056 5
20028903 12
261587 9
57780 14
55989 5
24070 2
39566620 11
50001392 15
56819 15
19944823 4
57900 7
19944154 10
19990213 11
53879 7
47938861 6
2064271 12
32609 2
189911834 11
19998973 10
65359 13
49933843 9
9035645 5
10970427 1
58991248 5
2044561 11
61999 14
58260 14
59609 11
57129 14
178719588 10
100014554 8
19985683 0
20034563 12
19980033 12
39977076 0
8051424 7
69180 5
50881794 12
20862905 3
133498 13
61610 15
55859 4
23980 2
19747975 6
99996795 5
143788 3
49979163 12
178208 11
29785652 4
59891699 0
65120 10
19950093 3
63900 14
19038371 7
90898110 0
32020 2
50031181 6
66270 13
35600 1
129851845 14
59990009 8
38992045 9
1093990 14
59069 12
23280 2
19837544 8
19992353 0
91020 14
19909484 10
36450 3
142158 13
19829905 0
20027673 15
63879 14
17880373 0
12019567 8
63130 4
19928554 3
150193384 7
20840605 15
58962408 3
100019834 7
59987939 8
60988850 10
36600 0
18980472 11
60320 4
8966716 7
50966423 5
20000223 0
40189744 6
61450 13
38744797 12
1069250 9
28960 2
19902994 7
60149 4
27040 2
9950997 0
19978933 13
40029735 7
63930 11
69881596 13
167995959 14
24719 2
23120 2
2213949 6
39751088 4
19999023 15
168992850 14
31025189 12
60049659 9
289929668 8
40024146 8
73239 5
27450 2
8997615 15
61910 6
58260 6
55550 8
55290 15
53469 15
18586066 5
62015160 4
145848 9
26289 2
19813085 1
108179 11
20035972 0
18855693 15
55689 12
34470 1
31037030 10
19711285 0
83319 1
19940944 0
20006182 7
79982141 0
49037492 14
30971130 1
2025021 5
57059 12
24020 2
30878471 15
87002416 4
28440 2
40073185 6
19901284 14
20100362 12
19915634 0
75119 9
39911777 10
190004272 14
159997983 10
20003753 6
130003074 11
37860 3
7968825 1
110975022 7
31003520 1
40008206 12
58990888 10
59049 4
62070 9
64469 9
34260 0
126688 6
62300 4
54719 9
80545007 13
61329 7
55590 4
53239 12
129827056 10
59993979 8
61599 6
61819 13
57849 6
19818424 11
56459 10
20155981 14
7867957 4
61849 11
63269 14
71059 4
55270 9
56440 13
53819 11
55810 9
10502111 8
31007339 12
59540 4
59939139 7
60012849 8
51349 1
59510 13
27907279 14
69962535 9
56720 12
11934268 0
60489 9
19981662 4
109963811 5
29043498 9
10981597 12
8015766 12
62920 6
11900498 14
78889 13
54539 6
7953846 11
54429 12
91865211 3
50008232 15
129992514 8
20000663 8
99984754 8
60029108 9
49988442 10
39310 3
89962858 7
119988278 3
20166331 4
149842638 15
37985395 7
27160 2
1000730 0
160988394 9
29040569 1
61200 10
57909 10
10723430 8
35940 1
79938422 15
19997033 0
35049 1
59975029 11
62370 13
19946513 8
19996823 8
20003993 6
10098216 10
99915796 13
189977153 1
80007922 8
66389 5
59250 8
59891810 1
109966341 3
161038 9
59852510 6
20000433 1
19981923 15
70002715 12
66150 9
27859 2
43480 1
32550 1
56439 11
56730 9
11713200 7
8067335 6
55610 11
57310 11
54430 8
54950 6
39722709 1
18982442 1
21015564 8
58589 11
58739 9
59730 9
59968059 3
18951183 5
1010360 14
58230 14
19828624 1
20012023 4
65670 15
19937774 7
85889 9
67130 11
19901903 6
60680 7
19862604 8
82679 9
53910 14
30865521 0
39133314 12
24229 2
61769 13
20777376 5
39013624 1
29449 2
23950 2
19943974 15
163208 10
19838754 9
40000416 13
17993642 5
22020674 11
139985480 10
40001746 3
9010236 3
9982126 5
60998880 0
20002582 3
20000222 9
20000662 7
19988423 5
60006529 15
260009257 1
40059265 3
39080074 11
912942 15
99945714 8
19994093 4
97990383 8
2079220 10
39924277 7
20024332 15
63169 14
19926764 15
88749 10
58010 10
56549 13
54320 14
19716655 12
79872623 4
60022269 15
8064375 13
31910832 3
20001944 7
220667 13
19995743 15
62170 10
19729575 7
40096585 5
169917240 12
29983030 12
60053578 14
38120 1
89910909 12
20008573 11
20342170 3
79658095 14
99179 11
49941003 10
39969986 3
8983986 0
36869 0
20943184 3
63679 4
37936445 5
42047707 1
79769 4
178876876 8
1106470 13
58070 12
55139 13
9803938 3
9015036 14
33680 1
33859 1
261032888 15
69868177 10
109993591 5
89998718 1
25910 2
39984976 12
76310 10
19923173 8
62360 12
61599 12
111069 3
39838567 1
80024402 5
54830 9
59844760 8
19996243 12
60799 5
62730 7
89875429 6
9011096 1
11008087 11
28890 2
9207774 8
10745989 7
94509 5
59520 15
19839405 3
8042415 11
11963909 14
59719 4
84909 6
32810 0
56340 4
59759520 10
70360 11
61499 10
20057202 12
59822240 3
19985963 3
27620 2
150020416 13
27951159 10
60839 11
57690 14
102020076 10
24860 2
23600 2
61299 14
22260 2
39749838 11
63500 9
23720 2
58870 11
19836724 14
70117364 10
64289 14
58080 14
57529 8
60979 8
39513730 5
68001904 12
101998266 7
60010509 9
193288 5
32020 1
19804485 13
65069 13
66909 0
19961693 12
39901466 8
39976957 6
19988862 6
133079 14
49880314 9
100004245 11
20038382 10
79967651 6
67030 14
25379 2
37299 3
66460 8
57260 8
39715858 15
19992923 0
99349 12
18924593 9
1010481 1
96339 4
89897469 0
18976823 1
63070 5
1079840 12
39937386 8
7975475 1
70950096 0
50080031 1
10921258 5
39997166 0
45200 1
48030761 0
140949 0
11807939 10
20012713 14
8005205 15
11965328 4
139279 11
19892104 15
19959933 15
20258340 10
19766346 12
9130464 12
28846930 11
2046071 4
19983183 15
19975743 5
80134411 7
20000702 1
65260 7
63759 9
63410 4
7713568 14
57779 4
11897609 12
20036902 11
31450 2
119958728 8
19977353 14
60000839 15
20214151 9
8960297 12
30855592 8
19968723 11
19983613 0
120021357 3
10045346 7
40840 1
40329 1
109881752 6
67150 14
69189 14
60650 12
69869 14
23400 2
61109 12
79649915 7
137329 15
19970223 14
19900854 1
18964312 3
1158529 12
6741237 0
23390 2
57680 12
32906172 9
20009352 9
126759 10
39861387 9
9016786 1
70709 10
70908177 13
39995556 1
109169 14
27790 2
20029842 12
39835457 7
37996085 14
60259 4
22033414 10
68270 6
59965850 15
99929516 11
60103267 0
64350 13
34339 3
19755646 9
74150 3
99937355 4
25950 2
99966644 7
67690 11
39925796 9
68550 10
25159 2
99920345 15
58982779 10
41072246 12
32970 0
63680 10
64620 11
39777568 5
79329 11
73949 4
72799 8
39829 3
68870 8
79949 12
61589 4
39589170 5
39932436 13
19997503 13
100166683 10
49837904 14
127709 8
58619 14
33200 1
89776220 6
266548 5
19733506 13
19992593 4
20025263 3
69969525 10
20051652 10
63090 5
7977755 4
145906425 14
96014902 12
19991303 5
64669 8
89933119 10
70809 6
58921949 15
30049619 15
120952338 6
69989 13
19931574 3
19997293 14
20011382 10
190007673 5
20005083 14
38976595 13
58920 15
59939 8
27280 2
20861294 6
60003458 8
19997523 8
29989789 11
20002262 1
40014125 9
54480 0
59949869 5
30310 2
160358 0
129864175 10
8888766 15
91901541 6
79009591 15
60007118 8
19986603 6
20016323 7
36780 0
37890 0
19922794 7
40002575 5
8033096 12
58610 12
68099 14
11836369 11
20022793 9
30033579 8
20056433 3
59967439 14
19911924 13
120018617 9
59390 8
19937813 4
39975476 13
40030056 0
118962707 3
11071216 11
20074212 14
24780 2
59856710 7
71420 11
20019562 0
61310 5
24330 2
38893986 14
30932921 4
79977172 11
20009283 12
60020159 14
69973406 10
28689 2
39972696 3
70020335 0
19972243 9
20110282 7
69903266 12
69997315 10
20013543 5
9272273 8
68519 9
60869 9
62089 8
59109 8
10481442 10
39979226 9
71509 10
63630 7
79898933 6
72959 4
19875774 0
20009723 1
65009 12
62209 11
59329 11
19885834 14
39489 3
61209 5
9888587 9
19948663 12
20008993 13
19997013 10
2030471 15
40920 1
56911837 6
22050524 11
18947222 5
44000 3
20058302 9
34419 0
19862774 5
90020248 11
19988303 13
39600 3
19982613 10
10025266 15
29956440 4
60046208 9
29620 2
18917203 15
67579 10
67169 12
901982 9
70949836 1
19012912 12
59996099 5
60840 15
