424675 11
149418 10
117978 9
120529 11
187888 4
8811906 6
84279 11
103879 4
94779 8
113299 11
73429 8
128648 9
161228 11
99835748 3
86779 7
138248 0
203528 0
142268 3
181578 4
173808 5
106149 11
97278 3
92390 0
81459 3
78959 3
54579 11
75509 7
78408110 6
160578 8
236257 0
200028 1
114558 0
277217 4
143718 0
377336 0
60680 7
60580 7
85179 5
45839 10
130259 9
472954 1
402385 2
110738 0
220078 4
136559 7
276577 9
90409 6
84879 7
80779 5
140238 8
190228 5
354936 1
67659 4
175008 10
316716 1
44879 9
455574 8
127619 3
206567 8
168848 8
136259 8
53460 10
269227 5
251147 4
158258 1
69919 3
87829 3
98499 5
98379 1
219117 0
135739 6
1618081 9
42079 10
80769 1
152928 0
144958 9
97782292 3
74829 5
57160 6
64829 9
125808 7
103549 5
106329 6
123028 4
227347 1
113979 0
135198 9
182168 6
182958 7
125148 5
377886 2
179568 8
104139 5
9794014 6
346545 6
94049 4
116109 11
272087 2
205057 2
39262840 3
72149 5
109349 0
230968 9
81499 2
55999 6
88329 2
282297 9
51659 11
75749 5
62370 5
56590 7
12340 10
257877 4
112458 3
203158 6
182998 4
219137 10
140799 6
150778 3
155288 5
109079 5
232607 0
112789 3
233607 8
123038 5
235967 1
106048 7
216677 11
138418 1
117109 8
179168 11
100588 8
70959 11
103739 3
2529341 1
63939 11
52639 11
56859 8
57289 7
52669 8
116048 6
144328 2
151959 11
144188 0
64109 8
57540 6
43070 11
55849 7
239297 1
266897 1
156188 2
84589 1
100569 7
6398705 8
93909 5
4407418 3
70500 9
73899 4
143348 3
133358 3
224808 1
198227 11
29205917 6
89799596 3
73029 7
488435 3
165169 5
51370 11
117618 8
107528 7
215298 8
98772810 6
374755 6
208938 0
483704 2
84799 9
142198 1
58859 11
299196 1
84829 3
43359 10
68140 3
69889 3
48089 10
120359 8
222607 4
126569 0
150198 1
93979 8
113009 6
286896 4
46130 10
104308 3
177598 4
298186 4
188868 5
145338 9
2917656 2
85589 1
74339 1
115379 11
122129 9
93149 8
75679 3
612593 2
210488 4
86290 5
63800 6
282317 1
5030941 9
252486 9
85688 1
40459 10
34960 10
101239 5
85310 0
57909 8
37729 10
82019 1
50480 7
86589 4
35289 10
78419 2
55650 8
53999 9
5129040 3
97209 7
74019 1
9658357 8
131379 9
79969 0
104689 9
187038 2
89458 8
62830 4
9382760 3
74579 9
81819 4
48299 11
92139 0
63119 5
59139 9
43479 10
60459 5
9315740 8
10599476 6
205857 5
88378 2
127289 6
82779 1
60619 9
83019 2
55489 9
55419 6
86989 5
43869 11
93248 2
64900 6
88447842 8
47609 10
68329 9
79934812 3
69859 6
57250 7
409485 3
115918 5
45680 10
223117 1
94639 8
123629 8
131658 11
103459 7
61599 7
92779 11
166728 1
134938 5
120538 0
177418 9
136508 0
158747 9
82150 8
292156 2
155498 2
94229 0
112219 4
130438 2
145418 2
114308 7
162999 10
279257 5
132699 0
189697 2
417544 1
294387 5
40980 11
134139 7
134759 0
77219 1
447465 0
77909 1
151129 5
99089 9
105909 2
90139 6
159588 2
90809 3
90919 5
129149 2
102609 9
57909 11
176998 4
147728 11
151648 1
80399 0
163278 7
143068 4
58249 8
59899 8
94309 11
65929 7
135179 0
149699 0
127428 1
113589 4
70309 5
219348 5
97148 3
281737 4
243767 4
61409 8
85288 3
10079741 6
122409 8
105089 8
129798 5
164858 2
115219 8
353316 0
159318 10
117969 7
175898 2
55060 9
60289 6
43520 10
97139 5
100628 4
54530 9
54459 6
53189 11
51210 6
59069 5
55619 7
53100 6
73429 5
77049 5
44699 11
51580 6
70819 5
60029 3
41620 11
66039 2
79799 4
52729 9
43030 11
412195 0
47280 10
71089 11
143958 9
61779 6
64599 11
151689 9
79789 11
164448 9
84049 4
100829 1
46159 10
208688 11
172658 7
121968 2
217718 2
105079 4
112809 6
143398 1
138058 4
115318 1
201037 11
167988 4
190328 1
120428 7
409725 10
116098 6
182608 2
83799 8
194388 0
40510 10
58449 9
155788 8
189988 7
123698 6
172778 10
70790 4
36839 10
86479 9
416845 7
48530 10
217048 0
116418 8
167478 9
42869 10
182008 2
208737 7
78150 3
68490 8
144548 3
179708 9
83079 1
42669 11
9824815 8
56799 8
93239 4
74519 0
63039 6
159168 3
101839 7
105479 2
139639 0
96729 11
98669 8
86670 4
47720 11
151008 3
95989 6
137608 8
48069 11
45949 10
143569 8
119398 6
90389 3
120089 4
94859 5
61989 7
91679 8
51079 11
111729 4
159588 4
132709 0
110919 2
200498 2
228727 3
200858 4
241147 4
123798 9
210057 7
93459 10
197958 2
121508 6
167258 2
240878 2
190648 2
183808 2
68729 8
127229 8
98729 10
131388 2
244447 0
37310 10
148028 6
201958 4
66489 6
156188 2
77259 3
104309 0
146508 0
106149 9
159488 11
225948 0
295247 0
103039 4
55849 6
53729 6
74408 11
119628 1
64040 3
80899 8
45220 11
165828 2
68789 4
62430 4
61639 5
122758 3
119639 8
251607 1
125698 5
153759 5
87009 8
8847836 3
53999 11
1631901 8
74359 1
40114490 6
99969 0
54920 10
68320 5
52809 10
75959 11
108849 9
142948 4
65439 4
62360 6
69409 0
43320 10
132499 7
46269 11
114939 5
83049 0
61289 8
62459 4
106328 2
150348 1
53459 10
86809 4
83979 0
50519 10
77099 5
79100 1
56339 9
28086620 3
86169 1
95719 1
150368 7
49326992 8
125708 2
46299 10
63060 7
180397 0
222748 0
9586498 3
106728 0
65280 9
124509 2
9500129 8
73710 7
20052105 6
47140 10
9816134 3
57899 7
257407 3
9725436 6
182837 5
84719 1
81708 6
63360 5
9567307 3
91099 7
70429 5
9742715 6
48300 11
396105 6
9705396 3
455735 3
107739 1
130469 5
86689 1
65979 4
41280 11
110359 9
77919 0
58200 7
57729 3
81319 2
55129 7
37999 10
51570 7
70270 4
135548 2
125359 1
97308 1
83348 2
75090 0
103889 2
108409 0
84979 0
38030 10
143438 2
52330 9
63209 3
110558 2
53729 7
70109 5
51699 9
54300 7
74019 0
128968 9
75399 2
40049 10
43020 11
73299 0
61969 3
46617663 6
110539 0
303916 6
218937 8
227918 2
141428 2
138558 6
133059 1
149598 11
262647 0
91269 8
45659 11
152379 5
1261955 3
84039 7
148178 2
201727 2
149458 9
208467 8
102899 5
177168 7
199528 5
107199 6
82830 4
437405 0
156799 6
46010 10
497424 1
115379 7
51049 11
80349 0
117119 2
296687 1
69019 6
84209 9
70499 5
60659 7
189818 3
245997 7
196718 7
131188 8
150518 2
109879 9
42719 10
141848 8
69759 10
273097 2
248167 2
270467 0
104518 2
74559 5
68619 6
61479 10
160098 1
49070 10
66089 6
103659 6
227927 7
231927 0
62519 10
9729305 6
93129 4
149689 4
317927 6
230117 4
74529 11
124419 8
58659 10
113249 3
111489 7
177248 0
123349 8
161478 6
66639 10
149288 4
158498 4
42799 10
100879 5
134358 1
239197 2
67809 6
152088 1
211237 2
91939 7
192518 7
62659 7
115449 0
159798 9
71579 4
231348 2
244637 2
143668 5
220557 9
95949 3
168088 7
112179 1
53990 10
76590 10
202437 5
172868 1
229168 11
92309 7
66380 6
132458 0
141028 0
114989 7
102779 4
148808 0
151508 5
120089 0
102229 9
135588 2
173118 5
311096 5
129788 3
136028 3
76609 9
110199 1
128329 4
153848 2
73949 11
192648 7
116078 8
128479 5
323036 4
153228 9
103649 5
155268 3
148268 4
137678 7
193248 6
98359 3
59630 8
135888 4
64239 11
57610 5
37729 10
82639 1
37130 10
119288 2
66209 3
53269 9
44329 11
89408 3
60380 9
44599 11
54980 4
53710 8
73209 0
34340 10
53549 9
61349 7
54610 8
76349 1
52039 9
69469 1
83749 2
55510 7
60739 8
8527670 6
213307 0
61060 11
78589 4
135888 1
138329 8
41969 10
40040 10
57699 8
36219 10
89799 7
8143985 3
130708 2
84849 8
135749 6
75329 2
113998 0
142728 3
29933198 8
60980 7
78009 5
69219 7
43659 10
83859 0
178798 0
119149 1
127889 1
58449 9
112979 0
135158 9
149568 5
86569 11
171688 1
76059 0
79529 0
63890 8
58608433 3
95509 7
55859 7
38820 10
96148 4
54609 8
56709 7
95269 0
60129 10
313647 3
170778 0
82339 4
106739 3
216597 5
73859 9
151958 4
83899 7
112549 3
221807 2
128189 5
64289 6
92069 11
310446 11
45160 10
124728 11
97779 1
96389 8
129379 5
93939 2
168698 2
113988 3
124379 10
162468 11
124258 9
61299 8
68590 6
130548 0
85639 5
215458 5
79360 8
54619 11
237747 2
229118 0
159908 4
79649 7
343696 0
57089 9
56659 10
89179 7
149849 9
159429 1
117768 2
100469 5
66219 8
136249 6
106359 5
101188 9
131359 1
134538 0
125039 11
108228 3
138309 1
100899 6
155508 6
58339 7
109149 7
100809 1
108209 11
127299 6
59629 6
288537 1
355056 1
86909 0
239427 2
96699 8
56469 6
109979 8
223987 1
93249 9
53820 9
42749 11
8779177 3
73609 3
60319 9
53760 7
54299 7
77089 0
51969 7
50200 7
77229 4
73179 1
51100 9
75249 1
72869 0
56469 7
60160 4
76460 9
74189 11
102579 7
79970 5
237798 4
104498 3
173638 5
91189 10
88299 11
123879 1
154168 0
145108 6
139129 4
157778 1
84629 11
165488 0
54589 10
67310 6
37440 10
123129 3
71799 7
150908 9
40679 10
56420 11
42729 10
150678 11
197438 7
194948 7
82809 0
130998 4
122018 9
101219 7
101169 7
74979 0
87859 4
145858 5
264827 0
110109 11
167728 1
190278 1
99979 9
126659 8
88199 3
70499 6
198198 2
38489 10
101089 0
155108 3
125359 0
119088 1
144319 6
142018 6
49059 10
76870 0
98019 1
95439 8
253697 0
52689 8
71759 4
79489 7
62679 8
147618 8
51380 10
62289 5
130749 0
47170 10
97569 4
79069 2
109369 10
84919 8
175827 7
11129230 3
46589 11
946699 6
52219 10
72010 6
38719 10
65869 7
103619 3
137399 7
152528 11
112948 11
121758 5
155448 11
143509 4
78199 11
347476 1
154748 7
120919 1
50409 11
130578 5
95139 9
126099 5
209317 0
69690 7
41750 10
119149 5
134479 0
60989 8
168658 9
54350 10
76829 3
44719 10
92349 8
73669 7
89829 4
54010 7
210698 4
82219 8
108529 9
58909 6
