82550 18
111230 9
117729 13
207108 9
75530 10
227758 1
100229 16
101459 17
95779 4
69839 18
156579 6
254278 2
8521165 15
199218 5
155639 12
52470 18
253518 19
86789 6
124609 22
186689 14
67719163 7
263238 2
96770 9
88739 23
134729 16
2619290 7
32020 19
224448 5
671415 7
76809 2
49560 19
224798 0
82870 14
57929 19
74720 20
87014965 11
81649 19
92459 20
375708 5
126740 18
94159 20
115359 13
39660 19
136139 13
201678 20
141499 8
98279 10
200399 21
253278 1
216108 6
225989 3
235319 5
115549 18
73609 20
37120 19
616385 3
89429 11
191738 2
98899 8
183099 0
34450 19
252928 1
43089 19
102590 14
84949 6
91359 17
88710 10
79310 15
114539 15
83409 23
110840 17
199448 0
80360 20
77269 17
81139 15
181979 0
100289 22
80550 21
26120971 7
95789 8
80970 21
216648 6
106299 17
330508 1
70219 21
118319 22
72619 14
78529 16
6468881 15
178788 3
91490 13
82340 21
81719 18
30704746 23
73429 6
226918 1
121509 14
259429 2
206159 5
252868 7
100649 13
84590 21
63120 18
225248 7
100200 17
184419 5
66080 18
193008 0
111379 10
183049 1
169649 12
34679 19
134179 21
185409 7
90349 14
62290 18
143759 14
101739 17
96669 10
187809 1
220688 2
92829 15
75330 12
200398 6
102050 9
193389 3
175289 6
5417589 11
234829 4
115679 17
431456 5
467077 5
100539 8
120959 10
203609 14
163649 14
85670 11
102670 23
176838 18
157329 11
102079 21
359227 0
108239 13
93019 21
98819 13
96750 15
92599 17
202399 2
204388 1
100969 15
77680 21
269977 1
204059 3
6410911 7
160679 17
113000 2
7718511 23
332297 5
77100 14
206978 1
497406 23
241858 6
95959 11
8594894 7
91559 9
95429 12
92399 8
112939 16
135009 17
133269 16
96989 15
8996221 23
157069 13
92939 10
137359 9
30747366 7
92589 21
18687257 11
89429 10
89620 16
98299 16
203289 1
214949 0
289578 6
300967 5
179359 5
253918 6
195699 3
189179 5
201608 6
86519 16
112209 8
87819 16
88840 14
71589 14
91070 22
128128 9
122299 12
8062669 7
122439 20
515276 23
294868 3
120069 17
284508 7
128939 15
104289 17
235268 0
162969 8
6600820 11
224449 4
189528 1
247628 1
151269 9
197059 13
245738 6
302368 3
535047 3
96790 8
269718 1
91739 13
89229 8
90580 9
137028 17
84350 10
56559 20
322648 1
79439 22
87500 22
113059 12
92279 8
101989 17
85960 8
179558 5
73040 4
92839 9
90399 21
79020 18
87329 11
88499 9
96520 14
180068 4
32260 19
73289 18
97720 8
65849 22
15977358 23
223698 4
209469 6
246958 3
68409 18
94889 9
10346331 7
127189 20
179888 23
264078 1
270358 6
304268 5
987112 6
438037 1
318148 5
104420 23
95819 12
86449 13
43200 19
452817 6
106459 9
71399 18
82490 13
232349 5
98789 21
76590 9
83459 12
75709 20
245418 5
145748 22
112560 8
231699 2
133089 8
99029 10
141359 8
179558 6
93900 21
78769 18
69549 8
128459 10
110649 8
105499 12
29430 19
76979 17
91280 10
26810 19
93020 10
102960 8
2452101 11
89309 20
125019 17
10531830 7
123419 9
28032266 11
92149 18
99539 10
1123552 11
358627 2
136209 9
289218 0
89799 13
108599 17
49740660 7
107409 9
224909 0
86009 23
297168 5
340737 2
103709 12
132159 3
42290 19
349337 8
174699 15
133039 23
155839 13
91249 15
91739 14
45279 18
523186 7
187609 1
181948 17
57050 18
341527 5
115069 8
164379 17
151359 0
292838 7
401196 2
271709 15
30109 19
385247 17
294578 7
184229 4
178918 5
138449 23
155339 13
272038 12
149389 2
404147 19
130399 10
239418 0
346307 21
192929 18
9765695 11
153699 2
109909 15
88279 15
242787 8
220378 10
539396 2
94679 13
749554 5
95810 17
191218 0
18029853 23
111148 11
132759 2
186109 16
169799 9
107129 8
188398 18
201469 16
136549 12
195318 23
419306 16
196799 0
103309 23
300308 5
179918 15
390947 1
884673 7
484146 7
82829 23
88339 4
157309 5
316248 5
44639 19
337367 9
283898 5
226468 3
135599 20
197079 18
91629 15
237848 3
237638 3
209549 22
229548 11
247048 23
99169 8
366327 6
428337 6
330488 5
124179 15
136979 22
334367 3
9972134 11
135619 5
676185 11
311038 5
59732174 23
134569 3
42680 18
82949 22
133029 9
85019 15
205169 18
97579 21
699995 23
212268 9
180859 12
193238 0
209218 2
319648 0
81670 21
67810 12
149539 21
58029 18
128079 9
103729 1
78689 20
92139 15
81700 15
83329 23
133589 0
97489 12
128379 3
114600 1
118870 5
84019 13
80149 17
111609 2
96260 14
89189 13
79049 15
81270 12
85539 17
105549 9
78850 16
96209 8
79829 22
95069 21
101829 15
79359 20
232569 4
112570 1
100709 8
88599 10
13339368 7
150309 8
9668916 11
82460 8
101810 12
98399 13
93509 15
142829 6
119059 8
95419 12
107969 15
106119 8
124739 1
9979324 23
637865 23
119489 5
68529 4
155858 14
97499 10
89330 10
50897321 11
94399 13
85310 8
94309 16
185549 5
146699 1
242729 8
123050 5
155579 10
124230 12
108559 4
163848 15
105359 5
153388 4
130909 3
67120 14
103199 0
78110 5
134019 12
144499 3
88650 11
86149 16
5403269 7
184708 14
179159 4
185079 6
109160 11
224568 6
187858 3
135839 15
119648 17
91859 11
83159 12
87320 16
84500 11
75169 20
74540 21
121399 20
128919 22
57570 18
203879 6
134499 5
148529 0
129919 0
62819 22
37664412 23
175019 8
158119 3
285288 21
347507 7
212939 0
191429 3
149079 22
90879 21
201369 5
339357 1
147839 15
140339 14
221498 9
133539 11
145589 21
99359 12
219618 11
140388 22
252747 11
166938 5
58270 18
108649 13
180689 4
153608 20
195169 13
198449 2
97930 16
121499 15
264198 5
291157 21
179288 15
124859 20
214148 0
157319 8
232469 3
79689 12
119179 21
99009 9
186379 0
121709 12
91049 23
81220 22
209348 0
67580 19
253547 16
251608 18
346247 3
128509 1
170109 1
294977 1
131230 2
117830 12
9506198 7
258188 15
114269 10
248778 5
128179 16
365558 7
144138 9
50950 19
399737 21
201808 15
408087 7
198819 20
56209 19
119899 8
109010 18
100650 23
112269 17
217358 22
434667 0
157799 21
213848 23
134299 2
224898 10
423667 6
103519 17
442767 4
214888 0
221139 4
267349 23
86770 19
181359 10
297748 13
264328 4
125779 19
120029 18
175919 20
363247 14
156999 18
169509 4
131569 11
105829 9
392677 7
231798 16
222019 21
128439 14
112639 8
159608 15
232178 3
158428 14
129689 16
185999 20
115639 8
108439 20
9492438 15
97469 8
147819 6
143869 17
192918 11
80460 15
79779 19
132919 11
110809 13
106139 15
130048 15
68530 18
19611140 7
100449 10
133159 3
122809 22
114150 17
260578 21
239158 6
350067 0
218278 1
94229 3
135419 0
121699 11
245808 2
429166 4
93029 15
145419 8
188088 13
163549 1
125799 12
146989 20
253558 12
259258 4
190818 13
72780 18
119379 14
115269 8
140619 2
119039 18
1686877 17
50840 19
170308 6
160338 1
545626 17
370407 4
259328 6
70100 18
147819 13
116029 9
165958 15
290958 13
143009 15
120599 12
413887 4
118539 17
108249 13
87950 14
137749 6
246378 3
109549 17
134299 3
115299 5
74129 22
96969 21
90369 11
94889 22
72500 4
121089 4
131439 17
124979 0
66029 20
82320 22
107719 9
102459 17
125409 6
39010 19
81409 21
7997129 7
239348 1
1094762 7
440926 7
177848 0
162089 5
210878 6
90220 15
162929 21
104450 17
453457 3
85729 23
203678 3
66060 21
231368 5
92989 21
210538 15
108629 16
134759 13
124370 21
81330 21
116399 23
94429 18
100809 13
114339 16
331607 7
207959 7
254658 3
299417 22
428227 0
189628 3
196449 7
326388 1
186548 9
117149 20
152609 21
187769 21
100139 12
213558 1
192649 10
152719 12
216298 6
206958 5
171299 4
87749 18
92330 16
108239 16
99269 10
68939 20
1209881 5
157739 10
293088 4
95989 15
94679 8
464287 5
88189 22
111169 21
208849 1
107626907 23
129388 0
97039 9
137169 13
75619 20
84349 16
164368 12
99200 16
136470 5
136570 2
144759 11
30970 19
151419 14
107809 8
201569 0
114910 13
232328 8
95739 18
90569 10
93499 23
107109 9
91239 13
57802119 7
204368 21
39090 19
120559 16
129489 6
98619 18
237458 23
535426 17
41160 19
173548 0
144668 5
230868 9
125679 8
92589 16
202358 8
108239 8
125639 11
171008 4
371967 4
236428 8
66019 20
232369 14
191839 1
218638 5
294578 21
115659 10
35850 19
142149 23
105929 4
145789 7
86469 13
213768 22
104229 12
229078 23
167909 3
148068 2
109939 8
111809 16
80819 20
153509 16
105659 6
131369 22
320738 8
96979 13
262338 2
138169 23
164309 9
184758 21
93130 14
160419 11
124879 16
145348 9
153049 4
85850 22
323797 4
136969 1
9860195 7
112529 1
119229 0
83349 17
35920 19
87269 15
85620 12
36089 19
120779 3
124028 23
126668 15
83460 14
104139 23
97709 11
119610 6
100219 23
36129 19
76760 3
235828 17
106819 13
153749 22
225038 2
140549 0
70050 12
76519 8
109509 2
95090 13
96610 22
43899 19
111328 7
95049 8
98489 11
119409 1
123699 5
106870 3
67370 16
107959 11
88010 10
72620 14
110979 9
110639 6
106829 5
99279 0
81870 16
93589 13
32830 19
83619 17
350398 2
182008 3
185389 3
82559 21
85980 16
88839 11
83179 15
78720 22
89489 14
99739 21
78510 14
173378 7
112419 23
88349 8
88989 12
93529 11
91500 15
63509 20
167689 7
82199 16
245228 0
75740 16
87849 10
112299 8
66380 13
119949 9
87349 11
186399 0
69239 20
90520 13
172739 5
174229 5
84599 15
78940 18
88770 13
92829 8
95389 14
67539 14
67190 20
82180 14
86079 8
30590 19
61740 13
57150 20
171029 0
95559 16
181369 0
125789 14
89849 11
181438 4
105819 11
88689 15
85690 14
48040 20
97239 8
75700 20
63779 18
53420 18
91649 15
90329 5
71799 22
72489 4
87410 14
65709 18
77659 4
76360 4
87899 10
91930 17
99169 0
88049 17
40740 19
94069 5
88560 10
85630 16
112399 15
85359 23
84700 14
84779 15
105389 2
86600 23
101200 11
105059 4
33930 19
64559 22
83409 17
118170 1
77249 14
30490 19
95119 9
86919 6
81469 13
81409 12
74710 10
72509 21
102489 23
107009 0
73719 18
105449 4
5784526 7
33880 19
92209 14
77589 22
86600 9
82279 12
68759 0
110689 10
103689 4
77619 17
103279 8
87990 17
48580 20
132630 3
76490 23
107029 6
108319 0
106059 7
