178358 5
93019 6
96289 5
90679 3
90779 5
96729 1
86959 7
89929 2
92219 7
96099 5
94768 6
86799 7
89429 6
85999 0
90309 7
87279 4
87279 7
97219 0
85699 6
93959 5
94188 3
86419 0
86259 6
89429 4
90239 1
92659 2
96669 3
90079 5
87499 4
95589 6
87779 5
94079 3
128349 2
85389 1
97729 7
89919 3
91239 7
92910 6
85110 7
89839 4
95099 3
91429 3
99409 2
96879 4
89179 3
89829 6
87299 2
88799 1
91909 6
91499 0
87599 3
93448 1
88928 2
104930 2
88659 5
86669 5
84709 1
87749 1
88209 6
101179 3
91379 4
91329 7
92959 3
91999 3
103089 5
92780 0
89490 7
88330 2
95599 7
99319 5
88819 4
93179 7
93799 2
95139 7
103559 5
96669 1
91489 4
96569 2
91939 1
93749 6
87959 1
91729 0
90929 1
100199 5
86809 7
97908 1
90650 1
90368 4
93979 5
97009 7
97999 5
89159 3
91159 1
91219 4
94869 3
90429 2
11111988 7
88230 4
80749 1
82049 2
80289 7
85989 3
86239 7
87179 1
89819 2
84920 7
86049 7
87119 4
82779 1
84719 2
85469 2
85870 6
86139 7
79469 3
81579 2
87279 4
81679 5
85360 4
79450 4
96609 5
86139 2
92039 0
82029 5
85549 3
80489 4
82989 6
83430 4
84799 1
83639 4
78669 5
89539 2
87530 3
78430 0
82349 7
81989 3
80389 6
83939 4
80130 3
79650 0
82519 5
82959 4
81589 5
82859 4
92549 2
80140 5
78199 4
84069 1
89579 5
88509 5
89299 7
80569 4
85039 7
90439 6
82989 0
89049 5
81599 3
82739 5
77310 6
82408 5
84949 2
85879 0
82239 4
84859 7
82509 7
80510 6
86190 0
80479 3
97969 0
79179 5
78899 4
85269 1
86409 7
85779 0
81389 7
79929 1
89779 7
82639 7
85390 0
93159 4
87119 4
83070 3
89229 4
76469 6
91639 7
83119 6
75930 5
79510 4
91839 1
79279 1
83269 1
96179 4
102869 5
99249 0
95959 2
96899 6
105409 1
98019 5
98649 7
106279 7
101819 6
119369 3
91739 2
96099 2
104069 0
103539 6
96279 0
95869 0
97269 0
97079 2
102519 4
10128547 5
103769 6
105329 0
107219 1
106979 0
104329 1
106589 3
101969 3
98929 0
111899 4
102199 2
99739 2
100679 6
110288 2
101779 7
97228 2
107609 0
98859 5
97409 6
115269 2
97259 6
96919 4
107419 3
104139 0
100069 7
103839 6
90099 5
102609 0
100969 2
105059 4
98019 3
98699 3
111599 1
100779 6
106869 1
103139 2
92689 6
105879 0
122028 6
104989 3
93869 2
93168 4
98530 5
96119 2
99050 0
101110 2
97808 6
102419 2
113479 2
103529 3
110859 7
106959 5
101769 7
100649 3
98899 1
104759 0
99669 4
100659 6
106019 6
94979 5
99299 5
97359 5
102189 0
101539 7
96799 1
106869 2
99459 2
109399 5
110748 0
105690 6
100959 1
94939 4
108658 4
98140 4
99119 0
99209 3
105149 4
99109 6
111499 2
107919 2
109809 3
96079 0
101539 6
104009 1
103619 1
101759 2
99069 5
120839 5
99559 4
98479 3
100369 7
100379 7
101699 5
96848 2
104588 3
101090 6
107730 3
10122798 2
89479 6
93929 6
88259 1
90789 7
90669 4
89009 3
87260 5
93668 6
86569 1
90409 7
99019 2
91259 4
88749 5
96729 0
90369 3
91449 1
90879 4
103039 2
89809 5
90349 2
107779 3
89219 0
84899 0
85519 7
89200 3
91189 7
90119 7
92389 0
87019 5
90359 1
87589 3
99019 7
96419 5
87989 4
90380 1
89799 2
90520 6
92780 6
85249 0
89919 2
89009 3
90939 5
89989 1
98399 7
92819 3
87039 3
91479 7
85908 7
85630 4
91019 2
84589 2
90529 4
88469 4
92479 4
96319 0
82789 1
85779 0
93328 4
91888 0
92329 6
91129 6
96629 0
85909 2
95399 5
88049 1
95869 6
82589 6
84389 6
86770 4
89708 5
93799 2
96339 6
99639 2
93909 5
89759 4
98589 5
96129 6
94559 2
87319 3
90479 2
90079 1
84609 0
88360 3
89690 5
93899 3
95828 4
88639 3
94409 0
86539 0
86519 2
93439 2
100129 1
93799 2
88489 6
90499 6
100289 1
90929 5
108029 3
95299 7
98809 4
90879 6
87639 7
85608 3
97919 5
92790 7
95259 5
90119 2
92829 5
10109398 1
104209 6
100769 5
92070 6
89659 3
96619 6
90950 0
86990 1
89649 1
96259 7
99609 5
95499 7
89749 0
92639 5
86789 1
92629 4
91849 5
92899 4
89030 4
96219 1
92099 5
97459 4
90399 5
89549 5
96259 7
89439 5
92479 5
84489 1
89659 3
95999 3
96109 6
93549 6
100499 0
87759 3
89630 3
97128 0
86688 3
93319 6
90319 5
91989 1
91919 7
90529 2
91699 2
95689 5
93389 2
88809 3
91869 5
93609 1
93179 3
90580 1
86068 4
92249 6
87239 0
84609 1
94749 1
82929 7
92869 6
93059 1
87289 7
89090 0
87450 2
95319 2
90360 5
97019 6
100589 3
99509 4
95099 1
89729 6
88099 3
84839 4
86429 2
96909 0
136409 6
93429 5
90279 6
96999 1
91689 3
90509 1
83099 7
96349 0
82410 3
86988 7
94779 1
81830 7
82859 2
92299 3
84079 5
93599 5
85199 1
86509 2
83330 2
81069 3
83709 4
80679 4
84409 0
80930 6
81800 7
85839 3
100399 6
73409 1
80579 7
79059 4
86869 7
82020 7
81139 0
88709 3
86889 7
84489 2
81910 5
89228 4
10103737 1
96249 6
90649 7
93329 2
92010 5
90370 4
89159 0
87690 4
94199 1
90059 5
90339 5
105569 0
80839 0
80369 1
83309 2
83080 7
85559 0
88170 6
81249 6
84869 7
88459 6
79549 0
84060 5
100550 2
89748 1
93009 5
99288 6
86740 1
88989 7
96339 1
98329 0
90799 7
92779 4
101939 0
84189 6
90259 3
85519 5
85930 4
91939 7
91240 2
86119 1
100469 0
100039 1
103189 2
105888 2
85959 6
86219 3
97909 6
91899 5
95989 6
94819 6
93769 0
88569 6
91439 3
87409 4
99619 0
89869 3
95150 3
92819 6
97828 3
86210 3
88939 2
89189 2
94819 0
89229 6
95159 6
97119 4
85899 3
86239 5
90469 6
83959 4
82109 6
85999 4
85909 1
81109 4
85069 4
79779 5
91790 3
83339 6
80029 4
81749 6
87119 4
80689 6
84630 7
86129 0
80069 2
80159 7
87259 2
94159 2
90479 6
83670 0
85739 3
84089 3
84589 2
86899 3
84289 2
73339 4
79639 0
76789 1
78659 4
75789 4
86689 3
74439 7
84889 7
75079 4
77939 1
78309 3
77929 1
74210 5
71149 1
73139 5
76179 3
71099 4
78819 1
10085298 6
91419 0
68970 1
69219 6
68979 2
73479 7
67339 3
68790 2
68469 1
69480 2
68750 6
68099 4
69589 7
69359 5
75469 5
67819 4
67620 7
68190 0
68959 6
67630 6
69020 6
67409 5
66640 3
68449 7
67639 6
69269 7
71230 0
68029 3
65729 2
73120 3
67419 2
68039 7
67500 7
67230 2
66499 4
69709 6
67500 6
68549 1
66899 7
66139 0
65609 3
67669 4
67670 7
66229 0
71579 5
67710 7
67200 1
66849 0
66810 5
68189 6
67089 3
69699 3
65520 7
66469 7
67639 4
66970 4
71389 0
67959 6
71780 7
66700 2
67839 7
68610 0
64840 6
69159 3
66640 5
69009 5
72629 2
69229 2
66280 0
65339 5
67669 2
67940 2
67829 3
74279 2
66509 3
68890 4
66819 0
68489 0
66260 0
68929 4
67809 4
69210 0
67409 3
66279 7
68580 6
67500 0
66519 2
68500 4
72799 5
68629 2
67170 1
66759 0
66689 0
65950 5
67829 5
69139 0
68199 6
69220 1
66999 2
68189 1
67199 5
68690 0
75779 2
73199 7
68340 3
69049 2
69249 3
66749 6
67759 2
67449 6
68280 3
66280 3
67969 3
65969 3
64379 1
62789 7
62159 5
70730 1
61929 7
64150 4
63939 5
62939 6
64550 4
62439 3
62320 7
64569 5
62489 6
63990 5
64919 6
62049 6
63230 0
62319 3
61009 3
76050 2
69780 3
71749 2
72209 2
74260 5
71220 2
70849 4
71079 4
73279 0
71309 7
73709 2
71410 2
74490 7
74889 7
10081318 4
64929 7
63680 6
64649 4
63789 4
64199 1
63339 2
64080 4
63219 4
61979 3
64850 0
65680 5
67489 2
64359 2
64410 6
68399 3
65149 5
63149 1
64219 5
63619 2
62930 4
62469 3
66510 6
64279 5
63989 7
62320 4
65049 1
64800 6
68550 4
63259 7
72709 7
64790 5
63359 2
63119 6
63139 3
63379 5
62809 7
63149 0
64799 5
63630 4
63750 5
62989 5
65009 4
64039 1
62949 7
63860 3
70849 5
65579 7
65149 6
62629 4
63989 2
61530 5
65229 2
63049 6
65290 3
63429 3
62609 5
63600 3
62939 1
62110 5
63669 4
62779 7
70679 5
62540 2
62619 0
62679 0
64099 4
62349 0
63990 6
62990 3
63969 0
62390 3
62819 3
64229 5
64109 4
63329 2
62850 1
69010 1
65129 5
63679 1
62079 1
63389 4
63689 2
60510 3
63719 3
62260 2
62429 3
63879 3
62230 5
63879 6
62959 3
63260 7
65789 6
67560 1
64569 4
61909 0
62819 1
62399 4
64349 0
62320 6
65199 2
62839 6
63800 5
62369 5
62140 4
62169 6
64229 6
63600 3
64609 3
67579 4
63880 3
63380 2
63089 7
63050 1
64549 0
63819 3
65320 3
63109 0
64399 2
64120 0
65129 4
60910 4
66289 0
63829 3
71520 7
63170 6
64459 4
63169 6
63659 5
61849 2
63660 7
62540 7
62149 4
62470 5
64219 3
64239 6
64390 3
64329 3
63119 1
61330 4
71369 6
63409 1
63119 2
63529 0
65019 3
64350 3
63829 2
62589 5
65120 0
61959 6
64700 2
63559 1
66019 3
64270 0
64959 0
10082228 6
93479 2
65109 7
64130 7
63889 6
63460 1
64850 3
63379 7
63610 3
63950 4
63079 6
62910 0
64240 3
66489 4
62470 2
70389 5
63209 7
65639 6
62280 4
64109 6
65470 2
62209 0
62410 3
63770 5
61109 3
63239 1
64069 2
63349 1
61729 3
62789 2
61399 7
65920 1
61249 0
63029 1
64710 0
64019 3
62399 1
62389 0
61549 2
63579 2
63380 2
68539 7
65019 4
64759 7
62769 0
62480 4
65779 7
69429 1
65369 5
63029 6
63659 0
62930 3
61389 2
62489 1
65240 1
62139 7
61590 2
63749 5
