118488 2
16139 0
47210 1
22520 1
164538 2
11739 0
49775226 3
13310 0
31079 1
89169 2
83089 1
81909 2
10890 0
28840 1
114588 1
65719 2
74189 3
58219 1
19520 0
105359 3
135858 3
10280 0
78959 2
25530 1
56439 2
29980 1
113928 3
38209 1
64749 2
10660 0
26700 1
22689 0
20450 1
10980 0
10380 0
64969 2
119089 3
99569 3
96839 3
59890 2
8860 0
114709 3
56530 2
9360 0
10159 0
191858 3
108039 2
108189 2
70019 3
116798 2
25549 1
10560 0
30590 1
61119 1
105219 3
64839 1
9970 0
126389 2
10000 0
11190 0
71989 2
124049 2
56769 2
46510 1
64209 2
10160 0
75699 3
62159 2
116919 1
80379 3
11200 0
58189 1
54310 1
11350 0
32910 1
11760 0
69139 3
20800 1
122828 2
71290 3
110969 2
100449 3
110109 2
85309 1
88119 1
13390 0
65510 2
68639 2
34759 1
11909 0
122119 2
13560 0
71609 3
75899 2
72039 2
62439 2
132109 2
11430 0
129278 3
14650 0
78619 3
33320 1
105518 2
79629 1
188077 3
73429 3
47550 1
14450 0
71789 1
63399 2
11650 0
28950 1
68339 3
66129 2
67249 2
66950 2
88959 3
204388 3
34059 1
38649 1
72279 2
12430 0
55700 2
12700 0
33700 1
70829 3
66849 3
103909 2
35490 1
90549 1
22419 1
25890 1
94829 1
164528 3
32810 1
22179 1
132099 3
63639 1
158778 3
30830 1
127448 3
20010 0
57799 1
24579 1
100269 3
115719 2
10200 0
123648 2
73709 2
66049 1
10669 0
99369 1
62499 2
114219 3
26130 1
60309 2
13850 0
34380 1
56230 2
147248 2
41830 0
4006873 1
56779 1
33819 1
56030 2
55489 2
10010 0
5906181 3
107848 3
128418 3
10000 0
31990 1
67310 2
145588 3
25700 1
38679 1
56700 2
87279 2
76168 3
82139 3
26349 0
60700 1
28320 1
10780 0
69249 2
65510 2
59049 2
9850 0
100298 3
26889 1
39720 1
54809 2
68679 2
28470 1
113189 2
23110 1
88909 2
39270 1
23420 1
132059 2
99859 1
89099 3
128418 3
76329 1
36450 1
31040 1
22510 1
161458 3
122999 3
94739 1
13550 0
186567 3
71909 3
94268 1
23589 1
24770 1
103459 3
9700 0
141378 2
71019 3
9930 0
99719 3
9920 0
114688 0
85129 3
65330 3
128998 3
71379 1
68730 3
79170 1
104769 1
24490 1
62679 2
55910 2
42509 1
98359 2
69529 1
29850 1
105368 2
126519 2
82519 3
125729 3
78260 3
87719 2
11360 0
12980 0
71329 1
130268 3
192808 3
99219 2
13520 0
65500 2
12100 0
115319 2
11750 0
107789 1
100378 0
61170 1
39449 1
134489 3
25580 1
60620 2
10350 0
10170 0
154549 3
134788 2
10820 0
61349 2
92449 2
11570 0
61229 2
127439 2
138858 3
69220 2
66829 2
38689 1
36180 1
12160 0
43809 1
10940 0
32419 1
37240 1
83109 1
104799 2
80709 3
11060 0
10950 0
69269 3
191748 3
10559 0
68599 2
107869 3
143889 3
11940 0
62029 2
27969 1
10660 0
10120 0
195798 3
11380 0
41869 1
38480 1
59579 1
70750 2
25690 0
39150 1
21019 1
92499 1
74630 1
72239 3
83419 1
69399 2
77899 3
113319 2
73159 2
10066331 3
62569 1
59879 1
63399 1
67519 3
129829 3
93139 3
32590 1
75879 3
73210 3
85219 2
11090 0
107259 3
139889 3
86269 3
24439 1
55880 2
74669 2
10520 0
53889 2
65839 2
64810 1
60850 1
67759 3
61339 2
71309 3
64719 2
11650 0
26370 1
21980 0
68449 2
10160 0
21590 1
11900 0
68039 3
65599 2
36750 1
116398 0
113099 0
78269 3
9350 0
52209 1
58560 1
25039 1
22610 1
84279 3
35060 1
63829 2
9670 0
31229 1
18730 0
116549 3
9790 0
46869 1
56890 1
10040 0
9420 0
111649 3
61769 1
37910 1
80299 2
62839 2
22590 1
10800 0
36779 1
138949 3
65539 2
147838 3
10060 0
114539 3
27160 1
109299 2
117889 0
108798 0
34369 1
92689 3
23500 1
9629 0
9529 0
10189 0
107669 3
101899 2
9810 0
76399 3
86939 2
10250 0
9510 0
8619 0
63479 2
9690 0
97478 2
69149 3
73839 3
125578 3
58910 2
92349 2
28410 1
9130 0
9180 0
9540 0
101459 2
71899 3
11410 0
91778 2
25500 1
106259 2
9900 0
9860 0
100679 2
58989 2
76299 3
126438 0
16130 0
95089 3
105309 1
11710 0
11320 0
126838 3
62710 2
171249 3
55680 2
9970 0
9860 0
27719 1
66219 2
79108 3
78150 2
10370 0
75350 1
11520 0
72190 3
24110 0
30940 1
28660 1
15140 0
81670 2
143648 2
89729 2
9990 0
75389 2
52759 2
10170 0
66449 1
69069 3
33009 1
11030 0
9860 0
9800 0
58519 1
104209 3
27540 1
133938 2
65779 3
111289 1
29360 1
145969 3
69479 2
21260 0
10180 0
11449 0
11740 0
76620 3
63220 1
65779 3
10070 0
9420 0
36099 1
136909 3
200987 3
9650 0
53319 1
98779 2
11560 0
16950 0
152268 2
204298 2
10430 0
24770 1
10549 0
9400 0
89719556 3
11299 0
12020 0
107539 3
12940 0
12400 0
62119 1
108249 3
10220 0
578494 2
11480 0
10920 0
12100 0
29630 1
23090 1
110478 3
25210 1
56659 2
68319 3
59629 2
10260 0
71059 3
57249 2
87139 3
28140 1
10790 0
98239 3
142359 3
33989 1
73880 3
73949 3
10280 0
872089 1
54879 2
30470 1
77930 3
91130 2
32430 1
67029 3
25660 1
35639 1
13409 0
51669 2
21880 1
82859 3
79499 3
136308 3
40279 1
10140 0
52460 2
63979 2
79169 3
87829 2
100879 2
91029 3
31909 1
98819 3
142779 3
143528 3
26130 1
77109 3
12060 0
87679 2
135669 3
70949 3
9470 0
32300 1
65879 3
57139 2
11990 0
11530 0
30719 1
10149 0
85528 3
130148 3
12400 0
30890 1
10680 0
30620 1
38700 1
55280 2
71749 3
50579 2
100668 2
83799 3
10440 0
58799 2
60780 2
12620 0
10009 0
9940 0
10530 0
70979 2
72919 2
60910 2
73739 3
65469 2
27860 1
71669 3
114999 2
73389 3
77839 3
70879 3
66609 3
22550 0
73169 3
10760 0
60829 2
55360 2
10599 0
28219 1
10820 0
73099 3
33330 1
10470 0
51069 2
10350 0
73699 3
128019 3
8949 0
121858 3
140398 3
29110 1
103449 3
58569 2
55520 2
39000 1
77099 3
9520 0
117969 3
131128 3
9530 0
9380 0
32259 1
77068 1
134428 3
18440 0
36609 1
73739 3
68019 3
10060 0
9679 0
10450 0
52780 2
121248 3
10270 0
28620 1
37399 1
10760 0
71189 3
80619 2
34799 1
130158 3
145368 3
61849 2
1145996 2
10491 0
28519 1
32420 1
28079 1
52040 2
68908670 3
68509 2
74399 2
122338 3
9469 0
27920 1
111599 3
108728 3
41240 1
127799 3
57980 1
96718 1
62680 2
66069 2
9570 0
22360 1
113868 3
87859 3
38640 1
62939 1
30300 1
35679 1
30920 1
9760 0
91019 3
22120 0
10740 0
59329 2
117128 2
151488 2
9191 0
12620 0
70360 1
75890 3
41370 1
51119 1
39880 1
11760 0
11750 0
137578 3
11790 0
29440 1
31549 1
10490 0
154848 2
34120 1
111209 3
10350 0
10011 0
196307 3
215897 3
57009 2
29309 1
12031 0
15409 0
13280 0
81509 3
88559 3
13250 0
58409 2
69500 1
70519 1
128459 3
126479 2
11940 0
171449 3
151279 3
294506 1
85089 3
103729 2
83669 1
62599 2
10310 0
10160 0
136149 3
199447 2
24730 1
82439 3
26340 1
10780 0
171298 3
9229 0
24260 1
170638 2
103959 1
60969 2
10680 0
69799 1
11110 0
110579 3
23450 1
56640 2
120638 3
191558 3
68869 3
64479 2
77639 3
52890 2
26369 1
64089 2
39059 1
83970 1
9950 0
104479 2
52559 1
88628 1
64700 1
32620 1
259147 2
11930 0
156788 3
34000 1
43229 1
51489 2
136178 3
37490 1
24890 1
36150 1
71929 3
122089 3
92099 3
11600 0
10540 0
59149 2
51579 2
68209 2
10250 0
96259 2
427915 2
24179 1
71269 2
24580 1
36979 1
83969 2
103349 2
88749 3
62269 2
95229 2
10680 0
12110 0
10087921 3
120939 3
195558 3
75500 2
11920 0
13150 0
103969 1
25270 1
65219 2
10450 0
10680 0
53909 2
26200 1
9840 0
151198 3
59429 2
9290 0
49709 1
31359 1
33130 1
75189 1
59809 2
25640 1
30609 1
11889 0
193088 3
212908 3
60009 2
25690 1
10839 0
58689 2
153588 3
52050 2
8640 0
78980 3
11870 0
74430 3
88029 2
152138 3
204697 3
133898 3
15809 0
75788 3
15959 0
178548 2
62399 1
35519 1
65389 2
15460 0
13620 0
110839 2
11240 0
83079 3
11210 0
105539 2
115789 2
71409 3
12620 0
112988 3
32529 1
54079 1
32260 1
14050 0
71239 3
31980 0
107508 3
183438 2
74979 1
68859 1
36600 1
38320 1
25769 1
169068 3
55140 2
122718 2
29240 1
170378 3
39069 1
87790 3
16520 0
177038 3
11560 0
80069 3
96059 3
65459 2
12320 0
71779 3
28630 0
17640 0
13959 0
143078 3
17020 0
103458 3
11549 0
24280 1
24570 1
24909 1
67609 3
58489 2
11950 0
67589 3
11840 0
58529 2
10920 0
179828 3
11450 0
85389 3
34399 1
63529 2
23439 0
131219 3
11030 0
60719 2
24290 1
162118 3
10990 0
11459 0
51249 1
101149 2
13090 0
10951 0
12560 0
71699 2
98129 2
74640 3
59099 2
143968 3
221517 2
9859 0
157818 3
9770 0
10420 0
60920 2
23429 1
24960 1
12530 0
53759 2
126699 2
128738 3
11170 0
12780 0
11620 0
189357 3
16739 0
57250 2
23529 1
11599 0
10300 0
23830 1
67509 3
10460 0
67959 3
66409 3
26440 1
67239 3
63900 2
67820 3
66689 3
54049 2
24640 1
65969 3
10110 0
24460 1
11084530 3
114029 3
113299 2
27760 1
13529 0
11890 0
126489 3
11820 0
24179 1
142779 2
209747 2
120929 2
282136 2
26339 1
51209 2
155459 3
190628 3
72150 2
12360 0
126618 1
11480 0
14130 0
15999 0
89399 3
24050 1
25120 1
68139 3
11910 0
11610 0
62269 1
11600 0
25080 1
12139 0
64560 1
104598 3
125049 3
82489 1
63739 2
39870 1
12330 0
70719 3
