180499 3
113739 0
111029 1
111609 0
130679 0
114879 3
112269 0
110989 2
109929 0
111749 2
108259 2
106679 0
111179 1
116539 1
110400 2
172858 3
113789 1
119830 0
130299 0
126599 3
127259 3
128489 1
121769 0
110829 1
115699 1
112869 0
107310 2
139628 2
132399 0
118950 1
107289 1
115999 3
104859 3
110999 3
106629 1
107269 1
107909 3
107869 2
114419 1
107139 0
105409 0
105099 2
101750 1
110999 2
110349 2
109739 2
111839 3
132319 1
104619 0
104549 2
109809 1
104999 0
106270 0
106779 3
107879 2
105859 0
107119 1
156699 3
107459 0
112149 0
115319 2
140339 1
145359 3
148999 3
152459 2
139239 2
145379 0
147139 3
149438 0
149019 2
151369 1
169399 1
145549 1
139309 2
149929 0
142839 3
143199 0
164888 1
155089 2
150299 3
147599 2
158459 0
153509 0
144789 3
152389 3
148419 3
139049 1
153489 3
143239 0
141459 2
145229 2
152058 0
148658 2
156829 0
151549 2
148839 1
146079 1
139109 2
158010 1
144029 1
143789 1
144559 2
140999 2
147279 2
148719 1
140529 1
153789 1
151339 0
152418 3
148079 1
146079 0
151779 1
146829 2
152259 2
151398 0
142539 1
141958 3
142729 0
154109 3
143879 3
139539 0
143429 1
147109 3
151719 2
157390 3
187739 2
140749 2
147519 2
147309 3
141419 0
142299 0
151708 0
145119 1
143429 3
148799 0
152499 3
154559 2
152979 1
153359 3
148019 1
138569 0
137799 3
140829 0
143839 1
150379 2
156848 2
141119 1
144339 2
149388 1
150059 1
138859 0
141329 3
148679 0
151139 0
151379 2
160219 1
159479 1
159919 0
158999 3
150049 2
153778 2
157118 1
151489 2
148579 2
153209 3
164819 1
150258 1
150109 3
153749 3
150459 1
160129 1
157318 2
150768 3
158949 3
153859 1
159219 3
151439 3
157799 0
160268 2
150659 1
142909 1
151059 2
149319 0
152519 2
158848 0
161769 3
157249 1
149719 3
152399 2
159398 1
188949 2
152119 1
143939 1
149889 2
146839 2
154309 0
153429 2
169969 2
155249 3
156430 0
149149 0
159209 1
155389 2
162319 3
159108 0
161128 2
160019 0
160529 2
156119 2
172688 3
161209 3
153609 1
149829 2
155689 2
150989 2
155549 0
162199 0
150369 1
146629 2
162509 3
155990 3
154709 0
169089 2
149389 3
148739 2
150318 2
157199 3
156609 0
162909 0
158709 3
158738 1
156139 0
168519 3
157119 1
151829 3
171358 2
150469 2
156429 2
149739 3
166289 0
163388 2
170239 3
149569 2
150309 3
154259 2
148948 1
162088 2
164199 1
163269 1
154939 3
152919 3
158778 2
154779 2
152249 0
168169 1
154639 3
146079 1
160528 0
154369 1
152869 3
162129 0
156029 1
160068 1
158599 0
152519 1
153009 1
159088 3
159608 0
147369 3
148009 3
153039 3
153189 0
153658 3
167948 0
154049 1
165119 0
152299 1
150799 0
165779 1
152299 2
163009 2
160819 0
157428 0
158548 1
155359 1
155719 2
159759 2
149088 1
151879 0
153139 2
157369 1
159509 2
163128 0
159408 0
153319 3
159069 3
150739 0
155248 0
150288 1
157928 2
152679 3
163919 2
171569 3
158199 1
149739 0
162859 1
153959 2
155269 0
148008 2
164499 3
151289 3
157549 0
157129 2
154619 1
158458 1
151359 2
149879 1
150619 1
186578 1
145539 3
154638 0
157899 1
157289 3
162529 1
170848 0
146599 1
149289 0
153529 1
159609 2
155459 3
160599 3
157349 3
147079 2
155989 0
154038 1
135519 3
135830 2
130028 0
134170 2
138059 3
124468 2
118619 1
122040 1
124769 1
135329 1
155858 3
122828 0
119620 1
128069 2
123479 3
131259 2
148439 2
132559 3
137729 2
131769 0
121159 3
120119 3
120139 2
125789 2
142429 2
128319 3
126029 0
119869 0
114139 0
126339 0
134589 0
134469 2
130379 0
146009 2
115589 1
119429 0
127119 3
119009 3
124600 2
132448 3
121850 1
117388 0
128799 3
125089 0
125439 3
140339 3
130050 0
122159 2
133349 3
130129 0
116919 3
122299 2
117869 2
121099 2
119649 0
117379 1
116359 2
119250 0
165299 0
125669 0
140199 3
128539 1
133019 3
124579 3
115940 3
125390 0
117848 0
122140 3
136179 2
125129 2
121549 0
121899 2
127919 2
134219 3
127579 2
146789 0
133939 3
133219 1
129459 1
113779 2
120089 1
126559 2
128469 2
126529 0
131989 3
124749 3
128379 1
127169 3
122899 1
151159 2
126979 3
115799 2
124059 3
123109 3
116179 3
117150 0
119019 3
134149 3
124879 2
119089 2
123409 1
120419 3
123849 0
127059 3
126789 3
129009 2
112629 2
121619 0
122639 3
115709 3
118519 0
118090 1
131859 0
133819 0
119559 2
121699 1
125069 1
125159 3
123439 3
134989 3
120569 1
121189 3
123739 3
116409 0
115069 3
119329 0
116608 3
125639 1
124459 2
137249 2
123759 3
129439 3
134819 2
122339 3
129899 2
170599 0
116759 3
155059 1
121350 3
126868 2
118800 3
121429 1
120449 3
114459 2
116159 3
125719 1
121149 0
118139 2
131379 1
126689 0
116170 1
117448 1
130130 3
124399 2
119339 1
112239 2
119189 0
120599 1
118299 2
114339 0
120200 0
127708 0
119299 0
119109 1
131769 3
124099 0
116419 1
122379 1
114629 2
117839 2
120199 1
115829 3
116759 3
108559 1
117690 2
114709 3
127149 3
122039 1
129989 0
122299 1
120779 0
120839 1
125379 0
123139 2
115079 1
114640 2
124350 0
121590 3
112739 3
120309 2
123509 0
126249 0
124869 2
120189 2
134009 0
111309 2
109780 2
122330 2
118910 0
118379 1
113899 2
122319 0
122559 2
122219 2
121019 0
123189 3
118109 0
127299 1
121579 2
126659 2
112780 1
130079 2
117970 3
119969 1
120019 1
112749 1
128709 1
119219 0
113459 1
144519 0
128959 3
123989 3
129759 1
122719 3
117870 2
124779 3
113650 3
120610 1
118929 1
117649 3
118979 1
121599 3
122579 1
120349 3
110900 3
119859 2
125988 1
126870 2
121610 1
129339 1
121909 1
110879 3
112759 1
119859 0
122659 3
118069 0
115409 3
126828 3
120939 3
114279 1
107609 2
123869 0
124769 0
114159 1
118399 1
128359 3
116079 2
115609 3
123730 1
120899 2
115649 0
131069 2
119879 2
117319 3
119079 3
119419 2
117309 1
117239 1
119819 2
130550 2
123900 1
115868 0
112880 1
122609 1
124899 1
122959 0
121519 1
125629 2
111179 0
116369 3
114730 3
111910 2
119089 1
116969 1
121419 2
124699 0
128859 0
113459 3
113579 2
121679 1
120519 1
117880 2
125939 0
119148 0
128070 3
114770 3
117789 1
120929 0
123249 3
123649 0
132749 2
127279 3
162399 3
121809 2
125569 3
115519 1
115289 3
122939 2
115760 3
117599 1
126539 1
118380 3
127429 2
134069 3
128119 1
127279 0
119769 0
116339 3
121619 2
120259 1
115259 3
113719 2
129779 0
118339 2
117630 1
116170 1
119999 0
131329 0
135179 3
130869 1
133319 3
122109 2
114269 3
120079 3
134869 1
117889 2
110739 3
128309 2
112869 2
121839 0
123450 2
120180 0
123029 3
135249 2
122549 1
131989 0
130529 0
124429 0
123599 3
114649 3
114449 3
128019 2
115869 0
121929 1
122089 2
122430 3
127210 2
127059 2
126040 2
125549 3
125539 1
117439 0
116159 2
127549 3
116749 3
114189 3
127299 3
131399 1
114140 1
114899 0
116000 0
117429 1
121309 0
119429 0
123899 3
145759 3
110639 0
117019 2
125639 3
123119 0
122769 0
123019 0
133359 0
143899 0
125329 1
114120 3
113239 1
128999 3
132790 0
122419 1
122959 1
136519 3
113169 0
126339 3
122429 1
115409 1
120439 1
122749 3
128659 2
130259 2
119599 3
114740 2
117379 2
127519 1
126339 3
121309 3
125459 2
121829 1
134209 3
122779 0
113969 0
120729 1
119429 1
108109 3
115568 2
122570 3
123649 0
116139 1
128209 0
123769 2
125569 2
126739 3
124199 2
126579 2
131939 3
113759 3
120749 2
119319 0
112259 0
114968 2
114819 3
121939 0
123749 3
125379 1
126219 1
128889 2
131769 2
111209 2
118799 2
121429 3
116060 1
126979 0
122190 1
123290 0
128959 0
124480 3
118739 2
118959 1
128239 2
129869 1
118959 2
138929 2
116849 2
115889 2
117199 1
115219 3
117448 1
134419 2
122848 3
119449 1
122419 2
122069 0
117689 2
138429 2
127609 0
159429 3
133170 2
130450 1
122230 1
121979 3
125839 2
124009 2
131899 3
113279 2
119209 0
114989 0
121619 1
116849 2
123779 0
118979 1
118239 2
132279 1
125889 2
127599 1
121689 2
122069 0
131729 1
122039 1
116079 1
126359 2
120889 2
113819 0
123319 3
122459 2
120339 1
119530 3
129339 2
135809 0
124799 0
113179 3
121629 0
127009 0
118719 2
122279 2
124079 3
123779 0
118359 2
125179 1
131288 3
119439 0
123788 0
133579 1
126908 2
140199 1
113519 3
123059 2
126499 3
119579 1
111429 3
118709 1
117639 2
123249 2
122629 3
124899 2
112499 0
112150 0
124959 1
119479 2
114769 1
109659 3
114549 2
110100 0
112068 0
105839 1
104249 0
107109 1
105449 3
107500 1
106450 1
133129 0
118729 3
112049 0
120099 2
114289 1
111139 2
109259 1
104619 3
114099 3
146209 0
105969 0
105589 1
107329 1
108299 2
113190 0
109080 0
112229 2
113429 2
125859 1
116669 1
123289 1
112309 3
115450 1
105500 0
102989 3
111749 0
119239 2
103469 2
110019 1
114240 0
119629 3
111259 2
117129 2
113749 0
109009 3
119590 3
118930 2
110370 1
118659 0
112169 3
108609 1
117749 0
113739 2
108359 0
120239 0
108889 3
113919 1
105639 0
112399 0
109540 1
116169 0
165218 2
126109 3
108019 0
115609 2
114899 0
113979 1
123839 0
122819 1
114009 2
112499 2
112349 2
108939 3
112559 2
111819 3
116389 2
118839 1
109289 1
117420 1
111399 3
117340 2
107579 3
106929 0
115069 2
116329 3
109280 0
106349 2
112489 3
106379 1
114839 0
116259 0
119449 3
117159 1
111620 1
121999 1
112629 1
118279 2
123559 3
102139 1
109949 3
109668 1
106200 1
104199 3
108619 2
110149 1
104969 3
151708 0
115589 3
119948 0
111789 2
120679 0
113559 0
114069 1
113119 3
112159 3
123749 0
108819 2
107159 3
107369 3
107119 3
105099 2
107800 3
116308 3
116910 2
124269 0
111739 2
112259 2
111479 1
116209 1
108109 3
110760 0
107409 0
111609 2
115349 3
109499 2
108330 1
