203408 15
113159 0
109369 11
104789 2
110649 6
106459 13
110849 6
108459 8
113089 3
98079 13
104669 0
107819 4
109689 15
107069 1
110759 7
106948 10
104499 13
111479 15
100230 6
113889 8
108429 8
106719 0
105729 2
103549 15
110909 9
108509 1
115399 11
103509 7
106549 15
104659 15
106809 12
118019 14
116289 0
113299 6
108779 3
125649 15
112979 2
113959 3
111429 15
103689 10
113109 3
112579 14
110949 0
102379 0
129779 10
102570 0
101388 10
104088 11
158568 15
109109 1
105809 11
103899 15
105699 5
117199 0
106519 8
113189 4
104889 11
102769 5
113178 15
111119 12
109319 13
113708 9
119849 15
107629 15
103609 0
110999 8
99099 11
103189 0
115089 12
103799 12
116389 10
119319 4
108099 5
98880 6
105559 5
111599 8
110990 4
114790 12
102279 13
105748 3
134469 14
117069 0
104729 1
108069 14
108369 10
107509 1
107669 13
108689 0
107279 3
10147552 11
113888 13
88800 3
97088 7
101130 4
102139 5
106569 15
109698 9
91809 12
96389 13
99999 0
98939 11
103909 2
113979 0
105079 6
105399 14
108429 8
101559 14
108238 2
114319 0
102859 9
97779 10
105608 10
110588 6
98519 0
100910 3
106379 12
105328 0
107948 11
108749 14
99579 13
107769 9
111859 3
102849 4
110229 2
109589 4
100639 0
103199 2
117369 11
100919 13
100079 12
103329 9
104609 1
111549 5
104999 7
107549 12
97809 10
106519 8
114649 9
102619 11
107789 4
104079 12
103009 10
100229 1
106199 5
100789 8
101749 6
115429 13
101469 9
106479 15
111709 6
111709 0
120848 9
111188 2
100069 3
95148 4
97559 3
117190 6
106698 5
107409 12
115819 13
106699 2
97599 5
97479 11
106639 13
110739 13
117739 2
104069 7
101819 9
106569 3
105559 9
111929 12
97929 11
106579 5
105499 13
118759 4
103669 10
101359 9
104729 12
101209 9
107339 4
113009 14
104509 12
118708 0
108708 6
10145152 1
103109 14
97499 4
99408 1
105919 4
96348 0
108988 12
101199 4
101039 3
104828 2
92048 5
100540 10
95349 14
101419 3
101559 9
95739 7
100569 9
93019 15
99489 0
97789 12
95039 9
99299 15
94019 4
92759 2
96979 6
93349 3
91170 1
91319 4
93649 4
93879 12
101169 11
98399 9
97589 15
103269 9
92879 5
91179 14
96549 0
96259 6
96019 2
92890 4
102299 15
88529 12
95699 4
90719 6
100259 13
98149 5
91459 15
102639 9
98849 3
93979 15
101199 6
95769 5
98249 10
102369 4
97699 5
97139 15
95299 1
91180 1
95039 8
91689 7
98349 11
110469 0
89739 15
109799 13
98219 7
97049 11
95949 14
91449 4
94739 0
96359 15
103488 15
109188 14
100449 4
94009 0
97119 8
98679 12
97610 9
95559 12
93359 12
95149 5
94609 13
107799 14
95099 0
96749 5
103009 8
100929 15
97629 5
97129 10
96969 2
98089 7
93059 12
108969 8
92949 8
94899 8
101099 8
96930 13
101559 0
86549 15
92299 8
89649 6
91349 1
95249 11
10161592 1
107229 8
105369 15
109289 10
115959 2
113358 5
106168 10
119768 13
115269 14
90679 11
95410 13
96899 9
94630 1
92619 11
96749 5
86269 10
90619 3
100359 15
99119 10
104329 14
93099 7
106189 1
93649 12
99369 3
97669 10
98688 5
95259 1
95448 1
90840 10
104019 11
89519 2
93559 8
95869 13
95919 11
102319 10
89219 6
98179 6
90219 14
91149 3
90128 15
98650 4
101629 0
97489 5
90379 15
95079 11
89079 2
94989 8
98039 14
97629 4
94899 2
99099 9
92779 7
102739 15
107110 14
111450 13
94959 0
104748 12
104899 4
94728 10
101888 4
94190 2
93449 6
100349 9
97969 3
99809 8
99329 15
100139 5
95869 4
104339 12
102829 5
110549 1
103189 11
105859 7
108829 7
98489 5
98089 13
111469 0
96979 2
106509 7
102599 0
105609 9
100599 4
102139 8
110109 6
101889 3
100139 8
98169 10
104899 14
94689 3
114979 2
100959 0
100699 5
100559 14
108269 6
103969 0
110859 13
101209 10
108329 11
106059 11
10178221 0
111469 5
105569 6
113249 15
124149 0
118369 2
113469 1
118699 11
123948 13
105079 11
111269 5
112839 11
106039 9
118779 7
109369 12
108499 11
112719 3
118789 4
107369 11
111070 5
99868 2
119468 12
120748 15
117639 7
109669 7
110469 9
128369 8
117729 1
127719 3
111329 3
115299 9
114579 7
114169 2
116439 12
123269 4
120348 6
117539 6
115879 0
118359 12
113389 9
116139 1
109849 14
108469 0
131308 15
115498 7
114969 9
115159 14
116419 5
123269 4
109409 4
105359 2
127528 3
110059 12
113129 14
111239 11
113189 14
108829 2
104149 14
116599 8
116759 9
117389 1
111269 9
124579 6
109868 8
111539 13
104849 0
113459 15
106909 8
117899 6
123399 2
106169 11
108149 7
108549 15
104999 10
111589 13
108568 14
99729 3
118539 4
129398 6
96699 14
99649 11
103559 6
105949 5
102459 15
102239 9
107479 1
111209 5
98559 7
10137072 9
86310 10
96930 8
98979 7
91190 11
99889 4
102889 13
97779 5
94019 15
89679 8
107329 13
97229 1
104079 9
97499 7
92739 6
95219 1
93939 5
93009 0
98909 0
87949 12
104368 11
90359 1
109089 4
104448 0
99960 3
88939 4
98969 11
92169 1
102289 9
92139 9
147609 2
92749 13
94949 2
92779 14
94969 15
100909 13
92929 3
95229 13
92099 12
90980 7
101519 5
94330 0
88759 5
91659 7
93879 15
98369 13
106299 7
96599 15
98899 7
88509 5
94749 12
99269 10
86310 1
103610 10
103679 15
96950 2
97299 3
94420 14
95439 8
89979 2
93479 1
96419 3
104259 4
111119 15
98099 12
91679 15
93099 9
87349 11
85840 4
90099 8
86809 2
92379 9
92979 6
94779 0
97209 0
97969 4
100159 0
86349 13
90580 3
95170 6
89430 4
90479 3
104379 2
89269 2
91419 11
80639 15
93529 8
87209 9
83189 3
82839 6
89169 2
85899 8
89230 8
83568 5
124248 3
104468 9
106559 10
108639 10
107269 1
105279 6
109089 7
108989 8
109519 13
10164392 12
107999 10
117248 0
113719 13
108128 6
101110 11
112969 10
112819 14
116289 15
101409 12
110259 6
109509 3
106069 13
104799 15
102139 1
109069 0
103499 12
97789 7
120059 7
106329 10
105829 1
117229 15
99709 2
107118 0
97979 14
115229 3
94759 8
112099 2
109148 4
99719 11
115939 15
115679 11
104509 7
102899 10
101189 1
104009 12
109809 14
110179 3
97729 13
104589 12
101459 8
99209 2
104519 14
108379 6
106419 8
104169 0
115219 0
115459 14
111149 0
104609 14
110699 1
102789 6
107199 5
105579 11
115779 15
124709 1
96250 14
99319 6
105179 7
109708 10
91570 13
95320 6
104829 0
100889 2
96899 14
104719 1
90029 11
100379 6
104869 10
93089 13
97529 2
93139 12
89669 10
92799 3
98829 10
114829 8
95609 6
94609 7
92108 12
92888 7
91239 0
89749 9
95529 1
99239 8
99539 3
92819 15
122859 7
101789 11
100469 7
104529 7
103839 3
105629 8
104889 13
105769 2
98079 8
9148641 4
131968 7
122459 3
123039 10
132208 9
119968 0
117979 12
125179 3
137559 8
98579 1
96449 11
90139 6
100649 6
95319 0
86669 9
94969 5
95629 10
88199 6
104830 9
96499 2
89879 7
93999 4
96339 9
98929 14
96099 7
93609 2
98589 1
90889 11
113449 15
94459 10
97549 8
102609 11
114589 12
91479 12
97079 10
100789 10
95680 13
93988 6
113199 5
94370 14
98699 14
94009 3
96159 0
90649 7
96289 13
90249 15
100969 1
100559 14
104429 12
95749 2
95399 2
89879 0
93259 14
91508 2
100030 13
97329 6
100939 9
93799 1
87209 6
99489 10
89689 12
95199 15
100199 14
97199 8
101559 2
103259 11
93589 2
91448 15
98419 6
114228 15
86540 6
100139 4
100699 8
97729 4
99719 13
95879 1
96209 11
95249 1
89959 12
102709 3
104199 11
95519 8
93489 3
92780 0
96619 10
97639 7
91829 13
98589 6
92999 4
102559 9
2134509 10
123419 0
123439 0
130389 6
140688 10
130799 9
136538 12
129708 13
138219 12
132289 2
130999 8
130929 6
132239 10
132159 12
140248 9
140749 9
110809 7
117309 6
107399 0
279887 2
130639 5
123908 0
129769 13
111489 11
115209 5
107839 15
110839 1
115529 9
122469 14
115830 8
144989 5
108649 6
113479 6
122359 1
123199 6
122778 14
118319 14
125749 3
119179 10
134569 4
113008 12
112739 9
120369 13
131439 5
116429 1
116999 5
123728 1
128769 4
110429 2
114249 0
116419 5
107379 15
111669 12
131658 11
120118 0
123149 10
113889 4
109719 0
121249 14
117679 5
116488 11
119799 13
118709 8
109789 8
127069 12
122069 0
122199 12
119759 9
116789 0
119299 6
115989 12
120529 12
130969 0
105529 15
120689 10
127098 3
112169 15
118269 5
126309 4
111309 6
118538 0
10162681 0
120719 14
124729 5
123329 11
129519 11
123538 15
113839 4
120399 13
122589 3
122248 8
119050 14
117139 1
114469 11
118039 14
118589 14
117639 15
124599 9
119449 9
116069 6
122759 2
121639 14
116259 8
112249 15
110009 9
124648 15
108659 4
106069 2
108179 14
110169 14
107009 0
104369 15
104869 10
104759 2
125089 8
109599 2
107259 8
112719 15
114419 12
104969 1
107069 2
105498 14
101939 13
104359 11
114728 8
102808 8
109270 12
110079 9
114339 10
107179 12
111899 15
105749 13
108489 9
113089 1
104979 2
110809 5
113049 12
108229 13
102589 8
105299 8
107019 0
113419 15
119748 3
101739 1
103759 4
117918 4
108769 8
106059 10
100659 12
107599 2
108139 4
112999 11
102139 14
102899 1
106319 3
110169 11
111459 9
111389 12
115299 8
109659 4
106599 4
124539 5
106099 11
103599 11
108379 8
109639 6
101539 2
114919 2
108859 3
117869 3
10139382 15
99509 5
93739 3
112199 6
93409 9
100869 8
108139 8
95319 8
97799 7
113969 6
90389 10
97199 5
91059 8
104129 8
98859 0
93508 13
95319 0
97739 14
92679 14
116349 12
88319 14
86039 14
95789 6
90689 10
85099 15
89830 2
91270 10
130369 13
91310 0
90299 3
97799 13
86369 8
88789 4
88829 1
96289 2
83229 1
88910 12
90448 12
86069 13
92249 3
87459 6
96469 1
90089 8
101889 8
88409 6
91380 14
93499 15
90190 1
87289 12
98599 0
84669 0
95509 15
101009 10
85089 14
92050 14
107659 3
91170 15
85869 8
92959 9
97619 11
91879 14
91799 5
85569 2
99959 4
84100 15
91248 0
94429 5
96459 9
87009 1
