57929 6
45090 6
45379 6
46000 12
51549 11
49909 9
50300 11
44189 5
54110 14
45549 11
44250 13
46099 2
47280 4
43080 10
46149 3
43390 4
46379 3
42650 11
41499 2
42610 1
52050 8
43399 15
42570 12
43610 7
44929 3
40470 9
46359 3
45220 1
46369 14
47210 6
45959 11
47190 5
47210 7
40959 1
45830 3
43360 4
40579 14
44840 0
40869 15
47680 13
46399 3
39800 7
46869 8
51859 4
44730 14
46129 15
40420 13
44730 5
44020 9
42590 13
39069 7
35910 4
37759 3
40049 1
47010 13
47379 7
44510 4
45540 12
46059 9
44050 6
45549 5
46110 7
45539 9
46690 9
47789 10
58009 0
44180 1
46200 10
41250 7
43549 6
44360 8
48040 15
46769 10
44629 5
43029 2
46030 6
44499 11
43230 4
46919 9
47959 3
44909 12
48060 4
45350 0
42589 11
48420 6
44859 3
45019 4
52120 10
38589 5
40100 15
39569 13
39250 5
40530 14
44379 3
47460 5
45599 4
46430 14
44289 6
45979 7
41480 4
45589 2
42580 12
43860 12
47010 14
45320 12
46740 8
46960 6
39669 6
44910 2
38670 13
45389 2
45790 4
40299 13
42330 1
40419 12
47269 13
45570 5
46059 0
41120 14
46089 3
46299 11
44420 13
43049 11
43640 4
43580 15
39179 1
42960 3
46929 5
41030 14
39120 12
42320 12
39070 9
35379 3
46110 15
44109 0
38329 7
37880 11
45359 9
45090 12
46989 6
50250 8
42530 5
43439 6
42710 12
43900 5
43450 0
48539 10
45070 2
44470 13
41129 11
43789 6
47629 8
44780 15
40760 8
44319 3
45530 12
50459 1
46339 5
44829 1
37789 14
39900 12
42250 14
44039 7
45629 12
44409 1
45440 11
45889 6
45940 14
41359 7
45159 5
45810 14
44999 9
41740 10
46969 11
45500 5
43040 7
41660 13
41340 2
50179 12
39500 4
39929 1
37850 15
44980 15
38139 8
37740 8
37490 2
39439 6
48440 14
45929 3
43849 0
40180 1
36239 7
37310 5
35710 12
41659 5
42220 2
43679 8
43280 4
36530 9
39499 4
36300 8
38590 7
46759 14
58610 4
41859 5
36940 15
34509 14
34089 14
35330 0
36530 3
34590 5
40290 7
37369 2
35930 14
36780 9
36449 5
36029 13
34660 11
34169 7
36340 11
33590 8
34240 3
33680 9
35520 0
32590 7
33999 1
35140 4
36280 5
34839 3
35250 14
10074306 14
51699 3
58240 14
55639 12
48700 5
45719 9
50090 3
47670 9
49760 14
49019 7
53399 7
42549 6
48900 7
45690 14
51799 14
49510 13
49949 11
55440 5
46329 9
43800 15
54800 13
49650 11
46440 3
46900 14
47650 6
46999 7
48330 9
44189 9
46710 0
47680 6
42349 7
49300 13
46049 11
49680 11
50479 13
47140 2
48669 13
47720 8
51359 0
45849 0
43240 4
54289 10
47810 6
45059 10
44070 6
47449 1
46950 13
41829 8
49449 15
49709 2
45380 9
43890 9
46369 0
48380 10
46770 12
46530 1
49159 8
49669 12
52029 8
45049 7
44210 12
44409 10
59430 2
59559 15
57310 3
50249 5
49000 5
54199 11
56180 3
56519 10
51230 14
50279 3
49970 14
52019 8
49560 15
51659 12
51490 14
48339 12
51330 0
46190 14
48580 12
62120 15
47530 2
49110 5
47870 13
49980 6
50029 2
49480 12
47749 1
49870 10
52199 9
51800 14
45789 10
54449 12
48320 8
46809 0
52700 4
58779 13
53070 9
51400 15
56740 14
53189 3
48540 8
49030 13
47710 8
53030 3
50730 6
49029 1
48150 9
52639 1
50620 8
51049 14
53360 11
44639 14
44670 5
50289 13
49299 9
53330 13
49700 11
47880 8
57489 10
43630 14
49659 9
49630 5
47619 8
50320 2
53109 1
55310 14
51799 13
51120 4
55439 8
50390 14
48169 9
46750 10
47569 12
55440 7
51389 5
47959 7
54469 14
48179 9
64130 3
51270 2
48710 4
49059 12
53390 8
58620 4
50369 2
52139 5
49040 6
48049 14
50170 13
54639 14
45630 14
51039 11
49540 4
49089 13
54160 8
49079 1
51730 9
48180 13
61040 14
47439 9
52529 2
50229 14
49509 7
50060 3
53730 4
53719 5
51619 7
46710 0
45759 11
48520 14
54229 9
44920 2
49169 2
48440 2
45860 11
52110 10
57270 5
69599 15
48759 13
46310 5
51760 0
49329 8
46650 10
51549 10
52440 0
52839 7
47200 15
50129 4
49800 11
51019 12
52720 6
45679 1
47950 4
51070 12
60229 15
53549 0
52440 2
10128425 12
70259 9
53919 5
45589 11
42349 15
45920 8
40649 14
36720 11
37130 4
42069 12
43610 10
46769 1
42049 6
46349 6
37689 11
37110 8
39399 6
37579 2
37720 6
37820 6
36660 3
47180 6
37909 13
36460 14
36790 14
41249 1
44860 4
39999 8
42439 1
36900 5
38379 13
37750 6
38319 7
39859 13
35880 12
35639 13
35399 5
37400 12
34379 3
36629 6
37310 5
40580 6
43050 8
46079 5
38180 8
38080 4
34350 10
43740 10
42850 7
44879 2
46450 6
42589 11
37860 10
36150 9
39800 6
35220 1
33950 5
35960 9
37400 4
37620 9
35970 5
38280 0
36540 0
43069 0
45260 8
45810 13
43160 4
39910 7
35709 3
38270 11
37700 9
38269 3
38730 13
39129 12
40280 7
41140 6
40760 3
43620 13
40540 3
36199 4
34420 1
36780 9
45369 2
41890 3
44329 13
44240 9
37110 4
34759 15
38050 9
35120 12
35449 0
33700 5
37300 15
39209 14
45260 7
45680 5
38879 10
47080 10
39129 13
41500 4
36710 5
37610 8
39280 6
35179 12
33800 7
38180 4
35569 3
40509 3
33960 12
41800 15
39030 5
44200 0
43429 5
35770 6
36790 9
37890 14
41970 1
44809 15
42129 9
41850 4
37579 15
37930 5
44559 10
35409 6
39830 5
42099 15
46340 0
42100 9
39090 7
40860 3
35179 4
36080 3
38410 10
43469 15
43760 14
45100 4
35920 14
36860 13
36079 10
40769 9
39990 14
39809 5
42520 2
41900 14
39100 3
37130 15
37570 0
48189 3
42520 9
41089 11
40760 7
40319 0
38659 7
38780 5
38059 3
38350 15
44820 3
42619 13
45890 6
35050 0
37159 13
37110 3
37509 15
34790 7
36880 7
36140 11
41430 0
45230 6
47699 9
49770 2
36629 14
35660 14
40950 5
37399 11
34520 2
36900 15
36519 7
38180 9
36580 7
35390 13
35550 4
39920 12
40790 5
43730 12
44469 2
43370 10
35070 10
36709 5
36510 4
35829 9
36539 2
34080 15
35880 0
45659 10
41330 14
45019 7
41830 12
35850 12
44599 9
35710 15
38679 8
37839 10
37530 13
37690 10
39660 11
46640 5
40119 11
39370 2
35150 10
35889 4
35520 15
36180 12
37729 0
37470 7
35390 10
36180 0
42940 10
49090 11
43760 14
42869 1
39979 1
36100 4
35690 10
35230 3
52530 14
35659 3
36960 12
41170 11
38609 12
44380 6
47630 10
39790 2
35030 15
39319 5
36390 0
42879 5
41760 2
44890 3
44579 3
36620 5
36580 4
35289 13
36610 10
42179 12
41130 2
42860 5
41419 8
37230 1
10079866 13
61869 9
45180 8
39519 2
41259 6
40140 4
37459 1
41670 0
39720 0
38749 11
36440 12
37179 9
37049 4
37690 11
37150 2
38510 10
38350 11
37840 8
35960 11
40040 3
37970 4
41969 5
40110 6
48299 15
49060 7
36670 7
39379 6
43640 12
39999 2
43440 8
43539 0
42959 0
39200 4
37909 8
36270 13
35569 6
43009 7
42400 4
39489 15
45980 14
40050 12
38189 9
34450 3
35569 7
36010 3
37000 5
36050 5
40949 11
45250 7
58909 2
42430 14
35549 11
35100 1
37360 15
36880 3
43380 13
48500 0
46270 10
42190 11
37229 3
35670 0
36940 4
37729 10
43410 8
44989 15
44239 6
41300 13
36170 2
37269 7
37730 5
40899 7
42290 3
43379 0
54720 5
38100 12
39769 3
39750 15
38280 1
37689 6
38640 1
35120 5
42270 1
40160 12
41149 10
38700 15
46650 14
36800 10
38880 0
39790 6
40429 4
45630 3
44529 9
46240 2
39499 10
36090 0
37370 12
42050 4
36069 11
47400 4
35089 2
35550 0
42600 3
42770 10
40840 5
41200 10
35539 10
37460 6
37409 0
41620 12
42250 1
36520 3
39750 2
38479 3
44279 11
44420 5
36649 2
37820 12
36260 8
37519 8
39320 7
36430 5
36089 3
35020 11
47459 13
42669 4
42370 7
40879 5
37650 2
38729 13
36670 12
37480 3
40239 9
42879 6
42590 9
40079 11
34880 7
42230 6
36410 14
36850 9
42519 8
43789 9
41520 5
37469 14
40160 11
34900 6
39699 1
40470 1
45989 15
49840 12
43869 8
41919 2
38010 10
34399 14
36759 5
43440 11
43179 12
41010 14
45450 6
38229 12
39510 0
41949 5
40610 9
41830 3
39539 11
46550 3
40459 1
36789 6
35590 11
36539 11
37979 15
38380 9
41609 14
42930 5
49689 5
38119 3
38760 1
41169 13
43140 4
43619 7
40849 7
39450 10
44530 2
41230 12
42910 9
40259 3
37960 2
33379 12
37000 13
39990 0
44030 4
41709 8
41950 9
38869 4
36550 13
35540 10
35419 6
42160 11
52580 2
43699 4
41850 14
37749 8
35600 6
41069 14
34899 15
44580 5
43259 3
45109 10
45200 3
40640 1
38190 1
36480 1
37070 15
37930 0
35480 5
35950 2
36200 5
37590 9
38370 14
37170 6
46709 11
43130 4
41869 10
58750 14
42640 4
39669 13
41850 13
42919 4
39640 3
46629 0
41550 4
49070 3
51939 14
43500 10
46259 3
44810 3
45299 5
44279 8
47970 6
46949 2
42920 11
49559 5
49200 13
47740 12
44259 5
10052236 13
42670 2
43099 2
43180 15
43660 7
49840 10
51209 14
51930 7
44479 12
42299 10
42820 6
40369 12
43199 15
40510 8
40369 10
38430 1
35630 6
49839 3
43410 5
39649 12
47110 5
40679 1
36769 3
49820 5
38649 14
42650 8
42750 15
44400 11
39750 8
38179 1
37210 5
36570 15
38479 5
42920 0
49290 7
47020 12
40609 14
37799 10
35070 2
35649 3
36319 14
35440 6
36119 2
34860 13
44300 1
41640 5
42769 5
38910 6
43589 15
38010 3
37269 0
39809 5
37240 8
39039 12
38140 7
45180 8
43199 1
41460 14
44270 13
38059 4
38260 10
38620 15
36329 4
37610 9
41649 15
43550 13
40479 13
36329 9
37190 10
45899 5
44170 2
44830 7
50319 3
39220 3
38370 12
35000 15
34730 9
34489 9
35459 11
