19040 8
12110 0
14530 22
7470 22
14820 13
3840 15
13680 20
4890 16
29532417 7
14700 17
9920 16
12419 23
10200 13
26099 19
4350 0
9450 20
8820 10
9390 5
12100 20
9869519 23
8280 0
14230 23
10769 4
13000 1
4931 18
1320 9
4811 6
5020 18
9940 16
3810 2
8010 12
10540 12
1180 9
17310 15
23060 18
5590 12
5200 18
19750 12
3979 12
7469 1
10808712 7
4850 15
24269 22
8690 1
8670 21
8640 5
13410 3
6050 18
44670 11
9910 8
5450 10
9649 5
9729 12
18630 8
8170 10
21570 10
13800 21
5610 6
6840 20
390 9
4220 12
8180 15
5290 21
8768727 23
3939 1
8380 16
9360 20
29830 15
4590 16
11140 3
938753 18
17799 4
4160 6
3760 4
6480 16
5790 3
12290 13
3960 8
10350 22
15520 16
5460 3
5190 2
7800 19
10679 18
5831 15
7691 16
4409 0
11220 8
5790 14
8841046 17
7320 21
7060 6
17210 22
9949099 15
4580 15
9731 17
16390 19
13580 20
49821371 23
7850 12
6040 12
17750 19
9350 17
14480 21
20689 8
10331 19
15380 21
20330 10
19320 23
8140 11
3810 17
26150 14
14310 19
9080 16
4190 1
26629 2
3540 17
16210 1
650 9
6600 3
9500 6
23610 3
12380 8
13330 21
10930 22
10780 21
101319 15
12220 20
5960 0
31519 11
5320 3
10811 17
3460 5
6120 8
3580 2
9510 3
12570 21
40420 14
3070 8
500 9
4520 14
12330 18
28350 11
4429 2
6580 3
5840 5
3071 8
10220 4
10050 10
5490 12
6330 10
11360 4
59292303 7
7720 14
4780 7
8280 20
5520 23
8340 7
5120 21
4060 8
11840 0
5950 3
19590 10
23030 14
10250 14
4300 14
23970 8
5350 12
7910 5
8680 8
6649 20
4520 18
3971 23
131590 16
5709 1
4489 23
3760 16
4820 1
228429 15
9880 3
789 9
7391 10
148248 15
5220 17
5190 12
37340 19
5210 8
3750 3
7180 3
8260 10
5460 16
23420 20
11171 21
7629 5
4110 12
4260 2
11600 3
4660 16
32360 19
6560 21
7890 0
13150 5
6890 8
7780 17
12730 13
4840 12
3469 7
8751 3
6720 0
6059 0
6340 5
6330 21
7140 11
3180 0
6780 13
3790 0
10110 16
6480 2
3120 7
5230 22
6870 16
3840 9
4770 2
5940 0
6900 14
7110 3
4210 4
9479 5
10500 17
4429 8
7371 2
4680 0
7590 11
3860 1
4800 14
10210 13
10500 15
9870 1
7440 11
29470 19
14530 14
7810 17
11199 12
13729 11
11279 15
20090 22
9230 22
10630 11
4400 5
8130 1
12870 21
12510 15
7190 4
4400 15
5160 4
6730 12
4599 12
3989 18
3720 7
14480 6
6591 18
8989 19
9890 23
4020 3
6360 2
11890 18
13240 17
8240 1
15670 13
9090 18
5410 13
4100 23
6500 7
19250 12
4989 0
8200 13
9819 12
177379 7
5710 8
25240 10
1310 9
6730 20
11130 20
5230 17
31619 12
7590 14
5380 15
7020 6
5360 17
11480 2
18780 15
8640 10
8089 13
9629 14
6509 12
6031 4
531 9
8140 23
7040 7
3810 6
4520 8
5140 10
8200 15
4830 12
5240 7
6150 21
4060 0
7010 13
5010 3
2682981 16
7511 10
5349 22
12769 4
13740 17
6540 8
15260 8
5940 18
10670 13
4340 1
4180 5
9830 13
4310 10
13370 23
12130 12
4950 23
3739 17
7509 1
4629 17
13640 19
26010 1
3350 6
8410 10
6900 8
10810 23
6290 17
8440 8
7690 8
6410 5
10540 8
5740 17
5810 12
9659 16
4660 14
7740 12
7569 20
549 9
12320 0
4400 2
8280 4
8660 23
12940 19
3590 9
12370 3
29090 13
10880 17
520 9
9800 11
17689 11
3409 8
4780 16
11950 7
13160 17
5090 23
6230 20
9480 10
7060 6
4210 3
12330 19
3670 7
6430 22
4250 2
670 9
9920 23
5390 10
5970 14
6090 18
10971 13
8351 2
9420 15
6509 4
12600 16
7350 20
5170 12
4210 13
28950 11
4890 12
7949 1
6640 23
5189 13
7929 5
5430 4
8370 5
4780 0
12490 7
11980 22
7710 4
3290 7
11420 12
3310 8
14660 19
3090 16
20890 14
3720 1
4700 12
6100 1
6320 21
15409 17
960 9
5300 12
5580 4
6730 18
6290 5
14680 21
4900 4
13110 4
5240 18
4420 4
5860 2
7460 2
3670 3
11520 11
6180 3
8370 10
10049 14
5869 18
9100 13
19960 12
4760 8
9160 13
9040 11
8460 20
11260 3
23080 19
17890 19
16789 11
6120 3
6829 5
71319 1
7200 1
7980 21
6850 8
9560 18
5490 10
15200 20
631 9
8371 4
6511 4
6910 0
4880 5
3960 0
9140 5
16120 3
10780 14
8380 16
7850 6
25080 15
6410 0
8870 10
3649 2
4560 2
9340 17
9480 12
20210 21
19660 5
9260 3
3700 2
9410 21
7470 6
6660 22
9270 0
4430 23
22480 19
1129 9
5220 3
7460 13
4170 3
6140 6
15330 18
5950 5
860 9
5400 12
7550 20
4571 1
20069 5
5711 18
5639 12
7820 2
9460 5
910 9
6730 10
6790 4
7240 10
5130 20
3750 14
8190 5
12920 20
3540 2
4960 10
1140 9
65459 21
10590 3
4320 7
10330 20
9150 7
7970 4
20050 20
10570 17
6060 12
8520 12
15489 6
8769 15
8240 16
9679 22
5430 4
5620 8
33980 13
12350 11
8890 10
7000 8
6020 10
17570 4
14550 11
5629 13
9120 21
5189 19
4170 7
12560 22
4690 4
31460 11
8120 21
9680 22
66709 12
4630 12
9010 11
14940 11
9340 2
16530 15
19880 15
4210 0
7950 5
6620 2
6240 14
12540 5
11200 8
14619 1
16570 14
11360 8
8630 12
5980 19
4020 2
4830 8
4150 10
6650 22
6810 4
4240 6
440 9
12160 2
6180 5
9309 19
7349 20
7069 23
11139 20
7880 20
7520 13
4880 10
610 9
5000 1
7110 23
11860 22
25900 19
5340 6
5660 5
23550 22
13130 12
4970 17
22830 22
12239 16
12070 0
3740 0
12510 1
17900 10
8280 12
8500 10
5720 18
3990 10
5800 15
17670 5
4450 7
4560 5
9189 1
3871 10
7540 20
4349 10
11210 20
15280 21
7910 18
7900 12
6670 17
7230 5
8490 15
6360 3
6040 5
4900 7
6590 18
4190 7
9300 1
14430 10
4940 4
24629 14
31300 19
17540 19
6680 23
64689 17
3509 7
4231 0
4549 10
4120 2
31439 13
9350 0
4910 10
18440 20
18210 13
12290 13
5380 5
6850 4
12559 4
12660 14
13159 11
9270 6
14270 11
5910 5
5510 0
23070 14
6190 8
4580 5
2850 9
3610 6
11910 8
11280 12
7869 17
700 9
5740 4
7360 23
6920 6
3291 4
5350 3
6610 22
4740 5
5810 17
4820 5
5050 3
4820 0
23500 0
8700 4
21007149 11
17709 22
8963946 23
5220 2
8180 1
27750 14
19430 7
10150 4
5600 0
4090 23
5140 17
6390 23
7770 12
4060 4
4040 8
4460 17
3900 12
4420 17
4980 14
8090 6
3980 10
7740 21
10727022 22
5530 19
4350 12
33720 10
4870 2
5700 20
13230 13
3830 10
4690 3
4040 17
4260 0
4200 7
39920982 11
6570 6
9240 4
9976178 23
15460 23
17160 7
5780 12
5599 10
6640 19
4969 13
16190 1
10960 1
11780 1
6600 8
4080 3
13690 1
4020 4
22570 8
467867 22
5260 12
19402421 11
9100 20
4200 18
5320 16
5800 14
5899 21
43440 17
4090 11
5570 4
4540 12
24650 0
4560 10
8950 5
86939 1
4050 11
3800 5
16950 8
9300 22
5900 20
4590 14
9100 13
4519 17
5500 23
10220 19
7300 17
5349 4
3629 15
4400 12
6270 12
4800 4
8330 18
4310 7
11930 21
6380 21
8300 22
17200 18
4070 3
9570 3
5380 3
3840 7
38219 19
3830 4
6950 21
18150 15
3550 5
10320 21
4200 2
13760 15
11540 8
4960 3
17490 16
5150 16
5191 8
4191 5
8169 13
12900 19
15130 4
18080 14
16770 14
9640 21
4490 12
21500 15
18609 19
5569 14
9251 20
3979 4
4010 5
15970 7
11660 0
25110 0
16970 3
4330 6
14270 6
3750 8
15650 0
9640 14
3700 4
5389 11
800 9
10790 17
7820 20
5990 13
16190 13
440 9
8820 13
5790 21
4540 12
12750 21
11990 19
6620 20
10860 1
9089 17
5831 2
6709 22
4129 15
5760 18
7319 10
4380 5
6860 4
12320 19
4610 6
34090 16
8140 0
11180 12
5110 2
6800 13
7000 22
5880 20
18549 18
1131 9
21539 14
8730 0
610 9
820 9
9650 1
4190 0
13850 14
8270 15
7260 23
15720 14
3930 4
4460 7
7120 2
4190 14
4790 18
6220 21
4740 23
5231 10
4609 5
3931 8
4700 11
4510 23
470 9
5040 11
4280 7
3740 2
5210 22
16520 21
6080 21
400 9
8950 5
7610 6
6660 18
9640 7
9520 0
8960 7
5300 18
26249 7
4330 8
6580 7
5370 6
5630 10
8280 13
6170 3
7130 19
4680 13
8380 13
7970 8
7750 17
5760 0
7390 17
83829 5
27900 9
19410 2
3590 3
4170 16
9100 5
4090 0
7260 21
16770 1
480 9
5520 20
5660 12
8760 16
11830 19
5190 4
3580 5
5060 16
4420 3
11780 12
4880 22
3900 7
9390 13
22560 12
19090 19
600 9
360 9
7780 15
5680 20
11731 15
4300 8
7010 14
440 9
5080 12
4390 13
11960 13
4570 15
4240 4
4410 1
5980 5
15790 17
9500 8
6660 21
8740 1
19410 11
4609 15
16389 1
4340 1
5231 21
8130 1
19300 15
4320 11
4360 4
10040 11
4100 4
3330 11
6690 16
23380 15
4790 10
3570 8
5340 14
5440 17
3210 7
15549 19
3240 11
3629 11
13229 19
5440 17
410 9
12800 20
3660 11
4580 14
6020 14
4180 0
3640 15
3880 15
3520 11
3380 8
6620 1
3310 8
7050 23
10770 19
