106478 6
87979 14
101198 9
111698 5
86779 3
80449 23
71418 11
81948 6
83859 23
100188 19
114219 3
103099 7
92308 9
108049 18
102778 22
103318 5
99429 3
102078 5
101868 14
99159 8
122908 14
91329 2
86928 8
91259 19
104218 3
93979 13
106548 20
98818 21
104428 0
95248 18
185557 19
96589 3
116038 12
97239 17
124158 4
101259 0
101598 4
97139 13
122558 7
99398 7
95419 15
107678 14
98868 4
106548 5
102588 10
104269 22
98909 17
106258 16
119638 15
98119 21
47989 4
36269 14
40590 1
37330 3
37259 4
39180 15
38939 7
36999 15
41680 15
41449 20
44359 19
43470 3
51269 20
37209 11
41010 3
45039 5
44299 16
43509 2
41969 8
41839 23
41270 1
42849 14
42819 3
42150 5
42659 17
34870 11
198787 13
43020 8
40959 18
41569 19
43649 22
43199 3
65059 17
41279 11
59299 17
65549 9
65979 18
97179 20
101218 12
99999 7
119998 10
99358 3
116638 11
114218 3
111968 23
103118 10
100028 4
106859 22
106228 20
111708 23
107889 15
80559 10
65588 20
84538 17
94949 1
121798 16
106128 23
109429 22
100969 7
107538 8
109899 22
85389 11
90599 1
98898 12
88979 11
109858 1
131768 0
120538 11
105788 4
108878 17
111408 7
106888 12
105968 8
112989 22
105619 13
110338 6
92019 1
108078 19
108178 9
129058 12
98209 4
100938 4
82159 8
84048 22
56530 19
52510 10
54129 6
45209 17
45130 21
43589 4
42139 9
43379 16
43380 15
43139 13
45849 5
120998 10
39420 20
37619 18
43330 18
39820 10
98379 23
96378 4
103719 16
108119 14
111278 17
124108 18
115278 0
107059 12
108639 16
107878 8
106509 19
111039 20
105388 16
105068 1
124827 6
117049 11
112818 4
121058 15
115678 21
111678 16
105329 17
115409 20
106378 5
120038 11
102088 23
103899 9
104728 22
111049 21
105539 14
111308 1
105688 11
109568 12
120518 2
102528 19
105849 15
107909 23
112638 10
102308 8
113058 18
105659 5
115668 7
111118 0
95549 0
80078 9
78249 6
90519 18
105268 13
135678 14
102388 17
58359 19
107438 0
121318 11
110859 2
123078 19
116409 1
115378 14
117078 5
109828 8
99989 19
123388 18
102338 9
122228 10
102869 1
117519 10
98868 12
132098 14
36899 9
81008 9
96879 11
82098 8
100659 4
99018 7
115308 1
97249 4
121478 5
99178 20
129208 19
113258 5
130307 19
95689 13
115868 11
95059 18
116088 19
98168 10
81049 2
93429 23
77878 7
88439 0
72379 9
82608 6
107069 20
111898 16
97388 20
108879 13
107338 8
121488 3
97129 7
86109 22
80829 4
56819 5
74388 0
91849 17
116168 19
103268 15
111548 11
102479 23
116148 20
102219 12
111269 18
96238 12
109759 15
112789 11
107838 2
112778 15
118218 3
112138 2
107149 12
107718 6
104238 10
108829 11
125109 20
101008 8
99028 4
106069 6
107518 9
108858 23
105779 21
104288 21
107758 3
116838 14
100658 1
80448 7
71739 7
86558 14
86819 6
80259 10
73059 23
94399 10
119498 15
103538 20
110179 11
78339 4
75409 5
77519 7
98398 21
93069 2
123618 5
95488 11
108839 9
112908 22
80869 22
57169 5
60129 20
58109 7
59809 0
58059 23
57129 0
55029 8
60259 20
58149 1
60199 5
4072026 21
29989 0
32570 8
43589 12
41590 14
52769 10
54479 6
52349 23
56589 22
98058 16
109099 6
106488 8
106228 12
109299 23
117698 8
106628 1
102399 6
108199 19
106698 16
108128 1
105189 23
109688 16
110098 13
120388 21
105759 9
116498 19
119258 5
122368 0
108978 15
101449 20
110488 5
108788 5
121838 22
92579 8
94708 1
104459 10
105708 9
103128 22
123398 5
132288 7
103148 11
105949 6
100418 2
113629 14
99869 6
112448 4
95988 22
109688 22
115958 6
107568 4
97469 4
113528 13
90518 7
61379 1
51389 2
48079 11
50059 17
60599 10
53779 17
70499 16
79589 19
109818 6
58299 2
65179 17
76339 4
77249 19
77498 23
82278 12
90009 8
77639 23
78519 14
78238 21
70039 23
90439 8
95718 17
88079 11
82089 0
83429 14
94539 6
96798 20
99438 22
96738 9
83029 19
81438 10
77029 2
97379 15
89218 2
85679 19
83039 3
66469 2
62799 3
92459 0
86928 8
91149 19
91448 13
86628 2
74109 13
62259 8
63759 2
60659 4
63069 10
74889 2
77639 2
88338 16
102439 13
69019 9
73448 21
84479 20
77699 12
78719 22
90238 23
85909 16
84159 6
85788 2
94689 12
79438 17
88309 16
58939 20
58599 21
84529 9
84839 4
89588 10
81989 17
87068 13
86469 22
87309 1
76519 19
89839 15
101218 21
88719 4
108178 17
105689 13
114978 18
107318 2
113378 8
109758 20
117547 21
107069 20
120668 12
77189 23
96518 1
75229 21
82909 4
72579 14
97899 4
76939 17
82148 6
81478 15
84799 23
70039 2
89808 11
94359 18
72329 13
90728 10
79049 23
90359 14
91678 3
84739 14
87808 20
90059 3
93558 4
83599 23
74259 4
92179 13
78869 20
96069 1
85048 17
180518 6
72048 23
84909 18
62269 3
54859 10
57389 13
58219 18
52580 3
66358 9
79189 14
83809 11
80198 14
82368 20
93089 9
78578 18
86858 12
78719 16
75919 12
84178 19
82699 11
78089 1
74729 20
