6851 11
1811 2
729 7
891 14
620 14
729 15
520 1
600 0
560 10
600 14
650 0
470 6
720 15
610 6
540 11
640 6
540 13
720 2
780 10
600 13
870 3
560 1
580 6
630 4
810 8
550 5
490 6
850 8
570 8
550 7
540 0
830 4
680 8
580 2
550 0
520 6
650 13
550 11
630 4
510 15
660 13
590 15
690 12
900 8
720 11
580 6
500 7
600 10
2320 12
620 10
470 12
470 12
520 1
660 5
560 11
580 3
570 8
580 1
530 11
580 6
1550 3
610 9
590 8
610 13
580 0
550 15
550 1
540 9
560 3
510 9
500 6
1500 12
500 13
560 11
570 10
650 10
560 14
460 2
570 10
590 15
530 14
580 14
630 5
1410 10
630 4
610 6
590 1
590 5
580 14
600 6
600 5
569 1
611 3
569 3
1591 7
549 11
480 12
640 4
571 8
560 14
549 14
591 8
660 2
480 5
580 3
549 5
2671 10
580 14
580 9
629 6
650 15
560 7
660 3
600 14
490 3
570 2
600 3
500 3
1540 8
470 12
620 2
610 11
560 13
590 13
450 12
570 1
670 10
610 14
580 10
1420 4
590 3
650 15
530 9
600 5
550 11
550 13
640 6
630 14
520 5
530 11
590 6
1820 13
540 3
570 4
580 1
690 1
590 15
590 6
540 14
530 0
610 9
560 15
680 13
1480 10
550 0
540 8
530 9
610 10
510 11
590 11
580 0
610 7
520 2
530 6
1600 8
540 4
490 7
590 15
630 14
560 5
650 10
590 6
610 13
490 9
570 4
550 15
1720 3
590 10
530 3
560 14
530 11
660 3
570 13
600 6
620 15
520 0
580 9
500 3
1620 6
590 13
620 9
669 9
611 8
480 9
600 5
549 11
631 14
509 15
580 5
1691 10
549 14
551 0
580 2
600 1
569 13
631 9
660 0
649 11
600 7
560 8
671 8
1709 8
551 14
609 4
580 11
480 12
660 15
580 14
590 3
600 9
620 6
600 8
1650 13
620 9
740 14
620 10
640 15
560 13
610 0
620 10
640 11
650 7
590 8
640 10
1490 15
650 14
590 1
580 7
610 3
680 15
580 3
600 1
580 7
570 9
560 10
610 8
6240 4
600 11
600 14
600 8
560 12
630 2
640 7
600 7
510 12
650 6
560 6
1470 10
660 4
610 12
630 7
540 10
610 10
620 9
640 1
600 2
610 5
540 0
600 14
2130 7
670 11
590 4
670 3
610 1
630 4
520 7
620 9
660 5
540 6
560 1
540 10
1460 12
610 2
630 14
650 0
619 9
631 9
549 15
620 5
591 9
560 15
589 14
1440 1
611 10
629 4
600 13
531 2
620 1
640 13
620 2
649 5
600 1
551 0
580 5
1569 11
571 5
569 13
611 14
639 10
560 5
670 1
650 10
580 2
660 14
600 10
590 8
1450 8
600 11
600 2
520 12
700 2
530 10
560 1
510 12
610 6
550 12
670 15
1650 7
570 7
530 15
630 6
570 13
620 11
520 12
740 11
570 2
600 11
620 3
590 5
1770 6
610 13
680 10
560 11
590 13
550 1
630 10
680 14
560 0
690 14
590 0
1580 1
490 12
650 2
550 9
820 4
620 2
570 9
570 11
610 5
600 3
610 1
670 6
1730 9
640 0
630 5
590 5
570 6
560 4
600 6
630 5
580 14
670 9
570 11
550 9
1670 4
670 0
640 15
710 2
600 4
590 8
600 6
650 4
540 4
560 14
590 15
1509 11
620 3
651 6
589 3
631 9
649 15
580 15
660 7
520 12
591 7
700 15
560 1
1429 8
611 0
540 6
609 14
600 0
611 9
580 6
591 1
500 5
549 2
571 10
569 7
1510 13
590 7
600 4
680 14
670 3
640 7
530 3
700 5
650 13
640 10
560 15
4910 10
690 12
640 1
580 9
590 14
640 14
690 13
640 8
630 7
640 5
610 0
690 11
1510 13
630 8
630 3
550 11
630 13
590 0
620 2
620 5
630 7
580 15
630 5
520 6
1470 7
590 5
630 5
630 5
600 3
600 3
650 14
570 0
650 3
670 1
590 11
1420 3
600 2
550 8
610 15
580 2
650 0
620 12
610 8
580 12
570 14
620 11
670 14
1650 7
630 0
530 15
620 0
640 15
590 5
510 2
590 2
590 8
540 4
570 4
1590 5
600 5
540 6
670 2
571 14
580 9
549 14
600 1
551 2
529 12
600 15
611 7
1849 12
660 10
620 2
569 14
580 8
691 2
651 3
760 10
749 1
591 1
709 0
571 8
1691 4
640 6
530 13
560 10
600 9
610 1
600 3
560 4
550 3
540 11
740 6
1720 9
600 9
660 6
510 2
630 7
620 0
570 10
570 5
560 3
560 11
580 7
620 5
1620 0
560 4
520 12
650 14
600 10
570 14
690 5
590 4
520 15
600 9
600 0
660 13
1460 5
580 0
700 6
550 12
600 0
690 3
560 12
680 11
680 0
600 14
590 11
1580 4
550 12
620 10
630 2
630 5
590 10
720 0
600 5
600 0
590 6
610 6
590 12
1600 14
690 4
580 14
590 7
570 4
730 6
600 6
600 7
680 7
620 14
570 10
580 4
1640 14
650 15
720 0
640 4
580 5
630 5
590 8
640 5
690 15
570 4
589 15
2371 6
629 13
560 2
640 2
531 7
600 11
560 8
700 13
640 9
629 13
600 5
620 4
6480 3
670 10
560 1
660 3
580 5
630 14
600 0
570 12
480 12
620 5
640 15
1690 2
560 4
590 10
820 5
720 1
610 1
590 2
580 3
620 11
650 13
650 4
670 4
1660 5
640 11
670 1
610 15
580 6
610 8
620 11
610 4
640 6
530 5
660 6
660 8
1540 11
580 3
730 11
490 13
590 13
610 3
710 0
580 5
560 14
600 15
640 6
1440 4
650 11
640 9
610 4
580 11
590 14
650 4
610 7
560 10
570 2
700 8
560 5
1560 13
590 10
650 6
590 11
630 14
540 2
610 10
630 9
690 5
660 7
650 11
650 4
1610 2
640 12
680 14
590 5
580 5
630 10
580 14
760 1
589 13
591 13
620 10
1589 2
551 12
700 15
749 13
631 11
549 10
571 7
560 2
740 1
620 8
600 3
640 0
1540 14
640 8
620 7
620 14
639 12
760 15
660 2
610 8
680 5
690 5
640 11
620 5
1700 12
700 9
660 9
580 4
570 5
730 5
660 14
630 15
590 1
670 2
570 5
1730 0
620 0
750 11
560 1
700 7
610 1
650 2
600 13
590 0
630 12
610 15
640 8
1520 12
650 5
660 7
650 6
610 11
600 7
630 5
630 0
650 13
630 3
670 4
2130 3
670 6
610 0
650 13
600 0
660 10
640 9
670 13
630 1
550 12
550 2
590 3
1760 7
590 13
570 15
680 13
700 8
580 6
610 10
700 4
600 12
500 12
660 3
650 14
1620 3
550 2
680 10
660 4
600 4
680 2
660 8
660 5
580 11
609 0
620 3
1540 10
720 6
640 2
649 6
569 0
600 13
520 9
611 14
629 1
600 7
540 1
629 11
1880 4
620 11
769 15
640 1
540 14
631 1
629 15
580 9
529 0
590 4
600 1
580 0
1830 15
690 15
610 5
580 7
630 7
600 2
610 15
640 8
650 5
600 3
590 12
2870 1
620 11
650 0
690 5
530 0
570 4
600 9
610 8
610 2
660 14
560 13
640 12
1590 6
600 6
790 11
640 11
600 9
580 5
660 9
600 6
570 14
700 8
570 8
650 9
1620 13
610 7
630 11
640 5
630 2
570 6
630 15
670 9
560 1
640 14
670 2
1540 15
540 14
550 1
670 9
610 12
570 10
660 4
580 1
520 10
550 6
550 13
590 3
1660 13
660 11
690 8
580 9
630 3
650 9
630 8
690 9
710 13
630 13
610 12
1410 4
671 10
680 3
609 10
551 15
780 3
569 7
691 2
680 0
609 14
620 12
540 6
1620 2
631 1
589 13
560 14
711 14
580 1
660 7
549 8
611 8
689 5
560 6
610 7
2090 8
580 1
640 10
650 6
680 11
670 4
590 2
670 3
640 7
520 12
600 4
1560 15
720 9
550 5
700 7
620 8
610 9
610 6
660 1
660 1
640 2
610 7
590 3
1630 0
580 9
740 1
650 11
570 9
540 9
600 3
580 10
680 8
640 15
710 13
740 14
1540 3
530 10
590 2
600 10
560 0
770 4
690 6
570 12
720 14
640 11
650 14
5310 6
680 11
660 8
650 9
630 3
630 3
610 1
610 4
590 10
710 13
580 11
650 11
1740 14
580 13
600 9
560 14
590 8
640 14
560 0
570 2
620 7
630 11
700 5
570 2
2069 3
580 6
640 3
631 4
640 4
660 2
680 2
640 6
540 15
780 10
671 1
1549 7
591 6
640 10
580 1
689 7
631 15
560 8
640 10
580 12
679 3
610 9
620 15
1550 6
630 11
610 6
810 6
610 0
590 1
570 7
660 14
620 3
650 0
720 4
1610 10
640 14
590 0
690 13
680 0
650 4
600 4
570 11
600 0
610 0
670 0
750 4
1610 15
740 13
590 10
640 8
700 1
640 13
710 8
620 1
660 8
650 15
530 12
580 5
2070 0
670 10
690 15
650 5
630 13
700 10
770 1
630 6
650 9
770 4
850 3
1590 5
630 0
600 14
680 14
680 11
630 13
560 15
680 11
670 3
670 4
720 1
670 7
1680 3
740 15
700 10
620 12
690 8
660 0
610 6
550 9
660 3
600 8
610 5
600 14
2299 0
640 12
560 6
711 15
729 10
691 3
729 7
631 9
640 11
649 3
591 8
1529 6
620 9
600 5
600 3
620 7
631 1
629 5
560 0
600 10
640 13
640 13
590 14
1650 11
540 14
530 1
750 15
650 4
710 10
510 2
660 2
620 3
660 14
580 13
660 8
1680 4
690 11
630 10
610 2
570 5
720 11
550 11
690 4
640 12
730 15
760 3
1660 7
700 6
750 9
690 1
660 6
650 10
740 8
680 10
610 9
610 14
590 10
720 10
1570 1
580 10
650 1
670 15
730 13
590 2
610 13
740 4
640 8
580 12
750 6
1480 12
610 9
640 13
560 9
650 14
700 6
600 6
620 2
650 7
740 1
660 3
630 2
1800 13
620 15
560 9
760 7
700 4
690 1
570 13
650 7
590 12
630 7
610 3
640 1
1510 11
640 0
620 4
729 9
631 7
620 6
660 1
549 6
660 10
651 9
600 6
1740 2
680 1
689 4
671 3
549 0
691 1
649 15
651 2
580 11
660 0
609 1
660 13
1810 4
770 2
680 4
570 7
600 12
620 7
760 10
600 5
640 15
640 2
640 15
560 12
1670 1
730 11
750 14
600 11
670 6
620 14
570 9
690 9
580 15
660 1
810 6
2810 4
760 11
600 13
580 12
730 1
570 12
720 4
580 8
670 15
610 5
520 3
620 13
2360 11
630 1
640 14
640 14
590 13
670 3
700 7
610 7
690 2
700 2
740 4
650 3
1730 7
620 7
640 0
780 3
610 13
630 0
650 8
700 11
690 7
620 2
660 5
1570 7
580 8
590 9
580 11
710 3
690 4
650 11
570 12
700 1
700 4
700 11
710 2
1530 15
589 3
631 15
700 9
689 10
591 4
689 1
671 15
629 0
640 2
700 3
1671 13
600 5
549 7
531 2
660 5
629 3
580 15
720 1
711 7
620 12
669 8
660 3
1660 6
740 2
610 14
600 6
610 1
700 8
650 4
760 3
710 12
600 10
600 9
640 8
1550 3
680 11
650 14
7520 13
750 5
600 15
590 0
670 7
750 15
710 15
680 8
5320 8
850 2
650 2
830 6
620 6
630 1
680 12
570 3
650 8
640 15
620 10
700 3
1620 2
560 5
560 8
620 7
680 9
570 4
700 9
740 10
650 11
710 5
700 3
700 14
1600 2
620 4
580 6
690 7
620 0
610 13
700 6
650 12
630 4
630 15
680 2
2129 8
731 6
640 6
600 15
700 14
620 0
669 1
691 15
600 15
680 6
580 11
629 3
1660 13
631 3
629 3
740 13
740 10
620 3
651 5
600 0
689 14
630 13
750 13
600 2
1690 4
640 8
710 11
630 1
630 12
610 7
640 5
640 12
570 14
640 2
600 11
1740 3
730 10
670 13
730 3
560 12
710 1
640 1
620 1
640 13
580 1
670 9
610 11
2740 13
730 11
660 12
570 1
640 3
620 14
730 8
680 7
580 11
630 2
680 8
1870 4
630 14
640 15
670 0
740 11
670 8
640 12
620 9
660 13
630 8
590 11
660 15
1590 6
590 11
690 8
760 0
660 1
680 8
670 1
690 13
720 0
710 15
600 10
730 2
1550 15
630 9
680 5
600 12
670 5
590 5
620 0
660 13
700 4
700 13
650 10
1720 10
680 5
591 2
640 12
769 3
751 13
689 8
560 12
680 6
731 8
640 3
660 9
1800 5
780 13
669 14
671 5
660 7
620 11
649 11
671 5
599 6
710 1
620 8
630 15
1760 0
770 14
600 10
610 13
680 7
730 8
660 13
650 0
720 6
630 4
710 6
1690 9
630 0
640 11
630 5
660 4
650 13
630 4
630 6
740 10
600 2
620 5
740 9
1640 0
710 11
680 13
630 12
630 2
630 9
650 1
670 13
800 4
700 13
590 7
590 11
1540 11
750 14
690 7
620 0
640 12
630 13
590 12
600 2
580 1
670 13
630 10
1620 6
760 0
590 6
650 0
760 13
620 15
640 9
570 7
610 14
580 2
680 11
650 1
1680 10
690 12
700 6
630 6
570 12
630 15
700 8
670 15
630 11
630 6
680 10
1649 13
660 5
600 7
629 3
611 12
740 8
589 14
751 14
720 4
660 7
680 0
629 11
2451 2
640 10
600 11
569 3
571 11
629 0
671 11
589 11
640 15
640 2
720 8
700 0
1750 10
700 1
660 1
680 10
610 10
640 7
680 3
630 3
790 8
620 3
740 13
1720 6
670 10
780 10
750 15
590 12
540 1
640 11
610 12
670 2
940 7
770 12
850 12
1960 2
820 6
870 15
800 12
860 10
830 6
790 9
770 7
830 6
750 7
630 2
670 7
1890 0
670 15
670 14
680 10
650 14
920 11
720 15
730 9
820 4
830 7
730 14
3700 15
1000 7
900 10
870 15
710 2
740 7
640 8
720 9
710 0
630 13
640 7
620 9
1860 11
620 10
550 11
689 14
711 15
649 7
671 15
700 8
660 9
669 2
680 3
651 3
1720 9
749 6
680 13
680 1
680 1
711 15
689 13
791 14
620 8
620 4
629 4
1650 1
640 12
620 1
730 10
630 9
720 4
580 4
640 15
740 6
650 15
590 9
660 4
1810 9
750 1
660 11
720 13
680 9
740 10
670 0
700 2
660 11
780 0
640 0
1650 2
640 9
600 10
730 0
630 13
610 13
600 8
710 8
650 6
700 0
550 12
700 7
1740 9
630 8
690 10
690 6
770 2
610 6
620 0
620 2
700 1
640 5
610 10
660 15
1610 5
660 11
710 6
650 9
680 7
660 6
610 8
630 7
630 2
660 3
770 13
3150 11
730 7
610 12
620 8
560 12
730 1
610 4
610 3
660 6
640 2
669 14
580 6
1780 3
640 0
691 15
620 12
640 9
609 5
760 15
691 10
640 9
671 8
660 15
540 3
1640 4
700 1
709 7
831 2
740 14
630 12
710 3
710 3
760 4
790 6
670 9
1660 3
770 10
760 9
620 5
700 13
670 7
630 6
690 14
640 2
660 10
730 2
650 15
1520 6
790 13
770 14
640 4
680 12
760 9
660 11
730 4
630 4
650 0
650 0
720 7
1480 5
710 13
610 6
690 15
650 12
680 6
590 4
640 14
640 2
670 12
680 7
1630 10
620 15
610 4
710 5
620 3
640 0
660 14
700 4
630 4
650 7
610 11
760 4
1870 9
600 7
610 6
660 8
560 6
690 15
670 7
710 6
720 14
740 4
630 8
1510 5
760 15
950 9
610 12
880 8
680 10
600 4
730 11
670 3
640 9
580 12
680 10
1689 2
671 11
600 11
680 3
640 5
700 0
649 14
671 8
569 12
720 14
680 11
620 0
1671 0
620 14
709 6
671 6
749 13
630 4
650 13
680 3
730 14
690 15
680 12
1600 2
680 13
610 0
620 7
710 0
650 10
650 9
630 0
760 6
580 14
750 6
590 12
1750 8
640 0
550 12
650 5
750 7
800 1
730 8
620 12
690 0
590 2
620 2
690 5
1590 4
780 9
650 7
660 7
550 14
700 2
730 15
600 4
720 15
690 9
710 1
2610 6
670 8
600 15
590 1
620 6
580 7
660 5
650 13
680 0
740 10
730 10
690 6
1840 4
670 11
660 2
700 11
800 15
750 6
730 15
730 3
610 1
590 12
670 14
680 1
1650 13
640 3
700 3
630 15
740 3
650 14
660 9
689 4
660 13
771 13
689 8
1611 0
660 9
700 1
669 9
611 12
669 6
611 3
589 2
671 7
640 9
740 1
620 14
1569 11
720 13
591 3
689 15
650 5
650 9
600 12
780 10
630 4
600 0
670 6
1900 14
680 4
680 0
690 12
750 15
670 6
760 3
690 15
660 2
660 14
620 3
680 11
2250 7
820 1
640 9
630 11
670 0
730 7
710 13
650 0
710 5
700 13
630 6
710 1
1670 15
630 0
730 0
680 6
650 9
710 9
730 2
640 10
660 0
660 8
590 12
1760 15
650 12
610 1
650 5
550 15
670 13
600 10
640 14
590 9
750 6
670 7
720 6
1850 15
720 7
620 13
600 1
670 11
730 5
660 8
690 6
580 15
670 4
620 14
730 1
1860 6
670 4
620 0
590 12
680 12
749 2
711 5
640 8
640 4
629 8
591 15
3000 13
749 0
640 0
660 2
611 11
649 4
740 15
771 14
649 10
831 14
589 2
760 7
5750 5
660 3
700 11
590 12
670 12
580 15
650 11
810 6
640 10
690 8
700 1
640 10
2670 13
630 4
630 7
660 10
660 6
710 3
660 9
780 14
670 15
650 9
760 0
1530 15
730 2
600 8
740 8
760 7
600 15
670 12
680 4
660 11
670 2
600 8
660 8
1510 14
780 4
690 5
660 3
590 8
680 6
710 14
810 1
750 7
660 1
700 5
1960 2
770 4
760 7
590 8
590 7
710 10
740 5
690 5
710 13
680 4
610 7
660 9
2290 14
680 2
680 0
660 8
640 8
630 12
580 12
629 9
680 14
620 11
771 4
640 5
1580 12
680 0
640 2
660 4
640 12
711 1
651 11
669 1
660 13
700 14
731 12
1700 7
620 5
640 2
611 13
699 0
670 3
640 1
680 12
720 1
650 12
690 0
640 9
1620 0
640 4
640 15
650 10
770 10
610 6
660 12
590 8
720 11
640 10
630 13
680 14
1710 6
690 0
630 11
690 4
690 10
690 6
670 0
650 8
660 2
720 0
650 13
1500 2
630 9
670 7
710 13
750 12
760 14
650 14
600 5
740 9
670 10
650 7
680 4
1670 12
680 5
660 14
660 12
730 10
730 9
740 8
790 8
620 12
680 15
740 15
720 3
1570 1
650 8
690 15
540 9
680 0
680 2
620 12
640 14
640 12
630 1
710 12
1750 12
710 1
810 6
680 12
640 12
710 4
600 12
639 4
740 13
700 2
620 12
740 9
1911 2
660 4
669 10
720 15
751 5
660 0
709 1
689 14
731 3
749 7
691 7
1720 1
619 7
740 6
690 14
690 6
740 1
620 5
750 6
790 14
850 2
710 4
670 9
1750 7
710 2
690 11
640 15
600 11
600 13
540 9
760 5
670 9
580 9
680 15
610 3
1580 15
730 3
640 11
770 11
800 13
650 12
750 13
660 13
620 13
640 2
670 9
1720 0
690 5
670 1
700 0
700 4
660 6
750 10
720 3
610 15
760 7
730 5
730 0
1770 11
780 15
770 11
630 4
650 7
750 10
630 9
670 15
650 0
700 4
610 9
650 5
1740 3
650 9
670 5
670 6
670 13
750 6
660 15
680 0
670 6
720 12
640 4
1730 3
680 14
690 3
669 10
591 15
749 3
751 7
740 3
629 9
600 7
631 13
669 1
2191 0
649 6
691 10
620 9
680 3
660 2
731 10
829 1
751 2
660 8
629 12
650 8
1640 14
790 13
740 0
570 10
700 10
640 4
580 7
720 2
690 11
650 8
680 4
1530 4
570 13
760 7
660 11
720 3
610 7
730 11
710 13
630 0
700 7
760 13
620 11
1520 12
680 1
770 3
640 2
630 12
680 4
730 11
710 6
610 13
650 10
730 5
1670 10
710 1
640 12
740 14
660 3
760 14
650 0
730 11
650 4
670 14
680 10
720 4
1700 15
600 5
650 7
650 1
660 14
640 0
630 8
610 12
680 6
630 12
720 6
650 13
2440 10
660 10
610 8
590 9
680 13
740 8
780 13
670 9
630 15
650 12
720 11
1679 14
740 15
671 15
560 1
569 12
631 15
689 6
711 6
649 3
780 2
651 12
680 7
5589 10
700 5
691 6
789 1
790 6
690 14
580 8
680 6
630 4
610 4
650 12
600 12
1740 12
790 9
640 13
760 12
660 9
620 0
710 14
660 12
580 8
620 12
650 1
3020 12
730 9
650 10
740 9
640 13
680 13
670 12
660 11
800 15
730 10
600 2
700 8
1980 0
660 0
650 5
710 10
740 3
740 5
710 6
750 0
660 0
650 14
710 4
680 5
1800 1
720 3
680 6
650 12
670 10
710 2
700 0
710 11
760 10
690 8
670 10
1780 1
710 1
730 3
770 15
670 0
660 2
650 5
800 6
680 3
650 8
720 8
630 10
2760 15
640 1
549 14
731 12
760 7
620 15
700 1
669 9
611 15
649 12
640 12
1640 4
689 10
740 15
720 5
691 5
729 8
711 0
680 13
689 0
660 11
700 11
690 0
1760 3
640 11
690 11
590 12
690 8
680 13
670 2
710 2
800 13
740 11
540 7
690 6
1720 2
800 4
620 6
630 15
670 0
690 3
610 3
770 6
670 15
720 6
550 13
1800 4
690 13
650 13
650 2
620 4
700 5
670 15
780 6
660 8
690 8
850 1
650 14
2630 4
680 13
720 5
680 6
690 2
610 5
780 11
740 9
720 0
680 6
750 13
690 5
1700 13
680 7
680 7
630 3
670 0
650 15
720 3
610 4
760 12
700 13
8300 12
1670 2
769 0
731 15
700 15
660 9
680 10
800 14
640 0
680 7
680 8
600 11
771 1
1740 12
629 13
711 4
609 10
631 0
840 14
649 0
600 12
720 10
690 3
700 9
680 4
1680 8
670 10
710 8
720 5
600 12
730 5
690 1
680 13
640 15
760 4
690 9
1760 13
730 8
670 7
750 6
650 15
710 0
650 12
820 3
660 11
800 3
690 13
730 13
1610 12
590 12
710 13
680 9
640 8
620 12
630 4
580 1
710 8
630 1
640 1
1680 13
660 6
740 7
700 6
720 8
640 15
660 5
690 13
630 12
840 1
740 9
570 4
1990 9
680 12
750 3
670 7
690 7
670 1
690 3
640 0
630 12
690 3
700 6
600 12
1670 9
690 10
740 11
830 2
760 15
700 9
700 6
640 11
709 15
780 1
611 7
1560 3
749 8
711 13
629 9
691 2
769 13
671 9
709 11
560 12
709 15
700 7
700 15
1580 2
711 14
769 9
720 2
700 3
710 13
590 12
800 7
640 6
770 8
640 3
730 1
2110 9
670 8
730 3
670 2
660 15
690 8
660 10
570 7
660 9
630 14
670 0
1780 11
740 13
690 5
840 1
770 14
650 14
720 10
800 13
640 7
700 9
630 6
590 12
2440 6
760 6
790 1
680 2
660 9
580 11
810 9
580 4
740 4
670 10
770 0
580 12
1770 9
820 2
710 2
730 1
710 1
660 8
690 9
690 15
670 4
710 7
730 2
1800 8
660 10
750 8
680 5
800 1
740 4
750 4
640 11
670 2
720 8
720 15
720 2
1790 5
680 2
759 14
820 15
600 12
760 6
751 15
800 0
731 1
669 14
731 10
6489 11
880 15
771 4
720 14
620 6
650 3
680 2
640 14
730 12
580 15
730 4
640 10
1820 4
660 13
630 9
680 4
680 4
610 12
700 6
760 10
700 5
670 8
710 14
670 1
1850 1
670 10
720 6
660 6
780 15
660 0
640 8
700 7
720 9
770 6
690 12
1750 11
770 14
770 10
700 1
560 12
600 12
720 7
630 12
710 11
680 0
850 9
590 14
1590 7
730 3
590 12
730 14
710 10
690 10
740 6
700 10
730 8
830 11
650 11
640 5
1800 13
710 5
710 10
610 7
670 4
660 7
630 13
720 14
840 10
650 5
700 3
3250 10
860 3
640 12
720 4
600 12
629 15
731 14
660 8
691 11
700 15
740 15
729 0
2471 13
609 12
731 13
769 13
600 7
640 2
580 7
840 5
589 15
700 14
790 9
770 3
1800 5
610 13
730 6
690 10
690 9
670 6
680 7
690 3
660 2
770 2
610 12
2560 6
820 15
780 10
700 12
670 8
690 1
700 14
710 10
710 4
580 12
650 7
700 9
1570 13
680 12
760 14
610 4
750 9
770 14
750 3
680 1
730 8
670 14
760 0
1810 2
600 15
710 3
690 4
660 2
670 14
820 6
660 0
710 13
930 4
740 4
680 14
1800 0
650 15
670 8
780 1
630 12
660 1
750 13
690 0
650 12
620 12
670 1
590 12
1690 10
620 12
770 5
740 4
600 12
640 14
750 8
750 4
769 2
711 9
649 13
1789 2
720 3
771 0
700 12
809 9
651 8
740 13
720 11
680 0
789 4
680 3
640 9
2080 2
689 8
660 15
810 1
610 0
640 10
620 4
690 6
760 1
710 9
710 15
640 14
1840 7
780 9
660 12
660 11
680 12
610 4
700 7
720 10
680 0
660 15
610 14
1600 10
620 15
640 1
690 11
710 5
750 14
820 14
790 3
680 15
630 13
750 10
760 6
1750 9
730 1
700 11
650 7
790 0
700 2
720 7
750 9
790 13
640 5
770 12
640 4
1740 9
710 4
710 15
650 14
720 13
630 13
760 4
650 5
570 9
710 15
800 9
1510 14
670 15
680 0
720 2
690 13
800 0
610 13
700 4
660 4
620 15
650 13
690 9
1690 15
740 8
749 3
660 4
571 7
689 3
800 15
709 3
680 12
751 15
749 4
2531 10
669 0
700 5
671 0
860 1
669 6
680 8
760 8
711 0
699 10
710 10
730 4
1690 3
670 13
560 12
650 5
680 3
720 4
770 0
760 8
780 13
680 15
660 0
670 10
1890 8
700 13
710 14
660 8
610 9
690 6
680 4
660 0
670 3
660 5
730 14
1760 11
630 4
790 6
690 0
740 0
690 15
710 6
660 2
760 11
850 6
650 11
790 9
1620 7
750 13
710 11
670 12
650 6
660 8
750 0
690 0
710 2
650 12
680 1
710 9
1600 12
720 8
640 11
680 12
690 8
830 8
670 0
680 12
740 14
670 5
630 7
1640 2
640 12
660 4
770 9
640 15
740 5
670 5
650 7
670 2
649 4
680 15
751 5
2009 1
600 7
720 8
751 8
789 3
711 10
740 3
720 3
660 13
711 8
769 2
820 12
5540 8
690 0
850 6
740 4
720 3
650 14
780 10
710 2
680 10
700 14
640 5
1820 0
600 0
740 6
720 5
760 13
660 4
660 9
730 6
630 10
710 7
680 6
740 14
1660 0
750 6
710 4
810 1
710 0
710 14
820 7
740 14
800 10
760 0
650 7
1760 3
670 1
630 12
620 3
730 13
670 0
720 1
740 14
670 14
700 12
670 7
640 8
1720 6
690 7
640 11
660 0
650 14
690 7
620 8
600 9
720 0
690 5
670 7
740 3
1590 12
660 7
740 11
610 8
690 0
700 6
660 13
650 3
840 3
710 3
629 12
2411 4
740 0
651 3
609 13
720 5
771 11
869 15
680 15
700 7
691 0
829 10
691 10
1669 2
731 5
660 2
769 4
640 7
730 0
690 11
690 6
700 11
640 7
650 1
670 11
3310 11
680 10
650 11
670 14
730 10
690 5
660 2
780 11
700 5
770 12
700 13
3520 0
710 1
740 14
740 11
650 0
780 0
710 6
600 12
650 4
610 13
760 8
730 10
1650 3
720 6
770 12
720 2
610 2
710 14
720 1
800 1
630 11
680 7
750 11
750 5
1480 0
600 12
630 15
660 0
690 7
660 8
640 12
690 5
720 1
700 13
700 10
1810 13
780 7
720 6
790 11
670 3
870 1
720 6
650 0
630 12
690 14
690 15
660 11
1769 11
851 11
689 11
731 2
740 3
780 4
709 1
740 7
760 4
691 5
649 8
1909 2
640 15
720 3
620 12
631 9
680 8
729 2
740 5
740 1
720 4
630 5
610 1
1550 11
820 13
720 6
660 5
730 2
690 14
630 12
750 7
730 9
650 0
750 12
730 6
2030 15
560 3
890 13
630 7
630 0
720 2
870 2
630 7
780 4
690 6
670 8
1850 5
640 2
780 8
720 13
740 13
830 9
660 9
690 1
700 15
780 13
740 1
670 6
1830 4
670 15
780 15
680 10
590 15
770 0
710 5
680 4
620 9
680 8
610 11
590 1
2640 10
660 0
790 6
690 2
630 14
630 1
620 8
690 2
670 15
690 2
650 3
1600 14
710 12
750 7
660 4
840 8
730 15
800 6
649 2
640 10
760 10
740 10
700 9
1631 2
669 13
760 11
871 7
740 11
649 8
731 9
729 15
780 5
780 1
691 6
749 10
1510 12
740 2
630 10
740 3
740 5
640 15
760 5
660 12
790 7
740 10
650 1
1880 10
720 4
690 2
690 3
590 0
660 0
660 13
750 2
650 14
650 14
710 6
740 9
1900 0
660 5
630 2
730 2
670 2
680 4
750 4
650 10
670 14
740 5
720 12
1580 6
870 10
620 9
720 6
820 14
670 1
620 0
660 2
750 2
710 11
610 9
820 5
1740 2
680 5
880 5
760 12
750 7
700 7
640 9
830 6
660 12
670 2
730 8
620 13
1580 7
660 0
840 10
800 8
640 9
700 15
740 2
670 9
620 3
840 15
640 2
1850 10
700 14
769 5
680 0
711 10
729 4
660 12
820 15
831 3
809 6
640 1
720 3
1531 5
680 2
769 2
780 6
680 4
780 11
651 4
740 6
830 9
770 8
680 9
800 15
5660 10
740 0
760 0
820 7
810 1
810 14
740 1
720 14
790 14
610 3
710 7
1840 7
790 2
840 7
750 5
730 8
660 9
700 10
700 0
790 0
640 2
830 4
580 6
1630 12
660 5
690 8
700 8
660 13
650 0
750 11
710 6
730 11
700 13
730 15
740 5
2470 14
780 9
720 2
810 5
690 3
700 10
730 15
610 3
730 14
640 0
620 13
1710 13
720 3
660 5
760 15
680 13
680 12
750 0
660 9
690 7
710 14
720 8
660 6
1709 4
680 12
691 5
749 6
691 13
809 13
851 0
709 4
800 9
680 5
720 14
1780 1
691 1
740 0
769 7
711 11
720 4
719 8
750 15
630 5
730 1
770 13
650 6
1730 8
650 12
780 6
760 11
750 13
690 14
800 15
610 3
700 4
610 13
680 8
690 2
2610 7
820 0
680 6
710 3
670 9
760 1
710 12
760 10
640 9
670 2
650 0
1690 2
650 7
750 1
660 10
790 2
720 6
650 11
730 11
620 6
700 3
650 9
830 8
1990 12
730 0
840 7
750 15
710 5
740 4
690 11
760 8
730 13
620 3
710 13
670 12
1710 0
750 7
690 11
750 15
760 3
750 2
690 14
690 14
700 15
700 9
670 6
3260 6
739 14
691 8
789 5
649 11
711 10
669 9
640 0
700 8
771 8
729 13
680 3
2131 13
651 13
649 9
740 14
711 11
689 1
691 6
729 0
800 10
650 13
700 12
790 13
1870 7
680 5
650 12
730 10
600 10
690 3
680 15
700 10
850 13
690 7
680 15
1820 9
600 12
720 6
650 12
650 6
690 6
750 2
740 12
760 10
690 1
700 15
770 8
2670 4
720 5
730 13
730 4
690 13
710 11
660 1
680 9
840 4
860 13
640 5
1640 3
760 9
640 13
700 13
670 12
730 9
720 5
750 11
710 4
730 6
830 14
810 9
1840 1
780 11
700 9
670 10
730 13
710 12
660 8
670 15
790 0
750 5
730 1
650 11
1720 2
740 9
700 14
670 12
650 12
749 5
800 8
780 0
691 15
709 13
680 14
1980 14
671 13
749 10
631 5
729 0
771 0
720 7
720 11
640 8
760 7
660 6
629 1
1811 15
640 13
770 1
710 6
770 1
710 5
720 5
690 6
710 15
680 5
740 10
640 11
1660 3
720 5
740 8
660 2
680 7
610 13
620 15
770 5
790 9
690 6
750 10
9850 1
730 14
750 13
710 8
680 5
680 2
620 12
740 11
700 13
780 13
710 8
610 2
1900 8
680 15
720 15
750 8
720 13
740 11
820 5
630 13
700 11
650 15
730 4
690 7
1680 4
660 1
860 7
690 8
910 4
740 9
870 10
750 13
790 5
680 13
650 13
1910 11
720 11
680 15
620 1
680 12
680 8
600 11
609 10
660 6
640 12
680 7
751 7
1800 8
631 6
729 9
691 4
660 0
640 1
700 7
709 1
670 1
720 5
810 15
1860 8
770 9
740 12
670 12
710 8
680 2
750 0
600 8
640 6
690 10
650 5
700 9
6240 0
680 13
770 3
730 7
730 0
710 11
750 6
750 6
730 11
710 12
740 15
760 0
1980 13
730 11
720 14
690 4
680 7
760 8
670 6
720 6
730 8
750 4
590 0
1650 10
780 5
760 2
780 3
690 5
720 0
620 5
670 11
770 11
800 0
740 10
620 3
1550 0
740 0
690 10
740 8
820 1
730 7
740 11
650 15
680 10
670 2
760 11
810 3
1689 2
751 2
629 8
671 6
600 6
889 8
671 13
800 3
620 7
689 15
700 6
1691 13
809 8
731 2
740 1
589 8
691 13
689 10
751 15
709 10
620 12
700 13
690 1
1650 9
670 13
640 7
600 12
700 0
780 4
650 2
630 0
760 2
690 6
680 3
660 12
1670 0
710 0
770 14
720 15
710 12
640 8
690 9
800 14
760 10
760 8
840 1
1930 9
810 10
760 1
700 4
840 3
820 6
680 12
700 1
680 6
770 3
680 2
660 11
1760 1
640 7
640 12
690 11
670 10
680 14
680 11
620 12
740 1
740 5
650 6
2690 15
720 11
790 8
790 1
730 3
710 4
890 15
700 2
720 13
730 5
720 5
760 3
1700 4
780 5
700 0
760 13
690 13
610 10
709 10
700 2
720 5
651 10
649 5
820 14
1651 14
651 12
689 8
720 0
700 10
620 12
671 7
729 13
740 2
620 12
729 8
1560 12
711 3
709 6
800 12
680 15
650 4
740 13
650 12
680 14
810 10
770 13
610 1
2910 12
730 10
810 4
730 8
850 9
750 4
790 14
770 9
740 15
670 0
670 8
630 5
1750 4
670 11
730 4
680 10
800 6
690 3
730 4
600 12
710 4
700 5
690 5
3070 3
730 9
720 4
760 2
670 4
700 12
760 6
800 15
730 0
680 6
710 2
710 2
1910 5
840 14
720 7
700 7
790 5
630 11
760 0
700 14
740 10
710 3
710 12
730 9
1700 4
730 12
650 0
730 7
670 13
610 11
700 15
800 9
680 2
780 6
589 3
1531 12
740 4
720 12
669 3
680 11
720 13
760 12
700 4
680 12
740 3
551 5
729 6
1491 12
720 15
749 15
680 0
731 6
779 15
650 11
720 2
710 10
630 9
830 5
1530 2
770 3
670 5
700 8
740 10
700 1
720 10
670 9
690 10
710 11
760 3
710 11
1610 9
820 8
680 2
730 15
710 15
850 14
690 5
760 13
800 1
630 10
830 8
690 0
1790 2
650 3
690 0
760 15
750 1
620 10
700 0
700 1
720 4
710 3
780 3
1690 0
700 11
820 7
720 9
700 5
650 11
680 11
790 7
690 4
680 1
670 4
620 13
1760 8
860 8
640 6
810 7
730 0
660 1
870 6
730 4
880 8
720 12
650 12
650 10
1720 9
699 10
800 11
751 8
780 3
720 4
709 13
780 3
711 10
649 14
691 2
2489 11
740 9
600 12
660 11
629 5
660 14
651 3
720 15
749 2
700 14
760 3
710 9
1630 6
650 2
740 10
700 9
770 15
720 9
670 11
710 7
870 4
760 10
700 14
690 11
1780 14
850 1
730 4
670 12
700 10
770 13
630 9
890 13
760 8
610 5
670 3
5600 1
730 12
590 12
770 4
630 12
710 7
690 2
760 0
740 3
630 7
770 9
840 4
2020 3
780 11
760 1
700 0
880 2
730 3
740 2
680 3
790 2
630 3
720 8
1820 1
720 3
580 1
720 0
660 15
780 2
730 7
780 12
700 5
580 1
840 5
770 14
1810 13
769 14
760 14
640 1
680 2
711 13
749 15
680 2
651 14
800 11
700 3
660 4
1620 12
760 2
720 1
600 12
680 12
731 14
769 7
640 11
660 6
651 7
700 10
1880 3
780 0
770 12
610 4
790 10
670 13
670 4
740 12
890 2
880 14
670 4
730 5
1750 2
630 1
870 3
730 4
710 3
680 10
710 1
700 15
650 0
650 11
840 3
720 6
1660 2
730 15
700 4
750 1
640 5
710 0
660 7
750 15
670 0
720 0
730 13
1770 13
730 1
760 0
650 10
630 14
680 1
690 4
760 0
710 15
730 7
700 15
620 11
1500 10
630 15
800 1
670 1
660 0
790 11
660 12
830 8
750 11
710 0
710 2
700 3
1750 4
680 0
640 9
770 7
670 1
660 15
740 3
720 10
689 13
700 7
771 15
3369 5
751 14
660 5
700 13
660 15
671 5
669 4
660 8
760 4
669 8
700 8
620 13
1840 7
730 7
780 11
700 14
710 9
770 4
710 4
780 1
770 1
660 10
730 4
1640 10
770 2
700 8
770 10
670 0
830 4
750 9
860 6
670 0
680 3
750 5
700 11
1840 9
840 8
760 2
730 3
760 7
690 13
690 3
650 9
800 14
660 12
700 1
700 6
1660 2
680 13
760 13
710 5
760 10
680 9
690 12
740 3
720 6
770 8
700 8
1690 2
840 7
820 11
720 2
740 12
720 15
790 11
700 2
660 5
700 1
650 12
620 11
1720 8
690 12
740 1
770 15
750 2
730 5
670 7
700 5
820 14
650 8
800 9
709 0
1580 7
671 5
660 12
651 5
800 7
700 2
640 7
749 10
700 13
780 0
711 2
3040 10
720 9
820 4
840 3
690 14
730 6
650 7
650 3
790 2
710 5
800 4
740 0
1750 2
660 1
680 14
830 3
760 0
790 7
790 9
690 6
690 2
670 15
750 0
700 15
1630 7
900 10
690 3
690 14
780 13
710 0
720 5
650 12
670 0
890 15
790 3
1720 15
660 3
730 0
680 9
630 4
750 15
700 0
710 13
670 11
660 9
790 13
740 13
1620 3
730 0
660 9
620 14
680 6
670 10
700 13
670 3
760 8
790 12
750 2
2270 1
770 13
710 13
750 0
700 8
650 10
820 4
740 2
820 14
740 1
830 15
700 7
1920 2
709 8
740 2
651 5
689 1
711 10
729 2
631 13
629 14
740 10
780 11
780 8
2111 3
749 6
731 10
729 7
740 0
760 12
831 7
680 5
710 13
710 14
640 12
1670 7
660 12
790 6
730 5
840 15
770 9
690 4
680 12
860 13
800 11
600 8
770 8
1820 3
830 7
840 14
680 12
810 13
750 9
740 9
790 4
670 6
680 10
630 14
790 11
1820 6
680 15
710 10
660 0
700 9
740 7
730 14
700 10
720 6
710 12
830 0
6220 10
750 11
740 6
750 1
760 8
770 4
770 5
800 8
860 1
740 3
760 5
810 9
1900 15
700 4
650 12
670 12
700 6
710 3
760 11
720 8
790 7
670 10
710 13
739 10
1691 3
649 7
820 11
711 10
700 11
720 1
660 13
760 7
740 4
760 9
700 11
1631 12
760 10
740 7
700 3
671 5
800 12
740 0
690 5
740 11
720 13
740 10
740 2
1760 4
750 6
800 11
720 7
690 3
850 4
770 0
710 13
720 14
780 4
700 3
1800 9
820 2
680 7
740 12
750 5
770 4
790 0
790 8
690 13
700 12
740 11
710 14
1760 15
730 12
680 7
690 1
670 10
670 13
800 14
770 15
610 12
750 1
700 10
790 7
2520 0
690 1
750 0
760 14
700 9
850 13
830 5
720 4
710 3
820 15
790 1
1710 1
700 13
830 5
720 4
660 8
730 14
740 0
750 6
700 11
640 15
710 7
670 2
1680 6
769 2
740 4
811 14
869 14
740 5
720 6
740 6
711 9
749 11
700 9
840 12
1680 8
729 2
760 9
731 0
760 14
689 9
720 2
760 4
640 14
690 5
620 8
2420 2
780 8
740 11
730 11
690 13
670 15
710 3
680 2
810 10
860 14
770 10
730 13
1710 0
610 11
670 13
720 11
720 10
800 9
740 10
720 6
690 5
770 5
670 5
700 15
1710 3
670 4
700 3
800 11
850 10
710 15
650 10
770 1
670 3
710 10
630 12
1810 3
800 14
730 10
800 14
760 15
710 12
720 15
760 6
780 1
660 1
750 5
760 0
1760 4
660 5
760 5
680 12
730 0
640 13
780 13
740 8
670 10
780 11
620 12
1670 9
650 4
780 1
800 11
680 5
719 11
720 5
700 11
760 15
740 3
820 13
809 14
1731 4
669 13
680 12
680 4
720 10
680 5
709 0
720 5
691 7
720 3
649 10
740 3
1830 11
720 6
660 15
650 0
740 11
670 4
740 5
760 12
860 0
710 12
640 8
1830 7
770 7
840 10
580 5
640 9
630 9
720 2
740 14
690 10
720 1
720 8
670 5
1730 6
780 12
690 5
770 0
780 3
750 14
850 15
690 2
650 8
730 3
890 4
770 9
3020 0
740 5
650 7
740 7
730 14
710 7
700 0
590 6
750 1
810 8
610 0
3170 5
740 1
640 10
760 8
720 4
690 9
640 3
680 9
850 12
780 15
760 1
700 3
1640 6
770 9
800 14
660 1
730 14
690 3
740 5
819 14
680 14
680 11
860 3
671 8
1669 15
720 2
740 15
740 4
780 2
651 2
720 5
760 14
749 15
780 14
680 2
1631 5
749 12
750 3
650 15
780 8
680 9
790 13
850 15
780 4
730 15
720 4
830 9
1700 12
750 6
700 0
680 8
870 10
650 5
750 10
760 1
850 5
690 6
700 11
1730 1
680 15
760 2
670 13
740 2
690 6
650 2
790 13
770 0
700 6
720 13
650 4
1730 13
660 5
730 14
720 7
710 8
710 11
700 14
800 4
650 5
770 10
620 12
770 8
6330 8
830 7
670 12
650 0
690 8
660 3
770 11
770 5
750 11
880 8
670 15
1810 4
690 2
810 0
590 12
790 2
719 6
760 1
731 8
740 5
711 7
829 2
740 7
9611 0
989 1
820 4
750 3
780 1
800 10
740 7
680 12
660 1
780 15
680 12
760 5
1770 9
660 13
800 14
710 13
750 11
710 4
660 15
770 12
760 3
690 0
670 5
1650 14
720 4
870 8
720 3
730 10
780 13
730 13
620 15
730 6
770 8
710 7
680 0
2610 6
750 9
620 7
750 11
800 8
870 8
700 8
780 4
680 3
730 5
790 5
750 6
1830 4
650 12
660 8
730 8
620 0
730 5
760 3
810 6
740 2
720 15
690 10
1690 11
730 8
820 14
660 1
680 13
670 10
750 0
790 15
620 4
720 4
770 15
730 2
1569 13
651 0
689 12
780 2
780 10
789 7
660 3
640 7
731 7
700 13
700 11
1689 3
820 10
720 11
700 5
751 8
600 12
740 3
720 11
699 13
690 3
670 10
820 4
1600 5
710 10
830 12
760 10
780 5
790 14
710 10
740 14
720 13
590 15
670 11
750 0
1630 11
650 12
780 2
740 7
680 15
690 6
750 0
620 5
800 8
670 1
870 6
1730 9
790 4
690 2
790 3
710 0
790 1
750 7
690 3
730 8
670 7
690 4
700 14
2780 2
750 3
890 6
850 15
720 2
720 1
810 11
720 12
710 0
740 7
740 2
820 1
2130 2
630 6
630 4
770 15
770 9
710 14
680 10
660 10
730 1
920 15
840 5
2250 8
660 12
690 6
730 15
669 11
711 8
680 8
609 11
811 0
689 4
700 12
711 3
1609 12
800 9
711 4
760 0
660 2
700 4
860 15
860 0
791 11
809 6
740 8
710 11
1780 14
680 9
710 2
680 2
730 13
620 12
580 11
760 4
720 11
800 14
640 1
2150 6
810 9
740 7
740 12
730 13
760 14
920 2
680 11
780 6
700 10
750 11
740 9
2550 12
670 12
730 6
700 4
730 0
680 13
880 10
750 13
770 13
790 3
760 13
1720 0
800 0
830 11
800 8
670 12
700 5
780 3
730 0
660 5
830 1
700 11
770 7
1870 8
780 7
740 9
700 8
840 1
700 8
810 0
650 11
690 4
770 0
700 5
740 15
2200 10
840 2
840 8
799 0
771 2
680 12
700 9
689 6
731 13
680 1
789 7
1551 12
829 8
740 4
751 9
700 10
780 14
740 3
680 5
651 10
860 5
620 6
829 14
1820 6
730 6
690 10
690 14
750 0
730 6
710 12
760 7
830 7
680 3
740 15
830 13
1650 1
650 12
710 0
890 5
710 15
730 2
770 11
750 6
780 9
750 7
730 2
3280 13
840 11
680 2
700 6
720 9
690 11
730 10
800 15
660 12
800 5
790 9
680 1
1710 6
640 2
710 11
770 6
830 1
820 10
700 15
810 14
750 3
620 11
720 10
750 2
1800 11
640 6
710 8
700 8
700 0
870 5
690 4
620 5
730 7
660 3
730 10
1500 1
820 5
720 4
700 12
680 3
660 8
750 7
690 15
669 15
691 10
729 10
811 14
6149 7
791 2
789 7
740 14
711 9
749 13
720 10
740 14
771 10
669 0
840 7
1760 3
800 9
660 9
740 14
820 4
680 6
900 0
770 3
650 4
670 5
820 1
720 0
2910 15
690 1
720 15
800 0
840 13
640 0
780 11
730 7
750 5
740 1
760 14
700 13
1660 12
640 0
720 15
750 3
720 14
740 12
710 8
720 0
770 13
750 5
720 4
1740 15
720 11
660 2
730 11
720 10
750 15
690 5
750 11
720 4
690 7
750 12
740 2
1800 14
800 7
960 3
790 6
790 7
810 6
780 1
790 1
680 4
720 4
810 1
750 1
1800 12
760 3
700 15
750 14
709 4
820 8
740 13
700 2
740 10
700 3
720 15
1671 6
820 0
640 10
769 10
740 1
660 13
720 3
680 9
820 11
840 14
720 1
771 5
1689 14
770 0
730 4
690 5
740 10
650 6
810 15
670 8
710 5
730 8
800 15
780 7
1760 12
680 12
750 13
800 9
830 2
810 14
750 5
730 9
720 13
670 9
630 0
1830 4
700 13
840 7
850 8
710 6
680 12
720 2
670 3
750 6
710 11
720 6
700 8
1740 9
750 3
620 8
700 0
730 11
730 12
750 6
780 9
790 10
730 6
630 1
1710 14
610 12
1000 15
720 12
720 2
790 4
660 9
680 2
760 10
660 15
700 5
780 11
2500 1
860 7
660 11
790 6
710 4
720 12
710 0
680 0
649 12
860 2
740 14
800 9
1660 2
769 0
751 11
680 10
700 5
780 13
820 0
689 4
800 2
671 6
620 12
2989 15
889 13
680 6
750 1
730 6
710 7
740 15
740 7
730 13
760 13
840 10
850 6
1760 5
730 13
830 0
720 1
1040 8
830 7
750 11
710 3
700 7
660 7
710 1
690 11
1780 0
690 2
700 9
720 7
700 13
710 0
690 4
710 10
730 12
730 6
700 11
1560 13
760 12
710 1
690 14
700 13
610 6
770 11
740 11
680 1
800 7
710 5
740 6
1590 4
740 0
880 7
720 1
850 5
740 10
720 6
780 0
730 10
880 15
640 2
690 4
1860 3
820 2
810 10
710 7
640 10
810 8
870 12
720 13
650 9
700 0
709 12
1760 9
760 15
760 12
751 0
769 13
760 6
700 8
700 2
691 7
689 4
720 2
711 1
2029 15
711 7
780 6
780 0
629 0
711 7
609 3
730 15
680 6
730 9
690 2
1560 4
690 12
790 0
850 4
720 11
790 5
760 14
770 3
670 3
730 10
750 5
670 9
1740 5
750 15
730 6
740 0
580 1
680 7
650 3
700 11
660 3
760 15
770 2
840 7
1730 15
700 4
710 6
700 14
910 8
810 5
660 9
750 8
870 10
770 10
650 1
1700 15
770 13
700 10
900 14
750 9
630 13
800 7
820 13
710 10
780 8
820 0
720 1
1740 0
820 12
710 7
730 11
800 14
740 4
730 3
660 14
810 10
710 6
770 6
660 12
2000 3
800 3
810 7
769 12
831 6
729 7
731 7
700 15
669 14
791 9
669 3
4060 4
791 9
769 10
760 1
731 4
620 12
680 4
689 4
710 15
610 0
770 11
760 5
6200 9
690 4
630 13
630 8
580 7
700 12
760 13
580 12
700 3
610 12
670 1
800 3
1780 10
740 1
710 1
720 4
740 5
780 4
650 8
890 2
700 4
770 15
890 7
2100 12
750 1
820 3
660 5
780 10
810 9
790 15
710 10
900 11
750 10
700 5
790 0
1630 15
650 12
860 5
810 4
780 0
760 10
760 4
710 7
760 6
700 10
700 0
1710 11
790 7
670 10
750 8
670 10
740 6
740 9
600 0
640 3
760 9
710 12
780 5
1849 5
671 9
729 15
691 14
709 10
771 9
720 7
740 11
791 5
729 6
651 6
729 8
1720 3
771 6
760 15
800 6
629 3
680 12
700 11
810 0
630 11
750 6
730 11
1680 1
730 13
620 2
770 7
750 0
750 4
750 3
840 3
850 6
770 6
820 8
630 1
1650 5
890 8
760 0
700 0
680 10
740 0
690 12
840 1
770 15
770 3
670 5
750 5
1780 6
740 9
860 14
810 13
760 13
680 10
700 7
730 13
820 9
860 7
820 13
1750 9
720 2
720 8
770 12
720 2
730 0
710 15
780 9
850 3
720 14
860 13
690 10
1630 7
740 11
720 14
680 9
690 4
800 7
710 12
740 12
830 11
780 14
740 11
660 12
2820 14
729 15
720 13
720 15
700 1
711 8
789 7
660 13
780 15
771 7
729 4
1800 2
831 3
809 9
731 13
689 5
880 1
720 1
671 2
629 15
720 5
680 14
740 12
2440 7
790 15
670 12
810 10
670 12
850 7
780 12
830 1
750 13
710 3
640 4
2180 14
780 0
740 7
750 2
750 1
810 11
620 12
770 8
700 3
650 7
690 5
620 12
1770 5
680 12
670 11
770 0
780 6
610 0
800 9
720 13
850 8
780 9
730 5
830 14
1700 0
720 3
820 3
710 2
850 4
640 2
690 5
670 8
880 5
730 0
660 5
1740 0
750 2
760 15
650 4
730 12
760 9
740 10
740 0
620 12
750 14
740 15
740 14
1770 7
740 11
630 14
630 7
670 1
669 5
780 15
720 11
771 13
769 6
771 15
709 10
1580 3
831 10
820 6
729 3
640 5
691 9
709 10
791 15
740 4
780 1
800 3
1829 9
710 6
680 8
670 11
690 4
810 4
710 4
670 14
700 14
800 9
700 11
800 11
1850 3
700 10
660 7
720 8
860 13
670 8
760 5
750 12
710 2
810 10
730 13
760 4
1810 4
740 5
740 1
750 0
720 7
780 14
840 0
670 7
790 0
790 14
690 0
1710 7
730 6
790 0
840 9
800 5
800 6
750 3
770 15
720 0
740 12
680 10
790 7
1990 8
790 12
730 7
620 12
800 14
740 9
640 15
760 2
830 8
710 14
710 9
1860 1
670 11
770 2
780 0
740 11
640 10
640 13
809 10
731 10
689 15
771 0
780 6
1629 1
880 5
749 0
800 10
871 11
729 13
671 4
769 11
780 13
720 1
771 10
680 13
1749 9
770 14
650 12
760 7
830 0
740 8
690 8
730 6
650 12
750 9
680 2
5600 14
710 8
630 12
770 14
780 3
830 3
660 3
690 6
780 5
710 11
790 7
830 2
1790 1
730 0
740 8
830 7
780 10
810 9
840 8
730 7
750 0
730 4
670 10
720 9
1870 3
710 1
700 13
730 5
680 6
770 0
720 4
770 3
640 13
810 15
790 9
3020 1
760 5
690 14
790 11
830 7
810 13
840 15
700 14
730 3
810 14
790 14
830 2
1900 14
710 5
770 3
730 11
729 13
800 0
691 4
909 4
720 7
931 14
680 0
709 3
1820 13
740 4
680 2
720 12
700 0
631 7
729 7
640 0
800 9
760 12
871 0
1799 4
740 13
770 5
670 11
770 15
690 6
710 2
720 14
740 0
780 6
670 6
820 7
1750 13
780 4
780 6
730 10
770 5
840 9
750 12
760 0
730 7
680 9
730 0
1700 8
720 13
720 7
680 15
730 9
9890 4
900 5
850 13
670 7
640 13
780 3
710 6
1590 10
790 0
720 10
840 15
700 13
860 14
730 6
780 5
770 5
840 4
770 10
860 9
2640 14
730 3
720 11
780 4
730 12
760 14
760 6
740 5
820 2
780 11
700 4
2280 2
851 8
729 0
740 11
651 1
880 15
771 6
729 8
711 6
669 3
800 5
700 2
1711 10
770 2
810 14
610 11
830 2
760 13
770 0
790 9
770 6
850 4
730 6
710 3
1720 4
740 14
710 5
710 1
690 0
690 8
750 15
710 12
750 8
890 8
790 13
1810 13
790 1
790 2
680 5
690 0
790 10
670 1
740 6
730 2
720 13
710 15
770 7
2530 5
650 6
650 11
800 11
820 7
780 8
750 12
760 2
710 13
680 4
690 6
660 7
3080 6
720 4
730 4
750 9
670 4
730 4
770 9
800 13
800 2
760 11
680 13
1810 6
660 1
860 8
650 3
690 13
770 8
860 11
839 5
760 3
791 10
720 7
880 0
1680 0
700 4
780 14
760 0
769 3
751 15
789 7
800 3
680 7
711 11
680 11
1729 9
740 9
750 8
690 6
660 10
750 0
820 0
630 5
720 0
760 5
760 2
830 15
1710 11
730 10
810 6
770 8
720 7
690 2
750 2
730 1
770 12
780 3
680 0
730 6
1780 2
810 1
710 7
790 8
840 0
680 15
790 13
710 2
640 11
710 11
700 15
1590 1
740 5
780 1
730 15
780 9
720 12
710 8
760 2
880 7
820 8
710 11
720 11
2680 4
740 0
800 11
830 11
800 13
870 4
730 15
750 8
680 12
790 14
650 4
930 1
1700 0
640 0
800 5
790 3
670 0
800 8
820 15
789 15
780 15
611 9
780 12
1860 10
660 8
800 10
760 14
791 8
740 9
749 15
720 6
780 3
771 8
689 3
720 0
1740 4
720 3
820 3
840 9
770 8
730 7
660 10
760 5
750 10
820 7
730 14
680 8
1640 7
710 1
820 0
740 14
670 15
690 9
790 6
650 13
770 0
790 3
750 15
2060 9
970 5
890 10
860 13
950 14
940 5
800 13
970 1
850 8
1120 2
960 2
710 15
1880 5
800 9
720 1
710 7
670 6
770 10
910 13
980 3
1020 7
910 10
1010 12
6410 6
910 10
790 8
710 15
780 13
790 0
690 9
670 14
670 12
680 5
740 0
800 6
2009 8
669 15
680 11
691 14
749 7
811 5
749 1
760 2
680 9
720 7
751 8
800 1
1869 7
700 2
751 9
760 13
809 0
680 9
740 6
840 14
590 0
660 10
700 7
1900 9
720 5
730 2
740 3
860 10
720 7
800 13
820 13
830 14
810 0
810 3
720 6
1730 11
670 15
730 13
710 8
710 12
750 13
790 14
780 12
760 7
730 2
850 0
760 13
1650 11
840 11
760 4
710 3
810 6
690 4
800 15
700 14
710 14
870 0
970 6
3250 5
810 6
800 10
720 7
750 4
710 11
780 9
750 5
740 1
750 15
800 4
760 10
2580 14
780 9
850 3
780 5
840 9
730 0
790 9
650 13
860 2
660 0
800 12
720 6
1720 7
811 12
689 11
680 12
711 7
769 8
711 0
749 12
671 3
700 14
729 2
1671 10
969 0
771 15
740 15
680 13
760 8
629 7
770 14
750 6
840 2
840 13
750 2
2040 1
650 4
710 8
720 10
730 8
790 2
710 10
900 9
730 8
610 11
810 4
1620 2
680 8
720 9
840 0
700 14
640 8
910 13
920 0
810 2
810 3
800 14
710 13
1600 13
850 8
850 13
680 9
710 10
760 11
780 6
770 5
800 6
720 14
820 10
760 15
1900 13
740 9
760 0
840 6
700 7
650 6
810 2
780 8
810 10
770 3
860 1
1830 5
710 5
810 7
750 9
800 11
730 4
730 7
650 5
690 15
840 13
700 3
680 14
1720 7
660 11
820 11
780 8
840 3
729 4
829 0
631 8
680 3
869 10
880 8
771 8
2480 2
671 5
709 5
791 7
800 4
869 14
830 2
670 6
670 5
720 0
820 6
1750 6
730 9
780 12
590 8
800 11
770 4
780 13
640 3
720 3
720 14
760 0
830 0
1780 5
900 2
760 6
770 5
670 13
730 13
820 6
770 13
710 6
770 1
780 8
710 14
2470 14
730 1
740 9
810 6
720 1
730 1
720 15
640 8
620 2
710 7
880 8
2880 2
800 3
790 15
780 6
800 12
730 3
840 10
770 5
670 4
670 9
670 0
750 3
1930 10
730 14
790 15
880 15
780 15
840 10
820 5
830 4
710 15
900 8
760 0
1700 1
840 13
729 3
731 11
769 5
840 10
760 2
811 10
840 5
800 9
740 1
709 5
1791 9
729 8
760 10
700 5
760 14
750 13
760 4
700 4
680 11
830 11
720 8
740 12
1890 11
710 13
750 2
750 5
830 2
790 11
720 5
770 11
640 3
880 2
700 0
2040 3
740 4
870 2
710 1
790 3
750 6
750 13
790 4
770 11
720 2
750 13
830 3
1810 5
720 11
710 5
700 8
670 4
720 2
670 12
820 2
770 13
840 14
740 8
860 3
1980 9
700 2
840 7
690 13
680 12
850 5
700 3
650 15
750 0
730 9
880 14
1700 6
740 1
840 14
720 10
780 9
740 0
670 5
780 4
660 3
800 3
690 7
760 7
1650 12
769 10
771 5
780 13
769 8
871 2
800 11
709 13
720 5
771 2
729 5
771 12
5889 15
759 8
850 9
760 1
900 10
740 0
740 13
710 8
740 7
760 14
700 14
1850 7
760 11
790 0
710 3
780 2
740 5
760 0
730 8
820 15
790 7
660 3
830 1
1960 14
710 14
740 4
710 8
750 13
870 6
740 9
740 1
730 11
790 14
700 0
2540 4
730 6
690 1
860 10
870 10
850 6
710 5
750 0
700 5
830 15
750 11
810 0
1830 13
860 1
710 12
700 2
690 10
750 9
760 9
680 0
660 3
640 13
770 1
790 0
1640 2
600 9
790 1
810 8
750 2
830 5
730 7
769 10
771 13
760 12
769 7
1711 2
800 1
720 3
811 12
709 14
680 3
731 2
800 3
760 14
751 8
789 4
731 13
1740 12
849 5
800 0
860 0
800 10
900 10
920 3
770 2
780 5
700 7
690 14
690 15
1700 0
720 9
780 13
780 13
720 4
700 2
840 15
720 6
870 7
730 12
800 11
3500 8
760 14
820 5
770 10
730 5
720 4
700 2
690 12
850 0
630 3
870 14
810 11
1680 9
750 3
830 3
710 7
720 2
700 4
740 6
670 12
740 0
850 2
750 5
780 15
1950 7
650 5
630 8
790 1
900 5
790 8
790 11
810 6
850 13
720 7
790 2
1630 4
610 12
660 4
690 7
820 0
700 4
780 8
680 8
709 2
780 5
651 2
680 8
1820 2
680 1
940 15
780 5
800 4
791 9
700 8
880 8
729 5
771 12
649 12
1660 12
769 14
730 6
730 15
750 6
700 3
750 15
800 10
770 9
740 14
720 7
770 11
1700 9
760 15
830 11
710 1
710 9
720 0
720 9
690 12
870 6
720 1
750 0
750 5
1640 10
680 7
820 9
820 9
680 10
810 13
730 1
870 7
700 13
620 12
870 8
3340 5
780 9
720 11
870 8
780 1
810 13
780 8
820 15
680 4
680 15
850 7
750 14
1930 15
850 7
750 10
740 4
790 0
800 4
780 14
790 15
720 9
800 6
680 2
670 11
1600 5
750 12
790 7
690 7
670 9
800 10
800 1
820 15
649 8
940 5
660 12
1951 15
829 7
760 3
720 5
811 5
689 14
840 2
811 13
709 14
731 3
789 9
780 5
1740 6
630 2
800 7
780 6
790 8
720 1
870 11
740 9
750 5
760 10
820 12
610 12
1840 5
760 6
830 14
850 0
740 12
840 9
780 3
760 10
590 1
800 6
740 5
2090 10
650 8
700 12
800 9
760 14
680 15
820 5
700 9
650 12
810 0
640 13
820 7
1890 14
790 8
830 5
710 2
720 14
640 15
740 4
860 10
740 14
680 0
720 10
1940 1
740 6
730 9
780 4
830 13
730 12
780 8
690 10
690 4
780 0
670 15
790 8
1720 4
850 2
790 6
830 9
750 2
730 4
799 3
791 2
760 10
849 8
760 1
740 13
1640 3
711 12
809 0
871 14
720 12
720 9
700 13
760 15
820 10
680 14
689 3
2000 10
820 1
630 13
740 13
670 3
730 8
720 15
790 5
730 11
630 2
800 3
680 1
5610 6
690 14
780 8
840 8
720 13
810 12
760 8
710 2
660 5
650 1
800 15
730 2
2840 11
730 10
700 6
840 13
700 14
710 6
810 1
720 13
730 12
750 10
760 1
1640 0
730 5
750 6
720 7
800 15
730 13
740 7
830 15
800 2
680 1
740 4
860 3
1930 14
720 5
740 3
700 3
690 7
690 5
730 11
780 2
820 7
810 9
800 13
760 5
1820 2
640 7
790 7
809 5
771 5
740 0
740 14
820 6
731 2
689 1
651 8
1820 5
800 0
789 9
911 5
709 5
740 1
720 11
691 13
689 15
780 1
720 15
680 15
1690 8
840 9
700 11
740 6
760 11
770 3
860 4
730 0
830 1
750 3
750 9
1760 0
780 9
650 15
730 15
700 8
680 3
680 5
750 11
720 2
790 3
800 9
710 1
1750 0
850 2
680 11
720 3
780 4
820 13
730 15
760 12
760 15
910 0
740 1
750 12
1800 10
740 12
810 15
750 8
640 7
770 14
720 0
780 9
870 6
700 0
720 2
1800 8
830 13
840 6
710 10
790 0
670 13
660 5
860 0
780 6
660 12
710 10
800 14
1800 10
880 6
630 15
760 9
729 10
791 14
860 7
889 9
800 1
800 0
751 12
849 0
1660 5
931 4
789 7
760 6
851 13
7319 5
890 3
740 9
900 7
780 14
820 4
3050 10
860 1
750 2
710 0
720 3
750 5
690 15
700 1
720 13
730 0
780 2
820 10
1750 8
770 1
800 3
800 8
770 14
710 5
720 13
760 1
840 14
660 3
710 1
760 8
2570 6
760 13
850 2
770 13
770 0
650 13
740 5
760 5
770 5
720 15
790 15
1820 5
790 7
720 5
750 12
860 6
770 5
700 9
960 11
700 8
710 11
770 15
730 2
1800 5
800 9
710 2
810 8
810 10
820 4
750 14
709 12
649 3
700 15
780 8
2191 9
829 10
751 10
780 10
689 3
831 2
800 6
680 10
749 5
660 9
840 5
740 6
1680 13
760 8
820 2
750 1
720 10
740 15
730 7
780 6
800 1
810 3
800 0
740 1
1830 4
750 11
670 11
770 3
790 13
750 4
820 1
830 4
800 5
720 13
770 13
2110 0
790 4
730 5
750 13
680 4
720 3
750 3
730 6
790 15
730 6
720 1
680 13
1800 7
790 11
750 4
810 4
770 5
800 9
860 9
770 7
690 4
650 11
770 9
800 15
1790 5
960 13
750 8
830 6
850 6
780 13
810 15
710 13
700 13
960 6
690 1
1610 4
800 0
700 15
740 2
900 13
710 3
640 12
770 12
779 0
771 15
729 7
740 5
1791 0
709 8
760 2
811 12
800 6
820 9
709 12
680 12
849 7
771 6
760 1
880 7
1780 13
671 6
799 4
670 7
720 12
720 0
790 0
770 13
690 10
800 8
850 7
2000 14
830 5
890 5
770 2
810 2
770 13
840 8
850 15
650 13
640 15
700 9
720 15
2620 9
840 15
840 1
740 3
690 14
640 3
740 10
770 11
650 0
800 2
710 13
1750 0
740 14
840 13
750 0
780 7
860 6
780 1
840 10
760 11
760 6
700 7
760 0
5570 8
880 5
820 5
640 15
780 9
820 3
820 15
690 12
700 0
900 13
870 7
850 0
2370 1
850 4
740 1
860 8
900 9
760 13
800 8
680 15
729 2
751 5
971 9
2071 0
1080 6
940 4
991 6
980 8
940 5
931 14
1031 5
910 9
810 6
680 7
730 3
1770 14
690 10
700 0
700 14
770 13
1000 8
930 2
950 13
940 1
860 14
1080 10
890 10
2110 13
940 4
820 5
930 2
740 5
760 2
760 13
740 10
740 8
690 1
710 11
1660 11
810 10
730 8
740 11
740 2
740 15
780 9
710 14
890 9
710 8
740 12
750 13
2050 10
780 12
900 2
710 8
840 2
920 11
710 3
780 4
790 8
690 15
800 4
680 14
1810 4
720 7
900 14
760 14
710 11
750 3
670 13
880 3
950 7
690 12
740 9
2120 14
700 14
840 8
740 3
640 12
740 8
720 0
749 2
720 5
831 14
689 10
900 0
1751 5
740 3
809 1
691 3
700 12
809 0
660 12
780 3
800 15
910 3
740 9
1710 2
810 4
820 1
770 14
780 3
830 6
710 12
730 9
720 1
760 14
840 3
710 2
2690 9
790 3
650 12
720 4
730 6
750 8
770 9
760 2
730 9
690 13
720 2
860 13
1720 2
800 1
720 14
860 15
710 9
680 12
790 5
760 3
680 12
680 3
740 14
1750 4
830 0
840 2
690 2
770 1
740 5
750 6
820 1
740 10
740 4
680 2
850 5
1880 2
720 7
930 10
800 5
870 2
750 15
830 7
710 2
690 7
690 0
730 5
730 13
1609 3
811 11
760 15
740 7
829 0
760 15
680 1
651 3
849 15
760 0
751 5
3589 2
909 10
751 15
820 4
759 8
690 14
880 6
810 15
780 4
680 4
800 1
740 1
1690 4
670 7
710 4
790 6
840 11
760 0
820 15
700 13
780 4
790 1
760 15
740 6
1780 15
770 3
720 11
660 1
680 12
770 11
710 10
720 8
770 15
830 0
720 0
2280 15
790 14
770 1
730 15
770 12
790 11
670 10
710 11
750 2
780 6
740 10
720 11
1730 9
710 1
840 15
700 8
690 14
700 5
720 5
820 3
740 13
760 9
780 14
1780 3
760 5
840 10
850 8
780 6
690 14
730 5
760 13
650 12
880 13
680 3
780 3
1839 9
760 9
671 12
749 5
780 3
780 10
651 1
860 11
969 15
700 7
811 2
749 15
1811 5
840 5
860 6
680 0
760 5
760 7
790 14
830 8
710 7
790 11
790 11
1830 10
820 11
740 3
850 10
710 9
720 15
740 12
720 5
740 13
780 1
860 4
810 9
2500 8
830 14
800 8
760 12
590 0
880 11
840 11
740 10
720 3
870 6
770 13
770 0
1700 5
680 12
800 5
650 12
830 1
760 2
770 4
740 1
830 8
700 11
680 13
1770 6
800 2
750 1
750 2
710 5
810 6
750 6
880 1
780 0
780 7
830 9
780 15
1680 10
720 3
760 0
850 1
730 13
700 15
770 14
690 11
730 8
750 9
790 4
740 7
1760 11
760 10
789 5
751 13
740 15
709 9
691 10
680 14
709 15
851 11
829 9
6200 5
929 3
799 4
820 6
910 10
890 2
680 0
810 7
790 14
800 12
870 1
790 8
1770 1
800 6
660 12
690 8
840 11
790 5
760 0
820 0
850 3
800 5
830 5
1800 15
730 11
680 13
800 7
640 14
740 9
760 2
740 11
780 0
900 1
830 1
700 2
1820 5
720 5
770 0
710 12
770 6
740 10
790 6
790 2
750 2
700 10
810 1
710 14
1880 7
800 5
660 13
820 7
740 12
810 4
760 11
770 11
750 4
670 2
770 5
1690 5
850 11
740 3
860 2
800 4
780 12
660 10
820 0
751 6
840 2
700 15
720 2
1649 0
740 6
911 1
800 1
829 0
711 13
780 7
840 7
780 12
740 11
840 8
740 2
1700 12
740 13
880 8
790 3
770 5
880 6
630 12
710 7
710 13
750 15
750 6
2630 7
760 14
670 8
710 7
670 4
790 7
740 15
740 5
730 9
760 0
760 5
780 10
1720 5
710 9
690 4
880 14
910 8
660 8
690 8
680 2
780 10
670 10
810 9
750 8
1720 12
780 0
700 8
810 6
740 6
790 8
780 0
730 11
700 14
750 1
710 0
1660 5
820 4
820 3
870 3
630 10
760 5
770 0
760 9
790 7
740 3
680 1
670 10
1740 14
800 8
780 13
890 14
710 0
770 0
730 1
820 9
790 10
729 8
800 6
1860 9
780 0
780 1
751 2
720 12
740 3
720 12
751 3
780 5
809 2
800 7
740 10
1751 5
780 13
769 5
820 2
780 7
710 1
700 6
710 12
660 12
660 15
750 11
760 4
1760 13
840 7
790 0
740 3
790 3
740 3
740 7
830 3
670 13
690 1
810 9
1720 5
780 7
750 10
720 15
700 5
1020 14
810 1
680 10
820 6
750 2
700 15
770 15
1930 11
820 15
860 8
710 7
750 9
860 15
730 2
710 13
720 12
720 5
780 7
670 10
1760 10
730 15
800 13
710 1
750 8
790 0
780 3
720 12
880 13
730 6
700 4
3220 14
750 13
790 11
790 10
680 12
760 9
720 3
790 3
720 9
770 5
679 15
631 1
2420 11
809 7
820 10
780 15
771 14
660 0
789 11
651 12
700 0
720 2
749 4
780 10
1671 3
809 4
780 10
711 8
739 1
780 0
720 2
760 7
720 13
880 8
760 15
2850 4
780 0
830 1
790 7
810 7
850 12
690 4
700 3
770 2
630 14
690 9
720 9
1790 1
710 14
810 13
840 4
730 12
750 5
850 13
740 9
830 4
880 2
880 4
1840 1
830 8
820 1
760 15
820 6
830 15
610 2
700 9
640 12
750 3
820 7
750 11
1840 10
950 3
670 8
750 13
810 11
770 0
710 13
720 10
740 12
760 10
700 0
740 12
1850 3
760 3
670 5
840 1
910 2
720 10
600 12
929 8
840 13
800 15
760 0
1940 6
800 7
731 11
749 5
800 15
751 1
680 9
669 12
811 0
860 8
780 13
689 7
1660 15
791 13
879 15
720 5
780 11
900 11
750 6
770 4
860 7
760 13
740 3
770 11
6070 14
720 6
690 2
810 13
780 1
830 1
680 5
790 6
740 2
730 9
760 2
1800 6
720 7
710 5
870 3
730 14
740 3
790 5
810 13
730 12
680 15
790 4
830 4
1760 11
830 15
770 1
780 11
710 4
760 7
820 12
840 13
750 3
730 13
810 1
750 7
1850 2
720 9
730 14
760 15
820 13
760 7
720 2
780 15
750 11
810 9
650 0
1690 3
830 15
780 6
910 6
730 10
780 4
769 6
800 15
860 14
760 4
660 1
751 8
1740 13
700 9
760 5
860 11
720 0
760 10
789 5
771 13
780 5
851 0
700 9
2769 10
840 2
730 15
760 7
810 15
740 4
830 12
700 9
770 5
710 0
880 6
720 7
1730 11
740 7
780 11
800 8
820 1
760 0
830 14
720 5
790 10
830 6
660 13
760 11
1780 0
770 6
820 7
820 5
860 7
860 6
860 11
770 15
790 6
740 10
710 5
1590 3
740 15
730 5
910 2
750 12
740 9
750 11
860 0
710 10
780 4
720 6
740 2
1720 15
780 9
830 11
720 4
770 1
770 14
830 13
860 6
750 7
780 12
790 8
780 2
1730 7
740 7
760 15
740 3
840 15
689 8
911 7
780 1
940 9
769 8
671 4
1829 11
700 10
891 3
689 12
711 8
809 9
700 13
740 13
831 15
669 1
860 14
800 13
1840 0
980 10
760 9
680 15
740 10
810 10
780 8
830 12
700 1
780 7
840 2
740 4
1710 5
820 7
700 11
780 9
680 14
880 12
760 1
730 9
720 1
780 3
790 14
1580 5
800 0
700 2
700 5
680 10
790 14
740 13
710 0
700 7
680 11
720 7
7860 0
1990 6
770 14
820 0
860 11
750 4
720 1
700 7
730 15
860 13
740 2
780 10
1860 1
780 11
830 0
820 9
830 5
680 10
740 12
810 5
689 6
731 4
709 12
751 4
1689 3
831 1
780 10
869 6
771 9
789 13
680 14
771 5
709 15
740 15
791 10
769 4
2880 4
770 7
710 12
810 3
760 0
800 13
800 8
830 3
750 3
600 2
810 9
1640 15
890 4
720 10
760 3
780 14
750 14
800 12
760 3
730 15
810 4
770 7
740 3
2230 2
830 14
710 11
740 7
750 5
770 7
800 0
770 13
870 0
730 6
810 11
710 5
2110 3
740 12
750 0
820 13
910 11
860 5
770 8
690 1
760 4
720 5
740 14
3330 3
820 3
840 4
680 12
840 10
900 7
710 9
780 9
830 4
730 3
710 14
830 9
1710 5
770 6
730 8
740 1
780 11
789 10
820 1
791 4
689 8
760 6
651 4
749 0
1671 14
780 5
769 8
731 15
740 6
800 12
789 6
700 13
720 6
680 13
689 12
1630 14
710 14
920 7
740 12
640 12
830 6
790 5
740 4
850 11
750 11
730 14
760 0
1780 7
860 2
850 5
770 6
740 9
780 2
760 0
740 13
740 15
720 12
710 12
2160 3
800 2
840 7
670 12
790 1
830 13
750 3
680 15
750 1
750 15
860 7
760 14
1610 1
770 8
780 15
840 7
880 3
730 5
730 8
650 14
850 9
720 8
890 4
950 9
6000 11
760 4
740 3
770 14
810 15
790 13
740 12
710 12
790 6
790 15
830 5
1869 5
740 6
769 5
831 5
740 11
740 12
769 4
700 13
760 9
671 1
780 4
600 12
1680 2
709 7
751 10
740 8
840 15
769 9
720 14
671 11
819 9
790 14
710 5
710 8
2410 10
750 15
880 2
710 12
760 11
790 9
750 7
740 2
710 14
800 4
800 3
1910 5
790 4
840 2
750 11
820 11
610 14
760 7
820 6
770 3
690 12
790 5
690 0
1920 3
810 7
780 15
790 2
790 3
760 12
830 0
830 13
890 10
690 4
740 5
890 9
1650 5
750 1
830 1
780 7
740 8
860 9
730 11
1020 9
780 15
650 2
730 13
1680 3
880 8
890 10
860 10
690 3
770 2
860 7
800 15
660 12
740 2
750 5
910 7
1810 13
880 10
749 7
691 11
780 13
809 14
691 0
740 12
760 6
700 0
789 13
1811 6
800 4
900 11
800 3
800 13
780 4
780 4
700 8
680 7
750 1
820 13
810 6
1730 1
740 7
800 15
650 7
760 2
660 12
700 10
810 14
690 7
760 9
830 6
760 13
1790 12
840 6
830 1
730 15
740 8
840 11
830 1
800 6
730 10
790 0
750 2
1840 11
890 9
810 0
880 11
710 13
850 1
740 11
690 9
710 3
850 1
810 11
850 8
1730 15
730 12
760 14
730 2
760 13
730 2
820 15
800 9
840 13
650 5
750 3
790 1
1770 13
790 4
750 13
780 10
720 10
740 15
840 2
690 6
680 12
690 12
760 2
1909 14
780 6
611 12
749 11
760 12
729 8
751 14
709 9
720 12
751 12
709 9
800 8
2771 11
720 5
809 3
691 12
769 12
820 8
860 15
810 7
680 12
610 12
720 15
810 3
1790 2
740 3
690 7
700 13
770 9
680 12
740 15
680 2
830 0
830 2
730 9
1570 4
700 3
780 2
810 14
790 13
740 4
900 13
770 9
750 9
890 15
700 3
880 1
1780 10
710 14
940 6
760 8
820 13
800 15
710 9
830 14
740 9
790 2
790 1
1970 9
850 8
940 13
830 15
680 10
620 12
730 3
750 0
750 9
740 12
740 15
840 7
1780 2
750 3
870 14
870 0
780 2
670 9
670 12
760 7
860 4
900 9
770 12
700 12
2760 5
809 3
800 9
711 7
829 12
811 13
689 12
711 8
809 10
860 3
751 2
1920 8
729 10
891 9
769 15
780 3
690 9
830 14
680 0
720 7
740 5
810 14
810 10
1680 2
920 4
830 4
700 1
900 15
720 4
860 9
680 12
670 9
750 8
770 0
650 12
1670 11
810 3
820 7
800 5
850 6
750 0
740 7
850 1
710 12
770 9
680 2
3000 1
780 13
780 10
780 7
790 14
730 10
840 4
790 8
860 15
760 3
680 0
750 7
1700 13
780 4
680 0
760 7
730 10
770 14
720 9
800 1
770 14
790 6
790 3
840 0
1790 7
760 9
730 10
1010 5
820 2
730 5
750 9
830 13
750 7
940 2
729 2
2031 13
729 11
811 11
740 6
820 13
689 3
760 3
780 14
751 15
740 6
749 10
731 2
6379 0
730 12
770 8
910 2
750 2
840 14
680 13
750 6
690 4
710 4
790 10
1750 0
860 4
910 9
720 11
830 10
880 7
790 9
790 14
720 14
750 5
760 13
820 7
1860 10
800 5
820 10
770 13
690 13
770 12
740 0
810 8
810 1
710 9
710 13
710 10
1660 4
690 14
690 14
810 8
740 11
800 10
800 9
790 15
740 7
800 5
880 14
1790 1
760 9
830 14
690 12
770 8
740 1
750 13
720 0
800 2
770 12
880 5
710 10
1810 10
810 3
839 3
831 6
760 3
960 3
1020 0
831 10
820 13
800 0
769 14
751 15
1680 1
780 15
729 0
831 0
840 8
740 6
760 15
911 6
790 5
760 0
800 3
1850 15
750 13
700 4
740 8
770 13
750 8
850 12
730 10
840 0
730 8
690 0
810 14
1700 6
690 9
620 12
780 9
840 0
860 8
790 8
740 12
680 7
700 9
690 4
850 3
1530 12
880 3
850 14
910 7
740 8
740 12
770 13
800 11
730 15
800 13
740 0
1760 6
760 8
820 5
780 11
790 4
760 3
710 11
760 2
800 0
820 7
750 3
790 7
1730 14
820 9
760 13
840 6
700 3
760 8
730 12
860 6
730 5
720 2
900 4
1690 0
810 9
820 6
860 6
671 10
849 1
820 13
751 0
789 6
791 11
729 3
760 4
2580 1
760 14
751 5
680 9
749 0
891 7
800 8
800 12
839 11
740 9
760 5
820 7
1970 0
720 1
650 14
810 7
920 10
720 0
790 7
740 5
750 11
820 6
770 10
1720 13
650 6
800 7
760 0
740 6
780 1
740 15
820 15
760 15
770 10
770 2
780 5
1660 15
870 13
660 4
690 12
840 7
730 4
740 10
860 1
740 2
850 10
760 8
680 8
1790 15
790 8
820 8
640 12
760 6
1010 14
730 5
820 1
780 1
800 7
690 13
1570 12
740 6
790 10
840 13
640 13
820 12
800 13
900 2
780 8
700 8
760 13
790 3
1870 14
679 6
800 15
740 11
811 11
900 3
749 9
771 15
720 10
789 13
771 4
829 6
1780 11
811 10
760 1
780 9
789 11
851 0
760 4
800 3
770 9
770 8
800 9
1860 10
750 9
880 8
890 2
870 2
740 7
820 0
740 1
770 8
700 12
610 12
720 5
1930 13
740 7
700 14
820 5
640 1
770 3
800 5
800 15
790 1
800 5
690 15
1670 3
920 1
740 15
890 8
770 3
780 0
770 5
760 4
770 6
780 6
870 4
690 1
1830 12
810 3
710 3
730 1
750 12
730 6
740 10
770 10
760 15
810 4
770 0
650 10
1680 2
880 15
700 3
780 7
920 13
760 8
770 2
850 6
790 10
750 10
750 8
2529 5
820 4
700 3
771 0
729 11
771 15
800 4
749 10
980 10
851 4
869 8
851 10
1689 4
869 8
740 1
911 1
820 0
689 12
710 12
720 8
750 2
800 14
710 0
650 12
1830 5
620 14
830 2
800 0
840 7
740 8
670 3
850 8
770 13
830 5
740 1
6950 15
760 15
790 5
770 10
770 6
810 6
780 8
780 14
810 2
790 14
590 11
850 8
1880 5
700 5
740 2
750 8
750 11
700 13
780 15
690 6
750 9
770 13
870 9
850 12
1720 15
720 0
820 5
690 7
740 10
770 14
740 1
800 12
720 2
750 14
770 8
1640 9
880 4
800 7
870 4
860 4
770 14
720 4
829 0
711 12
740 13
789 10
811 7
1629 1
789 3
771 14
840 8
700 15
849 11
731 9
809 0
731 4
829 4
720 8
1860 9
890 9
750 9
810 14
750 3
780 13
830 0
690 2
720 4
710 0
760 8
930 2
1640 3
810 12
860 5
710 0
780 7
810 13
730 8
850 0
790 6
730 3
870 0
700 13
1790 10
700 1
770 9
670 12
740 11
750 0
810 3
840 6
750 14
690 15
670 6
1880 14
850 7
730 14
730 15
750 14
690 3
860 1
740 1
790 14
820 8
760 15
770 5
1900 7
880 14
830 1
680 6
680 14
750 14
750 5
690 0
770 9
800 13
700 11
710 0
1830 14
820 8
800 15
750 15
760 4
820 6
729 13
820 13
731 14
700 13
900 12
2800 6
769 4
820 1
691 10
740 2
809 1
711 6
880 9
789 12
760 1
791 11
809 13
1840 6
720 13
860 2
770 15
680 3
780 9
720 12
770 10
770 9
760 2
660 14
790 5
1700 2
650 15
850 13
670 15
700 11
780 13
730 14
780 2
760 11
820 7
870 7
1880 15
830 13
870 10
790 9
780 7
820 6
660 8
950 2
790 15
770 12
900 13
790 11
1890 2
860 10
640 12
800 9
820 4
720 1
870 6
680 11
740 7
810 2
820 10
1720 2
840 10
820 5
930 9
750 11
780 15
720 5
750 11
830 8
790 14
780 6
800 13
2520 11
780 5
790 8
749 15
691 2
780 0
709 12
871 2
809 3
840 15
691 8
831 12
1740 13
771 14
709 0
760 6
920 6
711 3
840 7
820 7
679 0
790 10
8010 14
1730 5
720 7
950 6
700 6
780 7
810 8
700 2
760 5
750 1
880 11
780 10
800 1
2050 1
960 3
730 13
940 10
820 10
690 11
690 12
780 15
750 5
690 8
680 1
810 11
1960 4
840 4
650 0
710 3
760 11
880 0
850 11
860 10
740 5
810 5
710 13
1870 8
760 6
800 1
710 10
700 6
710 10
810 14
900 13
810 0
750 9
700 8
720 10
1790 12
790 1
800 14
790 10
700 10
709 6
811 9
880 10
769 9
780 9
851 2
760 1
3620 2
780 8
840 10
760 1
751 13
749 8
751 12
820 2
760 1
709 5
910 9
1860 9
880 9
760 7
610 12
770 4
770 4
800 2
770 11
680 3
760 9
630 14
780 15
1830 5
740 7
670 12
820 4
790 11
910 0
720 12
740 3
840 15
800 14
830 8
1970 5
750 6
850 11
760 13
690 1
780 6
860 10
740 3
770 4
800 4
780 13
760 10
1740 8
930 14
830 5
790 15
920 7
800 10
770 3
890 9
810 15
770 11
790 6
830 7
2240 12
760 12
890 13
920 1
930 13
680 6
850 8
870 5
770 8
810 14
790 5
5570 3
751 12
820 11
840 8
720 1
709 12
780 15
751 7
660 13
820 5
689 14
780 14
1820 11
911 3
809 0
710 4
780 2
720 14
910 6
750 0
750 3
750 6
710 6
810 3
1690 15
880 15
920 15
700 1
820 6
760 15
790 3
750 0
770 14
830 11
760 7
3500 15
820 12
800 6
790 8
750 2
780 4
810 7
780 0
700 1
840 14
720 3
770 14
1750 2
740 13
780 12
700 4
790 1
710 4
700 8
750 1
760 13
780 5
840 3
790 11
1670 9
700 12
710 9
710 4
740 14
780 8
870 5
820 10
760 3
760 3
690 2
1730 2
860 1
810 4
830 5
660 8
670 12
750 2
759 14
751 9
840 14
800 4
720 6
1960 12
889 15
751 7
740 7
720 3
840 7
809 11
840 1
831 0
900 1
729 5
2199 9
820 11
730 12
760 3
770 12
800 8
810 5
790 2
730 5
780 0
720 6
730 9
1800 13
770 4
840 9
790 14
800 10
760 0
770 8
760 14
840 10
840 9
680 13
710 0
1880 15
820 8
690 12
760 4
860 9
880 2
830 4
750 12
830 13
820 15
790 14
1780 8
780 2
800 1
760 14
810 8
770 10
750 12
740 8
790 13
860 14
850 8
840 15
1890 10
950 3
710 12
790 15
730 8
830 5
850 1
700 14
880 1
760 6
790 11
810 15
1630 3
730 9
840 12
779 4
760 11
669 15
720 9
851 1
760 12
720 5
660 10
1809 14
800 15
780 0
880 14
860 2
760 6
740 4
920 6
700 10
791 14
739 7
710 10
1680 6
840 6
820 12
750 4
740 8
630 12
720 7
950 11
840 2
820 7
760 12
780 9
1690 7
850 9
730 10
910 11
730 13
740 7
760 8
760 6
730 2
690 12
820 5
1610 4
790 0
780 6
770 2
850 8
880 7
720 4
810 11
760 10
800 14
860 3
670 10
1870 7
880 5
810 14
750 8
830 11
770 9
820 5
730 9
760 9
810 13
710 2
1750 8
700 5
820 5
800 1
730 7
780 12
800 10
700 2
760 11
740 0
760 5
780 2
1780 6
680 11
810 3
810 3
760 4
769 11
771 9
829 8
729 1
820 7
771 14
929 3
2880 2
980 7
780 3
740 5
731 5
849 12
651 2
680 11
729 1
730 11
680 3
1840 6
780 10
710 11
890 14
770 4
760 1
820 2
750 15
650 7
760 15
800 13
680 12
1600 12
790 2
880 0
710 2
870 2
740 2
660 6
870 8
800 10
770 8
780 9
820 10
1730 14
800 5
910 5
850 10
860 3
740 12
810 14
810 2
790 14
720 2
730 3
2480 4
800 8
820 11
800 8
770 15
750 4
690 12
850 7
820 1
800 7
720 7
750 12
1830 4
810 3
800 9
760 11
840 8
700 0
780 13
680 3
850 7
800 6
740 10
840 2
1920 10
740 6
729 6
740 11
789 4
800 13
731 5
811 3
840 7
820 7
760 10
2020 8
869 7
960 3
731 13
760 6
640 12
860 6
719 1
840 15
720 5
720 12
830 5
1880 4
710 4
850 1
720 10
830 6
700 8
720 12
870 10
860 10
930 13
790 5
1950 14
750 6
730 4
890 5
780 1
810 8
780 1
860 6
850 5
860 11
770 5
740 6
1880 5
820 8
790 9
900 7
810 13
770 10
880 2
780 1
740 14
820 5
920 4
790 6
1950 10
840 4
760 5
740 8
800 10
770 9
830 4
740 4
840 2
840 6
830 7
1680 12
800 9
790 9
770 7
810 6
860 7
769 7
760 5
751 3
749 8
951 15
729 15
2620 4
891 14
829 1
800 11
800 5
720 12
869 11
760 5
720 4
860 4
819 4
730 15
1830 6
850 14
690 15
900 9
800 10
810 5
780 10
840 11
800 15
750 10
780 7
3080 15
830 14
830 12
890 13
790 1
840 0
720 6
790 7
670 12
860 3
680 2
770 13
1910 13
700 12
790 8
850 15
710 3
830 4
870 3
750 9
750 5
840 2
710 1
790 13
1910 7
710 0
840 14
830 0
820 11
780 14
830 9
670 5
780 0
740 6
670 2
1810 0
730 7
860 7
890 13
760 15
710 3
810 8
710 13
760 15
810 3
750 2
870 7
1629 12
791 2
820 15
780 4
689 13
900 11
711 8
820 3
849 0
731 15
800 1
1720 1
829 6
1000 4
740 12
740 5
709 11
780 0
760 4
900 4
670 8
880 9
770 11
1870 3
790 9
800 13
820 14
740 10
840 10
800 3
660 12
660 6
740 12
740 13
830 4
1810 14
850 9
780 15
800 5
760 7
760 5
800 1
740 14
830 7
710 13
770 0
1900 0
710 12
780 7
750 0
810 11
770 9
750 7
810 13
810 5
690 8
820 8
740 11
1680 0
750 3
770 2
770 6
630 13
820 0
870 13
850 9
740 9
740 5
740 12
830 13
1700 11
750 13
790 13
850 3
740 8
810 0
770 9
830 2
900 4
840 9
700 1
1900 11
789 1
871 8
760 15
740 13
880 15
720 3
829 1
811 9
800 1
809 0
920 14
2671 15
829 14
700 12
691 12
680 7
740 1
739 0
790 12
700 14
830 13
810 13
790 1
1860 6
690 6
770 6
860 8
780 4
730 5
850 3
860 6
710 11
680 15
740 10
1850 3
820 4
830 5
750 5
730 3
750 10
960 2
770 1
780 12
770 9
870 15
730 12
1670 3
850 14
830 5
800 1
710 7
830 13
820 15
930 9
770 0
840 4
870 6
1960 4
770 5
840 14
800 7
810 0
730 12
720 8
840 3
750 8
930 4
700 4
770 12
1810 5
720 5
830 9
880 7
930 11
820 8
730 15
670 10
870 4
770 10
769 13
840 13
1751 13
720 7
789 13
860 14
760 1
771 15
809 14
951 2
840 2
680 11
740 9
1620 7
820 3
849 5
831 13
679 15
720 1
880 9
790 2
910 14
900 5
800 15
770 3
2410 1
830 12
650 12
870 1
760 13
750 9
730 14
820 1
660 9
960 1
670 5
730 10
1710 12
780 14
730 4
780 9
760 2
830 14
810 8
770 8
710 7
760 2
720 4
1720 4
770 2
830 1
790 13
660 8
710 0
810 10
820 8
900 13
760 11
790 5
770 15
1770 12
800 11
790 0
790 11
890 9
700 1
700 9
810 5
800 10
860 14
940 2
830 1
5520 15
860 5
860 8
740 7
680 4
669 4
880 2
780 11
740 9
851 15
849 4
2140 3
711 4
909 11
780 9
791 6
820 0
740 15
1000 2
780 6
700 7
789 6
720 12
2590 12
760 15
860 2
780 3
860 4
820 2
780 1
670 3
810 9
710 5
910 9
2190 0
810 6
830 6
790 1
730 7
740 15
870 11
650 12
780 6
790 10
780 13
740 0
1840 1
930 8
830 8
730 14
890 2
870 14
770 7
720 12
790 7
810 2
770 7
790 2
1780 7
870 7
750 13
840 0
740 3
840 15
760 1
720 7
740 3
750 9
750 12
2030 8
860 5
670 2
770 4
740 4
870 6
710 1
740 4
890 15
810 1
880 9
840 7
1740 0
860 12
731 14
