687433 0
28110 2
29699 0
60460 1
4000 3
28239 0
28560 0
32190 3
27559 3
24490 0
25960 3
34570 0
27169 3
56910 1
3650 2
27449 0
26799 2
53050 1
3760 3
23059 0
22989 2
23700 0
23790 3
24729 0
23599 2
23430 0
47120 1
4631 3
23430 0
23600 3
23520 3
24110 2
22560 0
23740 0
23850 0
24070 3
24019 0
23410 3
23680 2
23720 2
23140 2
48290 1
3800 2
23930 2
24569 2
48549 1
27590 1
4880 2
23659 2
23649 3
26720 3
23460 2
47540 1
24959 0
23830 2
23870 3
22979 3
48889 1
23630 3
48149 1
4849 0
46860 1
23860 3
22720 0
51939 1
25830 2
22680 2
32120 0
48020 1
26519 1
4090 3
24720 0
23220 2
23440 0
23829 2
24419 0
47170 1
3980 3
23009 3
23969 3
24290 2
47919 1
4760 3
48589 1
47169 1
24499 3
23440 2
48209 1
24049 3
24100 0
23330 2
23609 0
24140 2
23380 0
23290 0
22739 2
24100 2
22980 3
25380 3
23820 3
49230 1
24110 0
49800 1
26600 1
4950 3
24770 2
22990 3
26180 3
24080 3
23599 3
23400 3
49410 1
24409 3
48169 1
4970 3
24100 0
47729 1
3780 0
23550 2
46100 1
3890 0
54200 1
9760 2
23630 2
9560 2
23879 2
32230 1
8140 3
23450 3
6400 0
22920 0
5849 2
23179 3
6150 3
23610 3
29710 1
4771 3
23300 0
4120 0
23220 2
4340 2
23800 2
4280 0
23109 2
48020 1
4930 2
24510 0
24799 0
24890 0
23480 2
47400 1
4149 2
23929 3
47790 1
27410 1
4009 0
46439 1
25530 0
23970 3
23679 0
23719 0
23100 3
23870 3
24369 0
47479 1
4750 2
25020 0
24460 0
23660 0
24280 2
24350 3
24189 0
24099 0
24080 2
23030 2
24120 2
24140 3
24440 3
46490 1
3909 2
25159 2
25510 0
23790 0
48969 1
24050 2
23750 3
29379 3
23360 3
22970 2
22480 0
48020 1
24750 2
24070 0
48579 1
4920 0
23840 0
23450 2
23480 3
23789 2
23529 0
23500 2
23870 2
23409 3
23190 0
39580 2
24110 2
23490 0
24820 3
23870 0
24710 3
24850 2
23510 2
24390 2
6740 0
23590 2
46640 1
4020 0
27460 1
27639 1
4350 0
25630 2
25410 0
4160 3
23320 3
23050 3
23600 3
45999 1
4009 3
24069 2
49810 1
25880 0
23129 0
23990 2
22980 0
24499 0
46469 1
3930 2
23370 0
23740 0
50169 1
27300 3
27589 2
27260 0
27290 2
9072510 1
47159 1
24530 3
47090 1
4040 0
23159 3
24330 3
24300 3
24330 3
24140 3
24960 0
24249 0
24270 2
24000 3
25170 2
24489 2
23640 3
24140 3
23650 0
24069 2
49490 1
3890 0
24260 2
48899 1
3940 3
55039 1
24860 0
24310 0
24090 3
24609 3
23920 2
23920 2
47940 1
4450 2
24409 3
47810 1
24660 2
23440 3
24069 0
24100 3
48230 1
25539 0
23600 0
23960 3
24580 0
23789 0
25070 2
23150 0
23880 2
33620 1
32220 1
31320 1
8560 3
23750 0
23240 0
22700 2
5570 3
47399 1
3940 0
23790 3
23460 2
5410 3
46519 1
26460 1
3960 3
24430 3
46649 1
4060 0
5040 0
24030 3
23770 0
24109 3
4640 2
46740 1
3890 2
46270 1
26449 1
26450 1
4420 0
24110 3
4990 2
24690 0
24560 2
23540 2
5550 3
23510 3
46589 1
4020 3
28890 2
23440 2
23370 3
22940 3
23070 2
24570 3
23049 2
47239 1
26640 1
4250 2
23399 0
22929 2
24270 2
24450 0
24639 2
24589 0
47220 1
3890 3
23770 0
54330 1
4550 3
23640 2
23980 0
47990 1
4080 3
24229 0
23899 2
23640 2
23420 2
23770 3
23740 2
23380 3
46780 1
4129 3
23520 0
23870 2
25610 2
25109 3
47409 1
25790 1
26350 1
4109 0
23390 2
24390 2
24920 2
48459 1
4040 0
23440 3
47060 1
4020 2
23450 0
45280 1
25300 0
47379 1
4010 3
23970 0
24210 0
46529 1
34610 1
4240 0
24170 0
24779 0
244728 1
4110 3
24909 3
24269 0
23800 0
23900 3
46890 1
25700 1
4210 0
37130 3
23540 0
24430 0
45260 1
3880 0
46989 1
27429 1
4160 0
23800 0
23950 0
4970 3
23739 3
47360 1
4000 3
45519 1
4269 2
24080 2
24720 3
24150 3
24579 3
24560 0
22940 0
23650 3
46279 1
4600 2
48100 1
4770 0
23949 2
44269 1
4080 3
23400 0
24560 0
23399 3
48140 1
4060 2
46899 1
4520 0
47320 1
26260 1
4320 2
10033260 3
26219 3
24449 3
23060 0
24080 3
22829 2
22609 3
25230 3
24210 3
23489 0
46900 1
3990 2
25930 0
25820 0
24489 3
23990 3
24780 3
48029 1
34020 1
26190 1
4030 2
46069 1
4200 2
23860 2
24150 2
23330 0
23549 2
23950 3
46980 1
4520 2
24150 2
25220 3
24290 0
23820 0
47820 1
26460 1
4010 3
24160 0
23220 3
24440 2
24130 0
46899 1
4170 2
46130 1
4200 0
24450 3
46919 1
4180 2
23530 0
44979 1
4190 0
23580 2
45700 1
4060 0
46460 1
3930 2
23280 2
