26210 19
17070 19
11840 3
16560 15
41390 17
4709 4
5669 21
4160 10
7340 13
5460 2
5870 5
5970 3
6730 6
5690 14
3600 7
5730 23
6230 23
6560 6
31180 9
8550 19
5149 13
440 11
4489 9
4189 16
3980 14
12710 9
5350 2
3710 7
6080 9
6690 3
14430 19
4210 3
2180 13
5870 2
4480 3
3760 10
5200 8
4680 2
7500 19
3350 10
3570 2
6280 20
3740 14
5340 4
8330 22
18071 17
27959 17
3910 15
3280 7
3600 6
3660 6
8640 22
4310 6
4510 1
8900 15
3390 7
5510 8
5270 20
3800 6
5610 1
2260 13
3430 7
3390 1
14039 21
5940 8
1869 13
3040 10
4071 3
4009 4
6080 6
3160 7
5940 21
6300 20
3690 10
3820 6
5830 23
3740 14
2950 9
9760 15
5230 4
3050 10
3540 16
5320 5
7880 14
5150 20
5120 2
2780 9
6640 19
4049 6
3420 10
24540 14
2780 12
5540 19
4420 23
4550 23
3470 17
5100 22
13460 15
2760 13
4810 4
3320 0
1830 13
5710 3
3890 2
4620 20
3670 9
4320 5
3060 10
3070 12
6410 22
3210 14
6600 23
3831 2
3329 17
18611 15
4539 16
5200 9
5410 20
390 11
4670 3
6310 22
3510 3
3550 7
9000 20
12020 12
3020 0
5170 5
4620 14
4720 3
7310 15
4490 7
3110 15
1920 13
2740 12
3660 1
5760 5
14200 15
10109 14
4939 18
220 11
3280 6
9520 18
3930 7
3200 4
5020 3
4990 7
4000 8
43890 12
3620 5
7870 18
2920 10
5130 4
3160 18
17349 15
4440 23
3740 0
4619 3
2290 13
76700 23
4270 23
4010 2
4610 0
2900 12
3990 8
8980 20
4820 19
1780 13
3931 5
5500 23
7660 17
2940 16
27600 15
3910 6
4310 1
4660 1
3660 2
240 11
7350 20
7850 6
8230 18
8590 15
3320 16
4130 21
4400 21
13540 21
4360 5
4860 14
5931 21
3091 17
3600 10
3071 14
3320 9
4640 21
4580 3
16670 17
4490 1
2870 9
5600 4
3970 5
3340 17
5300 3
6750 16
3100 10
4280 6
3520 7
240 11
9910 12
21870 12
2900 9
3640 6
16131 8
18949 21
11050 17
6480 1
5300 21
4750 3
3940 1
5240 21
190 11
5280 22
2670 12
4800 21
4890 6
5430 19
5890 22
3560 16
4010 1
4590 5
3910 16
6919 20
11440 21
4591 22
4080 2
3051 9
4440 4
3819 2
3270 16
3210 4
3100 8
7040 18
3630 7
8110 15
14130 21
2840 17
4510 0
3890 2
3700 4
220 11
4910 3
3050 17
3090 9
3730 2
3940 14
3600 0
4440 2
3930 2
4920 21
3680 16
3509 16
2249 13
3040 9
4529 23
3611 1
13060 18
8290 18
4160 23
3740 3
3590 2
2200 13
3540 2
6260 19
3030 10
4060 17
3280 6
3200 6
4320 18
3060 17
1900 13
5000 10
3170 13
5330 19
4140 22
3220 15
5250 20
3300 15
4350 2
5350 23
3980 3
12079 15
3811 0
2169 13
5531 22
4431 8
4289 23
3529 6
2880 9
5420 18
4430 18
2860 9
4770 22
3270 2
3960 6
3850 23
3620 16
4020 5
4880 2
3000 9
5590 22
4300 8
3370 12
5030 6
3900 5
4450 22
4950 19
3740 4
5130 23
3650 5
2270 13
4470 12
3439 6
3649 6
13791 20
3060 17
2960 14
4440 19
2480 12
4540 21
5700 7
4810 17
5160 2
4920 5
3100 16
4120 4
10010 12
4140 18
3320 10
3030 10
6980 3
3840 5
4380 3
6450 18
4640 2
4840 4
11830 22
5330 20
4840 8
6809 2
8891 15
5059 14
230 11
6970 22
3110 9
5760 3
4930 3
4360 1
2900 9
2570 12
2660 12
4490 4
3790 3
220 11
23800 20
4920 23
4080 2
6370 9
220 11
3210 10
7810 8
8679 22
10280 21
2009 13
2909 10
3831 4
4891 22
4230 22
6130 20
3490 5
14490 17
3470 5
6070 17
3930 3
3110 10
3800 23
230 11
4130 23
250 11
3590 8
7970 10
5340 21
3250 16
3640 18
13020 22
2890 10
2990 14
5549 14
4291 4
4620 10
4400 22
3300 7
5449 21
3380 2
4230 0
2870 9
4020 6
5280 21
5130 7
4200 1
6770 19
2740 17
7410 20
4000 6
8030 19
4680 16
230 11
3290 16
2980 4
4950 16
3410 6
3080 16
2980 10
2420 12
18140 15
15929 17
4320 4
9631 22
3550 18
5270 2
2060 13
7030 19
3740 3
6100 14
3160 3
3640 7
16860 17
4560 16
4410 6
3070 17
320 11
4110 19
5490 5
3430 6
3430 9
2910 14
4800 1
4750 5
5370 22
5039 5
4420 2
4669 22
3120 13
6031 7
3711 1
331 11
3311 18
3170 10
2950 2
3590 5
2830 10
5200 22
4390 1
15370 14
3270 2
2920 10
3440 1
3200 2
4200 21
3800 6
16500 17
3110 9
4910 8
10650 17
10149 22
4091 6
7460 23
231 11
4420 0
3151 3
3300 7
7689 4
16630 12
9840 23
3900 18
2090 13
4630 22
3910 3
210 11
4670 3
210 11
5230 2
3590 6
3190 16
4690 1
3570 4
25710 15
3549 14
4340 1
2731 10
2780 9
3640 16
2880 10
3189 9
7391 5
6099 19
6780 22
210 11
290 11
3070 10
3600 17
3480 14
3330 9
3450 7
5500 3
2570 13
3640 15
4350 14
3070 10
5900 19
9630 20
4720 18
13740 5
3880 10
3440 2
3620 3
4370 0
3839 1
3600 9
4649 0
3560 16
5060 18
4360 21
3460 4
6130 18
380 11
4400 8
3710 14
3150 2
4720 19
3720 7
3210 16
3790 16
9410 22
3100 10
3090 4
14420 14
4980 14
4510 20
3310 7
13750 20
5630 15
6710 12
3869 21
7720 22
3380 5
24720 17
57050 17
4170 8
4220 21
3550 5
5030 18
3220 7
4190 4
3410 7
4870 23
3250 2
7270 1
7949 8
3280 2
5991 14
19799 14
3330 3
24840 15
3820 9
14910 15
3290 17
210 11
3840 14
220 11
4400 21
3970 3
4070 22
18220 12
12379 21
4691 20
4160 20
209 11
8251 21
3191 5
2869 10
8830 8
5100 20
7890 22
4310 23
3550 7
5020 1
6990 19
2100 13
3200 3
3510 12
2810 10
5060 23
5680 20
4280 23
3930 1
4320 8
1950 13
3890 2
3210 9
4970 20
4350 22
2030 12
3429 1
4029 20
4700 19
3800 14
3240 5
17099 17
7650 14
4110 2
3770 23
8140 0
9940 17
9800 15
8920 15
13240 17
5830 22
3730 12
240 11
3670 4
5370 18
4200 21
3950 6
3560 4
3280 14
10291 15
2869 9
5220 18
3389 6
3180 9
3230 7
3860 19
10510 15
4080 19
10780 17
12970 12
2870 10
3180 15
5130 19
3320 17
210 11
4290 6
4170 19
4560 1
3580 4
4380 13
3450 5
4250 23
3180 7
3170 15
1950 13
3360 18
3109 9
2300 12
229 11
4171 0
3340 17
2809 16
3611 8
3289 8
9390 12
6630 21
3030 10
1930 13
10440 15
5900 2
3210 16
5470 23
3540 14
4810 20
3450 9
4290 21
1940 13
5760 15
6700 21
8930 17
4380 1
3570 19
4110 0
3810 0
4520 15
3080 16
4009 6
7680 18
6000 20
3160 16
3100 14
2820 4
3089 1
4380 23
3630 6
3480 5
3040 16
8560 1
6940 17
3280 7
3710 2
2210 13
4330 7
4970 5
4090 4
8710 17
4790 14
6270 14
11300 8
13620 21
16020 15
11509 18
3071 9
4329 20
13930 8
5110 3
6690 6
3790 10
3540 3
3880 5
250 11
3770 23
10100 15
11990 8
10870 17
5260 19
3470 14
8230 15
3210 14
3530 10
5560 8
3849 0
5431 20
3640 3
3551 8
6639 20
4140 23
2810 9
4340 21
3110 16
3200 7
6360 0
6650 6
3440 5
6180 21
3650 4
6520 14
3540 2
4040 10
5110 18
3930 5
13840 10
3300 7
3390 4
9640 22
9269 20
3091 12
2080 12
1760 13
7431 20
4080 4
5249 18
3900 4
3060 4
4540 22
3360 4
5190 21
3310 6
220 11
6350 17
3150 10
4200 22
3040 18
3220 14
3430 10
2970 9
18450 12
3350 18
250 11
9790 17
6200 10
6650 17
4199 6
6380 18
3269 3
3180 5
11180 20
3780 2
3309 6
3020 4
6250 19
2370 12
3600 12
3210 14
4130 23
5220 20
3690 6
3950 14
3190 2
5520 10
5250 20
4280 15
3590 7
15310 8
3850 6
3150 7
6510 12
2930 9
22230 17
8000 0
5180 21
3709 4
4100 21
3150 16
6530 23
5470 18
8100 8
2020 13
4470 23
7550 21
4920 19
3180 9
5680 8
3760 14
4830 2
9770 15
3130 9
4130 23
4640 22
4260 0
3980 0
2890 15
3170 16
13160 17
5480 21
3440 3
3520 3
3180 9
3930 2
5000 23
4270 6
6750 8
4070 21
3090 16
4650 0
3730 10
4900 23
4430 20
3650 7
3910 10
3080 6
6510 2
3880 19
3800 4
2850 12
6030 21
3110 6
240 11
3030 15
3330 5
3330 6
6569 20
6609 21
2929 14
3240 9
3080 5
3320 16
2820 12
4531 5
3839 10
4870 21
3770 5
2890 16
21810 21
4530 0
5260 2
2740 12
3330 6
4760 1
4450 21
4360 4
6690 19
5620 23
6200 20
3380 5
8740 20
250 11
2170 12
2950 4
5280 22
14660 20
3511 5
4580 17
11799 8
23000 15
2950 16
3120 14
4310 0
4020 6
4030 6
220 11
3120 1
4880 10
7110 21
11540 20
2970 5
5620 10
6780 8
210 11
3090 9
3589 7
3871 3
3989 9
6360 5
3320 16
4920 18
6429 21
3250 9
210 11
10020 12
4040 19
2990 14
6710 14
6380 22
2760 16
2920 18
5410 17
1920 13
6240 19
3770 21
4590 15
4280 23
8230 3
3000 1
1890 13
39599 23
5051 20
4680 20
8550 10
4490 23
3630 6
17400 15
2880 6
12290 22
3720 0
2850 17
3830 2
3690 7
3140 15
3830 19
3700 1
3750 16
2620 12
3470 3
3330 14
3570 2
3090 7
3570 1
15880 10
3460 4
3309 0
14519 21
4880 1
3830 23
270 11
3240 0
4060 3
4800 19
3840 19
6050 20
6090 23
4790 7
3600 1
4240 0
5940 5
10550 15
3230 4
3020 4
6200 14
4870 19
4230 22
3770 7
31319 23
260 11
3989 5
2329 12
211 11
3660 1
9910 20
1820 13
11640 21
3200 18
3340 7
3460 10
3120 5
6580 19
