23140 5
9978884 9
10000 6
750 8
4680 9
5730 7
8530 11
5260 4
6070 9
14220 3
7950 5
4000 6
19399 2
3629 9
5751 7
4209 6
4569 11
3970 9
7710 5
780 8
4920 7
41120 0
12750 3
8710 6
3990 9
5280 11
6380 6
410 8
6110 0
4100 4
7389 4
4889 8
10100 7
6369 3
360 8
6940 3
310 8
12670 7
4810 0
4880 11
4860 6
4300 5
4850 3
3950 4
4580 1
5760 10
750 8
9550 6
5050 3
4740 10
700 8
6740 4
5510 6
13130 6
7051 0
4200 5
13149 1
9180 0
3930 10
7830 1
5160 6
6000 9
5400 9
3760 11
7610 6
45290 0
5030 11
15809 7
5291 5
4860 3
12619 7
340 8
3940 5
6110 3
5300 3
4090 9
7370 4
270 8
7440 7
4750 1
4380 10
5040 1
4350 4
5480 2
3790 9
3930 3
12920 7
15359 1
11540 3
6580 9
6869 9
4559 0
4780 1
6740 9
5030 10
4530 9
3570 4
12520 5
7760 1
8290 0
5330 5
16050 7
3850 9
5990 5
13560 7
4450 7
4929 11
6980 4
4860 4
4591 9
8949 4
4790 9
3970 10
3940 10
4630 6
6480 10
4310 4
7850 4
4290 1
6620 5
4520 10
9270 5
6740 10
4610 9
2640 9
3460 10
3140 9
11020 0
4120 4
4929 0
10311 0
2051 8
11080 0
6709 3
5510 6
5140 11
17890 5
6120 1
9180 1
6390 3
3820 0
17650 9
11130 3
590 8
790 8
32590 7
5089 2
3870 11
6940 3
4570 9
2900 9
6180 2
240 8
5090 10
3890 4
7330 4
3970 2
3800 6
300 8
4320 1
4390 10
5110 9
4360 4
4280 10
7680 4
3590 6
5520 1
8280 3
4840 6
6459 10
4409 11
3591 10
4009 11
4191 6
7009 5
12290 9
4730 11
4270 5
5020 5
5300 2
7550 5
450 8
3830 10
4350 1
5350 8
4150 10
6560 10
6980 3
5680 3
7490 5
5780 1
660 8
4300 2
4580 2
3720 5
2860 9
9609 11
11920 10
291 8
7869 6
5630 0
3280 9
10830 3
6080 0
5920 4
4480 5
6120 7
4310 0
3380 9
8230 4
10830 5
5830 7
11070 1
12510 5
6639 0
3280 9
4291 11
14249 6
23300 10
4550 11
5470 7
3610 2
3820 4
470 8
290 8
3580 5
3490 5
220 8
7260 0
3460 9
3800 4
3820 6
23060 7
3240 5
14189 5
4851 11
5720 1
4169 3
4351 0
5520 0
11369 3
5160 0
9000 3
320 8
8520 4
5770 6
5950 1
8560 4
16910 0
5080 5
9650 7
4090 10
4030 9
11939 6
11991 2
9089 6
13860 1
10030 4
3780 11
340 8
4440 3
7530 6
3930 2
7040 1
8280 5
10810 10
2390 8
2740 9
4530 2
4470 4
5170 4
4670 1
2910 9
3780 2
3930 3
4229 5
5420 6
5320 4
4589 9
4311 3
4189 11
5180 1
4560 4
17780 3
7220 3
5630 11
3790 4
4920 9
3640 4
4290 10
11970 7
4010 2
670 8
15190 7
9080 6
4180 4
6300 1
340 8
489 8
17460 1
289 8
320 8
4040 5
4949 2
270 8
390 8
21900 2
4410 3
3310 11
5590 1
9570 10
7550 1
5790 5
11870 5
6910 6
10750 7
4200 11
8140 7
6560 5
5000 1
4540 6
4100 4
5859 4
4870 6
15420 7
350 8
750 8
10550 10
4700 0
9570 2
5640 0
8730 0
4550 10
4060 9
9560 2
4820 2
13570 3
5139 2
6851 10
5589 3
11531 5
4769 10
7100 0
4350 11
5880 10
9240 7
5720 0
8690 9
11020 1
4410 3
5050 11
5690 6
9200 1
5250 5
5560 11
5330 3
4570 0
23520 7
3700 0
9249 6
6700 1
4750 5
17730 7
4010 6
6460 3
3520 10
2930 9
4480 5
6080 0
5990 1
6490 0
4600 5
4850 4
7540 5
5320 10
13960 7
4589 0
4660 0
4440 10
10320 5
4770 0
450 8
4240 3
5240 10
17500 7
8460 1
21100 7
30560 7
14189 7
631 8
4809 5
6651 2
8499 10
6200 4
4430 4
15170 7
11760 0
370 8
5380 4
6970 6
310 8
320 8
5800 11
4020 3
3990 3
7420 9
7300 0
6140 6
5030 3
4030 0
5849 3
4160 11
6600 0
3571 9
3449 9
6070 5
8450 7
17590 5
14170 4
340 8
3520 3
3830 4
4300 6
3010 9
3910 10
6900 3
4000 6
6180 6
4990 5
5230 2
3800 10
18819 7
3071 11
4689 6
5051 10
289 8
2851 11
9259 4
4030 4
8410 10
3320 6
7240 6
3990 4
6720 7
4070 0
5140 5
5140 9
3690 11
5660 6
12600 5
4840 2
4930 2
5340 5
2970 9
20350 1
289 8
3889 11
5711 11
6929 10
18060 4
3530 1
7780 5
8660 5
6180 0
470 8
6840 1
13150 9
8690 5
3800 10
5540 4
4850 6
8010 7
2969 9
9051 3
4640 4
6729 6
4280 7
3680 11
10350 7
4610 4
5680 9
11260 7
5840 2
8750 7
14410 7
4940 10
9780 3
3560 0
7260 5
7320 1
5370 11
4609 3
4731 6
14280 7
9559 3
11170 7
6650 5
7830 5
10980 3
340 8
4130 9
520 8
7790 4
3970 2
13200 3
6380 2
13080 4
7520 0
4040 6
3640 4
369 8
6900 7
6380 2
3600 4
6011 9
5739 11
5580 4
8190 5
360 8
5050 0
4680 9
4860 3
5970 10
3070 9
5760 1
6470 4
4530 6
5760 10
3750 10
7560 5
4790 0
5260 1
12170 1
4300 4
3149 11
6420 6
3940 11
10980 7
5269 1
429 8
4920 11
300 8
4870 4
23760 7
7550 2
5450 2
6690 5
5360 10
3950 4
6070 11
410 8
5800 4
4900 6
5520 1
9370 6
3500 9
3890 11
3189 9
6540 0
4600 10
4680 10
7111 2
7339 3
5130 11
3910 3
6650 1
11300 7
5780 10
4040 11
8380 7
7130 5
370 8
5630 6
3490 9
4680 5
6780 0
310 8
430 8
5370 11
2820 9
5270 1
6990 5
3930 5
4629 11
7300 9
5871 2
8591 7
5669 11
6390 3
9100 4
10140 7
3250 11
5660 1
3580 10
5580 11
4380 5
3640 6
8480 2
5310 11
4230 3
6450 6
4050 9
5980 4
7780 1
5119 2
2940 11
9100 0
5389 1
5820 1
7410 0
10520 6
14820 7
340 8
6300 7
5180 2
15560 4
430 8
3570 9
4000 0
4360 3
6560 5
3250 9
5210 9
3380 5
4780 1
5210 10
6800 10
3989 6
4460 6
6300 4
10760 7
6879 11
9790 2
5090 3
3930 11
320 8
3510 2
7660 0
5510 1
4310 10
5280 5
4250 0
4340 1
2980 11
3970 3
6920 6
6060 7
11170 7
4530 3
6140 4
3579 1
10551 2
12480 2
6659 2
6630 5
5600 3
10760 0
7010 0
3300 9
3840 11
5580 3
14570 7
8310 6
19130 7
4600 10
4630 2
4300 6
11599 1
4771 5
5809 2
3831 10
8559 1
5280 5
4550 2
6110 10
29550 7
10910 1
4230 0
12020 3
4530 9
5870 1
4080 11
2960 11
22260 7
4700 4
3631 0
5640 3
6630 1
7410 0
8220 5
10160 3
360 8
4760 5
4310 11
6300 1
5380 1
3400 11
7460 4
1790 8
6890 1
7000 11
4090 0
370 8
3700 9
15580 4
10380 2
7320 10
309 8
8840 11
4820 4
12400 7
4930 2
360 8
4280 10
7320 5
3500 6
5310 3
5600 3
7330 5
6380 6
5860 2
10930 7
5770 3
3930 10
3890 5
9560 7
3239 9
291 8
4329 2
16320 4
3531 9
4529 6
5010 3
7950 5
7070 0
4120 9
260 8
9430 0
5770 6
4640 4
360 8
8400 7
11030 7
11580 3
4550 10
3300 11
7200 0
6800 4
34409 7
7220 3
5240 6
560 8
7350 6
12670 7
9640 11
3860 11
390 8
6940 5
7570 0
8430 5
370 8
3360 8
4090 5
4370 4
9720 3
4870 3
6290 10
3640 4
3700 6
3469 9
380 8
13940 11
4260 10
6090 2
7070 2
370 8
2890 9
6800 2
7790 0
3270 4
5040 6
8200 10
5310 6
8020 11
3240 5
12210 7
7980 0
11960 10
5920 5
6460 2
3820 11
5429 3
25200 7
7170 2
4650 9
4290 0
3170 9
3440 0
3360 9
11640 4
3740 5
3390 4
4080 6
3540 1
2670 9
3670 8
5130 2
2890 11
3660 1
4010 0
16479 7
7231 4
5080 1
25499 7
17850 5
2910 11
400 8
3850 0
5330 1
8220 0
3350 5
19230 7
4220 10
4680 11
3380 3
3250 11
15880 7
5980 0
6169 7
20550 7
7190 5
4270 1
8080 2
3870 2
5740 11
4150 6
4530 0
400 8
7250 10
20950 4
4800 11
3450 9
4390 4
13659 6
4191 10
4749 11
4971 0
5251 10
7249 1
3050 8
3690 3
3940 9
7380 2
4380 3
5130 10
3290 4
6030 3
6490 6
7120 9
7240 10
5780 10
6060 0
13640 2
14209 11
3991 6
18700 7
5979 3
13090 7
3570 10
6000 3
4790 11
4550 3
6900 11
9820 6
3480 8
5050 0
3560 9
10080 6
4070 4
4170 10
8640 0
3920 6
5240 6
13329 2
5840 9
4000 7
8580 2
370 8
240 8
6480 3
21440 7
3590 3
3380 10
9250 9
7080 6
6200 5
3860 4
4950 2
5830 5
3450 0
4160 0
4080 11
5990 7
380 8
5229 5
251 8
87599 3
4440 6
28140 7
29960 4
4200 0
8540 10
4540 4
6910 4
21690 7
690 8
3130 11
2910 5
4780 10
4810 5
5070 9
5480 7
8110 0
3770 9
5780 11
4020 10
4020 4
17249 7
5020 0
3711 11
6109 2
8540 11
6460 2
420 8
4980 0
250 8
5260 6
3020 5
3720 5
4290 4
9100 2
5550 10
4580 3
4210 1
8410 5
350 8
4820 1
4370 6
221568 5
3550 0
8600 6
4530 5
16180 11
360 8
4380 4
3840 6
4630 10
3700 1
15070 5
3140 5
4790 10
3219 6
9140 1
3800 1
5180 11
5671 1
3360 1
4669 0
9120 2
9580 11
3620 0
3820 10
5940 10
9380 7
300 8
2970 0
8030 9
5390 9
4160 6
4810 2
6650 1
4170 0
4810 10
3180 5
4150 4
6120 0
4969 10
3331 9
3980 1
4760 5
4709 1
4780 6
340 8
3340 6
3219 5
9390 4
8940 7
3520 0
13810 7
349617 4
