15350 8
85160 0
30500 22
6100 22
10250 13
9840 15
13650 20
5240 16
4850 7
26720 17
8280 16
7800 23
6920 13
19109802 19
9200 0
22050 20
10730 10
8451 5
7429 20
13770 23
5760 0
6280 23
6250 4
4590 1
12060 18
5370 9
4180 6
5290 18
5240 16
4620 2
6780 12
11020 12
3210 9
13980 15
13170 18
10949 12
4820 18
11920 12
11170 12
7820 1
8960 7
9370 15
19750 22
7330 1
14050 21
15230 5
7490 3
7451 18
8000 11
10020 8
6620 10
6480 5
9320 12
3420 8
6700 10
5090 10
165239 21
6590 6
6300 20
650 9
4840 12
16470 15
60019 21
9610 23
4070 1
13450 16
36690 20
10050 15
8910 16
8390 3
7380 18
5711 4
3780 6
6429 4
7020 16
5139 3
30291502 13
10620 8
9810 22
9950 16
16829 3
11900 2
18869504 19
4490 18
6920 15
9910 16
10480 0
4090 8
15320 14
11600 17
7500 21
10200 6
8400 22
5900 15
5249 15
6200 17
9780 19
18240 20
86829 23
8630 12
3600 12
5520 19
8780 17
10010 21
6110 8
5120 19
17339 21
17271 10
76239 23
55749 11
9940 17
6910 14
5510 19
5560 16
7050 1
7700 2
13240 17
5470 1
1170 9
10050 3
4700 6
11740 3
8120 8
6750 21
7470 22
17889 21
17769 15
6060 20
4260 0
9080 11
10310 3
24240 17
3900 5
5280 8
12260 2
8450 3
5500 21
9590 14
8270 8
460 9
9410 14
4811 18
10429 11
27790 2
17820 3
11050 5
7470 8
6860 4
19030 10
5010 12
8010 10
5480 4
13539 7
11460 14
4860 7
4709 20
34300 23
31210 7
15780 21
14760 8
7810 0
25130 3
8520 10
4869 14
11160 14
7670 14
5430 8
8430 12
6090 5
33760 8
9390 20
3710 18
10580 23
5780 16
11630 1
11240 23
5431 16
5891 1
50939 15
16840 3
730 9
6920 10
16360 15
10910 17
5570 12
5919 19
3840 8
12789 3
19750 3
9520 10
14130 16
7010 20
33550 21
7791 5
9639 12
11750 2
21530 3
5100 16
5870 19
21850 21
8840 0
9640 5
4190 8
14920 17
4760 13
9040 12
4889 7
5011 3
11390 0
14290 0
11020 5
14210 21
26110 11
15040 0
4530 13
7170 0
6349 16
20249 2
7529 7
6940 22
11770 16
990 9
9240 2
8760 0
10240 14
3970 3
5660 4
9740 5
9100 17
8210 8
5520 2
6880 0
16710 11
9529 1
7300 14
8159 13
19120 15
11650 1
30820 11
4560 19
8980 14
16450 17
8670 12
9289 11
5840 15
12899 22
20170 22
6500 11
4920 5
8130 1
7220 21
5620 15
4960 4
5430 15
8960 4
14840 12
6200 12
5800 18
5330 7
5580 6
7449 18
7300 19
8831 23
7820 3
7180 2
3950 18
11810 17
7460 1
8950 13
4910 18
5500 13
6700 23
5570 7
6690 12
3930 0
5140 13
9150 12
60769 7
3280 8
12290 10
930 9
10120 20
5680 20
9210 17
17850 12
7940 14
22320 15
7750 6
9871 17
4751 2
12099 15
5750 10
8660 13
7730 14
11660 12
3920 4
550 9
14420 23
16320 7
7180 6
6590 8
5500 10
6220 15
5540 12
7649 7
20791 21
4711 0
5439 13
12080 3
6790 16
5940 10
6030 22
9970 4
14590 17
6890 8
5900 8
8810 18
6340 13
28520 1
7071 5
17569 13
16290 10
5820 23
7200 12
19960 23
9910 17
13940 1
21480 17
7620 19
7169 1
9111 6
13300 10
4449 8
10840 23
9950 17
14730 8
7590 8
17010 5
15670 8
5090 17
8680 12
17200 16
9359 14
20460 12
7550 20
900 9
8260 0
6940 2
5060 4
16400 23
5440 19
1040 9
16760 3
9290 13
6830 17
460 9
4280 11
13800 11
5280 8
6350 16
14329 7
25039 17
14000 23
9970 20
35690 10
7550 6
4410 3
22969 19
8580 7
5560 22
6269 2
589 9
8009 23
3870 10
7690 14
18600 18
4940 13
5040 2
5961757 15
7500 4
38390 16
18709 20
10060 12
3869 13
23999 11
7400 12
4120 1
6300 23
4050 13
11220 5
8200 4
9130 5
3820 0
8480 7
15520 22
7800 4
11660 7
4180 12
19060 8
9608600 19
13160 16
7910 14
9180 1
4170 12
12930 1
24580 21
6231 17
531 9
6091 12
5980 4
8220 18
8150 5
28490 21
7560 4
9000 4
17780 18
4660 4
7590 2
4040 2
4190 3
29410 11
4200 3
5931 10
18720 14
9470 18
12790 13
6340 12
18000 8
4990 13
18230 11
12570 20
9220 3
5169 19
6440 19
25530 11
9100 3
27980 5
12200 1
5500 1
10350 21
12270 8
8620 18
4670 10
6750 20
590 9
4790 4
12160 4
4691 0
4180 5
3909 0
5170 5
16250 3
7910 14
21490 16
9510 6
9448862 15
8610 0
15020 10
5650 2
4411 2
7980 17
4940 12
23239 21
15630 5
7350 3
3800 2
18700 21
3800 6
5830 22
5620 0
6570 23
9852619 19
640 9
4190 3
9770 13
8869 3
8451 6
31070 18
8970 5
1400 9
7170 12
5990 20
8160 1
4880 5
19240 18
13320 12
7590 2
9380 5
1011 9
5951 10
7131 4
5999 10
14610 20
8890 14
3840 5
13560 20
6250 2
7330 10
610 9
6390 21
5450 3
4080 7
8520 20
9140 7
4760 4
9040 20
5489 17
12460 12
10440 12
8950 6
5500 15
7610 16
6280 22
5060 4
5500 8
6010 13
39990 11
5690 10
5490 8
8030 10
6549 4
9300 11
8391 13
24820 21
4390 19
3440 7
6210 22
5020 4
19610 11
9360 21
11170 22
10710 12
4730 12
11350 11
4780 11
6920 2
5960 15
8089 15
10179 0
13680 5
8280 2
10420 14
5040 5
5640 8
3960 1
4830 14
5070 8
5060 12
4210 19
3840 2
3850 8
6080 10
9450 22
5830 4
13219 6
849 9
8691 2
7360 5
9140 19
5880 20
33780 23
15990 20
5510 20
3900 13
4010 10
640 9
4640 1
23630 23
5500 22
9629 19
6098635 6
6040 5
7860 22
8820 12
15620 17
18220 22
8490 16
10930 0
5120 0
6920 1
9650 10
9519 12
10020 10
5851 18
9280 10
24589 15
4670 5
5210 7
5070 5
9860 1
5420 10
32440 20
15280 10
6649 20
48990 21
8290 18
6190 12
7360 17
4590 5
7650 15
15640 3
4980 5
4420 7
8870 18
4980 7
8280 1
15630 10
7551 4
6720 14
7940 19
6339 19
8850 23
8000 17
4800 7
8100 0
6670 10
5460 2
9090 13
4930 0
9490 10
7590 20
6780 13
8380 13
7880 5
6879 4
4791 4
8369 14
9411 11
5229 6
13849 11
7890 5
8570 0
8080 14
7560 8
11010 5
3420 9
7810 6
5140 8
9770 12
5780 17
900 9
5280 4
7900 23
5120 6
5329 4
7189 3
20029 22
5360 5
8410 17
24670 5
9780 3
9290 0
4690 0
14990 4
10650 11
5350 22
6900 23
6119 2
8869 1
7040 14
5671 7
8349 4
9220 0
12480 23
6320 17
6590 23
4940 12
6831 4
5060 8
7260 17
6619 12
9040 17
6240 14
5640 6
8640 10
23310 21
6390 22
6170 19
5460 12
6060 10
4530 2
7640 20
7260 13
8230 10
7549 3
12149 17
6180 0
5071 7
40869 11
6400 6
13940 4
7320 23
12440 23
9120 7
5200 12
6200 10
9599 19
5231 13
12760 1
7929 1
9420 1
10620 8
7020 3
5900 1
7270 4
7170 8
7830 22
5990 12
6590 11
13020 20
6460 18
5860 16
6960 14
9239 21
6551 17
10189 11
4549 4
6980 12
7160 0
15460 10
5830 5
5310 1
5120 11
19950 5
12520 8
8180 22
8530 20
8370 14
26809 13
10211 17
11989 23
8160 19
17130 17
6330 4
25450 15
5540 12
7350 12
5980 4
4180 18
8180 7
30978486 21
40972645 21
8970 22
6050 18
4900 3
4739 3
5271 3
19988727 7
49023276 19
5990 4
8770 21
10390 15
7310 5
5431 21
14680 2
16149 15
12480 8
5610 3
4310 16
4930 16
16130 8
8430 5
8300 13
9720 19
4230 4
6220 14
10769 14
4620 21
7731 12
14479 15
5400 19
4340 14
24900 20
4890 4
7970 5
59594390 7
25910 0
28170 0
13840 3
26770 6
20790 6
10690 8
5910 0
9180 14
16550 4
19650 11
880 9
15980 17
6660 20
9170 13
11400 13
860 9
8571 13
6209 21
6969 12
5889 21
39757713 19
15709 20
135110 1
16189 17
13249 2
13800 22
18910 15
8690 18
112149 10
7100 5
8130 4
5530 19
11150 6
5780 16
5050 0
14860 12
6500 2
6690 13
12180 22
318467 20
15570 18
830 9
9930 14
13760 0
780 9
680 9
23760 1
4640 0
9820 14
6380 15
13430 23
6469 14
4000 4
3460 7
10311 2
9480 14
14420 18
20104715 21
11870 23
9790 10
123639 5
11600 8
24820 11
34400 23
1149 9
9780 11
8781077 7
12800 2
9600 22
5680 21
9000 21
590 9
12470 5
11380 6
7520 18
3530 7
8160 0
2679 7
13180 18
3380 7
3040 8
3350 7
4610 6
4060 10
4110 13
6090 3
19409830 19
4200 13
4240 13
3540 8
5610 17
3940 0
13700 17
3700 5
760 9
4250 2
6350 3
4470 16
3920 5
4930 0
918063 21
4390 1
430 9
23650 20
4670 12
3770 16
88975078 19
16270 4
3720 5
4430 16
4210 3
5570 12
6159 22
3129 7
4100 13
4980 12
19934086 19
390 9
380 9
5900 15
9670 20
5540 15
3500 8
8319 14
400 9
5089 12
5251 13
5040 13
4049 15
3251 4
3979 1
5690 5
4510 17
3070 8
39929082 21
8050 1
3970 11
7450 15
3390 1
4310 1
20966399 21
5400 1
5800 15
4100 11
4980 4
4280 11
4450 4
4171 11
4020 16
4400 15
4409 10
3911 8
4129 14
4391 17
4229 7
5180 19
3970 11
3790 11
4470 19
4420 17
310 9
5830 20
5260 11
4070 14
4400 14
4480 0
5090 15
4840 15
8870 11
3650 8
4530 1
3240 8
5760 23
5820 19
