156518 11
62410 0
73599 5
1922783 0
57359 4
104889 3
54899 4
56799 6
51280 0
1534426 10
46810 10
54710 0
68679 5
57630 5
46019 10
100399 3
87769 9
25830 4
55619 0
89389 3
54189 11
46450 5
45569 0
59870 9
42559 5
52229 8
46480 10
46349 10
45250 8
836962 1
1974752 5
99469 3
71469 7
48090 11
56370 1
51839 9
94089 3
50060 10
44630 5
60800 0
807722 8
51159 2
45380 5
48179 10
47910 10
764963 6
83209 3
50459 1
1576705 4
602665 2
55759 9
35170 4
54790 8
59489 11
1871533 2
62979 0
137859 5
88459 7
47600 0
50789 0
42150 2
53110 1
104079 3
48919 7
65739 10
48620 2
55259 0
46229 11
35730 4
47749 6
148989 9
50310 5
65959 5
1240578 6
180288 4
111609 3
53909 8
55690 1
52209 2
90660 3
49270 2
47070 8
46499 8
1231869 11
72789 11
65650 7
47949 1
68040 7
54179 8
94239 2
68090 10
50859 8
1511156 6
51929 0
51870 2
46469 5
296627 9
44379 2
48579 1
61329 9
1418227 5
265278 10
52519 6
52010 6
60989 5
58950 9
59449 1
1354028 4
112889 3
63189 5
64240 8
51720 5
65970 10
1924972 10
53279 8
49020 5
236878 11
70139 0
57670 11
1862803 11
35859 4
70080 9
62919 11
82590 2
83969 3
241047 6
50480 10
46020 10
84909 3
1274828 8
35670 4
34510 4
54660 1
108459 3
37420 4
52899 11
49530 6
54579 5
56780 7
2162760 1
63120 8
48000 11
1191029 0
74329 1
58570 10
64349 6
1210049 5
862823 2
62379 9
64479 9
37730 4
57450 11
58149 0
56449 0
1937573 10
53299 5
45480 1
40670 4
46150 11
66019 10
63219 2
45440 5
59860 6
45199 6
99349 3
63189 1
53660 9
115550 3
98770 3
55319 9
46130 5
54529 10
95189 3
103569 3
50750 1
77389 3
237928 7
67649 8
66590 2
46539 9
40380 9
49509 6
1374037 8
47240 10
35029 4
86429 3
1157819 5
65969 11
1914413 10
63069 9
57750 6
106819 5
48110 5
48469 6
53330 2
46540 8
50540 2
45160 6
49700 11
40339 4
42060 4
77939 5
48170 2
53779 11
227118 0
52690 10
65969 8
45050 6
41719 2
48110 7
79329 3
56690 1
42259 2
45720 6
43400 2
47999 8
554235 4
44360 5
44899 10
171979 11
92419 3
29840 4
42919 2
91989 3
47400 10
50129 2
61540 11
46599 4
66880 8
47979 11
55350 1
28780 4
1504166 7
54889 9
51450 7
1348368 10
46339 2
1191110 2
80990 3
55779 8
57610 2
72199 7
59750 10
1754724 11
67599 10
59489 5
55730 10
53989 5
65280 9
50409 11
59550 11
47809 2
68239 10
48039 4
66429 9
1486106 11
56319 9
30529 4
45030 9
1274978 7
27780 4
42109 9
57640 1
56259 8
1639005 9
55599 5
106539 3
917212 4
109279 3
92619 3
89309 3
397237 0
91309 3
67009 8
51429 1
372587 0
62300 9
335917 8
367686 5
61609 10
1057471 6
55179 0
49389 0
63129 1
47390 5
49089 2
44760 2
52010 1
65099 8
50450 6
54959 9
94089 6
48060 0
30199 4
49180 7
47520 7
46339 0
30130 4
1517046 1
66240 6
63809 11
54779 10
58839 7
2125450 1
92819 8
50199 1
49740 10
79649 8
959111 6
94330 3
46040 11
46800 4
46279 6
48850 1
200318 5
66979 10
51660 5
46139 1
61079 5
54739 7
52300 8
402166 5
93649 3
47510 5
38150 4
78450 9
68519 0
129149 5
64139 6
60519 7
984371 11
107439 3
137349 10
1191839 0
54659 9
53469 11
52460 6
55099 0
70609 2
60870 7
98109 2
75399 5
53400 5
1575685 5
72450 5
50319 7
53670 8
52619 1
49670 10
116839 3
68989 10
95519 6
68100 7
67300 2
66339 0
56600 11
49859 11
58140 10
78799 10
1617865 2
137749 3
123539 0
58700 8
55160 0
42090 4
66369 0
77249 6
76719 0
57359 6
68969 5
28280 4
1247739 11
40859 11
43400 2
244428 7
43819 1
617185 0
70169 11
75549 0
89979 3
80699 3
45540 0
997141 6
54940 11
1859783 8
1426797 11
54690 6
52010 6
1516876 10
46690 8
74959 1
276077 10
54359 4
55890 8
32659 4
59590 11
73639 9
66839 7
46209 7
109239 3
44810 8
1156839 0
64549 7
221927 6
42980 6
33410 4
49479 6
62410 2
98519 3
57289 10
47670 0
1897793 7
67170 5
57609 1
1714295 6
626134 1
1399987 2
44230 6
99769 4
48870 7
49599 7
250848 9
69939 7
63880 1
53209 2
152419 3
1216699 6
114949 3
985871 7
138508 3
42470 4
57209 11
54669 7
57090 10
55120 10
2931383 1
110579 11
86470 0
65859 7
1560346 7
81239 10
78029 10
64719 8
43589 11
112139 3
43860 4
50689 1
45880 8
29859 4
45339 6
54990 5
53089 9
42340 11
80089 3
83329 3
63420 1
48629 7
42650 7
387786 0
72520 11
72649 8
49250 7
1511306 5
65339 2
60850 6
90699 3
47879 7
54750 6
61159 11
1868903 6
90609 8
1469876 11
97119 1
45620 11
1721944 10
76289 7
106800 5
58010 7
89909 2
50910 11
114330 1
52379 8
2205640 2
60860 1
1936732 4
65469 9
63970 5
108839 3
47259 2
47030 9
54539 2
541375 8
54690 1
59269 6
33990 4
35820 4
1149159 0
74429 8
60319 1
120379 3
44879 8
53929 5
51629 1
59279 6
47929 2
61639 1
67019 11
454006 7
70050 5
2404079 2
55669 7
1076190 11
948232 5
77649 0
51830 5
59860 0
59810 5
66549 0
63889 6
87340 9
66989 10
64429 0
52710 7
43879 7
48150 2
58769 0
668814 4
51420 6
57249 6
24700 4
47539 2
45610 6
43160 6
55679 0
52400 1
1002121 10
34849 4
1609446 2
59189 10
27870 4
89889 3
31300 4
51949 9
80290 6
60650 10
1429917 9
45360 10
99749 3
51559 9
46670 5
54629 1
66510 9
56759 8
48290 9
231758 0
63199 7
59269 11
1869272 9
92709 11
88399 6
85519 7
53610 11
73569 1
69379 9
46110 11
79359 5
45820 11
75679 5
110809 3
45290 11
57309 10
61230 5
51870 6
47830 5
62449 5
49560 9
619514 7
69669 9
1028411 0
44979 11
41540 4
94459 3
47530 11
46449 7
454745 9
1208059 2
67520 0
76529 8
79989 5
67470 1
80099 7
55989 2
110539 3
1855944 1
99608 2
54099 8
90279 10
125569 2
66900 11
460085 7
74780 6
1621265 1
65919 9
71989 6
236258 6
57060 1
35730 4
62119 5
69690 9
70349 5
73529 8
54710 1
1281818 10
48510 4
47629 7
77969 3
52010 2
57589 9
52710 9
65029 2
47360 8
33699 4
101499 3
1944092 2
90359 1
754573 5
1750064 2
65489 0
52849 8
55900 7
142999 3
54230 9
1460797 0
52699 11
53179 8
66589 10
70459 7
65580 7
57689 2
56300 11
43899 9
119269 3
51470 2
90809 3
72279 1
49170 5
1458837 11
88519 10
90429 3
1618355 9
91789 8
61760 8
84219 3
593024 2
71099 1
64159 7
1603366 6
42429 8
47880 2
64859 5
47420 5
171378 8
1906263 0
129339 3
70919 5
51709 7
62210 10
72789 11
1486677 11
2260919 5
62020 6
59899 11
77039 6
48649 6
61619 8
1361177 6
55479 4
87609 3
59629 2
52890 9
636794 0
75909 0
1615916 4
46640 11
54369 7
44110 11
41730 6
594264 4
49470 5
68589 6
123699 3
67299 10
1904132 10
70159 2
89109 3
2360598 1
61930 8
60299 6
80759 11
97599 3
112239 3
105199 3
146098 5
252498 9
51419 0
52020 4
46900 1
47449 0
26100 4
98039 11
51149 11
25230 4
61020 2
39069 11
57660 8
47549 4
26440 4
26230 4
24130 4
43539 5
83099 3
48270 5
823972 7
42920 4
80089 9
46310 1
58869 7
34680 4
87629 3
45990 9
42350 5
67059 5
59849 11
53780 2
45430 10
85819 3
53879 2
1920663 10
64479 9
56919 7
107139 3
1119570 2
78150 9
75699 3
34030 4
51399 8
70889 5
45429 1
55600 11
42859 2
82820 3
56099 0
1650555 9
67799 8
65780 6
209048 2
43889 11
48680 2
43429 2
74399 11
139899 11
63369 10
63119 8
57459 4
66349 10
59410 11
3052902 8
84439 11
73409 1
72629 1
1386047 2
74790 10
121219 2
59439 6
63899 11
54830 9
56759 4
58620 9
86669 0
84509 8
78210 7
61619 2
1108900 1
56149 6
54740 1
48499 6
62010 10
43419 6
45150 2
59369 1
69539 11
48999 5
41780 2
89779 3
71880 5
53590 10
36880 4
86179 10
51029 6
50359 4
1851763 11
1493687 10
55479 9
48970 9
78129 3
1923182 10
124279 10
70970 7
65629 2
66909 8
66640 0
59399 9
62140 2
278797 0
53689 1
225118 6
76249 5
70229 10
1597606 1
902041 6
60610 4
44680 9
45900 1
45140 1
43049 6
323727 2
47030 0
82689 11
125069 10
47069 5
43260 11
45220 6
1211659 0
92519 0
67309 7
66920 0
168088 8
52280 10
77129 10
80859 3
92509 4
1364378 6
597964 5
91009 3
71579 8
31200 4
105169 5
68809 6
57479 1
58869 7
42620 2
54299 7
52200 5
42849 7
193419 9
47980 10
65639 10
44579 11
946582 6
94568 8
59239 8
67500 1
56969 2
46640 1
1425607 11
771453 2
61329 8
78839 4
67239 5
85320 0
58249 1
113129 7
72280 5
67439 1
62949 8
107319 3
51249 0
71069 10
1321368 5
62680 6
55079 1
1673225 11
86769 3
43640 0
41420 0
76929 1
1739884 5
107179 6
71249 0
145719 8
76829 6
76749 2
62389 9
47879 9
47019 9
48660 7
200298 9
53319 8
79110 3
80399 8
52999 6
48110 6
46810 9
48210 8
82599 3
60350 10
52629 2
65260 4
48459 11
46320 11
49239 6
1727115 5
40029 4
64760 7
1232119 9
52470 4
69679 10
734913 0
68380 8
94209 11
55789 9
105219 8
49699 0
138809 1
50299 0
125718 2
56100 7
37999 4
48499 2
58009 4
44730 9
1972032 4
44150 5
132878 10
72269 2
65529 2
90890 11
77389 6
111549 3
46699 10
69170 9
62189 5
45900 9
1025300 7
69490 6
67769 11
423166 4
49370 10
47349 11
49840 4
45249 10
97399 3
66079 1
1027091 8
41719 8
83850 3
40289 1
39210 1
40860 1
446375 9
62080 6
215038 7
91579 5
87179 3
41910 5
41809 5
52240 11
71939 2
61430 5
79029 3
25810 4
61999 11
42150 8
43849 6
42310 8
27120 4
41189 5
46150 7
77819 3
31790 4
44910 2
76959 3
76709 3
45790 7
42009 6
46340 11
41160 11
55239 10
54999 8
46939 2
41110 2
47019 9
47130 9
46270 7
28329 4
29420 4
44319 10
45470 11
42160 2
79239 5
