112809 0
68109 8
65040 5
54940 3
57209 10
52940 9
55159 2
54290 8
57169 6
55460 5
55509 10
98940 0
56349 8
56250 10
55669 3
61350 7
55149 13
63849 5
62389 1
58160 8
64090 6
70629 12
58810 7
55669 6
59510 9
54929 3
56380 8
64349 2
55749 2
55869 9
55689 10
54200 13
56039 2
56780 15
57060 3
61170 3
58270 13
66730 0
62770 9
58840 8
64700 8
68800 9
57889 12
56369 4
67060 3
66279 3
61120 10
57809 5
60630 12
56019 15
56670 9
54199 7
55039 9
52500 15
54029 4
50780 2
58839 15
58059 5
55680 4
51250 15
50880 12
72179 2
60910 15
50909 9
51580 4
48839 7
50269 15
48450 4
51720 13
49540 6
51900 1
52269 13
49450 4
53639 9
53329 2
45990 14
58469 1
56270 14
58719 10
53140 10
63209 2
54269 3
57870 3
61679 2
55030 15
55169 13
52390 9
49160 2
51040 6
55320 6
53819 10
52830 9
52859 5
58669 9
53170 13
56859 10
56620 7
58279 5
73560 3
55580 14
58659 7
53250 2
57500 5
66420 9
60529 3
53880 6
55579 1
52180 4
55670 10
55379 12
53390 2
54969 13
50920 8
56750 7
50009 14
56400 8
64319 3
62590 15
65629 2
63320 13
58959 2
56150 1
55059 4
66380 15
64129 4
52080 5
52250 11
54499 7
55790 10
56669 4
53840 0
53189 2
53950 12
64679 9
59639 15
56820 15
55029 12
59610 8
56069 10
63680 11
74969 12
67550 15
76639 2
76620 5
88799 1
66000 5
68489 3
68840 15
69190 2
67759 13
65210 15
64619 9
71310 2
65169 1
68650 14
85249 9
80179 5
75880 8
70499 14
70360 9
85529 15
79840 5
81460 13
68640 12
77359 6
66049 10
68320 13
62919 12
66590 15
62439 6
79410 7
85869 1
76919 11
63220 6
79839 10
107299 5
75829 8
80709 2
63679 4
64230 5
76609 14
71039 1
64770 9
79289 11
61500 13
66219 3
87960 2
79499 4
100889 0
70520 7
81169 6
74230 2
82159 8
95629 6
69790 2
70090 6
66739 14
82339 10
81739 9
78850 6
91129 14
93719 4
92600 9
79270 14
82399 2
77070 7
75399 13
78179 0
92019 15
73119 9
83530 10
90929 10
80449 3
89829 14
79550 7
94419 0
81560 14
98409 3
85499 3
91359 6
77810 13
97979 15
99720 11
82329 13
99809 15
83149 11
76059 3
73929 10
88480 8
91229 4
103229 13
92030 0
92420 10
91619 11
87779 7
107720 11
101639 15
79539 12
88549 9
76210 3
84229 0
83409 2
99289 8
93789 7
112289 12
96599 2
109990 10
99159 6
94149 13
111010 10
115499 9
89270 10
88879 13
96190 12
88799 3
95809 11
111519 0
110969 15
89570 5
95839 12
92339 4
106699 8
104939 6
96649 8
86249 3
94240 9
110619 14
98410 6
91819 8
109089 4
114389 2
104329 11
95129 1
90269 8
105180 3
96120 8
134889 1
88789 13
97819 8
105969 5
105419 1
87029 11
99169 14
95239 12
93639 15
97579 2
154929 12
86369 3
84100 8
88489 1
77239 14
87130 10
84519 7
87459 5
74300 8
91719 7
77669 1
98760 0
78559 11
83839 2
80779 15
84819 14
74150 15
89399 2
70469 2
90580 12
88919 2
79429 2
83940 7
98949 12
90709 3
86230 5
79879 14
86779 2
84610 4
87369 3
83010 10
87380 5
76879 13
84510 3
88300 12
96319 2
69500 6
93019 11
85369 10
76720 0
76679 12
91699 10
81210 8
84269 7
70000 0
89359 4
80219 11
105910 9
83500 7
73249 8
74590 14
72159 9
105339 7
86410 11
74019 0
88309 14
77639 1
86329 13
73730 6
93189 13
81619 5
84240 4
96389 10
82039 4
73290 5
78209 1
75840 13
99010 13
88149 11
91419 8
93660 0
75959 13
70100 13
92359 1
85199 3
78550 5
95950 1
90079 12
77530 3
96420 10
80859 2
97440 14
123619 5
82449 13
81009 2
81390 15
76709 13
92490 2
73349 8
87349 2
89240 13
71339 14
84639 7
79120 8
98429 3
77610 6
89800 3
90009 12
88069 10
78150 9
76829 0
87959 14
79909 7
75769 0
95080 2
74250 5
92139 3
82070 14
76889 12
82140 0
80979 15
98109 12
72289 4
81180 9
77349 15
84470 4
81769 13
77520 15
149718 3
86620 2
92089 0
90389 10
85540 4
87059 10
103219 13
98340 11
101939 2
85409 3
125059 4
95619 12
84490 9
288708 8
92770 15
93879 12
88619 12
90540 0
106169 10
110099 10
91809 11
84890 4
101919 7
91039 4
86090 11
116679 14
98400 13
106249 5
116729 9
81379 2
91819 15
114869 7
99229 8
103429 1
105729 13
88229 3
91819 9
111270 5
114488 11
92180 14
82519 14
93329 1
104900 4
98459 8
103899 1
94069 9
98420 7
78799 4
97439 7
117379 11
108530 12
102360 13
95519 14
97679 13
107039 0
99289 5
120259 2
107699 5
109589 12
92830 14
92290 9
105249 3
97839 12
98340 15
90759 9
95219 3
120389 8
110309 0
131319 13
100550 7
91730 0
85739 6
90820 4
102619 5
81259 15
98469 4
80430 1
87709 11
117379 0
99329 4
112069 12
100640 8
102789 11
99159 6
95879 8
99449 8
104029 3
100349 1
122959 5
86329 6
94290 14
91829 12
109289 7
101579 1
111479 1
95539 4
104309 13
101839 10
158769 11
84170 15
82550 8
95539 8
101429 9
91000 13
90659 2
96379 14
99510 8
106860 15
114919 5
92669 5
94929 1
81520 13
75669 3
78310 3
71470 1
78650 13
75260 8
84309 11
88150 4
70689 2
103219 6
88570 8
77750 14
80179 5
76810 0
80099 10
80790 0
79540 0
81129 13
75680 1
91839 3
82789 5
119959 1
85480 7
83649 8
83940 3
95620 2
85729 7
102649 12
87500 6
91729 6
85119 3
85230 15
105739 8
85959 12
97070 1
87509 14
86559 8
75940 9
80269 0
79059 12
72030 7
85999 8
96020 12
114150 1
81030 0
68869 11
80240 14
79459 2
85219 14
90750 10
91199 10
75839 13
87489 13
91129 2
82820 5
102360 10
97019 12
105529 7
83569 15
86549 12
84309 13
94979 13
90229 1
81069 11
75650 2
75939 3
108459 2
77070 9
91599 5
76799 12
94350 15
74179 1
81060 2
77369 15
75329 10
87189 4
103809 3
87599 2
94979 7
73600 7
71969 13
76470 14
71459 5
85219 0
85409 1
82529 10
76390 12
90049 3
81819 0
78800 7
108999 8
92059 0
80240 15
79359 4
71589 13
73739 11
76119 10
82370 4
81039 8
83650 2
77269 6
78709 6
146209 5
73620 15
82869 9
91739 5
82710 9
67519 10
82909 13
73399 13
80159 14
78300 5
93079 11
81819 13
87530 2
89289 11
80889 11
71100 6
74449 8
89380 2
86350 3
76849 7
82230 6
79409 11
71480 13
77029 7
104279 10
87460 4
75680 9
88269 12
100600 5
73530 4
92539 4
104740 8
163839 7
88200 9
82150 11
159049 13
247958 10
112389 7
78479 9
85960 5
82499 14
109239 6
99980 13
108139 6
79349 5
93229 4
118029 14
160209 0
88110 4
83540 2
71669 12
82900 10
89089 0
108559 6
90310 7
87660 10
84119 15
78729 9
89439 3
75819 3
104190 1
90400 5
80659 3
80189 4
81589 12
94119 8
84919 7
87949 9
131689 1
107289 0
82119 3
77540 11
103969 4
98149 4
84680 15
110069 12
78599 1
76530 4
104139 4
79009 3
86589 2
103099 9
88799 0
107899 4
95060 13
103649 1
109969 5
107049 10
77689 14
84640 10
82299 1
105259 13
98050 15
101729 5
93999 1
83759 1
112980 12
81979 8
91049 6
91080 3
85169 14
81039 1
89930 12
77949 11
10419831 10
91969 9
87519 12
72590 0
75069 15
81099 6
77489 1
88619 12
85459 8
90889 10
87699 14
84290 10
95790 3
86289 9
76720 6
79159 6
78589 5
85129 9
87859 1
75369 9
81440 1
85409 7
82640 12
87639 6
92969 3
87700 10
82060 13
82859 0
78280 10
87929 2
89519 4
91040 15
86169 0
86059 3
92350 4
101479 8
87749 4
87459 0
82469 7
73059 2
81900 5
86169 3
92949 11
86020 7
79189 8
92860 5
85440 3
116049 15
80999 10
90430 2
85810 13
81249 4
74840 4
79209 6
87270 5
79310 10
95729 7
80769 3
94230 6
94269 0
94679 9
98909 2
98220 4
87339 3
88790 7
78469 7
78529 15
95879 3
75309 11
114359 12
84930 9
88130 5
90749 10
81639 10
79489 12
91719 14
86759 15
74479 3
85089 14
81189 10
84109 8
86859 14
78750 10
104829 8
79309 9
84130 13
84299 14
91489 12
81760 12
85439 3
86049 1
79990 14
86079 7
100889 3
92510 13
78899 14
83039 7
96060 5
89599 2
80269 9
90700 5
82009 13
103169 1
97189 9
132988 8
84729 9
76459 6
75580 3
86179 12
98449 11
103960 5
81330 14
99989 13
79059 8
80840 5
100379 4
97630 3
86820 5
82379 3
93730 7
92240 13
88799 10
93119 5
123609 0
98320 10
111029 1
101589 15
103309 8
92619 7
89019 3
88639 5
100129 5
79420 5
108279 6
115199 3
136669 4
108779 5
93050 1
101029 11
108559 6
87389 0
94550 5
118519 10
110129 1
139959 14
92079 4
101099 11
105149 14
101139 7
104110 0
93329 1
82499 14
74789 9
78229 7
82830 15
95129 15
87499 15
83890 13
81060 13
89729 12
97689 0
87959 4
84989 8
80280 7
78109 7
68919 0
85279 6
94129 0
87690 14
82040 3
80649 10
88889 13
70679 3
74179 15
88600 3
73369 14
78980 6
74870 2
78690 5
85569 6
67379 2
67430 9
72539 13
68980 12
76799 14
87619 2
77489 8
81549 3
77530 1
85239 2
78469 0
75020 8
99269 1
67170 11
74080 13
74859 4
75120 1
68819 11
64620 11
77719 0
93160 14
82070 8
73139 9
76460 3
77189 12
88129 6
91659 3
72179 0
60410 1
68929 1
71460 0
81399 8
64080 10
78300 2
81999 5
65850 9
70449 15
71330 13
75379 14
93739 5
91339 12
77019 3
72339 8
65420 13
70619 2
83600 15
77999 1
64780 7
76829 9
77690 7
86159 6
10099063 6
43560 9
47459 6
47250 9
48749 4
48759 11
45980 14
58159 4
57000 8
50550 15
54700 0
53350 6
51089 8
52670 13
59239 15
51169 7
59149 4
54749 4
48970 12
65479 9
45530 0
48340 0
234239 8
48480 4
53750 9
53599 4
52329 7
45770 11
57529 14
56859 15
52760 15
55160 0
50180 13
54869 9
56020 6
66710 15
50349 12
51820 3
56909 7
51120 3
49339 1
45399 11
50030 5
41630 13
39370 9
38270 1
40859 0
47889 11
