37932543 1
42630 1
42420 2
25069 3
38089 1
77841836 0
2008740 3
25470 3
19985291 2
43300 1
26660 3
24359 3
40520 1
27770 3
26879 3
26549 3
37260 1
27039 3
8721784 0
38790 0
10954822 1
36600 2
34170 1
31769 1
33679 1
32170 1
33909 0
32780 1
33690 1
38289 0
25979 3
30540 0
32680 2
24520 3
32070 1
30210 1
32969 0
28010 3
31690 1
24760 3
23489 3
31189 1
26190 3
40789 2
30529 1
31080 1
32389 1
26479 3
25730 3
31180 1
24680 3
28409 3
33790 2
25000 3
33659 0
31629 2
30660 2
31530 1
32809 2
31780 0
25920 3
25849 3
31110 0
29850 1
30869 1
32330 0
34460 2
26260 3
30859 0
31060 1
31849 0
37279 1
32260 0
33670 0
32309 0
34390 2
31820 0
33730 2
32100 2
30490 2
32769 0
34520 2
32180 1
33319 2
31160 2
32600 2
31280 2
32500 2
25450 3
30079 1
25830 3
32680 0
30020 1
24870 3
23469 3
32700 1
31109 0
29579 2
31020 0
32920 2
35860 0
32040 0
33020 1
26160 3
30270 1
24170 3
30630 1
31050 1
31030 2
33389 0
26650 3
31959 2
33979 0
29140 3
32770 2
31440 1
31200 1
32309 2
24119 3
24620 3
30620 0
30249 2
30829 1
24020 3
29230 1
31999 1
25720 3
31470 2
25209 3
34159 1
31050 2
30820 1
30890 0
25210 3
31350 2
31549 2
30030 1
31760 2
31639 1
32189 2
32100 1
24749 3
30499 1
26420 3
30130 1
25390 3
30870 1
29790 1
34020 2
34070 1
34230 2
31130 2
42319 2
30889 2
31850 0
32100 0
32519 1
34800 2
30740 2
33330 2
30670 1
31229 1
32019 2
25260 3
32260 2
32609 0
32490 0
32850 0
33969 2
32810 2
33310 0
32719 0
31170 1
33820 0
31789 0
32080 2
29840 3
30490 1
33880 2
30270 2
31889 2
33379 2
33610 1
41089 0
31910 1
33220 0
32619 1
30729 1
32480 0
31959 1
25249 3
25410 3
27420 3
30129 2
33380 0
29800 2
26339 3
30189 1
34450 0
30579 1
139265826 1
18996980 0
33050 0
9994691 2
10967051 0
27180 3
27859 3
19953142 1
30770 3
32769 1
24350 3
159906121 0
28024282 2
59129 2
34020 0
29350 2
32559 1
32370 2
31840 1
25100 3
34100 2
24780 3
28969 1
25460 3
31960 2
24450 3
31869 1
29580 1
32740 1
24999 3
23719 3
31450 2
32800 0
30410 1
24879 3
30750 1
24400 3
30939 1
32610 1
32870 0
25800 3
25280 3
26520 3
31569 1
37690 1
33980 2
32449 0
23309 3
31110 0
31790 0
19485006 1
20021381 2
139955149 1
19001031 2
26940 3
1000470 0
33310 0
19939022 2
19994511 0
25970 3
39974162 1
26079 3
35020 0
33399 0
59904174 1
39970 0
7994880 1
28270 3
11938301 2
24900 3
19976042 2
20000092 0
26960 3
39974613 0
59996234 2
24609 3
32940 0
32239 1
33789 1
33240 0
34180 1
31560 1
34920 0
32049 1
32289 1
32220 1
23330 3
32509 0
18589756 2
34609 2
25460 3
970400 0
33300 1
70769 1
30009 0
59833385 2
48064743 2
26670 3
23150 3
32939 2
41570 1
38850 1
25769 3
140519023 0
25739 3
210003423 2
19968461 2
103739 0
45530 0
19849762 2
36449 0
35140 1
19928481 2
20003661 2
34489 1
25279 3
32500 0
199940962 2
109909 2
72880 2
47815155 1
12022661 0
24010 3
26720 3
35970 2
36850 0
59818336 1
20058830 0
27090 3
33650 0
36109 0
34920 0
19808173 1
20002511 1
19995922 1
32440 2
8004130 1
35110 2
36270 2
31320 2
34729 1
27300 3
11803473 0
38019212 1
50109 0
31931853 2
59009 0
24310 3
89910626 1
20001251 1
40280 2
27700 3
24139 3
24020 3
18383028 1
36199 0
33910 0
24550 3
30959 0
32190 0
33800 0
32589 0
33460 0
32210 0
33489 0
39706266 2
59129 2
19975871 1
59935715 0
26919 3
31689 1
89943836 0
90001925 0
40023082 2
79984005 2
61269 2
35549 2
36660 2
38090 2
39815324 0
60740 2
69957265 0
30259 3
37479 0
39913934 2
90005465 2
39992062 0
38590 0
30860 2
8025631 1
26849 3
34330 0
33980 0
23739 3
32980 0
31730 1
33530 0
37409 2
23390 3
33390 2
37480 2
24260 3
34529 0
33719 0
35310 0
33630 2
32290 0
31260 2
10050600 2
36430 2
32700 2
32900 1
23660 3
33730 0
32180 2
32450 2
31220 0
33880 2
24020 3
30640 0
31219 2
33550 2
32130 0
32479 2
32130 0
33160 1
25820 3
33930 2
32690 0
32030 1
31169 1
25030 3
31730 2
32490 0
32110 0
34259 2
34860 2
26350 3
27040 3
38809 0
22200 3
29980 2
30769 0
25759 3
32790 1
25080 3
31129 0
30610 2
32050 1
36199 1
34169 0
28580 3
32310 0
31580 1
31639 1
32020 1
32020 0
31130 0
23990 3
31680 0
33379 1
34979 2
31550 1
29809 3
31329 0
29540 0
30940 0
31449 0
31390 0
31200 2
34689 2
31900 1
25380 3
30680 2
23230 3
32750 1
32930 2
31139 1
31320 1
32900 2
33339 1
31860 0
32550 0
32619 0
31440 2
24200 3
32100 2
32810 0
24490 3
31849 0
33629 0
31710 1
23990 3
30839 0
31110 0
23370 3
35129 1
24310 3
22430 3
30520 1
