85609 0
46149 0
42739 1
41990 1
45539 0
42669 0
45240 1
42289 0
66239 1
42729 0
44430 1
44289 0
43939 0
42199 1
44589 1
41099 0
43109 1
43750 1
43359 0
44089 1
60829 1
58779 0
58380 0
60279 1
57799 0
61679 1
58930 1
60369 1
96268 0
59789 0
57929 1
59939 0
59839 1
63489 0
60559 0
55199 0
40289 1
44859 1
42050 1
41600 0
41699 0
43700 1
41750 0
43799 0
44499 0
43610 1
42259 0
49189 0
41300 1
42170 0
42979 1
43699 0
40409 1
41619 1
40540 1
40100 1
41949 0
42280 0
39510 0
41919 0
42140 0
45920 0
41469 0
42410 1
41250 0
41479 0
42159 1
50100 0
43289 1
42889 1
43690 0
46859 1
42269 1
40849 0
46140 1
40579 0
40669 1
40390 1
42899 0
40380 1
42339 0
39869 1
41979 0
42589 1
43749 1
44109 0
43419 0
44339 0
41520 1
41669 0
42069 0
44539 0
42260 1
42199 0
51939 0
42460 0
47859 0
40989 0
40159 1
42889 0
40769 1
42790 1
41100 0
41589 1
45229 1
42539 1
47699 1
44279 0
43680 1
42309 0
41859 0
42750 1
42869 1
40379 0
42480 0
41199 0
41559 1
47399 1
42929 1
43759 1
43300 0
42880 0
41309 0
41900 0
43399 1
47709 1
40820 1
41360 0
40149 1
43219 1
43299 1
42069 1
42249 1
42400 1
42409 1
46819 1
44510 1
42470 1
41979 1
43500 1
49110 1
42269 0
44679 1
40230 1
41269 1
41680 0
41630 0
42299 0
41499 0
41869 1
42139 0
42299 1
41869 0
45279 1
47329 1
45250 0
42850 0
43559 1
41100 0
43930 0
42259 0
43479 1
41859 1
45079 1
51239 0
42640 0
40480 0
43439 1
43780 1
46579 1
44109 0
46120 1
44860 0
42539 1
43069 1
42970 1
43439 0
43699 0
42149 1
42949 1
42669 0
42620 1
43290 1
41759 0
46849 0
47020 0
51769 0
43939 0
42180 1
43879 1
42269 1
43420 0
42339 0
41339 1
42640 0
44380 1
42059 0
42949 1
45700 1
46749 0
43589 1
44700 1
43449 1
43689 1
45469 1
43679 1
45489 1
43619 1
43890 1
48739 1
42699 0
39849 1
42629 1
47089 1
41579 1
40940 1
41719 1
42309 0
44460 0
44879 1
42559 0
46540 1
43410 0
42039 0
43259 1
42489 1
42099 1
43269 1
41950 1
42469 1
41599 1
42960 1
57669 0
42409 0
42390 1
43400 0
41199 1
43259 1
42060 0
42929 0
41089 1
44310 1
44559 1
42139 0
43110 0
41560 0
44199 1
42530 1
45720 1
41469 0
43169 0
41709 0
43509 0
44240 0
43790 0
101028 1
43770 0
44060 1
40599 1
43389 1
43400 1
46129 0
42439 0
44280 0
42570 1
43679 0
44560 0
42700 0
41739 0
43679 0
43419 0
48799 0
42349 1
43330 0
42809 0
42469 1
45070 1
57320 0
44739 1
43669 0
44590 1
43049 1
44009 1
43910 0
47260 1
43819 0
42999 0
42630 1
48939 1
44559 0
46989 0
43299 1
41409 1
42729 0
42150 0
43099 1
39509 0
45540 0
42879 1
51469 0
44910 1
44490 1
42389 1
43989 0
42980 0
44369 1
45299 1
44309 1
44529 1
40849 1
42280 1
42740 0
43889 1
41599 0
45349 0
45289 1
44559 1
42670 1
46589 1
42199 1
41700 1
41870 1
51529 1
43350 1
44510 1
44879 0
42969 0
44459 1
42880 1
48559 1
43070 1
43470 0
44059 0
44169 0
44980 0
44719 0
43559 1
42549 1
42109 1
45109 0
42390 1
45250 0
46419 0
43619 1
49249 0
44249 0
46219 0
43550 1
44380 0
40379 1
41430 0
38500 1
39529 0
38159 0
38149 1
39599 0
39440 1
38239 1
42059 1
38719 1
40069 1
38370 1
39220 0
38689 0
38620 1
36359 0
39080 1
37220 0
39159 1
45110 1
36750 0
35679 0
38079 1
37699 1
38950 1
38240 0
40279 0
40430 1
37399 0
37690 1
38110 1
38989 0
36830 1
38299 0
35839 1
37789 1
37219 0
39060 0
42219 0
37129 1
37360 1
38029 1
38610 0
38580 0
41019 0
43730 1
36830 0
37399 0
38030 1
38359 0
38250 0
39060 0
38199 0
37280 0
40099 0
37680 0
39540 1
39359 1
39589 1
39660 0
40469 0
39400 1
36699 0
38190 0
38010 0
39819 0
37510 1
42909 0
38280 0
39470 1
36959 0
45709 0
37919 0
39879 0
37080 0
41549 1
40819 0
37510 0
38769 1
37949 1
38529 0
37049 0
38870 1
36059 0
39450 1
40309 0
38949 0
36710 0
37959 1
39370 0
40640 1
37239 0
39520 0
39950 1
38209 0
38770 1
48859 0
38069 1
36980 1
37979 0
38689 0
38629 0
37809 0
39940 0
37679 0
39340 0
39399 0
39319 1
39409 1
39540 1
41569 0
40040 0
40490 0
37759 1
42920 1
39899 1
40169 0
39209 1
39949 1
37190 1
39299 1
53469 0
40419 0
39450 0
42349 0
42050 0
40830 1
39909 1
38589 1
41249 0
39109 0
39650 1
39079 1
38970 1
41469 0
41979 1
39640 0
40459 0
37979 0
40589 0
40680 0
42009 0
41210 1
40199 0
42379 0
40919 1
85058 0
35850 0
39819 1
37090 0
38689 0
39259 1
40360 1
37769 0
43029 0
36270 0
42169 0
39189 0
39379 1
38959 1
40160 1
40440 1
38909 0
37570 1
37949 0
37379 0
38070 1
37829 0
37000 1
38549 1
48229 0
38140 1
37709 1
38519 1
37809 1
40759 1
38310 0
41769 1
39509 0
38980 1
39699 1
38859 0
40179 1
42159 1
38760 1
38150 1
39799 0
39720 0
40009 1
38399 1
39179 1
38409 1
38499 1
39479 0
38239 0
40660 0
49729 1
39239 0
37650 0
39529 1
37750 1
37280 1
41349 1
39329 1
40529 1
39049 1
41360 0
39459 0
39649 1
39859 1
42569 0
39920 1
38539 1
46339 0
40500 0
38080 0
38419 1
38880 0
39829 1
38959 1
48599 0
38039 1
39059 0
40390 1
38449 1
40879 0
40299 1
39309 0
39410 0
39989 1
41999 0
39479 0
37839 0
40729 0
39310 0
40059 0
39299 0
39059 0
39379 0
38999 0
37589 1
37689 0
41590 1
38099 1
37789 0
38929 1
45879 1
42239 1
41259 1
36859 0
39209 1
38549 0
41149 0
37670 0
39799 0
37509 1
39020 0
40389 1
40309 1
36390 0
38169 0
37660 0
39219 1
38209 1
42979 0
40589 1
42779 1
40989 1
42369 1
43240 0
49239 0
42889 1
40020 1
37080 0
39739 1
39379 1
41419 0
38739 0
39380 1
38979 1
40789 1
40270 0
41519 1
40140 1
39630 1
40449 0
39350 0
42479 0
40169 0
41979 1
40779 0
41069 1
37050 1
40799 0
38190 1
44990 0
37619 1
39260 1
38799 1
38429 0
44410 0
40800 0
41259 1
38780 1
40659 1
40879 0
41070 1
38549 0
39129 0
38719 1
38479 0
36860 1
38379 1
36589 1
38749 1
40179 1
42739 1
39549 1
36979 0
39790 0
46599 0
39639 1
37130 1
38759 1
37149 1
38060 1
38239 1
41539 1
38799 1
41049 0
40340 1
39509 0
41299 0
40529 0
40069 0
38200 0
38819 0
38429 0
40910 1
37749 1
42639 1
37240 1
40349 1
42320 0
42999 0
49069 1
42569 0
41040 1
41609 1
41079 0
39500 0
43689 1
39589 1
39469 0
38269 0
39310 1
38770 1
39789 0
37010 1
40669 0
38449 0
38989 0
37039 1
39149 1
39499 0
38679 0
39610 1
39109 1
39650 1
37280 0
55659 0
40809 1
39250 1
39719 1
37629 1
39739 0
39899 1
38510 0
40710 0
39679 0
39610 1
40259 0
40409 1
41969 1
41279 1
38419 0
39799 1
44299 0
39000 1
38890 0
39139 1
38730 0
40449 0
37960 1
39550 0
60409 1
39559 1
38899 0
36069 1
38949 1
38500 1
36749 0
40299 1
37589 0
40039 1
36650 0
39849 1
38350 1
39830 0
38959 0
38500 1
37200 1
39169 1
39110 1
38649 0
37839 0
39990 1
42409 1
39669 1
40299 0
47809 1
40380 1
38760 1
40309 1
37549 1
37919 1
40889 1
39830 0
41499 0
37880 0
37989 0
39779 0
37599 0
41249 0
42039 0
40670 1
38659 0
38109 1
39279 1
38129 0
38499 0
38129 1
38849 0
39480 0
40909 0
45929 0
43870 1
40239 1
38239 1
38650 0
42379 0
40599 0
40510 1
39429 1
39700 0
40050 0
38369 0
41150 0
39429 1
44109 0
39400 1
47189 0
40949 0
41560 1
38889 1
41179 1
36900 1
42199 0
40569 1
40229 1
43719 0
40019 1
40929 1
36209 0
39370 1
43099 0
38489 0
38820 1
40349 0
38860 0
38819 1
37499 0
41349 1
40530 0
40149 1
41080 1
41569 1
42119 0
40990 1
41499 0
39739 0
41060 1
40949 1
39629 0
38099 0
50689 0
40179 0
38670 0
38799 1
38800 0
39000 0
39039 0
39700 1
40599 0
45259 1
39240 1
40799 1
39069 1
38310 0
39089 1
38859 0
38500 1
38269 0
37050 1
40239 1
40669 1
40799 1
40409 1
40549 1
49410 0
41629 0
41749 1
42439 1
40229 1
41039 1
38149 0
42579 1
38879 0
39400 1
38009 1
38220 0
39609 0
38210 1
38589 0
40639 0
38090 0
40180 1
41089 0
39660 1
40759 0
38480 1
39149 1
36459 1
41740 1
45700 0
39519 0
37929 1
37030 0
40179 0
38750 0
37349 1
41530 0
38260 1
39709 1
41269 0
39179 0
39319 1
42970 0
43589 0
43659 1
44339 1
42640 0
37989 0
40520 1
41499 0
39049 0
39200 0
38829 0
38760 0
44290 0
39659 1
40649 0
39339 1
41159 0
39120 0
40799 1
38789 0
43750 0
39999 0
38879 1
39750 1
38539 0
40000 0
38710 0
43329 1
48200 0
43839 0
46149 0
46929 1
39090 0
39259 0
38729 1
43699 0
45129 0
40839 1
38880 1
38879 0
38489 1
40559 1
38959 1
39719 1
38039 0
39819 1
38810 1
37199 0
41260 1
42009 1
40599 0
40590 1
39489 1
40289 1
38780 0
38620 1
40079 0
40760 0
41789 1
40549 0
38410 1
48869 0
41369 0
38570 0
38459 0
44499 1
38690 0
41799 1
39450 1
39129 0
40879 0
41430 1
38740 0
40929 0
38670 0
40279 1
38739 1
40740 1
38809 1
41580 0
39330 0
39349 1
39320 0
39130 1
38709 0
37830 1
82829 1
37849 1
39719 1
38340 0
38650 1
40339 0
40480 1
