142199 5
75220 2
75120 5
75949 3
72989 9
73190 5
74530 7
75159 10
75539 7
75719 5
83850 6
95619 11
77449 2
74189 8
73349 3
75439 0
76209 11
77349 4
77350 6
75039 9
73729 3
78289 4
85429 2
84240 4
83299 5
74799 2
74109 7
78130 9
74160 8
73109 2
74139 9
75000 7
72790 2
77259 5
74109 3
72700 11
73680 3
83349 6
73989 7
74460 4
73350 7
76059 11
72979 2
76319 0
77269 3
72889 6
74179 2
73739 9
76369 2
108609 8
82339 7
73849 1
71609 10
74899 10
72919 9
77849 5
75889 5
73170 5
73729 2
75289 7
74689 0
70330 3
86969 7
91769 3
84719 1
73719 8
72580 3
73079 2
73009 7
75069 9
75479 4
75139 3
75349 10
77270 11
83019 9
80259 5
82419 0
73259 10
71069 1
80740 2
74489 9
74459 0
74740 1
73950 5
75419 7
73499 1
71520 5
74710 8
72239 1
72190 3
79039 1
72809 7
73429 1
73590 4
72019 7
80169 6
74739 3
71260 8
72770 9
74039 10
73099 7
71639 3
74730 11
90009 5
73349 6
73349 11
72560 3
75389 4
74159 9
72480 10
76609 6
74089 2
73819 11
77169 3
84280 6
81569 0
85719 1
73329 8
71989 8
73969 5
73979 6
75239 8
71870 5
72919 3
74369 0
77079 6
73249 4
75699 9
84039 4
123459 9
84209 10
86999 11
89099 0
86919 11
86539 11
92249 10
95549 4
93029 3
102499 0
98739 9
106379 4
81539 5
87039 4
92679 10
91199 5
84919 0
84570 5
92539 1
86789 1
93519 7
97899 8
109219 3
92619 2
86059 4
93269 1
90879 11
93209 1
89509 2
96499 1
89819 6
95029 0
103649 8
83430 7
86049 11
91459 10
86459 4
95429 7
95619 4
87369 5
90149 0
89140 1
100188 3
98688 8
89459 11
90630 1
93829 7
85369 7
84249 4
91279 8
92259 8
88599 7
88360 0
92839 2
104479 3
85990 2
86739 5
91389 0
282627 9
82089 1
84859 1
83870 4
99079 9
94588 4
85289 10
84109 10
83579 5
85279 9
89009 11
88009 3
87188 2
84480 11
84929 6
89329 6
86609 4
93189 10
83919 4
81599 8
82690 4
85059 10
84529 0
81869 1
88329 2
83389 4
88299 1
82519 8
83869 5
89969 7
80899 11
83109 0
86149 4
86559 6
83669 2
81569 10
86489 2
85689 11
82279 10
80340 0
82609 9
93879 6
83399 10
83499 2
86739 0
80829 11
87709 4
86019 3
84339 6
86349 1
89939 4
82139 2
10112719 4
99359 11
105979 3
108599 5
119959 6
119148 9
114918 6
106389 10
117069 0
135319 6
109389 3
106710 10
106430 0
113739 9
117939 6
114429 0
111669 10
107419 6
114229 10
108339 2
114319 7
110259 3
109619 5
102629 3
112259 11
112429 9
111059 4
126859 4
103098 10
107719 2
103799 1
107519 1
116579 5
109169 0
115199 11
108729 9
128339 10
108049 2
121138 9
115169 8
132189 10
111999 5
111899 4
115449 4
114530 0
97870 4
113648 7
114029 0
113509 6
108899 6
110199 2
123669 11
117788 8
122918 10
108439 9
115499 1
114339 2
115429 9
113288 1
114090 0
124708 11
123449 11
126629 7
108739 1
113109 2
100099 7
103119 6
106699 3
109919 6
116119 6
112399 2
125239 1
113759 7
111899 8
107868 3
103439 5
114149 2
105459 1
112739 3
111409 6
125899 4
106809 1
97689 8
104319 7
118538 1
110450 4
119259 10
124689 1
109889 6
10117159 7
117439 8
117859 8
134149 3
118718 11
133849 3
126449 3
126588 8
123558 1
111709 5
126269 11
128549 7
118488 1
133978 8
130079 1
126158 6
135209 6
118889 10
118279 4
123609 6
118888 7
138288 1
122579 9
116109 7
129149 3
115399 7
124909 7
126739 11
129889 8
134869 2
125229 2
121439 4
129059 8
114278 4
121359 0
129449 9
128969 0
128408 8
124299 0
119259 10
139678 10
109798 4
119379 2
133829 9
132948 5
117199 2
136689 2
148749 10
126038 4
117819 9
135149 10
124698 2
122768 2
126699 5
121719 8
137028 5
112189 6
116479 2
120189 3
120379 6
129808 5
127949 0
119119 3
131929 9
115938 7
118818 0
125139 7
121399 8
132808 8
122849 10
130009 2
150018 1
126938 6
121369 6
127329 10
129039 5
134709 5
126099 11
121979 7
10196248 0
148639 10
152748 11
159809 11
160168 5
168258 11
182309 9
138978 2
155519 1
134979 5
138999 6
154038 5
137399 6
146918 11
135519 10
140459 8
170838 9
130939 1
143058 3
142219 1
158268 3
139338 8
142678 9
148749 5
147009 8
131578 9
145479 0
151088 0
128569 5
140559 9
140698 0
138429 1
152178 5
136089 11
151289 9
140099 9
137909 5
136308 11
140989 11
144889 10
143249 2
152238 8
154628 11
167208 7
161389 0
168338 3
144209 10
165188 5
134889 1
144368 7
164979 10
148768 10
148169 5
159138 10
153549 11
139699 9
164788 1
161059 11
141329 1
167879 0
177138 6
141749 4
143078 9
138989 1
129958 3
128539 2
132409 1
20182259 3
100359 4
97459 10
88179 6
92929 1
93610 2
95110 3
81290 4
96849 9
90649 2
96139 7
95299 8
85739 6
100579 0
86589 10
88459 1
87140 10
93150 5
93388 7
90529 9
94509 3
107179 8
97519 11
92859 11
88409 1
84909 7
90109 2
90459 11
86639 1
93370 5
97470 1
136308 10
91179 6
90099 3
87020 0
87988 4
96759 4
102239 2
84920 3
90849 7
87589 10
99729 5
97299 3
91749 0
92899 7
95429 11
89459 4
93459 3
93259 3
85110 2
92479 5
96709 0
92349 9
101739 10
85329 3
91129 10
89919 1
89429 0
85350 0
85470 8
88899 1
89169 9
91739 1
90269 8
93859 8
90909 5
91589 6
97089 3
90599 0
91300 2
91610 6
89060 7
88169 2
92819 8
88629 5
97939 10
94349 5
102179 9
84369 2
88229 9
94179 7
92470 5
87308 0
90230 11
93779 8
96359 4
90769 6
88259 11
80289 9
83829 0
78949 11
80799 6
94209 9
91549 4
83169 5
90529 6
85940 6
96150 10
116528 3
91110 2
86588 5
91939 6
91169 2
94209 0
89429 10
94279 11
99629 0
97229 0
130399 11
107099 3
117350 2
129638 7
117979 11
147729 10
125708 2
131889 8
134348 6
124129 10
125629 4
133539 11
124258 9
126009 10
126289 4
129419 2
149568 4
144869 5
138399 8
141609 0
145099 5
142309 3
144089 2
146858 0
133079 6
163518 4
137259 2
132529 7
136148 0
153619 6
147808 3
138469 2
150468 2
153279 10
141279 8
150928 7
153018 3
145269 10
148039 7
140568 2
146108 8
155358 8
149928 1
166428 0
135659 4
135748 3
139629 11
150578 7
144099 0
140609 9
160708 11
139538 1
140609 1
144549 5
148058 9
154199 11
139468 0
171888 9
137358 10
150429 8
146858 5
142829 10
135838 2
141359 7
148118 3
121858 6
133939 9
135769 10
132788 6
128009 0
121999 7
10143879 1
126649 9
369266 4
176748 11
160059 8
178778 10
146478 10
155938 10
158728 5
134879 11
152159 3
159649 10
158458 3
156899 0
356386 3
144649 10
151678 3
149229 6
136098 11
142279 3
143529 10
146849 4
139019 10
135488 2
156509 5
139488 3
160979 8
148328 7
140149 8
142848 11
153358 8
161698 9
132269 11
144909 5
156298 0
145529 1
166219 10
158279 11
141938 7
145508 7
142988 3
143549 4
161958 4
154328 0
166049 10
136729 11
151358 6
140919 3
152429 8
143588 10
159618 11
134099 5
126388 5
131089 10
113809 6
134289 0
127308 5
121649 6
122839 6
152948 7
110399 2
107369 11
116689 0
121629 0
122739 4
125189 8
126308 4
10126829 4
102139 8
105419 3
107259 3
112729 10
103379 0
106279 10
105629 0
107799 5
141669 10
122839 5
143279 8
142488 4
140028 9
138449 1
147718 8
167808 6
134078 5
141539 2
145888 1
132819 5
141309 0
132918 6
171078 3
129869 11
144819 10
136558 3
138198 6
152088 2
138548 10
135389 7
130268 11
130578 3
136819 7
136308 9
123848 7
133549 9
148458 1
128958 7
128219 0
133599 9
132838 2
132059 4
127779 3
121628 7
150108 1
129339 2
132118 1
118778 6
139079 6
121889 8
132738 11
120979 11
135489 2
115328 7
129468 6
129959 2
130659 5
134438 6
124079 4
128189 8
138488 8
119448 11
133649 2
124399 6
130548 3
151649 7
127098 0
155869 3
124209 6
120919 4
132578 8
128039 1
135869 6
119668 8
135509 8
10142869 7
104679 8
102419 1
119239 2
117809 2
115419 10
108179 11
122629 1
129349 5
106479 1
106749 6
93779 4
91559 3
98029 10
99909 9
98819 3
109029 4
97619 5
118669 10
102489 0
96599 3
108899 11
98449 1
115249 2
96369 2
104119 11
93069 9
94739 7
101509 4
92979 5
94069 8
98259 1
101519 5
96479 4
96149 1
102029 11
97769 7
101099 9
112829 3
95459 6
93149 0
98019 6
95469 9
106499 2
97659 10
101349 3
102769 11
103899 9
107159 3
90569 5
93269 1
95039 8
97459 7
112069 9
101589 2
98419 8
96199 0
105019 0
107609 4
107509 10
101549 7
97259 8
99759 3
97579 11
98789 1
97559 4
96609 6
98029 5
107429 5
105559 1
95789 1
101809 9
104579 0
111569 6
103799 11
99379 7
97829 2
123379 7
99759 3
101639 5
100789 10
103309 3
105299 7
106739 10
100799 9
110288 4
103199 8
112019 5
100919 0
93089 0
96269 6
100728 10
95410 10
103428 9
100390 1
95630 0
89879 6
9467885 6
99149 11
111389 3
105949 8
108079 7
99069 6
106039 3
110619 9
98719 0
118299 11
113719 11
112199 8
105048 2
110179 0
109048 8
113008 8
112569 0
118029 11
124689 11
116779 6
106219 4
104919 6
106859 5
111068 6
119299 7
98219 11
109869 4
119409 1
108459 7
110669 10
108638 11
124479 11
114859 5
119459 8
93509 6
106899 9
115039 6
103939 8
114329 11
100329 11
103099 10
114529 1
129298 0
105579 6
107859 6
119659 9
109109 3
111239 0
114879 8
124268 2
116679 6
123299 11
111169 11
105549 2
108129 1
107409 11
108658 11
116508 7
115768 4
107049 2
121859 8
105849 11
103469 0
112709 2
111629 1
118558 11
117778 10
166729 8
132698 10
102039 2
108139 8
113899 11
109219 1
120599 7
117459 1
108459 2
113539 9
12122160 3
105759 6
100579 11
102239 1
100129 4
100809 5
109919 8
96939 3
109099 9
102119 0
112799 6
108279 10
98650 10
101199 7
98959 8
103348 11
93708 0
101739 4
113479 3
107829 9
96059 1
111589 6
107149 4
103259 11
91899 10
96629 9
96509 9
97089 7
96669 10
118309 1
