90889 0
62169 2
82480 3
69809 3
64220 0
69439 1
91140 1
90559 0
85459 1
79350 0
74999 0
85100 0
72980 3
72420 1
83170 1
121319 1
75009 1
88140 1
77389 1
80660 2
71020 3
75249 2
85070 3
67959 3
78350 0
71199 3
68150 2
90320 1
69509 0
87300 0
68349 0
68909 3
63620 2
83780 1
70020 1
105729 2
85890 3
76209 0
88499 3
72780 1
78539 1
100449 2
87070 0
89539 1
66920 1
110910 2
70259 0
70460 3
60859 2
49480 0
64860 3
62909 2
102640 2
80890 1
65800 2
82120 1
75419 3
70340 2
71139 0
100119 2
93690 3
88579 0
69150 2
85250 2
72259 1
97999 3
82659 3
73529 1
72640 2
82279 3
68060 0
73180 1
74710 1
135999 1
89070 2
71589 1
81250 1
81960 3
68500 1
84109 2
74959 0
75600 2
85289 3
74740 0
78859 1
73669 3
88250 3
92279 0
82269 2
89020 2
76389 0
71859 1
81900 1
115189 3
71249 2
78670 3
67739 2
71120 3
71049 3
48690 1
66060 0
61629 3
78790 3
86469 2
73360 1
85749 3
76479 1
72430 0
72309 2
76490 3
91089 2
100449 0
74260 3
85539 1
74940 3
70709 3
91149 2
81119 2
84079 1
79169 3
69880 2
73849 3
71310 3
94339 1
86539 3
90880 3
82109 3
73530 0
73659 1
82379 1
114130 1
83450 0
70779 3
66990 2
72539 3
72160 1
83379 3
81570 2
82820 0
96369 2
78010 3
69140 3
74739 1
85510 3
75619 3
89719 2
70840 1
70399 2
63030 3
45270 0
79440 2
82909 0
65120 2
64889 3
87660 3
79420 3
80679 3
70430 1
85069 1
95479 2
76020 2
90809 1
78440 1
102510 2
99939 0
86349 1
74669 3
87469 3
88000 1
72840 3
75429 0
64720 2
68239 0
82230 1
93119 1
101829 2
78160 1
78609 2
92000 0
86489 0
80709 3
87289 3
109110 1
64499 1
90900 0
68220 0
86359 1
85760 2
71629 2
71960 2
73910 3
81809 0
96150 3
92539 2
92109 3
85859 1
69569 3
68990 2
53620 1
43790 0
62179 0
56300 2
53230 3
79410 0
95679 1
102109 1
82790 0
68139 0
68200 0
69679 1
80639 0
83000 0
69509 1
70130 0
64709 2
71940 0
84949 1
75060 0
95689 1
90089 3
88919 3
75140 3
62199 1
65730 2
71129 3
85580 2
73259 1
70780 1
69249 2
73929 2
81910 3
80169 3
77070 1
85459 2
89689 3
90440 3
73059 3
70539 0
68559 3
92289 3
73020 2
72669 1
73150 1
80079 3
78209 0
73139 0
65999 2
87450 2
68579 3
63600 3
35460 3
81849 3
235498 2
61970 2
64889 2
68840 0
83129 1
70190 3
73799 1
86609 2
65830 2
87799 2
104440 1
76900 0
70799 1
76210 0
83929 3
71290 0
70400 2
76459 0
83310 2
81829 1
79570 3
81499 1
71579 0
90410 3
90479 0
92799 2
62750 3
78689 2
89449 1
70019 1
84369 1
75990 1
70239 1
70400 1
85829 1
69350 3
84010 1
76329 2
103110 3
87020 3
67459 0
85140 3
78559 0
69870 2
84139 2
72269 0
62949 2
57599 3
62379 0
84699 3
64489 3
75200 0
73179 0
71119 1
84420 1
73559 2
83219 2
88030 2
70559 3
67570 3
92459 0
94889 0
82110 3
71739 2
74510 1
81090 3
72129 1
72859 0
83579 0
75580 2
87999 0
69459 2
72559 0
67859 2
83580 1
98839 2
84689 3
71680 2
80149 0
66990 0
70040 3
87349 2
70950 2
92719 2
72100 1
72529 3
76700 3
73670 2
87969 0
93229 2
93720 2
88659 3
79340 2
68759 3
76579 3
71409 2
51340 2
49180 0
77050 1
71829 2
75060 2
82480 3
91699 2
91110 0
85949 3
90889 3
71130 2
74699 1
71140 2
70930 0
67169 2
75830 0
75079 3
74970 1
90069 3
72870 1
69919 1
94629 0
102079 1
87040 0
81809 3
74629 1
66450 2
70630 0
66620 2
71730 3
67950 0
75619 1
86430 0
71509 0
71970 1
85159 2
72799 3
89210 3
93409 0
87499 2
73570 0
66329 1
66930 3
67209 0
69870 3
74089 1
85540 1
58630 3
72839 1
48849 1
45580 0
49909 2
52679 3
45580 3
47180 0
47319 0
54390 3
50639 3
45950 2
49780 1
60490 1
50440 2
55079 3
51520 0
46559 0
47730 3
61700 1
45889 2
50450 2
63030 1
59509 3
59120 0
55199 2
48050 1
46740 2
47310 1
45590 3
54879 1
53420 0
46570 2
50559 1
56220 2
48229 3
53170 3
53580 3
51339 3
45960 3
46139 0
46560 0
50610 0
46999 3
48660 2
61570 1
60439 1
79090 1
46389 1
44660 3
48300 3
53830 0
48690 0
44029 0
53990 0
44750 0
42980 0
50830 1
40140 0
32180 2
30500 0
33360 2
31729 2
33310 1
31000 0
31559 2
49779 2
50430 2
51529 0
51120 2
52010 1
42059 0
37580 0
35980 2
45389 0
41640 2
36580 2
59729 1
36380 0
36640 2
37799 3
39289 2
38480 2
40669 1
38329 0
40250 1
39130 0
39750 3
38400 0
39680 3
52309 1
43010 0
40360 1
45309 3
54720 1
51579 2
50150 3
45080 3
46770 3
42339 1
36520 1
55330 2
37599 0
35940 0
37659 1
