169819 6
111999 10
106499 8
120259 15
101969 1
112389 11
105669 21
109219 19
119269 17
112379 15
116229 3
114789 18
116869 12
115299 15
122798 10
111339 7
111519 21
112588 18
107899 3
113059 3
117999 0
121239 23
117348 9
115939 19
114049 9
109819 12
114609 9
111469 23
111019 13
116319 7
113879 8
125929 4
121509 19
305597 8
103639 18
104429 10
121699 23
105899 7
107119 19
102349 17
106879 15
108019 15
109569 1
112429 10
104310 9
115438 16
103370 0
112739 19
107448 15
109899 6
105330 11
105430 15
104230 16
105590 10
111679 22
114559 1
109919 7
109610 10
105809 10
107099 23
100799 13
102939 17
106289 10
112299 10
123369 6
102189 2
117959 0
106169 10
106079 3
107439 22
104929 16
106049 10
104109 20
128499 0
105759 0
109739 5
111679 20
108559 19
112689 4
105409 16
107679 12
106229 7
165599 19
100639 7
104909 4
98539 22
100399 3
99029 9
103019 3
102799 10
97239 8
108059 6
101439 0
106669 9
113939 11
106539 22
103559 22
103579 20
107250 23
104450 13
106629 8
114509 21
100119 1
104189 18
155099 19
104159 7
105959 10
96349 17
95079 8
101249 17
109929 3
96599 10
95779 16
101969 23
97609 19
98520 11
99739 6
93880 5
92339 8
99239 5
108759 19
97429 18
95169 0
104169 15
98499 5
96210 13
96979 5
103339 3
97719 9
97459 13
111449 3
95409 22
96149 11
94289 14
95399 9
97388 3
93329 5
99689 23
97309 5
100689 18
117449 7
94379 9
95089 1
101949 6
97239 15
92419 3
98979 23
98759 17
98389 6
96269 16
114439 10
95299 22
95289 3
95179 10
98350 20
103149 18
101099 18
98339 12
99619 11
99799 10
104779 13
97359 14
92989 19
97599 22
95748 0
99019 12
95299 2
102259 1
102929 6
93349 18
106699 3
121599 5
100159 12
101229 3
97559 2
106648 13
101990 9
100290 0
103719 21
100849 22
187218 12
102109 23
102169 8
107469 2
108589 20
105139 18
106968 18
109759 9
101248 15
117059 17
105719 7
115110 1
106710 7
293967 7
102589 20
114129 12
113919 14
109939 16
111589 3
102909 6
105049 19
115949 1
109699 15
110019 5
102549 20
121839 8
102899 21
107929 16
109539 5
108009 4
101769 12
110169 20
100049 7
106399 13
106389 16
116409 4
104489 22
107789 21
106799 22
114059 2
100809 23
111449 4
99899 23
105239 15
118239 22
110470 11
106328 6
105579 9
104710 4
111188 16
103950 5
117768 21
112848 20
116979 21
97879 18
108988 0
98519 18
95339 7
99639 2
99589 4
100479 11
105089 7
96299 4
110509 15
97609 0
95548 18
103300 20
105909 22
96049 14
98319 13
98129 15
101079 12
103349 19
107609 7
100359 13
107539 11
100648 16
96519 14
94299 8
102079 3
97939 5
99549 3
94439 21
127159 4
98339 12
103939 4
101289 14
97289 10
101139 21
100650 0
101829 8
103299 22
163238 21
109709 15
108309 20
108369 7
105150 10
112609 5
108649 2
106150 14
99779 16
118868 14
99548 8
126048 21
114519 3
100529 20
98579 18
101899 3
98259 19
99699 12
101799 13
111429 4
99949 11
100629 3
100829 21
98019 18
100110 5
93968 7
104969 4
95629 6
99339 14
115119 4
100399 20
100389 0
95929 18
101689 3
102229 6
106019 6
97780 23
103479 6
104770 15
102780 14
105889 15
96159 10
92889 9
97649 6
94999 7
100749 18
95690 12
100308 3
100709 10
95319 12
96899 2
99829 3
101959 22
103719 9
103959 0
98539 22
101569 18
104239 4
104390 8
105520 23
99409 23
100429 0
102329 17
115509 18
107729 0
98859 19
100469 2
98349 19
119289 10
109089 2
107899 5
102729 9
99309 15
99059 6
100208 1
101330 18
95409 17
98679 8
107749 8
99139 9
96949 8
99219 12
98649 7
97880 5
97928 5
95999 9
98129 5
102069 21
115609 4
98389 8
94589 23
99799 2
95999 1
99339 12
98210 11
101039 14
97780 22
98429 15
162568 7
109389 3
99559 4
98988 0
96189 13
101109 21
98409 10
95779 19
104369 14
114459 1
99699 21
99209 9
101949 13
100260 8
99739 22
98088 12
106430 19
104159 12
98059 12
108439 17
100169 1
104809 13
100559 11
98939 8
99949 19
97579 1
100779 2
98950 1
102750 6
113319 21
99989 11
97779 14
98779 2
104889 3
97189 7
95279 8
100800 18
106550 13
97450 8
109539 3
98529 9
106339 4
98669 13
100869 3
102969 8
107639 5
97949 21
103189 20
110759 10
99109 21
104039 12
99519 22
103608 21
106448 10
101189 0
107309 23
104609 16
106699 6
103439 22
98659 2
96859 4
102279 1
97569 7
100549 14
99900 20
99230 14
99060 4
102209 12
112989 1
101109 20
95229 15
96489 3
93819 18
100769 9
93449 17
106350 0
99220 12
100699 17
111079 22
98689 21
99529 22
101999 1
100619 6
100709 8
102469 18
102349 18
97650 15
100979 11
110159 0
98760 14
101059 6
103889 9
97849 21
106089 4
94919 21
94799 3
101919 2
100769 22
159799 19
98659 7
94889 15
103499 12
102419 22
105409 0
98909 14
100030 22
101619 2
105469 20
99589 6
102749 19
96729 8
101149 22
100259 13
99539 5
105869 12
100239 7
98869 10
112619 16
99808 22
102930 17
101859 18
100729 7
101139 20
97629 15
108219 6
105719 9
98349 22
116149 21
93919 0
99349 18
99450 10
98899 22
100069 13
110009 10
97429 7
96599 22
112049 5
98779 4
97959 3
105649 3
101909 4
107959 12
97560 10
103708 9
100590 0
101099 14
109319 22
100499 12
97089 10
100449 13
99899 18
103619 23
97229 11
95720 23
99830 15
100499 16
104209 0
103349 1
100449 18
98919 22
98339 18
101219 13
99889 9
94259 13
103659 16
100399 18
114079 14
100309 22
100339 16
108399 10
105129 5
100879 12
107829 6
109619 17
108279 20
111609 18
109369 10
114489 20
119089 5
107179 3
116469 18
113269 18
104099 1
104989 0
121069 19
129448 12
116059 2
105730 16
107659 1
151778 19
101539 15
108379 18
101290 0
173959 11
108279 4
113539 5
110179 18
110159 9
103459 16
100289 1
116949 14
108009 21
123699 3
97399 1
98779 10
95549 9
100370 7
101979 23
98180 20
100729 17
98009 11
114379 15
98289 17
101229 14
101059 18
97569 21
106369 9
104199 8
102199 18
98360 6
93748 3
117588 2
100490 5
100669 18
94629 22
100509 11
96229 13
96229 11
101569 5
100139 1
96990 9
116468 6
100110 18
97710 20
104059 5
98849 21
96919 3
102489 20
97219 18
100679 5
101509 16
112929 7
100879 23
95710 19
101430 13
102769 17
99399 22
106739 22
100549 13
101379 6
104879 2
105179 12
100519 0
100109 21
104189 9
103849 17
101869 6
96528 5
97040 23
100559 21
99909 5
111039 6
106399 17
97839 7
98819 13
98829 13
103069 2
95289 13
99428 13
97190 8
101009 0
109569 10
99569 3
95129 2
100549 19
98159 20
100429 21
97159 19
107648 2
99159 1
117129 15
97699 18
98559 11
98269 6
102149 11
105699 2
100789 4
99479 2
99889 4
106600 7
140568 22
99819 2
95719 9
102469 16
93059 8
95180 22
97369 3
87629 14
95609 20
94539 21
102229 5
95050 20
92440 5
95719 21
96419 8
96029 1
92099 7
94609 18
97090 3
92349 13
90929 21
108049 17
96189 8
93779 4
96419 13
97659 0
90388 20
92079 1
96469 8
89939 8
92159 3
103169 13
92200 6
92960 22
103599 5
94319 11
93609 19
92859 14
95169 23
90929 10
99459 20
98739 21
107029 13
89489 4
92459 18
96709 11
96059 3
96489 22
98359 7
97969 11
101549 17
94049 19
103079 21
91669 8
96109 14
106139 9
103599 6
97840 5
95649 9
92379 17
100079 14
92099 7
99699 3
117099 4
129969 19
112359 6
93989 13
94499 6
89730 7
95879 4
93860 15
96189 20
100569 13
91859 0
94439 5
95940 0
96939 12
95990 7
97979 22
94859 21
96369 16
96269 5
104939 17
94070 23
90239 0
92370 21
99069 18
100659 20
89899 1
97339 14
91520 16
97339 19
94480 15
111009 20
89689 10
100639 20
91629 23
91889 18
92030 16
97830 15
93870 10
94809 0
97359 12
145389 11
102709 9
96539 6
98739 12
98279 19
103619 13
99409 10
99609 7
108399 1
98449 2
107290 5
98288 21
100279 15
101819 21
95099 4
105419 3
97429 11
101669 5
100159 19
107879 10
97599 20
95849 15
100110 0
99999 13
102579 9
97559 9
102719 13
104469 20
101529 9
107469 18
94969 23
100489 22
96080 18
100610 12
99459 21
99469 12
105239 19
102879 22
109179 10
121259 23
101479 0
106739 1
118119 16
114159 21
99249 21
102789 12
105739 22
112759 12
112069 19
96149 8
104659 2
98710 6
98819 19
95279 6
103169 13
99529 21
98779 3
102299 1
108119 3
101319 22
99599 6
98299 11
99889 7
94188 0
100169 21
96169 16
103049 21
103979 22
111539 11
98589 15
99629 5
99179 4
99379 12
99360 15
98919 1
105150 4
98980 17
95319 18
104079 16
99019 6
99859 11
98609 16
98989 2
102059 9
99239 3
108290 3
100819 5
103919 12
119018 13
97220 3
100489 10
95789 8
98379 0
101769 14
105099 19
93489 22
98470 1
99788 2
153258 18
103549 13
102579 8
104139 1
95590 14
100459 15
96799 22
96809 0
99339 12
107429 8
96889 0
102439 6
93399 19
100019 17
99540 7
99239 17
95799 12
102309 8
104989 7
113209 14
103139 19
110759 23
108439 8
107969 21
105009 11
111529 9
106259 14
108459 6
104439 10
139049 4
127879 17
105509 8
100599 22
113979 7
105809 3
104689 18
137779 13
138519 6
111259 3
114779 0
105950 8
103959 18
110939 5
116308 21
121269 11
116709 8
131899 20
103019 21
105749 2
108839 11
98959 22
104559 7
98170 1
144969 0
118419 16
117859 16
100089 10
104549 11
102859 19
108199 5
102389 15
108689 7
104240 18
104259 5
119999 23
106879 7
105130 8
105148 7
101559 4
104299 20
100269 23
110119 23
102219 21
114169 21
108579 21
106899 7
107969 22
105679 22
103199 2
107009 2
107039 1
103679 18
113079 10
122619 1
104269 11
111399 5
102439 12
114079 19
110979 9
105199 11
102229 10
104519 23
119959 11
99939 5
97289 18
119819 3
100799 16
95430 0
95940 20
90789 10
97499 5
101449 8
122229 1
92499 23
91689 19
97370 23
94219 12
93010 13
94149 8
93669 10
95369 0
95869 14
101339 2
93849 8
90289 3
91299 20
88409 7
94209 15
91649 5
90610 19
88349 3
87969 18
89279 8
95029 6
85900 16
87949 12
90949 10
87379 11
82509 21
78330 10
78119 3
76919 9
78090 13
76229 6
78099 18
87130 21
80999 18
93639 2
89979 18
