7880 19
2440 25
2051 14
3191 21
2070 0
1330 13
1690 30
1090 29
1840 9
1010 14
4780 1
1010 22
2170 22
1360 12
1880 11
1140 4
1790 12
1050 30
2860 18
1150 25
1700 17
1150 25
2030 12
1130 9
2060 21
1010 15
1730 31
990 1
1610 6
1190 2
1610 6
1120 1
1570 8
960 13
8390 20
1130 2
2060 29
1750 17
970 13
2020 17
1140 4
1669 27
1160 22
2169 21
1040 0
1731 20
1149 25
1669 13
1309 5
1700 0
1049 30
1629 16
1030 21
1560 27
1070 15
1650 30
1020 29
1550 18
1060 28
1520 17
1060 15
1560 28
1120 25
1630 1
1220 2
1670 20
1160 27
2120 20
3150 6
880 8
2390 17
960 2
1940 7
900 15
1780 29
940 27
1880 20
860 23
2030 19
1090 3
1690 11
890 5
1780 19
920 15
1740 28
940 18
1750 3
1060 23
1990 20
830 16
1770 10
870 29
1830 6
960 12
1690 7
911 20
1731 20
931 18
4031 10
949 31
1869 19
1689 12
1049 14
1820 16
1080 28
1669 14
1109 30
1650 31
1080 20
1610 15
1250 7
1630 6
1110 9
1910 30
1060 27
1860 7
1450 15
1660 14
1110 9
1770 5
990 12
1670 20
1580 13
940 24
2440 25
890 8
1660 3
1070 11
4020 28
1730 13
900 4
1540 23
950 17
1640 21
840 3
1810 8
1640 29
840 20
1650 19
940 0
1680 4
850 2
1730 7
1590 30
820 20
1660 22
890 3
1580 6
880 15
2269 14
1580 17
920 3
1589 24
840 17
1660 4
860 8
2040 6
2971 12
889 28
1689 28
800 4
1510 0
810 11
1600 24
1520 26
910 11
1580 22
1050 12
1670 7
850 19
1760 9
1510 8
910 13
2070 12
920 19
1750 12
950 15
1580 6
1510 24
980 0
1620 16
830 13
3680 12
960 21
1730 7
1620 30
930 7
1520 24
970 1
1660 1
870 29
1710 11
1550 15
860 6
1630 3
890 29
1660 26
830 15
2280 3
1710 5
960 19
1600 25
1020 15
1600 24
930 31
1590 26
1640 0
909 12
1671 18
911 0
1749 12
889 6
1769 4
1749 22
960 6
3020 22
991 17
2380 8
850 16
1520 28
1590 4
940 22
2230 22
1080 6
1570 26
940 20
1760 6
1540 24
910 25
1560 4
840 25
2270 21
860 30
1620 1
900 26
1760 5
4020 17
900 0
1710 0
970 14
2050 10
850 21
1660 29
1620 29
910 12
1660 6
940 5
2300 12
920 4
1620 2
1710 3
840 30
2070 8
870 16
1680 10
940 4
1690 12
1560 29
960 21
1640 1
950 6
1840 21
909 7
1729 23
1609 4
940 11
1960 25
951 24
2140 16
929 9
1671 8
2249 5
889 24
2740 9
880 29
1610 21
860 25
1700 17
1600 14
1050 14
1780 29
830 7
1580 9
790 0
1500 25
1670 24
940 21
1870 25
890 13
3750 13
920 1
1670 22
1720 25
930 20
2590 16
950 2
1540 24
900 14
1670 5
1530 22
910 23
1760 16
890 22
1820 0
920 22
1690 11
1720 26
900 11
1700 8
940 23
1700 30
880 1
1680 17
1640 0
1040 5
1690 26
931 14
1631 10
931 1
2111 8
1709 24
940 28
1911 13
900 14
1549 1
849 21
1651 2
1670 24
870 6
1830 4
910 14
2700 30
860 8
1690 17
1700 14
980 3
1600 7
870 16
1710 21
1030 8
1710 0
1620 25
920 17
3880 7
960 0
1720 12
930 4
1720 13
1660 28
940 0
2030 23
950 29
1680 28
940 19
1520 4
1720 20
950 22
1680 17
1010 2
1760 26
920 5
1610 27
920 31
1620 7
1630 20
830 12
1600 24
920 9
2080 1
960 23
1720 9
1589 7
960 9
1769 23
969 13
1689 23
889 2
1751 2
2051 16
869 21
1540 4
1031 2
1860 26
929 5
1730 4
2200 8
1140 13
2040 22
1140 7
3620 0
950 21
1720 27
2430 14
1080 3
1980 5
1110 28
1950 21
1050 4
3560 4
2050 11
890 30
1670 0
880 31
1640 25
960 1
1600 4
1960 15
940 17
1780 27
990 6
1690 25
970 16
1610 14
1730 30
910 17
1510 4
870 11
2130 19
970 24
1670 3
1700 11
940 25
1770 22
909 14
1740 13
860 18
1780 18
1471 4
960 2
1851 8
920 3
1611 17
871 24
1700 24
2040 16
900 14
1579 16
1110 23
1490 15
1010 24
1700 16
2210 18
980 22
1690 14
1020 5
1640 25
900 20
2660 12
1810 11
960 6
1600 25
1030 3
3150 13
1040 25
1910 23
1760 23
990 26
1600 27
930 31
1770 17
960 26
1580 20
2040 11
1120 26
1630 25
910 14
2260 24
1030 9
1560 18
1600 20
1030 27
1810 24
930 24
1730 5
1000 30
1520 25
1690 30
970 11
1620 15
1040 24
1780 8
951 1
1560 13
1509 29
940 1
1520 9
909 0
1620 23
1040 7
1811 22
960 26
2599 7
1690 17
930 5
1710 11
910 26
1790 21
1040 18
1700 8
1600 1
870 27
1570 20
950 29
1600 4
960 30
2750 1
3320 27
980 2
1700 16
930 27
1770 3
1000 30
1630 5
1730 14
990 26
2120 13
930 14
1640 29
1080 14
2090 31
1760 20
1040 22
1590 31
920 0
1610 12
950 30
1790 5
1580 6
890 12
1690 30
960 12
1900 27
900 19
1549 23
1609 20
929 21
1671 26
1029 26
2240 8
880 5
1849 0
1740 1
1089 27
1600 26
960 18
2139 25
980 22
1720 22
1690 2
980 19
1680 22
1310 21
2190 26
920 11
1600 22
1730 30
860 8
1840 30
1050 31
3380 28
970 8
1860 7
3160 9
920 21
1700 27
970 31
1860 26
860 3
1760 25
1710 15
7200 26
1730 13
1000 3
2180 17
1050 0
1810 12
1590 10
890 24
1640 2
880 25
1730 2
1000 21
1780 3
1679 19
900 29
1771 7
920 15
2360 21
940 10
1811 10
1680 0
840 21
1609 13
840 25
1571 31
991 17
1680 19
1540 13
970 15
1690 18
860 9
2220 19
940 4
1680 30
1690 6
980 20
1790 9
930 22
1650 7
920 29
1600 7
2100 22
910 28
2950 10
960 30
1720 15
990 0
1720 2
920 8
1640 12
2890 30
1170 23
1730 4
970 18
1580 6
920 26
1650 21
1730 29
920 9
2260 13
1030 23
1800 19
890 22
1640 21
1710 31
980 20
2420 14
870 10
1640 19
990 0
1631 11
1560 6
989 19
1580 28
920 22
1720 30
1151 20
1589 2
1740 16
880 30
1669 1
849 2
1709 2
940 27
1790 0
1620 16
940 21
2040 29
850 28
1550 12
1030 3
2300 15
1750 17
900 1
1840 27
970 29
1670 13
840 28
3750 10
1670 12
1010 2
1770 3
930 15
1830 6
870 13
1630 31
1720 11
890 16
3420 11
1060 6
1710 13
810 20
1650 31
1690 15
920 17
2460 10
1000 17
1850 12
910 27
1710 12
1590 24
1010 12
1740 7
1000 14
1779 18
969 0
1669 9
1880 19
860 5
1620 2
980 6
1829 1
1369 7
1689 24
1760 29
971 31
1620 27
1000 22
1590 7
1060 29
2240 25
1840 2
900 16
2120 8
910 14
1630 31
1350 23
1630 30
1970 18
980 22
1750 13
1010 4
3330 11
860 31
1580 16
1670 6
890 19
1690 15
1000 27
1640 1
920 2
1940 28
1660 19
960 2
2360 4
960 23
3230 5
980 12
1630 28
1620 19
950 12
2100 26
1070 17
1750 20
1010 13
1590 18
950 13
1610 11
1710 18
1020 7
1891 20
1040 24
1620 0
889 3
1720 7
1671 22
951 13
2811 11
960 29
2149 4
1090 2
1750 25
1710 25
1030 27
1760 23
960 17
1800 6
1050 10
1630 7
1930 11
920 11
1660 18
1060 2
1650 25
910 22
1690 17
3460 23
1010 8
1600 12
1120 18
1690 26
1050 31
1760 14
2340 10
970 23
1940 21
980 7
1780 7
1000 12
1590 6
1840 6
990 28
1660 31
1080 4
2720 13
990 19
2190 16
1640 30
950 29
1660 21
950 27
1570 17
1099 28
1800 30
1480 12
1000 2
2200 15
869 5
1831 26
991 28
1831 31
1680 12
1080 31
1680 6
949 1
1700 23
920 22
1720 8
1660 24
990 24
1680 1
920 0
1840 21
900 26
2090 30
1750 2
980 21
1580 12
1070 5
2920 22
1130 29
2440 28
1680 20
940 27
1840 13
970 9
1600 4
990 22
1910 20
1720 0
890 25
1770 3
930 26
1730 1
960 6
1620 29
1650 29
890 6
1670 1
930 5
1690 20
970 22
3220 22
1690 13
960 2
2230 13
1080 14
1650 24
931 18
1720 16
1640 26
1091 26
1860 11
920 26
1720 5
960 9
1669 11
1669 22
1020 1
1720 7
1000 11
1820 14
990 31
1550 18
900 7
1630 25
1790 3
900 25
1810 10
950 2
2490 29
980 5
1780 21
3070 10
930 21
1710 12
960 20
1740 11
970 0
1570 2
1640 7
810 28
1750 0
910 2
1800 22
1010 3
1580 8
2070 18
950 23
1730 24
1020 26
1940 10
1320 2
1850 18
2140 6
890 14
1820 14
960 26
2130 25
1040 18
3330 12
1689 30
969 0
1749 31
920 15
1769 11
1080 17
1769 7
1600 20
980 16
1620 22
960 16
1791 1
940 18
1639 15
1750 0
1020 15
1730 24
1030 25
2210 29
1060 31
1670 0
1720 15
870 4
1710 0
940 27
1910 15
850 17
3270 23
1510 14
910 8
1700 31
1010 24
2160 14
860 5
1580 29
1670 27
900 18
1610 18
950 27
1980 8
980 28
1780 30
2230 11
920 2
1640 16
980 23
1680 9
950 28
1550 21
1680 14
910 6
1740 2
840 19
1960 27
930 16
2300 3
2709 27
880 24
1700 26
909 26
1669 4
820 12
1789 17
1829 10
1069 30
1809 1
1049 21
2320 21
900 21
1730 14
1730 14
1000 21
1730 20
980 2
1600 12
1090 14
1930 12
1790 14
880 7
1750 1
930 29
3850 7
980 8
2100 25
1610 6
1000 2
1610 7
940 7
1730 23
930 19
1770 22
970 30
2110 5
1610 3
990 14
1740 25
1000 13
1750 16
1110 5
1670 5
1630 15
980 14
1700 20
1040 28
1780 22
1060 17
1860 27
1670 16
1010 17
2160 3
1110 7
1751 2
920 28
1551 16
2980 27
929 1
2229 22
1160 27
1711 9
960 21
1600 14
1749 3
1090 6
1710 19
970 3
1730 11
1210 31
1710 14
1670 20
990 28
2170 25
960 30
1760 30
910 20
3660 12
2230 24
950 30
1710 0
980 4
2320 31
970 0
1650 12
1710 21
960 12
1730 2
940 1
1710 27
950 5
1740 16
1740 31
1210 31
1860 3
980 18
1800 16
1080 12
1740 13
1690 16
950 13
1800 11
1100 12
1580 2
1110 7
1710 21
2520 22
971 1
1580 13
1209 31
1720 7
1100 2
1829 6
1640 19
1180 20
2720 23
929 3
1711 2
1090 10
1700 17
1660 0
890 5
1510 7
940 12
1670 27
1000 21
1760 8
1750 20
980 14
1720 16
1020 1
4150 7
940 6
1740 4
2240 2
990 25
2150 15
1160 17
1810 18
980 19
2060 16
1880 2
1010 10
1610 8
1000 10
1890 31
940 9
1690 16
1820 22
1080 23
1740 27
910 24
1620 19
850 9
1700 14
2220 9
990 31
1680 24
1000 28
1800 23
910 16
1731 16
1011 22
1820 6
1889 1
1120 11
1840 18
989 19
1800 28
951 17
1791 2
1751 26
1049 15
2989 27
1010 28
1920 5
1000 6
1870 11
1600 23
970 29
2180 26
1070 12
1780 29
1080 24
1720 12
3010 23
1010 14
1940 22
940 0
1920 17
1120 20
2010 25
1740 20
1200 28
1790 7
940 2
1830 2
1060 17
1730 10
1780 14
930 3
1640 19
940 10
1670 14
980 7
2410 26
1800 4
960 14
1720 1
990 6
1689 1
1120 7
1691 8
1780 3
880 23
1669 12
940 16
1900 11
1031 13
2049 23
1809 29
1100 23
1680 19
960 0
1660 31
930 0
1860 13
1630 16
1060 25
2110 25
980 21
3150 29
1040 12
1870 22
1970 21
950 23
1830 25
1160 7
1740 11
1000 4
3340 19
1640 6
1230 20
1720 25
990 20
1770 0
940 25
1940 9
1670 7
1140 1
1670 19
1050 30
1750 26
1110 15
2240 12
1870 11
1000 12
1800 30
940 27
1730 3
1130 13
1800 6
1680 18
949 11
1709 19
1000 16
1720 11
929 8
1780 11
1691 25
971 11
1731 31
1091 18
1731 0
1111 26
1900 6
1620 26
1090 9
2100 29
1010 27
1650 21
1120 13
1830 21
1670 8
1000 28
1810 3
1140 10
1800 5
1130 18
3290 7
1000 24
1600 23
1740 0
1080 23
3640 26
1040 12
1870 28
1060 23
1960 18
1730 18
1040 13
1610 9
930 8
2420 3
1000 8
1720 22
1600 26
890 5
1730 27
980 21
1800 20
940 9
1650 2
1630 2
880 2
1580 0
1060 5
1671 5
1080 24
1560 8
1889 13
1180 23
1851 16
831 27
1811 25
980 25
1889 16
2169 13
999 26
1700 26
850 3
1810 29
990 1
1730 24
1760 12
980 4
1830 30
1110 21
1790 1
1050 18
1690 23
1820 20
980 22
1620 22
990 15
1820 0
1050 22
4120 31
1680 24
1020 19
2160 17
950 16
1990 15
1110 10
1660 23
1610 27
930 30
2270 25
1030 10
1770 0
1010 4
1740 1
1610 15
960 4
1760 31
1000 20
1720 10
1020 21
1710 19
1650 1
1020 13
2129 24
949 24
1729 23
949 30
2151 11
1689 28
960 17
1871 19
1071 3
1869 8
1200 11
1700 8
1680 27
990 25
1970 14
1060 24
1810 30
1000 7
1730 29
1660 25
1070 24
1790 27
1030 11
1750 5
1010 31
1700 12
1830 23
1100 5
2250 2
1070 6
3020 19
1020 14
2090 31
2790 19
1120 12
1630 13
970 0
1670 26
950 26
1640 14
1690 16
1090 19
1890 11
1060 13
1790 30
1030 4
1610 6
1020 11
1590 12
1590 6
990 31
1640 13
1029 11
2320 7
1149 4
1720 13
1689 0
1060 22
1651 29
1131 14
1860 4
1040 16
1911 6
1791 4
910 16
1720 19
970 26
1780 4
1010 14
1900 13
2020 2
1030 5
1810 10
990 10
1770 4
1030 24
1790 19
2260 18
1080 2
1640 22
930 19
1600 28
1180 20
1910 12
3390 2
940 5
1790 25
880 3
1670 27
970 8
1660 22
3010 31
1040 17
1740 14
980 25
1790 30
940 15
1750 31
1970 12
1060 20
1600 8
940 7
2610 27
950 24
1920 0
1800 10
929 1
1769 30
971 20
1851 22
960 24
1709 14
1829 24
1049 28
1729 16
1009 16
1949 10
1140 23
1670 23
1860 2
1010 13
1780 29
1090 22
1730 30
950 22
1900 8
2760 22
1120 13
2040 24
990 7
1620 8
1070 28
1730 9
1770 24
1040 3
1780 4
1060 3
1720 24
1070 31
3200 20
1840 17
1000 9
1630 11
1230 25
1790 21
1020 31
1700 14
1700 25
900 10
2980 24
1020 14
2220 6
990 5
1760 24
2000 20
970 1
1940 7
860 12
1731 19
951 13
1629 12
1749 25
1089 12
1760 21
1000 24
1569 21
1080 9
1751 29
1760 20
969 15
1680 12
1040 23
1650 3
1020 4
1800 0
920 9
2190 9
1660 30
940 29
1720 4
1010 8
1800 3
920 21
2220 5
1680 27
1050 18
1650 2
990 5
1790 22
860 6
1670 31
1710 21
970 5
3910 11
1040 29
1660 22
1140 7
1890 18
1670 16
980 28
2140 25
1020 10
1980 26
930 31
1750 0
1760 10
1080 6
3130 27
1040 19
1860 11
1150 18
2391 1
1780 17
1111 19
1691 31
900 23
1760 4
1020 12
1769 15
1729 22
1009 26
1649 29
1030 1
2280 10
1080 15
1880 19
1600 18
990 10
1760 10
940 16
1570 24
950 12
1740 31
1730 15
1000 1
1620 1
980 12
2200 26
970 18
1700 16
1780 24
1060 26
1690 19
970 15
1890 1
950 9
3450 15
2130 17
1100 25
1730 30
1020 11
1710 25
1130 26
1820 28
1680 9
1080 30
1670 14
1130 26
1840 3
1010 29
2030 5
1870 9
940 25
1799 15
1000 25
3349 1
940 5
1971 30
1960 8
1029 2
1680 23
980 6
2300 4
1031 2
1739 22
1790 31
1210 9
1690 3
900 28
1820 22
970 8
1750 20
1820 7
1220 20
1690 27
950 8
1940 26
950 16
1700 25
1960 31
1060 13
1820 30
900 16
1910 14
900 25
1870 28
2120 22
1100 23
1770 15
970 7
3780 27
1040 29
1760 25
1010 20
1810 19
1870 12
1110 19
1590 12
1080 9
1770 24
930 31
1670 1
1870 16
980 23
1880 30
980 4
2391 14
1040 15
1740 15
1680 25
909 11
2840 27
1180 4
3700 26
1040 24
1619 14
1670 6
920 21
1810 6
1170 12
1720 17
940 16
1690 11
1840 25
980 13
2010 26
1110 23
1760 18
1110 10
1820 29
1740 20
940 18
1720 30
1080 2
1700 19
1020 2
2420 5
1750 4
980 7
2120 31
940 9
1700 4
910 28
1860 18
3770 12
980 5
1810 27
840 31
1970 28
960 23
1720 6
1960 23
990 15
1800 18
950 13
1780 12
1000 5
1880 15
1731 2
1340 29
2360 30
1100 3
1820 13
951 9
1660 22
1611 19
960 20
2440 16
980 1
1910 5
1100 10
2820 19
1750 22
930 28
1750 24
1150 21
1800 7
990 23
1720 13
1700 3
1030 7
1610 13
920 16
1720 22
960 17
2240 31
1830 7
1080 9
1670 26
1050 4
1800 26
970 5
8470 9
1890 13
1100 21
2260 15
980 14
1900 18
980 4
3410 4
1810 25
1180 10
1880 8
970 9
1810 27
1060 7
2000 24
1789 2
1020 13
2291 19
971 21
1800 14
1220 29
1771 10
1660 7
1069 11
1709 23
900 9
1800 23
1110 16
1760 22
850 15
1750 13
2370 15
1150 16
1640 23
1090 11
1700 29
1110 29
3440 3
2020 6
1120 2
1740 12
1110 7
2280 13
930 20
1890 27
1760 16
960 16
1840 29
980 8
1770 30
1050 28
1830 11
1870 6
1000 21
1810 29
1060 29
1750 15
1010 20
1700 9
2230 15
1350 9
3070 28
1150 9
1890 6
980 11
1759 4
2251 14
971 21
1829 2
980 8
1791 16
971 15
1731 21
1829 20
1029 25
1940 31
1030 5
2000 22
1120 8
1790 17
1700 11
970 0
1860 3
1100 29
1770 16
990 1
2220 30
1650 28
1090 22
2230 19
920 5
1980 26
940 9
1880 30
2790 16
1120 8
1750 25
1070 12
1700 24
990 1
1840 30
1570 0
1030 25
1840 19
1020 3
1640 23
810 3
1720 28
1810 4
920 1
1680 13
1080 29
1950 1
960 30
3960 21
1860 18
980 17
1610 17
1009 0
1860 21
920 8
1849 11
1831 6
911 18
1771 25
1040 26
1860 16
1091 22
2051 26
1830 2
1110 22
1700 20
990 12
1840 31
960 5
1840 15
1750 1
1030 12
2230 10
1110 13
1780 9
1080 24
2260 17
1640 10
1100 0
1900 30
1000 24
1610 13
1000 0
1660 8
1780 10
1020 13
2940 12
1030 5
1720 13
1010 29
1840 19
890 4
1890 22
2000 21
1060 24
1810 1
970 1
2210 24
970 4
1800 30
1780 24
1030 7
3330 17
1010 8
2220 13
1060 6
1700 30
1640 0
960 19
1851 6
980 14
1780 23
1031 15
1820 3
1620 7
1009 1
2019 24
1120 22
1770 0
1040 27
1720 28
2210 12
1170 16
1610 26
1010 20
1800 0
950 3
1720 25
1530 24
1150 7
1740 3
1070 7
2040 17
1050 26
1930 0
1740 27
1040 23
1710 26
1070 30
1620 17
830 24
1710 8
1800 23
990 26
3210 13
990 24
2280 16
1080 14
1860 19
1820 22
1070 6
1900 11
1050 17
1930 23
1150 19
1930 4
4259 6
1069 3
1709 30
960 28
2051 2
1060 20
1800 2
1589 11
1009 28
1651 11
1040 14
1880 24
880 30
1619 22
2370 12
1110 8
2050 10
1150 5
1860 6
960 7
1850 12
1760 7
1070 30
1730 3
1040 30
1800 7
940 11
1920 2
1930 27
900 9
1740 2
960 10
1880 2
990 6
1710 2
1850 16
1160 0
1830 0
1080 23
2290 12
1080 14
1810 9
1560 5
1040 3
1620 22
990 12
2950 0
1140 25
1740 27
1760 15
1160 6
1920 21
990 16
1880 26
1030 21
4071 4
1760 23
1020 6
1780 3
909 11
2051 8
1091 7
1809 1
969 10
2260 20
1810 6
1010 13
1660 15
1040 12
1830 5
960 19
1820 28
1870 2
1070 17
2110 4
1120 31
1910 3
1090 3
1800 31
1660 27
1160 29
1660 14
1010 11
1720 0
1040 30
1820 8
1940 15
1010 19
2550 28
1050 13
1730 16
950 8
1680 24
1750 2
1060 20
1940 5
970 23
1810 4
1040 21
1750 14
1680 21
970 4
1570 20
1020 29
2820 16
1040 18
1750 12
3431 15
880 9
1860 3
1100 28
2609 5
1109 8
1949 13
2129 13
929 28
1549 24
1040 20
1700 9
1120 2
2230 13
1820 14
1040 16
1800 29
1090 3
1810 7
960 26
1800 31
1800 2
1070 1
1890 18
1090 10
1730 11
1050 28
1710 0
2280 29
1120 13
1680 29
1160 27
1900 14
1170 1
1630 28
2260 29
1030 0
1990 25
1010 6
1930 30
1070 3
1850 19
1630 1
1050 31
1900 21
1050 29
1790 11
1060 20
2060 12
2330 28
1360 26
2059 15
1140 18
2860 29
1100 3
4591 25
2171 11
1311 7
2109 9
1489 13
2070 14
1340 20
2220 0
1950 0
920 16
1810 14
970 22
1860 28
940 29
1890 18
1900 0
1040 21
1550 14
1170 28
1780 30
1170 7
1750 11
2210 28
1030 7
1660 5
920 10
1610 21
1020 14
1980 23
1110 4
2070 13
1790 19
1000 21
1780 26
1020 10
1660 14
1050 4
2330 29
1840 12
930 10
1870 2
950 16
1970 14
1110 25
1760 6
1630 29
1020 31
2200 25
1000 25
1931 11
960 14
1920 16
1700 9
1029 23
3809 11
1080 2
1840 20
1010 23
3050 6
1810 24
1070 21
1800 26
1000 15
1970 0
1050 23
2180 21
1750 5
1170 1
1750 20
1210 2
1950 11
1010 24
2230 28
1740 29
890 2
2230 30
1030 18
1900 30
1150 0
1900 18
1780 18
1110 2
1760 21
1060 16
1700 7
950 5
1980 29
1730 18
1100 22
2010 25
1080 17
1750 17
990 9
2540 0
1920 26
990 7
2240 4
950 25
1769 0
1040 1
1980 5
1671 6
1391 9
1989 5
1029 18
1771 16
1180 5
1740 7
3140 5
980 14
1890 25
950 16
1730 27
1110 16
1940 15
2850 1
1000 18
1780 0
1150 26
1840 11
950 25
2700 9
1830 18
1110 3
1730 23
1030 19
1790 24
990 14
1800 9
1710 24
1070 1
1690 7
980 9
1740 4
1030 8
1830 6
1690 11
1190 11
1700 19
1010 9
1720 19
1120 28
1810 11
1860 11
1000 28
2200 24
1140 3
1690 27
1010 28
2130 14
1759 28
1009 6
1820 28
1260 4
1709 25
1120 20
2011 1
1060 17
1809 24
1609 11
969 14
1800 12
1070 10
2950 21
1050 19
1720 1
1860 13
920 6
1640 30
1030 25
2260 0
1050 3
1840 10
3100 7
1020 5
1690 27
1050 0
2200 9
1020 9
1830 18
1850 10
5790 15
2050 19
1010 25
1940 10
1070 30
1870 18
1810 2
1200 31
1870 10
1070 13
1700 6
1000 18
1910 17
2540 16
990 30
1930 12
1110 18
1730 12
1069 5
1829 22
1640 7
1060 31
1960 9
1011 13
1671 7
1009 13
1580 4
1751 0
1120 12
1731 18
1189 26
1580 13
1050 0
1710 22
3500 26
970 23
2400 10
1100 14
1830 20
1010 20
1770 14
1770 27
1030 8
2340 23
1060 25
1890 1
990 17
1760 29
1740 26
1070 11
3380 4
1060 1
1870 15
1140 30
1770 8
1790 29
1180 6
1810 29
1030 29
1740 30
970 23
2230 5
1800 24
960 18
1600 19
1110 18
1730 13
1070 9
1680 8
1730 28
1151 8
1711 15
1160 11
1780 28
960 11
1951 1
1909 10
1080 28
1880 12
1000 4
1831 28
1111 1
1840 24
1750 19
1160 27
2360 24
1050 7
1820 28
1090 8
3290 15
1860 6
1140 0
1820 1
1080 31
1920 2
960 15
2310 14
1800 23
1000 3
1870 3
1090 31
1800 22
1070 31
1780 22
1100 26
1870 24
2420 27
1060 25
3070 20
1000 7
2280 28
1050 14
1790 3
1690 15
1050 14
1830 18
1170 24
1700 1
920 26
1780 20
1759 18
1049 8
1900 11
1000 0
1900 21
1180 17
1740 11
1889 24
980 0
1740 6
1071 3
1691 27
1071 6
1839 18
2680 27
1010 13
1900 16
1050 2
1750 14
890 22
1990 24
1820 21
1070 26
3150 30
1060 6
1730 28
1030 18
1730 17
1910 14
960 8
1820 2
1010 31
1770 0
1070 2
1720 11
1870 12
1080 3
1610 5
1030 6
2310 26
1040 5
1680 15
2030 13
1250 17
1630 10
1140 6
3010 10
1150 1
1980 2
2350 13
1200 25
2080 30
960 27
1709 11
1000 1
2011 20
1780 15
1209 1
1760 16
1131 19
1831 24
920 28
1720 29
2370 18
1020 17
1790 13
1030 31
1750 28
990 12
1770 20
2280 4
1140 4
1830 17
1050 10
1620 6
1070 16
1760 1
3340 29
1090 12
1780 4
1130 26
1710 4
1030 13
1830 7
1890 23
1030 0
1830 5
1080 8
2260 22
1100 23
1810 25
1590 7
1090 2
1780 18
1110 3
1780 25
1180 1
2160 20
1970 7
1090 29
1760 3
1070 28
1840 4
1040 15
3100 8
1851 20
1071 18
1900 26
1040 19
1849 8
969 5
1780 7
980 13
2409 3
1740 7
970 26
1950 11
1050 24
1650 6
1100 6
1930 23
1800 3
1050 16
1680 14
1270 13
1990 4
1100 15
3300 20
1810 17
1120 28
1760 0
1030 17
3590 25
1140 17
1880 30
1800 8
1000 13
2370 8
950 1
1830 27
1040 3
1660 6
1630 22
1100 22
1800 28
1090 21
1720 11
1000 31
1700 23
1850 11
1000 3
1870 26
980 14
2260 20
1019 2
1789 24
1860 15
1131 24
1940 25
1280 26
2351 21
1091 8
2900 16
1940 18
1089 9
1879 27
1160 0
1920 29
1080 15
1890 21
1640 25
930 30
1800 18
1150 0
1610 27
1020 12
1840 31
1740 4
1010 1
1790 7
1070 14
2260 5
1050 0
1850 11
4000 7
1110 10
1660 27
1210 6
1850 9
1040 24
1660 21
1780 1
1150 6
1760 3
950 26
2140 17
1280 10
1920 2
1630 30
1030 25
1890 12
1170 18
1780 0
1070 18
1880 13
1780 23
1089 20
1749 17
1089 28
2789 29
1020 6
1871 17
1889 6
1089 8
1960 11
960 7
1779 22
1060 15
1730 27
2800 28
1040 1
1860 28
1080 6
1860 31
1090 2
1730 22
1820 0
1050 26
1640 18
1080 18
1920 4
1070 23
1810 22
2190 11
1000 28
1730 30
1120 28
2260 4
980 27
3010 0
1360 27
1710 2
1820 11
1100 25
1870 7
1150 3
1910 1
1060 1
1890 23
1830 9
1360 30
2250 30
1230 29
2250 6
1330 4
2360 1
1969 0
1009 19
2629 8
1100 4
1960 20
1189 26
2240 18
2280 17
1440 13
2619 5
1160 0
1710 10
1090 7
1790 21
1870 17
1020 21
2010 23
1030 18
1790 31
970 29
1910 4
3270 13
1150 8
1700 13
1100 14
1750 4
1200 30
2210 4
1660 19
1010 31
2130 18
1090 24
1840 13
1030 31
1780 9
1650 20
970 31
3530 3
950 31
1870 1
1200 22
1860 14
1760 30
1070 11
1820 6
1220 1
1630 4
990 10
1860 3
1760 19
1051 14
2351 28
1111 7
1691 17
1151 8
1971 31
1740 22
1040 19
1960 24
969 4
1680 31
1070 30
1830 3
1940 31
1310 28
2280 6
1160 0
1800 13
1110 28
1850 11
1710 16
1070 28
1920 22
1000 3
2170 23
1130 15
2290 20
2030 14
1210 19
3080 0
1210 4
1680 29
1180 31
1860 14
1840 1
1100 14
1910 30
1030 14
2030 27
1080 31
2000 1
3080 4
1010 22
2170 21
1010 20
1870 7
1110 9
1700 14
1689 26
1069 16
2389 21
1120 2
1591 1
1071 13
1871 23
1720 11
1029 22
1889 27
1140 16
1849 22
1139 9
1850 12
1040 3
1830 22
1910 7
1040 31
1750 13
980 17
1700 12
1130 3
1960 27
2240 6
1090 24
1770 11
920 15
2150 7
1110 2
1890 3
1820 8
940 8
1870 10
1000 18
1820 0
980 2
1850 8
1850 25
1060 6
2900 25
1000 29
1930 18
950 31
1790 13
1800 19
1060 10
1980 23
960 5
3370 3
1080 17
1880 8
2699 2
940 25
1869 6
1149 26
1689 4
1269 30
2009 15
1771 26
1151 27
1960 29
980 7
1970 4
970 22
1930 14
1800 5
1110 8
1980 6
1130 25
1810 20
1100 22
1970 18
1880 23
1020 8
2280 21
1000 0
1840 15
1010 22
2360 7
1750 10
1050 13
1920 19
1050 18
1950 21
940 23
8310 22
1860 24
1090 21
1900 5
1050 19
2040 28
1140 15
1900 9
1810 26
1080 17
1860 23
1070 9
2940 21
1220 2
2540 24
4660 29
1209 14
2000 30
1040 19
1920 24
1060 24
2289 8
1929 24
969 9
1730 30
1100 2
1690 7
1110 23
1860 7
1760 14
1390 5
1790 10
1180 27
1820 30
1180 11
1970 4
1800 12
1180 4
2570 4
1030 18
1880 5
1260 16
1730 16
1770 13
1000 28
1780 18
1150 4
1860 17
1020 23
2340 26
1860 6
1100 0
1920 2
1120 21
1750 15
1050 24
1720 24
1150 7
1940 14
2000 28
1090 28
1980 10
1040 31
2220 1
1000 17
1700 1
1729 1
1231 17
1689 0
1060 11
4909 17
1140 25
1691 9
1690 7
1020 22
1780 30
1030 8
2120 17
1040 17
1900 14
1780 13
950 4
1800 0
1030 4
1830 0
940 23
1790 4
2320 11
920 22
1790 4
1070 8
2020 14
1040 17
1940 18
1770 2
1040 5
1920 30
1070 13
1710 9
1030 7
1750 20
1770 3
1010 15
1840 26
1100 6
2020 12
1060 17
1960 23
1810 4
1140 11
1800 30
1190 19
2430 18
920 11
1729 24
2120 2
980 21
1891 4
940 24
1829 27
991 27
1700 4
1700 13
951 29
3480 8
1060 0
1940 6
980 9
3020 1
1760 19
1060 30
1780 27
1020 1
2230 9
1080 0
1710 31
2140 23
1170 26
1790 24
1030 27
2120 21
1010 19
1780 15
1880 21
1130 4
1900 5
1020 16
1850 3
1060 7
1930 21
1900 18
1070 30
1800 2
1180 10
1730 6
1000 20
1730 23
1930 26
1100 13
1800 24
1050 31
2850 12
1000 28
1930 22
1750 22
1210 15
1760 19
1080 30
1720 0
1029 7
1909 1
1980 0
1011 24
1840 24
1000 21
1909 8
1171 7
2000 15
3190 13
1120 11
1860 9
1060 10
1840 5
1030 24
1990 21
1190 22
3530 27
1800 14
1070 3
2220 24
970 23
1850 8
1050 23
1790 26
1690 5
1100 24
1940 24
970 1
1880 13
1100 22
1830 20
1850 15
980 18
1920 3
1110 11
1900 16
1030 3
1710 20
1810 22
1080 21
2310 10
1110 19
1790 29
1080 25
1760 24
2140 19
1190 15
2160 21
1080 31
1940 26
1149 25
1849 19
1749 4
1120 28
1729 13
1060 9
1680 24
1039 2
1880 28
2020 0
1030 6
3070 21
1070 5
2310 19
1050 29
1730 19
2410 12
1070 2
1900 25
1150 26
1830 26
1140 17
1840 8
3600 10
1120 24
1850 20
1180 10
1790 5
1190 20
1850 21
1880 10
950 3
1910 24
1030 4
1820 20
1080 28
1800 9
2450 5
970 8
1830 16
1210 17
2030 26
1210 9
1740 31
1770 28
1150 31
1720 4
1120 2
1820 8
1060 30
1789 8
2400 2
1171 24
1849 8
1060 7
1851 10
880 22
1650 7
2010 13
1130 25
1800 8
1030 17
2320 28
1010 10
1870 15
3330 10
1070 27
1750 21
1330 24
1880 13
930 30
1830 14
1820 18
1000 1
1710 28
1160 3
1850 19
1140 20
1760 18
2150 9
1150 25
3570 5
1230 7
1760 4
1160 2
1820 6
2440 6
1150 24
1680 19
1070 25
1820 4
1110 28
1930 20
1040 18
1850 2
1910 6
1059 16
1620 17
1100 5
1751 12
1260 17
1931 8
1880 14
911 21
1660 1
1120 7
1889 4
1020 1
2600 24
1680 4
1190 9
2420 10
1200 30
2090 18
1020 10
1930 14
1910 25
1010 20
1680 26
1070 14
3240 24
1100 19
1860 9
1860 4
1180 10
1910 9
1010 3
1810 29
1050 15
1770 0
2010 11
1040 3
1880 13
1030 12
1880 19
1040 18
2780 24
1970 19
1090 9
3100 9
1210 22
1780 16
1170 27
1840 6
1900 19
1080 14
1670 2
1380 13
1820 12
1031 14
2091 9
1800 2
1080 7
1791 23
1151 8
1691 13
1060 11
1820 3
1860 19
1190 19
2290 28
1040 16
1860 29
950 14
2430 0
1790 25
1100 19
1720 31
1010 19
1800 12
1010 0
1910 30
1810 24
1200 4
3490 31
1200 3
2120 23
1060 1
1860 8
1770 13
1000 31
1720 20
990 27
1790 22
1010 3
2480 26
1790 25
1030 17
1840 24
1130 3
1700 20
930 26
2180 11
1780 4
1060 8
1920 21
1220 23
3019 14
1180 14
1980 6
1909 19
1160 19
1920 16
920 6
1920 20
1100 16
2031 24
1880 8
1160 22
2310 10
940 10
1870 22
1110 15
1800 26
1730 15
1170 24
1730 23
960 10
2110 18
1010 23
2470 19
1050 24
1830 19
1820 22
1100 27
1660 16
1040 7
1760 2
1070 17
3590 16
1750 27
1070 0
1750 22
1030 25
2430 15
1040 17
1890 14
1680 24
1110 10
1780 31
920 24
1740 21
1040 24
1810 9
1950 25
1070 26
1840 8
1060 19
2360 15
1069 19
1680 30
1860 22
1280 28
1751 9
1251 11
3060 9
1000 26
1771 17
2420 9
1020 30
1950 3
1040 0
1890 26
1080 4
1820 4
1820 11
1020 13
1800 14
1160 18
1810 27
1140 2
1870 19
1820 20
1140 30
2050 21
1100 21
1780 7
1040 20
1990 7
1910 22
1200 28
4090 18
1190 10
1830 25
1160 4
1850 20
1880 4
1030 28
1830 10
1190 19
1720 1
970 8
1900 31
1640 8
1100 1
1850 18
1290 10
1909 30
1120 8
1811 19
1991 19
1060 17
2200 1
960 16
1749 1
1160 28
2311 31
1809 22
1300 5
1810 24
1150 17
1840 29
1200 17
3280 11
1820 9
1020 10
1770 1
1020 11
2030 21
1120 18
1900 18
1900 3
940 12
1860 11
1060 15
1810 31
1080 31
1890 16
1910 29
1100 22
2590 12
1070 22
1990 13
9420 29
2350 15
3280 23
1110 5
1790 19
1150 8
1850 12
1200 1
1890 29
1940 26
1020 17
1751 16
1091 25
2291 11
1260 25
1949 0
1000 29
2051 9
1780 13
1320 7
1800 14
1090 18
2600 19
1110 9
1780 2
2250 14
1070 15
1980 26
1090 29
1850 19
1000 6
1680 14
2280 8
1000 31
1820 16
1050 26
1880 21
1140 12
3040 13
1690 0
1170 20
1700 27
1030 23
1710 18
1160 20
1920 29
2310 18
1170 12
1800 3
1020 19
1920 8
1130 3
1810 19
2140 0
1010 19
1920 6
1150 8
3220 29
1060 22
2110 22
1980 2
1240 26
1800 27
1200 20
1720 28
1060 2
1991 23
1840 28
1129 17
1740 4
960 5
2429 2
1010 24
2030 4
1680 17
1100 21
1850 30
1100 15
1700 28
1120 7
1750 31
2420 25
1210 23
1960 25
1080 0
1710 16
1070 9
2270 10
1910 9
960 29
2030 30
1110 4
1810 30
980 19
1770 14
3550 14
1120 17
1930 17
1060 12
1750 16
1100 25
2010 16
1860 2
1100 7
1800 29
1220 8
1770 18
1110 21
2060 9
2490 28
1030 4
3190 28
1100 1
1860 31
991 31
1769 16
1889 27
960 6
1791 17
1271 13
2340 31
1200 21
1979 13
1880 12
1190 11
2060 5
1150 22
1970 23
1160 5
1830 8
1790 29
980 9
2040 18
1070 11
2310 26
1100 28
2050 15
2500 8
1130 21
1820 26
1050 18
1960 10
1120 29
1790 8
890 31
2280 20
1830 31
1080 18
1750 30
1140 29
1900 6
1110 20
1800 27
2860 24
1080 17
2130 20
1340 22
1960 13
1320 29
2000 31
1969 2
1069 17
1780 0
1160 10
2000 28
1071 30
3640 9
1811 3
1100 21
2269 8
1109 0
1779 8
990 0
2030 31
2000 5
1040 21
1910 22
1080 31
1880 22
1020 11
1840 20
1750 20
1070 15
2010 12
1130 16
1970 3
1190 11
1870 20
1850 10
1150 10
1840 5
1020 18
2850 19
1150 29
1870 7
1860 23
1000 25
2090 15
1170 6
1880 0
1100 31
1790 0
1880 3
1010 4
1760 30
1110 9
2030 24
1020 27
1890 21
1710 21
1020 31
2960 21
1071 13
1900 6
1040 15
1949 21
2389 12
1140 22
3691 18
1040 17
2111 15
1040 30
1780 11
1780 3
1110 28
1730 18
1200 7
1870 6
1200 5
1820 24
1860 13
1060 23
1820 24
1020 1
1770 16
1110 26
1980 17
1670 4
1090 20
1770 8
1130 20
2270 26
1180 25
1790 22
1890 5
960 19
1730 25
1220 3
2280 9
1070 12
1870 18
1910 17
1090 15
1850 0
1220 19
1930 23
1100 17
1710 15
1740 21
1210 28
1850 5
1080 8
2100 9
980 31
1909 25
2260 5
1011 17
1931 12
1080 25
3160 0
1100 0
1769 0
1100 30
3449 18
1770 22
1050 2
2460 24
1020 27
1740 25
990 18
1920 31
1680 15
960 23
1750 25
1150 8
1870 23
1210 23
2130 18
1870 20
1170 4
2210 13
1040 4
1850 20
1150 0
1750 2
1840 12
1370 24
2110 3
1200 2
1780 7
1130 6
1720 28
1840 2
930 18
2190 15
1000 10
1940 19
1060 25
1840 27
1790 27
1190 23
1810 1
1110 4
1849 5
951 31
2440 29
1900 29
1091 17
1911 1
1111 13
1900 22
1071 24
1749 9
1709 20
1000 29
2070 7
1010 7
4910 15
1080 28
1890 15
2020 4
1060 25
2070 13
1100 29
1810 3
1140 23
1800 19
1720 12
1120 4
2450 14
1110 31
1840 20
1270 15
1900 0
1890 14
1040 3
2010 16
1150 8
1710 10
1300 28
1730 11
1800 19
1200 1
1760 12
1160 8
1680 0
1090 1
1840 5
2270 10
1150 26
2090 11
1080 1
1830 8
1060 6
2430 6
1860 28
1251 14
1940 26
1200 31
1920 12
1169 13
1829 8
1789 20
1151 22
1860 5
1160 31
1880 25
1050 4
1980 27
2260 22
980 30
3550 23
1290 2
2140 14
1020 21
2980 5
1970 25
1260 24
3020 15
1080 8
2040 10
1160 27
1840 15
1790 25
1190 16
1880 22
1320 10
1700 29
1110 17
1740 3
1150 21
1750 25
1860 5
1140 4
1790 6
1110 29
1830 21
1150 0
1950 6
1870 8
1150 6
1800 22
1070 21
2400 23
1071 25
1971 27
2320 4
1080 9
1829 22
1009 10
1820 7
1131 20
1880 0
1889 20
1109 10
1890 18
1130 4
1810 2
1010 25
2030 31
1820 21
1140 7
1730 4
1090 9
1840 26
1200 12
3170 16
2880 4
1060 9
2030 31
1010 14
1840 28
1200 10
2920 11
2250 9
1160 12
1790 18
1050 16
1760 0
1000 0
1760 31
1710 4
1290 1
1930 17
1130 13
1820 7
1140 24
1940 29
1820 30
1020 22
1790 26
940 6
2490 10
1010 31
1760 30
2020 16
1100 26
1800 25
1140 14
1809 22
1080 10
1791 19
2331 26
980 9
1791 10
1040 10
1680 10
1020 24
1920 4
1840 22
960 10
1810 12
1290 5
1800 3
1250 3
1940 12
2240 31
1220 21
1870 16
1080 12
3400 3
1130 26
1900 23
1850 24
1150 23
1790 13
1210 25
2050 29
1140 28
1850 3
3250 13
1150 4
1840 8
1180 7
1760 6
1150 29
1660 22
1910 6
1120 2
1650 4
1190 20
2300 28
1150 23
1970 29
1990 8
1091 15
1811 23
1020 22
1800 1
1040 27
1871 10
1820 11
1000 29
1831 24
1120 18
1849 26
1129 24
1930 18
1080 11
2030 15
1940 25
1070 22
1830 29
1080 17
1810 8
1100 16
2550 2
1750 1
980 15
1860 24
1120 6
1820 15
1030 13
1990 10
3100 5
870 9
1860 4
10007420 16
2320 21
1260 10
1820 0
2930 27
1230 10
2639 2
1111 23
3231 5
1220 26
2289 17
4100 12
1171 30
1951 0
1260 7
2049 26
1060 16
3050 4
1910 3
1070 15
2060 4
1260 3
2000 3
1150 23
1990 2
2160 9
1060 31
2110 13
1220 20
1920 29
1460 1
2230 27
4190 23
1190 11
2070 24
