155038 3
50097495 6
67270 15
74109 3
65459 16
73819 13
31780 20
67869 16
72119 7
44220 21
64749 16
71029 8
39299 21
132578 23
93699 1
72499 19
72879 22
76839 15
75520 14
1631101 6
75999 11
82169 5
98359 18
82559 9
143508 15
159648 18
47550 21
134438 18
155528 9
108629 11
42389 21
100828 19
271947 6
103109 16
166858 14
89649 15
74849 12
118539 15
160858 22
50430 21
80829 12
178058 18
97259 10
161688 19
90739 22
270436 0
238287 8
108679 13
167469 4
124779 19
351316 17
213877 13
28750 20
145488 15
80149 17
105799 17
71409 12
27950 20
281467 5
148669 9
96788 17
107918 3
107409 3
168818 10
68289 3
110609 9
137588 9
102649 0
195178 6
78959 5
212877 23
160458 4
289247 9
9876093 1
78250 22
39200 21
86949 19
134829 7
115559 2
85759 10
110269 18
30049 20
83768 15
74479 7
99512498 3
82668 15
105238 4
67089 13
76059 10
74199 5
66939 8
101979 18
241157 0
210987 0
89789 15
77730 12
228458 3
98319 1
152278 22
126118 15
91059 11
100359 0
74229 22
119279 0
74979 11
66539 18
67479 9
276257 15
137368 21
75249 12
86279 10
72679 10
73059 23
83590 8
75870 7
128958 8
82119 13
28250 20
160728 0
109168 7
73590 18
104468 17
88059 3
106609 1
130318 3
69379 22
72959 12
276577 13
74039 14
60880 15
67069 15
72919 3
25320 20
52189 21
63799 12
29999 20
61430 15
70448 5
70879 17
63819 15
60209 9
61690 19
75380 11
62929 17
67959 13
66149 12
63560 13
70800 7
65059 18
121859 17
68450 16
80319 5
69369 9
92299 2
63859 8
69529 10
15265849 6
130338 13
64799 17
80449 7
46869 21
68202520 3
92399 2
127909 0
69879 13
90429 2
276796 8
100079 14
131429 8
9931812 12
119978 6
68360 9
612163 12
139929 4
72690 11
91590 12
92408 8
233107 23
155458 16
73139 4
81099 3
128208 23
251927 6
73629 13
334407 1
145778 6
85279 3
181868 0
159148 7
75609 20
137318 4
104589 10
128089 23
82330 7
280177 14
84889 22
99119 3
99209 18
89429 3
105249 2
106139 4
141899 13
276047 6
79489 4
62670 20
109439 17
127789 5
261767 6
144588 2
273647 18
85959 8
183968 11
304126 18
71439 3
286987 1
96109 7
198318 3
248827 1
59469 11
145729 16
120808 12
299737 3
118068 12
70829 22
64259 21
61819 21
102599 11
67069 14
66859 9
62910 15
11168827 6
89569 0
49619 11
131818 5
78048 22
54859 19
86509 1
202777 11
59480 4
66569 9
10510 20
123478 23
60939 9
68729 16
266077 19
62339 9
119089 13
54330 11
151098 1
57219 7
101279 9
107709 7
76979 0
66379 8
81479 5
87179 15
135089 8
123669 23
90659 0
96919 1
90899 22
27184817 12
216797 4
57239 14
136658 6
674252 12
121968 4
101748 21
53540 14
74310 21
94899 14
70850 23
7582780 3
84239 11
39539 21
169618 4
138508 0
579223 3
97408 7
84979 5
283216 6
54879 11
11110 20
117969 17
162398 2
100209 7
119469 0
160838 12
24129 21
169588 23
183628 8
86689 3
59559 15
173148 1
186178 2
122228 15
150928 17
792270 6
64080 12
24189 20
118769 15
86989 17
231247 0
88879 2
200758 15
65239 19
22140 21
92338 12
340796 18
62850 10
103849 4
223178 18
146238 19
115689 2
127018 6
173078 10
89629 15
9780 20
156878 18
56210 21
67539 19
163338 18
89638 19
433466 2
125759 10
119679 6
25660 21
94019 15
102089 2
93779 18
141148 17
99939 8
99359 1
65489 14
63739 5
10215499 9
59379 22
61729 10
122288 2
210398 23
117479 14
67149 22
60200 5
87789 14
39968726 3
69009 7
10240 20
117728 6
68900 23
52389 11
111689 8
332736 2
107338 23
66849 11
69369 17
98339 2
82599 13
140218 16
10840 20
90249 15
61739 10
69389 13
156828 13
271076 1
154369 6
92858 9
150539 6
221978 1
334496 3
113569 23
82290 4
93528 8
410724 17
98768 16
115779 2
332976 19
194427 18
78660 8
157408 10
80049 9
9570 20
170498 21
75189 5
234567 19
76899 11
158678 17
223318 12
161489 14
192997 16
173448 15
78799 12
174028 5
104459 10
198258 19
71009 18
52179 23
101069 8
142078 4
104449 5
167568 1
84579 3
483294 16
109939 13
81749 9
359696 6
86489 10
77919 7
86009 5
142308 6
67789 19
130839 6
153418 0
217358 6
77450 10
192988 12
114929 11
53799 13
97109 20
101349 10
94909 2
141038 5
62859 23
150988 2
54830 13
57669 13
105649 15
61789 15
69149 22
132319 2
44129 14
207958 2
48159 9
93539 0
66239 11
47470 23
45769 23
91779 4
61709 22
57129 13
62889 23
65909 8
53850 16
8540 20
63909 9
45369 13
61160 17
64990 5
91338 4
45419 15
86439 1
52709 23
62610 8
25609 21
57040 22
43159 23
49100 11
68840 19
62409 17
45609 13
147344709 12
61269 13
155998 1
62019 15
104349 1
104528 11
71550 19
55959 13
107339 0
100268 17
11551 20
55980 11
117151068 3
1188246 3
91869 9
240237 17
99919 9
113539 11
52789 21
79059 13
71579 3
125789 2
55489 11
75859 22
83029 8
56539 11
75339 7
69640 9
108608 8
92188 5
107089 2
79499 17
95249 2
64659 15
115129 1
60879 13
66849 14
131089 0
115808 0
74099 17
55250 14
50199 15
10160 20
62510 7
90589 2
68440 4
59140 14
52309 18
46480 13
54339 18
98709 1
47039 9
50000 18
88269 2
56099 9
55279 10
25610 21
38977097 6
60579 12
91819 19
8360 20
128678 17
148428 2
84929 22
63429 16
87309 17
69499 7
66939 9
165787 16
78390 3
186838 7
78029 9
95309 17
153208 17
133658 15
60269 21
187558 14
140568 18
212498 14
85979 19
82219 7
215747 1
123329 2
137008 5
166118 5
91929 13
111669 15
160828 12
73519 15
44129 14
48480 14
63129 10
10240 20
151448 5
87539 4
68309 22
83579 3
60729 15
90128 14
70039 7
66070 16
89099 2
157998 15
189938 6
25370 21
24690 21
85389 4
178528 19
104459 2
59480 14
286986 0
24599 21
155818 9
254147 2
64580 12
65530 19
121318 1
67139 22
313196 18
118738 23
210467 0
240757 2
51499 6
51769 12
88989 4
564433 0
10020471 12
54769 9
74939 4
55400 14
1028598 3
55069 11
53469 23
48989 23
51939 13
67429 5
189307 1
85419 17
90529 8
88689 22
9130 20
18998624 6
62049 10
12089 20
78349 22
11610 20
152309 22
200178 4
172758 17
102119 9
70289 14
65659 9
61470 14
95359 2
107899 1
114789 23
98179 2
58610 10
59259 16
71699 4
69659 4
151807 0
51459 9
245237 18
8681997 15
86139 1
50509 11
20210 20
168078 10
63869 11
8980 20
52700 13
50820 9
58659 18
71670 11
173627 13
23399 21
23620 21
21360 21
106319 0
129189 19
26500 21
102139 9
77789 8
90359 1
68750 7
81759 0
53969 14
51389 19
68989 5
83948 0
7760497 6
46960 18
128038 5
63160 13
94459 19
22190 21
67979 8
48810 19
86749 1
91639 1
48319 11
66619 4
44630 23
66989 7
11160 20
51519 11
44460 16
65229 17
12030 20
51799 19
64729 22
66730 8
24459 21
58230 7
83910 1
56890 10
45289 9
46180 19
53979 13
84459 0
7180895 15
71869 8
114258 15
62500 22
61749 16
126799 8
66659 7
46659 13
47470 14
122158 2
24580 21
49419 13
68940 5
105439 17
9300 20
112419 2
68689 22
1840198 3
91689 17
49739 13
68740 7
56709 23
216167 17
45190 11
152168 2
19560 20
62199 7
68629 17
86819 2
90339 1
78089 8
96999 0
62019 17
26630 21
47300 23
52240 18
23389 21
49989 9
9090 20
6984387 6
12340 20
94349 23
8250562 3
13130005 15
51799 18
9460 20
50789 6
51210 15
62479 7
47440 11
54050 19
47659 11
91429 7
74319 4
62459 7
57359 22
46549 11
69519 7
7269343 3
119759 3
29644067 12
91288 13
61599 6
201487 22
148749 15
98539 1
100829 15
10860 20
8860 20
61969 7
81119 14
82699 22
238438 0
110859 7
72849 4
26310 21
108449 7
49599 23
63519 22
132469 7
303176 2
156138 7
54549 9
109818 0
61739 16
92659 16
102968 16
64789 22
56460 15
260487 13
85419 2
60860 7
83099 8
102378 1
88688 17
12310 20
98039 1
52020 16
49970 16
43919 12
45169 9
53779 10
70499 5
65279 8
64319 23
64069 8
63269 8
88719 2
48000 23
42199 23
77049 18
78220 8
69699 19
85648 2
64709 7
28429 21
90648 1
50830 13
73409 11
97779 11
100689 0
85268 12
102668 0
45540 16
73599 8
64389 5
50079 13
62739 22
62049 17
45239 13
50919 15
60759 17
72299 5
99129 22
46870 12
85390 2
88030 1
63040 7
82439 4
48189 14
50030 13
59399 22
101599 0
48899 14
11570 20
54819 18
8800 20
80159 5
46610 10
46849 16
61050 14
45570 14
23610 21
88708 2
46739 16
59359 22
44290 19
64289 8
94139 1
23550 21
64539 8
56929 22
21180 21
60109 17
54540 10
44729 11
82500280 3
95149 9
113309 11
90179 7
189477 15
52860 6
55869 3
144949 0
113589 10
113869 3
50349 3
62700 11
97079 15
86079 3
7997325 12
144129 15
52499 6
89719 5
275657 2
71950 13
228317 7
130399 9
124889 6
149458 18
62219 11
57600 16
339306 8
135338 14
8004955 3
80339 22
114749 14
91828 9
66419 7
120048 19
9243961 12
62900 5
171528 0
9890 20
61589 6
86519 11
142108 9
168448 2
91019 5
86609 13
63849 21
109179 11
89339 1
9168641 3
77479 7
105879 1
106679 14
56149 10
51899 11
8969 20
104399 1
8205442 12
91539 0
66559 5
104528 14
60449 22
162218 1
163008 22
99339 23
52269 19
131169 7
83410 18
17968517 3
44940 9
60540 14
46549 16
104669 8
21619453 12
60299 16
63449 15
79829 4
128468 1
68560 13
752211 12
126299 0
166928 3
346956 1
86879 23
74769 13
220867 1
90908 2
9020 20
177918 0
77729 23
183958 9
101439 2
21580 20
128689 2
167148 18
64709 11
209758 23
147378 22
210447 19
140358 17
98798 2
73949 4
135648 10
72489 15
144198 1
69569 5
150128 8
135198 4
88369 9
93849 11
99449 2
102459 3
93069 10
77199 4
22230 21
271687 2
127179 8
329176 14
994998 6
148038 4
2267164 6
72139 16
147379 11
57039 12
254337 17
48280 21
63210 17
98069 23
102359 22
47310 13
90959 1
9839873 12
9150 20
339186 3
121868 23
179488 9
96289 7
78569 23
161718 1
13620 20
105669 5
56589 3
78759 5
164738 2
134239 19
118368 7
134379 23
95549 7
90319 4
129759 8
112428 3
164998 17
87910 2
60190 14
924689 6
2184654 6
