363015 15
317927 18
9105812 23
107119 7
139108 13
63440 9
176349 12
9553876 6
134858 20
9770544 23
105859 19
116489 17
165738 23
76509 20
73949 23
294347 8
93278 15
113409 11
20082042 3
91369 18
66860 23
72639 4
144358 1
110189 21
164438 16
257767 14
64010 13
112349 13
65949 11
57779 11
37859760 12
112938 0
65609 11
61649 23
73299 22
94978 13
72349 20
69799 22
452614 7
127908 16
82819 5
84129 16
134668 16
80849 4
77370 4
71308 13
117878 0
56590 23
61420 20
74979 4
92459 17
82259 18
57579 13
68769 16
35610 9
85309 4
76169 19
8345401 6
95109 16
67179 10
20359748 3
2868066 23
60729 13
66580 3
83290 15
65720 20
82659 19
219137 23
189418 20
73939 20
147408 19
61849 3
101268 18
99019 0
81069 0
78189 14
104149 23
66919 20
65089 4
55320 13
69179 20
106479 2
60469 13
65699 7
56750 3
54440 13
81619 18
58189 7
70449 5
97148 23
81929 17
41580 9
82979 0
58139 4
1142347 12
167849 1
179989 1
121929 2
89449 16
135648 4
694222 9
133009 4
105729 19
106099 8
122929 0
59409 13
65839 5
118549 3
79069 18
129898 0
49937427 6
158038 2
234097 20
56689 9
252046 6
118078 3
142499 1
116909 21
184488 1
113329 8
96939 4
116319 6
143228 13
40220 9
58186649 12
283966 23
224448 21
104088 19
19021134 3
144219 17
93579 23
85369 4
107798 2
196908 3
220238 2
235466 0
366265 23
181508 20
163688 12
117999 4
91309 3
284666 22
140179 4
134618 19
100589 22
61579 9
125099 5
223287 2
1719829 11
107419 2
116409 12
235467 19
74599 23
84259 3
189298 16
115269 18
165438 15
141658 8
134008 8
59150 8
72479 22
66429 7
80349 8
298616 14
93718 10
110369 20
140948 8
123629 21
228757 5
150508 14
162559 1
206528 21
59089 13
110189 13
42400 9
226548 4
94609 5
94828 7
289027 4
201238 20
94509 14
119199 13
175228 1
78969 12
62630 8
42649 9
526664 0
233867 15
96879 2
209337 2
142448 2
129908 22
64919 10
100139 20
62659 4
118579 20
178278 19
82789 14
8472589 3
146168 16
78279 6
34400 9
92969 0
65129 6
89639 16
74879 11
148558 17
94319 16
69319 22
75819 18
66359 8
57619 7
58570 20
69100 16
61049 7
39323463 23
204238 13
40220 9
161968 17
398575 22
38731020 6
75169 10
104789 21
94739 0
47590 9
151158 10
63489 22
56039 9
137799 0
184437 22
84849 5
287377 17
102319 2
115288 19
222978 0
92549 19
47669143 23
99929 20
117769 6
105519 22
275846 2
217998 2
127479 16
81169 4
50550 9
123919 18
114459 21
80619 14
202117 1
205278 11
185328 6
102969 22
349936 6
103379 16
310606 2
578233 15
128588 17
75739 17
67439 22
103069 22
65169 20
73209 20
76628 14
316206 18
45459 9
113819 4
25494707 3
74689 2
97379 20
95009 4
72619 4
244617 12
2427961 16
456705 16
115658 6
61739 21
85069 13
87799 13
7501641 18
87939 23
57109 7
94569 15
74729 14
66609 8
87659 16
57189 8
101299 10
132678 5
112028 14
59080 8
110649 17
77109 15
101809 4
8000725 6
473424 12
169308 20
129849 19
215467 23
151318 21
195377 1
127639 21
60609 5
96589 13
110388 10
71339 16
195797 13
80019 3
159949 11
117308 1
116429 16
78469 17
174538 2
44989 10
74219 19
74869 6
75490 13
118678 8
88439 14
40230 9
60939 13
73259 12
74449 16
71109 5
120219 19
71489 15
106838351 18
1104987 18
96769 1
66759 23
81179 18
93569 22
164818 19
85879 5
80999 1
58739 13
77349 17
67474909 3
63919 13
63499 21
93969 15
81359 17
884920 3
198578 7
142348 3
171978 13
254868 9
189058 11
99409 10
261277 4
94839 12
218107 17
70620 23
70248 12
105048 0
70070 12
59220 21
84019 4
58669 12
78579 19
70549 11
84759 3
53420 7
84889 14
102058 11
74999 19
6378074 18
86309 0
65579 8
39609 9
61460 7
82549 4
79039 23
74309 4
140708 2
57050 13
63069 21
94879 15
105728 0
120208 11
106289 11
8705636 12
78939 7
66739 21
132538 14
130678 19
202047 21
9440178 18
59059 8
59400 10
65590 23
62169 8
64289 11
9348419 5
2320982 5
58599 10
76459 22
72699 7
106529 22
91319 19
93199 7
108128 2
79999 4
74659 3
76919 3
70889 23
7037946 6
77889 7
69070 23
127238 7
108369 14
41499 9
9299800 12
191528 19
142159 15
166368 14
157158 7
134388 17
211548 12
65009 21
100799 12
146148 7
87369 1
111909 21
72109 14
77739 0
147318 7
123569 19
53859 10
62929 23
75740 1
57400 12
52059 10
8896795 6
8823525 5
169838 12
62579 23
65499 8
73829 15
66700 17
55169 13
122468 0
80589 21
63699 19
70307054 18
245077 0
101119 1
78848 21
123839 3
200567 7
107278 1
74910 21
99308 1
96649 5
97969 10
191098 19
84059 20
6854938 12
69690 8
95269 11
164158 2
142769 2
4155640 7
73150 6
73099 23
66779 12
74449 20
97939 2
80639 5
99418 22
68699 5
60949 20
5639703 18
85789 8
59669 11
112519 4
81089 2
120268 5
130139 2
200178 20
63019 8
26890950 6
74679 17
60580 10
149398 0
62979 4
41190 9
108129 1
100188 17
117599 16
74409 15
97189 10
105039 18
57199 22
65809 4
77509 1
58789 10
20855652 12
160908 8
71429 13
88069 0
63289 14
159319 20
123278 7
91489 22
178098 5
119208 14
97949 4
128999 22
62609 8
68369 21
208687 7
61759 4
78299 2
157648 19
75589 1
64509 17
101629 12
6817579 3
1489752 18
64230 8
144238 15
9147241 12
62590 21
43819 9
77239 2
9662115 6
65139 14
67829 10
70639 3
20579575 18
69453525 23
88988 21
76539 15
81399 21
710441 23
55639 10
63049 21
79799 0
55379 13
98740117 12
94409 19
39703998 6
59479 20
10036491 3
70445543 18
82089 14
101679 17
61309 8
88569 22
192068 17
69629 12
67189 14
84059 2
29338922 23
166458 17
7502002 12
62949 5
77729 13
2839946 6
143838 11
74219 10
132078 22
170858 7
121509 7
108558 15
158248 8
140798 22
59349 12
44019 9
66350 8
112499 3
170108 13
70080 3
62020 8
57359 9
77929 2
97429 4
57679 21
85799 16
60910 13
68220 22
89569 20
86579 7
83199 17
62869 3
52669 8
116999 0
109088 17
114389 11
147549 3
59590 7
63999 13
59929 21
5774052 23
55099 11
63859 22
99849 7
50924325 18
62379 5
57369 11
86389 2
71199 22
85429 1
38949 9
77168 14
94959 4
80709 2
78102102 3
80409 19
110038753 23
133608 1
184668 9
83029 11
193247 6
45660 9
110569 5
128358 14
109299 4
204677 19
88068 5
94368 0
39470 9
65659 13
234457 0
137699 23
88479 17
98630 7
64399 20
166298 2
65319 23
67469 21
119729 16
78544737 12
111408 17
161758 19
141599 0
63929 20
58919 11
84999 0
78809 16
198898 16
93489 2
95049 15
87489 17
16719231 12
58060 21
85139 20
70128 19
69349 15
90899 1
58919 21
56229 20
123799 0
58209 21
135498 0
58060 20
1441923 23
50469 10
39150 9
90889 20
59549 21
64769 4
66769 5
125709 17
79329 14
87049 17
85909 21
45099 9
151878 11
221627 0
63979 23
112679 6
79639 17
94569 23
66309 7
57869 20
75489 21
98159 16
80519 20
72609 17
64170 4
50409 10
66399 14
56069 20
73299 18
59509 7
70409 14
51839 10
58220 9
64659 21
64759 19
84239 1
80529 23
58809 5
60060 5
90709 11
63979 19
77749 1
58549 21
62770 14
65729 15
82559 2
48799 10
61729 5
64739 15
61699 15
64819 22
65010 7
56590 10
44579 10
92649 0
58429 7
54799 8
64079 16
58540 13
61580 19
53749 22
63859 10
61219 21
49530 10
59559 4
60209 16
62569 18
59799 5
61169 4
59330 4
59619 15
65999 19
74489 6
55410 20
66959 17
53239 8
65289 4
37529 9
66679 6
3270521 12
93619 19
64790 17
52610 8
79289 2
88919 13
144008 4
62829 11
122459 16
80439 23
79579 17
40012225 3
148288 19
108539 1
116448 4
232597 2
74340 17
140718 19
85169 16
108149 20
74859 1
136088 1
158498 1
74699 6
124329 6
144858 5
112139 15
129148 13
100909 22
55371302 12
89949 7
94579 7
1548182 6
93209 15
143948 22
98459 23
353566 14
41319 9
84529 20
112079 14
77369 5
202088 17
85859 18
48210 9
158648 19
8536819 12
91219 14
69550 19
63029 22
59849 15
153929 13
175557 14
77830 2
64109 20
58709 9
78619 2
70149 17
126789 17
117488 22
213428 0
131588 8
147278 18
69179 13
61799 21
7355432 3
81348 11
124548 3
61359 12
65379 21
69229 23
134458 15
55839 20
76639 15
20699915 6
95208 4
547463 3
80599 22
61089 10
106179 0
95689 1
92699 17
127938 1
141459 4
69189 2
64439 21
96459 4
114198 23
130089 15
87129 14
27612902 12
9707895 6
77119 1
453564 3
572113 6
285796 6
57710 10
80719 23
146828 0
86019 11
79399 6
108088 3
118629 7
73559 18
135719 0
82489 5
55239 8
49670 10
50390 9
84339 16
56119 8
54310 8
71270 11
114308 23
65609 21
88950 14
123089 15
83569 2
130208 13
82968 6
47201799 12
85689 2
181748 1
100199 2
94048 20
86129 18
137569 1
121918 17
112199 14
82669 16
277997 1
171987 16
81700 21
79159 16
107169 13
125229 18
62239 20
96269 0
63169 12
61829 23
94479 14
88108 4
80120 17
71990 19
63609 7
7147135 3
143238 7
124269 5
64279 8
151948 14
186438 9
179718 7
83489 6
70199 14
144718 14
81209 3
161739 14
84310 5
105688 11
95149 15
75179 23
75759 19
112469 2
180478 15
119928 1
160738 2
94818 22
66030 13
136768 19
118948 17
71759 20
7203655 12
9534447 3
60009 13
78669 18
85759 19
141748 15
132039 4
109628 8
65119 13
57299 22
95019 5
88209 18
46369 9
55500 21
39117305 6
88299 1
58169 8
191368 17
121589 0
75519 10
82289 1
159218 18
99469 7
211388 11
305626 11
124309 20
72209 7
85979 22
473524 18
84959 20
253177 0
6826878 12
49090 9
82339 3
110339 4
74359 3
130728 2
46000 9
184097 2
120259 19
69229 8
88039 2
144768 10
75549 13
379535 4
93069 19
62969 20
122059 1
95299 13
26834942 3
1855648 6
88018 15
114408 13
97559 22
68919 20
102019 20
77329 6
65449 21
9833363 3
96630 19
175888 1
69490 11
216168 16
168558 21
81839 17
121998 23
156638 8
79079 1
77469 11
191137 22
206448 21
160178 16
92499 23
115119 15
105209 10
44000 9
123788 23
217657 12
169748 23
191918 21
86479 15
68399 10
100368 17
111438 12
76689 14
120719 19
154298 8
212488 18
162889 17
246557 8
95438 22
82519 8
113149 17
114819 4
65999 20
