10209358 1
840 0
600 0
210 0
420 0
140008583 1
420 0
330 0
420 0
3720 1
200 0
250 0
2190 1
2650 1
2210 1
2100 1
340 0
250 0
210 0
1970 1
2420 1
320 0
380 0
13560 1
2200 1
300 0
420 0
380 0
320 0
520 0
280 0
2420 1
1860 1
250 0
220 0
2110 1
2110 1
1960 1
1820 1
350 0
410 0
1890 1
2170 1
440 0
300 0
2490 1
2260 1
240 0
2500 1
270 0
680 0
4480 1
480 0
2450 1
2300 1
2420 1
530 0
560 0
300 0
360 0
2429 1
300 0
331 0
2169 1
491 0
2789 1
300 0
2080 1
2051 1
280 0
1860 1
3351 1
409 0
291 0
2509 1
810 0
2290 1
220 0
300 0
2050 1
2420 1
210 0
2090 1
490 0
250 0
2380 1
320 0
430 0
380 0
330 0
260 0
2100 1
210 0
2190 1
370 0
330 0
250 0
310 0
320 0
1930 1
300 0
320 0
4080 1
2500 1
310 0
420 0
2640 1
560 0
2620 1
630 0
440 0
2010 1
2650 1
730 0
440 0
2340 1
2210 1
2440 1
2070 1
380 0
270 0
260 0
380 0
2700 1
2250 1
2250 1
390 0
360 0
230 0
2050 1
540 0
350 0
4309 1
2780 1
491 0
2480 1
500 0
420 0
329 0
320 0
420 0
2240 1
440 0
380 0
300 0
191 0
1960 1
300 0
351 0
2080 1
3900 1
440 0
2500 1
2160 1
700 0
350 0
700 0
2980 1
2840 1
280 0
2620 1
2620 1
240 0
330 0
1870 1
2230 1
380 0
2410 1
2110 1
540 0
2580 1
510 0
570 0
310 0
2539 1
540 0
2180 1
380 0
560 0
1880 1
2180 1
500 0
360 0
311 0
540 0
340 0
2229 1
3020 1
2620 1
340 0
2330 1
1990 1
2080 1
320 0
230 0
530 0
2180 1
2120 1
2050 1
2440 1
4150 1
380 0
310 0
320 0
390 0
590 0
2600 1
250 0
2350 1
490 0
2120 1
370 0
2400 1
2290 1
490 0
450 0
1730 1
1990 1
2120 1
1940 1
2310 1
2469 1
811 0
289 0
431 0
1800 1
2489 1
3200 1
360 0
2031 1
2069 1
1700 1
1940 1
2580 1
2720 1
1880 1
2220 1
570 0
2910 1
2250 1
330 0
290 0
2070 1
430 0
490 0
2160 1
1980 1
260 0
1930 1
230 0
420 0
3270 1
830 0
2450 1
7330 1
2260 1
2480 1
2240 1
820 0
410 0
370 0
340 0
2000 1
2330 1
360 0
430 0
290 0
9320 1
430 0
270 0
2060 1
270 0
2160 1
300 0
390 0
2420 1
210 0
2110 1
2600 1
840 0
2100 1
370 0
2009 1
2451 1
449 0
1820 1
2151 1
2231 1
580 0
360 0
220 0
340 0
369 0
2071 1
2040 1
2220 1
571 0
2020 1
1749 1
290 0
570 0
3130 1
3380 1
610 0
2180 1
490 0
330 0
310 0
450 0
310 0
210 0
2440 1
2130 1
470 0
2130 1
2200 1
250 0
410 0
500 0
10310 1
470 0
2560 1
340 0
270 0
2250 1
2150 1
260 0
2040 1
330 0
2270 1
2550 1
440 0
1980 1
400 0
380 0
360 0
510 0
1980 1
520 0
2190 1
2510 1
2689 1
2569 1
2311 1
549 0
2340 1
380 0
1889 1
2431 1
2000 1
3120 1
310 0
2140 1
2950 1
520 0
260 0
2510 1
450 0
620 0
2080 1
3860 1
2650 1
570 0
430 0
2830 1
3040 1
2450 1
350 0
2270 1
450 0
260 0
1900 1
3130 1
330 0
1970 1
360 0
2050 1
1730 1
280 0
260 0
490 0
330 0
370 0
2520 1
490 0
210 0
2140 1
480 0
2060 1
500 0
350 0
240 0
2030 1
2510 1
1900 1
2439 1
1991 1
380 0
360 0
660 0
4380 1
3000 1
530 0
440 0
3420 1
680 0
410 0
2240 1
3470 1
2160 1
2370 1
2530 1
490 0
2180 1
2740 1
980 0
2430 1
2010 1
2270 1
280 0
1820 1
310 0
2180 1
420 0
1820 1
410 0
350 0
1920 1
550 0
1940 1
2390 1
310 0
2240 1
2120 1
2620 1
480 0
250 0
1920 1
1800 1
440 0
510 0
2120 1
350 0
460 0
1910 1
320 0
2099 1
2951 1
2280 1
2340 1
3890 1
2590 1
2710 1
2160 1
1900 1
2480 1
430 0
2410 1
2180 1
360 0
350 0
2450 1
280 0
2390 1
2550 1
700 0
1750 1
2300 1
640 0
3000 1
500 0
440 0
470 0
2330 1
2790 1
860 0
470 0
440 0
350 0
2080 1
2440 1
2150 1
400 0
330 0
290 0
2310 1
220 0
2490 1
220 0
3329 1
291 0
2509 1
271 0
2100 1
349 0
1960 1
2120 1
2260 1
2400 1
2069 1
