39389 0
29100 0
34100 1
36400 1
28909 0
32640 1
43979 1
49940 0
35050 1
29570 0
29520 0
28970 0
41279 1
32710 1
48400 1
37510 1
48269 1
34359 1
48830 1
46069 0
33050 1
34850 0
34449 1
32530 1
33639 0
35930 1
56330 0
32019 1
32820 0
34580 0
33629 0
33270 1
35560 0
37029 1
48010 1
33559 0
37750 1
32550 0
33899 1
36510 1
48900 1
33009 0
34800 0
37629 1
35499 1
43350 0
36559 0
37740 1
26340 0
24699 0
26770 1
23500 0
23940 0
25850 1
24860 0
25030 1
24780 1
33209 0
23789 0
23770 0
25490 1
24899 0
25079 0
25220 0
26950 1
25969 1
32810 1
27070 1
32679 0
25969 1
25500 0
28710 1
24759 1
33439 1
25790 0
26170 1
24730 1
33719 1
25160 1
32950 0
25359 0
24910 0
26870 1
31509 0
26610 1
25100 1
33559 1
24739 0
25100 0
25250 0
25249 0
25640 1
33340 1
25920 1
32950 0
26780 1
26760 0
26519 1
26539 1
34060 1
24310 0
26600 1
24890 1
32329 0
27890 1
24660 1
24839 1
24650 0
26230 0
27619 1
24319 0
25320 0
25250 1
25160 1
24600 1
24470 1
24500 0
30180 0
25990 1
25800 1
24010 0
26999 1
23889 1
25310 1
24540 1
24019 1
24260 1
23330 0
25570 1
24379 1
24329 1
24210 0
24810 1
25119 0
25239 1
24330 1
24550 1
24780 0
25490 0
26640 0
26430 1
24500 1
24600 1
24810 1
24520 1
24199 0
25939 1
25550 0
26830 1
22459 0
25229 0
22940 0
24330 0
26560 1
30650 1
23040 1
24530 1
24140 1
25359 1
24489 0
25090 0
25330 1
25939 1
32279 0
26520 0
26630 1
26139 1
32950 1
25540 1
34709 1
25229 0
24860 0
23850 0
25820 1
25649 1
31620 0
27380 1
24899 0
26050 0
24160 0
26110 1
24769 1
33300 1
24720 1
31210 0
25299 0
26240 1
24280 0
25379 0
23600 0
25240 1
24520 0
34470 1
23210 0
26260 1
24570 1
25219 1
24970 0
24810 1
23100 0
24860 0
23620 0
24399 1
24080 0
25340 1
26369 1
23839 0
25060 0
24940 0
25840 1
25729 0
26110 0
25230 1
25380 0
25990 0
24590 0
26080 1
24630 0
27200 1
25080 1
34830 1
26519 1
32600 1
24750 0
24470 1
24109 0
25840 1
23280 1
30969 0
24210 0
24950 1
24330 1
24410 1
24170 0
26770 1
23350 1
23290 1
23190 0
26740 1
25310 1
23920 0
25150 1
25430 1
25130 1
23550 0
24459 0
24690 0
26840 0
27399 1
24449 1
32290 1
24880 1
23960 0
24850 0
24970 0
26000 0
28420 1
24530 1
33489 1
24260 0
24430 0
24640 0
25579 1
24910 0
26980 1
32979 0
25749 1
23460 0
24430 0
24979 0
24090 0
25770 1
25500 1
32599 1
24870 0
26760 1
25070 0
24199 0
26440 1
24390 0
26849 1
25480 1
33520 1
24810 1
32779 1
25919 1
33200 1
26289 1
32369 1
24320 0
27250 1
23649 1
24110 0
26970 1
25660 0
25670 0
25189 0
24780 0
26020 0
25400 1
23070 0
25650 1
23920 1
24500 0
24429 0
26330 1
26140 1
24640 0
25799 0
24440 0
27000 1
24589 1
31800 0
26390 0
26070 1
23679 0
25849 1
23480 1
23960 1
24269 0
25150 0
24280 0
24530 0
25170 0
24539 0
25710 0
25270 1
24639 0
26419 1
23790 0
24760 0
25090 0
25860 1
25120 0
26020 0
24580 0
27570 1
25410 1
64659 1
25030 0
25540 0
20040 0
23559 0
25759 1
24160 0
25450 1
25739 1
24520 0
23980 0
24930 0
25060 1
22829 0
25189 0
25930 1
24850 0
24830 0
25360 1
24860 1
24640 0
27230 1
24229 0
26580 0
24070 0
24399 0
26599 1
26050 1
32720 1
19660 1
24149 1
25270 0
25670 1
25290 0
25700 1
25520 1
25100 0
26789 0
25849 0
24570 1
20450 0
25010 1
23239 0
23740 0
27000 1
23349 0
26720 1
26080 1
26010 0
31099 0
23369 0
27650 1
24990 1
25190 0
24810 1
24600 1
25740 1
25059 1
23950 1
24420 1
24730 0
24879 0
25330 1
23760 1
23330 0
25510 0
25479 1
24329 1
25020 0
26790 1
25990 1
23470 0
25030 1
23360 0
25759 0
26239 1
27350 1
24750 0
24820 0
26730 1
24360 1
23810 0
25979 0
25350 1
24530 0
33130 1
24889 1
25750 1
23650 0
24720 0
27749 1
24090 0
26660 1
24360 1
24589 1
24780 1
23960 1
23090 0
24369 0
24789 0
25560 1
27390 0
25889 1
25330 1
25100 1
24540 1
24040 1
25730 1
25330 0
25620 0
23810 0
24630 0
25060 0
23270 0
26250 1
24780 0
24490 0
24490 0
24659 0
24229 0
26830 1
25110 0
33030 0
25359 0
25220 0
23470 0
24060 0
26109 1
25660 0
24740 0
25030 0
24500 0
26160 0
25840 0
27219 1
24100 0
24990 0
26440 1
25049 0
25070 0
26200 1
24680 0
25289 1
24329 0
25490 1
25150 0
25319 1
25580 1
24110 0
27200 1
26489 1
26190 1
23370 0
26899 1
24860 1
24740 1
23980 1
24320 1
23699 0
26040 0
25190 0
31619 1
