195308 0
129089 2
123329 3
117429 3
115779 0
128239 1
137079 1
116189 0
127449 1
131359 0
125089 0
119369 0
118269 3
118639 1
153999 1
113759 1
177829 1
119709 1
121569 1
123999 2
119239 3
132819 2
121719 3
128079 3
119159 0
118339 3
116209 2
121829 1
122010 0
145249 0
111760 0
119530 3
110979 2
113379 1
134449 1
124419 2
123199 3
127489 0
117429 3
107889 1
113120 1
118019 2
127139 0
111859 1
117989 1
119979 2
127929 0
123409 3
112939 2
111129 0
121639 2
119450 0
122459 2
112320 3
139149 2
114189 3
115539 1
119709 3
119129 3
148439 3
128389 2
118649 0
149029 3
111399 3
114329 0
119189 0
123120 0
128888 0
119150 0
122519 1
124139 3
132519 0
121710 3
117949 0
124409 1
121189 3
118909 3
113669 1
119869 3
138169 2
117659 1
119640 0
113439 3
128679 2
121380 3
115899 1
119909 0
139199 2
120419 2
111769 0
115779 1
123669 2
124159 3
120419 1
116260 1
158298 0
113670 0
113219 2
120350 3
123389 1
121329 3
117709 2
121009 2
131069 1
127439 2
124169 1
129789 3
119209 2
120079 0
124089 2
118259 3
127879 0
119650 2
126668 2
126610 1
139059 3
128528 3
123659 1
117589 2
131119 3
118059 0
116079 1
120499 1
123449 1
131159 2
117819 1
117239 1
134679 3
125599 1
117950 2
118068 0
120070 2
132509 3
117209 0
116959 1
115349 3
121649 3
117249 0
120219 2
131359 2
139719 0
120609 1
118399 1
117110 3
128459 2
119639 3
120439 2
117809 3
123099 3
116979 1
123569 3
121149 3
139629 1
109899 0
119649 3
126139 3
135929 0
121279 0
119039 0
114779 2
128219 3
111260 2
124919 3
126069 3
132379 1
125759 2
122449 2
119809 0
145639 2
113759 0
126899 0
121729 0
120079 3
116979 1
118359 0
123508 2
153159 3
118870 3
115109 0
121409 3
129999 3
121659 0
109109 3
120049 3
126079 0
117979 0
115099 3
116220 0
118879 2
125868 3
126390 1
126468 1
119799 2
127379 3
112889 2
125229 2
118189 1
115979 0
117579 2
110949 2
117270 0
134739 3
118799 3
119519 2
121319 1
120249 3
122909 1
119839 0
127639 2
130579 3
116379 2
138899 0
154489 3
144409 1
143999 3
152209 3
192318 2
153799 2
170359 1
157129 3
155398 2
152559 3
155179 3
149329 1
148009 3
150659 3
168559 3
156849 0
152009 1
166669 1
154599 1
159689 0
159909 3
142909 2
163569 3
160389 1
151519 3
163999 2
160089 0
161449 2
145739 3
164979 3
158439 1
146419 3
150949 3
154059 2
156449 1
165079 2
187369 3
155239 0
154769 3
156689 2
147129 3
148129 1
154579 3
146039 3
149849 3
156579 1
154499 0
146249 0
141479 0
147459 2
158219 0
143799 2
148128 2
152299 0
144689 2
140289 0
146239 0
142279 2
146729 3
144929 3
151758 2
142030 2
157389 3
143249 0
141859 2
151779 1
163259 1
152759 3
145938 1
156728 2
145559 1
149679 1
150379 2
140899 2
148479 0
148658 1
151148 1
147489 0
150629 3
149939 1
142359 3
152409 2
143299 1
148478 1
145768 1
148988 2
155429 2
146939 0
154819 2
151399 0
146269 2
143259 3
148728 3
146009 3
146519 3
149879 1
160889 1
154729 2
150229 2
149028 1
148029 1
146429 2
143839 0
159139 1
148359 3
148159 3
150039 1
160959 3
153259 0
157759 2
145719 0
148368 1
167218 1
144379 2
142919 1
150049 2
159139 0
137349 0
142509 3
146179 3
144490 1
117299 1
112309 0
123409 0
106049 1
111719 2
111119 2
114289 2
128169 3
117799 0
127888 3
129319 2
131619 3
114400 1
115629 3
109419 2
110039 1
110009 0
109839 3
114070 2
127629 3
114279 2
118559 2
131799 3
124109 0
113649 0
114069 3
119699 3
110969 2
122269 1
112419 1
111880 1
112249 1
115219 1
116929 3
116029 2
128029 3
121739 0
107240 3
117330 1
124379 3
127359 2
120349 2
121979 3
119939 0
109209 3
118719 0
111480 2
112979 0
121809 3
119969 2
112419 2
119809 1
110029 3
128619 0
109779 1
115360 3
116959 2
118839 1
120209 1
110459 2
120749 0
113319 1
149299 0
110849 2
119069 3
117949 3
118590 0
117708 0
113259 2
113969 3
126929 0
116009 1
113559 1
119789 0
110479 0
114479 0
93879 1
78839 0
90329 0
81809 1
130369 0
111389 2
115459 0
117739 1
112039 0
113529 1
114959 3
128539 3
119299 3
110459 1
116789 2
111289 3
110249 2
115899 1
120819 1
115960 2
116789 2
120119 3
113459 3
115319 1
115259 2
112840 3
117388 3
114790 3
108479 0
118269 3
120429 3
109199 2
110409 1
117819 1
123330 3
125179 0
126619 0
112509 2
116299 2
114199 3
111229 3
115679 3
122019 3
124909 1
121570 1
121150 0
124970 3
109959 1
121179 2
117319 2
114059 0
116349 2
113649 3
108769 0
112139 1
125129 3
118299 2
118859 3
118979 0
125069 3
117369 2
127999 1
113829 0
165779 2
109839 1
109869 0
111910 1
117690 2
114209 3
114589 1
119639 1
117559 0
161359 1
118299 1
114989 3
111509 1
114159 3
113570 3
111119 1
109769 1
120239 1
113529 3
119829 1
122159 0
134049 1
117369 3
119799 1
112379 0
130208 3
119549 0
113739 3
122779 3
112939 3
113279 2
114289 2
115589 2
121059 0
125730 1
126319 3
127939 1
115369 2
114079 2
114909 2
122339 1
115039 0
121449 1
107720 0
117108 3
111799 0
119019 2
121759 0
129049 2
113179 1
120909 3
124819 1
113619 0
112990 3
111679 0
117549 2
111599 3
114049 2
117949 1
120209 1
117329 1
120129 1
115670 1
118710 1
117940 1
118479 3
119019 1
112039 2
120279 3
112599 3
107149 0
109108 3
102580 0
109269 2
111729 2
102819 0
107040 2
121249 3
104689 0
102689 2
105869 3
105509 2
106870 0
113099 3
114619 0
109849 0
138499 3
112309 0
103019 0
108359 1
107459 1
111559 0
111739 0
114069 0
104539 0
127849 3
107719 3
107249 1
102459 0
111159 1
113609 1
116979 0
106510 2
109149 1
117969 1
110679 0
108129 3
111159 2
108330 3
116099 2
104430 0
110159 0
110179 3
127689 2
111339 1
113439 2
125199 3
125390 1
113030 0
110629 2
125499 0
123069 0
107639 2
105039 3
110679 0
114610 3
111869 2
110149 1
107029 0
110769 3
124880 3
109799 0
111129 0
116019 1
113579 1
111359 2
107409 2
113589 2
112689 3
123039 3
109450 0
105509 0
109029 3
111479 2
116159 1
112229 3
109239 1
124129 0
126209 0
107789 2
104759 0
110819 2
105160 0
111919 2
108109 1
107969 2
115069 3
126149 2
105939 0
108840 0
108219 3
121059 2
107679 2
118139 2
106509 1
110390 3
116939 3
106229 2
106269 0
109949 2
115179 2
107029 3
106259 2
105509 3
109849 3
121039 2
106279 2
114389 0
113879 2
117869 1
110749 0
103069 0
109979 1
112169 1
151119 0
99520 2
105379 3
106419 3
118019 1
112989 0
106439 3
107869 1
106990 1
125699 2
114799 2
107269 3
118709 3
120719 3
109299 2
110099 3
111069 2
113229 3
114069 3
107519 1
114369 2
114239 1
114820 1
107190 3
102269 2
111469 0
115429 1
112429 3
105899 3
112410 2
112299 0
112499 3
111689 3
114539 2
107070 3
126219 2
115060 0
107829 3
117679 1
110609 0
115509 2
106559 1
104419 1
108959 1
117339 1
102039 2
104949 2
102259 3
106449 2
114859 0
113999 3
109589 3
112759 2
129459 1
105949 2
101220 0
109809 2
111139 0
108359 3
103799 1
108660 3
108969 1
108789 1
115869 0
104409 1
108800 0
116419 3
124588 1
110429 2
101429 0
110519 2
107729 3
115630 0
105059 1
107729 0
110469 0
126169 1
115559 2
110859 3
106310 3
118980 0
120349 2
109609 0
111459 1
116769 3
109289 0
109820 3
114710 1
108010 1
157619 3
104929 1
108739 1
113339 0
124219 2
114789 2
109369 1
113850 2
113139 3
117249 1
103879 1
106449 0
105759 2
114240 3
113909 1
109139 0
114379 3
124499 0
119769 0
113809 0
110489 2
112499 2
104950 2
105269 3
102179 3
105960 1
105459 3
121599 3
101879 1
109719 2
110369 3
122849 2
105260 3
106249 1
107689 0
119279 1
119549 1
111139 2
112539 0
102039 0
118009 2
107649 1
107789 2
112939 2
127099 3
116959 0
109280 0
110179 3
114100 2
106919 1
107119 0
107859 0
106679 0
108110 2
115789 3
103749 3
109039 3
112039 0
118049 0
110448 3
112880 3
112679 2
107829 1
120819 1
107229 2
107879 3
107179 0
113739 0
105829 3
107529 1
110109 2
114090 2
119199 1
105159 3
105029 0
115969 2
108039 1
113400 2
110819 1
109909 3
109959 1
118539 0
106229 2
112859 1
112280 2
114310 3
106649 3
107069 3
105289 3
113329 3
139009 0
107390 0
102310 0
101269 3
111329 2
118279 1
114389 1
115799 1
120750 1
113560 3
104599 3
104969 0
109099 0
106550 0
111979 0
107999 2
115199 1
117959 2
122519 2
106239 0
114019 2
114189 3
109549 1
121709 0
113119 0
120509 0
123739 0
108169 1
115839 1
112990 0
103959 3
106259 3
108389 0
118729 1
110289 3
116739 0
104649 0
111390 0
105159 2
112689 3
108169 1
108040 1
113919 1
115439 0
116179 0
112429 3
114929 1
112329 1
106089 1
108708 0
114289 2
104709 0
111029 0
114769 2
105779 0
106920 2
119449 0
107509 0
113319 1
106019 2
115019 1
118230 2
130488 2
118610 1
105569 2
111839 0
123799 0
105049 1
109379 0
118060 2
112490 0
122009 2
111729 2
122489 1
109299 0
107179 2
109639 2
112299 2
111339 0
114899 2
121739 1
104959 0
117759 0
113289 2
115209 0
113299 2
110630 2
112349 1
106489 0
150619 2
111849 3
106359 2
160579 2
112749 1
107220 0
112259 1
106170 0
118359 3
102839 0
106759 3
110799 1
114810 0
113370 1
117769 3
106959 1
111399 2
114389 3
104889 3
113570 3
111419 1
106729 1
103289 2
107379 0
104289 0
113980 1
117069 0
108839 3
109619 3
103109 0
117539 3
107120 3
112429 1
116459 2
109189 2
121129 1
104219 1
109869 1
111159 2
109569 2
117649 3
127109 3
112849 2
124439 0
113579 3
106710 1
110510 1
107429 3
110559 2
112929 0
111849 2
111789 3
110908 2
121750 0
117999 3
117809 3
116279 1
119689 0
112989 1
112709 2
111070 3
111849 3
103359 1
112609 0
107849 1
107180 3
111930 0
111880 0
107779 0
112489 0
122499 0
100639 3
93690 3
91289 1
92849 1
87279 2
