184498 1
110359 6
102860 2
98599 3
113889 0
130139 0
127619 5
114229 3
98989 4
119590 2
108268 0
103910 4
100199 3
116949 1
125799 3
130939 7
131379 3
141659 4
98349 4
87410 1
93639 5
98779 1
115949 0
104190 3
108779 6
107969 6
112139 4
135819 2
134499 0
146959 6
133339 5
135959 1
123439 7
133509 0
139319 7
99529 4
86689 6
86100 5
89519 1
90049 4
88760 3
94839 7
120309 1
104459 2
88800 6
99639 3
90209 3
103559 2
108690 6
117949 2
123919 1
127729 5
106709 2
97709 7
107789 5
98880 0
106019 7
95019 3
108819 6
133349 1
132509 7
140059 7
181279 1
136599 7
116149 7
112889 3
95619 1
92690 7
93579 0
96849 4
105339 1
110379 2
97129 5
97679 5
95339 5
91360 5
96940 0
99849 1
104809 5
98500 0
99089 3
127119 0
93279 6
101499 7
95699 5
94110 1
100059 0
96520 7
100330 5
106159 7
103149 7
124009 1
95790 7
101719 6
98519 5
96379 5
100659 1
101300 7
110199 7
103609 1
99859 6
113169 1
106940 1
93109 2
97769 6
81049 2
90229 0
88649 4
108749 0
85329 7
102560 1
117849 3
94559 0
111189 1
110139 3
138028 4
97750 1
94459 7
107299 1
102889 1
145378 1
82790 6
98239 0
93939 4
115929 0
114610 2
111250 4
118849 4
111879 0
125109 7
82049 6
88980 3
104169 6
101219 3
102199 1
107199 2
101560 6
107589 4
117509 6
118119 0
119089 7
140969 0
148139 4
101019 4
114399 5
97529 3
111230 5
90249 7
132669 7
106379 1
116449 7
98300 7
99909 6
104449 3
98209 4
103800 6
100440 6
181768 1
98600 6
107470 4
96599 7
103219 3
100709 0
104619 1
107529 1
107759 4
125979 6
108929 7
103130 4
100810 5
104789 4
98419 1
114139 0
96479 4
103890 4
130049 2
105329 0
98219 2
100120 6
112779 6
103060 0
98149 2
103099 5
99940 6
96429 2
121999 2
102839 6
94379 6
83510 7
75459 1
75669 7
95600 0
95259 1
88040 3
90699 7
102019 5
114199 0
119859 6
121169 0
126539 2
101680 0
110460 4
94899 3
100009 4
97279 3
115199 0
91319 7
106519 6
147389 6
111479 5
106429 6
109319 6
114748 2
84079 3
99639 4
98930 2
92849 1
104229 1
103179 7
103429 6
107989 7
96909 3
92289 2
107699 1
120199 0
137699 5
125519 4
105420 4
100330 3
105809 0
102309 2
102210 3
102189 5
118369 5
94249 1
105169 4
120389 5
105739 6
100909 6
107879 0
101219 3
101949 6
128919 2
113899 2
106749 6
100059 2
93859 3
107360 4
96019 0
101269 7
97389 0
104229 0
144939 1
93480 3
107970 1
101879 7
98869 1
96470 5
102709 6
101139 0
101199 3
121409 6
111249 0
87879 7
100969 6
100519 1
121429 1
99850 2
113439 7
92699 3
91739 0
121609 2
101099 1
82909 7
93639 5
110189 1
84070 3
91479 2
90399 7
105479 1
117069 6
139939 5
123370 0
106889 7
97079 2
94559 6
111779 5
106329 2
88669 5
89619 6
139209 5
85550 3
118129 5
114259 7
113259 5
133279 7
118269 1
82990 5
82159 6
124629 1
96639 0
96649 4
109390 0
116759 2
108499 6
90669 1
108350 1
114370 6
121809 2
132369 2
112559 3
116619 6
106729 1
101389 6
108799 0
91289 7
77619 4
87299 2
92910 7
76419 2
85880 6
93400 7
89519 5
89670 3
116539 6
106460 5
96649 3
94759 0
82340 6
92269 1
91149 3
108800 0
105260 7
109639 2
117969 6
118549 1
113089 0
118859 1
102379 0
84740 7
95459 3
107729 0
102090 0
86990 1
98639 2
109679 2
108939 5
125739 1
137070 3
110880 0
117999 6
104659 2
101289 2
101329 6
127219 4
105509 4
107180 5
115009 6
99789 2
94729 6
103200 5
103720 1
92879 6
105109 3
102369 2
101299 4
94779 4
124179 0
102869 6
97740 2
104020 0
99599 4
114139 1
98280 0
103500 0
105279 6
121729 7
96249 5
99539 2
108439 2
104730 2
98579 6
104909 5
116519 0
102480 5
102550 4
123529 5
98119 1
102849 0
109119 1
99459 3
104879 3
107699 3
99319 6
93240 0
114539 6
102719 7
80959 5
87120 0
94869 1
100909 1
102390 0
127219 5
128239 6
120089 4
123219 3
108889 7
102309 3
99439 0
98099 0
87729 1
97469 0
135249 7
111329 4
122659 4
103219 6
94519 5
102979 1
99429 4
107600 2
104080 4
107959 5
103979 3
129139 5
117249 3
122249 3
100290 0
108320 3
129589 4
151079 4
167458 0
151679 6
102169 1
96029 1
101350 1
99569 1
110039 0
99669 1
105550 2
99959 6
139909 2
89859 4
101790 5
108079 5
95409 2
99999 5
96740 0
108990 1
106090 2
104859 4
119859 5
101479 4
97319 4
100619 6
105149 4
100119 7
101349 7
104189 5
105739 3
105219 1
122679 7
98969 0
96710 2
99720 2
102529 4
100829 6
109030 5
105559 6
100879 5
124159 7
112999 6
92509 3
93820 1
79679 3
88569 2
91580 7
89639 1
97709 5
106939 5
93660 7
144909 3
122640 6
118939 4
110859 5
98069 7
103249 5
108840 3
105850 5
113619 5
90069 0
93720 3
109679 7
111160 3
119929 1
125099 1
116119 2
113639 4
90480 3
102089 4
104989 0
107939 5
108879 4
100410 4
105400 0
114189 0
98789 4
126839 3
143439 0
142049 3
110929 6
110079 1
107120 0
96850 6
96239 7
102349 3
109779 5
120079 5
97720 2
105569 1
99739 7
106009 3
103079 2
106250 5
105799 6
102069 7
132869 3
99399 0
100299 6
104370 2
103929 1
101089 1
104079 5
101569 1
101649 0
110879 1
156769 3
98179 3
111669 5
103810 0
105789 0
103459 4
105919 2
111419 3
107110 7
124170 3
98300 0
93979 7
99559 0
102070 3
109510 5
105639 5
99289 6
85940 5
109110 6
100129 3
89339 0
84570 0
93480 6
314368 0
110530 3
131270 5
138230 7
101030 4
102059 4
103739 5
106639 4
107759 5
100049 3
94839 2
105539 7
130939 6
118440 0
106448 7
128909 4
102499 2
91169 7
93830 0
103620 1
109429 5
101009 4
116059 1
95649 1
93229 0
115449 5
104349 1
109619 1
122609 7
183459 4
126589 6
104529 2
107489 7
99009 0
95940 1
86789 5
83910 0
77880 2
71549 2
74810 3
88949 7
92390 6
79970 5
85149 7
111409 0
119909 5
93959 7
79979 1
77909 7
77239 3
97779 0
118409 1
114750 4
111370 5
103170 5
122569 7
107989 6
91299 2
96490 4
93240 7
104429 0
120869 0
104069 2
106970 3
120989 7
109599 5
117199 1
101539 2
107739 3
99700 0
160758 4
103100 0
97399 1
103159 2
94019 1
98619 2
99840 5
99709 2
99489 1
109299 2
124510 3
97310 7
104549 5
108269 0
101809 6
108360 0
107299 2
115179 5
105859 0
115699 5
128559 3
100230 4
101979 5
103089 5
100219 7
105829 4
116869 3
103329 2
122799 6
99139 4
107539 0
99339 6
100430 0
96560 5
119169 2
109359 2
118449 1
123219 3
99239 0
106830 6
99139 6
104729 6
89979 5
82749 4
81529 7
83210 3
71640 2
99719 4
105630 5
91850 0
88819 7
115429 4
125329 0
150649 0
127939 1
105039 1
105689 5
130319 6
101329 1
103529 6
89799 6
99560 2
109889 1
110699 3
124349 4
120219 1
139289 4
98019 2
91180 4
81930 7
95839 5
105019 1
105149 4
99919 6
92529 5
100129 3
137059 3
94690 6
118669 2
110829 3
113919 7
106029 1
100489 0
100850 3
108969 2
135299 3
96359 3
100029 5
99580 3
104180 6
101859 4
104199 7
105579 7
112720 2
122639 0
66970 1
97769 6
101580 1
102399 2
98959 2
96089 3
100749 2
107759 0
108449 1
130399 7
104559 6
97179 6
100959 7
105229 3
103949 4
117619 3
99139 0
111169 6
121999 7
98050 3
103359 1
104259 4
111739 3
103480 7
115639 4
103809 6
109119 7
113139 2
120319 3
101779 7
95760 7
102729 5
110409 0
95479 4
97159 3
98009 0
100199 4
83920 4
114149 4
101749 4
77569 4
108619 4
96820 6
132229 6
116359 5
117299 4
113609 3
118009 1
102289 4
104599 4
96890 6
88189 2
108999 6
93920 2
113019 6
108589 6
138959 4
117319 2
102899 4
102799 7
84619 4
93359 6
95959 2
94290 4
94229 4
102499 2
122329 1
85439 7
102580 4
105949 4
115399 7
139249 0
120639 1
114009 4
116859 6
133659 7
110248 6
99569 0
96959 2
98029 3
94840 1
103100 6
97579 5
101709 2
100160 7
122459 5
92480 1
97629 4
92130 7
97120 4
98769 4
100659 7
101649 7
85660 6
104459 5
144459 2
99099 2
109399 2
95400 2
98159 2
102809 4
97739 7
93399 5
99590 1
120299 7
100679 5
99369 7
98359 1
98999 5
100599 5
101589 6
106110 7
109289 7
99269 4
117059 3
99309 6
102530 5
98070 7
91429 0
94319 6
80480 7
101139 5
84569 7
88200 1
110300 1
101399 4
123989 7
111499 6
123389 7
94009 0
87939 0
97689 0
110289 2
97329 0
126979 2
92199 6
92839 6
88530 6
103299 5
272018 7
95749 4
99509 6
122509 6
97590 4
82530 6
80199 3
87290 0
100509 6
94429 2
97679 4
94430 2
105969 4
134599 1
97359 7
81420 6
135479 4
206509 1
178109 1
124708 3
122909 6
103939 0
93659 0
77750 2
75670 2
76859 7
66590 3
67629 0
79960 7
79239 6
81139 4
81230 3
87379 1
114569 3
96759 4
85389 2
74270 1
85549 5
72669 2
105410 7
98140 6
102479 2
105549 1
133569 6
99489 5
99390 4
102250 3
82109 4
81469 4
92149 6
101279 5
90759 5
94470 2
94779 6
159389 2
117609 0
107649 6
106729 6
95770 0
104699 2
105309 7
109109 7
103029 0
125169 2
96459 7
96519 5
99089 6
94829 5
97620 6
105289 1
101589 6
99709 2
116750 6
106170 2
97819 2
103389 0
104089 0
99979 1
103340 2
93049 5
108949 6
98339 1
125099 6
97800 5
94279 4
95849 4
101010 1
100380 0
107719 4
91739 7
114829 0
99670 5
127659 1
101130 1
94759 4
93480 4
98240 7
109719 0
103739 5
99409 2
95120 5
87960 7
99819 4
85809 0
76189 4
91549 0
97859 0
94689 2
111589 6
112159 1
109989 3
118629 6
125639 7
96520 1
100439 2
96759 1
95969 1
86570 6
103749 5
107819 4
104989 0
100400 0
118259 2
102219 7
89669 2
83490 0
85109 3
82629 4
84300 4
82999 5
80079 3
82730 0
108369 4
155189 3
155738 5
102989 3
118149 3
116819 5
