193248 10
53869 2
46990 6
45620 11
41509 22
43239 13
41919 4
53790 6
40660 0
38819 5
45550 14
44140 7
44319 13
39750 0
41809 17
43870 21
41809 14
41300 8
45869 21
42360 2
43019 22
38990 18
45809 10
46200 5
48279 8
45440 0
48009 7
47960 0
43980 19
40140 12
54650 23
41329 12
42590 16
41069 20
41860 19
43739 4
44880 15
39999 15
44190 8
41629 12
40090 10
41889 2
41610 0
41859 18
43370 20
39209 15
46610 21
45599 13
48560 12
48729 12
47870 16
41469 21
64119 5
40400 17
44169 20
45120 8
44159 10
228417 8
43200 21
41120 8
44119 10
40400 4
43040 9
41900 21
44070 8
40640 22
44170 19
43849 22
43660 17
41800 8
42989 13
52979 4
46300 11
41449 6
43970 13
41519 19
42720 0
39159 7
43090 23
41339 4
41140 23
44229 21
40610 11
46599 0
51850 15
45019 17
47060 6
45470 16
50150 19
53060 7
46849 2
51169 19
45449 11
57049 5
40040 15
41790 16
38609 10
39580 4
38590 23
43859 9
234877 21
40339 5
41900 22
41719 4
40430 5
42849 11
45470 0
42320 13
49809 19
43650 20
44509 17
40670 10
59939 9
46440 10
50879 4
47019 20
42019 13
41490 6
42980 7
40669 18
41359 18
41320 12
41949 21
42820 15
40450 18
42699 8
41369 18
41669 22
42240 18
42150 10
40040 12
43339 0
42249 7
46340 12
39470 6
49609 12
41250 5
42649 8
39269 18
45000 14
41930 20
41029 9
40339 6
42979 14
41340 19
42750 4
44449 6
41140 15
40629 9
39560 0
39659 16
40039 22
39139 19
44330 10
39350 8
41750 22
41349 12
44230 5
57879 17
46279 20
49990 9
46069 19
47790 4
40809 22
43560 23
39299 4
45600 11
44909 14
44769 2
41059 22
44099 20
41299 1
45130 19
45370 5
49520 6
49200 15
48439 19
45410 19
40499 3
41930 5
55529 22
43709 20
41700 0
42480 9
41290 22
42940 8
40989 8
47440 1
43670 5
44750 6
48420 6
43429 8
44480 12
46259 18
45840 22
45099 8
45080 6
39459 10
46630 8
41729 12
43950 10
41399 8
45650 22
78569 1
47129 5
48580 12
46880 8
49019 8
46120 2
47009 21
48130 4
46999 6
48449 8
49380 10
45939 12
43600 17
45509 18
49360 19
50799 20
51509 12
45420 15
48189 5
46690 0
59599 17
48050 19
46809 12
46460 8
41680 4
44839 4
44620 13
47009 2
46640 12
51659 4
52200 8
47530 0
47019 13
46600 14
50489 3
49070 20
49959 1
45920 13
48989 22
50489 17
49940 7
59139 0
51440 4
50769 5
59719 3
45249 2
44990 2
45240 19
45470 17
44599 8
48790 3
49099 21
49710 7
48089 19
46630 22
52160 12
51919 10
52010 1
49359 7
43350 14
46039 8
52829 7
43489 2
46669 20
46620 10
46469 10
47920 13
50159 17
50470 17
52459 7
52179 21
53569 7
47439 8
55679 11
48540 21
45969 18
51810 0
45199 11
43079 12
44689 4
48740 22
48350 13
56669 4
45700 8
45619 18
45240 3
46809 2
50890 5
51699 2
47439 10
48410 11
50399 14
46469 22
49440 7
46290 8
44710 5
45889 8
44460 15
46619 6
52810 13
48689 15
49689 10
65499 13
52629 22
47700 13
45689 13
44449 1
46180 3
43329 17
45920 0
46409 13
45080 10
47419 12
46239 16
45449 18
46050 8
45079 11
43989 13
46380 12
45229 12
42520 5
42319 11
45190 5
47189 8
58520 19
44649 5
45849 18
49420 1
49279 12
47900 14
51559 20
49180 10
50210 4
50529 18
48840 8
44719 8
45480 12
45890 18
47980 23
51110 17
51359 17
48280 7
46489 9
45569 16
60820 7
46579 5
46790 23
47209 13
45910 9
44649 21
48120 20
47729 0
49210 17
49229 4
49109 13
46450 17
45749 9
44130 22
46459 22
47599 0
44999 6
48929 7
48060 8
54759 16
53840 18
63879 21
49009 10
53230 19
48010 1
50979 8
47780 17
51069 11
44140 12
44379 23
45260 21
46089 18
44100 13
42810 16
44509 23
49540 10
45949 4
44910 2
43159 0
44630 0
47459 12
51640 2
68889 13
52249 2
51610 9
54809 13
53149 12
54590 10
55249 1
47039 19
47610 1
47689 18
46420 13
48689 21
50519 6
45379 23
45900 14
45210 3
48619 1
46030 5
46749 18
49270 4
108518 15
49080 18
51649 6
50389 0
46229 17
46350 0
46560 10
52009 1
48080 0
49449 11
48700 2
43110 18
43799 16
46629 20
48959 5
45050 10
42579 0
49870 19
46149 4
44089 0
63309 6
46679 2
45210 21
44759 2
44100 7
44759 13
46310 22
46170 2
44589 17
47109 2
49449 9
45410 3
44589 8
42740 16
44009 5
42660 1
44289 6
54140 16
48009 11
52670 15
53779 0
63429 12
44990 21
53729 7
44599 3
50870 19
49869 1
48560 20
46710 8
45350 20
47660 5
50629 10
47950 10
48089 16
49530 9
46759 21
49089 4
48910 17
50789 16
47440 12
48279 5
62499 15
46420 14
47739 2
50110 18
49739 13
49340 5
45840 12
49089 4
44820 4
43099 6
49450 12
46649 23
50090 9
49299 0
50919 10
49740 18
51109 7
45410 18
48730 14
45000 23
61460 15
49769 20
50140 2
47090 4
49879 4
45939 19
48719 19
48780 1
48239 21
54389 16
45259 3
44239 17
44089 17
47339 10
49210 2
50529 20
47379 6
52629 7
48939 5
50930 23
51749 23
56399 15
44930 11
47390 11
56060 14
52989 2
53290 1
53089 1
54929 9
52869 20
51290 14
47159 7
49830 1
49299 4
49699 18
45919 2
49029 21
44749 17
49239 4
48780 3
62359 7
48679 0
47070 23
45829 18
49350 9
50799 14
50440 2
47819 22
45969 22
56400 15
46669 7
45470 14
43319 20
50209 6
44129 19
45780 16
44659 17
48169 12
50090 0
55719 3
50789 22
60849 9
51769 17
51290 0
52969 0
53419 21
54660 1
51139 10
48910 11
50359 1
51069 0
47660 21
47649 22
50310 23
48979 11
50059 22
47720 15
45099 18
47530 23
49239 8
52080 22
68230 8
49799 11
49979 18
53599 4
50719 9
47960 4
46719 1
44580 13
51940 1
49319 17
53780 19
46619 12
50990 10
55550 5
51159 12
53490 19
53079 11
49260 5
46479 11
63269 21
50909 2
49220 2
46689 12
44940 11
46939 23
44870 22
45889 12
50300 11
43159 14
45069 19
45240 2
44529 3
47780 11
41909 17
46499 23
44479 0
47220 3
44999 20
48600 7
50529 17
102099 20
49879 4
48050 19
45179 11
49179 0
44240 3
51270 17
56399 20
51729 7
51639 6
49229 5
47039 1
47650 8
45309 1
46810 15
44909 4
46690 21
45140 12
46900 22
47990 17
62359 8
50520 7
47959 8
52349 23
51540 22
47559 8
46870 13
43839 14
47770 18
45129 0
52139 0
49520 2
53489 2
47430 8
47310 4
51919 21
48730 9
50729 2
49520 13
54909 15
73489 4
50360 14
53680 10
46489 13
53620 1
50019 5
50049 4
43900 1
45500 18
44510 18
44559 15
44220 22
46339 21
42380 11
43609 17
42330 20
52609 1
55670 0
50789 13
58749 22
64840 7
51580 5
51139 16
54089 6
47809 13
50639 4
49370 23
46769 4
52450 19
49319 8
50099 18
50109 8
42779 18
45380 23
50299 8
48410 2
49179 18
47630 23
52480 7
48729 12
67519 6
51629 8
51399 23
50270 21
46909 19
46499 2
46080 22
49199 9
49090 22
47749 9
52379 15
45870 11
45939 14
45159 9
45279 19
49940 10
45089 9
50310 18
43869 11
44689 3
59889 22
50419 2
46280 13
50379 18
51380 4
46610 13
43660 17
45380 3
47709 22
43590 20
44759 18
44280 3
44169 3
43220 23
49759 10
49419 23
52079 19
50919 8
55910 21
50189 5
50969 11
64909 15
49619 5
51009 16
56249 5
52709 0
49510 13
48159 17
49850 2
45740 5
46469 23
47860 4
53989 7
49749 6
48779 10
49359 19
48820 18
48519 11
47900 11
49959 19
49429 16
60569 22
54159 6
48720 1
53380 19
49919 14
49430 17
45429 4
50849 16
52240 16
48959 12
50510 23
55129 23
46800 0
49400 0
50269 12
47590 6
44279 0
44900 6
51449 12
45309 15
67769 4
49239 20
46720 2
45369 2
46370 4
51520 6
51549 9
51870 18
53089 23
53309 14
52279 9
46969 7
49190 14
49639 7
49160 10
48370 0
52759 12
50720 14
45449 5
71439 17
52720 21
51209 13
53810 4
52210 20
54209 10
48480 0
50440 20
49789 15
45950 18
48859 8
48810 17
46689 13
43030 7
52850 4
51109 18
47640 16
49649 18
46129 4
48809 15
98179 13
49129 4
48450 9
48459 12
44290 5
47770 17
42929 4
47829 0
43220 9
46760 14
43929 2
45920 1
46209 3
48720 12
52199 7
51320 20
52310 4
46929 20
50500 19
49939 11
66349 7
50860 17
51569 10
49749 20
51559 5
56139 3
49679 0
47669 7
49449 16
46070 6
42899 12
50590 12
49239 16
47800 0
49259 20
47930 4
44720 9
49729 22
48600 8
47569 5
57869 14
47020 6
47520 5
46530 2
42859 9
48130 20
46649 14
50430 2
49679 23
52469 10
44929 16
41159 14
46250 19
42209 23
47500 17
45529 11
46620 21
47629 3
50130 1
50790 19
56089 2
57680 23
53290 22
51989 20
49890 23
48979 7
48369 14
50109 1
48999 11
48790 11
45589 3
44240 10
50959 5
51360 14
50310 21
48369 8
45100 5
47799 6
46220 23
51129 20
47749 2
58269 14
48239 13
47550 9
48649 16
44169 13
45299 12
48169 16
48869 6
50679 10
53909 18
49610 17
49830 18
49749 16
50269 5
47650 20
53629 2
50659 3
52370 18
51129 11
52480 10
54589 9
54839 12
44840 19
48689 23
46529 17
48859 1
43970 1
52610 16
42659 11
46420 10
46159 18
46960 15
51089 3
49030 8
56490 6
45959 7
43900 14
50369 17
46649 7
46119 11
45179 16
51839 14
44249 2
44510 13
47579 13
56439 2
54989 23
50719 14
49690 17
56679 8
54949 14
52249 12
51319 23
51299 17
53590 7
48549 6
45700 22
47989 22
43890 22
50579 13
51720 12
58960 17
48109 11
43260 21
47229 7
49769 21
57030 11
50499 9
54660 14
51659 1
54729 3
51820 0
51729 13
50049 3
52240 11
47809 19
49090 8
51039 23
50400 4
46989 3
55859 12
44110 2
45979 17
46740 8
47599 16
52649 9
47419 22
50859 3
49120 0
49199 17
46810 18
50869 6
50259 2
49480 23
52399 1
51820 21
48249 4
49469 23
45970 9
47559 11
71780 14
46530 10
49739 4
41550 14
44459 19
45280 17
47449 8
44900 15
