40046890 8
19984720 10
79977312 0
144818 1
26310 2
29112139 8
37110 10
39949 8
22680 3
23440 2
59509 5
10548745 6
49650 10
99937792 7
20087359 6
17907962 9
151008 0
27810 2
75989 9
1806912 6
39936451 10
25040 2
36329 0
159943363 7
10031580 1
29965421 9
25780 2
27380 2
60779 9
71049 8
59990 9
60549 6
40798373 7
60639 10
18590 3
18823882 4
159996153 8
120017002 1
19972631 0
10048580 0
49280 11
10061460 10
35869 1
49805623 7
66249 3
86779 4
42230 4
18740 3
19787292 5
79002161 4
1070960 7
33389 2
9933521 4
28310 2
46359 4
19886781 0
79004381 7
20996980 0
20038850 5
39560 1
58669 5
19869562 0
70039540 6
1971121 1
35249 1
17948770 8
61160 6
26610 2
89903733 8
148518 10
39930692 4
39926271 10
90008381 9
10027530 3
66299 9
941330 6
56660 6
54489 6
18883141 4
61539 11
27189 2
29872721 7
55570 1
31679 1
32969 1
19880062 9
80000751 7
70010911 8
96509 1
109893372 9
18999711 8
41027070 6
1022530 7
28947741 11
26570 2
50015870 9
98139 7
59900 6
58689 6
59752814 1
20015660 11
110809 6
34059 1
33920 1
69810383 5
19989520 9
20195858 11
12800042 6
7068279 9
89948652 4
57080 6
19975400 7
17941751 3
12129829 11
20065970 6
38739 0
39783083 5
1037649 9
18972490 5
60650 4
60229 5
9944351 1
79926132 3
120339 1
30720 1
89830653 6
30052420 6
10006780 8
39993461 9
19951111 4
115388 8
19894471 7
20001490 4
19988110 10
36079 3
89369 6
10005370 5
59150 10
34729 3
57179 10
118713245 0
31519 3
40992031 10
65129 9
119927603 0
79993451 1
20041650 7
60449 9
7940061 11
57810 11
31886741 1
29999901 0
120014032 0
63650 11
79931602 8
34550 1
59059 7
89913542 6
19990660 7
57749 7
56530 7
79938812 0
99954852 4
90106030 4
39901961 0
64039 7
40319 1
55780 10
38799 0
8864102 3
50931881 9
9038980 9
10975610 10
27680 2
39969941 4
1017570 11
59739 7
9017240 10
57160 9
26490 2
58820 10
29743093 4
39039 0
139961063 9
52997641 8
87090450 11
64750 4
57770 5
835992 1
62929 4
28943251 9
50006641 8
24419 2
69930922 3
32250 2
39949591 1
40008830 1
67229 6
61569 8
69859283 7
26359 2
39992660 10
27080 2
41165999 5
108797034 1
40007360 9
69980781 0
70012010 1
19990280 0
10049120 10
25310 2
37670 3
63179 6
19889012 5
62049 9
55630 9
29639 2
55520 10
55019 9
19676234 3
59996501 3
28339 2
79978071 3
110004981 9
40274878 7
19727603 1
28999 2
10014920 5
55479 10
29892901 7
20006191 8
40151330 4
8886981 8
50963461 3
19990820 5
19998841 3
65199 10
159944983 5
40106430 10
64869 11
60880 8
119744215 1
71149 4
119944723 8
19997520 4
18036210 9
21967450 3
19992260 3
10037970 5
67954081 1
59489 10
56819 5
131891433 11
74929 0
19936131 7
54950 4
19935761 10
38995381 9
57530 10
54599 6
998810 11
118881673 3
39103840 5
11903661 4
60369 5
28229 2
39995431 1
27529 2
18891751 11
58299 7
54260 7
20887881 4
40091730 3
20905151 6
158997403 11
64239 11
24630 2
59919972 4
2035569 6
17965101 7
90006811 10
57980 5
40925391 9
55960 5
28983141 1
49973471 5
179988433 11
32700 2
99979112 6
107339 3
39902062 10
28520 2
132558 8
19841013 4
19980381 0
19997550 0
19999510 0
19999961 11
89995752 5
63629 4
39950251 6
27460 2
30589 0
60930962 6
62259 9
34200 3
87900382 5
1064950 7
29995240 4
25980 2
39926851 6
38991501 5
19997470 11
1111439 4
63550 11
57809 4
19775963 0
27239 2
55740 11
28729 2
20870211 3
55790 4
24150 2
24960 2
58904062 9
20007740 5
20004741 6
220138 4
139763435 1
28449 2
60031760 8
78943792 6
140991392 0
78006222 8
30200 2
57820 10
131914322 11
19989400 1
20020110 8
19989340 11
20058170 10
8052730 4
11892701 8
30988841 0
48036760 7
58669 11
43730 3
58760 11
56710 11
36979 0
20735522 10
98959 8
19882582 3
19998440 4
100003522 11
99039 5
39893532 0
70000591 6
19992540 1
60011111 0
90063481 5
49933921 10
118559 11
33840 0
58179 10
56249 4
19741483 1
71022210 3
18970871 11
140009262 5
99987382 6
27760 2
25450 2
25830 2
99925142 4
58900 7
19993860 6
169944453 0
20011101 5
179984573 0
106028 8
33619 1
26210 2
9949111 11
79897842 6
95579 10
32020 0
19873731 11
138980832 3
34480 1
4018730 8
27009390 5
70080461 10
9952860 1
67489 11
19844742 8
20056729 11
39956562 8
30042380 9
28639 2
9969201 7
1040959 4
28904872 9
26849 2
91970421 10
98012492 4
107989001 9
32031481 0
28990400 3
34690 0
64229 10
100882843 1
89991472 1
110013961 4
50048751 10
49969392 3
37909 0
39945121 10
28620 2
24650 2
139930893 0
36849 0
35590 1
39945801 10
19987061 6
39997910 6
20103740 10
59996091 7
36079 3
19908711 5
59975472 11
2003910 1
58279 4
17932531 10
9015230 0
100975292 1
20021990 1
66229 8
129917593 10
19994401 0
2140738 9
157854364 1
320017305 7
38400 0
61929 4
29790 2
33370 0
19830812 6
39988400 1
128708 10
209885585 7
27539 2
23850 2
973510 8
96955161 11
24689 2
2044030 8
9982420 9
53790 9
9953440 11
39972331 1
19978271 0
30729 0
31739 0
119942503 3
99993082 4
192198 1
32710 1
26400 2
119756664 9
49730 0
39943741 4
90028141 1
19960481 0
113489 9
54659 9
19848742 8
20002340 8
65620 6
27979 2
19947071 5
55690 10
57939 11
17831132 8
33920 3
32809 3
41968321 0
69976412 4
61649 4
19944721 9
69980371 6
137992513 3
121000202 3
1051079 11
149953283 4
20017570 7
33840 3
40034450 6
19920091 0
60000731 9
57620 7
33319 3
55570 6
159844884 5
40012510 5
105258 9
26560 2
59589 10
882381 0
62669 9
58896582 3
53599 0
59310 1
59669 11
35180 1
19761433 4
8033680 8
56130 10
55669 10
57470 9
80786533 5
1046530 4
19953000 1
8040679 8
34056440 5
17908952 11
76370 1
29940391 6
58509 9
9949361 3
63319 4
39913002 5
150188 10
39869092 1
18971021 9
51233558 11
19765163 1
20035080 3
118966192 10
21001601 7
34099 3
159971433 0
19998330 6
58849 5
9989460 9
58220 8
69887162 3
130074061 1
39933862 5
80003632 11
20181148 9
61110 10
19813392 6
65169 9
971300 8
34959 3
34010 3
18831782 5
39994011 7
56429 10
57659 11
18878182 0
161061942 1
31789 2
78913402 8
58119 8
60969 6
939821 9
61919 5
73189 9
55389 10
27570 2
29933911 7
58300 6
59320 5
54640 5
53460 5
54869 11
19507166 10
58993201 3
1051709 7
10010210 9
41690 0
7948501 11
51969992 5
19989420 11
120051462 9
179961733 11
74419 1
39909531 7
19992090 3
50060240 7
99966322 4
70699 4
19911102 0
60017200 10
10039300 7
63919 7
25379 2
19870132 3
13974290 3
26062249 1
19949941 11
40176019 6
39837572 9
20109350 6
115369 6
810442 5
60479 6
19083570 4
57760 4
159771716 7
19993170 9
40002480 11
19980720 11
72739 9
18926811 11
21021480 10
39980340 3
40134139 9
80912162 8
19019310 4
63349 10
64939 5
61899 8
27849252 3
62114720 7
29860762 10
2016920 7
59179 10
127841184 3
40074520 4
78916052 0
35789 3
32450 0
996220 9
34860 1
19915711 0
33239 0
68709 9
60819 0
159852285 5
19990720 11
20002800 10
57997261 1
2029680 9
36009 3
38919681 10
1018350 1
90125650 5
59906232 10
32169 0
25359 2
31140 0
62869 4
63600 4
39722323 3
86459 9
59849 5
60029 5
852822 4
88972372 0
59981481 9
97050 3
28230 2
67340 9
64879 7
29793693 10
129966943 4
20171969 3
19809103 1
19999950 11
50018171 3
59970491 3
80006321 6
64600 4
25729 2
60540 4
59909 4
24220 2
59210 11
62070 10
58689 4
59605065 7
20015540 7
27670 2
60929 5
40165839 10
37721064 7
2067889 10
25280 2
19920591 6
24930 2
40027300 10
24390 2
64919 11
34740 1
60869 10
60269 7
25309 2
58609 6
33180 3
58569095 9
58349 4
977361 3
59974352 6
20098469 10
62900 10
19814082 0
110004501 0
18997940 1
61279 8
150951493 11
35130 1
64359 5
81639 1
32800 1
51775883 9
6050250 8
62449 8
1911891 0
1059449 6
119438 6
60699 6
68854102 9
89877193 3
24340 2
39978690 6
120021873 10
24850 2
35240 3
79929742 4
61859 8
108037262 11
61680 4
32060 0
67679 9
62699 9
62870 4
58559 8
111576816 5
59989101 9
84119 4
57550 8
33100 1
58859 4
35160 1
79720244 5
81189 8
69249 5
63869 8
19801783 4
25840 2
19959780 6
34650 3
19954651 8
70009271 7
19987471 7
2038199 7
98195690 10
34189 0
31030 0
61229 11
49637645 8
136399 3
33280 1
39841772 7
19998901 5
48087600 11
21903791 9
78991462 0
62529 6
1007310 8
12036610 4
57902302 7
29630 2
79965802 4
94669 6
76909 7
59834473 5
66349 4
61759 8
89875642 7
40014021 4
79059 11
31920 3
34989 1
9921260 9
25930 2
24230 2
69870642 6
19995691 8
18998060 6
58030 6
58090 8
57629 7
847102 3
118976252 10
1106339 9
19905091 7
20012251 11
99971722 4
80023272 9
126058 8
62290 4
8810872 0
59979 4
24630 2
59289 4
33200 1
10865861 5
116438 10
59510 9
62409 9
25490 2
60129 5
35090 1
26180 2
23449 2
59529 8
61469 7
24670 2
34559 0
57799 10
22590 2
32709 3
30929 3
38840 0
37169 1
38129250 11
35639 1
32280 3
958400 0
26489 2
19968771 7
80006261 3
60000031 5
27740 2
85499 10
168931034 3
23419 2
37440 0
34930 0
28260 2
100801044 7
19999720 1
100001822 3
66889 8
57921812 0
35880 3
11982000 4
59996131 4
50003931 4
9015030 1
68389 9
30910091 5
80003032 6
67049 6
19929991 0
63290 6
50126569 1
59807653 10
100010832 5
19986770 1
104329 4
7941621 7
11960461 6
180004963 10
37919 1
8061479 0
24259 2
64520 4
68679 1
58679 4
23630 2
22200 2
59409 11
58570 7
11521245 10
79995521 5
76729 3
19930172 10
25289 2
19973871 5
27440 2
109982602 9
38979271 11
31790 0
1082729 10
24940 2
69149 8
59190 8
79754644 11
123609 5
60510 5
19789872 0
17989720 1
22949 2
51994131 8
70098770 6
66659 10
32770 0
25930 2
19770293 1
113749 7
30129 3
60590 6
33179 3
59777332 4
61619 10
34510 3
18896651 4
1111079 8
19894331 11
19994141 9
9013490 0
68649 4
10911321 10
71319 3
39936271 9
20090889 8
39896352 3
80012751 10
39986441 1
38005050 9
34899 0
2127709 8
59834692 1
61790 8
19960240 11
78930 11
26390 2
18878181 10
1114349 11
124779 7
19746823 0
20013800 1
19998230 10
20996021 6
19009661 0
79979651 3
110010622 4
67469 6
111289 6
59400 6
20761742 7
18988910 0
63499 5
61749 11
58849 8
24460 2
59817473 1
59019 4
19931141 9
180004023 5
89987092 0
112578 8
39898782 10
20006511 9
19996410 6
18033360 7
58919 10
60060 4
59099 4
32560 1
57279 8
58810 7
58269 11
59859 6
58719 11
58559 5
57740 5
21333977 0
40016600 5
38984451 10
9042730 7
62649 9
25450 2
56799 7
60760 9
57179 7
59900 5
31641635 4
10016990 1
19967200 3
32950 1
19974100 3
61139 10
169042992 11
80907263 8
9036909 9
70961392 10
60036191 11
49028130 10
30918232 0
20007180 1
19988070 1
20076270 8
34550 1
19902621 11
