39996745 11
30003582 2
19995947 7
90001914 14
3630 14
39991675 15
20006677 1
40001275 0
49999149 10
19995018 14
59000695 0
71005454 6
18997960 15
60990620 6
110007411 11
49006651 6
30999329 13
3230 2
20001107 10
2250 13
19987838 3
89997904 1
20004488 6
4130 4
39990125 8
19002030 5
20997355 6
20005728 8
39995035 8
37997880 7
12001058 0
60011653 4
19988998 8
23839 2
39974136 0
19999917 6
8470 13
20990845 11
18997430 4
80005081 15
19995637 13
10040 15
950 12
89990935 8
14080 11
60018832 6
29973942 7
59999932 10
2540 12
18520 10
770 12
750 12
8830 1
8060 5
29958212 11
39998365 3
39995585 8
70003076 1
20001648 11
5550 6
69993346 3
39995456 9
60007103 8
19994918 13
20001227 0
19996377 15
90004464 1
49003792 9
11017301 3
69980337 9
7051 6
971 12
59989652 13
60014052 11
19983418 10
4840 10
2930 14
169990374 2
28569 10
5760 15
19964608 14
20002858 14
5889 5
4160 10
29992662 4
6170 6
7995109 1
52104183 5
59901975 14
40103174 6
59889935 5
17260 1
59978754 3
5300 3
4559 7
5070 11
1390 12
5260 4
37977811 8
12002839 14
19998077 14
20000218 8
9005926 2
10995231 5
19998738 3
39999425 5
20001267 10
89995364 14
20007617 9
19999548 6
58997316 15
41005733 7
7670 3
8110 14
6550 3
19972718 2
8570 3
6180 3
100005568 8
1320 12
109977673 2
19996708 11
10001794 13
7850 13
2290 12
11740 1
27973076 10
141999697 14
6780 10
20011637 4
79986190 3
60007722 15
19991538 9
39997655 5
39996995 11
19998958 13
100003998 6
20016317 14
20005038 5
9983274 11
39993565 6
59003536 13
3971 3
70993464 4
50010458 1
16950 1
3800 15
4700 6
39966566 14
129006232 0
30993599 9
9979 15
37985930 13
4300 10
51998134 0
19998697 8
9006127 9
5910 10
51001606 11
8640 11
19976118 0
40026635 7
8750 2
6829 6
18956561 8
1006768 4
29993881 7
9110 15
19990218 14
20001407 5
15280 10
49985509 6
10002384 13
13580 9
7170 4
3330 15
19980098 3
129994589 10
50073238 3
13035706 14
4660 11
5440 3
17897804 13
6660 6
160100859 15
18873442 0
7940 9
39994155 3
20009327 6
26181880 13
6740 9
3900 9
5850 8
8220 9
13789146 5
7230 11
69986306 14
110012941 15
6980 5
69974347 10
10014904 14
97989213 0
52002494 2
6390 1
39990005 13
18998440 9
6660 0
50995387 11
40022575 7
69983457 8
4860 8
3880 8
119993166 14
19992558 4
20002027 11
470 12
60005623 15
129988440 14
28006296 3
12001339 9
9016506 6
50981167 8
10419 13
5031 9
6220 14
7429 10
9989514 15
38981558 13
14770 0
20979975 10
11010 11
59988433 7
5850 8
8105308 10
9870 15
21879444 14
169998174 1
60002703 7
19996868 3
20001548 15
19999168 3
15470 1
19986288 7
150011256 9
89990835 10
29994711 8
9400 4
39992386 11
50000918 14
20000367 8
430 12
20203465 2
39799338 7
17991673 7
2170 12
2003894 6
5030 6
29897483 10
10166892 4
2130 12
19930168 7
19996308 10
9050 10
20094906 9
39898456 1
100000579 2
19999937 5
13750 0
8590 14
19973778 7
8800 11
19986207 4
60001412 3
20002847 1
57997368 4
22008132 7
120110005 9
6910 5
39879726 6
18010 1
5750 10
1140 12
5720 2
19969468 14
40002295 0
159999621 9
20002657 9
59996433 15
5150 5
8730 9
4170 15
39985266 14
18991080 1
61000140 10
20000278 4
70001446 13
6790 2
19988758 1
60002793 13
3460 2
39994635 5
20001758 1
90000974 0
5000 5
50007449 11
19988127 5
39995776 13
8003569 14
51002126 10
3020 5
121000363 1
19993648 10
8659 2
19991477 14
5020 10
19994228 8
99996578 8
20003067 11
100002088 2
450 12
18996930 2
4210 10
21011685 1
690 12
19987747 6
1020 12
39994985 15
60003112 7
11571 7
3469 15
19978138 6
60006463 13
59998333 11
1020 12
1002017 11
98995361 2
19997867 11
10649 3
19989148 5
119002958 6
1005828 13
39992695 10
3100 11
20002848 13
19994648 1
69999507 10
11310 14
19987207 0
5129 14
19990758 0
20021058 1
1269 12
10979992 2
39004928 9
20003297 4
8200 2
109998012 9
59990573 11
20001108 5
9001366 3
4970 1
994828 6
79997891 9
20003948 0
29995301 5
4330 5
99995268 6
40011485 4
79996841 6
169995195 5
19995078 14
39999845 9
19997518 11
20998975 9
4250 4
17999393 0
4949 15
3811 2
995577 4
6000 8
19986958 6
98001053 4
4210 4
40005325 14
31989766 15
3180 11
40024465 3
19973118 6
5140 3
6190 9
19997728 15
2880 15
89992734 7
1300 12
10250 7
39985115 15
20006188 1
41990550 8
17996923 0
10940 6
4819 14
8989467 0
71018954 9
39977826 6
20019827 1
9750 5
92189 2
39879236 10
40005256 7
19991127 13
8005349 7
12005249 4
38991168 14
10996952 3
11920 7
19994207 3
11350 5
9016196 13
10973662 10
19997848 15
19997458 10
460 12
39019768 1
14980 9
340965127 14
17005695 14
9790 13
2992252 8
19003021 7
10990101 5
19027980 0
990687 11
14989671 13
8200 8
8530 3
11979359 11
52996181 13
17010645 0
82518559 2
481274 5
9997404 7
10740 15
119069197 5
6700 6
40902864 7
110001842 5
20117796 5
5810 5
19885989 3
6710 3
9995943 14
19984538 0
60004453 3
20002918 1
4060 11
6549 3
14989891 2
13996034 8
1002247 15
7240 2
9986394 0
1010 12
23008660 8
1420 12
5199 14
4011 11
4151 14
56974210 7
20010717 0
20001457 15
10251 0
59979023 15
14440 5
15043350 2
4269 2
34942030 8
19998408 4
19998598 4
20003717 5
89994285 5
10430 6
38992688 2
20995304 14
59014725 9
60992490 14
79992751 1
9006196 2
1030 12
994457 15
8329 7
2310 12
5455271 10
5900 2
34553553 14
19972699 8
100006129 2
20997275 3
18996161 10
18119 1
7020 1
8850 0
8971257 8
8110 4
10990141 6
19997658 13
670161 10
59331502 9
20011307 1
7400 3
5600 4
6250 3
27977537 11
996667 6
4260 9
4890 9
3660 6
70979844 2
18007073 7
2007775 0
61989 10
39920406 5
19680 3
19988448 11
59997923 7
3440 5
28008816 0
5660 4
1570 12
32979044 14
457414 10
3310 14
5500 5
4500 4
3720 15
3580 9
18522976 0
5920 13
7993009 5
31997327 0
40002484 6
549 12
79994681 0
4080 3
1500 12
20006098 11
7470 0
19985248 14
5719 11
5370 4
1060 12
130169 10
59866784 2
39987426 5
5575019 10
6470 0
14420658 5
40001805 0
20079107 6
3400 6
1100 12
19920109 14
19991617 4
39000008 14
21008755 7
60009713 4
59984193 6
5430 6
5730 7
4349 7
19983668 14
16910 10
39985536 4
80000131 14
109994422 15
40013725 0
7120 4
29986742 5
4200 5
5129 8
6711 5
59992612 15
39987616 4
4060 15
39999335 6
19994288 13
8590 2
4640 2
129992180 7
80009630 11
37980481 8
3930 13
4640 9
7500 13
31989056 5
20005738 4
19990418 3
20071496 10
9540 1
39918457 3
4950 5
7997050 14
21002494 0
1400 12
890 12
4480 5
70991764 15
89999234 2
69996806 4
50004069 10
3560 5
5680 1
8230 1
5370 2
19970108 3
40002675 11
19998158 13
19000210 4
3830 4
1006907 5
39990805 11
7960 1
5740 15
149989377 6
19993258 8
6039 11
20000858 4
57999648 6
3320 5
3280 6
4200 8
31987466 11
39001399 3
81004417 11
2360 13
3160 13
59983193 3
5580 0
19992928 5
89993744 14
60001433 15
59999373 6
13269 4
109984693 11
40004445 9
40006215 4
8530 11
39988655 14
80001601 4
7996989 7
12010968 10
7992550 2
4131 8
3599 5
11998779 13
19987938 10
20002497 6
4630 11
19992168 14
50010059 2
59990103 10
4210 9
5110 5
3340 7
2120 11
3340 4
39983765 2
890 12
19996948 14
100001258 5
14220 5
39981395 10
20003108 14
39995555 1
1003157 13
3770 13
4260 10
3740 2
1040 12
3520 15
2860 13
6992062 11
3180 10
5960 7
3200 2
6000 1
4340 8
31964676 3
20001118 0
80002680 14
19995868 8
4700 7
30001341 14
610 12
3000 15
69989887 2
89004897 8
30993959 5
19001140 5
1007837 11
40004985 5
1731 12
3440 9
3920 9
19982968 4
39996935 5
3080 5
59997492 14
20000208 15
19999348 1
10689 2
39984606 5
60011243 0
18090 0
19972819 11
20003187 1
4460 7
19994338 1
39995545 2
80007960 13
40000356 0
380 12
18993300 15
41003032 8
1110 12
19997658 5
90004064 7
8998007 6
8050 11
40991473 7
48999271 5
31002649 0
4190 13
38991278 3
21001225 4
19996047 3
13410 6
5670 0
39983696 13
119207075 0
798770 10
3910 9
29990722 13
120000145 1
420 12
20003178 2
69994527 3
39998345 7
8680 13
19995578 15
2870 13
5590 8
70059915 6
67930332 10
21999633 4
2240 12
340 12
19998808 3
5049 14
19990258 3
24130 2
762890 10
79217380 4
59996623 4
8540 2
119996616 8
18995470 5
20999275 11
20000178 0
80003710 3
40000396 10
8999836 6
10993092 2
37998161 6
2009474 0
79992740 13
9003987 9
10997431 14
59997223 1
9006996 7
10280 1
50987717 11
8269 4
39991786 11
39997855 15
20009107 1
49997530 14
7998169 1
31995706 15
21000995 9
9780 0
18991380 4
49013492 1
5500 0
3990 15
3480 15
30971289 5
58002998 7
7780 7
4060 2
11982569 15
17680 8
39984676 5
17996533 3
1171 12
11660 1
8860 11
61981658 0
9770 5
40005285 0
4760 4
19980428 9
70000337 8
7370 2
19992997 14
4980 13
570 12
59986903 6
20005638 6
3440 11
6310 11
79994560 9
4050 5
4850 9
19987708 6
37996831 14
3389 8
3540 8
41994830 9
69997667 13
109001955 7
41003642 11
19992798 5
20007047 2
9992854 6
7900 15
140007424 9
7140 1
99979648 14
20004568 2
119992355 15
59999694 14
40002936 1
80003241 9
580 12
11990 10
4370 4
9981824 1
10003174 10
8006039 6
5140 13
31979966 3
20008657 13
18996450 11
100994255 8
18002603 9
2004585 3
39998375 9
67995932 8
22008793 9
39989675 13
120006856 13
500 12
40005515 4
6049 10
9981905 3
20009987 10
19993028 15
5530 3
5190 7
19984008 2
21001565 0
119002668 14
470 12
40003215 6
999678 2
4280 1
3840 13
19003451 14
3490 14
8820 1
19971668 7
39999596 8
3300 8
6360 5
2900 6
39987715 7
39999165 8
6490 1
2970 10
40002665 6
77988996 11
1001257 4
1000817 2
20001978 3
39993385 7
360 12
20004878 4
6840 15
3610 9
6000 5
129976110 7
20002208 8
20001747 9
39997876 6
20004417 1
8560 1
4040 2
4110 7
29982762 3
40995662 0
99014721 9
99988158 1
6510 11
19998928 9
4860 9
19992887 3
19999807 10
21650 8
4860 15
4360 13
39958936 14
20025138 3
20017187 10
19962758 2
60003663 10
6530 0
40003025 4
19997298 6
4520 12
19012670 14
8440 11
14670 14
956928 6
19991177 11
20000858 8
60000793 9
11450 3
4930 3
59987573 1
20002587 4
1976965 10
38020521 13
19991837 11
40000115 11
9120 14
59990663 13
60010512 9
19989998 14
80004030 8
40014015 14
28993004 0
10995381 2
4370 7
19998177 11
39994016 5
19997998 2
19999937 3
40001825 6
68997719 3
92001769 4
13750 4
19014080 2
39970135 2
119999776 6
39997256 15
26459 10
19977728 1
4750 7
79995271 6
19998507 10
9000557 1
10997601 7
4640 15
5190 8
19990248 10
640 12
9680 3
60006402 9
7380 15
19979358 6
10550 11
59988363 6
7070 6
39988095 0
32000376 1
98002243 7
57996008 14
3820 3
21994543 0
20010338 4
8848838 10
71142203 14
8011678 0
11991858 13
39994575 0
20002017 4
4120 4
99999058 11
5910 0
4310 0
5770 0
19984418 4
39996655 15
40001305 13
49997570 10
70005517 8
209999210 1
12480 13
39991395 8
59991543 1
90007004 8
39992015 15
520 12
50001339 5
8117558 0
4740 10
61881969 15
49995709 5
80002991 13
50038578 10
19973818 1
129986920 6
70003757 9
19991879 4
40003804 3
80000430 5
19997038 0
4130 14
4230 14
89999374 11
37989411 13
82008115 15
9010516 11
50987907 3
19996938 4
58996445 1
1012287 7
99990749 3
10000934 15
84488904 10
2510 12
34505825 8
20997825 0
20004988 6
20001957 9
20030217 3
37961851 8
4100 5
3630 14
5430 0
450 12
51992894 6
19996728 15
70001097 10
19998668 3
40004305 7
4590 9
9530 11
39982396 3
30004551 8
27997547 6
72007551 9
68992720 5
11005641 3
3380 7
59990253 1
50000019 5
40006695 0
3040 10
39991025 13
3409 13
18996011 14
1004247 11
47992494 14
6450 1
6190 15
91985879 4
182847 10
3810 2
4880 2
3880 3
39804388 14
6950 13
4900 8
19995537 4
59995793 11
149938 10
79850233 2
3660 5
109992502 11
6580 11
89996914 4
530 12
59998983 15
6090 3
5280 7
6300 6
19977208 9
19000080 1
21006295 6
19993908 10
4120 8
9996593 10
13980 9
28991635 14
4770 10
2900 10
7900 1
3920 10
5130 1
30976599 15
7280 13
28992785 2
4529 13
4000 4
17989103 8
529 12
12996966 6
1730 12
19994998 9
23003400 13
77001838 9
7995149 14
13310 6
4190 6
31987096 2
79998811 7
8660 1
39996805 3
29989032 2
20007247 13
39995315 15
8860 9
3669 7
27994607 4
82990483 1
2760 13
69001199 7
450 12
139995504 7
40005565 3
139999963 1
19996627 11
5210 0
19994438 4
10008454 9
138998816 7
4840 6
70983974 1
4060 6
41001912 10
4589 9
18989521 6
3390 2
69997207 1
4620 4
90997392 3
99001351 0
8009549 1
3440 15
3690 2
11989129 11
5570 0
99991048 1
20004088 13
19990497 4
3730 2
20000198 4
19997647 7
620 12
97998284 7
8316125 10
22692614 5
995747 15
159995651 2
5580 15
710 12
18996770 1
5260 11
4529 14
3760 11
4270 6
2900 14
7440 9
3850 9
70967925 15
4410 1
9020 6
59998853 4
79997011 11
3210 13
360 12
19991688 1
360 12
69991697 4
69999396 8
80001611 15
39998265 5
20004968 3
28000517 13
32004997 11
5230 1
119993986 14
8769 14
29980342 13
9020 3
68996719 7
4170 7
10992282 2
3550 2
3640 4
9999043 3
118993458 7
3690 7
60992990 0
9920 3
3470 13
59991573 0
19997958 8
17580 11
19978677 7
20004918 2
140003103 5
59991274 7
20003947 8
37995451 9
92000499 11
80000521 3
20003717 4
19997048 11
620 12
39998595 1
19997618 4
20002597 11
3050 2
10160 15
19987498 3
59997213 15
3640 9
79999680 10
6780 4
48050193 1
11940790 15
19998067 0
5730 2
10004574 3
69996436 13
4929 5
19990297 7
3200 2
3540 5
19989428 3
7100 15
7570 1
19989328 7
440 12
69997737 8
9560 3
3580 6
19985798 2
9007006 14
10997521 6
17749 1
39977526 8
38005990 4
2007795 3
410 12
39992935 10
19991668 9
180000339 8
8170 3
40992323 11
19005081 14
19106079 13
895329 5
19994278 15
5620 0
39996426 7
60007692 15
3750 15
19988438 8
99998838 8
3640 2
4080 2
19993998 6
3070 6
19998177 1
789 12
19993188 3
20004998 8
79995791 15
60008142 10
19994738 3
6470 2
20004317 5
19988007 8
41002223 7
39008258 9
59993963 4
39996605 9
20003988 10
99995398 11
40000085 5
27997267 3
62010438 14
39987236 2
40006405 4
59997813 6
9000716 7
10999542 0
69995406 13
4049 6
700 12
40006156 4
19992127 15
13989 2
77986636 8
2004805 6
3150 6
4110 15
19990588 14
4280 0
16079 1
3080 15
2830 15
4190 6
19967198 11
100006188 3
20995685 13
59008255 3
2790 3
107983468 13
3980 10
2001884 3
4120 5
99996848 0
19999678 14
3660 13
3030 13
3020 2
3220 4
19983368 8
19999228 11
40007425 1
790 12
89999284 7
3900 5
760 12
47988634 14
2009534 2
40992083 11
5170 3
7764992 10
3260 13
5690 3
510 12
31217056 1
70013376 1
14470 1
39974996 13
7260 1
3090 9
20002407 11
19988108 13
3360 11
450 12
4820 1
79989341 3
6430 14
3470 8
89988864 7
21003545 11
9007397 2
19996537 8
5220 4
39988026 14
40009715 15
17987113 0
32003166 11
20003958 8
380 12
3840 9
39989245 13
18000883 8
4040 11
3150 15
21994962 6
39998616 11
20003267 8
80001161 0
19996477 1
20000067 8
29998272 1
39997095 13
40004775 0
49999219 15
19998588 10
40998993 2
19003860 15
69995667 9
10349 5
740 12
4020 5
6089 5
19978698 0
59997813 13
5230 4
19994658 13
39997355 10
50005179 10
60176681 5
16821438 2
460 12
43012017 3
5220 13
3370 8
440 12
19978878 6
3330 8
5570 3
39993855 9
19993018 5
28002477 13
51998444 14
19001901 5
1002387 7
4310 11
6860 11
68985630 5
3949 6
70991475 1
7200 8
59991523 15
5890 0
19999607 14
19996738 10
29007524 13
30997259 7
19998688 8
59997554 13
11099 0
99994749 6
7995309 4
7010 6
11990539 9
12480 0
19106389 11
5550 5
882849 4
19996508 13
6419 4
59986384 6
7419 10
37994541 2
2009475 5
4610 9
59990483 0
6170 11
19993837 13
1220 12
19995308 2
4530 9
8490 1
4800 13
19983738 4
40003075 13
20001358 7
19996147 11
40001555 11
78995643 14
1007227 7
80011671 0
470 12
19980048 13
1190 12
18998671 2
6430 1
993667 13
4390 10
4090 6
49990039 0
19998048 6
20001498 0
20010377 13
19992368 15
117998391 9
32010396 7
19990248 14
70001977 2
80995838 11
19011510 1
20000858 10
580 12
39992735 6
69994477 6
440 12
20003858 15
100000209 8
5230 15
46003899 11
5880 6
33983761 10
19997568 13
59998573 5
140002444 7
11939 3
1660 12
4990 8
9992974 14
8120 14
9983094 4
7390 7
99988638 0
130007040 11
4670 2
4430 10
19979708 11
50002519 3
11550 11
19989518 0
89998714 11
20002208 11
39997855 15
10660 2
59994793 8
40011205 0
3620 10
69984997 1
59995703 1
14300 10
3180 10
148981730 7
61014070 3
8240 3
59982923 8
49997619 3
3311 13
70002526 6
3340 10
2850 10
4110 15
480 12
20983925 1
19008690 11
1340 12
3720 2
20982305 7
510 12
309 12
2711 2
38999848 6
20008717 15
480 12
19986558 10
4530 6
7430 9
59994853 7
4460 6
4340 7
19988167 2
3989 7
80000271 0
6740 15
17983773 14
3610 10
2730 14
1996205 11
4360 15
39992675 9
20006098 4
59994413 7
68003362 14
12003518 15
3720 7
7030 10
99984559 15
20005588 2
60001283 7
39992436 8
117997922 9
62005997 0
79994891 13
6920 7
19995908 9
40000305 11
3850 10
17990263 11
32009986 14
19994688 15
39997105 7
17998993 15
2014705 8
19986787 9
9709 2
3220 3
6310 3
59980264 9
20009447 6
9000447 13
10991062 1
20000557 1
7550 15
6450 13
39988476 14
19995427 8
20004588 4
2960 4
13460 1
2010 12
14229 1
2760 10
3831 9
4829 4
3780 4
29948213 15
20000007 6
19998138 15
50007859 9
3750 4
8220 9
49985569 1
79998401 11
19995258 13
3669 9
223868 10
19776340 0
100004928 2
5650 11
19993778 0
22060 0
6800 2
159966451 9
7720 10
109996142 0
8700 13
8740 13
39981635 8
19993067 8
40999053 6
5260 0
1340 12
5830 7
28993314 9
8080 8
18629985 10
41359808 6
4630 2
3020 6
80000581 0
69997257 2
19989367 1
80015191 5
6741985 10
4811 15
3489 5
133241470 11
20002038 6
8996346 9
4390 7
31002249 6
39989776 8
78999303 7
1005217 2
3690 3
37993631 13
79993761 11
5369 7
1169 12
132002085 8
1470 12
19997068 1
4300 4
3180 3
39987305 6
38001851 2
12004418 14
3520 6
68003252 3
4790 0
3440 15
740 12
31981656 9
79995261 5
40000675 15
4920 10
19993977 9
9007306 8
69037558 15
1959346 3
19994577 4
60008453 1
21000235 7
4770 2
28989574 14
2331 12
159998731 3
8005539 3
30995069 4
1001647 6
60005303 9
8994446 3
3700 10
7289 9
190984231 5
3980 13
3909 7
19998818 6
39993046 14
7110 2
40016405 10
4840 2
39975155 15
3300 6
5080 13
90000115 14
38988448 4
940 12
1003977 9
19990348 11
80006340 4
20000908 4
39998075 0
119999076 0
38996758 7
15720 5
30991029 13
20003728 6
20993195 15
980 12
3770 6
3270 4
58992615 14
60008783 2
670 12
49991780 7
139744746 10
3899 15
3410 4
30245649 5
19998677 3
19997428 0
9011916 14
10993962 4
3350 4
19993037 7
100003519 11
9998214 4
10001794 9
119998146 7
9780 6
79995791 8
37993870 6
61999698 15
38999008 7
80997568 6
40999893 14
39000658 4
20007577 8
19998338 5
17995083 15
3830 9
680 12
2000255 8
20009107 10
39990386 4
20003047 11
27989867 3
3340 9
340 12
3870 10
2009595 2
4070 11
2730 11
39978295 3
40006816 5
49993580 0
20999075 14
58998826 8
1460 12
4500 14
19999128 11
5740 0
7410 0
2870 14
79984771 6
5180 6
19993887 13
19000680 4
3810 13
20998825 3
40002285 14
8999516 15
571 12
2729 2
48986822 13
2004405 0
19993258 7
20011137 0
4230 10
19994108 9
19996638 0
3650 6
2970 14
3060 6
470 12
89990994 8
40008476 0
509 12
149992498 5
4690 7
6060 1
77983296 8
530 12
5640 0
71993492 2
120006235 2
4380 5
19989758 4
69999487 9
6420 7
4570 7
3320 14
39988355 2
50002859 15
60000913 4
19998538 15
8430 9
49983939 1
20004328 6
20000118 8
7170 15
49993819 1
3360 6
39995825 7
40010175 5
2620 13
19988178 0
69993767 10
80005570 10
68998989 6
3720 4
2420 11
2940 2
2650 11
989057 15
2870 6
3100 15
79988361 3
20001288 1
580 12
3200 14
4850 1
3730 13
19988567 3
3740 3
19998068 15
3420 3
19996428 14
20009047 9
149986718 4
4330 13
2920 13
3260 8
139992943 0
20000348 9
11160 1
19985108 9
890 12
20007708 6
29995952 3
19993578 2
40001425 7
120006876 9
8997777 1
11008601 14
3000 11
3280 13
3160 3
99983898 15
4090 5
68993080 9
580 12
10997382 10
3280 4
20001417 0
3850 6
19995078 14
99998158 4
21300 0
540 12
99973099 15
6210 6
3080 3
49992159 15
90016254 2
3210 14
4190 3
19984148 11
19994078 7
7340 1
19991787 9
4140 11
5790 0
19989968 7
39999315 13
20006588 0
19997508 5
39995975 13
20006278 6
29995761 1
20002768 15
29002294 0
4780 0
10986751 6
100001739 9
19993807 9
20006878 2
3400 10
4910 0
2950 8
510 12
69984127 15
1530 12
8100 1
2000845 5
17991962 15
19994798 13
6690 10
10018393 14
2869 9
19972809 6
4189 7
7999640 6
52000003 15
9340 7
20104006 13
15870 1
18869171 11
41002072 5
20004358 8
19992848 6
7591 15
49999599 4
8994046 14
10997032 1
4709 6
3020 4
3430 0
400 12
510 12
19988998 2
5040 5
20000638 8
49998359 4
19993298 8
100002088 15
130004790 13
19996697 0
20000707 0
69999917 2
39998845 11
79999811 4
20005018 15
40005526 14
2700 10
3790 14
59978683 2
40008115 7
19997098 5
39999115 3
19997468 11
400 12
480 12
39998895 15
20002717 11
29998632 6
20002248 10
59996183 8
59998783 1
4620 10
20000448 13
3420 4
2940 7
2430 10
7988629 6
52003174 3
19997997 9
39999496 14
80000741 15
60004214 9
8999627 0
10997851 15
20002468 2
19995678 8
59998323 8
100005328 7
139991914 15
770 12
4070 4
28000236 11
11993269 2
20013727 8
2989 8
3360 14
49983340 4
19996237 5
100022428 3
3459 8
2998943 6
126995558 14
49990260 1
4730 7
8880 1
199977637 5
40005805 2
30014811 4
69992117 7
3310 8
59982433 7
90000855 10
41004152 5
9014857 5
39982756 13
20010157 4
29997351 7
28994004 9
30996549 14
19999787 2
20006758 0
19991238 8
30012621 8
400 12
480 12
3490 9
29994381 14
139997823 11
80007981 4
59996703 5
690 12
79990601 0
20011517 2
19992598 4
450 12
40001095 1
40003746 11
59985323 1
20002957 13
3491 14
830 12
39995546 7
37998940 5
62004038 2
58996076 13
5670 0
71005974 3
79996031 1
610 12
6229 1
680 12
18250 0
3330 9
6710 0
59956754 4
19996988 15
40006196 10
70005127 10
4689 6
530 12
39989226 8
39992365 11
50004680 10
20000597 13
3630 14
130994497 6
38000341 0
20998205 11
40007065 4
4430 10
19987408 6
70003847 0
10003024 8
109998192 2
19992538 0
20009487 13
20994066 2
3531 9
58994105 7
21010715 13
490 12
19001620 14
3210 14
79989301 5
20001598 9
10001254 10
3160 7
19990768 4
420 12
4740 5
9013067 14
309 12
30982830 10
20000497 9
38998668 8
3200 8
510 12
21001975 15
20001388 15
14670 3
50001539 1
29982712 8
19991077 15
40004135 9
10011184 0
3391 2
369 12
29998972 14
560 12
19981148 1
650 12
500 12
78999073 1
3880 6
490 12
560 12
21003955 4
610 12
3830 4
4900 13
149987908 2
560 12
178992511 9
3280 2
5220 4
1001738 10
2949 15
3060 5
9990005 0
70015636 1
3720 14
5040 3
119982867 7
4650 7
79981131 1
60003693 7
19996138 6
100003588 14
40004416 6
37990630 1
3570 5
22002723 6
39998865 14
20006258 2
19998697 4
19991978 9
19999628 7
4170 2
2620 11
59995053 15
5410 11
2640 13
39987645 9
140004254 5
4260 9
3130 9
39997915 15
79995071 3
19996038 15
18005192 3
1998395 11
2990 11
39996926 13
460 12
79998181 13
3209 13
2370 13
39998376 2
40002295 9
79999391 0
19990288 5
12169 1
6950 0
79989541 4
19998818 6
119996726 10
59995403 3
40002125 15
1008508 7
3600 5
8989196 0
99999378 11
148999501 15
1004497 11
119996626 4
3500 7
59995563 10
36780 9
109958902 15
20005728 0
9280 4
25250 9
18960550 5
4549 3
1018078 9
89979094 5
19000651 6
1007757 13
3540 6
27991917 15
109993102 0
52006304 6
530 12
3680 4
3960 3
39988226 14
4509 3
2850 10
3440 15
3640 3
9994444 7
8996167 3
61001170 9
38990898 7
1006887 13
13180 1
10740 0
4360 6
3230 10
4950 9
3480 3
9968034 2
39988326 10
40001865 1
3130 2
29989872 8
630 12
5450 8
19995257 14
80001691 13
20002928 0
19995648 10
2490 10
20002288 4
58998066 7
3579 2
40998963 11
19993597 8
9890 4
3900 4
3010 13
3250 7
19978188 11
40004985 3
3320 7
20003298 11
19998167 13
39990605 0
20002577 7
3240 13
2520 11
480 12
11860 1
39983766 3
160001601 2
560 12
3440 4
3190 11
9988494 6
40005615 13
5167385 10
54825669 5
5459 10
3780 1
609 12
39991935 14
20001298 3
20001227 14
157996757 0
3660 11
4130 4
10350 14
46189 10
2990 4
3280 15
3260 5
51930905 7
5280 1
20013237 14
49977160 0
20005997 8
540 12
39993916 6
760 12
3360 6
38995118 13
71024734 10
13220 10
19961798 8
7710 9
18990970 13
31004869 8
59993813 13
60000263 9
20003588 15
1230 12
210003750 11
19991298 14
20008358 15
5780 15
99985498 1
620 12
20002118 15
69997537 6
4650 6
39999135 3
80998028 2
1130 12
65002450 7
14000433 10
39999286 5
20993635 6
19005690 1
3290 6
20003458 14
3650 8
3380 6
39983725 4
19999118 4
870 12
530 12
420 12
59998893 9
6410 13
3780 12
7993199 9
11993839 0
15560 14
1950 12
19987167 8
2820 12
19993738 1
2340 12
180007469 9
19992738 10
19630 9
79972401 13
49004682 13
2640 12
3830 11
30989869 15
7580 10
77993596 2
6960 8
51993275 0
149998218 0
20008018 5
19997237 10
29999022 3
10000644 5
5800 6
19994438 0
7920 0
20005008 14
29989452 4
39997355 5
20000588 1
18996310 3
5210 6
1350 12
3890 10
10996731 2
7720 0
79981611 11
18997131 10
11014021 8
3671 10
6659 1
5180 1
19987108 3
4700 15
10130 0
4570 2
39969755 5
19996988 6
9080 3
11790 8
5190 8
38977038 10
999088 15
89998484 1
59998643 14
680 12
9004287 7
3000 15
30995729 1
39998945 9
5150 15
2000 12
1310 12
19991298 4
82227903 10
27780990 15
39989245 5
29007475 5
21004655 8
12789 0
39986686 13
39997585 0
67990982 11
4060 11
1008368 0
130992137 3
19995858 11
2710 11
570 12
9003076 8
2660 13
40993463 2
19996518 2
3030 13
19997147 11
22920 7
10976792 6
3860 2
3620 4
3150 6
8994386 15
20013788 0
9984744 3
2969 3
3980 6
18987941 15
1001167 6
60009993 13
8080 4
2250 13
2420 13
19978788 2
3110 4
7480 5
19991618 15
4160 6
39988955 8
20002988 8
29000854 1
41001193 14
9380 4
3080 13
119990086 5
48998232 6
10997891 2
9240 5
39990125 11
19996288 9
20013057 0
9098975 6
10887623 13
110004112 5
18996841 13
101005156 7
20003637 7
17991044 3
11919 0
4280 15
3790 3
3960 4
560 12
11975799 13
470 12
40005335 2
69001640 0
79996031 15
3570 15
10998491 9
7210 10
109990752 14
6330 0
29000154 7
40990683 8
6480 11
6540 1
1100 12
99999968 13
59992454 4
79992160 10
19060 0
5520 14
4820 0
940 12
3050 10
29969022 3
9590 9
9998103 4
89987144 8
10006204 10
19995028 8
19999598 5
471 12
19997047 5
10880 1
5520 13
19302737 15
40683947 4
60003563 9
8990 13
3370 8
29989782 7
19999808 6
6160 15
59987174 0
360 12
50006869 3
68996539 11
41002363 3
229997918 13
20001657 13
520 12
470 12
19993898 13
9003087 9
30999049 8
1190 12
9080 4
29992472 1
19995658 8
20007207 1
4580 1
5090 13
3040 6
19981668 7
3050 6
18991490 8
8830 15
999367 5
6489 13
640 12
39991615 1
8760 9
39991565 4
80005371 9
450 12
78989194 3
5371 7
3590 7
21003925 1
39995865 3
40002815 0
1530 12
80000611 3
4230 6
1040 12
69987347 9
221997 10
19783961 11
5091 2
58983535 15
1001408 9
50007879 6
58990805 11
11014512 15
5320 1
49992849 7
41989720 3
48998422 8
5610 13
3190 9
7993079 2
3520 13
11002801 9
19996188 11
1270 12
20991385 15
29010344 7
79993071 15
39992826 2
80003761 14
40003645 9
120005497 2
89988185 3
40016795 13
750 12
5759 7
38976769 6
11000141 8
20000948 3
40001205 1
79996251 9
12270 8
3970 3
19987337 2
4809 15
3180 8
4470 10
39989556 7
60001993 9
3990 14
20670 0
19973438 11
5910 13
39994785 5
20000128 1
5570 14
3880 14
4729 10
4911 13
39981195 7
120001676 9
37993331 6
550 12
111997777 6
5800 6
70010217 1
89984215 2
4160 9
8079 11
3500 9
3430 4
7040 4
39993906 10
19980218 0
870 12
10007353 9
40004015 2
9359 2
39978736 1
20003358 1
79995001 8
11020 9
69990917 15
39999046 4
4630 7
10012044 2
80983408 8
16940 10
3730 8
18978770 5
20024408 1
39978116 4
8998946 4
179997639 11
5650 2
48994992 8
12011069 15
59988224 2
40022995 5
59979893 2
130013250 14
8987577 15
460 12
50995527 6
130003480 15
20070 0
18978550 1
20994215 14
60008943 10
5760 11
3150 15
39992975 4
19992128 14
9005686 6
10991291 3
8005359 2
52000075 14
1940 12
11760 15
99985719 4
19002440 10
3520 4
4090 13
990388 9
60002393 4
20000797 4
689 12
19994788 6
10012304 10
19990928 5
20003907 8
39992266 14
20006588 1
18993931 1
1000597 10
4300 6
3880 6
3930 15
6740 0
3340 8
49969899 7
6389 9
3060 6
1791 12
2269 11
39993866 14
39999805 10
120995464 1
470 12
1280 12
19002320 7
990 12
19996618 11
40000135 0
3330 9
4990 14
4150 7
29998681 3
1360 12
39986235 14
19999338 10
881379 10
3270 6
4339 10
18125532 8
995497 11
2760 11
5589 5
19982708 13
39998815 5
40005156 10
9995834 7
49999939 4
20002228 7
78995593 13
21008265 14
19994748 10
19996718 5
49998509 3
161000329 10
9004546 3
650 12
19999438 4
550 12
59994223 15
20010598 14
3140 8
3970 11
4509 15
3991 15
19982218 0
149997698 13
600 12
18993041 13
3620 13
1001617 7
20006947 2
19986658 7
4490 5
9312243 15
10696215 14
39988715 9
7229 3
40004056 5
8094058 13
2960 6
11891450 10
20000988 9
3240 6
39995756 7
20003407 3
20002268 2
19995778 2
760 12
19999387 6
60003324 15
19993937 10
830 12
5930 8
19994978 1
7080 14
19993638 10
18998380 4
700 12
21000145 7
20003927 9
40001745 13
730 12
20001448 14
19998227 4
19996798 9
3570 14
79998651 3
17990763 1
4250 8
42998348 14
19011460 0
79988131 2
3100 15
6809 3
8995547 4
10998491 2
19995388 14
5370 6
19996838 0
50003609 13
29998641 4
3510 4
4030 14
48997552 0
40996563 15
19992338 8
40001675 1
880 12
20000238 1
79997601 13
40007165 0
550 12
380 12
59993333 1
650 12
18999821 10
620 12
11004671 5
19998167 4
580 12
4240 14
3010 8
19987758 4
20002668 2
19997717 9
6160 13
27988587 2
2011445 3
39993536 0
560 12
4650 9
19993128 8
20004708 13
60007243 11
6400 0
3070 4
59979633 3
3810 9
20005398 2
29994871 8
48997912 15
10999471 1
50001999 0
19992868 10
110000613 4
10880 6
48995102 1
11002341 9
29991601 15
80001701 14
17998433 7
202006282 9
560 12
69994817 11
390 12
20011917 4
19986578 7
3170 10
40004536 0
3940 15
17988473 14
4749 10
11997639 15
40045565 1
39960996 11
229991528 5
19997048 14
39999645 14
19997658 3
38007321 15
82003256 13
27991637 10
5480 6
3870 9
41996950 1
6270 11
3470 7
20000758 0
19988308 2
3140 7
19996227 9
19996768 13
4850 5
700 12
19995368 4
40001065 9
49998360 4
80000830 15
9002357 14
18994260 13
62009198 13
19995488 4
20002047 5
4039 9
3550 15
3080 9
19988868 14
3810 15
5740 0
39983946 2
2760 13
26739 0
2580 13
79975711 4
78994804 4
60996680 15
40002936 13
20001407 9
11830 15
3220 8
19981678 3
77999916 4
2010765 7
19991918 3
4539 15
39995775 3
400 12
3900 15
19997518 4
3200 10
99996048 0
39999556 5
19998348 0
4410 1
19996908 6
39995676 8
100004689 8
19994668 0
6940 10
2999 10
129992611 4
79998590 3
21000685 13
660 12
19004160 5
18995860 3
30998859 4
20001408 0
19999078 8
2910 13
149998907 15
79997061 0
37998681 10
62004208 8
20001838 13
39997515 14
4200 8
19991078 9
20999315 6
18996800 4
20027377 0
8976977 3
50995877 5
12710 14
3620 11
39985825 4
9000437 6
171001872 0
139997074 0
8003359 15
51999784 6
3420 2
8996127 11
31001089 6
20006468 11
3320 9
3231 7
19983617 13
5850 11
760 12
18992451 6
21007655 8
19991208 0
19999368 0
7880 2
850 12
4640 1
59993533 9
700 12
59992633 8
33045943 11
1570 12
16967715 8
3871 8
39980145 0
560 12
6280 14
58997226 5
20996305 7
60003463 2
1750 12
79996941 4
4360 9
149994877 15
60001973 5
7400 5
19987577 7
27999337 2
12005059 4
50000129 15
59996333 5
27997317 1
22003782 7
59999753 8
80003620 8
39992976 3
19000050 10
3730 3
3440 3
4070 13
10260 8
10988501 2
390 12
4020 8
59996514 0
3650 6
19992488 4
111010410 3
38985758 14
29002534 10
2840 2
2860 10
10988651 14
57999198 5
62001588 0
8290 0
19996427 6
40000146 5
8190 13
59990683 4
19999078 9
18999140 6
40997673 10
21003535 7
38998238 6
3990 14
6420 0
17987553 6
32003066 4
19999938 1
40000005 0
4360 14
17989243 7
62001938 14
40001806 10
8020 0
29996431 7
107993418 3
22006692 1
590 12
59998983 3
59996164 13
10799 0
6090 1
139998054 14
5620 14
460 12
59977674 7
19999358 8
77997976 6
23006160 7
7997189 11
7440 0
10992692 14
3651 7
19998267 8
57994899 9
61998688 0
21000306 5
18002422 7
3591 3
520 12
3430 7
3010 11
996808 8
3920 0
19996447 6
59998623 13
39996335 3
79994341 3
40006645 3
1600 12
70005427 4
17985823 0
3090 3
22010383 13
127989795 5
32001277 11
3631 15
2899 15
20991125 7
6871 0
49874311 10
3980 10
3010 2
39110917 5
157998027 2
72006461 4
3589 7
4560 0
109982903 11
20009438 6
17993614 11
52003214 7
57995278 1
92003450 11
20004887 11
50001799 10
39994755 11
110997280 14
3910 10
18096911 5
900219 2
29003284 11
10994802 5
671 12
3840 13
19996307 0
40014455 1
59983123 14
3360 11
20004767 0
59996734 0
20013247 6
1680 12
3440 4
19980708 13
38998908 8
1004777 10
19994668 3
20001288 6
710 12
20002948 2
19993978 2
60001763 14
19996507 1
20000818 1
11580 11
47987454 7
82013646 11
39989915 5
79998641 0
460 12
5350 15
19995848 0
40003035 7
3290 8
550 12
59997484 5
19999367 1
4050 13
20001168 10
2630 13
19987158 7
107999988 6
2900 11
12001449 3
4910 1
99990109 6
60004823 0
451 12
7029 14
29987442 15
60004553 11
8999817 11
2550 11
2520 11
100997755 2
3540 3
39997036 4
19991908 1
39999365 7
40001396 4
40000395 5
19999568 8
27998307 2
3129 15
32001496 3
440 12
78993434 9
1005398 8
9995784 2
60002393 5
9029056 1
4440 4
3350 5
6810 1
2930 11
2110 13
180948297 6
60000093 5
19999318 2
17560 14
800 12
59979183 7
29003074 9
5530 0
700 12
5720 6
70987985 15
139999094 3
20000388 13
40001336 7
19999508 0
20001117 2
3460 2
39989416 7
4839 4
5171 6
7993200 8
12996016 5
48999652 2
20005427 8
60000803 13
19996108 13
5170 9
3070 9
17990853 1
3290 15
2003235 13
8000249 1
3030 6
11987629 4
20001537 15
70004817 15
376905 10
7891 15
19616533 0
59992253 5
20008928 4
18999350 9
30996799 8
159993852 11
13710 1
19990118 10
19999277 0
17998183 6
123000249 2
3480 14
7520 1
58998675 8
3249 2
157986467 15
32003446 2
20001768 3
19993938 14
720 12
11810 7
109988913 4
20004337 8
119996687 15
60006663 6
39993405 2
9440 10
2910 10
3490 10
47990385 9
11992039 2
3469 13
3100 11
3660 7
5850 11
3660 8
39981266 9
100001348 15
7650 5
20000748 1
19994458 6
41000812 10
1089 12
3491 2
3729 10
3571 3
18988630 5
19998778 15
17994363 5
630 12
2011554 7
19986168 10
20007088 1
67993182 10
2004935 4
19997238 2
39998045 3
9006496 0
4249 0
70986534 13
15960 2
39986956 14
39002668 14
999607 6
40993893 9
19005600 0
180009679 5
79989451 2
60001653 2
10760 2
58992106 4
3320 4
41004963 10
3360 14
19988538 5
690 12
3780 6
79994711 10
3620 9
39992976 6
20001968 14
129995710 1
5230 0
40001915 2
28995404 2
10994361 11
19003600 9
21012665 5
19990208 2
3630 5
3520 5
480 12
19988068 7
60002773 7
20006057 9
3689 6
730 12
19989998 2
40003435 8
50003250 13
19986158 7
20011287 0
19991858 10
90007445 8
4320 9
59996903 15
59993453 2
20001918 9
19994958 3
20006407 15
19995258 2
39999545 10
30003212 14
3090 5
19995908 0
40005305 10
8997137 4
620 12
3230 15
81992075 3
19001451 6
38997828 1
3200 3
3720 5
41010332 2
2920 2
39985216 6
19999088 4
59996873 11
19996008 4
5050 6
20000717 9
6270 8
39990826 9
80021860 15
11770 10
19973178 0
7930 0
19987088 7
179995000 1
20000537 14
8700 1
4410 14
3250 14
19988558 3
40010345 7
18986801 7
41999290 2
8110968 7
10893622 5
39995916 8
59999913 9
20003588 10
20002607 0
139994894 0
40002576 2
3550 4
7440 6
890 12
47979934 5
4549 8
2980 8
3640 13
41989591 0
20002167 11
20005558 6
2650 11
19990028 13
5230 15
7920 5
19996407 14
9996694 9
19995518 2
9009487 5
3380 3
30989278 10
3460 15
3080 3
19991847 14
40004756 0
19995607 13
3249 13
39996086 3
50008169 5
6730 15
3950 13
520 12
59981393 0
99998359 9
120001506 7
40000736 14
6010 8
39995005 6
3440 4
420 12
19999848 5
69990387 6
17220 13
5410 13
4919 0
39979696 4
100000399 9
19993438 5
50004949 14
8002859 1
6040 1
31984876 0
7971 7
30004301 11
29988092 4
40000335 8
249998276 15
6031 5
109997172 1
19995118 13
190005083 6
20002628 8
610 12
3340 6
129995650 11
2610 13
9997834 14
3550 15
19996238 3
3400 4
4320 13
6640 8
98983662 2
80999188 7
7210 0
3710 6
19988768 3
3940 9
29995301 1
800 12
19996557 10
4900 9
19997658 2
8998606 0
30998720 2
30001551 7
6780 1
3750 10
19990088 2
99994538 6
8001210 11
3810 11
12000499 6
3430 3
2880 9
3290 8
370 12
60001873 0
19986968 7
7420 15
39997585 5
19993038 4
20002758 11
180003339 8
19990228 13
4770 3
2230 13
640 12
29993682 0
100002888 7
50002879 11
19993388 15
60000563 3
40001675 2
3380 14
2920 14
19998388 15
6651 9
19985328 6
98000924 6
2009375 14
3560 8
2920 5
39985085 11
3720 10
49005582 9
4830 0
3200 8
3290 8
9977334 13
80998249 3
19999827 13
40003845 13
21000635 9
19018690 14
13920 11
19962948 1
130005720 6
21080 0
129981070 10
77993366 13
1669 12
62000509 13
20001328 7
4520 5
1760 12
19998138 10
4410 10
19990668 3
7660 15
4140 10
3420 13
3700 7
4309 15
9975365 9
2809 12
19996148 6
2010 12
4970 6
3290 6
59996153 2
3180 12
7410 10
27977327 1
2013895 15
4530 8
59983753 4
4640 5
79998881 13
4910 4
6300 13
59989923 11
20590 1
18968261 9
101010216 4
20001618 13
5420 5
5090 3
4790 9
40979073 13
2720 13
1750 12
3760 9
98994502 5
5029 11
4260 4
39992406 6
13820 14
39986805 9
39993436 1
40014845 11
39989946 9
39998275 10
39999546 13
600 12
19996077 8
7150 15
19998098 0
119995816 5
58000468 1
2007995 11
39994925 2
40001586 9
3389 14
1220 12
551 12
20000757 5
20987736 8
59032235 0
8970037 15
51000156 13
3160 14
3920 14
19990198 13
69000910 10
10005374 5
21000395 0
7650 0
40003405 7
9460 11
11975139 8
17999643 7
20022037 6
79982171 1
81000059 15
18993730 13
80002141 1
5500 6
89993565 1
20005288 5
19993638 5
60000404 6
7771 15
3780 5
19988648 10
20996385 11
39008508 3
3830 5
7994409 8
3750 2
71991562 7
90003135 13
4970 15
19997908 5
28996254 9
51000757 6
90004544 10
20016257 1
3600 14
2850 13
59978293 8
20991945 5
19000990 2
1490 12
9002046 11
4030 13
2950 13
4090 8
50981907 2
3360 8
40000705 15
5420 15
19990628 8
40001696 13
60007473 11
99999699 5
5271 13
19987607 11
60003693 15
3431 4
28994504 7
4630 4
5530 1
3140 7
10990131 8
39992406 4
40007955 9
3610 10
39991785 13
997717 5
19000320 13
20002228 13
40000775 11
19995698 11
9390 15
5490 1
420 12
4520 8
129979620 11
4080 10
4420 6
700 12
3170 7
3880 7
19987378 8
6730 6
79988871 9
20002978 4
20001617 0
20003228 1
19993598 7
19998678 1
20003697 1
4570 5
5250 15
4280 8
19986088 9
540 12
440 12
80001131 8
39999895 2
5090 0
4430 8
39992056 6
3550 10
39992215 5
37997621 9
182002964 0
4280 13
3910 3
2001845 7
97983584 0
20590 11
19985058 6
30003881 6
9995774 11
570 12
3880 15
59991893 0
60004403 13
3460 11
10001483 14
59997824 4
39999735 7
3820 8
39997915 6
9291 6
19987678 8
51992244 4
18007052 0
19993948 10
20002178 5
79998941 2
100002949 3
99997158 5
18540 0
19981068 5
11000661 11
2540 11
49011072 0
19993098 10
59992143 3
19998248 0
8840 0
79989301 10
39999875 8
20004278 1
10001594 7
6250 11
9989204 15
19000760 10
21000005 2
19997938 11
3410 3
120002346 2
7830 2
3330 8
19985628 6
19996528 6
3810 8
201001444 13
56994701 3
1013278 7
50998766 15
5271 6
139985304 13
20004797 8
4020 2
5540 1
59988934 8
40002356 13
4710 10
3700 15
2260 10
520 12
20979215 13
9007697 1
3150 9
2329 13
19988477 7
2140 12
19999388 0
1009787 4
76988309 2
82013166 0
3300 2
49984559 6
40005306 3
880 12
6280 0
7590 0
39978645 14
15620 15
570 12
3490 8
59981903 9
139999435 14
1884376 10
36114054 8
5090 1
10001164 9
3610 10
121991371 1
20007678 4
19992248 3
69006920 6
1200 12
5371 1
3320 6
3369 3
70984695 2
19098369 11
20896187 1
60002303 7
350 12
20008368 11
19988138 10
189998034 14
27998657 11
620 12
42004600 1
20001067 5
20006317 6
19994358 15
3280 11
19997288 8
7997849 1
3140 3
11995058 4
20002238 15
100000849 2
69996457 13
19980 5
8890 5
47972405 3
12002068 4
8290 5
7190 0
129978010 13
39000728 13
14431 10
7369 10
6110 2
50982367 5
4635842 10
6430 5
35349964 14
27994887 14
870 12
3570 8
42000940 0
10600 10
580 12
39992665 7
19995748 13
6560 2
810 12
19989728 8
1950 12
10004403 3
19993799 6
1499 12
3640 15
28999875 4
10995641 13
530 12
5920 14
37992631 10
12002078 13
20004478 1
1010 12
19993448 10
57997558 4
3680 8
120991794 9
21016715 4
39994135 14
59996913 9
3850 15
31994876 0
18004993 8
19992468 5
89005967 4
10995982 11
30003191 4
49999619 10
39998096 6
50996267 3
3750 4
1220 12
3290 4
9003706 5
3690 5
59991874 3
27993687 9
3970 4
21999113 2
19995878 4
660 12
4611 6
3029 15
59991434 0
80003901 6
60000903 2
59996873 2
21890 5
39981665 14
19999517 7
6630 7
19992148 5
20003928 11
40000265 0
27996567 14
12000829 10
40000505 3
770 12
3680 9
39993906 4
830 12
8000109 0
52000344 7
19992628 13
20002928 11
20002908 15
39995726 9
20005727 2
15529 6
18981961 3
760 12
101000046 4
610 12
3020 3
18993280 11
19570 13
430 12
981798 4
580 12
3760 3
3480 5
2760 6
551 12
39990465 15
4210 15
77993466 0
11998529 6
20000048 15
20000967 11
48006275 2
20996925 10
22002562 9
4789 5
58987956 2
49997620 3
20007587 5
19995097 8
49996689 10
20005698 1
29999712 10
50004179 9
59992394 10
20003837 11
19995248 3
217998951 11
109998753 9
62002298 8
4450 2
29010784 15
6580 15
80985359 14
89994796 5
5919 13
19994738 1
20002288 10
20996195 8
7250 0
7994379 2
11000411 3
4460 0
19996278 15
29998162 1
5291 10
5000 0
5160 1
19989438 4
19994198 3
3320 3
20014018 0
19994198 11
79999111 7
39984186 9
40009626 5
2820 11
2700 11
4260 7
3440 4
19984178 1
60003064 4
19995258 13
5930 8
3400 8
3420 6
3190 7
19975238 0
9110 1
7995689 6
52004724 4
79995801 8
560 12
1050 12
60010443 10
99987069 9
40001626 10
3131 11
17992983 8
1006557 3
1002797 4
9990 13
2920 3
39986936 10
39993655 14
7580 2
3850 11
59984914 9
1730 12
11120 11
8994166 5
50995857 14
5450 3
50002129 15
39991516 2
59997733 14
6230 3
39993746 9
80003130 6
39997776 2
4670 10
29995192 9
39999236 15
6490 9
110000143 11
119994286 7
20008648 4
6669 10
38985369 14
1010847 11
19992158 14
20001548 1
39999255 4
520 12
19100269 10
100892758 13
5470 9
60003853 13
4110 8
3030 5
39989756 3
21340 1
520 12
640 12
49977720 4
800 12
5210 7
19998197 2
19995578 0
19995808 3
27997727 7
4510 9
2002974 4
3400 3
8992797 11
11001091 1
20002948 0
3430 2
59995443 3
4210 2
4840 3
3690 2
3390 3
49984940 8
19989028 1
10011574 3
11360 1
19982408 0
18997311 15
101000337 2
49006201 7
540 12
10993642 5
8270 1
59997833 5
60994071 14
89005557 13
59996733 14
27994957 14
6990 1
2001435 2
2950 13
19994158 15
59999783 2
39996395 14
60004303 11
10169 3
19988977 4
520 12
30003621 2
31130 1
460 12
829 12
19965799 14
20006827 7
3140 11
19988408 6
3520 7
6321751 10
3889 3
5830 0
830 12
13666138 4
4455494 10
4549762 13
6100 4
790 12
18978521 2
2004745 14
3020 4
995807 5
4420 2
58996426 1
60006243 3
39992646 4
19999318 3
4260 10
79994581 1
20005618 15
8002969 0
131992855 11
159996702 3
6910 6
19992048 2
20003018 15
20003427 4
18997921 1
1003647 5
39998106 0
8250 7
19987397 15
30005832 0
9520 0
59991494 13
19997077 13
19996778 1
4890 0
1761728 10
78236243 14
7070 1
49990769 4
17995253 0
4630 15
32023436 7
3270 15
3000 11
4610 10
3990 15
18983771 1
6590 1
51968964 0
39003638 11
1770 12
19996428 8
20001388 11
210003071 0
4110 2
7640 3
119981596 4
170024646 0
4230 9
20022997 7
39946527 1
7960 15
19994627 3
24166584 10
45836613 13
4409 7
8993327 15
81002318 5
59997643 14
109995852 5
9009337 13
50999136 15
4840 5
20022247 4
5890 8
9130 4
3280 8
3310 8
4619 13
8943238 7
3630 7
30993189 11
30000772 14
8151188 9
21851484 4
5560 4
9000256 1
8390 1
10987582 10
39994035 4
4120 10
3660 2
39994646 8
650342 10
19354496 0
20005028 4
4300 9
19992598 6
39995265 0
39999145 3
39994555 5
20008128 11
3740 9
5260 8
59985554 2
60001403 3
20001668 7
4489 13
3720 3
6910 9
19980788 14
830 12
8360 1
19990248 6
10002414 2
7997909 13
4550 13
4090 5
804360 10
21194592 9
460 12
19987738 3
20007608 6
40004015 8
6270 8
7986800 2
31997136 7
120000936 11
69001899 2
970 12
30999449 15
19999438 11
19993668 2
20001878 5
18001013 1
829 12
1000708 11
61000641 8
971 12
60001354 1
39999025 15
19994708 2
20003878 5
79999931 7
29000704 5
11003841 14
19995348 8
60011153 9
19983758 0
140006934 7
20002878 5
1900 12
6850 5
60982211 7
3590 2
19998678 7
3979 10
37999361 13
30998699 0
19994458 2
38859700 10
31146117 9
19999678 4
3040 3
3490 14
8993486 6
41005133 7
20000318 3
69988147 2
6890 5
19992328 4
20000178 0
40006635 2
30001362 1
19996287 14
80996878 3
8010179 0
38999668 7
52991151 9
19001981 6
39998576 2
4340 15
4300 0
2690 15
89992505 7
12943677 10
4030 3
95047971 14
3150 13
1008008 0
30991609 5
420 12
4989 0
5711 15
3399 3
3190 15
3250 3
5050 0
3330 9
3620 4
3090 15
5790 0
2360 13
2480 11
3420 9
2830 13
3130 13
4070 3
4600 0
4280 9
77926717 14
4210 6
2159882 10
4391 13
199830689 3
3720 8
2020 12
4800 2
6010 1
3290 13
2380 13
39976836 0
3640 8
111758 10
59900645 4
4170 2
59979323 14
40003986 1
19208628 15
3300 7
81793408 2
68996100 8
3200 2
40000475 5
70003187 1
635152 10
99352257 2
60013453 13
38987429 14
4309 10
10993862 11
6940 8
59995293 3
3860 6
2327541 10
17666028 7
80004391 0
540 12
40005395 7
19990648 5
40000976 13
20005548 14
990 12
5880 7
640 12
19984618 6
40003516 5
78999673 15
3370 9
1004157 4
470 12
19992358 13
40002576 11
3730 8
10590 8
19975828 3
6140 7
39997885 14
680 12
40998533 13
19004900 9
140004045 9
19992978 4
9007317 6
10992461 10
19996338 14
4680 11
110006543 6
3830 15
124899 10
39865557 0
4150 9
39991186 7
40004785 14
4467034 10
115531732 6
660 12
19999147 0
1437822 10
28563780 11
10000674 6
8520 1
8993616 8
10995361 4
3900 5
107998118 8
31995597 1
80004571 3
19991658 5
20001607 9
160006462 15
30002661 4
750 12
670 12
19992218 6
40002845 3
99996469 11
50004360 8
3340 7
20003957 10
39989136 13
6910 10
19994688 3
79996292 7
20001527 11
4920 10
2960 11
179993950 1
40000796 13
10004014 7
3300 4
3630 9
70993565 11
420 12
4913008 10
3440 7
3420 3
33069493 5
610 12
5350 0
3300 5
994127 11
30001072 13
441674 10
9430 2
4560 4
3260 6
60537407 11
19008240 7
139990714 3
40004226 4
4859 0
4340 13
19991108 14
40001155 4
79997051 3
60004933 9
80003381 2
4160 7
560 12
19989478 5
39993616 4
9271 0
5740 8
3390 13
530 12
19996318 11
109986393 14
19002850 15
740 12
21004925 7
39999195 1
2275381 10
3200 13
117713585 14
120000726 15
800 12
5640 1
2179083 10
17809845 7
19004630 0
6360 1
999638 0
100991967 14
49008572 9
19990258 13
3760 5
6789 4
3271 3
127992205 15
11996169 1
9370 1
3920 13
79985341 5
37998021 4
4570 8
12004318 14
39993916 0
39997985 6
9759 11
3240 15
19999698 7
4390 2
79985231 6
99999619 2
39997476 4
50004399 14
57993049 14
3589 5
52998992 6
4001499 6
24993444 9
20006948 11
39999205 9
720 12
9000337 8
69993787 2
1003017 9
49998239 0
8015739 14
50985327 9
120999734 2
60006053 4
39997185 14
129999771 5
20001298 8
4070 2
19990878 8
60005663 11
3770 11
19999538 13
59990444 15
20010178 3
3499 2
4780 10
49983680 14
27480 10
19973078 13
90004565 0
19992527 11
3160 13
89996934 11
20006357 10
79990921 9
20004358 10
59996233 6
90003825 5
19998708 5
39000148 5
3610 15
1000107 3
59996203 4
40002425 3
18999831 11
30997359 10
40997983 15
4089 10
47997805 1
21004625 3
19998198 10
930 12
59998364 3
4320 14
19993708 10
4080 14
3460 15
360 12
6250 15
3360 6
39979676 1
5510 1
8997736 5
61001551 0
8710 4
19987318 5
20006837 5
491 12
39994525 0
20003488 13
79997021 13
39994815 8
5821947 10
54185777 11
640 12
4269 9
3300 4
19988479 1
3510 11
4240 5
3160 11
3120 5
3200 11
3460 15
47975275 3
3200 13
32014226 14
89986236 4
98998522 13
830 12
20999375 4
4730 10
19994968 5
1011007 0
18990390 5
20000747 7
4530 3
3280 10
5470 3
19087429 11
20900547 6
19994737 15
90004585 0
4129 11
29993752 4
39994406 5
670 12
6300 0
600 12
20028537 8
18961241 7
5350 7
41012323 10
139992535 5
59999133 9
19997188 9
59999443 2
9002477 14
3910 10
30991439 1
20008298 8
19994997 5
60002864 6
550 12
39993315 5
10490 0
4180 3
3470 14
19985508 15
3800 2
59997843 8
50992737 3
3630 4
7690 9
7260 0
27984757 5
1003997 7
4450 7
3290 14
6000 7
19984198 0
59996514 6
5640 1
4640 8
19097690 0
3340 5
40889694 1
20000548 10
20002598 8
3560 4
20004038 9
3090 3
9520 9
1190 12
3010 15
5920 1
2969 3
139966554 6
49997800 9
19997738 14
10029 1
8996776 14
28992154 3
82002756 5
3380 14
2950 14
18990520 11
3600 3
8009650 8
3471 15
3600 2
3119 15
42978878 4
40000786 2
20001628 2
18995040 5
41007783 14
11640 15
8982357 14
11005601 2
198997051 5
640 12
30995549 3
40016255 15
3860 8
38981329 9
1002387 13
60995681 15
49003502 4
3400 15
5580 4
4230 9
350 12
9985814 6
98995681 0
1002518 8
7440 10
29995182 5
998698 10
6140 1
18990350 5
39999255 6
60000114 11
4680 1
3450 15
59008976 2
80988488 13
11997219 2
3490 6
3500 2
2530 13
16986866 0
1007897 6
2700 13
119989056 4
40001256 13
78000936 5
31999457 14
19997028 7
40006425 8
10000704 11
6730 14
19987118 4
19999338 5
3099 10
550 12
4700 8
3180 8
3880 7
440 12
139989475 0
7380 8
3120 3
129989251 11
18996111 5
3020 11
109995062 8
3420 15
3500 4
90998912 2
18994181 0
910 12
90999973 2
3199 6
79995392 1
20002937 8
37996201 5
4080 7
3510 2
3880 7
5800 0
31988236 1
59998574 4
10000304 3
41003542 1
3970 10
4120 7
650 12
15580 1
58968177 15
780 12
60001003 5
21000095 9
3480 13
46994847 14
2650 13
11997639 11
3690 4
5010 15
720 12
59997763 3
9000367 0
10991631 5
19995168 14
60005663 4
20005578 8
20000027 3
2663086 10
5338373 13
2571 13
3789 15
11983649 6
20008188 8
17070 7
39980506 0
18993481 6
201003515 9
40001616 7
40003836 11
7997679 8
4430 8
3100 8
3950 4
11991919 3
19997218 5
18997490 5
20996975 6
10002134 4
580 12
40007526 8
11309 8
19973908 0
20016787 5
59984234 3
130005910 6
99996149 2
60003403 15
29994402 10
3420 11
19998648 8
180997617 14
29006664 1
19996488 13
37998981 10
32005886 0
9996994 15
19003530 4
3490 4
150986856 15
19003640 2
4329 13
70997825 0
1000 12
5860 2
8097228 10
11900370 7
5710 3
60984581 7
40006775 7
4840 13
3290 11
38997688 3
99096210 10
60897322 11
19995148 5
3360 8
710 12
9910 3
19990428 11
79992291 13
100008869 3
5510 10
9100 4
9987944 5
10993341 10
860 12
17999373 10
3560 5
3430 14
7040 10
3420 14
8980797 13
32006196 15
19995488 11
70003677 0
3290 11
820 12
4110 2
4370 7
59988923 15
3480 6
8994897 0
18989190 5
42007901 8
8980 1
19986077 6
100006259 9
3270 4
19995128 2
59998653 3
100002129 0
59997184 1
3780 7
19995407 3
79997001 8
3390 7
57999299 4
3480 14
11997198 2
19999057 3
40000306 6
30005141 15
60000243 2
39998585 1
4110 11
490 12
30991889 0
19005901 7
19989608 2
25470 1
19975918 2
20005608 6
50005259 4
3149 15
29994902 9
38989758 14
40999953 10
3410 10
19997148 1
5390 15
79994911 5
20007268 8
410 12
79996761 6
20996445 15
28007567 11
70999125 8
109998533 8
19996288 11
20000428 0
19998568 4
730 12
80002231 3
730 12
109994883 9
60001824 4
9998424 0
30009241 2
3320 4
39988226 15
39000128 0
60007333 11
3920 6
49990580 8
2002565 11
19013130 14
3390 9
19990538 2
3420 2
60000083 13
570 12
3620 11
21987303 4
17999323 11
3510 14
5130 1
3429 6
19981468 9
13349 7
590 12
19986808 13
7995900 14
3269 2
11999209 11
3510 6
59993884 10
200007458 11
19995968 9
540 12
500 12
9320 6
19992178 4
39992925 0
40007476 13
3540 10
39993266 13
20001787 13
39997736 3
19996988 13
80003922 0
5809 0
4211 11
3029 8
850 12
3680 5
2950 3
4780 0
3670 5
4870 1
3050 11
4510 7
3860 8
3470 7
80946619 9
9008196 8
19996698 1
3240 8
5650 0
2960 11
8990317 4
5930 0
3080 5
3420 15
10982681 10
4930 2
4250 8
5550 0
3170 2
1400 12
19976438 9
20002898 6
29999771 13
20998935 1
59002196 7
740 12
20006158 8
3610 4
4500 9
6604007 10
53380516 14
20003178 3
99994039 5
20001788 10
39999995 5
19999327 6
19998058 14
20003178 6
19992938 6
40005945 10
19995578 14
60024383 0
3540 6
400 12
7973270 7
3291 7
3899 3
82990874 15
39003368 13
60007883 1
580 12
39989776 0
4120 5
19996727 15
40005915 2
38993318 11
31003799 6
10001774 9
3410 7
3710 2
9987324 13
39999376 11
19001810 2
3540 6
40991853 9
130009301 11
39992576 10
80003491 15
720 12
3750 5
57993289 9
102015293 1
3120 6
39984406 2
5390 11
40994153 6
58994796 1
80000261 10
20005088 15
3720 14
119991256 3
9002177 11
31000799 10
20002548 2
6600 11
79988601 6
20007068 8
3840 8
69993587 0
19994818 5
20002478 4
3651 5
18994930 7
3840 3
1002887 10
10000454 1
3420 5
39990026 4
410 12
6280 3
19993918 8
110001333 7
109997403 15
20000768 15
6680 10
2710 10
38988988 14
3540 7
998668 2
19998177 7
19996568 14
8014429 9
11992079 13
26783302 10
53211379 14
19379 10
39987715 0
39992916 7
40006045 3
7995230 9
3320 9
91999780 14
9003086 4
11996259 6
6380 0
328989591 3
50001469 4
8999966 5
5171 1
6349 0
160993120 15
19999358 1
3640 15
19992238 0
61001751 13
19000991 0
100001459 11
59996123 7
20007318 5
9992804 1
6370 14
37988651 13
1120 12
5440 0
3420 15
61997058 3
59994503 14
2520 12
20015818 8
19988858 0
4480 13
19992737 5
19998077 4
28998654 15
11000602 11
5160 2
3340 11
3600 10
3300 15
2971 5
2889 11
60979580 4
7999099 7
670 12
3109 2
1000658 14
2980 7
89989945 3
19002171 6
1004638 7
19995048 6
6439 1
14370 1
19990508 4
6300 4
39985116 1
137999489 1
769 12
4011 3
3740 15
1995044 14
149997969 4
3600 8
19996047 13
19993337 2
6750 10
69006870 3
50993487 15
20004008 6
9998054 0
79995542 10
3880 10
7060 1
99988989 13
20001467 3
3680 9
29003375 11
4420 14
10992221 1
59999003 5
12520 14
29982142 0
41001583 4
4490 5
4190 10
29020954 6
29969982 15
20000218 8
3410 5
3990 8
4050 15
3520 7
650 12
679 12
8985196 13
10996051 9
20012788 2
79985752 14
29008545 5
3940 9
10989471 13
13530 9
19984468 0
30001892 4
140002345 13
19996438 7
11870 8
3950 6
1100 12
8002730 2
3800 3
3720 6
60978431 11
3910 6
4071 8
131001308 9
3831 3
79994182 8
29986921 0
100008258 11
930 12
20009288 6
4560 9
79999671 10
3560 6
6610 1
19980818 14
500 12
19987538 15
840 12
58998376 2
91017272 4
4050 9
39991496 2
9997234 10
4129 15
59999903 5
3480 11
37979711 1
12024808 7
79973862 11
80001021 6
1007087 4
520 12
5870 0
4780 0
1010 12
3800 2
4010 14
3220 9
3290 2
5600 0
3780 11
3390 10
78971394 5
19996027 13
19987457 0
20009468 4
16570 2
79978621 6
1030 12
180994388 15
19028220 13
209985102 6
20989085 1
3610 6
38997748 7
3730 15
3620 7
4410 13
2670 13
3340 10
99981709 6
4590 5
10007954 13
6860 0
11974749 1
3250 8
55997244 7
141101870 11
4180 3
40919514 7
3470 7
99974900 1
78994273 11
51999044 0
4191 2
3560 9
18990320 7
39002318 13
1024017 0
59982754 4
5220 10
790 12
21987983 6
18012202 11
59979134 13
550 12
17320 1
28994854 14
70995725 13
19999437 6
99991630 11
20007207 11
6040 1
9000807 7
91020472 5
3310 6
4210 4
5520 0
10958352 7
5051 1
60009644 5
58986896 10
4320 6
19989928 0
2620 10
19003270 15
1003397 2
160006682 4
8500 3
89979096 2
20017647 10
4120 7
19988238 10
5050 8
760 12
109992033 13
20006258 9
18989710 0
1040 12
150997826 9
15270 15
740 12
7180 0
7981039 13
4080 6
996627 8
11990338 2
3720 7
19007011 4
179995450 2
109995973 1
6710 15
80003722 7
3609 6
99984540 0
6900 0
8680 7
4471 3
79988902 15
100010079 6
4200 9
6329 2
30971249 4
710 12
28300 0
3650 4
28964004 11
80012121 5
4000 14
59985144 3
19999408 3
3889 10
19994568 5
70001958 9
31000149 5
17001995 15
162017267 6
19987528 0
20007798 1
17985893 7
132006035 3
19994998 11
78997354 3
91008562 15
79991822 2
60013484 7
39987216 15
40012086 4
60005373 6
7979130 14
92030839 8
4380 5
39989406 9
4030 8
3260 10
3290 10
129970731 1
11009831 15
4800 13
5879666 10
34099560 14
3619 9
3369 13
29012354 7
80003021 13
119976907 10
26489 8
10750 0
139979195 1
9230 0
590 12
5050 7
199970078 11
67998513 14
22004172 4
1004028 3
19005430 14
19440 10
79981201 6
59984854 6
870 12
39005058 3
4160 3
1002817 7
710 12
20002918 6
5660 7
4220 7
19981848 15
20008818 14
8120 9
19988678 3
59989434 4
7260 9
4340 10
20002267 1
988277 4
960 12
4000 4
4010 4
9012256 15
60007944 0
9986065 11
6929 5
19983499 9
60009544 4
19990308 13
4080 8
239995143 7
990 12
19993688 13
830 12
6990 3
740 12
4670 1
3210 3
4750 10
4810 1
5140 1
60967551 4
9025416 5
4370 4
29976262 8
19998418 2
40004655 4
30016092 15
19982738 7
510 12
19988128 1
79997181 3
80013841 5
4740 10
4040 9
6160 15
3810 10
59970903 11
80012560 10
3789 5
7959 0
89983715 15
1151 12
19992648 5
57993859 4
52024324 0
159995803 10
4220 4
4829 7
19980408 6
8991576 10
90000265 0
31017669 11
87981801 7
3091 10
22006622 8
20001858 10
39999225 6
59999694 9
97990304 0
12022668 3
39996805 9
1010 12
19991238 5
3760 5
5430 9
49988849 15
7995199 14
72007212 10
79995631 9
40008316 7
7350 11
59981394 5
59993633 6
40014475 6
59987143 8
10015164 3
30990279 6
3440 15
3910 6
18997701 3
1120 12
19981157 11
20589 0
17982103 11
42007230 6
60001233 11
80001381 1
31993267 13
87003593 2
4100 7
10040 0
30986239 4
119997957 3
3430 3
3749 6
3009 6
3489 8
5620 1
3969 5
3329 8
150966717 0
9011166 0
40003206 10
8309 0
720 12
29979651 1
120008837 15
80990219 3
9006136 5
3500 5
20000638 6
40991093 9
5010 14
19990228 13
39009548 13
19998698 10
9002286 7
11002682 13
992358 9
19004160 7
40030656 13
219971847 9
3870 2
19999827 8
689 12
987357 2
19004730 0
20000107 15
9000757 9
50993617 3
20008717 14
20992266 13
18995891 10
16680 7
40001155 11
26209 14
19965938 9
8620 4
19984918 7
480 12
1360 12
39998546 11
39992836 14
9006837 11
600 12
11993979 14
101996304 15
5389 13
67007645 15
60988990 1
39010948 8
20006038 7
19987548 13
1002047 15
7002741 7
32012676 4
120988834 2
3070 3
3730 9
78997953 13
3771 5
19986408 1
80006851 1
1995835 2
26000541 15
3760 5
1989335 14
840 12
30999709 7
4089 15
580 12
19008901 10
850 12
19984108 7
2110 12
23290 1
59986263 13
4010 3
60983861 4
9009076 14
30003982 0
6480 7
19991778 2
41989150 1
48018095 11
720 12
13129 8
3829 3
39980385 7
19990167 5
960 12
17993523 5
560 12
72009261 11
7860 0
19996358 6
21790 0
59974684 9
59992233 13
18996211 8
21010046 9
139998534 5
3570 14
6370 0
79990701 3
39989025 3
20012708 2
4200 4
990127 2
19002821 5
3860 8
4660 5
36029 0
3650 5
5760 0
19934019 2
21012235 15
38996399 4
500 12
37990791 9
23003230 10
6930 0
859 12
19004041 14
19997628 15
79998291 14
59990403 7
7999630 11
51997174 14
130045050 7
49970200 1
4190 5
40002826 15
9989074 11
3080 13
30003942 6
4180 15
79977412 10
20002287 3
20009958 10
37999791 6
99987489 3
12008149 5
3670 9
19992988 10
10280 15
39984996 4
38000171 1
2017545 3
3840 9
19979877 6
20010058 8
3180 11
8000369 4
3950 4
3250 4
31979027 14
20116406 14
100885158 9
28996504 11
60006963 11
3340 3
120000157 10
8170 7
19993567 8
20000668 13
9690 8
9992114 5
760 12
3740 2
5170 10
19985138 13
5370 4
4960 4
49978759 5
30013591 1
5650 0
9996654 7
27989967 14
142004239 0
40989544 7
19039950 0
59070435 14
6560 0
160900202 7
20984995 6
99034901 0
19973718 9
160004273 5
19996727 6
39989396 3
20012608 15
32985294 0
640 12
5140 10
27009969 7
4260 8
540 12
58982826 7
440 12
21007926 14
6260 9
19985499 15
40020366 2
4180 8
159995332 14
981728 9
67010575 1
141986330 11
30017062 2
9300 0
39979996 11
19997777 10
5689 13
17988724 10
3729 10
13003587 15
69004570 0
4580 6
27984416 1
2031634 5
120967425 0
69000390 10
90010354 11
6839 13
19992858 4
80000251 11
20001088 13
5640 1
2005125 10
78976164 13
19000361 9
4200 14
589 12
4330 7
60002594 0
20000747 8
4300 8
59995113 6
950 12
30985329 9
3460 2
9996574 14
29021664 8
620 12
9997254 14
8988637 3
4150 3
3089 3
69986838 6
999168 5
40015656 11
20000288 7
59989633 2
20012828 1
99985619 0
4160 8
59993374 7
8000169 10
3640 9
72000232 8
39995746 7
5760 0
3570 4
19997188 10
60000903 9
40021025 3
59964534 1
3640 13
10619 5
10600 6
38976729 0
3810 4
1006807 3
7420 13
59999743 15
7080 9
19973539 1
20019337 5
3730 14
29977392 11
80000821 7
3590 13
17996683 15
2012145 14
10003524 3
9995454 14
3560 14
20983405 2
3920 14
3980 5
39002928 3
29997812 11
60005164 13
58986176 0
4640 4
3369 4
21010495 7
8200 14
19972619 0
20000667 3
40002006 13
7630 4
250000967 2
820 12
20992716 0
9016576 7
4790 7
19973498 0
3980 9
630 12
19995888 0
28179 4
3851 13
4391 5
27962207 11
82999343 15
39020538 6
8570 2
69994587 14
27999538 0
11986899 6
19994688 6
4160 7
2250 13
4580 4
40991873 6
8225857 10
3771 5
4329 9
680 12
20764059 0
18994341 7
170999164 9
26609 0
49982020 8
18992351 13
1014207 7
3300 15
10987891 9
3080 4
106992761 5
42008891 13
3449 7
39992656 13
19997948 3
16430 6
159987782 10
20002268 0
20000668 10
19995368 15
110996030 13
37994411 14
62004078 6
39007669 5
8996077 5
11008881 4
4160 10
3480 9
39998856 14
19981038 3
38000221 11
3969 4
740 12
72015823 14
3300 6
19980609 5
994238 2
79008994 11
38988768 4
11024591 2
3230 8
39999146 0
19965818 11
150012058 1
39997186 15
4170 6
19991508 8
19998837 6
4209 3
20002759 5
99995339 2
12979 10
59986084 2
40002855 14
20028957 11
17971213 2
102004834 13
5580 0
3780 9
19987588 6
4550 4
20004408 6
59988553 3
3650 4
50006500 14
30990539 5
7560 1
46987557 0
3730 8
112021758 15
760 12
59988863 8
14450 8
47977745 13
4260 13
52017474 1
19997318 2
79973111 5
15719 0
20007228 10
9080 1
3470 6
9983864 2
27984507 13
42002151 15
120001826 7
99991229 5
49007792 6
2650 11
3060 11
11014101 7
39980465 8
480 12
70991504 2
3090 13
148997741 4
40003626 6
19998018 7
20002148 6
20019407 4
3869 4
19981578 9
4410 4
3490 4
19982748 9
3250 13
20005038 2
20022407 11
19079360 13
20904107 6
59997823 1
60002403 8
8030 3
19975128 13
22580 8
58980336 11
40998703 5
27590 3
3060 10
3520 7
39982166 0
89998635 0
109994253 4
3510 14
69993787 0
59996104 3
10710 15
20000267 7
30003211 3
3410 7
19991598 11
8993047 11
11008291 9
4050 9
39996736 8
3300 6
18987460 10
51006087 0
40000055 0
18993920 5
1002697 0
19990348 5
161001950 2
39017298 15
40980753 11
73173357 10
114830512 6
3700 8
141006472 7
20987935 2
29015514 2
8830 1
650 12
140979022 3
19002291 0
22390 6
39981266 2
19994868 1
90011545 7
3911 8
5100 0
39988146 15
40980493 13
9016137 2
4390 11
4159 11
69980048 15
50994707 1
4510 5
5520 1
78993344 15
20020448 9
860 12
19992517 8
210982299 2
29007625 7
4120 8
39992296 11
2940 11
20006768 4
59984373 0
3430 11
3700 11
5030 13
39991166 4
40008196 15
991818 8
860 12
99014971 14
5940 4
80005422 1
59971483 0
21001625 0
29003474 5
10006184 3
39989635 0
39001498 8
2000495 15
7431 15
4100 15
39006449 9
731 12
79989661 10
39988446 8
20007918 10
30004772 14
29988722 8
110008373 9
67987363 15
2028644 6
19980928 3
9315803 8
10675285 3
5960 0
10530 4
80001551 3
19988638 3
60004874 9
90001176 8
30993339 7
119019309 10
38980299 5
121008925 10
3370 7
989927 14
49002392 8
59996824 7
19998838 1
20002567 0
3229 14
59993873 15
90004005 9
39999536 6
3720 13
5559 0
79992611 3
4000 15
40980953 9
79015154 5
19989488 10
3790 13
20002308 14
3260 5
67990722 13
13010716 1
7988549 8
30004091 2
3950 2
1032667 15
19970348 5
39993186 9
79994431 1
120008066 7
69988868 6
12470 10
19999987 13
39995506 3
3770 7
999797 10
631 12
18994511 6
20570 10
3200 8
18973971 15
19995237 13
61020121 0
19992138 9
8380 14
590 12
19985238 5
5411 0
19999568 6
109993262 8
10018954 15
149988329 11
20989955 14
3670 7
3830 5
18998831 1
90006365 2
3910 9
988947 7
3670 8
69005790 1
3530 7
29980912 2
50006219 9
6300 13
9998743 0
159994442 9
3730 6
7995189 14
72004342 0
7240 10
79992021 7
199997948 9
130003550 5
60002784 2
8996257 3
11041290 10
39951817 7
4060 13
3500 13
3950 14
5089 0
3560 3
3340 6
9980494 11
69995898 15
2940 13
20010538 8
680 12
3189 13
59989984 14
880 12
59992144 7
20008268 2
59997723 0
139999275 13
2710 11
3440 11
3120 4
989327 3
57995339 6
1008817 4
19987858 15
25870 14
4350 14
6320 0
20966035 6
19010151 5
89993955 6
40010185 10
4070 7
3380 4
3000 11
3570 9
99979109 5
19989628 1
19309 15
3230 4
3910 10
59982334 14
58992686 9
3280 3
3490 5
994108 9
39998116 0
69999768 9
90002026 13
20002717 2
20006287 0
580 12
3420 6
3650 7
560 12
59986054 11
550 12
60001003 7
3670 8
17000 0
640 12
119974987 3
47991645 14
42020370 2
40003206 10
109988133 0
80001081 15
89999085 15
2700 13
160986181 8
129035763 7
49980219 14
129994610 6
3909 2
7990348 13
3620 2
7780 1
31984527 4
18996501 8
1009447 10
20010148 8
59991103 2
5882396 10
54111618 9
60000093 8
3450 11
5420 4
18990601 2
3540 8
119998627 9
60992601 0
20011227 14
19998078 8
20012638 13
39980706 0
20014217 2
3730 3
60014483 14
3069 13
2520 13
19971709 8
3400 13
79984671 9
492154 10
7517265 11
3810 6
22988850 5
9020866 6
3371 14
4460 10
29989421 15
49984870 13
90006075 9
5810 0
3930 6
19980928 7
21000195 6
59014295 2
20004978 8
19985788 10
19992448 3
21820 1
99984019 5
10003404 5
29992852 7
1009037 9
99000312 11
89996905 4
3970 7
3960 5
39993445 15
20991515 13
158999575 3
5890 14
3340 7
70992985 11
2810 11
3490 8
69012260 3
39991006 4
20000838 0
8984917 8
61008381 3
8273485 10
31717869 8
19998837 8
119004500 2
31004539 5
19992358 5
60011043 7
6880 4
39991976 14
39991686 2
40012235 6
19991908 5
40009956 0
3440 6
3130 6
19996377 9
1060 12
19989488 8
5440 11
29997071 4
39995916 13
40010135 3
3839 3
19987238 14
5589 0
4380 0
19989478 5
78989824 2
3560 6
31015639 5
29986922 13
3030 13
27992717 6
2740 13
3650 6
29994852 1
11003161 8
31008579 14
6210 14
19984608 1
39996306 9
20006358 6
19991908 1
219998206 1
60006364 15
3420 8
18991840 2
3831 7
71002065 8
80999749 2
20993435 3
158014258 15
49999490 6
900 12
3860 3
139978864 10
70015708 5
59993143 4
10024624 9
29967292 0
13080 3
2257891 10
17732007 14
19998988 15
9004276 15
3330 15
31005489 10
8000 5
19978198 4
20010488 15
3380 8
109991123 0
5510 1
40991433 13
28001187 3
71016514 11
109992854 5
9989664 10
1011447 2
3180 10
89989156 5
19014530 9
40006115 1
79992502 5
59992473 9
99989979 8
4631 10
19999997 5
59998574 14
3330 13
7410 4
8179 4
2791 11
2760 11
19967898 8
910 12
3210 11
30003672 13
40001896 2
5960 5
3630 2
19984248 11
1002827 5
69000190 11
199993889 3
4380 2
120006787 0
40001935 3
28720 4
39963446 2
59998833 1
60003544 3
15710 6
9996164 13
90003905 4
19987708 11
150988716 2
3420 13
3600 3
19002480 5
20001399 11
91989940 5
8005129 8
30005601 4
19987688 2
820 12
20008418 2
20991735 13
59010476 14
140000225 8
5220 3
4050 9
69982438 2
11450 7
19993939 13
591 12
20004057 5
49995920 3
70000177 15
6610 0
130984239 9
6030 14
38989758 6
13330 1
39999145 14
28995714 10
51004577 9
7150 0
8985377 5
3720 4
10989092 3
40002305 3
11849 7
3430 7
580 12
4130 10
18984131 5
2850 13
20994235 8
1013117 2
47985246 11
21000326 13
70010557 5
100000999 2
79988022 5
700 12
11569 15
39995086 8
20007998 9
7390 1
2970 10
119989447 0
50000340 13
57982778 8
3910 7
3460 14
3150 14
3190 7
2992502 11
38998408 0
14850 3
59997764 2
5980 5
20010738 0
10968182 8
3651 15
39009937 7
8988916 3
11001371 1
20021238 14
3150 14
39980846 4
39988756 8
20012537 13
99991809 6
57993848 9
3026382 1
3180 11
18984031 14
19998878 0
78991944 4
30996209 6
87997861 1
42017270 10
9094705 10
2894544 6
8011129 5
80007351 0
3730 5
39984256 15
6620 11
5240 0
69977777 13
6010 1
600 12
19995698 2
10200 10
19987058 9
3310 9
100006749 0
40001696 3
39998345 13
60011104 1
7110 0
19980578 2
3530 9
20989695 1
4010 8
39007468 2
3350 5
3160 7
3090 10
3680 13
630 12
3560 7
3180 2
19981698 1
4180 3
580 12
3550 14
3130 3
19993138 2
19992668 3
19999138 14
80005712 8
4370 4
9983354 13
2720 12
7997389 5
5580 0
4620 0
11990469 10
5640 10
149994148 3
20003708 2
40006546 5
97981844 7
32007736 14
40001756 15
6000 0
3149 9
2980 13
3350 13
37974222 4
22014932 2
19982778 15
60008603 6
20003307 7
1500 12
39996746 11
40993503 8
137998140 14
70999795 5
20010178 10
100989687 5
3429 4
4380 2
620 12
89007668 0
9250 3
19984898 14
3620 11
3250 9
9990 3
8710 3
19972338 7
50001020 2
80001761 4
39998676 6
960 12
5431 0
39999655 2
19987648 5
79994672 15
20013847 7
108997356 5
10094033 8
898358 1
40001286 5
90005805 8
9994694 11
39996756 6
12430 13
7989039 7
12005549 2
19995738 4
840 12
40004675 4
20010278 7
7590 0
19973838 4
159998133 8
61003561 8
69010960 2
19988218 5
8431 2
50986846 8
27001789 2
12011689 1
8991086 15
4090 5
71015875 4
19989208 9
49983940 8
3890 8
9002796 5
910 12
870 12
550 12
31005769 14
20000928 6
2730 15
29996022 6
6590 3
3430 15
69983937 10
150010979 9
3520 14
59978284 7
3990 11
17995793 9
3470 15
22009983 11
19998098 1
7997900 9
12001648 0
29994462 9
530 12
18997790 6
30993820 1
60000713 0
100010499 5
19999978 10
39995856 7
60004203 9
50003190 9
39994526 10
59999844 13
19998568 1
4960 7
3550 13
410 12
3610 8
79982301 5
9300 9
3060 11
80990689 8
6210 1
3450 13
3040 8
208993545 15
4180 4
99997069 15
39999546 7
40999833 14
9014676 15
5520 7
29975722 10
58993246 4
141003452 0
5910 4
139998684 14
12171 15
19988617 9
20994186 6
3200 2
59994243 11
39013029 5
2059 12
6870 7
3440 7
19995788 9
5330 10
17967863 1
12008709 15
10640 8
119993367 5
540 12
19998988 15
6160 7
19997228 3
69985777 5
139999824 5
40010636 14
110001903 2
40990253 13
30006402 14
38993718 3
9390 9
10012854 5
19985688 6
190004045 2
3800 7
109990494 6
59012926 8
10989611 1
60003704 11
79990531 9
79999802 5
20009637 10
920 12
520 12
19987868 5
40012396 6
990317 14
6780 0
960 12
78998504 9
60988581 3
18997111 10
60004873 1
9210 6
79989981 5
59998374 10
8330 8
630 12
19094089 9
20909687 14
19999688 15
48991882 5
4630 9
540 12
28987164 0
4800 13
81999817 7
80009261 14
19984978 8
20008558 5
21005126 2
86992803 14
51996324 15
80003882 4
20000267 10
77999137 14
5080 0
56858193 10
115132259 1
80006581 6
5100 9
19994668 4
40002125 13
631 12
10006813 8
69992818 10
5120 4
19996688 0
79999321 15
60991721 8
138996408 4
8002729 2
3530 6
53996109 9
3770 2
58002389 4
14120 3
39996875 2
79993012 10
100002519 8
5260 1
19994248 13
99998999 3
660 12
39994126 0
39996965 14
691 12
99991159 9
100018489 13
97979715 15
4389 10
4111 14
2016584 3
3930 10
19983188 1
3920 13
3870 13
3870 3
3600 8
99986299 15
996188 5
119012399 11
3580 2
3370 3
19983208 1
19997248 6
60000104 14
120009017 8
10989 8
2680 13
420 12
3600 8
3800 2
169962317 5
70006557 1
3810 15
3180 2
39984926 11
1002127 10
79004734 6
3430 13
39988126 14
20013957 6
5349 1
3229 13
651 12
58980846 10
5250 1
5500 0
70985585 5
17149 6
19991919 7
20997536 15
17996943 13
3850 7
3520 15
21005645 2
3540 1
39986926 4
22001502 3
3550 14
3520 5
4030 3
4670 3
47973115 7
28005357 5
3420 11
12007469 2
69990668 7
19998218 9
60016604 13
49978420 5
11629 2
39998676 7
4230 7
20004838 5
5050 5
18978440 0
11006721 14
20002548 6
140021074 2
15970249 1
84013861 8
3730 5
159992103 0
59985543 9
40008856 5
59999883 5
100001769 1
39999545 11
20992995 13
9007596 15
17993503 1
23999188 15
3810 15
5300 8
3460 9
17993073 11
19996838 6
59996863 11
98001875 3
10999101 4
51003257 0
59007516 1
3680 3
10989111 9
20019647 0
3540 9
39981526 15
20000858 15
4370 8
4660 3
90979403 5
9013086 11
49989680 2
98999352 3
5530 9
21004985 1
20989615 0
19008621 2
20003837 11
120993425 3
138988998 4
20005528 13
3600 15
509 12
3620 15
39999606 0
19989138 1
540 12
100003819 10
690 12
4750 15
109987594 8
120010637 7
18995321 14
21017515 0
20981466 9
9006447 6
58992666 0
9000357 2
21998412 8
3969 13
8160 6
78986915 10
1007307 0
29991062 13
28011706 5
71987213 0
5980 6
890 12
3140 10
3030 14
5250 10
2820 6
2890 15
3970 9
2580 10
3110 14
19977528 7
19998818 9
10006683 1
9990394 0
2240 12
5291 0
38988798 5
31008829 4
3350 7
59988833 6
29001594 13
30997699 5
19995818 3
20005988 9
8007009 7
51996764 14
7993719 4
33375349 10
78631908 1
40001625 2
19994538 0
20008098 3
3620 5
6370 15
119989167 1
8989437 13
5960 0
11008691 2
3300 10
59987683 8
39998206 1
19991968 3
80015261 8
69986178 14
3800 5
79995071 13
9016716 1
3910 14
49981670 3
119997227 1
21016405 8
3780 6
2690 13
28982214 2
2900 13
11001312 0
997217 13
19005241 5
3880 5
3160 5
3350 15
3790 15
3640 5
7972090 7
3290 5
940 12
171999311 6
88995748 5
4650 9
20999306 11
5071 8
79990661 11
117999612 15
12003519 2
6830 5
4420 9
28990095 2
51005987 8
30001752 10
39998226 4
19989478 14
600 12
80000071 3
20998046 15
7006051 8
2001035 9
120002457 10
7920 10
4790 10
39989086 3
4020 2
11985859 6
3359 10
3751 5
17997313 9
3370 5
100013899 6
79985551 13
20001388 8
19989088 2
40009316 1
60006873 10
49996800 15
89995295 7
19995768 6
37994901 1
11999619 3
20023977 0
59974214 1
14560 4
11008811 11
3500 11
58973967 3
2550 13
20005448 4
7109 1
19996908 4
19991468 5
2709 13
3040 13
69998648 0
39995996 4
4419 5
150991147 13
69005080 4
10005794 3
3370 3
79987312 6
20014708 15
19981218 6
60035533 1
3050 13
3750 7
29962012 11
30998309 4
88001930 4
3280 5
71001035 9
9330 9
29988762 7
29993512 4
20005118 11
39997996 9
11040 15
3520 5
3830 13
29987932 8
10980 6
4490 6
39975206 13
10010014 15
29998021 13
19996517 13
10004274 6
4599 1
149993239 4
59991744 0
20009678 15
19999298 2
40001705 13
7993260 3
969 12
920 12
20997125 0
1000387 15
8220 7
99986580 5
71007344 0
37999261 8
31006120 2
1089 12
19999718 6
8992087 9
880 12
640 12
31010039 7
5920 6
9720 1
3590 7
40966763 13
5830 6
17994783 4
9002907 7
920 12
72000982 0
19995418 0
108997876 13
4420 10
90004105 8
3750 7
10090873 14
8450 5
10100 5
40889094 2
5740 2
39992836 13
1003377 8
58985146 15
40005926 13
20004878 15
99991890 9
40009956 15
59993344 9
20007547 15
169995087 1
20996286 3
58993946 14
21006865 3
4080 10
19009180 11
168981089 0
1008747 2
40993034 13
6689 0
7996769 14
91002793 13
5460 0
20005378 7
6260 6
19980438 1
41162501 10
58832858 11
20009668 6
89988416 7
100019969 0
39975546 8
9010146 5
7089 5
10996052 15
19997838 9
20996896 3
19002120 15
600 12
40006266 0
17987953 13
3730 7
22000743 0
20998005 1
38995369 4
19001020 1
20998645 8
40001416 9
18329 13
19984489 8
10000234 15
60000453 2
99995370 5
4000 9
20015808 0
59992814 6
3690 4
8989667 6
1001998 8
20004538 5
3650 14
4460 5
39987356 9
20000267 6
17992763 7
12006348 3
19997298 14
20009598 10
119985307 0
20008138 14
9101545 13
20898937 8
119998547 2
19993338 13
7030 1
19991328 14
120026406 10
3829 10
19973449 13
3540 4
1000777 5
3900 2
6110 5
3800 2
18981861 13
6829 10
3300 8
19985939 1
7860 11
3200 11
2352291 10
3330 8
2969 11
17645188 2
3090 15
59986174 9
19994128 14
20002318 9
100024569 8
790 12
19985828 13
57988559 10
630 12
82011506 2
18982640 8
112010448 2
39013459 11
39985407 3
6003115 4
4995497 8
6870 15
9006396 4
59982084 14
80012841 4
47991435 7
12009639 14
3580 14
40000986 11
17984093 3
3001122 13
19998228 3
38997178 7
790 12
38105520 9
3620 14
4610 14
3640 8
21897693 3
531 12
39994105 8
5909 0
99984300 2
3630 5
1000237 14
46758691 10
12253605 0
60000024 5
19999788 3
39989386 1
20003719 3
611 12
19988128 0
569 12
8750 3
120004588 15
4810 3
49994570 9
99993310 2
6949 4
98989232 1
4309 14
1010898 3
19995588 6
730 12
19994967 9
60007244 1
19996648 14
10530 3
6300 2
100975167 9
18993410 3
660 12
22809 4
4050 6
19987358 8
3490 9
78984964 2
1007297 9
3280 13
29992971 2
19993248 13
40017556 2
79994782 1
9129 14
49978430 15
100004390 9
520 12
9999745 5
3971 3
660 12
3629 3
3320 14
89992196 4
39995805 0
149989659 2
39999455 2
20011508 1
39998626 5
4160 6
19991878 1
149991119 10
39999566 4
6950 2
20015327 5
87983181 2
12997756 7
38999049 10
15700 5
59987943 2
158999046 15
1007577 7
39997466 2
3940 7
20003528 0
19996108 5
20989995 13
3390 3
17998743 11
3820 15
1003797 7
1002437 0
108994875 15
50007690 1
4100 3
28986825 15
10993671 0
9040 5
18994280 2
5280 10
21000016 15
20013667 4
8983977 8
1005437 14
68777642 6
13880 15
7860 4
7060 4
71187242 1
7000 1
7080 4
3939 7
5570 4
6320 6
13050 11
7690 0
69949808 15
19990878 13
4550 4
40006066 1
60993131 15
39003588 6
5420 15
37984871 3
12001459 11
11210 1
3500 12
20989095 11
5990 10
67993253 8
60998451 15
20993545 0
7840 0
59011026 15
19988928 14
20006548 1
5390 15
2060 12
21280 11
19972458 10
37988461 11
2021254 2
19977048 6
166988 10
59850235 11
6690 9
19983788 1
3730 15
99998749 8
20017147 14
19988478 5
5340 5
60990961 3
4780 13
7060 9
7996499 14
6100 3
4910 5
6770 10
3690 8
50964968 6
39998716 14
139999305 5
40996933 13
2040 12
98996963 13
29006464 3
4100 3
91992070 9
39013318 9
1510 12
3250 5
239994245 3
159988873 10
8840 1
20000578 11
4000 15
19992837 7
20003657 2
17986584 15
22022603 5
4840 5
15070 6
5720 0
4759 5
89963286 7
19989548 14
40000626 8
50003590 7
39995026 11
90008095 11
10990991 10
9010177 11
19994758 3
37988721 10
23004870 9
19010470 15
1960 12
39994566 5
40001816 13
20001128 1
5849 4
3631 9
19986337 8
17160 14
19979399 8
1000 12
19998698 0
17990823 11
3531 11
2021824 10
3450 3
19978228 6
7020 13
12960 0
4720 5
670 12
3540 5
2100 12
19963518 1
20011578 2
19997978 4
60006363 1
60005594 8
4110 11
39992705 13
9982483 6
38003501 2
52005365 1
19993638 2
120014187 5
109983633 6
19999198 6
20009858 1
10960 0
19992878 7
18987220 9
3451 15
1007457 10
11960 3
19988898 0
19987488 1
20002728 13
4560 15
58997537 14
7390 11
5370 8
993227 9
19995598 4
9993914 7
3910 11
50004580 10
140004546 5
19979438 13
40014696 15
40000326 9
127998147 10
6120 14
61984579 15
50029850 11
99993840 9
19975398 5
38001511 3
92013360 4
20003868 6
19992958 10
7380 2
19993098 0
90021705 7
59978084 14
1630 12
37988951 1
62001298 8
20010558 1
39986996 6
1680 12
19995638 8
6450 11
15959 5
39994956 0
6080 0
37978141 3
72006652 5
7650 5
69983907 15
20012448 11
7940 13
3520 7
8720 14
3520 9
6300 2
19973808 11
19999548 0
10530 1
6150 1
5780 2
29985061 5
6800 5
69983447 0
790 12
4750 6
5380 10
3420 6
5830 2
5480 2
4400 10
4600 1
59963884 14
3420 7
20004168 5
3590 13
70016577 7
600 12
19966198 4
4870 11
5310 11
19988168 4
56994222 2
5040 5
4609 5
43004949 11
59993233 3
80001162 2
20015987 4
1260 12
59976744 10
99005452 0
10998822 6
89995756 2
140007935 15
20005018 2
39990296 0
39991586 6
37996691 1
42007810 1
19996358 0
120012977 13
79986262 7
6690 7
1440 12
4310 11
3859 8
40002446 2
1510 12
99979980 13
8270 8
38992188 3
11021601 5
39985786 6
800 12
40003596 7
38988249 13
8140 15
21006735 6
19994308 7
59999693 14
4610 8
17983764 7
101000626 4
21009655 7
4540 15
4930 5
3000 9
5440 0
3770 5
59975094 10
7210 5
3260 9
19983638 4
60009793 14
40988413 8
3810 8
4470 8
4640 2
3300 10
3829 10
4071 9
5060 8
1449 12
48001915 0
10975152 8
3850 6
3590 6
59990094 8
80004041 0
3040 11
990108 14
59006597 1
9003166 0
18990831 5
12009539 4
16669 3
3350 3
79967552 10
20010778 5
20009958 0
19981588 9
18000793 7
152994621 3
9006037 1
30002702 10
20008737 14
3880 8
110007043 13
49985830 14
147997774 0
35939 0
11963719 1
99991330 9
19999788 10
4940 8
140020825 6
59972364 9
40026175 0
7978160 1
41996401 2
1000 12
40015745 3
1171 12
4120 3
3589 5
5610 2
119974848 7
150002409 10
20002418 5
39995856 13
10025913 5
5110 2
129976922 7
79980752 1
80018011 6
950 12
3520 12
4580 15
3900 11
4100 4
7320 13
19977468 7
19986868 0
20005127 3
11120 3
3899 3
19989588 7
40992444 3
19002670 13
60014014 1
39987787 9
39989267 5
30009672 7
50002100 10
6450 15
69986208 5
80004482 14
20009728 1
3710 10
40001796 6
19992808 2
39997735 15
7840 15
4340 11
6020 15
4890 8
4300 7
49966040 9
3980 15
8991646 2
5960 13
631 12
30995479 5
10830 7
18084352 10
4050 10
21904875 15
19991028 13
90995873 1
19007511 8
9250 0
39993036 3
1391 12
23994658 13
16005718 6
11060 4
3960 14
29975142 13
5200 11
39998686 10
910 12
23790 9
79973571 3
210009372 3
39991936 9
50006380 5
19998948 15
26940 1
19973188 11
3789 7
69982168 10
12210 15
3530 14
39994356 0
139991075 11
680 12
30002652 0
79998362 2
20025538 4
109974014 10
250000718 3
8600 4
186207943 10
13782416 8
40009816 1
80017311 0
19965549 2
40034455 7
19976888 13
70013738 8
20981586 15
59015326 4
121983452 0
68016903 1
6050 7
4400 7
580 12
69981228 4
5089 3
4109 2
20985285 14
29015304 9
3740 9
19976098 1
4010 14
20006248 13
7110 4
530 12
19980168 5
2005005 13
38015171 9
4180 4
3900 2
4029 4
149982040 1
20013228 8
118976500 1
41017353 15
19988438 6
11550 15
11539 2
119966658 9
630 12
81004189 3
1004668 7
10519 11
1080497 10
17902904 3
9002956 8
3260 13
8999076 11
100997667 0
40010705 13
3809 10
740 12
4240 10
29984672 0
889 12
5410 3
4700 3
149999869 5
39999305 1
50001900 2
3880 10
1170 12
8976027 8
5320 13
4200 15
11004021 0
58982356 6
61014151 7
991078 11
5930 5
18998260 15
18770 1
59970104 9
740 12
49999590 0
14459 8
60990861 13
29003284 7
4590 15
27992857 13
4410 15
3560 5
11988679 11
60004264 11
7995720 6
12005398 4
89991105 7
12300 13
3980 3
57983909 11
2009995 14
12480 6
3989 2
6980 13
9986514 1
5430 1
59974574 5
111000171 6
79026814 2
3980 9
5590 2
39973806 6
20005538 7
19992408 5
78991454 3
21010765 14
39995686 3
9710 5
19986998 13
1030 12
18590 15
69983568 4
5150 4
60009804 11
69989498 15
49988560 1
21180 11
109989684 4
3620 7
680 12
27992547 13
9995374 3
12004819 13
9540 1
28988665 7
10003674 2
3770 9
4100 14
40986303 15
20995795 13
6820 7
18992340 2
39001758 15
1016698 11
20986105 9
5400 0
39990396 3
49003772 15
30995850 6
9014296 6
2998292 10
36979814 4
70010027 6
10009164 15
59994534 14
69989457 4
40016616 1
100007910 8
19988468 13
19998318 9
38993749 5
71015455 11
38983728 0
2861704 10
4800 5
48143163 13
20001388 5
70005048 0
20012908 9
28977015 10
11007871 2
137984531 15
2017985 7
7610 15
59991643 4
1131 12
4679 9
5830 5
59986934 0
30984569 6
3929 7
6840 11
2850 7
2640 11
38982589 8
6320 1
19003120 0
1015567 14
11981109 5
4620 10
17999893 6
78987295 13
51010667 11
15470 0
39988616 6
7998229 7
10990281 5
80994299 7
158003259 6
2011925 11
8320 15
8987337 6
542913 10
31450133 5
79005324 3
88993718 15
31006989 5
80013971 2
940 12
19992998 9
5130 11
5190 0
90089 10
20885117 4
39002858 6
32900 2
19976608 15
3960 9
119092389 11
61891249 4
5289 1
19006931 14
993487 13
3760 6
19002881 7
740 12
20003868 8
19980869 2
20015887 7
19985278 7
8001519 15
4520 3
5200 15
61987568 8
120018797 7
19988878 1
40004496 9
40014126 8
39971826 4
8998186 11
21012646 10
30013762 3
3120 12
3650 8
3900 9
8973217 13
4210 13
11029011 15
20961126 1
79006264 14
79992841 13
80017452 0
763880 10
3920 9
4120 15
2780 10
4410 10
3350 8
1080 12
139231155 1
19991448 7
59984804 2
18992000 4
61012521 5
10017494 7
9988544 11
2987472 9
26001303 14
620 12
40996233 1
4790 9
69992508 1
140007646 3
90014555 14
39988316 5
79982722 0
80013601 2
40134864 5
2636027 10
18220230 14
8060 13
50005870 0
4760 7
2960 11
3780 7
4530 0
58971636 6
13130 14
6560 0
39986676 11
39991636 4
39994956 1
22004542 7
4420 15
18000374 13
20019328 2
6210 10
49983220 1
5080 11
19977878 0
6130 9
20006408 5
1929775 10
640 12
18079183 5
4040 6
30973499 4
730 12
19024920 4
59985104 3
5880 1
2734676 10
3740 6
7267608 9
29986982 13
19995978 14
7010 5
4440 15
4000 15
285376 10
4110 4
4360 4
38687372 7
789 12
102003354 3
5640 0
59002066 13
80016481 8
19976718 3
177988287 3
172014641 2
10005473 9
69978238 15
20007798 4
94629 10
80898460 3
38998309 14
20003868 14
720 12
20021157 3
150008349 15
60976181 4
18993610 7
50021530 3
19987298 2
48990952 14
1010837 11
70987696 7
38994799 5
20005688 7
1016437 0
110985361 13
8004479 0
20020948 6
3590 11
19969018 5
27610 3
590 12
100971157 0
6650 13
9004466 11
89990926 5
30009132 8
6040 1
12987766 4
57006642 5
60003924 14
4620 3
3590 3
20003628 4
590 12
123508 10
855980 7
119993708 9
9015246 9
59994824 4
11000921 3
18999251 14
8995717 9
5060 5
50989978 6
20005227 8
5689 1
49995999 11
142779 10
89858318 1
10000494 4
20988905 8
3620 6
39017368 4
90978663 0
39996125 14
68008603 5
3650 8
50991497 15
18997641 6
770 12
3650 6
4400 13
3750 6
3020 13
560 12
3120 14
3111 14
988167 7
830 12
1610 12
19995338 6
19992078 5
5320 4
3340 11
3260 11
20006428 14
40008485 0
17971994 7
42999918 2
4260 5
3530 6
59003716 9
20008318 2
19991488 0
40987033 13
19010120 15
620 12
500 12
10006844 3
3270 2
29988162 7
730 12
69997588 1
30008532 13
5280 3
3749 15
9978534 1
4760 15
19992338 7
70007887 14
5640 1
20001918 8
20003138 15
47981695 7
3470 3
3740 5
5550 8
3450 14
2010805 9
19972308 8
20012327 4
19996008 9
3451 11
100994307 4
108992366 3
8149 14
5789 15
3090 13
1780 12
780 12
39993896 6
4450 15
70000688 5
4500 5
19988798 6
20009348 5
11590 5
2969 11
511 12
3909 4
19961318 13
70993205 9
5620 1
19000050 4
1650 12
8001699 2
4029 7
368506 10
11650873 8
19985858 15
20005368 9
29981072 14
20015478 11
18989781 9
8000 14
4470 5
4470 8
2353940 10
4020 15
38634473 2
1000 12
9002977 11
50997257 9
20001188 7
19986408 2
171000695 14
19010280 4
59997044 3
19998828 5
40004626 4
19999158 2
10011194 11
3120 11
59981304 14
47987705 7
3490 6
3320 3
480 12
22020762 5
60989572 0
4139 3
78977384 7
40019855 15
5689 2
28988204 3
810 12
11005211 0
19991888 13
3540 10
39985435 4
60016234 5
21984433 9
7004782 5
11011462 1
6100 1
9084185 7
4330 8
10892583 9
120012707 11
4490 9
29984692 15
19993068 2
29010744 13
11006292 3
4880 8
60015793 10
4440 10
19971958 3
60011354 2
19998148 7
2981372 15
810 12
3500 2
67002466 5
4051 7
59981913 13
75741196 10
24271684 7
20011958 11
39991356 13
127989856 14
21890 0
780 12
4370 6
5040 0
21982073 13
59981385 6
8009339 4
182008926 11
19980338 3
62006628 13
18005193 4
3770 4
21988173 8
18011843 7
20011138 1
4031 13
3320 6
4829 1
79963332 7
20011867 15
18195541 7
71789845 2
1200 12
743001 10
19265897 14
19994358 7
4170 9
2001945 6
8004160 13
2939 12
4320 6
7985369 1
92006580 15
39988266 8
150018349 11
7250 1
969358 6
14469 10
7600 0
18976281 2
8930 11
10013354 9
59990444 0
21988363 11
4500 13
6310 1
57988069 11
40009685 9
19995878 3
9999344 1
10008294 11
3940 8
3700 15
940 12
19984448 14
12270 2
29988932 13
20003358 2
19997398 15
4180 9
19999608 13
29990552 5
110010194 3
7997039 1
11991719 13
41001743 4
36992164 13
1700328 10
3569 10
5550 15
4260 2
335976 6
750 12
800 12
27953918 2
13001037 14
19995148 6
1380 12
18007043 11
1250 12
11006861 8
89988016 14
14480 9
860 12
709 12
3751 9
19980688 8
21001086 11
58993376 5
4300 3
800 12
520 12
27996507 8
2003794 15
3990 7
1210 12
690 12
3900 15
10008494 3
59985974 2
5120 3
70004807 7
29989992 13
77995127 9
860 12
2018265 15
20003988 2
6400 0
4530 2
20959466 9
20002128 4
98997872 3
80005652 2
3760 14
60992151 13
79010574 4
8993537 13
10999711 9
40004276 9
19992018 15
40019955 3
7250 1
20275025 10
3760 14
3960 6
20691869 8
19020100 13
60979021 15
79020455 9
20976325 14
3620 9
37995671 2
1016607 1
39984666 9
11700 8
3270 13
19994818 15
100010730 10
951 12
59993633 3
19992998 0
40993123 9
760 12
4240 15
6380 7
39005289 2
87984881 3
161000871 14
40003276 0
7740 2
110999091 9
470 12
3860 7
170002707 4
19991488 9
1050 12
800 12
79986022 5
10024644 3
39986016 9
99995649 7
600 12
19998048 13
840 12
9210724 8
10792274 10
259992863 3
21360 2
19991639 8
3523165 10
56469018 9
79985401 15
20016638 3
99995279 9
60001673 14
60991282 0
39015869 7
4460 5
20002078 14
4411 10
79987201 2
40984914 4
59011506 4
11650 1
19980378 15
20002328 4
40995363 9
850 12
19000521 9
19998067 8
20010077 0
620 12
3280 11
20004178 3
19991278 7
38989519 5
1011467 6
10009994 0
14490 7
109971385 1
891 12
39992556 9
20009517 2
7630 1
19984918 13
4960 10
13520 7
20010158 14
3800 10
19978358 4
3300 8
20002498 15
19976828 3
18050 0
19988188 7
88008190 13
995028 4
11015841 0
4440 7
19972508 10
9650 14
3360 9
6080 1
4290 14
39986446 6
98992652 3
21022565 0
4450 7
4080 9
3890 10
3610 5
3940 2
2920 5
3440 9
8158327 13
3310 7
4280 2
4080 2
2870 13
11790831 11
59987614 11
20013448 6
20000668 13
19980078 3
3360 3
4080 14
7630 15
40987063 6
19004561 10
20009027 2
19993468 0
730 12
19996678 8
21001226 2
3740 2
59001116 14
5860 13
4140 6
20980485 4
28000658 4
5190 10
150993777 0
11020 4
20003998 9
49990240 11
159996153 10
19997898 7
7999019 9
13000066 14
19015731 14
20000487 5
79997791 13
119200758 7
60800893 10
3989 5
5609 10
5840 13
3720 13
540 12
39965087 0
3749 8
99994270 1
18999540 9
51019466 13
40014655 10
5190 4
27959178 14
44002955 14
4110 8
28008837 11
19990128 10
3370 9
67984813 15
3790 7
12017189 5
4680 14
19975128 1
50006299 9
8995457 14
540 12
10997381 8
5080 1
20006218 13
80002002 0
59990354 2
731 12
6549 5
60006483 10
19979358 10
79004654 3
3869 3
31013659 6
4080 3
3480 3
40975194 0
19008391 10
39997086 13
8760 0
40000136 14
40001596 15
8988727 1
3651 15
6409 0
5879 0
3630 8
3960 6
3430 15
3460 6
3380 5
5020 0
9958485 3
61012531 15
3551 13
4100 4
3320 8
2780 13
4340 8
540 12
19961609 10
20010198 0
17988483 8
2013344 0
7987710 14
13002196 6
5010 9
720 12
3880 9
23719 0
27968578 8
4430 8
460 12
12991576 7
78016457 9
19977928 4
120013537 3
1390 12
10430 3
4470 14
4360 7
19988188 8
920 12
19993268 13
77990427 11
101999904 15
40017186 13
29989512 0
4110 6
19991998 8
19990378 5
60013584 11
12451 4
30005742 3
19980218 11
60000484 2
17989863 0
4400 7
51994775 3
5120 7
19995998 14
20007458 9
10849 13
59986904 6
3850 3
40010406 8
650 12
39992476 6
89998075 5
58998307 2
91992091 4
31000099 0
38026030 9
4000 6
4169 6
139009 10
7599 1
19830239 13
20010008 0
19985997 6
79998001 11
6390 3
39987856 4
5850 1
50006310 14
29999881 5
4480 9
10023023 0
18962261 7
81038869 8
760 12
4280 11
39961436 9
40008206 5
19999498 7
15560 0
27987608 1
4290 14
31987427 7
20001128 10
5610 0
39998206 7
19983408 5
39998816 11
20042427 6
5351 10
50952687 13
39017409 6
39992825 7
79996241 0
39992196 6
20009058 1
20015687 15
40000996 15
99980540 15
5820 10
40009166 2
15890 5
4589 15
59967895 13
5130 4
750 12
3670 7
4359 4
685432 10
19307147 1
38987298 2
1956636 10
40045836 8
39024038 8
39993326 15
3750 8
3770 8
500 12
19974518 6
77992357 14
22015523 5
9997503 1
7289 1
209982273 7
109007466 13
1080 12
71004195 6
192358 10
3560 13
3259 13
580 12
3010 13
22791283 2
3870 8
3380 8
3380 13
26991900 3
8990787 14
11009711 6
20007598 15
39994106 11
59994454 11
9998074 3
49994950 9
11100 15
1944195 10
58054728 13
4440 4
120982065 6
39007068 11
17770 10
59999674 1
9981814 9
10024314 11
6609 0
18964432 4
21007835 3
20004968 9
90003286 8
19995128 9
4728951 10
35281686 9
99983529 8
20003888 2
8988906 2
11002512 7
98997093 0
21003395 1
139996745 8
909 12
620 12
4109 5
19996458 13
10001644 7
10017064 14
19981498 5
60999031 1
19014551 3
59984904 5
58999906 15
1020997 1
139982826 5
40028735 15
19177288 3
19490 1
787650 15
10978832 8
79009674 3
18995921 0
20001698 5
21009135 4
20005518 6
3890 6
19986278 4
19991568 1
1020 12
20002518 3
90002755 3
59995794 1
570 12
89996726 6
21000575 10
3490 10
19013471 15
40027815 4
19964698 0
19993968 10
60003484 2
100012599 15
120000748 3
99977100 7
20011188 13
79999661 8
20008658 2
19993228 6
19998058 10
3470 10
40003906 8
18975071 5
22719 4
21002496 3
100978777 0
100001850 11
4031 15
69007181 4
19993008 10
3470 10
60005623 4
3520 8
3360 10
19986299 4
4100 8
20001678 1
5290 1
27985848 0
771 12
680 12
3930 8
29985022 2
192018640 14
79988292 0
980 12
39993116 5
80013362 14
20016627 2
6430 0
19974448 7
99990649 8
60008444 3
20011918 8
79984381 13
119998577 5
30017182 1
19987618 15
27991357 15
4070 5
62004938 10
40007965 6
19993358 6
4750 8
7987550 14
52014075 2
9997994 14
9996914 11
80002191 8
20002357 5
159987753 5
40013306 2
19996718 8
59997764 11
19989019 13
20008687 15
6270 6
100006480 9
39984096 13
40010505 9
860 12
59993544 15
19993259 0
40005226 5
3750 7
19991958 10
18996311 14
11011721 1
510 12
19985468 2
3940 14
19991198 8
20018458 9
58987626 4
20997306 7
20012907 4
20004718 4
19999138 14
1000948 4
18987480 0
620 12
3410 13
5782187 10
24226315 7
139991816 1
40002055 3
19995377 14
20004057 8
80987690 15
9035677 11
59988704 9
4570 0
9089 4
3769 4
19976008 8
79982383 9
21005445 9
19001530 9
99992190 14
33890 3
27971717 13
6040 0
71994283 2
4620 4
18994070 0
3460 8
1005678 2
8340 3
940 12
39979886 5
150014419 0
59999604 7
9988183 13
15980 8
6839 0
49986440 6
19990578 3
59995684 0
4840 13
17910 10
5700 1
189973675 9
1420 12
60002913 11
39990866 0
27320 3
3630 6
19979548 14
100989027 15
3650 6
69020400 14
59993934 7
79992142 14
59995004 15
39000278 14
1008987 3
79995432 1
6350 1
3800 14
37978681 8
3680 15
82004627 5
20996855 7
39008479 14
8640 1
39988886 6
19997288 14
37992362 14
60004343 5
72019523 0
19996489 9
20002257 13
39999147 11
19978037 0
8249 14
3611 8
19999087 15
39986426 15
50013930 4
19998598 6
40002086 13
10988631 13
18001284 14
11007412 13
900 12
30005172 6
100000810 4
19998498 1
4950 10
19995108 2
8001099 1
51997455 6
4030 9
610 12
19988218 1
4090 11
20024408 13
79971392 6
8080 13
39988455 2
40004796 15
6770 3
39987506 9
2280 12
40009476 10
18986690 9
21006195 2
4610 14
19997468 5
79996841 2
20033818 15
39981676 13
37974681 15
22012183 11
39997066 13
20000638 14
40011385 2
59997493 11
19997258 7
110000924 7
10100 15
4010 13
19971938 10
18000023 9
52012205 7
10001934 6
3690 8
129991181 2
40004486 15
810 12
39985426 13
50010900 11
40009886 2
10340 10
631 12
6730 9
78958975 4
6690 1
91005373 6
20009788 11
3320 7
19997098 2
19981728 10
13270 2
991247 10
59014986 5
19989038 9
59996793 11
60014503 15
4640 5
99972860 11
5520 8
40005036 14
19988678 6
19000280 13
1004538 11
20008518 5
3680 8
3960 15
47977095 2
12014578 0
750 12
50004880 2
48991752 3
90987494 15
20008788 8
820 12
50989337 13
9020966 14
29983702 0
20009947 6
28989965 6
11016911 3
18981091 7
4080 7
6480 0
997457 10
29989162 14
120005028 5
30000661 7
3849 6
4220 6
20001057 7
3770 8
38982869 2
11023431 5
7984330 1
12989706 11
19036640 10
39976816 1
80001312 1
41985301 3
17001446 13
8564232 10
11790 10
3730 11
990 12
12432773 15
990448 5
59004526 8
29760 1
79957812 11
15210 4
4870 4
7730 0
7977089 3
52013295 11
5480 0
4119 11
49999361 10
209990444 5
39997286 5
39997906 13
3720 8
10000543 6
30000531 1
19992437 10
19998968 6
20004908 10
18988091 14
4910 13
31010629 0
3480 9
39994216 8
19999658 10
900 12
5360 1
20005608 14
29986192 10
7230 10
19989128 6
5070 9
3350 10
3880 9
3830 9
58972686 2
1015067 1
10003243 2
7983799 8
12009539 10
60002544 1
8004300 13
72007823 8
700 12
48978253 2
4880 1
4360 5
3611 9
3120 9
3220 9
978198 7
660 12
50000660 4
20019758 4
69998348 2
39993366 11
29997352 3
10022544 9
3230 14
39982976 15
19991788 5
179987151 7
591 12
8002699 4
3390 11
6420 0
731 12
11996589 3
58989167 15
1021457 14
3320 8
39989866 5
20009678 6
99979830 11
40026935 13
99983550 1
3200 6
59987284 10
59994634 3
100007889 4
20007097 4
2990 13
138283188 10
91716473 8
9995044 14
3680 5
107981139 15
3760 7
41995210 10
40021916 3
7985609 9
32001197 15
39999356 11
20001248 6
20002868 7
750 12
540 12
3110 13
6040 1
4020 13
79987312 6
157986539 8
12004749 5
40003326 8
40007636 14
19981358 5
6000 3
660 12
60006244 11
20000648 8
70006207 1
760 12
40003056 15
37980491 7
32001467 13
18970 5
19993148 14
3860 14
58981076 11
3900 3
40996344 0
4590 4
40027996 2
3440 14
40966134 6
69013510 0
29998892 3
20988055 6
3670 6
3820 3
39002929 15
19984268 15
20010858 15
41004334 1
38996328 6
40000856 15
79998082 3
30017082 0
47977025 14
12006309 11
47988995 7
122001932 15
1380 12
13840 6
79981692 8
120014878 2
5049 4
49999130 7
7349 0
139978856 1
7999479 14
31994097 3
8020 14
59995454 2
60026213 13
920 12
59975885 4
40010576 1
3720 4
3880 8
5510 1
4220 13
3840 5
39997536 3
4690 11
179979451 9
2471 12
12820 9
39973696 4
4140 14
19989528 8
3860 5
5840 10
38989768 3
5510 3
1011247 2
6640 2
39990416 1
20984156 4
59021746 5
3640 8
670 12
39992246 2
19997908 14
19983238 9
14500 14
69995967 4
40003225 6
1110 12
50010830 15
4530 7
3970 7
21965703 3
3590 7
38007071 11
80005732 1
59992954 0
5160 1
12479 5
17971354 9
4440 11
1080 12
42016320 3
1020 12
3660 8
49988900 5
40001036 2
4310 5
6220 0
3970 6
3850 9
59981254 13
20009458 4
19991748 9
59995654 14
7461696 10
12530472 0
20009658 8
19989148 14
20001308 10
20005768 9
89990695 13
40018676 0
19995158 15
117984843 8
840 12
12014198 4
79996112 9
50011570 2
240005465 4
920 12
5410 13
79973542 15
20000678 14
20997176 8
79016934 2
120004857 1
79993351 14
209976494 8
4520 10
820 12
40010326 8
4310 13
7700 14
3929 8
39970486 15
571883 10
40427490 3
590 12
19007210 15
20012497 8
39986626 5
20004278 1
6170 14
140005626 1
19982528 6
20001538 11
59989374 15
11729 3
40002356 9
951 12
20017437 4
39979786 11
160000724 15
40007776 9
61981809 1
500 12
37001653 5
4090 10
21001666 14
40000376 15
60001994 0
19993518 14
129003764 2
3920 6
11003982 4
4340 6
37978342 10
22018552 14
61983268 7
38006031 10
59999354 6
19996778 6
770 12
17996853 4
2007945 8
560 12
20007758 7
16180 11
59985234 2
3439 7
909 12
69999178 9
3950 7
5330 9
8982217 10
11004491 11
110002653 13
19997768 7
8280 8
19977428 6
14890 2
1010 12
97980695 5
142002160 4
10870 0
19998169 6
3210 2
39988616 8
17992562 7
12007458 4
39988876 11
20014758 10
4520 14
37984131 3
3540 10
22011263 7
99987710 5
70006118 14
70005147 8
19999058 11
8340 9
39987206 5
38993729 9
4290 9
10998821 13
3930 2
97996515 8
12015279 5
4200 5
19989737 1
19995048 7
800 12
10008323 10
3629 2
47975986 11
2023454 0
19981308 5
40006776 2
150003050 6
4120 11
19998528 3
3980 3
39985076 4
2930 11
60012623 9
127975977 8
52016804 1
3750 7
19992558 14
11980 3
3820 2
975187 7
4040 3
3760 5
4689 5
680 12
3260 2
86991294 11
5700 1
3130 11
91988930 3
40993483 6
29007834 10
19999799 11
99988120 14
14100 4
30005092 1
39993416 2
39988476 15
20019118 7
19989768 15
40004125 13
609 12
731 12
150987288 2
59005796 0
40004086 2
200988647 2
59005696 2
40009806 6
39990696 8
40017546 10
69989808 8
19995498 9
20009858 10
19998579 14
6449 5
3931 5
51047427 10
38938599 3
740 12
40006886 14
10022074 2
69968388 14
60019884 2
9974324 3
69001640 4
1007578 8
9091045 11
3870 8
10906893 15
119993218 4
780 12
39997406 7
140004606 1
49991940 7
19996268 7
1240 12
101995345 4
18001094 3
14679 9
39999745 11
4300 8
39995356 0
48989283 13
51016557 3
40977544 7
19027090 6
139988636 10
90002385 2
18984771 10
3730 6
3900 6
1010587 11
47984736 4
12007799 13
90003046 5
59992574 3
11490 7
9920 7
49967910 10
20035367 8
39974826 7
19998918 3
79998541 13
40002446 6
790 12
119987708 6
7050 1
60004664 15
4110 5
890 12
7280 5
9999694 4
5560 4
33990061 1
15996469 10
3880 6
149993019 8
930 12
20005188 10
4350 10
11977189 13
5480 5
68012543 14
39993116 6
20005798 4
57982419 5
62003319 1
20005968 8
18994910 1
21017625 6
98980722 5
4800 11
41014873 5
4870 6
5620 5
19979518 8
20000428 9
27730 7
160000543 13
19968699 10
80001262 2
19999588 1
8220 14
9020 5
19982839 4
58991057 6
20997675 10
20013658 4
60010064 5
19988498 8
5910 10
20982996 9
69014251 4
7530 4
79982922 2
20015467 6
50003280 7
570 12
7975590 9
4070 9
3940 7
32003356 6
9440 7
3820 7
59975244 5
20006038 3
20014888 8
3800 15
3620 15
19987158 4
20982895 14
6189 1
2980 11
9004887 5
880 12
19994448 11
60001484 5
20987085 4
8011849 4
3970 4
10991202 15
4040 6
39999406 14
3810 15
119996328 9
20009507 10
70000798 5
7983919 10
12998026 11
39011288 15
19988258 10
30005822 7
40001546 15
4410 14
750 12
19992038 13
40022335 1
39985007 0
22010273 6
77999197 7
820 12
79986322 3
39994006 2
80004812 13
19997708 13
2400 12
19987448 8
20013458 15
10002734 3
9988894 4
40006746 3
27991427 9
12010828 5
99994849 2
27992578 1
22025832 13
19985638 7
47997405 0
11999399 14
79993662 0
9997244 11
12920 14
30002222 9
4520 5
59978134 0
21005155 6
40007146 2
39994186 0
19012330 7
4080 7
59996474 13
19992708 15
4400 3
19992858 8
4880 13
3410 15
109992054 3
100002770 2
20000108 7
1040 12
6370 2
19993549 15
37987261 4
5700 13
1994005 11
107998099 8
2027564 3
19995728 0
3460 15
39983196 1
19991618 1
9005717 6
6800 4
740 12
10996551 5
4100 11
27991228 0
4830 4
4190 4
3510 8
12007589 9
2480 11
5150 3
3480 9
7179 13
4160 14
3991 10
3649 10
3609 3
700 12
20939865 6
1051 12
3520 13
3980 4
4459 14
3630 9
38992489 15
20001358 5
20004628 7
7986419 5
62007949 1
5590 14
6550 7
4410 13
37970541 0
111001561 0
1170 12
11011091 7
150001930 0
28990395 11
10994611 9
29009655 7
9991483 13
71011866 5
20989495 8
47000728 8
12005279 11
40006147 0
37985882 3
42016710 2
19993258 6
38992829 13
1017697 0
29989162 13
3940 9
3830 9
39990436 5
710 12
79996812 13
28998544 11
31994347 13
3520 13
50997448 3
4820 8
38004141 0
20003247 9
60989401 2
38001121 4
31015029 9
5110 1
4910 11
5090 1
974168 8
19006330 15
39986596 13
30012482 15
39995216 3
5560 1
120004018 9
7360 1
19984699 0
4680 14
27989477 15
44001156 14
540 12
789 12
18015713 7
19986148 1
69992278 0
920 12
10032104 14
19975418 13
79997502 13
150003110 1
68993551 6
4559 6
4160 6
991388 8
30013671 4
4260 5
4420 3
69987918 6
29998522 11
19999507 15
3612475 10
46391675 3
7988029 4
41993581 5
20012368 5
19996228 3
4640 10
3440 2
4620 1
530 12
17978004 9
2019164 15
790 12
19978648 3
90015346 14
30010882 5
7659 1
129975391 7
5589 13
19989749 15
20009847 9
80001381 0
4010 4
3460 6
5140 4
4300 5
3430 14
177966687 7
53012512 0
790 12
19002811 8
19994188 3
17985923 8
32026017 4
8149 4
860 12
4731 5
4429 5
19964979 9
60000223 7
99993851 11
30006442 8
39990805 15
803070 10
89205216 4
5400 10
7720 13
2780 13
3840 13
19989018 7
4140 13
19996308 14
37980401 1
109996964 15
62003039 14
58992646 2
131020459 2
59995674 11
49998780 9
129997342 7
4110 3
40014905 5
19984379 13
18996300 15
7779 1
160998452 9
19992628 2
10004664 14
49998560 5
20000008 15
100005450 3
19983608 1
1130 12
1140 12
20013378 1
3990 13
37981511 9
32012637 14
60005864 1
47985846 9
32019696 1
5000 5
5719 10
3340 12
79973442 14
89996125 4
20001768 9
20011428 2
61981809 14
18007193 8
7320 8
4860 7
19995278 2
19990328 4
20005418 4
9102105 2
50882629 1
20010678 13
4160 8
19996688 0
9594249 10
6760 8
10401589 13
4220 11
3650 5
4320 15
949 12
3460 11
17971474 0
4060 11
22002543 9
20003418 1
39986526 9
80017501 5
8992406 10
71006875 14
19991898 2
99998440 1
4430 15
6760 5
39989406 8
4080 7
39997646 4
59989544 4
20011958 2
17990893 11
22033043 9
39976547 15
59999574 4
39994296 3
10008514 4
4969 11
29990522 9
10003504 6
5410 0
7890 15
29976783 2
19999337 6
20659 7
39978176 6
650 12
920 12
12100 15
60002874 2
39992126 3
10130 4
39989766 2
6190 1
19987818 3
13640 9
3850 5
3990 9
19981408 0
40009086 6
4190 6
9985384 1
50012230 7
4060 15
58987186 11
1030 12
6220 6
4570 10
1984785 13
20002018 0
19004781 1
99994611 8
4951 8
170006828 14
50982128 2
9013007 14
87983211 7
460 12
4020 7
132026426 2
8550 7
4030 2
4240 7
3250 7
4970 13
69955519 0
19994528 3
20017098 15
18330 1
60964302 7
39016178 3
19983798 9
949 12
21004546 8
78995064 5
90026986 2
49982570 4
19998988 4
99982470 6
9008266 1
41011793 4
29995322 15
19983828 1
159001076 9
81014449 7
9520 0
1190 12
69980378 14
