232056 7
23680 2
169167 4
19840 2
264786 4
111539 0
191527 7
49469 0
154438 5
70829 1
154148 5
127418 0
63879 6
85558 1
120029 1
83168 8
62409 6
47289 2
145468 8
126638 10
132598 4
75569 10
106388 9
84249 3
188347 9
71209 6
390754 6
143788 6
116698 4
131737 11
10590 2
63769 7
59409 1
96969 1
118998 1
227496 9
102018 7
139247 8
116508 1
86728 9
108839 8
103828 6
134308 7
237736 11
11490 2
78738 9
88719 7
126448 6
125988 6
243566 1
74599 1
53459 0
56939 0
139488 11
162157 8
53608 1
150108 7
128308 6
183667 7
132838 7
123098 7
81989 0
109088 4
67449 4
44569 0
75478 7
62559 1
116028 10
122447 0
80778 3
93079 9
246896 9
154887 10
10270 2
85859 4
111898 11
193487 7
268426 10
66309 9
59299 2
97218 10
109518 4
112059 0
141138 9
189077 8
151568 11
84248 4
149167 5
89879 1
176827 4
60489 9
132678 8
17270 2
84288 3
15150 2
81089 1
133178 1
61449 6
73049 8
176958 7
100029 10
157208 5
66059 11
53059 0
284936 7
210737 4
107459 10
121798 9
129667 10
305265 6
98038 11
24890 3
145917 5
398914 4
145288 5
38679 2
82259 1
10630 2
156917 11
97479 7
181667 7
110358 4
27660 3
96498 6
102539 11
191737 11
11429 2
79079 4
190817 6
108868 7
146888 10
150937 5
80588 9
136428 5
99588 1
73248 5
63629 11
11000 2
76839 6
69019 3
95268 10
17310 2
56879 8
4120695 4
173377 0
231846 0
220737 0
67959 11
64589 5
127098 4
204637 10
115668 8
94169 3
158037 4
89089 11
91898 5
101169 0
103598 6
69529 1
105048 0
165668 5
115298 10
147717 11
56179 0
93129 10
139468 4
46459 1
23090 3
155447 11
153738 5
164947 6
20180 2
11390 2
10690 2
143238 4
222707 7
147158 6
69618 0
250826 5
52159 0
258167 8
44610 1
11179 2
63199 11
138598 6
55768 10
9697106 0
63989 11
29309 3
49859 1
106528 8
71189 5
145227 10
56869 1
100788 11
84739 8
194477 11
84268 8
261966 9
11870 2
238646 7
16389 2
26279 2
130598 8
107858 11
18240 2
196737 8
289815 9
328435 9
165808 11
73368 1
60689 0
156228 0
48919 0
24860 3
177737 4
161367 1
159018 1
9890 2
80608 9
103578 0
309945 4
67449 1
51329 0
119668 9
63819 9
58769 8
95009 8
196086 6
17190 2
143048 5
68019 10
176087 11
73529 8
105008 3
48969 3
168377 0
113808 4
71069 4
288945 9
135768 6
74599 3
72218 3
149148 11
93039 4
245206 7
69439 3
90988 6
66849 0
230737 9
211207 9
228126 10
66579 6
75249 9
118478 8
30390 3
47109 3
67619 5
164277 7
164998 10
226446 11
157948 0
187348 1
10071 2
65959 8
107588 8
156547 6
117418 9
116998 5
107978 9
107038 10
32889 2
127107 7
104648 6
519901 5
436363 5
206836 5
65899 11
209247 10
132298 3
69669 7
91598 9
214247 0
85409 11
89129 5
183217 11
123598 9
258226 11
127888 1
127158 7
28220 3
179757 7
75489 4
104638 4
173237 0
95709 10
113718 7
85569 7
13610 2
35660 3
208917 10
136328 0
879466 2
4367221 0
151947 4
70739 4
34220 3
56509 9
215246 5
80779 5
77489 4
98859 0
86879 9
24280 3
14190 2
79379 9
195337 7
156488 10
90378 4
85509 3
49309 1
157008 11
31539 3
22860 3
93448 6
141698 4
11720 2
139168 4
266736 4
40210 2
166577 11
127808 10
105808 4
114328 7
151907 7
40130 2
82779 5
109748 10
214967 7
149798 10
15179 2
193617 6
14300 2
118838 10
11550 2
318195 11
77079 1
333925 10
74668 7
31300 2
86258 8
860917 4
11879 2
312806 6
104688 3
324915 8
109208 7
72379 7
168187 7
70619 10
136268 0
68849 0
133198 11
152857 8
74929 3
164237 1
86719 7
65669 5
62429 11
72359 9
107378 0
238607 6
151678 8
225767 4
159308 7
31239 2
148937 4
171407 6
161378 7
93068 5
221477 4
109808 8
108188 7
165098 4
104138 11
138158 3
185257 1
100738 9
24360 2
14230 2
257066 6
179158 8
230436 6
125968 6
141208 8
152538 7
25710 3
405754 10
167627 9
211227 7
100359 4
96608 4
93839 4
122818 1
120438 9
89638 5
159067 6
175817 6
322835 0
160517 6
257705 1
168878 10
135938 5
54640 1
251236 4
261246 7
113199 6
111628 10
109688 1
201467 0
15680 2
347594 4
97189 1
144257 4
17819 2
16210 2
193797 11
168127 7
112208 10
137998 5
83759 3
100138 10
28810 2
163357 5
18010 2
109448 9
102798 11
58989 0
71419 10
9840 2
144078 8
172697 8
228407 11
91768 5
140038 5
70989 0
52319 1
15350 2
267196 8
98168 6
27469 2
106909 1
80169 4
114069 9
63679 5
112968 0
136827 8
231446 10
83158 9
89008 6
117718 7
196067 10
82839 4
78668 4
69888 1
162277 8
72069 7
112618 11
172527 6
141548 11
91099 5
283975 5
104168 0
208907 5
71889 10
11465708 7
52419 9
24440 2
817967 7
67109 9
448983 7
131428 5
267115 4
162097 1
28229 3
167348 1
70229 3
89208 10
80449 11
116058 8
95928 9
72968 10
67588 11
109269 10
104388 0
202457 1
94048 1
70829 8
77679 1
114648 11
