141559 9
75449 6
80380 6
93720 3
107849 0
120339 0
146069 5
110329 3
116489 8
146359 10
131619 0
123799 4
117999 3
119669 9
120369 11
120549 7
119119 3
138119 4
117410 0
112929 1
113339 5
107579 5
124039 0
114869 3
119579 10
114339 6
129430 8
115639 10
117299 8
119139 10
118839 1
112589 1
122319 3
117729 8
135939 7
109129 8
128939 6
120639 9
113799 9
108710 8
113469 3
109069 11
118159 1
118639 10
118719 6
102389 7
115629 3
119349 6
108549 10
101669 6
107579 5
112230 9
126539 6
108999 3
114279 1
109459 0
117149 7
111899 11
123019 6
120430 5
123048 7
103490 11
108119 5
126399 11
105539 11
105199 3
128489 1
121739 11
113130 4
130679 0
125030 1
112019 2
119879 1
112429 5
101539 1
117089 9
115359 4
135039 9
115920 1
106059 0
111409 3
110659 8
121779 6
120339 11
105819 5
110389 5
161469 0
117589 11
106889 5
102949 3
90349 3
100469 1
109040 11
114459 2
92519 1
128939 1
93119 9
96630 11
95029 3
101219 1
98859 2
98150 9
104250 1
94589 6
101719 10
110799 10
93449 8
92890 8
92819 4
102619 3
104930 9
99600 3
94989 0
108939 5
93859 11
115069 4
91569 5
99159 3
97829 9
105579 5
96559 1
106419 10
105659 4
99309 0
101319 0
127349 10
108959 8
102789 4
100550 0
103360 7
100289 6
97919 7
98490 2
97900 7
91799 5
111509 10
91879 2
95199 4
96089 6
98309 0
96949 3
110870 0
101389 4
108029 8
128849 9
92759 7
108909 5
105839 3
103429 11
104759 5
104789 7
106579 11
105839 10
97889 7
123289 8
97029 6
105179 6
99979 1
108499 6
103309 0
101499 11
105949 11
102219 0
120039 5
99579 5
100809 0
101850 2
99530 11
95629 4
106709 1
100700 4
103759 5
98839 4
129699 8
91119 4
106289 6
101050 0
96840 2
107199 10
101849 10
101669 0
95209 2
107439 5
172549 6
92639 2
100149 2
103519 2
95159 10
99869 11
102039 1
100629 3
101409 8
122539 1
127619 7
124439 11
127529 1
116189 8
104409 6
104379 4
118319 6
161359 0
124809 8
113249 7
107090 8
116590 7
119679 0
111629 3
125279 2
118929 6
116979 9
111039 2
105340 10
132768 2
121059 7
103880 8
115399 6
108679 9
127319 9
115389 11
104090 10
119350 3
101580 3
110899 2
108739 9
110319 0
106679 5
132049 4
109849 4
117119 3
110949 8
113749 10
119049 11
106019 5
118079 5
115190 1
136199 0
114299 5
111879 10
105709 2
111739 4
110839 7
128299 2
109619 10
112519 2
132770 2
114390 10
110109 7
123089 0
110289 4
110069 11
119879 4
114799 0
126019 5
127690 3
111979 1
103709 11
104109 9
115689 5
115629 6
107769 8
113599 7
140959 6
103959 8
123329 7
126729 6
123429 9
118329 1
117099 6
108729 3
166759 11
117079 0
99429 2
107149 5
104199 3
97979 9
92699 5
97839 11
104729 10
131499 7
120289 9
113149 6
103319 1
109949 4
119619 7
110840 10
106290 10
104289 5
119809 2
109699 9
95970 6
109230 1
105109 11
110639 5
91089 3
93350 9
109579 11
107579 1
108229 5
91070 6
119330 1
96729 0
91469 4
110159 0
106300 2
107939 10
100820 1
128459 1
104949 10
84179 6
100100 2
109709 11
102999 6
91869 1
111269 2
93769 4
94959 3
125419 4
96149 10
85660 3
103429 2
118509 6
87939 7
110650 9
102770 11
109119 2
104179 1
129939 11
94100 0
98910 10
118319 9
98019 3
111689 4
114799 3
101059 2
97759 2
119919 1
94209 4
102979 5
103740 0
100510 7
95479 3
102599 4
93580 8
113740 9
100859 6
113949 2
97229 9
95590 5
100070 7
109439 8
95459 6
96149 10
104189 6
100769 10
139529 4
96819 0
105689 5
95249 6
116519 10
102229 2
98399 9
102849 9
102119 10
94050 3
176069 6
131530 8
108170 8
117739 8
107649 10
111349 6
111699 8
104479 4
136108 1
113000 0
113789 8
115689 10
125879 3
117889 1
296088 2
130519 10
109179 10
123219 6
108409 5
114849 0
133489 1
105590 0
133910 5
148319 1
106940 0
109080 5
111339 3
108889 3
121759 7
108059 2
107590 8
115999 2
139168 3
123599 9
111759 4
116889 9
112979 9
115469 8
108979 5
123699 2
115979 8
127509 7
111030 11
124650 3
101810 4
123379 4
116489 1
102839 0
119909 7
130379 8
96330 8
122059 2
118569 9
113919 1
121929 8
107029 6
105569 0
115899 1
138950 3
97540 9
106589 7
113919 7
110789 0
115629 11
116819 4
114899 0
115079 0
123779 2
98569 9
125119 5
123899 5
107319 9
118989 8
116989 9
114539 6
144268 10
115139 10
118739 4
102679 1
118479 1
102199 6
112989 9
136709 4
114279 5
162488 2
91269 0
102219 9
101829 0
93719 4
98980 2
121130 4
93790 7
98299 3
124669 5
112769 11
103249 5
100639 3
98789 8
108999 2
94109 10
107948 0
95590 2
125899 1
84509 10
86070 9
104679 7
94089 6
96589 3
93510 1
109129 11
106579 6
101989 3
93480 9
109170 9
94759 9
103899 11
93180 3
106180 6
98199 4
94809 5
99079 3
106600 1
97360 3
117599 1
105429 9
85919 4
95489 11
103819 3
98199 11
99109 9
98300 1
89209 10
97629 4
111129 7
87119 4
94239 4
104149 9
94279 8
107599 4
115069 0
94169 8
101430 4
119539 11
101240 4
97189 11
111099 10
95619 1
102060 0
94659 10
97079 3
98729 3
98610 9
117330 1
97099 10
106199 5
97689 3
96299 7
102599 6
100429 5
93830 10
92680 3
97619 11
122879 0
102179 2
97439 10
92609 5
102279 9
105049 9
88330 5
118919 8
103709 9
97889 11
128889 11
99730 5
82379 8
100789 4
96389 8
111839 10
98110 11
107569 7
106159 11
88939 0
173929 11
108179 8
99010 11
101420 5
125999 9
108849 6
113849 9
115629 10
137319 3
105539 0
108339 8
102319 6
117249 8
113179 11
104319 9
118809 7
133349 0
127549 0
112579 5
115548 0
123728 5
110079 7
114879 6
118799 7
120889 10
126949 4
103329 11
105580 8
108120 10
121379 11
114719 0
113459 1
120129 5
111509 4
135589 1
114259 1
123599 8
111528 1
119789 1
107019 1
111609 11
114469 8
114399 2
131659 2
103269 7
130848 8
103590 5
125099 1
114479 8
116179 6
116399 6
124659 3
118019 7
109249 10
107689 9
100339 11
99569 0
116669 5
120539 11
114029 1
134649 7
106440 3
108150 0
107669 5
107529 8
110159 1
119139 9
116469 3
113979 2
134408 6
105619 0
112239 3
109909 0
123319 0
116819 2
121559 3
116219 11
154639 9
95879 1
104850 2
106919 11
112699 0
106819 8
114019 4
117499 5
117779 10
167038 5
94930 6
100470 1
91239 2
95049 9
101279 10
99979 7
100849 11
101459 9
95609 8
113968 10
104279 4
98539 10
88029 9
96170 0
102079 5
97549 7
95200 4
115139 1
93510 5
113999 11
92119 4
109370 11
97750 2
94479 6
100149 0
99640 0
105830 6
99089 8
122549 9
100989 6
90319 6
93710 5
104999 11
94349 0
100750 2
97680 2
103249 2
94869 9
113959 0
99990 7
98190 7
89289 10
105229 4
90890 1
94219 0
103959 7
101120 8
91620 8
93809 4
111279 1
91109 9
93279 5
89519 6
102119 1
95220 6
103379 10
92959 6
102479 5
94939 11
109229 0
102989 1
95819 8
91900 2
97690 4
102759 3
93009 9
106920 5
96760 8
100319 2
109459 9
97839 7
94500 3
108899 2
99859 2
107099 3
105100 11
97180 5
90149 0
90519 7
117630 10
101519 3
96079 11
94209 9
97199 3
96789 2
98519 4
104459 3
104470 3
92030 10
119179 4
99079 1
92499 10
97839 5
101659 6
104559 2
95569 11
101729 2
99390 4
101599 9
151699 11
104899 2
111489 6
113949 3
102139 11
124208 4
110539 3
108089 4
125349 10
108239 3
103449 3
117929 9
114199 8
102729 7
109759 3
112419 8
110749 6
128599 7
107319 2
99149 3
106859 7
101549 7
109559 5
118739 8
100039 0
115669 11
140539 4
108419 8
104819 8
118509 0
98009 4
111180 8
113290 8
112759 6
110699 2
128899 1
110019 0
100219 11
105379 1
120930 8
118729 0
105809 2
104649 10
124709 6
127809 10
111400 10
120150 10
110580 8
105399 10
122219 4
117519 11
110619 0
112439 10
125999 2
112079 4
107749 0
108269 2
104089 5
114469 11
119719 0
123299 4
105639 3
126608 8
112890 5
118859 0
110279 6
121919 3
116749 2
111259 4
107100 10
143439 7
111779 9
108340 6
107299 1
119629 6
116209 7
106739 5
121629 9
110729 0
145379 3
101369 0
104999 4
107179 11
116299 11
108469 10
111299 9
104319 2
112599 10
152899 2
89049 10
79329 10
86480 8
90219 7
109449 5
114279 5
85380 7
95589 1
83389 11
111680 5
108680 5
109269 1
101009 10
111549 11
180249 11
159438 0
106349 7
125869 2
78699 5
83200 7
74990 0
78399 2
82130 3
86859 9
88950 3
82910 1
82169 5
81349 8
82039 11
93509 10
88369 7
82609 8
82309 8
86980 4
88959 10
76369 4
88690 6
81979 10
83430 2
82680 6
95269 1
81780 7
79100 0
82469 2
76090 2
81149 4
81239 10
78510 11
77489 4
85159 6
79879 10
78239 8
74540 6
87379 4
88560 9
82069 11
83759 10
82270 8
77440 9
84119 5
82240 11
79499 10
94109 8
80170 0
86629 2
86360 2
80510 11
80969 11
85600 4
85810 3
83989 10
77520 8
86279 7
88049 5
90190 7
82669 0
79720 2
92150 5
78329 1
82679 10
82429 3
86539 6
78019 10
85119 1
85919 10
81060 5
75689 8
84410 3
78560 0
87869 4
78549 6
96279 9
85059 9
80569 2
80299 10
81389 6
92080 4
79579 10
82329 2
84339 0
106489 6
82559 3
81670 11
76469 8
82989 10
86050 11
85819 9
83569 10
85119 9
82169 2
83860 1
81559 2
139509 10
103979 2
89459 2
95010 2
93379 4
91429 4
84560 5
92419 10
88119 9
112999 2
105139 1
97239 10
94449 9
125999 4
128119 4
99370 5
123779 8
107729 4
108489 7
145079 4
106709 9
82559 9
83210 5
79349 0
70149 8
72199 7
68459 8
65559 9
78549 10
80740 1
80439 11
88830 8
67830 4
66630 4
63739 4
69479 4
66069 2
69149 6
80989 1
76829 7
64970 2
66409 7
65160 1
71449 2
65640 5
69309 5
77659 10
68939 1
74219 8
74260 8
65710 4
78630 10
71589 11
65830 10
65429 4
71160 3
74519 0
67190 4
71869 5
72510 11
83960 8
74759 4
80880 11
73349 9
95369 3
111168 11
88159 9
