84080 8
45489 2
49549 8
51520 13
89399 14
81399 0
89700 2
83859 4
111989 7
98120 14
94730 13
75389 10
76879 6
81059 15
75079 14
79330 9
82809 0
80620 14
80969 13
77969 2
82029 2
78679 10
77819 4
69579 7
79599 1
81980 5
75139 10
82820 6
80779 13
89649 4
89000 1
94499 14
101459 15
92009 14
83610 3
84109 0
81729 12
82000 5
78189 0
83110 12
89730 7
82799 6
86090 1
83390 7
93579 7
89100 4
77850 12
95779 11
106669 1
96170 0
101369 15
112819 10
87719 12
84950 10
85889 4
107639 4
90820 15
85920 8
87319 5
93799 9
89719 1
94549 12
97779 10
90710 9
106150 5
111689 0
104929 14
111689 10
112189 12
114948 10
92869 8
86929 14
94540 5
101540 15
89839 1
107289 2
101059 14
90959 2
98989 0
93469 7
104900 14
95570 3
110079 13
107259 1
109889 5
132489 5
102130 3
109359 8
95869 13
100819 13
99599 8
95460 14
96829 11
317388 11
123479 10
104929 5
95999 7
105609 6
109619 6
121810 13
121650 7
188219 14
114059 5
99440 1
87379 9
88669 5
99769 11
101239 14
94889 13
91339 8
99559 14
118979 3
96070 7
84779 11
98379 14
100410 8
102060 9
120809 5
111359 5
106719 12
135959 13
95060 5
87089 15
103259 1
93839 5
104160 14
101999 10
96689 0
100359 5
96549 12
121308 12
111089 15
101779 0
101419 10
116959 15
114569 6
102369 5
130659 14
115020 11
137249 14
98959 8
100599 7
96750 6
114990 9
104190 4
108859 9
96499 7
111699 13
116259 11
118539 11
112000 9
119009 8
139159 8
113919 11
114509 4
107819 1
101399 3
116690 2
113839 15
97309 11
102489 11
106139 4
106930 8
112459 0
106739 8
118279 3
144559 5
102099 6
113989 8
119249 7
92370 13
109159 5
108559 10
114649 6
99419 0
127089 3
99709 3
99529 6
110949 9
113209 2
105039 14
119299 8
136709 0
111510 13
165799 0
103429 15
104799 4
95880 1
113549 5
108979 0
115229 9
111219 8
105680 10
156768 15
102640 14
94250 1
102899 9
99349 2
99429 0
95469 3
104189 10
112259 6
122799 10
106959 1
93409 1
95779 1
95139 0
105929 5
94739 8
102219 10
97899 14
105909 7
118139 2
118530 13
104720 13
100129 5
91569 2
117419 14
103230 9
101509 3
104519 11
127059 14
99219 11
95919 5
97279 15
91669 5
95379 6
107349 13
97159 2
99799 3
114749 0
148009 0
107729 4
108559 3
118968 5
98629 7
91389 14
97069 1
95670 6
101640 15
116889 8
98119 13
98199 8
101979 0
99049 8
93069 13
111779 15
121129 15
109079 1
95909 1
135749 10
113589 9
103649 15
90659 12
102249 3
97629 0
112009 2
96719 1
97399 6
127419 14
102300 15
90469 7
109369 5
117240 12
113370 9
95380 14
99989 5
108499 2
142849 11
103059 15
97490 15
104279 4
106289 7
102889 10
109039 11
102150 7
96820 6
103409 12
146679 2
116329 11
102159 10
98759 13
108219 9
138269 5
129429 1
121029 5
146279 11
129169 14
122069 14
113099 11
111949 14
105269 10
106519 8
107669 0
112369 12
144979 12
115859 0
97099 7
108279 5
113399 12
117240 14
120250 14
121208 8
128019 14
111860 1
98849 3
105779 13
109329 15
111919 4
110849 2
116029 6
109749 5
111369 3
100369 12
107799 11
102789 4
120989 0
120419 10
116769 3
106839 14
112389 7
139639 0
89420 2
101270 6
112409 13
92809 1
121459 14
116739 8
106859 9
104889 14
134869 12
117219 2
126669 8
100889 0
106609 14
111709 10
105559 3
119110 13
110759 0
128859 15
100629 14
104109 0
108139 8
102899 4
108449 3
109279 7
99499 15
121899 3
152939 7
105830 8
102570 10
114319 0
116179 11
109659 4
119609 7
112769 5
123079 0
128159 6
105139 13
103279 12
102139 9
97459 2
114979 7
115619 4
125788 2
111479 0
142989 13
110190 7
105759 11
127799 13
107149 14
114449 2
109550 2
120750 6
177549 4
102539 15
90530 14
98489 12
107759 9
118699 8
125709 8
105159 5
101479 2
128568 15
89639 6
89239 6
105449 8
97380 15
101069 15
113539 5
109779 4
100779 9
101160 2
125199 1
99309 11
99919 0
101139 15
125268 12
107090 1
111619 10
107139 7
101769 4
111639 5
99490 6
99390 2
99479 0
109109 1
105960 0
100590 7
108819 0
103189 14
99139 1
118860 5
109279 12
123469 2
128959 15
99179 4
94079 2
96779 6
94109 14
99189 12
117259 0
97309 9
109590 10
102020 14
98449 10
103559 6
117709 11
97219 3
103719 1
132589 7
120459 1
102899 12
99969 10
95209 4
108809 9
95599 9
105719 0
91810 6
107060 4
126559 9
94879 13
97659 7
103629 4
115208 12
102099 10
99539 8
110629 6
124659 13
133769 6
91719 11
95339 10
98769 14
94599 4
92639 11
95799 14
111599 4
90399 9
103239 13
137919 11
98960 9
106609 8
112879 12
107479 4
111119 7
126789 8
107549 1
101129 13
188448 14
105870 9
90830 12
100709 0
133709 9
111659 4
110979 5
106649 9
148359 12
97670 12
111759 6
104909 14
110219 13
117399 6
141019 11
125679 12
204419 3
163518 15
114069 8
95590 8
103479 8
98829 9
109369 10
94709 3
100989 7
130049 3
104369 4
124049 15
130169 7
122719 2
97330 0
95290 9
102609 3
98729 11
144889 6
107550 1
103879 9
110290 1
102429 10
106339 10
102249 8
105789 1
104379 15
130749 0
103739 1
114009 11
111889 13
101690 8
95340 8
109059 6
108079 10
99549 13
121960 1
101650 8
99879 5
115609 8
88259 1
102899 3
104129 9
113569 6
104179 1
138569 15
113699 12
107369 9
100549 2
111429 1
117659 1
109529 11
101939 9
104229 7
102120 6
128640 11
105799 11
107059 8
115659 6
112179 1
101960 1
102230 8
114229 11
160089 9
99840 9
98319 3
112409 5
122559 14
113840 14
122439 1
111919 4
123239 15
166959 7
97750 9
101309 11
101469 6
95040 7
94950 8
122579 9
110079 14
87699 0
128979 12
98890 2
94510 13
83529 5
90499 1
94549 2
99659 2
100879 15
101589 10
92400 9
122669 13
98529 5
90669 11
99650 10
93100 3
117189 3
109319 5
88970 0
100130 3
98129 9
107129 7
94840 5
98940 15
94219 1
100679 3
108169 11
105379 15
99439 8
100899 4
89769 8
119099 10
97830 7
97689 15
114669 14
94519 15
103870 11
97080 5
91799 3
101299 2
101020 13
118320 10
92309 10
99149 13
95740 14
100610 12
108839 4
99119 15
119259 13
112439 3
129759 7
102539 13
98149 15
96809 10
106889 7
118799 5
113459 12
105330 12
87979 14
89199 1
114479 12
84510 11
86509 3
103609 14
98080 11
97899 10
117569 3
96709 0
98259 0
97530 3
113939 4
90489 5
88679 1
91400 4
97559 8
105989 13
98059 12
92289 13
100199 3
88689 14
93379 1
134528 1
87169 15
94109 10
113759 5
110119 1
96639 2
94369 12
99209 10
101810 8
175309 12
205589 12
265548 3
105320 1
119339 5
124039 9
144529 8
122769 12
134319 5
105109 7
112469 6
106979 1
162279 11
204008 2
115420 8
120209 7
93559 5
122269 15
116369 3
122319 11
119639 14
122559 4
162748 6
117089 0
108519 4
126179 10
118180 11
158068 10
105589 12
121319 3
177368 3
99299 2
104760 13
96519 10
112399 11
129009 14
132889 10
122019 2
163199 2
113229 14
111289 2
108450 11
96670 9
108529 2
141259 11
102249 14
140239 10
111539 11
109689 9
105779 4
102109 3
118399 10
122859 14
122939 14
102359 8
126619 8
105010 5
107908 12
100059 7
89489 9
118499 5
114349 1
94400 13
102340 13
97959 0
117979 12
94180 8
120219 6
108529 6
96279 14
103289 9
108489 11
101820 10
113290 6
135449 14
108329 2
108689 3
104889 8
102939 8
112699 15
105110 0
107559 12
108139 9
186739 1
99769 4
98279 0
117049 1
110920 5
122388 12
115509 8
139749 1
165419 0
108500 1
103180 5
108019 0
98549 1
99879 0
105770 0
98960 10
94739 14
120669 15
96879 4
104859 11
97579 15
102789 15
91359 10
97260 12
97830 12
115759 11
100779 4
110699 15
115569 5
94259 7
93519 1
109139 7
103919 9
98859 4
83179 14
106669 4
102610 12
115640 11
92479 2
91679 8
94409 14
97340 15
91779 9
120329 12
88929 8
95839 11
103549 0
112929 3
94879 7
106199 1
103359 1
92009 6
92529 14
91999 14
105989 12
97359 14
105159 2
119669 12
93510 7
100669 15
103389 14
105649 1
80580 3
88059 11
91559 0
82279 9
77889 12
79899 0
112300 12
78140 0
77749 2
72160 12
80009 9
79840 9
76990 10
76979 9
75919 1
76799 10
81140 13
81899 1
127469 14
88619 2
113519 12
78959 7
71779 14
82660 4
76609 10
71230 6
78520 15
91269 11
123529 0
120649 13
78010 3
75579 9
77820 3
68059 4
75350 2
78550 7
73789 11
74060 9
76629 10
77470 2
83469 15
119979 10
83520 12
86640 0
79469 10
85550 11
104160 5
122399 11
93759 4
92129 8
95069 3
103529 8
109219 12
102249 4
88910 5
78869 13
82459 13
77599 10
77289 14
92170 8
81479 14
78119 1
84219 6
97370 5
75659 13
82490 4
88099 3
83009 10
71320 10
78249 5
79000 4
79049 14
74330 12
79050 5
74549 8
87010 10
94599 6
77449 15
74450 15
95509 6
89759 13
84640 3
72109 14
91220 10
77490 5
79219 14
83839 13
85829 15
87519 8
71230 2
73529 6
75170 8
77180 8
74110 11
75210 1
73519 9
85150 0
75629 5
74169 2
76809 0
81889 10
101759 2
85529 4
74409 10
74210 1
78479 3
74010 15
77570 6
79579 15
83320 8
73139 6
77359 7
72959 0
82109 0
75870 7
78949 5
72120 12
79829 12
71739 14
76720 11
71519 9
76540 8
77319 3
72850 14
85519 13
86649 9
93610 8
81489 4
74940 13
74840 0
77089 3
90569 11
71160 14
73660 2
76300 7
76699 11
83730 0
75049 5
79249 2
94409 14
74039 4
75680 11
70469 12
82250 14
85750 10
88349 2
79640 3
80640 0
84979 9
73620 7
75609 12
101509 10
79590 5
74639 8
78489 9
76510 9
88759 8
83710 8
76659 10
82530 9
75430 10
76209 7
80440 6
138199 4
79219 0
73809 1
90459 12
83959 11
81140 11
88660 14
89089 3
90220 5
94880 9
310777 12
113750 13
104740 10
106039 15
103049 1
105769 6
110129 11
102449 5
290108 3
87519 9
94379 0
86409 5
80139 11
81479 13
82499 3
75920 10
76949 15
77650 4
88119 9
88899 2
80849 15
88329 10
77140 12
68100 9
71389 1
67319 12
72989 5
73769 15
