194358 6
107609 2
108419 0
103059 7
90699 9
99539 3
98999 5
101779 11
104409 9
90279 15
94169 11
104870 10
91708 12
92180 15
90939 10
88229 7
92849 5
86369 10
87739 3
101989 3
99799 8
104709 15
99479 1
103769 3
99059 1
95399 4
93390 9
101399 15
92629 13
103039 7
92939 8
101809 12
100709 11
98849 0
102639 10
101919 10
104699 15
92619 15
97639 11
98719 1
91819 7
99779 7
105549 1
102129 2
91029 1
96920 0
90679 8
96468 3
90920 7
99059 14
108209 11
96269 7
103879 0
91829 2
92219 6
87659 9
94569 7
93499 2
96779 10
99339 15
101759 13
139559 9
96349 10
94589 2
98239 14
96659 10
107069 0
110559 10
90300 3
104859 14
99379 8
103328 2
91030 4
96179 0
99439 8
97919 13
99369 12
108579 11
99569 4
109199 8
99629 4
107689 15
102759 11
99489 7
102779 4
109579 6
107219 11
103379 1
97670 11
122908 10
102659 0
115458 6
96650 0
99128 9
103948 11
101179 14
98619 6
109150 4
10173812 7
131739 5
99419 0
111929 5
110819 9
102719 2
119248 3
113739 15
112959 10
114669 1
89669 8
108919 9
93349 11
95430 2
103239 0
109039 15
95940 3
92010 3
103519 6
96879 13
87300 0
89259 13
91469 11
89919 10
86079 0
87189 15
93019 13
87809 5
85539 5
90769 3
93609 1
88349 13
87130 11
88099 14
87559 11
88639 14
87099 1
87709 11
91519 13
83160 15
88020 5
98869 2
79029 15
89969 9
82029 9
88369 14
89239 15
90699 3
98289 7
102339 1
88199 6
90129 0
90499 10
87159 6
85309 3
87009 2
95039 12
82039 10
93559 2
95199 4
84619 3
87969 10
87120 5
97439 14
82500 11
89389 14
87499 8
90709 12
87829 2
87680 1
86819 6
92989 2
83629 3
88439 13
88359 12
95309 3
86650 10
86810 13
83589 1
96049 8
84989 5
94029 6
89889 4
90359 7
86839 8
91729 10
98539 12
89859 2
88129 2
83879 9
92359 7
88769 9
86940 7
78489 1
79889 15
83659 15
79129 4
95688 4
80699 14
82369 0
86759 3
82259 6
77029 3
83159 1
88939 15
86719 5
78589 12
83309 8
79590 5
3109490 0
137608 13
168089 12
162388 12
154579 4
157248 7
171798 13
161288 0
155808 4
149419 6
155988 13
154738 14
158258 10
142099 7
145679 4
147399 7
146079 7
160828 6
163628 11
157499 14
163719 1
150208 4
151569 0
137859 5
159629 13
146208 4
158849 13
141638 2
136829 8
147589 2
150678 7
132959 10
144548 4
164899 11
128088 15
140178 12
156209 7
141568 0
146159 2
134899 4
157689 14
131789 14
149778 5
153209 7
149268 4
148678 11
141959 15
10178781 13
124019 3
114539 0
125589 14
127528 8
126138 3
109319 13
113739 3
121449 13
119959 12
118669 12
120128 4
121829 6
131869 2
117219 5
123858 8
133199 8
119769 6
118619 5
116369 15
117479 4
121639 7
129718 2
117849 5
135559 2
114019 6
113819 8
117378 6
134279 0
135119 13
130399 11
122708 4
126149 2
108599 11
124529 11
119539 4
116659 5
111538 4
131708 11
117819 3
122249 5
108399 10
118359 13
127349 15
110639 4
117779 14
126529 6
114429 4
124099 4
134269 8
109008 2
115299 3
119248 14
128559 14
125899 7
122179 6
125778 15
124779 14
118039 7
124379 2
109079 1
121348 14
113559 15
131639 10
118199 12
127879 3
121329 2
119229 4
113579 10
118608 11
113729 14
120809 9
116879 0
122329 14
128378 2
108919 4
106488 0
103409 7
103819 7
107109 0
112519 1
104589 2
103469 0
10181102 11
124458 2
120069 3
120549 10
132659 10
127549 5
139318 9
135859 7
114539 14
123199 9
128078 2
121569 1
121029 8
112099 8
115369 1
114209 8
128449 4
111779 7
118198 5
118479 5
116899 9
116279 13
112889 5
108629 4
117959 0
104139 7
111339 10
101448 9
106979 4
108650 3
103650 6
110889 6
110449 7
106489 7
109229 11
101819 12
112989 0
113989 5
111159 13
101859 2
108489 11
98969 14
93879 1
101899 13
102629 9
94169 5
98899 8
92249 14
111689 4
96809 11
94709 4
96150 4
96170 9
92409 9
100359 5
85259 11
90769 0
93479 3
105079 1
96409 2
92249 9
92579 6
86649 13
85089 11
107548 6
90369 2
92539 3
89629 15
84609 8
90049 2
99529 13
96539 0
94770 11
78490 1
83229 4
91609 13
77899 11
79840 8
75789 5
76019 13
81249 4
87359 2
87669 5
77509 4
78549 6
75629 13
74609 10
91259 0
82729 15
84569 0
80889 6
84499 6
83170 2
90599 4
95059 1
92439 15
87049 6
90399 12
87769 6
13132772 4
116059 12
115449 1
114289 12
125049 15
126519 11
122849 2
118759 1
126909 1
104539 0
109189 4
111619 1
105809 14
124479 5
106559 14
108598 1
106508 6
315166 8
98590 10
100290 2
95980 15
95899 11
98259 0
96709 14
96149 6
104759 9
88049 5
96389 12
95749 13
103059 3
95549 2
100869 6
103589 3
99269 7
96599 15
108899 4
97879 14
100079 8
107299 6
100219 6
90659 2
90290 12
94440 6
97639 11
101659 8
108269 14
92419 13
94709 5
95279 4
97759 7
97979 10
107259 0
108709 6
96949 9
105119 10
119939 7
103429 4
104809 15
108869 14
114679 9
116949 6
115239 13
115068 8
101419 10
139629 10
77189 6
78389 13
84059 2
80269 15
80339 6
87419 5
93389 12
91699 11
84870 11
79419 12
95239 4
77279 2
79639 9
86260 0
77820 14
89949 14
137539 12
90399 10
81759 5
83629 10
88399 15
92030 3
83880 7
82479 15
87059 8
87489 8
87549 1
80150 10
93079 6
94619 10
84959 5
84399 9
76059 5
86569 8
83939 2
89229 6
86889 14
80369 8
84799 2
93329 13
95970 4
81430 6
80989 9
82209 4
83019 2
86909 10
80189 4
78309 13
82179 11
83929 2
87449 2
88379 9
98559 8
90159 3
83719 12
79559 2
79779 0
81730 9
85849 11
80309 7
90919 10
88829 0
95239 3
93699 4
82859 5
86419 10
78329 1
82979 8
88480 1
83460 6
79149 13
80659 3
84059 1
79149 10
79300 1
94989 7
96059 15
81409 4
77589 9
81959 11
95188 15
82049 9
88289 14
79619 10
82159 5
86299 1
95419 8
92609 10
86049 6
82069 11
81549 2
76879 13
85479 2
80309 14
82369 3
80049 13
79400 11
82709 13
82079 9
81779 1
89789 6
85528 10
88579 12
83689 13
88689 5
76919 3
90979 4
82769 10
82599 5
94369 0
94769 7
88739 7
80549 11
84979 13
85459 9
10101522 6
84179 6
86899 5
81360 14
85789 10
87569 4
94749 8
88339 13
78199 1
84529 1
79789 14
81289 13
90949 15
81289 5
76800 13
79819 6
81349 9
82289 7
93229 5
92179 13
89380 10
82719 13
85849 13
83129 8
87759 0
77500 2
80700 3
92569 2
82219 3
91819 12
88039 13
85029 11
84419 2
84959 1
80349 7
89079 10
82889 11
80710 14
75750 11
87029 2
85459 12
82219 2
89590 4
93650 15
91179 6
82149 2
80669 1
91699 8
74730 8
86769 14
81559 3
91409 6
82739 4
94649 13
87730 5
82720 4
82049 13
79839 13
85299 0
88149 1
78360 15
78909 2
80189 3
84039 5
85839 13
80739 9
80549 8
82989 12
87199 13
89369 0
80920 12
85470 1
78279 8
87759 8
88019 3
75650 5
81860 14
89269 14
80999 5
90109 11
80800 11
88950 6
83889 7
84339 2
77029 12
78539 13
80650 5
85429 4
79139 10
86469 11
86370 3
90419 14
79220 7
84149 3
75939 1
99509 3
78589 13
86449 8
84649 14
79859 1
84279 6
84710 13
89629 9
81019 9
81349 14
76589 15
77469 3
91040 4
76479 3
75669 6
78079 5
76250 14
76949 15
82149 12
82349 7
77220 4
81410 13
81829 0
73249 5
10090813 8
77539 4
85979 15
79609 6
77170 13
78090 8
81859 5
79589 1
70370 15
81270 8
81009 13
84049 10
74110 12
82119 9
73549 14
74409 0
76250 11
76339 15
84659 12
80249 2
77639 4
82000 15
76599 2
73249 8
71729 15
71929 2
80509 8
74589 4
74530 11
68539 1
72029 6
70530 12
73599 11
71049 5
72280 2
72520 15
71799 1
72639 10
71540 5
73569 5
83839 7
72599 5
73820 4
75009 3
74339 11
75550 5
83349 11
82829 2
78619 4
74649 15
73789 8
74309 13
69669 9
80190 9
69779 13
71889 12
73360 9
70970 2
74329 7
69929 14
70989 10
67369 4
69859 5
71080 12
73099 3
73449 14
74080 2
77340 7
74069 0
71749 1
71930 0
70359 5
71799 13
72480 12
75579 14
80299 4
83859 11
71640 0
72430 2
72729 6
81539 3
71220 6
68679 5
69979 13
72830 11
71009 1
78339 3
87479 14
78260 6
72050 3
70859 15
72560 0
71839 5
79609 8
70349 5
72480 14
68859 11
72439 15
69800 13
76450 12
69409 12
74730 15
81239 1
82659 12
75449 9
71599 2
69809 0
76969 14
70100 11
76300 0
69629 10
70029 1
69440 11
79369 3
81749 13
78689 4
71169 5
72129 3
72359 2
71539 8
73989 0
89039 14
75369 3
77669 6
72399 9
73569 10
74409 10
71229 13
69899 0
75739 1
71359 14
72219 15
70379 6
72100 8
10081492 12
72479 8
73699 0
78740 14
75899 11
78129 9
72739 7
74130 9
72879 12
67919 0
68329 7
68109 14
70789 3
71860 7
70969 8
61330 13
61309 3
61729 9
60310 14
62299 14
61739 2
62989 12
62569 1
68640 0
71249 14
66809 15
61700 11
61199 2
60260 13
71610 14
61659 11
61840 8
62040 0
63100 10
61730 5
61379 5
62110 11
73549 0
73369 12
65989 13
60659 2
61249 11
62510 14
63279 7
63299 1
70379 0
62819 8
61770 8
62539 2
61060 3
61870 11
60829 5
62840 7
63449 15
63470 10
67360 13
59779 7
61600 7
61369 0
60880 15
60979 4
66079 12
62870 7
61289 15
60819 5
61869 5
61649 5
62060 15
60829 6
66869 14
63270 2
62729 2
61249 9
62449 10
61389 10
63080 1
60439 3
68370 13
62759 12
60519 11
61360 1
60939 3
61360 2
60860 7
61209 11
63170 13
60919 10
60919 3
61390 0
62999 0
61270 12
60719 2
62659 5
69289 0
63399 9
62370 15
60349 11
60250 7
62350 12
61179 5
60480 8
61979 2
62849 8
93129 6
61589 10
62200 8
62150 11
61869 4
68370 15
62280 7
62229 13
63199 11
62189 11
61829 10
63069 0
61049 14
63740 0
64249 12
62349 2
62480 11
60289 5
61620 10
61619 3
62699 1
69699 5
60729 6
60300 2
61049 13
79739 10
62550 10
61919 2
