51029 9
42210 3
43790 5
41900 13
45530 11
43859 3
36940 8
43050 2
73499 11
44969 15
38250 12
62609 0
48230 7
49939 15
43470 7
36659 0
36370 4
49720 1
60249 1
41920 9
59079 12
59049 10
62700 14
60909 0
76060 3
68319 15
88029 13
73549 1
75120 14
69899 10
85569 6
74459 3
59660 11
69089 4
115869 0
83499 15
55290 6
69429 10
94029 3
87499 4
71689 6
71449 10
96719 1
80359 0
87059 0
100560 14
78010 6
58989 0
90729 8
60659 14
78049 2
48180 9
48569 13
49960 9
50569 12
51530 14
53939 8
50520 2
48559 4
52960 4
55949 10
49780 5
50619 1
50410 5
50219 8
47350 3
47329 9
55940 11
63959 12
53580 0
49059 10
54400 5
49239 15
52770 6
49689 2
51970 10
52069 12
57790 15
49139 6
54090 8
60339 7
69069 7
51059 4
53249 14
53560 0
52679 4
61540 2
53499 7
49010 8
54369 5
50650 2
49819 3
55490 7
47559 14
55910 14
49459 0
53540 12
49109 2
51890 0
56459 6
70300 5
52539 8
65640 7
53959 4
59379 4
51740 12
55889 6
57900 0
56679 12
57450 8
50749 6
55760 5
51339 14
56449 0
53909 9
52420 2
55310 10
60309 13
55880 5
54239 6
55630 7
53009 6
50240 5
54109 7
51050 11
57629 7
49100 2
55859 9
49700 2
55819 13
50030 9
54309 9
51160 14
56329 14
54020 11
51469 4
61710 0
51670 10
55299 6
54540 8
50240 5
55730 3
55479 12
56409 8
54129 0
54980 9
53129 9
51080 2
55269 9
55540 2
82279 2
52640 11
58509 7
51340 7
68419 7
48819 12
54900 9
53049 5
55029 13
55350 11
52340 10
53899 2
53139 3
54169 15
52380 10
52139 9
55260 4
62389 4
52640 6
52819 14
51490 13
64869 7
54059 8
53079 4
51829 1
54979 3
55220 13
55460 12
52289 10
51460 5
53870 2
55269 2
58189 7
52250 0
52519 13
57060 8
52109 12
53560 8
52329 9
51600 0
52649 11
51210 10
52529 5
50610 15
52229 11
50770 8
55109 6
54350 4
51999 4
51750 6
80379 6
53670 9
51869 10
65200 7
49239 2
56430 3
50689 6
53769 10
51469 6
52840 1
48969 6
53209 0
50529 14
52440 4
49500 10
54309 13
50029 1
54060 1
58420 8
52949 11
50489 12
54870 11
50939 6
52450 6
52559 7
51339 11
50029 2
47649 11
52359 8
49210 0
50699 11
49420 15
50290 3
48410 0
50759 5
49440 12
52909 11
55699 9
53490 15
48539 10
52489 8
50000 11
52939 12
49449 11
50540 2
53839 15
53880 13
49369 3
52290 14
51479 2
66449 12
50939 6
56920 7
50669 5
52610 6
56139 3
52350 11
53969 2
50250 3
55409 3
52060 11
54999 14
51000 15
58669 12
52830 12
53570 1
55270 15
52099 4
61080 4
52990 12
55699 5
54600 4
54489 8
55940 4
56019 1
52340 2
50609 13
52070 4
54219 8
49990 14
53659 1
51280 12
52569 9
53730 13
52070 2
51699 14
55559 2
52739 15
53820 2
49650 10
53789 10
49639 1
53250 4
51729 13
54479 4
51879 4
54580 13
51920 6
53669 3
49510 10
62930 15
53029 0
54780 10
51329 5
57370 5
53159 14
54789 2
52289 5
53610 11
54290 3
54090 10
53579 15
52100 2
51569 4
51739 12
54049 4
54409 4
55310 11
61959 3
52180 1
54109 5
55440 3
56949 11
52770 10
53469 14
59270 7
53200 13
49920 9
57290 7
49670 8
52999 0
54090 12
52249 0
54480 3
52130 6
55459 10
63350 1
57719 7
48570 15
55209 1
55540 3
51689 10
54200 3
54539 13
53950 2
54210 3
53899 2
54149 3
57900 7
52210 7
56950 6
50340 3
52679 4
54270 13
51960 2
60229 7
50670 10
52119 0
55440 3
52079 8
52330 11
51289 11
54350 14
49239 1
53320 15
51699 12
53380 6
52309 2
19088075 5
54149 14
53529 12
51460 0
50780 12
55649 14
51100 1
58560 14
63749 7
60990 10
56279 5
54760 15
53189 13
53880 2
52879 15
53089 6
56700 13
62209 1
53049 1
55350 13
51360 2
58639 7
52110 7
49129 1
49850 10
51490 10
54490 13
54199 2
59830 12
60119 3
59950 11
59479 1
61439 0
52169 12
55539 7
51970 2
50880 4
51570 15
54680 12
54560 5
51870 11
55490 15
55099 1
59659 0
57370 2
55579 13
55140 8
53329 0
58199 7
54350 14
55510 15
55450 3
59360 7
50740 1
52810 1
54799 6
60339 7
55760 2
60679 7
56449 0
59230 2
55490 0
53760 11
56369 9
53690 0
56229 8
54410 0
60019 13
54290 12
53769 10
54050 10
54339 1
55700 0
57459 7
51640 9
53580 12
51639 3
53520 5
52570 6
54489 6
56160 15
58870 7
82819 9
57200 9
52669 4
56710 2
51879 15
54460 6
52179 14
61350 6
58229 15
60060 8
50839 13
54669 9
49969 2
54599 0
51249 9
54979 4
51150 4
59370 2
49499 13
53609 13
56250 7
53730 10
52259 7
48520 14
54600 3
52819 6
52929 10
53009 15
53650 5
55409 3
57340 2
57399 7
49480 5
54869 11
49760 2
52729 2
58490 12
49759 10
49520 15
48649 11
52030 9
49479 0
49430 5
50369 13
55830 15
60419 6
57449 13
57999 3
50789 3
52219 1
