7220 19
6100 11
10450 4
537856 9
10960 15
18590 17
4880 6
13071 2
2280 9
10951101 7
7389 6
121209 23
9620 21
12500 17
809 8
20510 19
6630 12
12790 3
6430 18
48805348 9
33410 11
6100 18
570 8
6850 0
4020 4
6020 4
400 8
153528 19
17489 15
5569 20
8780 3
122599 20
185789 19
5650 12
29090 23
4220 6
4470 5
2449392 15
9440 4
30610 13
7610 10
27639 20
3871 18
9691 3
19759 22
620 8
9640 4
4140 18
9470 6
8150 0
23060 17
5810 1
4460 12
5730 10
17840 13
3520 18
2189 9
17609 9
6809 11
2860 6
4189 0
14250 23
3520 7
4890 5
6705312 15
14640 19
5870 20
4020 5
3090 15
16620 3
29911174 9
11480 16
22979 20
25619 19
5460 1
9280 22
4850 1
4230 4
9260 14
6580 21
4130 15
24700 19
5610 13
7980 3
6580 21
2730 9
4460 0
3960 1
5760 21
16089 10
5631 21
7790 4
9240 5
3510 13
5580 0
16730 19
7090 11
3800 4
20600 16
3440 9
9380 16
96489 21
6090 10
3930 10
16310 18
12180 22
6349 16
7151 4
3911 1
5860 5
12559 22
11080 17
20300 10
10710 9
8390 21
15990 10
6450 21
13410 12
4540 4
7590 0
9450 12
6631 20
3629 0
4940 15
11089 18
30630 11
29830 17
13960 13
9140 13
5220 3
5240 12
18760 21
4320 3
411 8
4811 20
7929 19
10929 2
94880 23
20090 3
8429 21
8871 9
7080 2
3669 20
9950 10
6460 4
3560 16
11740 2
7360 18
6590 20
3630 1
29410 22
2610 9
8830 4
5650 22
4540 4
5939 18
4591 1
4389 3
3460 18
24419 22
50130 23
4730 10
36290 23
15909 6
5049 17
2131 9
4260 23
3529 5
68910 17
3682823 14
7680 5
340 8
14700 22
12850 1
10190 20
8790 10
9440 22
17610 15
4280 15
3670 17
10799 13
5620 20
3891 2
6800 2
4080 17
3589 9
6960 23
49380 10
30260 20
4520 6
9820 5
13289 19
7240 0
7560 9
6060 16
3370 5
23840 19
5570 1
46970 17
10331 12
6711 21
6060 11
4211 18
10649 10
11330 23
2390 7
3900 14
5240 16
340 8
340 8
7610 17
14150 5
370 8
6360 12
2910 9
4520 4
6230 18
6840 19
15200 17
6860 5
10799 11
15060 13
7051 3
5279 12
43540 12
5860 3
8090 12
5240 15
9490 20
9720 16
6660 6
6210 13
12710 4
7191 12
5569 5
7371 19
10599 22
10800 21
7720 18
10630 2
4130 18
6410 1
15050 16
5270 23
5040 20
5870 3
4740 6
9980 14
14980 1
27070 5
8380 22
4960 20
10050 21
8940 2
8010 16
5630 4
9330 13
3090 9
6910 14
4970 3
7030 5
6310 18
5350 16
5640 9
6200 15
6950 23
3970 1
7450 4
5520 15
4831 15
4709 11
3900 16
2971 9
7390 16
4380 10
15980 19
6840 2
7880 20
3420 7
8740 6
16500 16
7090 1
420 8
5280 20
9530 13
689 8
11300 2
29420 3
19470 11
4720 13
5180 22
6170 1
5030 17
3990 17
9460 18
3850 7
13459 23
15951 19
11140 5
8379 13
7320 6
9100 16
7040 4
4140 18
3100 7
5120 20
470 8
5750 10
4550 0
7390 2
4030 12
6390 12
3960 10
2770 9
4220 14
6910 14
18910 15
4469 14
6660 22
4240 3
4560 5
20620 10
9030 0
20410 23
5760 22
9560 19
7050 0
2490 9
4460 1
6470 15
5680 23
6750 18
8640 13
7880 5
8359 23
5811 3
3380 0
2660 7
4720 0
5969 6
10279 13
4750 17
17720 19
7250 6
14520 15
21660 10
2730 9
12670 17
4540 0
4110 1
1090912 12
4390 5
8900 4
7339 5
4560 22
15120 19
4400 0
11060 12
5700 22
17330 17
5440 0
14340 20
5750 3
8220 22
2500 7
14240 1
8420 19
32580 19
24309 19
410 8
5020 5
4370 14
4320 10
3570 4
4870 4
17990 19
8610 0
3010 8
2910 4
5480 18
14800 9
4750 0
4871 6
5291 15
4709 0
5571 15
112749 23
5729 0
4400 9
2391 9
20400 17
21130 19
7850 5
5500 16
480 8
22830 3
5840 16
34790 18
6600 21
7780 22
4020 3
5811 18
4631 6
9500 5
6980 14
6500 10
7660 19
6160 23
5990 18
4970 22
7540 20
10930 11
4240 4
13120 16
8940 22
7950 6
12900 18
4280 16
20189 19
307918 12
7840 17
10807502 9
12290 11
10360 18
12120 17
4920 2
4600 2
3920 5
5930 21
6590 1
410 8
151599 23
109789 23
14040 10
5890 4
5040 13
9010 5
6480 5
10529 12
5380 20
4580 1
4240 9
5100 17
4170 10
8610 16
5490 18
9588371 7
26220 21
3630 3
23450 16
3340 18
2720 7
7240 23
20850 19
4851 16
128948940 9
10630 19
5000 14
919393 7
11460 19
6480 10
11219 15
6610 0
3720 5
8750 1
8550 23
4260 15
3947931 18
2700 7
22740 3
22099 19
5310 5
7590 17
11120 3
6470 20
7190 14
7180 16
6770 12
13430 6
10831 4
540 8
9399 19
10330 14
4460 4
5550 21
10660 23
3920 16
9050 5
390 8
5630 12
5170 9
16960 15
5120 10
7050 21
4150 13
7310 4
5730 18
14529 10
87879 22
7050 5
7870 0
5170 13
5010 1
13350 16
22709 23
4889 6
8410 23
9780 19
4800 13
5060 20
5650 11
500 8
7920 4
9580 7
4590 14
4220 14
10940 17
7270 10
11310 4
16340 11
13869 20
5629 4
6029 18
7920 13
4440 18
6219 21
22090 23
6450 21
9140 0
8590 10
4320 22
4800 2
7260 15
15560 11
15430 15
6420 1
8990 19
6289 22
5669 11
8280 19
13259 17
18100 20
3180 6
5160 9
3910 5
11530 12
11310 20
390 8
6370 11
6690 9
9010 1
5730 17
25549 17
15440 23
18289 9
3400 2
5720 19
6960 11
8830 15
5120 16
4070 7
74059 23
4720 13
8411 10
9430 11
9300 5
5170 18
4180 14
9520 23
7860 3
14640 23
14489 0
10380 13
3740 1
13249 0
4850 6
30830 19
4400 8
2550 7
9730 2
47589 16
420 8
15191 21
6440 12
4760 3
3850 5
4260 9
6680 9
4890 17
4930 13
8180 10
4450 10
6990 18
4870 6
4730 4
7800 7
4460 11
10190 2
5550 15
16840 23
14880 20
10169 2
9020 12
3309 13
16200 22
10660 17
13710 12
5110 1
17180 23
8550 3
8460 6
12520 19
17129 19
9851 3
6049 16
4291 13
4309 14
10500 14
5950 2
4870 5
5590 3
7250 0
9320 12
15570 9
5930 11
4220 15
3720 7
7960 6
9810 7
5650 10
13750 2
10230 6
8820 1
4911 5
20940 14
13600 22
5010 13
12850 5
9770 2
4730 22
10840 19
10600 1
9370 12
12970 15
9879 9
4509 13
5180 11
19309 11
7360 19
4240 16
5990 12
13520 3
7650 1
4260 0
7360 17
15380 15
2600 8
4650 5
15490 11
11100 1
4780 13
6609 11
4340 4
6351 20
9669 1
8370 14
7060 22
8780 20
5670 23
13410 16
30309 19
17790 2
5870 20
6610 22
10040 5
5060 18
7630 15
9370 15
6030 5
5670 6
5800 2
27170 19
5160 15
13079 10
5331 5
7300 19
14640 21
420 8
4870 14
8440 16
5200 21
7020 6
13290 15
5560 5
5020 0
4210 9
370 8
11240 0
5270 18
8840 16
15360 20
4190 7
18049 19
9131 15
9410 22
8290 11
7490 12
13710 4
2360 7
7240 15
9060 18
400 8
4010 6
3210 7
13790 23
7220 23
2310 8
7020 5
4970 12
42989 5
510 8
13820 20
17400 17
7390 4
13320 15
14750 15
5150 22
15020 16
16820 18
13209 9
1949 8
5109 11
4971 22
4639 14
6450 14
580 8
14260 9
12290 14
3390 0
5180 4
4890 18
11780 10
4280 6
4930 23
8130 17
2940 7
3910 0
4210 10
8640 5
5130 2
8629 23
4891 3
23709 19
4530 14
8010 21
6950 12
7950 21
9930 0
8630 9
4490 4
571 8
5180 14
8500 23
4910 1
11560 0
13690 19
6330 4
16320 1
12290 19
6620 17
16400 11
470 8
4060 0
7260 1
4550 12
8071 5
2680 7
4260 10
5800 11
7959 15
4500 11
30660 19
6880 12
2720 7
3420 7
7010 5
5370 13
8270 14
4670 14
6020 11
8240 6
8370 0
11179 20
9200 10
7520 16
6891 11
9140 21
5440 4
9660 18
5030 10
17750 11
10590 0
17780 22
4250 1
9280 20
13820 3
7500 9
4449 14
4671 3
6771 22
4489 4
6080 15
4080 6
10390 21
7940 10
14620 22
3910 0
5160 2
29660 23
13970 18
5950 7
7290 3
10160 19
9690 22
10700 15
8680 11
5590 15
8990 11
6980 6
7350 20
5400 12
8810 21
3920 18
5600 16
5420 10
13000 12
5660 6
9600 6
13000 14
13010 21
16831 19
4960 14
8770 20
5960 20
6500 15
5780 7
6130 15
13020 22
5560 21
6100 6
5690 5
8060 16
6840 14
6870 5
12950 0
11070 20
4960 3
6660 6
8050 19
4050 4
7520 0
25890 22
19260 16
4750 4
6500 7
410 8
7640 23
5750 17
6589 22
20509 17
8019 21
2520 7
4870 0
8820 9
7250 23
4250 22
11270 4
18490 19
5050 12
7240 11
5360 2
4860 11
5930 2
430 8
4010 0
5470 20
6500 18
4320 5
16729 17
5449 4
4580 14
9099 10
7200 15
14720 1
5990 17
440 8
6750 13
4200 6
11760 5
4210 0
19780 18
5910 17
6870 11
420 8
11309 16
4440 18
7980 10
4691 13
4871 5
4760 5
7390 10
9010 18
5110 13
5750 13
6560 11
5010 1
3760 1
3610 0
4590 2
7740 23
4590 0
7260 22
6500 10
2820 7
2260 8
13490 0
8840 9
6540 9
5651 6
4160 14
3729 13
5769 0
2182404 10
6480 17
3790 4
5230 0
4520 10
8719 9
10200 1
11771 17
4620 1
4140 6
12130 20
7890 6
4670 17
5140 16
6360 19
4730 0
5460 19
4900 16
