167899 19
113989 19
120339 3
126359 15
124089 17
133049 4
122139 21
122309 10
123299 13
124179 2
121629 5
116809 3
119129 6
136019 14
113649 7
118889 23
113649 23
117879 6
118179 9
125469 19
112019 13
128159 11
115049 9
114409 16
117499 14
124099 9
132149 2
112379 7
133709 9
117849 3
128368 19
115199 3
114159 13
119909 2
130229 3
127809 10
123429 8
117009 2
132108 19
124679 10
115540 2
122919 20
129759 14
125449 4
117319 22
118229 17
145519 17
126070 15
117848 7
139799 6
138559 6
127639 22
123360 6
161139 1
118079 15
116959 7
116689 8
123509 20
125059 6
122539 1
122220 13
190618 7
129829 1
125429 21
123299 8
142629 13
122350 10
123508 3
122830 4
139279 6
114659 7
120189 21
127889 20
128099 10
122459 6
120569 23
118469 14
140739 9
121119 15
122909 4
122799 10
130199 16
124059 5
121829 14
115749 20
140689 2
113290 9
121588 19
121030 6
123039 10
121809 14
124899 12
194869 19
121989 23
124199 23
120719 17
128549 22
126289 15
129879 13
130569 4
139379 0
118189 13
121919 3
125130 2
120470 20
126139 9
117969 5
128089 10
138649 12
126069 22
125129 14
138429 23
122259 2
127930 17
128799 15
129630 16
147230 9
128888 20
127260 11
126949 3
118629 22
130589 3
124819 7
119479 20
142369 12
126949 0
139429 5
124829 14
125640 3
124888 15
132208 7
156079 15
120588 13
124850 12
128819 1
121419 5
128519 15
130109 14
123199 18
188569 11
114799 6
133429 18
124679 7
123209 4
125949 3
125799 7
129519 8
141509 12
124049 5
125928 18
132039 10
127220 4
152928 18
133360 15
150558 23
118530 0
117309 3
131009 13
121089 23
128899 23
121699 2
129479 0
138999 12
124160 8
126879 20
128659 19
128759 13
135239 5
117909 23
124439 17
138719 16
115799 15
142419 6
125879 1
124829 1
124709 2
128319 11
127469 20
133079 6
123870 18
125860 15
123739 16
127689 21
128349 21
129909 21
138519 5
119629 14
122809 21
133609 17
130679 10
122499 14
130119 9
127990 21
142050 3
114780 17
141689 1
117609 9
126759 4
123109 5
131059 17
149099 3
150029 16
122499 10
124959 6
114209 7
118340 11
120730 12
123270 12
116849 9
152679 6
129489 8
125369 21
128039 17
121569 1
123949 21
126669 3
125719 1
188669 21
115859 11
129319 22
124910 12
115270 21
121399 6
126569 19
128259 22
119309 16
116789 1
127439 5
117099 16
129949 20
122210 21
128308 22
138739 2
124759 9
121799 4
124059 2
121069 16
119049 4
123369 8
132049 18
135510 7
116690 15
121090 21
119369 17
125279 0
120559 2
118569 4
126819 11
141859 3
127309 17
122310 9
122410 2
130490 14
118229 0
119489 2
118729 2
112009 21
135859 16
116629 16
127419 13
120389 9
121429 23
122969 1
127279 18
121379 18
133229 23
110299 3
114160 2
120530 13
127209 2
126619 19
123969 10
126629 17
131459 6
119709 6
119379 18
123170 17
118239 13
122840 10
125859 13
132199 19
136669 22
114889 15
118929 20
121639 15
121589 2
128319 23
134099 3
120659 15
147679 0
125089 13
128519 22
119979 8
131799 23
122229 6
122859 9
131789 18
174039 18
128849 9
125329 22
130129 2
117799 6
128059 23
126260 16
132108 5
121530 2
120169 9
123819 22
124729 8
128529 12
116799 6
124049 5
132799 22
120620 19
127910 4
125130 23
119519 5
132359 13
131019 12
123379 6
134919 6
118459 20
119939 17
132049 14
130979 19
118748 12
118899 21
127279 7
132889 17
124299 2
119489 5
121949 16
138969 4
118259 12
131839 18
134249 10
139350 10
122239 3
114609 5
131029 3
120019 18
124159 2
127289 4
131839 22
132329 20
118099 8
121840 2
129088 15
119589 14
119869 11
134109 22
130469 9
138719 3
119519 3
124049 1
121599 9
121669 12
128930 12
131850 4
128119 3
136159 11
117459 20
126359 23
127729 2
114869 9
130769 11
126969 10
126929 8
135329 22
119639 21
125099 13
117909 10
125979 4
134559 22
125929 22
189809 20
108130 5
111429 17
123239 5
128379 17
130019 3
124959 10
132629 23
130440 11
118739 23
116029 11
127109 8
134629 10
127859 21
140259 16
125399 18
129749 22
121879 10
123969 14
121249 14
119999 4
123228 10
118249 22
116979 7
128969 21
114449 2
141539 0
121879 9
131589 6
117299 21
130379 7
116970 1
143359 19
121079 17
124989 20
127419 6
124949 19
133459 16
123459 11
119049 16
134559 4
121839 16
121909 6
118429 16
130639 10
119069 12
137389 15
128529 17
132049 4
121199 22
122109 18
119799 2
126190 13
130368 19
123840 3
131459 14
141649 3
120799 7
120449 17
135289 16
125689 6
121469 17
127619 11
130010 19
127339 5
135259 6
128830 9
120269 14
130469 1
126239 5
134649 22
165709 5
117449 2
124629 22
128969 13
122999 7
124129 1
125409 11
122069 18
141030 10
115559 2
125800 5
135179 10
139979 22
125699 1
117849 14
128679 2
140209 10
127329 1
123409 2
128619 21
114960 6
135479 17
116299 9
122220 8
142119 17
111599 22
127109 6
132149 23
109299 11
126619 0
128419 3
127080 7
132630 4
114660 12
121619 23
131169 18
120339 13
131799 22
123459 3
129669 11
132339 3
118870 11
128079 2
121388 6
135210 16
120709 1
130609 4
126859 15
128639 14
121009 1
134479 10
119549 9
128329 16
128439 10
126620 9
135328 5
119050 19
115549 22
122229 11
128949 11
117849 10
119319 17
122100 14
117859 9
132259 7
119529 3
120889 13
126649 15
122319 14
114489 10
123479 19
122519 20
132828 18
115859 5
121529 10
138039 2
125309 3
148219 0
134589 1
152109 9
117399 0
124399 16
129089 18
130319 21
127959 4
126409 18
119899 11
189729 8
122829 14
126579 2
126349 19
127699 7
120209 16
112429 16
125579 22
139159 10
126799 4
125639 14
125169 14
143159 20
123529 7
175419 20
136679 15
120699 12
123199 21
122219 22
126369 5
129049 17
130270 17
141488 8
133248 21
125548 5
128490 18
122309 7
126189 4
120389 7
128909 23
124469 2
133179 1
124509 8
127709 2
116719 14
127800 14
129369 3
127199 15
120599 9
133679 15
121699 17
122649 11
128039 14
129699 11
128079 21
124790 3
118408 22
126400 12
123639 21
116249 20
124529 20
121269 11
131109 21
131279 5
117529 10
137990 8
124868 20
125810 22
120819 23
125219 7
124819 1
126799 19
127539 13
132179 3
124279 12
116929 10
125699 23
135739 20
122660 23
125999 1
124049 8
144499 13
119809 2
126299 9
121269 20
116419 22
126530 12
123479 1
124159 20
168218 19
116808 14
122959 5
122139 17
131169 14
123419 2
123019 23
143979 0
116739 17
124509 15
122120 15
125530 17
122989 22
123129 12
123519 11
128939 4
129189 18
126119 21
117749 6
127389 4
139139 14
125690 15
127679 9
131059 18
119070 6
123899 9
118939 7
125589 19
125869 15
121909 19
126759 17
142329 12
116000 10
124999 15
131099 19
123799 17
128319 11
143829 6
121979 19
128789 1
120219 4
126149 13
129579 5
125439 23
121050 7
123628 15
125740 13
134819 18
127079 9
119939 12
119279 11
132489 0
118399 17
130229 16
128560 8
135910 8
118899 12
121869 21
120389 10
129999 13
130819 15
122939 2
133449 16
139369 23
117769 14
131459 20
121529 9
117409 21
136890 13
122730 15
124029 21
131909 17
126449 1
121959 19
118279 0
128499 0
127189 15
118180 16
119320 6
217318 18
119309 20
124539 16
127649 14
118240 4
135570 1
122148 23
132649 6
117669 5
123829 16
127189 1
115719 17
132579 7
123519 2
135579 13
132029 7
128890 5
128939 4
130730 17
119399 14
320697 14
137659 8
111459 21
116099 15
124829 18
125939 9
128839 20
297998 8
129639 3
116809 6
127879 10
152679 3
124319 5
127669 11
122969 23
126629 15
135408 8
144288 17
131948 19
125759 14
129120 15
124029 14
118309 10
146409 8
139719 0
127789 20
127799 3
122649 8
127609 20
131809 23
115529 9
159259 21
139679 16
128219 7
127349 0
119589 6
132039 5
129879 21
140069 4
117769 14
129049 2
123189 10
131229 18
123769 5
130039 10
129349 7
163829 4
130729 22
119419 20
125289 12
128839 12
141639 13
131339 20
123459 4
163138 18
113280 4
124419 4
121669 22
126519 4
126969 21
121279 6
116839 11
150719 17
128399 10
143619 22
126259 18
130359 14
122170 10
120989 9
139629 12
127589 18
114259 11
127479 17
133179 10
121259 17
120679 6
127839 18
153419 3
130189 5
130219 20
132869 2
138759 6
122120 4
125479 19
124849 12
130969 12
136379 14
125659 23
120419 20
122929 6
122619 14
127529 2
122369 10
134250 20
126119 15
131559 7
137128 8
124800 6
127549 7
122739 12
140839 9
130129 17
127829 0
122389 21
119589 4
125009 21
123349 16
119588 23
140719 18
123500 8
133799 13
126779 23
120169 21
131459 19
122089 9
128009 8
135679 14
123649 2
135139 15
125809 9
122868 23
135279 22
120020 0
122379 0
146319 15
119289 16
118899 17
120799 21
128109 3
118529 3
114650 9
131439 2
163319 23
121959 6
124859 8
134699 21
122459 16
124799 0
120089 10
135659 23
138549 20
119059 7
126169 10
115449 6
123370 2
122680 19
121389 4
120309 12
133999 21
126719 6
135729 11
127849 15
111859 5
126680 6
121279 20
142539 21
123879 14
126630 9
138589 5
129319 16
126899 12
124309 5
128399 10
137259 21
136719 5
125719 16
123569 21
117159 0
115939 2
116749 12
126169 6
126829 1
135199 21
116599 4
127309 19
117119 23
129129 20
123819 5
114329 20
130659 11
120089 12
117299 4
122759 22
123179 20
125539 5
132909 17
120889 8
133439 15
106249 16
117179 14
127369 0
121359 6
125009 6
123829 11
121209 1
120219 10
123789 21
118499 20
123979 5
117269 10
118379 8
128199 11
127689 9
120430 7
140288 3
119940 9
120559 5
116529 16
120939 18
120529 21
127479 9
122399 11
168289 12
114409 19
128589 14
121259 14
125479 22
127469 16
128729 18
120579 17
127219 13
119749 19
119589 21
130289 15
127339 23
130759 3
122939 1
124550 13
124419 23
120199 20
121919 20
116129 10
134639 23
128669 6
130059 15
135159 6
115990 22
124488 0
120849 17
116019 2
115009 7
122349 15
124049 19
123419 1
135408 16
115419 12
118769 3
144579 14
124909 2
116009 7
118329 1
117669 10
127689 4
114750 0
122859 21
123619 1
120649 23
131419 11
124899 0
117709 3
134269 19
120659 19
129819 20
126649 23
126139 7
126389 1
119959 0
126099 5
132219 15
111139 4
117669 4
128669 14
120009 19
106530 22
113229 7
112029 23
112429 11
98560 5
106449 12
100869 11
104339 1
105039 20
105729 13
105829 21
100539 18
98069 7
121529 10
96019 5
86199 19
