141199 4
82249 10
99709 7
96619 3
100729 8
115349 9
118659 5
107049 0
93099 5
100960 4
96170 0
94290 8
102029 3
90189 5
92959 1
89339 9
92050 9
86180 1
96209 5
87889 10
95659 3
93939 2
90529 7
107839 3
111859 0
113039 11
87959 6
95289 1
87029 0
87619 8
92359 4
93890 3
93159 10
101989 1
88179 9
91929 6
88849 3
90320 8
97200 7
110409 5
95309 9
98239 10
143569 4
119429 1
115519 1
95330 6
95169 4
91929 11
95989 2
94299 8
95189 6
94410 4
93260 10
113759 3
94049 10
96769 7
94869 9
95109 11
92960 3
99228 7
108339 10
133469 4
128029 3
338017 11
123959 0
110189 4
117839 8
125209 4
94449 0
135129 1
102509 3
110469 8
100639 7
108549 8
102539 1
102129 11
96519 3
120169 9
167218 7
129419 10
127199 5
125389 8
125389 7
117259 10
118749 3
135759 1
146058 8
112699 6
115009 6
122109 8
125429 5
116419 6
95909 11
98129 1
99559 9
123629 8
113249 8
115089 2
102159 11
105109 5
100739 7
120769 10
108439 6
96809 9
119379 10
116449 5
110609 7
102999 2
113319 0
111229 6
89199 3
94180 4
93719 2
94289 2
117259 1
97819 7
96119 3
94239 9
93839 10
97608 3
99549 4
95149 5
96689 9
93669 5
110899 2
111849 5
93299 9
109489 3
102599 9
95450 2
92740 4
100289 2
108199 11
102509 8
108989 5
103789 3
98069 11
96239 4
93649 6
96799 6
98179 8
94909 9
109799 1
117389 3
98229 2
106909 7
100899 10
95679 11
96879 11
100659 1
95979 3
105959 3
96768 1
122668 0
95508 3
97949 3
104959 0
104649 4
100819 8
110039 2
100319 11
108749 10
135749 3
138038 7
112199 1
105819 10
103030 10
128350 4
112150 2
108359 8
103050 8
125399 4
98230 3
107739 5
124449 4
126209 2
119129 11
143579 3
131059 8
143478 11
107129 3
135288 0
117709 7
103029 7
117829 0
136059 0
107799 11
120299 8
124239 10
124179 7
100860 1
93489 9
99299 6
106709 7
128489 2
122589 10
96839 5
111419 8
104269 10
116279 6
127729 4
123969 11
119328 7
121129 6
106209 1
115089 11
104589 1
100499 0
102470 2
103070 3
96089 10
93979 4
92749 7
99949 5
95519 7
111699 7
100819 2
104139 6
97079 5
96719 3
102919 6
98609 3
109769 7
104319 5
95039 11
135519 11
94469 11
96309 0
97719 1
104219 5
100928 5
93390 0
93799 11
96659 10
96909 3
137019 9
99309 7
96179 10
97199 0
124739 10
110739 7
93879 7
94659 5
103979 11
95059 11
155768 2
95559 1
102809 6
93949 7
98870 4
94830 7
91989 10
99709 7
108569 1
125699 11
276677 3
102049 7
101950 1
97399 4
96650 0
125008 4
129799 2
112419 0
126039 10
103889 6
124509 8
124209 6
100929 0
106479 0
109189 2
129839 3
107929 3
126819 6
132849 6
110229 3
109969 0
124788 10
122239 5
134438 5
150709 7
123399 9
117439 6
118379 1
125058 1
116339 6
138968 2
128709 0
113839 5
123659 1
124469 8
122719 7
128088 5
108059 11
114808 10
103930 1
114039 9
102570 5
114710 2
133738 6
124359 4
130029 6
127129 8
121509 10
117659 11
93379 11
97429 7
105009 3
108399 1
95339 1
96809 6
92419 6
96909 5
96339 5
109209 2
95699 4
101979 1
96759 11
93449 11
98459 9
101579 7
103599 8
101539 10
95429 0
113519 5
97649 9
115079 10
98599 5
98169 10
97419 0
99719 8
95510 3
103359 3
93740 5
160618 9
95939 0
93250 0
91520 5
98759 2
115729 2
100309 2
97129 11
101759 4
103309 7
98429 2
90559 3
97640 1
99939 11
95780 2
93399 9
92749 0
99519 3
90859 2
88510 11
106359 6
93429 6
90879 3
101389 0
94589 0
93489 7
106729 7
124219 10
118569 5
108009 5
107219 5
92419 1
108249 9
123839 7
99389 2
123159 7
115439 4
112229 11
115899 9
142899 3
139018 6
117670 6
126578 3
119029 4
120169 11
133589 8
132989 6
112429 0
116719 11
104029 6
114279 2
106349 1
114719 7
119308 4
111570 9
119670 11
119439 10
127108 1
131979 9
125139 10
125369 8
95839 1
94959 8
93929 6
115909 3
111989 7
112399 4
118209 8
119109 6
104199 3
98749 8
93129 1
107159 5
101948 8
95059 8
93199 4
97159 5
108629 0
102119 4
92769 1
92570 4
105468 2
107130 8
113419 1
93669 0
91419 5
91439 7
99909 3
106509 7
96709 5
99199 6
111339 3
96499 10
145848 5
106369 9
114719 10
108179 2
91669 11
92399 3
94359 9
100199 2
103679 11
102639 11
103839 7
92749 8
106019 7
109869 3
98269 10
94319 5
95190 5
93449 7
93039 0
95459 0
120929 6
118789 2
125029 7
105549 7
96019 7
94879 11
103919 5
116479 5
103179 8
113969 3
93259 9
96399 10
97159 6
106028 8
97959 10
105419 11
119088 8
145979 5
151279 7
122769 10
143549 11
113148 0
125648 3
148159 6
163769 1
148348 0
136619 10
121139 5
122889 8
125998 9
133658 2
113959 11
111789 9
110139 1
106289 4
119759 5
123539 5
112769 11
127329 9
113739 11
112119 11
113069 1
123769 9
117019 1
116959 7
113089 1
121709 4
131948 9
118978 3
116879 1
138819 0
113509 7
147349 0
111289 3
113229 11
119158 11
102849 2
113839 10
114068 10
114008 0
94089 9
93629 3
91289 9
99539 10
96389 2
107899 6
101909 9
99430 4
96170 1
161849 4
94789 11
106489 4
102829 6
101100 4
102788 2
106530 9
112888 7
103499 1
109150 0
94959 11
96099 0
95489 10
99099 7
107849 6
97299 1
101159 1
89379 5
104339 1
110779 9
108890 9
92639 1
91409 3
101659 1
109449 2
105339 11
96979 3
91309 0
96790 7
109619 0
106548 10
128968 10
120599 4
102029 10
113909 7
111359 0
98740 10
98510 11
108548 2
100640 4
99339 3
104409 4
95729 4
93479 3
91739 8
94350 8
101419 1
99550 5
136099 0
116879 8
109329 8
119759 0
102539 11
106329 7
119669 5
111939 4
96819 9
118929 5
122359 8
120199 2
151539 1
134958 5
127259 8
121038 11
106810 10
112050 11
114339 6
105080 0
114038 8
110749 11
99709 2
110028 1
115999 2
147058 7
116269 5
134799 4
135088 10
113219 4
96970 0
106719 10
126058 7
127230 4
163178 7
131549 6
118849 9
149818 8
143899 3
128929 3
114279 8
150908 0
112579 1
103650 9
108970 6
122699 10
125089 10
114549 7
115659 3
119899 8
138599 0
120169 11
131998 6
129739 9
122408 11
127839 9
129509 0
142879 0
130039 10
102599 0
104969 10
114049 4
120410 10
98519 1
116788 6
112959 7
117468 6
101010 4
100519 0
102139 7
96119 10
90959 10
114229 2
114439 5
99869 11
91539 11
112789 2
99579 4
91579 6
96228 6
92629 3
97599 6
120029 7
99419 7
95199 2
92509 10
103349 4
93569 6
99368 9
93249 4
104879 0
100009 9
96979 1
98949 0
93859 2
94429 7
107629 11
95139 9
95529 0
97529 11
103019 9
97139 5
97699 2
95329 6
94580 3
91259 11
111799 3
101629 2
130909 11
125608 6
118459 11
126349 3
110089 5
114179 10
146839 1
129099 9
128799 3
113830 10
112030 0
122849 1
98249 3
105750 11
131849 6
129379 8
98269 11
118769 11
119459 6
122809 3
131509 2
119569 0
116119 11
141918 5
118409 4
114569 10
129969 9
136579 5
131199 5
142408 9
148269 2
138659 6
123999 7
123768 6
127509 4
134889 11
132049 11
119129 6
120829 9
145039 2
106510 4
113828 2
113348 8
94359 11
101559 9
96859 7
92439 9
98059 1
114839 8
97179 9
103729 8
91569 11
102560 9
91790 2
110379 8
113239 10
100090 7
95339 0
106689 1
91239 4
116839 8
96529 5
94689 2
99849 3
94250 3
98650 4
105330 2
96319 4
101349 5
92389 3
91089 4
95349 7
101690 1
114199 9
97948 7
91340 1
100189 1
100939 0
133289 6
92969 2
94379 1
92489 10
97249 7
89919 5
95510 5
124428 4
121810 6
122348 7
102009 9
97988 4
100079 3
96149 4
95289 0
91749 4
97539 10
103339 10
93890 2
85660 3
104669 7
91009 1
97769 3
118249 11
99889 9
98959 2
107589 11
92299 2
100639 7
155619 5
121099 8
128209 1
129199 1
127910 6
127849 4
132859 4
137589 6
119969 5
126158 10
122490 6
128469 11
132639 0
128589 0
125989 11
130928 2
145269 9
129719 4
123209 8
134979 8
131918 10
118748 3
120708 11
143409 7
110889 0
117529 4
128869 3
139839 11
130988 6
127128 9
137089 1
140629 10
108259 11
113749 0
123379 4
119598 7
131188 1
143249 10
129619 6
137419 9
125829 7
103868 4
99320 6
100379 9
102549 6
106139 1
116019 7
101609 9
114839 8
100469 2
96929 5
91779 6
96979 7
101708 7
89790 11
97829 7
100919 7
102979 8
120649 0
96419 0
89819 7
96550 10
95810 1
94140 5
95629 1
97679 5
106789 7
95769 7
96549 8
98569 4
119609 8
113279 0
97289 10
103170 9
110719 6
121219 6
113399 4
99229 6
103850 7
93299 9
94060 8
96119 4
92719 0
91339 4
92149 5
93950 1
92330 8
96719 11
108929 7
98829 0
99129 1
113239 11
135589 4
133209 0
133239 8
121189 6
118529 11
145969 1
109779 5
118869 9
104269 8
101209 8
108209 3
102849 9
94279 1
99569 5
105889 4
94759 6
136219 0
131029 4
130629 10
139349 8
140068 2
134589 8
136129 0
124899 1
123379 2
136008 9
130648 2
127379 2
116879 5
120989 6
109259 4
120109 8
104519 1
97499 4
100999 2
94169 4
104299 2
123499 2
141499 5
134799 8
119919 10
119949 10
109448 10
122539 0
125139 10
128739 5
144809 8
135519 8
134368 2
131559 8
123309 10
127369 6
135439 5
135438 4
138448 2
113789 3
105589 2
108519 10
113069 1
114789 4
96870 1
97650 4
101510 7
122209 0
112770 11
92989 1
93139 4
101119 1
109499 11
97919 5
107109 10
129619 11
128989 3
97669 3
115929 5
105979 5
112999 6
118569 8
114859 0
92209 5
105069 4
99269 7
119659 3
138339 4
104749 11
107429 11
130778 5
119039 10
100799 10
90560 5
128888 1
96040 1
102569 2
107059 6
100509 7
92879 11
96269 2
96939 4
97200 11
92699 5
108359 9
93179 3
101819 2
108019 0
103199 6
90999 3
93819 2
99270 4
98690 11
99939 3
102129 1
99649 8
101349 9
96009 2
101079 11
92989 7
94239 5
97179 4
97668 1
93150 7
102639 8
129499 8
132708 4
143978 0
136469 8
137879 7
143268 3
137729 1
155099 1
139248 2
