349987 1
237898 3
214479 5
203458 1
176459 3
192318 7
200459 8
392957 10
197248 11
209429 3
221718 8
217078 8
218249 11
218068 11
206288 7
205268 8
215618 8
227319 9
220148 9
203538 9
198359 8
222928 2
204418 2
216899 8
210498 11
240779 7
246389 1
204089 5
203368 2
234458 6
236158 10
196109 3
197778 11
218898 0
215908 4
251628 7
184578 6
204739 6
221968 7
205809 0
232909 2
196558 6
266148 9
216129 8
270937 0
222569 10
222918 6
195188 8
219828 8
236768 2
210499 10
294088 10
224509 3
234539 4
218728 11
205429 11
207598 11
260998 4
216258 3
207309 11
238678 4
224528 6
219189 7
193039 5
201219 6
230069 5
249538 4
191428 11
230529 10
195218 11
219959 9
229748 0
247278 4
223848 10
233698 2
231668 10
229699 6
193368 8
217619 3
213658 1
234938 3
211809 9
228008 5
233378 11
250168 4
212419 4
229429 11
213448 6
228518 4
10258602 9
206859 4
194318 6
210899 8
238358 9
219308 6
198429 8
223018 5
208918 10
258218 9
194219 9
195348 2
202709 1
219058 5
229979 1
194379 0
192629 6
196068 0
226928 2
199439 8
203208 0
192979 6
223638 1
226188 5
216329 9
179318 4
225459 11
219739 9
201018 11
189579 8
231448 8
224288 2
205959 5
186858 11
191309 10
221928 6
233858 2
246098 0
216118 11
209628 10
216809 0
229008 7
202278 11
198989 0
234878 2
216159 0
203309 4
10256662 2
219518 11
225238 0
205739 5
218348 2
197829 11
208228 3
202878 2
217618 6
252158 4
215608 4
213639 2
234488 4
268168 2
196258 4
210469 7
220598 0
212439 9
238718 1
207268 9
232298 11
217909 4
232138 6
231958 4
214729 10
241578 11
209879 7
201548 11
204948 3
256548 0
227878 7
246558 8
221389 0
202868 7
195689 1
198678 10
224379 7
206399 9
218828 5
219078 7
196778 2
239808 11
213879 11
216919 4
247058 10
11223505 0
214788 1
204418 10
195579 10
202478 5
211259 0
189558 9
198139 7
193078 6
205298 10
191678 9
186309 10
194228 11
209299 4
205668 9
219368 0
192739 8
201678 11
204539 0
194888 1
231388 8
196078 7
199828 4
198679 8
227718 8
194079 2
192088 0
188049 0
195109 8
230939 6
212718 9
196679 2
199339 8
209388 9
219798 6
1126611 6
199369 9
200098 1
187849 10
207698 3
10240392 2
206218 9
219438 11
217018 11
258658 7
228528 6
221309 9
240178 6
246498 1
251098 5
257418 5
253328 10
250638 2
218069 7
222498 4
264128 0
272058 2
218598 6
235799 8
240869 1
235659 3
248758 8
169319 4
182778 0
188979 9
190269 5
220759 6
164778 9
217699 2
176909 8
189219 2
237408 9
190819 0
191148 0
199279 1
222438 5
229568 8
204419 9
203228 0
212918 10
243729 9
208708 7
211208 0
216098 6
205848 5
10230822 9
187079 0
207258 7
209549 4
226958 5
217818 10
195389 3
207238 2
236939 1
208758 3
212998 6
208169 6
196538 5
184199 2
231628 7
205588 8
182459 8
210958 10
219409 2
207688 11
211488 8
204758 1
208448 5
205199 11
223398 5
211478 6
196628 9
213418 10
196739 4
217298 4
212468 5
199438 6
204549 7
218289 6
183448 10
228279 7
221548 7
221098 3
217308 11
219168 0
208479 9
238319 1
202378 1
225858 3
193229 2
204288 2
187409 7
197449 3
10199843 2
202018 5
202189 4
198468 8
204398 6
220839 6
210748 1
199329 11
194328 0
238308 8
196079 9
191058 7
222739 5
210478 4
214758 6
185188 1
218068 10
202798 6
199379 11
222469 4
218928 1
209708 4
205018 0
205438 8
209979 9
193708 0
212678 3
218228 10
197408 9
215989 3
215038 11
195669 0
194308 6
199759 8
221628 0
176599 6
210708 3
234428 11
247128 5
185839 10
225058 10
210219 5
197098 9
205358 8
196989 0
205139 3
200739 11
206428 5
11240495 10
215318 11
203318 2
212519 7
239318 8
236098 3
187559 10
217628 2
204269 7
213528 0
180659 7
210868 0
195089 8
176519 7
196599 11
214598 1
194578 3
199448 1
201338 9
244679 10
171358 7
199329 5
229388 9
199079 0
204778 7
182669 10
188598 1
177019 4
189279 11
227549 4
186798 9
208029 7
223068 11
189239 11
218658 9
185878 6
190179 3
197999 5
186818 6
233588 1
190359 10
193498 7
206999 2
186508 7
10192403 10
182138 2
193759 2
208358 1
193149 10
216478 8
183909 10
190558 4
200949 2
218388 5
217399 5
199649 1
214988 0
191409 3
172469 0
203479 7
205098 10
196989 10
202768 3
216849 7
213578 6
215049 3
200859 0
204018 4
214679 3
222488 11
213528 7
204899 8
197048 1
197649 0
216818 3
199109 5
193419 3
204359 2
202848 8
210328 7
213629 8
211608 11
233528 6
239208 11
204939 9
201068 3
209418 6
210568 10
231609 9
158959 1
165819 11
175659 8
169388 8
157349 1
11165185 3
122839 4
121599 0
118479 10
126109 11
125580 0
121379 6
135399 0
119639 2
116319 6
120799 9
119289 7
119429 6
118169 1
116899 7
115799 7
129589 6
126989 6
122369 7
120099 9
129699 1
117128 5
124029 10
113529 2
135499 0
120829 6
116959 1
117379 6
120089 5
120619 3
135069 11
119799 5
134909 8
133359 11
116809 9
119459 10
128119 6
118750 3
123210 11
127350 5
117259 9
124239 8
115759 8
116669 0
110779 4
118489 6
118679 3
112090 9
117459 6
129448 7
166149 7
115389 10
118699 7
120879 3
120579 7
118189 2
120609 11
123229 8
114659 8
117269 9
114809 7
120679 4
135189 0
116219 0
112739 1
122839 4
118759 0
120059 4
117139 1
114449 2
118929 1
125809 0
127039 4
11125545 2
81079 5
72569 4
69350 1
67909 1
68850 10
71239 10
72300 2
77109 7
76749 6
71480 6
70119 6
69450 5
71599 0
81380 1
74389 4
76550 0
72880 5
70040 6
70180 11
73659 6
73010 2
71809 11
78569 2
70660 1
72210 1
68050 0
74939 5
69610 7
70709 11
69380 2
80759 4
73580 6
72089 11
70820 5
69359 11
71069 10
71129 5
75499 10
74210 11
71899 5
80480 9
70009 9
70819 11
72620 1
70780 9
74299 1
69130 8
69250 3
69709 3
70700 7
77459 10
70670 9
77639 11
74779 8
80749 7
67179 7
68110 0
71879 0
73550 5
71129 6
78290 8
69059 7
69419 2
68399 10
69749 1
70660 10
73409 2
73070 10
81819 8
71330 6
73339 7
68109 0
71830 2
74780 1
70750 5
74199 6
73170 2
72289 1
70520 7
69799 7
74670 2
72739 11
82790 2
72379 4
69109 4
69479 8
67799 8
67900 3
74359 11
70540 1
74069 1
69400 11
75529 3
71159 2
70809 2
77189 11
70990 5
79249 9
71690 11
70379 4
72030 0
69269 0
68420 4
71450 11
74010 10
83089 2
79879 1
75789 3
71180 11
83979 1
70260 11
70629 10
73400 3
75959 1
72620 2
79519 3
74949 10
69389 7
70019 3
70969 7
70519 6
71540 1
71529 5
88439 4
74630 3
70100 11
73649 0
73220 9
72330 7
73269 1
74040 10
75919 7
74669 10
68269 8
71559 10
69389 10
79430 11
68109 5
74359 0
71320 9
69029 10
70060 2
70289 5
77179 1
71999 5
73589 6
79280 0
70849 9
70830 9
71139 1
78340 5
75490 4
71739 11
76450 0
68659 1
68310 2
72379 10
67830 6
73409 2
70230 11
74439 10
71980 4
71120 5
66860 3
77369 6
68060 4
72589 4
71769 5
73920 4
72069 3
71520 10
68870 7
68589 8
74799 1
76229 6
73030 7
75899 2
79680 8
71089 3
70619 0
68729 11
73109 7
73520 10
74549 9
72690 11
70979 4
69870 10
70689 2
69450 5
72669 10
71229 0
83079 8
71270 4
74929 6
72129 5
69950 10
70959 7
68530 6
71059 1
69220 11
70669 5
71040 10
69540 7
70770 2
76879 5
79579 1
74910 9
74039 1
71350 6
71509 11
69430 11
73699 9
71039 10
73419 6
76419 1
69290 10
71629 0
69280 11
69629 11
77370 9
73260 6
75029 11
69189 5
69129 7
69820 11
69129 10
71440 7
73069 3
73850 11
74329 1
73000 2
68719 4
69669 3
78759 5
69819 9
73300 3
74819 9
71430 9
69369 1
70420 1
72419 3
72960 1
69700 7
76430 3
73229 11
69989 9
70130 6
83129 3
73850 7
69319 0
74770 10
77700 8
70449 1
73800 6
69399 6
73450 3
71269 1
71310 6
71770 2
74130 2
11097216 7
81789 10
78620 6
72259 4
71650 6
71799 2
74030 9
73970 11
78729 0
76350 9
77039 8
75379 8
75390 11
76490 2
71419 4
76869 11
74400 0
70619 5
74050 7
72239 7
71169 5
71779 0
74609 2
70600 1
71789 8
72560 0
71309 11
82410 2
72870 11
73189 3
73020 11
75539 5
72300 9
73819 2
72740 7
70269 2
77639 3
75769 0
72770 2
70790 0
80879 11
69990 9
73099 8
70440 8
71769 4
71350 1
75580 0
72499 10
71659 6
71559 1
71290 8
68679 7
75590 1
70659 0
83520 7
74819 5
72500 2
69519 6
71239 3
72830 7
73009 10
72110 7
71789 5
79370 5
82829 0
76199 10
73190 11
73559 10
79000 7
71120 7
73010 4
73610 9
73869 7
68160 6
72989 7
70180 10
74339 9
72629 3
72540 6
69279 0
71440 4
78080 2
71750 1
73569 8
73990 3
74449 2
71280 6
70259 11
69740 3
72359 11
71990 8
72980 3
74419 6
72620 8
70849 5
75560 2
75349 6
72580 6
74729 5
74340 0
73259 8
72999 2
71850 7
71369 1
72450 8
71959 6
73640 6
73900 7
75429 0
89770 8
70179 9
71600 1
75209 0
72330 2
74660 3
71839 2
71950 2
69729 6
72010 11
74059 4
74690 5
73389 1
10081083 6
72270 4
74439 1
72660 8
70630 4
72079 10
76220 9
74549 1
76910 7
81049 10
83299 3
75349 2
70179 7
81639 6
75949 6
74620 7
74369 5
71850 11
73130 10
71179 7
74290 9
71749 11
73540 6
74479 6
74840 8
69030 2
73110 7
77999 3
73229 5
71040 0
73849 1
69400 5
73869 3
71059 10
72799 9
71790 11
71830 7
76549 5
76600 7
76689 1
71160 2
73719 1
71929 11
72079 4
70470 6
77530 1
71549 3
71760 7
74609 3
102459 2
74650 8
69759 7
78550 2
73179 5
77880 3
71459 2
74839 3
70339 5
71059 2
72959 6
73779 1
71990 0
76349 3
75440 8
71030 0
69000 4
71700 10
73929 9
73980 2
72839 5
71600 7
74299 6
73859 4
70049 7
72960 8
73280 10
72559 3
76330 6
73169 8
68760 11
71959 2
76490 6
77890 9
67870 10
72520 1
74409 8
72250 10
72979 0
