9409 6
339637 6
8040 1
630 5
7650 3
6690 7
8580 3
4420 6
5059 7
6000 3
4900 3
5230 7
21170 1
9800 2
24320 6
389 5
7640 3
3789 5
7240 6
4850 0
5360 6
5730 2
5830 0
9360 3
9500 3
770 5
566394 4
400 5
9960 0
3810 2
5979 3
5231 3
300627 4
18270 1
330027 4
4789 0
304467 4
430 5
7620 7
5680 7
12890 7
9670 6
5130 4
330 5
6719 2
3920 6
6180 1
5670 0
6530 7
310 5
14640 7
9300 2
6040 2
5430 0
300 5
4920 4
49629 2
462765 3
460 5
290 5
7300 7
430 5
4000 4
6770 0
5210 2
10860 2
6500 6
4400 4
8940 6
12290 1
5989 6
9370 2
4830 4
72320 4
6120 7
6440 0
320 5
5009 1
4600 2
7990 7
5270 4
310 5
3240 3
7230 6
4790 1
13010 1
300 5
18380 1
8580 0
5491 6
4420 3
7000 3
300 5
8920 1
4350 6
4390 6
4330 0
6850 6
3450 3
350 5
4030 4
3450 6
7330 1
4980 3
4550 4
5940 7
9060 7
10640 7
10150 7
3850 4
2960 3
3160 3
3370 4
3630 3
2900 3
3560 5
289187 0
6200 2
8240 0
4910 7
7410 1
4300 6
5060 3
660 5
16469 1
4890 3
310 5
281357 0
4370 2
5100 3
9450 6
3630 3
9010 1
3320 3
6350 1
8700 1
6480 2
4720 4
7119 4
5371 7
4211 2
5329 3
5230 3
5050 3
10470 7
4920 2
7240 4
3800 6
3830 4
5280 7
2910 3
4110 7
8780 4
3650 3
6719 1
4649 7
4949 6
8031 2
3649 4
9850 4
8410 4
8090 4
11450 6
4710 3
8080 0
320 5
4680 4
4990 3
4120 1
5209 3
6860 1
8080 0
4040 7
2620 7
3560 7
5130 6
4300 1
5030 4
4250 3
330 5
4370 4
301467 0
4660 4
330556 1
3910 7
4670 0
3260 7
5540 6
3230 7
331336 1
4020 2
5260 2
3700 3
8820 7
320 5
8110 7
10930 7
5210 4
5890 1
4860 3
6439 7
9360 2
6751 4
4919 1
8920 1
5030 0
350577 7
5549 6
352927 7
6280 0
4489 6
3620 3
4560 1
21160 4
4800 3
4720 1
8240 0
4030 3
6520 4
10170 1
6700 7
3429 4
309677 0
4650 6
310 5
6660 6
11560 1
3970 3
5400 1
4250 4
3760 4
3860 4
4560 0
6210 6
4449 3
5700 2
6491 6
6250 1
330 5
4450 4
6410 1
5390 0
415556 7
310 5
300 5
3980 2
8289 4
6491 2
5469 2
6430 2
3290 3
4990 1
320 5
4940 2
5680 0
4730 6
272687 7
4290 3
5570 6
5250 3
6340 6
5250 3
4510 2
4240 0
3240 3
11059 0
10249 1
2940 3
4560 3
4640 0
4810 6
4020 3
3750 1
6330 1
4940 3
8770 4
350 5
9920 0
6680 1
9330 7
4219 0
6111 2
320 5
4540 2
4280 3
6500 1
4130 1
310 5
4730 4
3570 3
9510 2
4740 7
7440 0
4640 7
9010 6
2580 3
4700 7
5420 4
328176 0
33300 1
4650 7
5990 4
6139 0
5020 6
5491 1
8151 2
5749 0
10620 4
4440 0
8640 0
3570 3
4620 4
337176 0
4090 1
7210 6
5400 3
6210 4
4990 7
3250 5
330177 0
5920 1
4530 4
470 5
5970 3
360546 7
5920 1
7800 6
350 5
15440 6
6330 1
4490 3
6090 4
6170 2
5460 3
635983 7
12780 7
5930 2
7680 0
9280 2
320 5
321117 7
5420 0
6480 0
5540 1
5410 6
4770 2
331 5
5589 6
11231 1
5849 3
4220 4
5910 4
4140 2
16060 7
6370 3
6920 3
7860 2
11100 3
8090 1
8309 1
7651 7
5200 4
5920 0
7790 1
5490 2
5010 4
5520 6
5340 1
4480 2
7220 1
4250 2
4580 0
500 5
4460 3
550 5
10630 6
4749 6
3960 4
3131 5
3571 3
301096 1
6820 4
5630 0
4650 2
7580 0
320 5
6220 7
4840 2
5230 6
11079 6
5869 6
4760 6
4600 6
4809 2
5440 0
6630 3
8170 0
3420 2
4680 3
6310 3
8260 0
6310 3
4610 2
4660 3
4540 1
7759 6
271 5
4580 0
5589 3
6240 2
5359 1
5690 2
4680 1
6410 2
4380 4
4440 6
5810 1
5820 1
6540 3
4740 0
3660 4
148458 7
8260 1
4470 4
330 5
5260 4
5520 3
330 5
5920 3
420 5
6320 3
6350 2
7910 3
5230 2
7529 2
8100 7
5729 7
304927 0
4810 1
10990 6
3470 4
4660 0
6000 4
270 5
5579 0
5369 3
18300 7
3890 6
6040 4
320 5
6230 2
6230 3
270 5
340 5
320 5
5150 6
253017 0
12630 6
8090 6
12780 3
5120 0
3500 6
5040 0
5850 3
8549 3
5051 1
4129 7
6891 6
4949 3
3010 6
5120 6
4400 4
3930 2
340 5
4550 3
2840 3
3560 6
4110 1
2770 4
260 5
4440 7
3030 2
4970 7
4050 4
3920 7
260 5
3500 0
3850 2
5359 1
5571 1
369 5
8740 7
3351 2
3879 1
4340 1
4030 2
6090 0
4270 3
3510 3
4460 6
2990 0
3420 1
3670 3
4160 7
5039995 3
5810 7
4380 4
7300 4
6440 2
5200 4
7980 7
7690 3
6560 2
5580 7
10500 3
8560 2
2820 4
5579 6
5160 2
9820 3
4440 4
143968 0
5349 4
4671 6
9299 1
11930 7
2850 5
290 5
5990 3
10410 6
4080 1
7060 7
9650 7
6120 6
7990 6
4819 2
7291 7
8049 2
215488 7
4450 4
7010 3
7730 4
330 5
10750 7
310 5
4160 2
2530 5
12710 3
4140 1
9820 6
320 5
4800 4
6020 0
280 5
5710 2
224848 7
5490 6
9350 0
3910 2
5020 3
10440 3
569 5
5080 4
4310 7
4450 7
5850 4
7070 3
4580 1
7500 6
330 5
17170 1
6380 6
4660 0
370 5
7529 1
5231 6
6829 2
280 5
8460 4
7450 3
5000 4
6920 1
3310 4
8260 6
4770 1
5600 7
7540 3
221717 7
10210 6
3780 0
4270 3
300 5
250 5
4850 0
8720 3
7500 3
4440 0
6540 0
4660 6
4690 3
7040 6
320 5
4780 4
155398 7
5720 0
4590 7
3580 0
4300 0
3830 4
5740 1
330 5
300 5
3400 0
6900 0
11500 4
6479 6
8110 2
7790 6
6270 7
5910 6
5760 0
5250 6
4390 0
3430 4
11250 7
3260 0
134188 1
8120 6
14300 3
5180 0
6420 1
6330 7
6910 0
1190 5
550 5
5230 1
9200 3
2640 5
3789 0
8179 7
5280 4
570 5
2560 5
5600 6
5070 0
10430 1
7020 2
4830 1
39813508 6
730 5
6930 1
5960 2
6620 2
5990 0
1250 5
141788 3
310 5
4080 4
350 5
6340 0
6570 4
5170 3
4910 0
10610 6
8150 2
4620 0
4710 0
5590 1
11399 0
5531 6
8889 6
290 5
1033439 4
530 5
8190 0
7070 4
5890 2
6120 2
5920 7
6380 6
3820 3
9140 4
5871 1
5409 7
5880 3
8960 7
4040 2
7680 7
3600 1
7990 6
5750 2
6120 6
14960 0
5589 7
5800 7
5391 1
4511 3
11710 4
8330 2
5000 1
6690 7
4300 3
11160 6
11730 2
14470 6
5390 6
7349 4
12630 6
10800 6
4680 6
3560 4
8000 4
340 5
6350 7
210668 1
6200 2
4270 3
6080 1
6609 2
7850 1
14650 0
123239 3
5020 6
7580 2
8190 1
4920 4
7900 3
8569 7
7729 4
6800 0
4030 7
10060 6
330 5
7380 7
7060 0
125458 1
5669 3
5511 0
7680 6
12460 6
5310 4
7790 6
6540 1
5900 3
4980 2
9230 2
5080 7
5810 2
4890 3
20620 3
5899 7
310 5
10210 6
10170 2
5040 7
5790 7
5020 4
8700 4
10000 3
500 5
8530 1
5200 0
5900 3
19499 3
4660 4
4730 5
4650 0
11140 6
6980 0
7740 2
8550 7
4330 2
6070 3
6040 6
7280 6
6269 7
4100 4
6859 1
13440 4
5580 3
5720 7
5680 3
8290 7
420 5
6200 0
6150 0
4740 2
6100 2
6000 2
5010 2
11169 4
3960 3
8390 1
14620 6
5210 7
4850 3
5590 2
11570 2
7730 1
6010 4
4530 2
6029 3
10651 0
8100 0
8969 3
290 5
5950 2
250 5
5540 0
7530 2
15060 4
3940 2
5570 2
6180 2
106518 0
320 5
11491 1
311 5
5711 4
21799 4
5200 6
4270 7
5790 0
6210 6
4790 2
3330 4
14210 1
115498 0
5180 4
340 5
5510 1
6050 4
11950 2
9300 1
320 5
5940 6
5400 1
4340 3
10610 7
290 5
5860 4
10790 1
300 5
5440 2
6591 2
75659 0
7420 4
289 5
4020 4
7391 4
5539 0
290 5
6740 6
4790 7
9950 0
6350 6
7590 1
7960 1
15780 7
27589 3
7120 3
4830 4
4320 0
4210 0
5770 1
4150 7
6650 3
4680 1
9000 3
5920 2
7000 6
320 5
230 5
5500 1
6219 7
5931 4
6109 2
5949 3
4610 4
10430 6
4470 7
4710 3
350 5
6450 4
8380 3
4290 7
5930 0
6670 6
5080 7
6100 7
6780 2
5500 0
7920 4
290 5
4580 0
240 5
5130 0
5080 0
8240 6
6660 7
5480 7
5150 1
280 5
6180 4
12480 6
3800 4
7869 1
7211 6
5180 7
4809 7
5949 2
5040 3
4770 2
310 5
4370 2
7730 7
5820 6
3320 3
6100 6
3270 4
5780 3
2860 4
3980 7
6460 4
310 5
4050 4
8370 1
6889 1
6131 6
2709 7
3700 2
3770 3
3330 2
300 5
4850 2
5090 3
5140 1
5830 6
2970 3
6350 6
3880 4
5030 1
4680 2
3480 4
4500 0
2880 4
3969 3
3051 3
5129 1
4331 4
6200 6
4389 1
4870 2
4680 0
4150 1
5140 2
4780 7
5220 0
9990 6
4440 7
4170 1
350 5
4150 4
6960 6
3870 4
6010 2
5960 1
7160 7
3620 4
4420 3
3580 4
6480 6
5590 2
2960 4
9610 6
6190 7
4820 2
7200 1
9730 6
320 5
8030 0
4299 2
4031 0
4920 1
4180 0
3460 0
3319 4
2950 4
4700 7
5570 1
5010 6
4050 0
290 5
280 5
6130 1
5550 0
300 5
230 5
3790 3
3990 4
5660 6
270 5
4310 0
3940 7
4640 0
5930 1
4589 2
4611 4
4411 2
6140 1
3149 4
3440 2
6680 7
5070 3
4540 6
4130 3
330 5
250 5
3910 3
3770 7
3130 2
5330 6
3830 3
3690 0
3530 3
270 5
4450 1
4990 0
3720 2
6559 6
4191 1
5500 1
4549 0
3589 2
4970 6
5200 6
3380 2
4570 2
3920 7
4510 1
3460 0
4110 0
4670 3
4170 0
4280 7
3270 7
2340 4
4950 0
300 5
300 5
4830 4
4890 7
3430 4
5049 1
5860 7
3351 7
4700 7
4719 6
300 5
3960 0
5860 1
4520 7
220 5
3120 4
4980 3
4800 2
4100 2
4560 0
290 5
3260 4
17290 1
5012165 7
6020 3
7210 6
13750 4
7770 1
29090 7
390 5
6030 3
440 5
5680 0
9389 3
8120 0
5720 1
6560 1
21750 1
4620 2
3890 2
5380 2
4160 4
4700 0
13829 7
4069 6
5691 4
4449 2
10039 3
5890 0
6250 3
4340 6
6800 6
350 5
5170 1
3850 4
3284604 7
6520 2
7980 7
5930 7
6880 2
6510 2
4560 7
4690 2
4590 4
6000 7
5110 2
10289 1
4391 2
65859 3
5590 6
5170 0
7849 3
6520 7
6851 7
7659 0
4360 6
7090 0
15670 3
7230 4
5210 1
5100 4
6140 6
3970 6
6200 3
320 5
1241746 7
6990 6
5350 0
4630 4
8180 2
3330 7
320 5
7320 1
5360 2
4940 4
16670 2
5620 2
3720 2
411 5
4029 4
4390 2
8010 4
6090 4
4530 6
10090 0
3970 7
5080 7
280 5
5160 1
7650 4
4910 6
290 5
63929 3
4620 6
330 5
6020 3
5370 3
4470 7
3540 7
4370 7
4920 4
300 5
5290 6
4270 0
6349 3
4380 2
4980 7
3649 2
3970 2
5020 6
4470 3
5500 2
4450 1
3850 7
4730 4
4760 6
5600 0
5790 0
6470 3
5340 2
310 5
4550 3
4670 4
9739 1
5631 0
3609 4
9160 6
6880 7
320 5
85729 0
3700 2
6710 3
4070 2
10650 6
3170 5
2650 4
6290 1
5250 3
4320 3
4920 1
5100 4
4510 7
6600 1
6200 4
3329 2
3860 4
5220 1
3800 3
6250 7
5190 4
4610 7
320 5
6360 0
4020 0
5870 0
4600 0
340 5
4990 6
10470 4
3810 4
8280 3
4519 7
4700 2
6240 1
5739 1
5060 6
4290 2
5170 2
5420 1
6230 3
5080 7
6720 2
5890 7
10260 3
310 5
4170 7
3910 2
4500 2
3240 7
5540 3
11040 4
449 5
6130 1
4090 4
610 5
760 5
5420 1
5970 6
6050 0
5540 1
7390 6
6720 3
8630 0
3860 2
9870 6
3550 6
4999 3
3520 7
3980 2
5520 0
4450 2
8580 0
5300 3
5400 1
6570 4
5520 2
5120 7
5500 3
2900 2
4140 2
4550 6
9180 4
4350 1
3270 5
4049 6
8340 7
289 5
4000 2
4129 4
3610 2
5960 1
8150 3
5680 6
330 5
5410 4
7950 4
4840 6
7210 4
6740 4
5190 0
4270 1
17169 1
3600 2
300 5
4880 4
7300 6
5810 2
17230 3
4490 6
340 5
6570 6
3410 7
5210 3
4320 7
4760 5
2450 5
2760 2
4960 6
6799 0
5460 3
6780 0
5769 0
7800 6
4240 7
310 5
6070 4
10550 1
6100 4
5810 0
8620 4
4750 2
4510 1
5050 6
6180 1
13089 0
2880 7
5289 4
5030 6
11520 1
300 5
4720 7
7240 0
6040 6
3840 2
10800 0
5760 2
5260 3
3830 1
7340 0
14999 0
4230 2
5370 3
3570 7
5790 0
12160 6
4330 4
10520 0
4300 1
5130 3
6170 1
13629 4
4431 1
5049 1
3700 7
4960 4
3130 7
3930 6
10440 1
310 5
3980 1
7130 1
4440 7
3860 6
7370 0
4130 1
5440 0
8780 3
9080 0
9789 1
300 5
6030 3
6010 4
5650 0
6120 1
6590 5
3870 2
5890 3
5370 2
8530 6
4640 1
4880 0
4290 6
5840 1
7080 3
4520 2
291 5
5049 4
3160 7
12430 0
4850 6
280 5
8280 0
270 5
7050 0
5870 3
7030 0
10730 4
6310 2
5220 1
5650 0
5149 6
5109 1
9120 4
7860 4
280 5
4200 2
11360 3
4640 1
330 5
8710 1
330 5
6730 0
3620 2
3990 2
5030 6
3490 7
5020 6
5549 6
3749 7
5671 0
3611 7
4680 2
4229 3
4480 1
3870 3
3560 3
5030 0
440 5
4770 1
4850 0
6030 0
4820 2
6680 4
7510 1
3370 3
4180 3
6290 6
5009 4
271 5
6660 0
6911 4
4289 1
5490 7
3330 3
6380 1
280 5
5940 4
240 5
8070 4
3960 3
5290 4
4570 2
5860 3
6160 0
3970 2
143478 0
320 5
3580 2
5620 6
5130 2
4410 6
6700 3
8390 0
7330 6
3860 7
7869 4
320 5
6209 1
7540 0
10189 0
4570 7
8010 0
7030 4
5150 3
280 5
4850 2
4120 7
4500 7
3970 6
580 5
6120 1
3910 6
5160 4
9659 1
7240 4
13410 4
3300 3
9400 4
5420 0
4590 6
300 5
4370 7
4560 3
6670 0
3600 5
300 5
3970 4
6630 1
5640 0
5700 2
10200 0
4960 7
3609 2
340 5
4240 2
6199 3
8290 0
260 5
6540 5
5400 6
4400 7
4880 2
3950 2
4820 6
4380 3
5330 7
6320 2
280 5
310 5
3510 2
8480 4
4580 7
5109 1
6031 7
7989 0
5010 6
4160 0
9380 3
4130 3
6020 7
3140 2
5660 7
6680 6
300 5
5770 6
4100 1
3530 3
5340 3
3690 2
5369 6
291 5
4329 7
12650 4
270 5
6250 6
6410 1
7520 4
8240 1
330 5
4910 4
5210 1
7880 7
3950 4
6720 4
310 5
6240 0
3140 3
7200 0
5340 4
4880 4
6450 1
280 5
5750 3
3830 6
4400 1
3840 2
5490 6
4640 1
4280 7
5860 1
340 5
7390 0
3740 7
7710 3
6860 0
5160 0
5230 1
6100 0
329 5
3140 2
291 5
6369 2
4980 6
4840 2
6290 4
520 5
3930 3
8890 0
4860 6
3520 7
6260 1
4140 3
2920 3
5060 0
3050 5
6010 0
7300 6
3129 2
7260 1
4040 6
3951 2
2249 5
4540 0
600 5
6520 6
280 5
4030 6
6390 0
4020 7
3790 2
250 5
4610 1
360 5
3590 2
3570 2
4720 3
5470 6
5780 0
260 5
2390 5
3240 3
4770 4
4340 7
8709 4
6911 7
5779 1
4030 6
7880 1
5310 6
7210 0
290 5
6650 0
4560 2
3890 7
480 5
4380 6
5480 1
4730 6
4770 7
310 5
280 5
4500 3
3589 7
4589 1
5320 1
651 5
4080 6
6069 0
300 5
4860 3
3900 4
7940 3
4960 3
4200 2
5170 1
3020 2
270 5
15040 1
3800 7
3370 7
5290 6
8450 4
3909 2
4891 4
4869 4
4391 4
3830 2
6380 4
7490 1
3530 3
670 5
4300 6
4720 2
2970 4
3970 3
3470 3
4660 5
6630 0
6100 4
4210 3
4560 4
5169 1
7769 4
4200 3
16360 7
4820 6
290 5
230 5
4920 6
700 5
5750 4
320 5
6050 0
3770 3
260 5
4950 4
13180 0
5400 1
5500 4
4840 6
12100 4
7469 1
7260 1
5130 2
280 5
260 5
230 5
260 5
5200 3
7320 4
5290 1
11340 1
4900 6
4580 0
6660 6
4720 0
3970 6
6640 7
5389 1
5371 6
4920 3
11009 7
6110 4
3870 7
10420 2
300 5
7570 1
7340 0
300 5
7240 2
5650 3
6190 4
5210 3
5399 3
460 5
4971 6
12109 7
6300 1
6320 3
280 5
4710 6
290 5
12540 0
5330 4
320 5
280 5
300 5
6950 4
6320 6
4930 3
9480 4
7520 4
340 5
10080 3
3840 4
4350 6
4450 6
8170 1
4570 4
480 5
4230 6
620 5
5730 1
4640 6
11730 6
4180 2
3980 2
7000 6
5060 3
8149 4
9971 4
8639 0
5880 1
4710 6
6900 6
280 5
6350 2
6190 3
5310 6
7040 6
5020 3
5950 0
5590 6
4420 2
340 5
4149 2
2731 5
269 5
5671 0
12919 7
290 5
260 5
5020 6
7790 7
4480 2
4770 6
5670 6
8780 3
8180 3
280 5
5560 4
4250 3
14160 7
5189 1
5680 1
3871 2
5549 2
5540 4
3570 2
5410 7
5090 1
6310 2
4620 2
4660 3
7020 7
5400 6
4530 6
550 5
6110 1
5850 6
6039 2
7511 4
2940 2
600 5
13209 4
5670 0
11000 7
5700 3
3740 4
8810 7
8260 7
5110 1
4950 6
6840 3
2940 2
3509 2
4640 2
6780 1
3131 2
7199 4
5620 1
3920 2
5650 0
3180 2
5020 6
300 5
4700 0
13100 0
6210 4
5260 4
15910 7
4349 6
251 5
4529 1
8180 0
7379 6
6250 2
8320 0
4960 3
7000 6
4910 6
3380 4
10010 7
5330 4
310 5
4250 2
7890 0
12029 7
10180 7
7290 4
7090 6
2900 5
4260 6
2580 5
4390 6
5960 6
6150 7
7040 3
4800 3
5220 2
4890 3
5760 1
9799 7
4340 2
10211 1
4799 7
5220 3
9230 0
12590 0
3750 2
4820 2
480 5
4260 2
4970 6
6990 0
3560 6
5010 3
7560 1
4779 0
6271 1
5169 4
5090 2
5510 1
4380 2
350 5
270 5
3210 2
5730 3
5330 2
6880 0
12240 0
4840 0
5680 0
4870 6
6560 2
10489 0
7500 1
6620 4
4410 7
7460 7
3660 4
5390 1
5720 0
4240 6
7230 1
5090 7
4770 2
4780 3
4090 2
4770 1
320 5
8730 0
9730 7
5909 4
7280 0
10550 7
6520 1
5260 1
4240 6
8500 0
4770 7
5930 7
4500 3
3960 6
4530 6
7230 7
7739 7
4360 2
7780 7
6950 2
270 5
6510 3
6410 3
5240 0
5130 1
9290 7
9830 1
5640 7
8220 7
8740 4
9629 7
320 5
6020 7
4840 2
2471 5
6039 6
10030 7
6050 0
4990 2
780 5
4960 1
4880 1
18690 6
360 5
4100 2
5760 6
4510 2
6339 4
4211 6
12349 4
4760 3
3120 3
9430 7
300 5
4250 3
4340 1
4980 6
5240 6
7820 4
10280 7
5750 1
5530 6
9359 0
331 5
5529 6
8920 6
9690 4
340 5
270 5
4860 1
5500 2
11250 0
3790 1
4700 2
310 5
240 5
270 5
4260 3
9650 7
4100 1
4950 1
4920 6
4290 3
6451 7
4200 4
5200 2
8369 1
5770 4
2520 5
11920 1
310 5
5420 4
13120 4
3300 2
6680 0
5320 4
8590 1
3540 2
14679 0
280 5
3720 3
8300 6
4360 4
3480 2
4620 6
6240 4
290 5
5960 6
4600 6
3750 6
5970 6
4820 3
8180 0
280 5
8570 4
4720 4
340 5
279 5
4231 7
10269 0
6020 0
4300 1
4830 4
5810 6
10030 0
4250 3
10300 7
5880 7
4750 6
3980 3
6370 1
9060 1
3190 2
6620 4
9409 4
6690 3
9390 7
5920 0
5230 1
6930 7
5740 3
6030 1
6810 0
6400 4
5080 6
5040 3
4320 3
300 5
4519 1
8691 0
11759 4
4030 3
4600 0
3720 6
5170 4
4950 1
7540 0
8160 7
5740 6
5760 4
5580 6
7390 0
4280 2
7580 1
7320 0
280 5
260 5
6339 1
4900 0
6740 0
7790 0
300 5
5740 1
9770 3
3480 2
4330 2
4020 6
870 5
3880 7
5180 3
3740 4
6040 3
270 5
4009 6
7240 7
5420 0
9379 7
6560 1
4360 4
10040 7
5640 4
5340 6
3870 3
6570 1
4990 7
290 5
5410 3
4020 7
8480 4
3850 3
4980 6
4780 2
640 5
9710 1
2030 5
300 5
7010 7
340 5
5470 4
8610 7
6150 0
5000 0
3770 2
7060 4
5580 2
6950 1
270 5
320 5
5050 6
3650 2
8450 4
4889 3
4240 2
4109 2
3640 6
4900 2
330 5
4770 6
4690 3
7170 1
6170 1
4020 6
6530 0
6710 0
290 5
5020 1
6260 3
6130 6
24279 0
3470 3
9450 0
3840 7
3810 3
8040 1
6640 1
4170 0
4870 2
3960 4
7220 7
4600 1
4550 3
4890 4
3370 2
4049 2
8991 0
3920 3
10489 0
7010 3
3840 3
6460 0
4010 4
5940 4
4230 2
290 5
6070 2
4820 1
4030 2
8620 6
8180 7
9410 4
4951 3
13889 7
5840 1
390 5
5760 3
6820 1
4350 6
5030 0
5110 1
340 5
6280 7
9620 4
8460 1
4730 3
5870 7
569 5
4931 2
7109 6
3651 4
6199 7
310 5
5300 1
4460 4
5920 6
4380 6
4580 4
5570 3
3730 2
5490 6
4450 7
320 5
3870 2
5760 6
4650 3
6390 3
10970 7
6089 7
311 5
11899 7
8160 4
5550 7
7540 0
5540 6
4670 7
8530 4
3990 3
3660 3
3440 2
4360 1
3950 3
5899 3
6400 3
5211 3
7479 0
9460 4
4550 0
6290 0
6210 7
300 5
5500 7
6340 4
5150 6
3610 3
3670 2
4840 0
8690 4
4230 6
7209 0
6380 0
3300 3
7750 0
5290 7
4090 6
280 5
220 5
3940 3
5500 7
4520 2
3980 3
6310 0
4590 7
5480 0
3800 2
5180 1
4650 0
10340 7
7689 7
3000 2
5680 7
4809 4
7290 4
5650 6
6150 0
4330 7
4870 7
4970 4
8450 0
4840 2
4900 0
3610 2
4410 2
280 5
250 5
2920 3
9750 4
5889 1
4591 3
291 5
4769 1
1840 5
6660 1
5810 4
300 5
4450 2
4080 2
10200 4
4870 4
6000 0
4550 1
4490 6
5260 3
5630 4
3360 2
6640 0
300 5
4629 1
8771 0
231 5
240 5
5819 7
9720 0
5850 0
6890 7
5270 7
4610 2
5820 7
7850 6
310 5
6880 1
3590 2
790 5
4940 4
4579 1
9571 3
4729 6
3389 3
3110 3
5470 1
8720 7
300 5
6890 4
8190 7
5170 6
3890 6
7600 0
6460 3
5580 7
10660 7
4120 7
3780 3
11060 0
8269 4
330 5
6390 3
4850 3
5000 7
4640 1
10480 0
340 5
6630 7
5520 0
4340 6
9370 4
5359 7
6780 6
6160 0
4860 3
4100 2
5870 4
5360 3
8980 7
330 5
4710 6
4740 2
4590 1
5280 7
4410 1
6090 3
3800 1
5150 6
7240 7
6569 7
13880 2
5370 2
4960 0
4920 7
300 5
3410 3
460 5
5960 0
6460 1
7800 4
6810 1
10040 0
310 5
300 5
6310 0
5270 3
250 5
6169 1
5191 3
8349 4
8820 7
6340 6
3400 6
4320 2
5620 0
5080 1
280 5
4180 4
11290 4
5380 7
4850 4
4340 4
5860 3
4820 6
6070 0
4160 2
4351 6
4980 2
349 5
5780 1
4180 2
6500 1
5190 4
5090 3
7560 0
4700 4
8800 7
4520 3
8060 7
4100 2
6250 6
8480 0
5160 3
5460 7
4849 3
8320 0
6800 6
5380 4
6660 0
4900 3
4850 6
5270 4
3980 1
4150 5
7370 1
6840 0
5520 7
4479 1
3480 2
5580 1
5291 1
289 5
4370 1
5950 0
600 5
5370 0
5760 0
5030 6
300 5
7780 7
5080 1
5530 0
290 5
3680 3
380 5
5430 2
310 5
5820 6
9090 7
380 5
10159 7
4980 6
300 5
4920 0
12600 4
4150 3
4440 6
4510 3
4620 6
6640 6
6390 2
3940 5
5420 6
7000 4
4250 2
5310 0
310 5
4930 4
4240 3
4220 3
429 5
7889 6
5330 3
4860 6
5640 1
4450 6
7000 0
290 5
4790 6
6040 7
7540 4
8780 6
5540 0
6150 1
4350 2
3830 3
9920 4
6400 6
3940 3
9439 4
7080 7
4560 6
5590 1
3650 1
9400 0
5750 0
320 5
5890 7
4470 3
6510 0
290 5
4220 3
8520 2
6700 0
8080 3
4669 1
640 5
6000 1
3790 3
5650 3
4790 2
6030 4
5310 7
300 5
3330 2
4830 3
3610 2
6990 6
4210 1
650 5
8300 4
300 5
5110 1
3660 3
4491 6
5589 6
5971 6
6039 4
8820 0
11620 0
3770 6
5660 7
6920 7
6220 0
3840 6
3920 3
290 5
260 5
6450 1
6000 2
4440 3
9929 4
9750 1
7630 1
6140 0
8300 7
5890 0
9460 4
7090 6
10410 7
14780 4
9660 7
5429 1
3971 2
9539 0
6100 1
5790 0
6010 0
6830 6
3960 6
4540 7
3410 2
4000 3
4840 3
580 5
7240 7
7630 7
9440 7
4260 6
4529 3
6130 0
4420 6
280 5
5850 6
5720 4
4460 3
3920 3
5220 6
9090 7
4230 1
4710 7
5340 7
360 5
6670 1
9439 4
6880 6
4260 2
5849 4
280 5
7630 0
450 5
8260 6
4300 4
5560 4
4970 4
5790 4
4890 1
4980 7
8250 0
8850 1
4520 2
6609 0
311 5
6120 4
5411 6
7139 1
4450 3
6680 0
14000 4
8110 1
9790 4
3030 3
7870 7
5060 7
4670 2
9809 4
5171 6
4540 1
3720 4
3530 3
3890 3
3550 3
5990 0
5570 1
5680 0
6680 4
310 5
12330 7
320 5
5150 0
4840 6
3760 3
6390 0
3859 2
4360 2
12200 1
5119 3
5920 0
3090 3
4210 4
8100 7
3980 3
4310 5
3950 2
4400 3
5000 4
4110 2
5850 4
6480 6
5650 1
3160 3
4570 3
9220 7
289 5
3671 7
3900 6
3960 3
290 5
7350 1
4240 3
4360 4
9130 7
5540 6
7360 7
320 5
6220 7
12350 0
3590 2
5279 1
2800 3
4889 4
3231 3
11339 7
280 5
3440 6
4510 4
6350 4
630 5
5400 1
7600 3
300 5
5200 4
2610 5
7990 1
5490 6
4990 2
290 5
8100 6
12880 4
6440 1
5500 2
6120 1
5020 7
8490 6
3710 2
7080 0
3730 3
3760 3
5430 6
5910 1
7540 3
5170 7
5900 0
4919 6
300 5
9140 0
5780 1
13810 7
9440 7
9750 7
4510 3
300 5
3660 5
5190 1
5980 7
8430 0
4860 6
10179 0
5311 1
260 5
4629 3
5200 1
431 5
9079 7
290 5
3660 3
5850 7
320 5
4470 1
280 5
5470 7
8470 4
8470 7
6080 6
13670 3
4720 2
3889 7
3200 5
4251 6
3580 0
2689 2
2740 3
4380 6
3530 0
3370 0
3110 6
260 5
5940 7
2830 3
4120 1
3060 0
2980 3
2490 2
3660 6
18800 1
3430 0
2870 3
3210 0
3330 0
3219 0
3251 0
7189 7
3469 0
280 5
271 5
2609 3
280 5
4130 6
3440 6
6350 7
2480 2
2640 3
3600 6
3080 0
2550 2
3530 0
3100 0
5120 4
2790 3
2650 3
2480 3
3400 0
3630 6
2900 1
4810 1
2380 3
370 5
2620 2
5800 7
2500 2
7380 1
3149 1
6851 7
6340 7
2580 2
3980 4
3550 0
3270 0
3860 4
3330 0
3240 0
3350 0
3510 6
5250 1
7440 1
3020 6
260 5
5340 1
2670 3
6980 4
4990 1
2600 3
3580 6
3320 6
2480 3
320 5
2611 3
2629 3
5490 4
3920 6
3190 6
2940 1
8050 7
3550 1
2540 3
350 5
270 5
2540 3
3820 1
2450 3
2590 3
2920 1
2660 2
2600 3
8810 7
2680 4
3430 4
2670 3
2680 2
290 5
2739 3
6780 7
3520 6
3051 1
3460 0
349 5
260 5
9109 7
3390 6
2640 3
2510 2
2630 3
6180 7
5160 7
2630 2
4640 1
5150 7
2480 3
3940 6
4840 4
4720 7
3610 1
2470 3
2740 2
2350 3
2600 2
2609 2
2589 2
3400 0
271 5
2600 3
2880 2
4589 1
3380 0
2720 4
13060 4
2520 3
3280 0
3340 0
3700 6
340 5
8180 7
3250 6
2540 3
5380 1
3250 6
270 5
3700 1
340 5
5880 7
4760 1
7069 7
4311 7
4289 6
4700 4
331 5
3349 0
4240 1
2590 2
2990 4
5400 7
3670 6
2640 2
3690 6
5640 1
5320 4
3560 6
2810 4
5730 4
3500 6
4000 6
300 5
3130 4
2550 3
300 5
3360 6
2570 2
3540 0
3340 0
4909 1
3631 6
3289 0
3240 0
4060 1
3520 1
2560 3
2540 3
280 5
2660 3
370 5
3160 1
340 5
2690 3
3290 0
2540 3
4520 7
4630 4
2700 3
3400 7
280 5
2620 2
2550 2
280 5
7710 1
6200 1
12999 4
4600 7
2471 2
3989 6
2780 3
3350 0
2610 2
4910 4
6580 1
3170 6
2750 2
2510 2
3210 0
21030 7
9530 4
8390 7
3300 6
3150 0
2920 6
3431 0
2729 3
3811 6
340 5
2489 3
3310 0
11330 7
2480 2
270 5
3600 1
2610 2
7510 1
3830 4
3460 6
3270 0
3320 0
3360 0
380 5
2520 3
6080 1
2570 3
3270 6
260 5
5690 7
240 5
2580 3
3499 0
260 5
3260 0
331 5
3689 6
2931 3
3140 1
3769 6
3970 4
340 5
3860 1
2470 3
2550 3
3360 0
4052666 7
6230 6
41110 0
5450 6
4699 3
6000 0
7791 7
11899 7
7650 0
350 5
7760 4
8440 6
7390 1
11060 3
16260 3
290 5
5210 0
4509 6
351 5
6091 4
340 5
7280 2
7259 7
5570 2
7000 1
6040 3
8110 4
4860 0
6080 0
4860 6
4610 4
8380 3
8760 0
20010 7
6389 0
5710 1
11250 0
7070 7
6340 0
5830 0
7430 3
700 5
6000 0
4910 0
6100 3
5680 6
4960 6
6960 7
5151 5
4560 6
4580 2
4890 0
340 5
6340 1
7290 1
4960 6
8880 6
8700 2
6280 0
5700 7
5140 4
3820 4
6380 6
5829 3
5620 3
7231 7
8049 6
3400 4
11150 3
9130 7
5720 1
2560 4
7110 7
330 5
4980 2
7620 2
7370 1
340 5
8620 2
4369 3
320 5
3989 2
5151 3
8829 1
4620 6
7150 4
5570 7
5960 7
5350 1
7620 3
5250 4
5840 1
5060 4
5460 0
12260 7
4600 6
6671 4
8229 2
10440 0
5870 3
4970 3
3120 5
18110 0
320 5
6670 3
9650 4
4700 6
5450 4
20490 7
5120 1
5620 6
5510 7
5500 6
3940 6
4390 4
480 5
9580 0
5170 3
8730 7
5120 0
5340 6
2550 5
4260 4
7660 6
12160 7
4720 6
300 5
6710 4
6620 3
10090 7
3990 4
10130 0
5730 3
8130 1
4320 0
6030 0
5900 7
7649 0
7771 3
520 5
5349 4
5130 2
7520 4
4770 6
6220 2
7720 4
4570 1
6760 2
16000 0
5560 3
3076646 2
6610 6
4520 4
6140 7
6150 1
7370 3
7010 1
7410 3
4020 4
13210 2
7639 7
5131 7
3849 4
7360 1
5220 1
4700 6
4930 0
4090 4
5650 1
6900 1
5920 6
6450 2
13770 7
4700 6
4920 1
6140 3
4260 0
4380 1
7569 3
4550 0
4190 4
5280 6
7270 6
5560 4
370 5
7550 4
310 5
5450 0
8310 0
5000 2
6140 0
9700 2
5259 6
4131 4
489 5
6091 6
5519 3
7840 6
6870 1
6060 4
5460 4
330 5
8400 2
5160 0
7430 7
5960 6
4160 0
6070 6
6259 6
4560 4
5520 6
5351 4
5079 0
8890 6
5040 0
5620 3
5470 2
5940 1
16100 2
6610 2
6620 1
4680 0
3770 4
340 5
13899 2
8950 1
4760 0
7190 4
8760 7
340 5
9410 7
320 5
5180 0
8720 3
7080 7
8260 7
9839 1
6380 0
8860 7
289 5
10780 4
5680 6
8690 7
13360 7
4710 4
320 5
7180 7
8320 7
3920 4
4410 1
5030 1
8349 7
7331 0
8559 3
4900 3
300 5
6260 6
5360 3
300 5
5050 1
7620 3
8320 3
5840 4
9490 7
340 5
14240 3
270 5
13479 1
4689 1
6030 4
5940 0
4070 0
3410 0
7420 0
11080 7
5380 7
10540 2
14560 1
5399 1
9131 2
8680 2
509 5
4660 4
6640 3
12690 2
4870 4
4280 6
4140 6
7480 1
6460 2
4460 0
3940 6
8800 3
4440 4
5320 6
5040 6
6140 7
15720 3
6020 3
8840 3
7880 7
10610 7
520 5
590 5
7200 2
7320 7
6220 3
310 5
9070 3
5449 3
280 5
300 5
7700 2
7359 2
4950267 4
5019 4
7160 3
6580 3
10659 4
11300 0
5180 4
10320 4
6630 6
6750 0
540 5
10150 2
9120 7
8089 7
10260 3
5760 6
4290 4
6160 1
6220 7
6530 1
8940 7
16500 0
8020 4
8470 2
8420 4
7471 6
9971 0
7060 7
5930 3
7930 2
7340 1
9610 0
7840 7
11900 6
5780 7
5680 1
7640 6
7031 6
7300 0
8969 0
10590 1
600 5
7050 0
6970 6
11720 0
530 5
440 5
8910 4
9120 4
4570 6
9700 3
8771 2
7080 1
8560 7
13050 7
7070 2
9330 2
9620 1
10290 1
10470 7
12699 4
7380 6
5169 4
640 5
8360 2
4230 4
6500 1
9550 7
10460 4
7070 6
6780 4
8070 4
6010 0
4289 7
6369 7
8160 1
12029 0
900 5
5270 4
10790 7
6520 4
6300 1
7560 4
5910 0
6980 3
650 5
14380 1
5760 3
10149 6
7520 4
600 5
4350 1
7920 1
9080 2
560 5
11200 3
13300 3
3980 3
7860 3
5449 3
8140 3
12090 7
6590 6
4410 6
8880 0
5210 1
5450 2
7360 2
8820 2
8570 0
4100 1
6940 3
8199 2
18049 0
550 5
7890 1
8170 2
9180 0
8570 7
11470 6
4550 4
7520 0
6300 4
9190 3
5960 6
7391 7
14140 0
13910 2
12960 0
4740 6
6100 2
6390 7
7990 2
14970 2
4400 4
4729 6
10179 0
11500 2
5370 3
570 5
11460 2
4300 1
4630 6
3870 4
7650 3
6830 1
3290 5
9070 1
6971 7
5091 4
9339 3
2300 5
430 5
4140 1
6730 6
6170 1
9660 2
11120 2
5940 2
5350 1
1120 5
5660 1
8340 0
6560 2
1100 5
8540 2
2220 5
5700 1
2190 5
5730 0
7360 0
12590 7
5560 2
5750 2
8840 2
6520 2
6340 7
5720 6
9451 3
4960 4
6789 7
7560 3
6910 2
5360 6
7060 3
5150 6
7240 6
7210 1
6540 4
6780 2
4710 6
7380 3
5580 7
4451 7
6330 2
7910 0
5370 7
530 5
5260 4
8310 3
6430 1
6510 3
5220 1
520 5
4830 6
6890 4
11970 3
6011 6
10880 0
4990 4
2940 5
5710 7
6430 0
8950 7
6870 7
6090 2
6040 1
7990 0
6310 2
5630 2
4810 6
10570 2
5451 1
4320 1
5120 2
6150 7
8810 1
6040 0
550 5
6670 1
7180 7
7750 7
4750 1
5790 6
6900 6
6430 3
5540 1
7369 0
609 5
6669 1
8750 1
3830 4
4490 4
6650 3
5320 3
8540 7
5570 6
6260 7
5580 7
4750 2
10819 0
6320 3
7151 1
5720 1
6390 6
10550 7
5230 6
12590 2
15020 3
3760 4
1230 5
8530 2
7829 1
4860 4
6560 1
2300 5
4760 7
6720 6
6430 4
7350 3
5070 1
2030 5
4900 1
7030 6
9160 7
6920 0
5720 0
5680 0
6049 2
17319 7
8000 0
9730 7
1250 5
6960 6
7020 2
11940 0
9190 3
9170 1
6909 1
7369 1
5080 7
809 5
7089 1
5960 7
6100 4
5260 4
5440 6
4760 6
7500 4
6150 1
590 5
4490 4
4780 2
5710 4
1980 5
7480 2
5380 3
7291 2
3140 5
4751 7
12860 0
15280 3
7190 6
7820 1
6970 1
9830 0
6190 2
10170 1
4660 2
4631 6
18140 0
2030 5
5520 1
9840 2
7040 1
2980 5
530 5
670 5
5830 7
5380 1
8610 2
7420 3
4980 7
6920 1
4520 6
7989 6
7409 2
590 5
5740 7
500 5
5380 7
8290 4
5310 3
4650 1
5950 2
500 5
450 5
5290 6
4110 6
7380 7
8350 3
7240 2
580 5
13740 0
7510 2
8570 0
7880 1
6230 3
5840 1
9880 2
6020 3
4860 6
8970 4
8240 0
11469 0
9860 6
7110 1
8620 6
13870 2
7060 4
7630 0
6320 7
3890 4
5060 1
5410 1
4910 6
7549 3
5160 6
4451 1
5700 6
6270 0
9100 2
8380 1
7320 6
8310 0
11810 2
7740 0
8770 1
7410 3
7760 4
8229 1
7030 0
4470 6
6470 2
6070 7
5600 3
10490 2
11600 2
4590 2
9570 3
6960 4
5880 3
8180 4
471 5
4940 4
9500 1
6260 2
7180 0
4500 3
4430 7
7760 2
12040 0
490 5
7570 7
520 5
6730 6
7039 7
7529 0
5000 4
19709 2
4480 6
6380 4
11330 0
6750 1
1900 5
6340 6
8610 2
530 5
14090 1
4780 2
5480 2
7380 4
8360 3
8220 0
7220 4
8250 2
5560 6
6350 0
12380 0
8830 0
1980 5
3599 4
5660 6
1149 5
8580 1
7620 3
5760 0
6550 0
7650 6
5050 1
18200 6
8720 3
6670 3
6359 7
8460 7
6111 3
7570 2
3620 4
8350 2
5340 7
1200 5
770 5
4820 7
9720 1
5360 4
530 5
9760 0
9420 3
2980 5
8110 2
14560 2
13009 2
7450 3
7560 7
4720 4
1110 5
9660 1
500 5
6690 0
8660 2
7740 2
8989 0
500 5
5191 6
6351 1
7379 3
4650 4
7740 6
13250 4
7740 7
8010 3
7000 2
12920 0
6190 2
490 5
8270 0
11140 2
5519 4
11360 7
6200 4
6360 1
2390 5
530 5
830 5
7200 0
5930 6
6890 2
5590 7
6390 0
7279 1
5269 3
4340 4
4569 4
7689 1
5660 7
7160 3
6370 4
5450 3
6620 6
6130 0
7510 2
5840 7
4500 6
8660 2
9199 1
8140 1
8549 7
6040 2
6860 7
10050 0
8130 1
8570 2
6700 1
6740 1
5440 6
7250 3
7289 1
6029 6
10409 2
510 5
6590 1
6940 4
2640 5
5680 6
5930 0
9270 0
9960 6
5800 1
8920 2
10229 7
660 5
10849 2
6360 0
5849 3
8540 2
10200 0
5280 3
8440 0
7920 1
5620 4
16430 7
1130 5
5089 3
5249 2
10220 2
4289 7
9140 2
6380 1
12320 6
5470 1
8500 7
6350 4
14270 6
8589 1
6000 6
7471 3
5590 0
6650 2
530 5
10510 3
10060 1
6590 7
10940 2
7440 4
7380 1
7760 7
6250 3
10269 7
6249 2
12620 6
8730 2
520 5
510 5
5780 6
7300 6
570 5
10300 2
7630 1
4680 6
8030 4
6259 1
9280 4
8759 0
6090 3
6890 2
9610 4
7040 3
5750 7
7720 4
9790 6
4780 4
5770 0
13939 2
529 5
431 5
440 5
420 5
6849 3
4569 6
8640 1
4870 3
7070 4
6930 6
5690 7
6270 2
7540 0
5740 0
6860 3
10820 2
7319 6
7700 2
5629 0
5089 7
5630 1
9590 0
5550 7
5140 2
8980 7
6360 2
7060 0
11520 3
1860 5
