1630 3
24670 0
12489 1
6940 0
15410 0
460 3
20140 0
6480 2
14520 0
4860 2
6400 2
11760 0
7270 1
6920 1
26459 2
911 3
18669 1
12340 0
10760 0
330 3
300 3
5470 1
7590 0
4710 1
4100 1
5150 0
4100 2
6360 2
9640 0
8720 1
3880 1
300 3
370 3
390 3
4790 1
3990 1
300 3
3960 2
8269 1
5060 0
4991 0
4569 2
3931 1
8509 2
10850 2
8230 2
410 3
8570 1
5680 0
3950 2
6050 1
7460 0
4110 0
350 3
3650 2
4540 0
4680 1
380 3
6210 0
3660 0
2850 2
3560 1
320 3
250 3
9620 2
3539 2
3980 0
760 3
7660 0
4289 2
5731 1
3520 1
6049 1
6350 2
3890 0
460 3
5750 0
5050 1
5200 2
830 3
4310 2
6420 0
5850 0
360 3
3800 3
400 3
5040 1
250 3
3750 0
10410 2
3790 2
5560 0
3550 2
3930 0
5800 2
7479 1
7049 1
6980 2
4420 1
7180 1
7369 1
4210 2
6870 2
3450 2
5750 1
4170 1
7720 1
7330 0
370 3
11880 1
8980 0
4770 1
3360 2
3330 2
6560 0
3940 1
430 3
6160 0
400 3
280 3
4300 0
5889 1
760 3
4280 2
849 3
3509 2
4229 2
2889 2
471 3
4829 0
7690 0
4560 0
3780 1
2130 3
4430 0
320 3
4780 2
4660 1
3670 3
8890 1
4140 0
400 3
3520 0
5550 1
3030 2
5900 2
5010 1
3220 2
4330 1
7940 1
3920 0
600 3
8180 0
4870 0
3720 2
4871 1
7169 1
5280 0
460 3
4660 2
2720 2
4460 1
3750 2
2810 2
270 3
4760 1
8170 1
340 3
600 3
4190 1
7540 1
12050 2
280 3
380 3
5600 1
430 3
300 3
4770 0
3700 2
7900 1
3960 1
3980 2
3920 0
6170 2
4410 0
340 3
4620 1
269 3
4829 2
7029 1
3940 2
8309 1
5760 1
2740 2
3610 2
4620 0
4420 2
5860 2
2200 3
4220 0
5160 0
3370 1
3580 2
3930 3
5620 0
3700 2
6730 0
3230 2
4210 2
380 3
390 3
5500 1
6340 2
4400 2
4770 2
4160 0
4180 0
3699 1
4760 2
329 3
271 3
15200 0
5919 2
260 3
5950 2
2660 2
280 3
4350 0
3950 0
470 3
4740 1
3630 0
280 3
5330 1
300 3
2930 2
4310 2
3890 2
300 3
5570 0
2100 2
680 3
4110 2
310 3
2380 2
9390 1
2510 2
6290 1
3530 1
320 3
270 3
2260 2
4750 2
3450 0
3550 1
290 3
5689 1
8300 0
3400 1
369 3
3509 0
3931 1
3669 1
4660 0
3700 1
2860 1
350 3
4420 0
310 3
300 3
290 3
3800 0
270 3
3620 0
4020 1
3100 0
4750 1
3770 0
3370 1
5620 2
2320 2
3550 0
3640 0
2960 1
4350 1
2410 2
1950 2
3660 1
3070 0
2470 2
5530 1
2580 2
3110 0
3480 0
290 3
290 3
3380 0
2890 0
3260 1
3170 2
269 3
2720 2
280 3
3191 1
4709 0
3031 1
2700 2
3480 0
4151 2
260 3
291 3
4699 0
2730 2
4490 1
3570 1
2500 2
2920 1
3760 1
2700 1
330 3
4130 0
2750 1
280 3
5230 1
3130 0
3450 1
4100 0
5310 1
2780 2
300 3
250 3
240 3
2070 2
3010 0
3220 1
300 3
1930 2
3560 0
2100 2
310 3
2300 2
3180 1
3090 1
2920 1
2660 1
290 3
3360 0
3910 1
2430 2
270 3
2580 2
2189 2
291 3
2180 2
3620 0
280 3
269 3
2180 2
5720 2
2731 2
300 3
5349 0
2900 0
2750 0
2850 0
4040 0
2460 2
3700 0
3070 2
3320 1
3250 0
240 3
340 3
3410 2
310 3
3930 1
3310 0
270 3
4670 0
300 3
240 3
3040 0
3620 2
250 3
3070 0
220 3
2480 2
2160 2
4470 2
3810 0
3290 1
2190 2
2860 0
3200 0
3310 0
290 3
3330 1
280 3
280 3
270 3
4560 0
3200 0
270 3
2160 2
3020 2
3910 0
2119 2
2949 2
220 3
2451 2
2980 0
251 3
2880 1
2740 1
3211 2
4320 1
2260 2
4099 2
3690 0
280 3
240 3
3680 1
230 3
3110 1
2250 2
290 3
3280 2
280 3
260 3
380 3
3520 0
270 3
290 3
3040 2
3100 2
2810 1
290 3
3810 0
270 3
230 3
2830 2
2490 2
3330 0
280 3
200 3
3030 0
3600 1
5540 0
3790 0
4570 2
3370 1
3060 1
290 3
240 3
300 3
4330 1
270 3
320 3
3330 0
250 3
2880 0
270 3
5560 1
2520 2
3460 2
340 3
210 3
2949 2
231 3
1760 2
3400 0
220 3
4360 1
289 3
2471 2
249 3
4091 1
200 3
2180 2
240 3
3149 1
3680 0
2730 2
4570 1
3020 0
3780 1
3300 1
280 3
2260 2
3000 1
1820 2
3000 0
2760 1
1960 2
2790 0
7320 0
2650 0
2870 0
3550 1
260 3
2700 0
2650 1
2760 1
2260 2
2290 2
3410 1
280 3
260 3
3180 1
4040 2
280 3
260 3
2740 1
3670 0
2940 1
2860 0
2870 1
3700 0
2220 2
2610 1
2290 2
4969 0
280 3
271 3
3140 2
3620 0
3809 0
4200 2
2040 2
2980 0
3120 2
3400 2
2680 2
4340 0
2490 1
2860 2
3310 0
3850 2
3120 2
2640 0
240 3
5420 0
2340 1
2910 2
2140 2
2960 1
2820 2
290 3
3610 1
2770 1
4750 1
4540 1
3710 0
3030 1
3740 0
250 3
270 3
2980 1
300 3
3740 2
270 3
370 3
3190 1
3610 1
210 3
2920 1
300 3
3390 1
250 3
240 3
2140 2
3150 1
2900 2
2631 1
4300 1
6180 1
251 3
3000 1
4169 0
360 3
3440 0
260 3
300 3
250 3
2670 1
2470 2
3160 0
2990 0
3530 1
3080 1
320 3
2970 2
260 3
4110 1
2210 2
2700 0
3250 2
3630 2
280 3
270 3
2930 2
3350 1
2860 1
2470 2
2710 2
2650 1
1031072 0
4008690 1
4660 1
9220 1
5171 0
4029 1
5471 2
6940 0
300 3
291 3
6129 2
3880 1
7560 1
3660 2
4160 0
5850 0
320 3
6280 2
4520 1
6740 1
3470 2
6350 0
4180 0
370 3
260 3
4540 1
4070 0
530 3
5070 0
3240 2
300 3
4360 3
3920 2
380 3
10680 1
220 3
4449 2
360 3
10980 1
6300 1
260 3
3649 2
291 3
8249 1
6850 0
6830 0
470 3
3560 2
4400 1
590 3
7930 2
3330 0
5230 2
5000 1
4620 1
4320 0
4040 0
3300 3
4590 1
300 3
7460 2
290 3
220 3
4610 1
2790 2
270 3
10120 2
6470 2
4489 0
8849 2
7860 0
3169 3
3231 2
4470 1
3940 0
5000 0
5100 0
310 3
340 3
510 3
5320 2
4610 0
6070 1
6230 2
400 3
7100 2
3990 2
5980 2
270 3
4020 1
4230 0
3860 2
310 3
390 3
460 3
290 3
7560 1
6500 1
3750 0
7320 0
3459 1
8989 0
4969 0
600 3
640 3
4689 0
5300 2
849 3
6420 0
3610 0
4920 0
3440 0
4930 0
4690 1
350 3
11370 1
550 3
5560 0
12340 1
5630 1
3380 3
4380 0
250 3
4980 1
6390 1
5080 1
300 3
4010 2
4790 2
2270 3
5170 2
7300 2
6740 1
300 3
280 3
2940 2
3940 1
620 3
4000 0
4410 0
5310 1
4360 1
300 3
6240 2
680 3
3920 0
4250 1
4650 0
3600 2
4490 2
440 3
5800 2
12290 2
280 3
470 3
5230 2
4420 0
9240 0
4250 2
3390 3
8770 0
290 3
5530 1
3309 1
5751 2
5600 2
5389 2
2820 2
251 3
4600 1
9199 0
5510 1
6720 0
4860 0
290 3
5630 2
3340 1
6620 2
7260 1
3300 2
3320 2
2560 2
4170 2
5170 1
3820 3
5190 1
6550 2
330 3
4540 1
5980 2
5850 0
15880 2
3460 2
6400 0
2231 3
3100 2
10400 1
6240 1
410 3
2920 2
3020 2
1730 3
3720 2
6410 0
6260 0
3540 1
4650 2
10580 0
7380 1
4210 2
3600 1
4000 2
5480 1
5400 2
8880 0
4209 1
4011 1
3500 1
4220 2
3220 2
3380 0
329 3
4200 2
10969 1
300 3
3340 2
8670 0
5570 0
330 3
5750 0
3910 0
4530 2
3480 2
520 3
3700 0
4220 2
3780 1
2160 3
5300 0
4270 0
4950 1
3960 2
4220 1
360 3
4550 2
300 3
4450 1
530 3
4730 1
2970 2
2930 2
360 3
3049 2
5151 0
4860 0
5851 1
4009 2
6390 1
400 3
4890 2
4220 0
5480 0
4220 1
4250 0
4930 1
270 3
5850 1
4020 1
5240 0
2100 3
3950 0
3880 2
7400 1
2570 2
4350 1
400 3
290 3
6510 0
4420 0
3620 1
5090 1
3460 2
3310 0
4799 0
4291 2
4611 2
8089 1
4740 1
9640 1
590 3
4400 1
4270 0
1790 3
3820 0
3880 2
3360 2
3850 1
4220 0
520 3
4840 2
4730 2
5860 0
320 3
270 3
7840 2
4810 1
4170 0
2070 3
4300 1
5290 0
4070 2
3590 0
3930 0
470 3
4220 1
3670 0
10409 0
5480 1
7140 0
6440 2
440 3
4190 0
3390 2
3580 0
4310 1
3690 0
9210 1
6630 2
5530 2
8140 2
410 3
4820 2
330 3
5830 2
4820 1
6280 1
4140 1
380 3
4550 2
420 3
3830 0
4570 2
300 3
3920 0
2790 2
320 3
5580 1
7000 0
5911 0
429 3
6571 1
5920 1
6680 1
3290 1
4070 2
330 3
4400 1
450 3
7510 1
4220 1
1830 3
4190 2
3950 1
330 3
3490 0
340 3
4960 0
2940 2
4030 0
4390 0
5480 1
800 3
330 3
7380 0
10690 2
440 3
370 3
270 3
3520 2
650 3
660 3
4620 2
4869 0
3011 2
4520 2
4360 1
4091 1
631 3
7929 0
7950 0
8460 2
1740 3
3420 2
7350 1
