8540 11
4380 11
12690 6
5350 11
13719 7
11660 3
6040 7
4630 9
7100 6
8580 10
890 5
7550 3
360 5
7120 2
4970 8
6691 2
3600 2
7900 8
4410 7
5520 3
5300 1
7340 8
6010 9
3130 0
9260 6
9560 7
4340 3
4350 0
290 5
9840 4
2910 0
4480 4
6260 1
6470 7
3700 7
8150 3
6350 2
3740 4
340 5
5080 10
7639 10
3940 5
2810 4
10220 3
4290 9
7810 3
5590 6
8320 6
4600 4
4420 1
5840 0
7630 6
5700 3
9680 1
5040 9
3990 7
5920 9
4720 0
8199 8
7480 2
7329 2
4510 10
4130 8
4540 10
320 5
3980 6
3890 2
4170 0
5730 0
4300 3
4310 4
280 5
3750 9
4369 10
6280 7
5839 8
760 5
4180 7
4880 10
13280 9
7870 9
330 5
3910 1
3360 4
3540 10
6380 11
3580 3
3400 9
3291 9
3600 10
4800 2
2980 4
3770 2
3080 11
370 5
6710 3
10210 7
4000 3
5700 3
11460 8
4270 7
3609 3
7489 8
5420 11
3670 3
360 5
8710 4
6290 2
4330 8
10920 11
4450 1
7639 2
8571 3
369 5
340 5
5870 11
3840 1
5120 8
4420 6
3970 7
4080 10
5260 3
370 5
4170 11
320 5
6680 9
4130 6
11970 8
5880 0
4920 7
5700 10
4940 3
9070 11
6830 3
5670 11
4880 10
6549 4
5060 10
5940 8
4849 11
8690 3
3950 7
7990 8
7180 3
4900 9
10110 3
5470 2
6700 6
4879 4
4570 0
6040 0
4340 8
5110 10
4530 11
6050 4
4530 9
6230 8
4960 3
5319 9
5229 3
369 5
2900 4
4440 7
7390 3
7110 3
8820 2
5410 1
4480 0
6000 7
4310 9
5740 8
4020 4
5359 8
8040 9
13940 3
7390 0
3420 11
5370 6
3740 11
920 5
4140 6
5510 2
5649 3
6500 3
370 5
4830 11
5140 3
4530 4
5360 9
4610 11
5780 4
6080 11
7640 10
7930 7
4460 8
7810 10
6200 11
4039 1
3711 0
11530 11
3640 1
9040 0
7420 11
9810 4
590 5
4590 7
6710 0
5850 8
5869 10
6999 1
5050 6
3940 1
3700 7
5670 9
5290 0
7580 4
3640 4
4500 8
4380 10
5860 7
7349 10
7410 6
480 5
6520 9
7690 4
6360 9
4970 4
5520 3
3550 1
340 5
5320 10
8049 8
7309 6
9169 6
6760 10
4190 3
3430 9
360 5
12090 6
8540 8
6120 6
3529 7
4040 7
4760 10
5289 11
3930 6
7460 11
4850 10
8310 0
9040 3
3830 4
4060 1
6789 11
7191 7
11540 4
3870 10
4460 11
4940 1
3290 1
5890 3
2800 4
350 5
7380 0
4290 1
4859 3
3251 4
4951 2
4750 1
9140 2
6460 11
3930 9
3980 9
3250 9
3610 4
4660 3
8760 10
3500 3
5989 0
5071 11
6599 10
4680 7
4760 3
3160 4
4750 0
330 5
4920 6
10170 0
16610 0
4760 4
4080 8
3340 7
10560 8
4330 4
3460 1
3640 6
4200 11
3770 4
5460 3
9409 9
3749 4
780 5
8010 8
1860 5
4150 11
7220 11
5260 9
3580 10
4310 9
6130 2
5980 1
4351 11
4140 0
4660 2
4890 7
5900 3
4220 11
4950 10
4470 8
8620 6
540 5
8180 7
5020 0
4520 0
4431 9
8759 6
4460 6
5180 1
5460 2
330 5
4610 7
6520 0
4010 0
7810 10
6969 7
5009 3
6009 11
5560 2
3760 3
4400 9
2960 9
4230 3
8750 0
6340 8
4700 1
4660 10
5900 0
4309 6
391 5
6331 6
5039 1
7940 10
3980 4
3540 9
10800 3
270 5
4260 6
4310 6
17979 8
340 5
4680 3
4139 9
4910 0
3060 4
5860 6
2200 4
8720 9
14230 7
8470 2
9130 6
5639 6
7170 2
5180 6
4700 10
7850 6
3560 4
3810 11
11190 0
5979 6
5640 3
5509 7
8790 2
460 5
6490 8
4670 7
4100 6
4310 9
11820 10
8390 1
7189 10
4189 0
12840 2
8000 9
4550 9
5520 11
7550 8
3640 4
5220 7
7040 1
3911 4
429 5
12070 8
8880 7
590 5
6420 7
18440 1
4800 11
8749 6
4040 7
24460 10
4290 2
3920 11
5130 7
6280 0
4000 9
4969 6
3380 8
4180 4
3700 8
4420 1
3430 8
5490 3
9280 7
4460 10
6200 4
1830 5
4440 10
8830 7
829 5
8869 9
360 5
5190 2
3320 8
5860 6
10280 2
8400 3
6230 8
7040 2
6750 0
4111 7
6451 7
329 5
6619 11
4650 10
7930 11
8900 2
7280 6
5380 4
10330 2
7880 9
8570 7
4910 11
6930 10
3870 9
3500 4
5890 1
5730 11
10800 10
10449 3
4840 4
5759 3
16280 9
5600 8
9030 6
270 5
4500 9
4050 9
6849 11
6851 2
6589 9
460 5
9300 10
5490 0
11030 3
8900 3
3400 6
6440 11
6529 8
5440 0
5591 6
4769 0
4210 3
9160 11
6400 2
5680 3
4660 3
4930 2
4860 0
3520 6
3860 10
5120 11
4660 8
6370 8
4810 4
8520 6
7050 9
8980 11
4680 9
6720 9
5409 3
4411 2
5320 1
6969 7
6490 7
7480 2
3650 6
7140 10
6690 11
7340 10
5760 3
4529 8
12619 11
4680 4
400 5
12870 7
6360 9
4680 2
600 5
3770 11
3380 9
4650 10
5400 9
5600 8
7079 4
7520 9
7250 2
8350 3
5540 2
4330 8
10850 10
5769 3
8171 7
620 5
4230 8
7930 3
6370 3
4140 8
4890 7
370 5
10850 2
10930 9
11569 9
4871 10
5189 8
16370 1
280 5
5560 10
6610 2
10340 9
3370 8
6030 3
9479 0
3850 9
4490 8
9760 6
6630 9
5290 3
6100 7
6060 3
4600 10
3740 0
5880 7
4951 1
4420 9
4470 8
9670 11
5560 7
4350 4
4430 0
4160 6
9110 3
4570 11
8489 0
4480 8
6100 8
9130 1
430 5
6310 9
4870 0
5350 8
7370 0
4550 2
6550 10
4310 6
7131 11
4960 10
3830 4
5040 6
5070 8
6080 0
4550 11
8350 8
4410 1
7280 6
3910 7
4080 4
12219 1
8900 11
5030 4
5320 1
5590 9
3550 9
8340 7
1840 5
4850 0
6139 3
5471 8
309 5
280 5
13540 10
5570 8
4690 1
6690 10
4820 9
6020 10
410 5
6740 1
4410 6
4419 10
3951 0
4740 9
4349 3
4730 9
4930 8
4710 9
4410 8
4240 4
8600 7
6020 0
12750 10
7069 2
4800 8
5510 8
4340 9
3880 0
5030 6
4770 2
360 5
6330 0
5160 1
3050 4
23379 8
5080 10
8260 6
5700 3
4600 10
15240 7
3670 0
4770 9
4020 11
5780 3
5629 11
12150 6
6180 3
4470 9
6810 10
9780 2
6480 6
4349 8
9489 7
3819 11
5410 9
5370 3
6040 8
9820 2
360 5
5080 6
4060 4
7310 10
8560 10
3940 6
5050 4
7030 4
6519 1
8491 7
10390 1
3700 2
6820 11
1960 5
3680 10
2030 5
3140 4
4390 7
3750 6
3500 2
400 5
3880 4
4619 7
8191 11
10379 0
3510 8
3380 11
8600 2
6050 9
11060 11
7560 8
360 5
5630 11
4611 0
5760 2
10539 6
4560 8
5310 10
4290 9
6660 7
3560 10
4450 2
7480 3
7649 2
5500 7
12889 3
8660 11
430 5
14530 6
4520 10
6780 11
14219 11
4451 4
5389 0
6970 7
10680 1
9060 1
3940 4
8330 7
8709 3
17400 0
4090 9
3210 4
7380 6
5040 4
6430 6
4890 3
5030 6
4600 3
3969 6
5291 2
7539 3
8810 0
5040 1
2580 4
8500 11
6990 7
4490 11
6390 7
4569 9
4040 0
3660 8
5069 6
5500 10
8470 2
4410 6
6530 4
6950 7
5750 9
4530 6
3750 3
3829 11
6360 6
4729 10
4879 9
5480 8
5611 1
6051 2
5620 1
7060 8
6730 2
5580 4
4040 10
4090 2
4390 2
2910 4
6230 1
7680 9
8169 9
10670 8
7350 0
7220 10
8850 11
3260 4
7470 6
4169 2
5500 0
449 5
3800 4
15300 8
7170 9
4250 9
4480 4
6750 10
350 5
5000 1
3360 10
3710 1
8129 7
3891 3
3320 9
3899 4
320 5
3900 1
12060 6
4910 2
4470 8
4280 8
3410 9
5740 8
6709 0
4331 0
3969 9
7380 2
5340 11
5710 0
5030 2
3630 9
3730 9
5450 7
4550 7
4680 3
6800 4
5000 8
4491 8
2869 5
7709 7
6720 7
1730 5
6540 3
5390 10
7840 2
6000 9
6450 1
5129 9
3771 11
4631 0
3700 10
5720 11
5510 0
4820 2
3920 11
4450 7
7330 9
5410 8
4060 7
3430 11
21689 8
3880 10
5480 11
5530 3
4190 2
6160 4
4770 4
490 5
3120 4
4050 9
4510 0
4209 4
4171 6
3531 3
6006325 4
1020 5
6570 6
4270 3
5530 11
5960 2
6729 11
5700 6
6910 1
6610 10
3390 11
4000 2
6670 3
3980 2
3940 8
3910 3
4760 4
5780 11
3429 4
5711 1
5399 8
4660 1
2160 5
2820 6
4090 11
3170 6
4100 3
4010 10
3180 1
2900 6
3830 3
5530 9
3470 2
4589 11
4080 2
5280 8
6280 9
3690 6
8440 0
4020 4
5080 0
5740 7
5850 11
3440 1
8379 8
3300 10
3420 1
4880 2
3900 0
21150 1
4120 6
4520 3
4370 8
4370 10
3160 11
360 5
9470 1
3540 8
3909 10
3700 8
3540 6
780 5
11680 11
3400 0
8070 3
5180 8
5670 2
6010 2
2900 4
4680 2
4360 3
8770 6
4930 9
6880 6
6600 1
5200 8
5180 6
3740 8
400 5
5360 4
5430 0
4529 0
2680 4
3420 7
8920 9
3640 6
3840 0
4590 9
4100 1
5750 9
3270 4
4740 1
4560 9
3330 7
3860 0
