361948 4
275927 10
296798 7
233479 3
187128 8
222639 9
272907 5
235428 0
219618 5
227168 4
233508 0
191979 8
181658 3
161518 5
185879 1
179079 9
154859 9
175279 1
238388 5
244538 10
356638 3
195289 2
157439 7
168918 3
216448 0
184669 11
152489 6
182559 1
218528 0
214829 8
233408 4
173179 3
198709 10
203298 1
217489 9
285867 6
314537 3
240339 8
203558 7
270018 5
196098 9
235218 10
232919 4
244888 1
225358 1
209238 6
182889 4
184339 11
176978 2
162339 8
185899 6
177169 4
180719 10
207159 3
249387 10
244199 7
238298 9
161478 11
186639 3
167009 7
218008 10
205479 4
172158 3
192039 11
226278 0
237148 4
245309 8
225718 4
189718 0
209049 1
201458 3
257128 8
279338 7
276048 8
220328 1
201069 11
224818 3
194909 9
215168 7
241438 10
236109 5
258158 8
242338 7
216958 10
204558 3
227889 1
178959 8
218619 6
196908 6
220118 8
285928 5
264748 6
268438 11
258818 1
183879 9
205798 8
220718 8
258049 2
248098 11
254218 5
266328 7
269548 10
272268 6
226158 9
248318 10
243958 5
277498 7
278558 2
306207 0
282938 6
223989 3
228988 4
251068 2
352117 2
262708 1
259578 7
246069 3
250509 9
217058 10
201398 3
200859 4
227868 5
208848 9
201879 5
263958 2
283498 5
341067 9
229288 3
190039 9
231518 2
262698 4
230759 2
193279 11
237378 8
282008 5
252188 3
263628 11
234768 4
276718 6
219748 6
274029 8
291107 9
299278 1
241388 3
296508 2
240768 7
243128 10
272318 11
255988 11
267338 1
237388 3
251458 3
239088 1
215549 0
218688 3
215748 3
180069 0
213548 4
281398 8
266018 2
315938 11
185219 10
233138 3
211888 7
251468 1
230648 10
241908 10
243018 4
268288 2
274168 8
272588 8
439426 4
250048 3
291478 5
319548 4
313027 2
244449 11
264038 3
254429 8
266869 11
291557 3
266538 0
263898 7
263548 7
270788 0
208319 0
192828 11
218488 8
412977 10
194769 7
253868 1
242298 9
264158 6
268988 7
246788 2
196139 10
232838 5
229798 8
259348 10
236528 6
198979 4
278008 11
269658 7
285227 6
269918 1
228558 11
261778 1
232938 0
287248 2
297527 3
287778 10
266468 4
255048 7
258458 5
234568 7
265408 7
288758 2
257948 6
272118 5
286158 3
232038 6
198509 3
197738 7
224369 5
240538 11
199458 11
256938 11
272658 0
303118 1
231018 5
186178 5
212809 0
234748 11
255328 10
203459 3
208018 9
281808 7
346347 10
245528 0
231218 10
481196 7
235118 7
268368 5
366807 11
243598 11
237979 2
254118 1
231128 6
232038 7
250718 4
286408 7
292728 10
321097 7
260269 1
267418 11
195299 3
211878 7
212149 1
193358 4
214308 0
288278 4
277958 2
271918 0
224298 10
203498 6
207878 8
226629 6
258778 0
235868 0
261448 2
276588 3
281178 3
242948 6
238098 6
251358 3
234098 0
295008 10
306148 5
272508 5
280418 7
231558 9
222948 6
244348 1
335478 1
269447 6
251729 2
294988 0
238409 5
230278 1
197178 8
175229 7
236698 5
203798 11
208668 10
215768 1
288478 9
306108 5
242558 2
229248 6
215729 4
218468 6
266458 8
204578 10
223719 11
248278 11
252638 7
290017 3
258809 1
237059 1
249228 6
219558 6
281218 5
326237 5
320658 2
242778 4
236768 1
226439 11
246888 11
272218 9
284808 7
273369 8
250239 10
253208 0
263608 5
198308 9
220018 10
214719 5
213578 10
213168 0
356438 8
257058 3
270568 3
186559 5
204388 9
225008 0
261338 0
197139 5
224938 2
236998 2
249588 2
285098 11
236478 4
242438 7
236938 2
326217 3
292998 1
304278 11
240278 2
244568 9
234648 0
243718 3
267348 2
248048 11
271898 6
262278 6
274768 3
207809 0
191189 0
216138 7
211438 7
257228 10
233308 5
274678 5
279768 5
272508 1
202498 9
197379 7
224428 2
273848 7
235888 4
185519 11
238638 9
293528 3
269138 6
267358 6
279627 3
265967 4
248369 11
281898 8
289358 6
262978 0
261258 11
257718 6
268998 2
275568 1
286428 7
252488 4
278868 9
225618 11
203919 10
192239 1
194549 9
203039 10
212528 8
178568 1
200509 8
265738 6
275987 3
283568 7
204429 4
210588 8
195719 6
190278 3
245448 8
180049 1
214338 5
261348 8
233739 8
235508 4
250078 5
244258 0
240008 4
266698 1
294128 4
312117 2
261418 8
236188 1
228398 0
213148 5
225319 7
239598 3
263588 7
253268 5
244448 6
228468 3
214429 10
188329 5
210259 9
182079 10
189119 2
218218 11
273938 3
278648 9
261448 2
198398 11
182369 11
197069 7
243649 8
192869 7
234488 3
225489 10
241639 5
238478 5
244378 7
237168 0
233189 0
244747 6
319827 2
319168 7
240348 7
229168 7
237178 11
249688 5
253449 5
215358 8
249398 3
213548 9
217579 10
225748 6
190788 8
223478 10
209398 11
192949 8
200238 5
275508 7
284688 10
261628 11
183638 0
209159 3
238068 6
210428 1
193558 0
253378 10
276388 5
253578 8
243808 9
352758 2
259027 11
226469 9
277578 1
329267 4
235498 5
226989 5
225758 11
264048 9
282358 11
234068 11
238748 1
297368 9
238668 1
202088 7
181629 1
224379 4
230568 9
169159 3
222869 1
291538 0
300128 7
268888 0
196759 3
205748 11
241438 11
227588 2
196168 10
239048 10
243568 0
238969 9
245618 3
223858 9
266328 10
284998 2
252548 6
303187 9
293838 4
235938 1
226768 4
241668 11
257778 4
243808 6
236938 4
222259 2
231768 9
227838 7
202989 1
180599 0
202439 11
202158 0
181059 10
192698 7
307728 6
287618 1
306697 1
171939 5
206998 1
255798 9
235148 9
196808 1
229368 3
242429 1
281069 2
227428 11
234818 3
263378 0
243648 7
312078 0
269737 10
261869 10
250748 4
226468 10
245718 7
234518 0
238808 10
224409 11
230718 2
239698 4
235838 3
233368 4
192368 4
201509 3
215948 8
213228 8
190779 1
277208 5
276898 0
298337 8
171078 8
204499 0
205489 11
245758 7
225458 5
213549 4
255358 9
254278 5
320468 8
218429 2
275238 1
247388 5
301227 8
301138 11
267558 10
249028 11
207019 6
226258 0
247628 8
273078 11
203219 2
235248 1
240138 2
232848 7
210808 5
218059 4
206988 10
196589 4
195558 0
262608 10
277878 7
264698 4
192918 7
222379 6
215478 9
244878 8
192599 3
213728 3
217688 8
248498 0
251298 1
278258 9
212228 6
235988 10
214689 10
304837 7
309558 3
246278 8
227428 0
281928 11
207509 6
230219 9
249128 11
267738 9
220928 0
240638 0
248707 10
223098 0
210418 10
208099 4
197088 10
184469 1
229598 6
264568 7
270588 6
247928 4
224478 0
203539 7
211438 10
225498 10
190329 2
255458 5
275998 11
232538 11
234648 2
246258 4
238969 6
265728 6
277027 3
333578 6
221668 7
221588 7
242428 2
256448 10
256888 4
246718 6
211938 9
454737 4
212838 0
230789 9
203368 1
427457 0
207528 2
196189 7
171929 11
205009 9
263448 0
301817 11
272878 9
188989 5
206748 2
206679 6
251828 3
218488 11
263998 3
245478 2
241479 11
259707 6
206729 11
251038 3
225188 5
282628 10
304058 1
292058 9
239818 3
237998 10
219268 0
249938 1
278208 3
265428 11
239918 6
230019 8
233728 11
231908 11
184459 6
216658 3
179219 2
185078 0
255998 11
284268 5
273518 4
209029 10
241958 9
211858 5
248398 5
195768 9
187028 2
260528 6
256068 7
263628 6
233659 4
266547 11
243908 11
257198 6
317178 9
297988 2
246928 4
236258 2
225728 8
252587 11
228438 9
248088 7
238868 9
203338 1
237169 8
216598 9
201108 8
210058 11
202518 9
194648 2
200528 8
260408 10
290818 7
271788 0
181919 1
202688 4
247838 8
215779 5
200418 2
216718 3
257138 3
237628 4
239908 2
239208 4
329588 5
291027 3
297998 4
290518 7
277298 1
245148 9
246768 7
231308 1
252398 1
240638 0
234279 6
247238 2
233078 1
215558 10
195909 7
194478 5
217379 5
205598 4
180119 6
214338 7
234498 9
299068 4
239218 3
180099 4
184499 0
202448 4
259278 10
241258 10
211248 2
244078 3
261158 7
235628 1
274088 3
258578 11
253148 9
215188 2
244828 11
292248 2
284028 7
252028 5
242308 8
258028 1
301718 1
261778 6
213998 4
247328 4
229238 6
207698 5
211108 10
224128 6
223268 11
166329 0
202898 0
221569 11
191019 2
216449 9
254947 4
259927 8
279967 8
204509 10
177239 3
189428 11
223748 7
206769 0
218728 4
233458 3
243099 11
250567 6
264958 9
244119 1
250168 10
312587 11
333177 0
253528 4
242938 7
220198 1
237558 10
216739 6
223878 9
238788 7
242279 4
215088 6
208588 9
191209 6
207468 1
255598 7
165439 9
166909 8
270228 2
272578 5
295147 6
189179 7
189289 7
210988 11
223308 7
213519 7
199939 8
228908 0
291298 0
229598 7
201529 10
251838 1
299877 5
269567 1
272518 5
277467 7
248818 7
248378 8
207879 4
220128 8
255358 0
206829 10
232658 9
225358 6
273548 6
198569 4
184098 6
192839 7
224148 9
219628 8
194189 4
257158 0
274428 4
288458 5
171168 1
193399 8
194169 11
229138 7
240568 0
246078 1
232678 11
243038 4
245738 0
203559 8
264738 6
246628 11
277848 1
291148 5
299228 9
239819 8
218308 8
219508 3
234869 9
223878 1
255318 5
230708 4
230888 6
214099 0
181468 4
201019 10
208848 8
192099 2
194368 8
204268 0
278858 1
283558 2
241398 9
197538 2
223118 2
204499 5
213708 6
167289 4
226478 8
217749 1
212989 4
169948 2
155788 4
207629 2
220198 2
264928 5
276318 8
280968 10
228138 10
166719 10
193568 0
171339 10
230168 5
207079 8
195368 8
188269 2
183938 8
151309 10
158629 6
163899 5
168429 4
142849 2
160389 3
239588 2
257048 10
238258 1
194048 4
167419 1
259438 4
166988 7
137308 0
179418 11
199299 1
196038 4
209258 1
156898 11
184399 5
212158 10
221789 11
269488 3
276187 3
247358 5
182948 5
186319 6
194538 8
195279 0
200978 5
202859 4
236218 7
164819 3
142159 4
146790 11
150729 11
162069 5
139239 10
176759 10
187388 5
254708 1
248398 1
222879 2
204818 6
154309 7
173779 11
170938 2
154209 4
177979 11
169608 5
197809 9
171409 3
148198 2
131599 0
173919 6
176989 3
217008 2
190299 4
183228 11
192459 3
161469 1
142538 8
133830 9
138379 2
137159 11
136199 7
145028 5
125989 4
121669 1
114048 7
104890 8
120129 8
117769 4
119239 0
101619 8
124919 7
176969 3
171499 1
140698 1
128139 2
