85579 14
47600 3
49039 12
55829 6
58040 12
59579 7
54750 6
52950 5
61980 12
57769 15
60100 4
66630 14
52310 9
51230 9
63299 8
52990 13
52380 1
59310 4
56160 2
54409 3
58990 14
60779 9
54900 12
54369 7
53079 3
53320 15
58509 11
54310 9
70589 10
53670 6
60639 15
52350 8
55279 9
52739 13
55210 13
51179 14
53590 0
54209 12
54689 5
55710 4
64499 8
65160 11
60139 14
57730 9
55639 8
59280 11
67229 13
54820 13
55570 9
53170 7
58570 10
53419 5
57660 4
52589 5
61849 8
58580 15
51459 13
54550 15
58359 3
59200 10
51159 10
56309 12
56860 13
74749 14
60259 0
59169 10
58770 11
53949 2
54710 7
64119 2
50710 7
57809 2
57429 11
62700 2
57049 1
66970 14
64049 7
61039 11
58340 3
60210 10
67279 4
58260 12
58199 1
63510 7
58819 8
58470 0
66579 14
54429 9
60040 9
63990 9
61480 13
63370 7
61020 7
60579 7
61850 11
55829 3
73850 11
56709 10
59470 15
67539 3
62350 9
59259 6
61579 2
58250 4
63580 6
54709 14
60289 7
65100 6
53170 14
64490 14
61049 0
55660 13
60819 4
82590 8
53989 6
64350 10
64229 4
61840 15
55089 2
62879 3
63619 8
67649 4
61689 2
68909 1
64879 2
57890 5
65259 15
66340 4
83749 10
58729 15
59739 7
59010 15
63239 7
57629 12
61450 11
61829 7
62120 6
67849 1
70969 10
64319 0
57670 7
63859 6
62150 10
263768 3
54119 9
62110 0
59279 14
62630 8
59740 7
63719 3
58800 10
62050 8
62450 8
64360 11
63529 3
61019 2
66870 4
117530 3
57999 7
55540 11
56789 5
58140 9
59640 0
55180 11
59180 10
56320 1
53920 14
57989 1
57180 5
59299 6
60140 3
58580 5
60560 1
76920 5
58610 3
55979 2
54609 6
55320 2
54749 0
54640 7
52849 10
58599 11
60029 8
61460 12
64590 15
66059 10
66540 6
72689 7
59850 11
61339 3
71470 10
57389 3
57190 7
58109 4
57860 3
54830 8
61800 10
57460 9
51850 1
57460 1
60099 8
58430 5
61039 14
57230 2
54920 15
56940 13
59960 12
63009 5
63260 13
56939 7
58660 2
57089 12
60490 14
59269 3
64160 8
66169 11
59350 13
56580 14
58870 14
61460 7
59220 3
58100 14
57599 14
71130 0
55369 12
60450 12
55289 14
58630 9
53710 6
59560 0
60129 1
60329 12
55070 7
58369 6
57310 15
60890 4
57570 0
54660 3
58560 3
59760 2
67539 9
58940 9
55939 4
57830 12
64399 9
60730 15
58189 0
58060 14
58819 8
50650 9
60300 14
66099 7
60170 14
56559 13
60480 13
56779 15
55660 10
71079 4
58160 8
56270 6
58800 2
61409 13
57339 14
61330 14
59059 4
55640 3
60269 3
63960 12
56020 9
56280 4
59679 6
59049 7
57440 2
57119 0
72510 8
59789 11
59040 15
53789 1
59590 0
58149 0
54379 8
60270 0
57890 13
55010 9
57569 3
59390 9
53869 7
58090 3
60440 6
59990 7
61749 2
71940 9
52959 1
60750 8
56940 5
59019 1
53500 13
56240 2
50100 9
56169 8
62009 4
61880 2
57529 15
63660 14
56609 5
60390 9
54480 1
59679 1
78079 11
54490 12
60480 3
58050 6
57079 5
54979 12
69040 15
57669 8
62610 15
66219 9
65740 6
62149 2
61720 1
62119 3
57620 14
60499 11
128269 3
61870 15
55340 5
63490 14
59650 3
60260 2
57670 9
61579 9
68130 7
60729 14
65310 12
59949 6
67730 12
57949 5
64310 15
69949 8
57040 11
58599 4
61109 12
64640 8
65940 11
58159 13
55409 1
62449 10
64399 15
55380 4
65559 3
56860 2
64949 0
61180 11
55039 9
60450 4
72619 3
60880 14
54860 9
59160 11
62189 2
64780 12
61369 2
62799 10
61730 10
68680 5
55580 6
60299 9
52200 10
62329 4
61400 5
63749 5
69880 14
63559 4
63450 11
60420 14
67460 7
66969 14
58870 4
61259 13
65570 2
65370 14
63380 14
61229 12
56569 14
58600 14
62600 5
58950 13
72539 9
61750 3
59919 10
62210 6
62579 15
56060 3
57469 1
59030 13
60959 1
60969 5
55810 7
57019 5
58790 7
63699 12
61270 5
53889 6
58240 1
90659 2
86339 3
74459 5
83349 3
82980 11
78189 9
80049 2
81479 15
76939 15
84020 9
75450 8
78430 8
97150 2
79289 6
82210 13
73170 4
71799 5
84020 10
73649 1
75830 8
74590 3
84149 4
88940 14
90539 12
92729 9
76030 13
79529 2
80529 12
75569 7
82289 14
82800 14
80419 3
74669 12
87670 3
78629 14
99929 13
88690 2
78079 7
80579 4
84379 4
87329 5
84610 10
85160 14
90649 1
83500 5
88830 15
83789 2
91509 11
98949 0
82999 4
96080 1
98460 5
105889 6
91989 10
108059 1
92000 11
85789 4
89909 7
140319 9
90240 7
101330 12
87279 9
96039 11
88680 15
94289 10
90809 3
83630 3
100379 2
95139 1
117079 9
93920 13
93069 1
106909 11
97579 11
92930 6
91140 6
105599 13
95099 3
105500 7
133719 4
90640 7
100329 0
83819 10
89190 4
97589 1
89379 12
99989 1
103709 3
96509 3
138899 6
105219 12
97060 2
106590 10
97679 10
91459 15
111939 4
116619 6
95309 14
111459 2
88089 7
90939 2
100370 4
87009 2
106189 14
101479 5
94289 8
95019 5
111899 3
119539 8
92150 7
95540 3
90109 9
114189 3
114109 1
101780 13
96020 1
96789 12
106989 15
118760 12
97710 8
91299 11
95479 0
92260 14
92960 7
118039 14
108129 13
94299 8
92630 15
108949 5
104379 10
108149 7
98690 11
86490 11
88579 4
96919 15
99250 1
106329 8
93939 11
131409 4
95439 8
102560 1
99190 11
96169 5
101559 2
94839 2
103029 14
106709 2
116419 9
125249 8
87319 8
92300 1
100159 3
95889 12
93620 5
91440 11
109239 1
90129 12
96370 3
128070 4
123139 5
96339 12
104469 3
101819 10
119729 7
110888 12
112740 14
98339 7
116329 8
94729 13
103859 10
93289 4
100779 15
115869 3
96830 12
121379 5
134408 12
142030 10
111399 5
112730 14
112649 6
116539 0
98449 11
104729 5
102359 9
108739 11
117869 5
92899 11
116789 14
104059 12
97149 3
131799 8
107229 9
101099 5
108309 12
133039 11
122729 0
115379 4
101069 3
96349 3
95259 12
106600 14
103030 6
115479 13
130689 1
99149 6
111729 4
124279 1
108979 11
106740 12
122630 6
113159 15
138069 12
131939 0
95179 8
100409 3
102179 6
102309 6
104619 11
102049 11
107759 3
121879 3
127579 4
99069 0
91800 3
95929 11
94740 0
105179 15
106540 11
100759 5
90069 3
90420 13
115239 4
88119 6
92829 6
99430 0
114169 7
88369 0
99749 11
100500 12
111170 3
93029 0
137269 0
100719 11
97459 5
116899 14
103820 0
92579 0
84879 10
89160 13
90579 9
89459 1
160069 10
86490 1
86700 0
89949 13
78790 11
95540 15
102329 2
94539 4
101189 6
98490 6
112029 4
119949 6
97399 0
386497 1
186209 3
107899 1
169559 6
90499 14
87079 3
104588 13
99589 7
91049 10
97169 10
79349 4
85539 0
110439 0
116350 8
108939 0
96780 2
97419 10
96999 7
92220 4
102609 4
114389 13
127039 1
124479 10
105249 4
94439 12
135668 0
120888 10
107510 10
126309 1
90869 3
157989 6
145649 9
131249 2
107299 12
109589 9
99749 7
98469 3
126319 4
123069 6
121559 15
109499 2
123129 10
130189 6
123869 6
119239 6
109319 6
93110 11
101729 4
115999 9
111809 5
110759 10
148189 11
134709 3
123699 14
104479 14
117960 6
147909 6
119989 0
100180 8
107240 14
92539 6
93079 8
87900 14
91839 1
88669 2
103060 5
132330 12
99840 12
102859 12
98549 10
91749 9
100019 11
103649 0
118229 4
107209 6
184569 15
139619 10
101249 11
111589 13
121959 1
121319 0
102270 8
132359 9
148948 6
95550 5
108049 2
112329 14
131259 5
121749 6
103279 0
105819 6
103459 13
140019 14
158008 10
109700 9
99450 14
106289 6
112339 10
104879 4
107949 14
135750 0
136979 9
116119 11
100559 8
106129 12
102619 14
101269 7
107839 9
99529 0
120199 6
101009 9
112219 3
114899 8
93339 4
106689 4
117259 5
119459 1
131739 12
128369 12
114499 1
102589 1
95780 8
92570 10
102699 11
105199 0
105329 15
106530 11
153079 0
109039 1
102249 3
110669 5
111549 7
105809 15
123068 4
117668 15
93309 12
132059 15
103939 4
99069 6
98910 6
102780 1
110119 5
106229 8
91219 11
93620 7
110199 11
146039 1
114939 15
117779 12
100429 3
110229 0
103999 2
101090 5
101319 0
101029 14
142999 5
97579 12
111039 14
113479 8
101019 14
104329 12
115299 7
119679 9
109599 5
196618 9
116269 13
96789 10
107550 15
160059 1
109890 6
104750 2
157158 12
110339 11
120829 11
100659 14
137139 1
132359 11
159719 9
139099 0
102319 9
90569 4
87360 2
92890 11
84979 5
88329 7
80389 13
102949 13
101989 11
88340 11
86000 5
117569 0
91119 0
92010 13
90289 6
88809 2
93909 10
91409 8
78179 1
86480 4
88659 14
91189 14
109730 10
85610 6
89919 3
91369 14
83010 12
74569 15
72299 4
72509 15
81909 3
77300 13
76169 2
90650 4
93120 0
79489 9
75970 3
79159 7
72410 12
72580 15
74569 4
79660 11
72639 8
72380 2
70849 3
77330 7
79940 0
99849 3
86590 7
88460 4
93809 11
87769 12
86760 14
119099 11
139819 3
124999 1
141149 7
90549 6
102509 10
84620 12
87069 10
111859 10
101339 4
102319 10
93449 11
93009 13
103219 4
108439 12
113569 1
133809 15
99939 14
107679 1
110419 10
113029 7
88010 9
87639 9
149069 9
78189 4
78990 3
88079 2
79219 11
81410 15
80779 3
83519 6
90819 7
73099 9
85930 13
73940 12
125429 15
93829 11
104039 5
104749 0
104829 14
99429 4
75909 10
76329 0
76589 9
79529 2
111729 6
79749 4
82330 14
86189 1
78200 14
86300 6
83529 4
94369 9
80919 12
85239 13
79100 10
76580 1
95129 0
81210 3
78219 5
80729 9
79869 2
80849 12
76730 14
90129 3
90139 3
81979 12
81769 14
83859 4
89150 15
72669 2
92829 3
81910 9
85829 13
82640 7
76030 8
78309 9
85970 7
86469 14
81010 9
71880 8
99379 3
73499 7
75229 5
84199 10
89610 10
72859 1
76039 6
75829 8
73009 8
87990 15
76559 15
85909 4
95400 9
83699 9
77580 10
84890 0
77629 4
85710 2
