174609 5
2105721 14
61259 5
67390 3
57850 21
70130 17
112068 7
77280 10
50379 7
67240 5
63519 6
99839 23
59120 14
67449 8
63180 15
55010 12
69259 23
775863 16
48490 6
64109 21
30950 3
47979 16
56529 14
89049 4
63710 17
1473086 2
80640 19
111869 21
71149 20
175438 14
55550 21
74189 19
43750 2
47289 17
46480 15
57720 11
61960 15
47350 6
1195310 7
88869 4
139419 19
63949 11
49449 2
712424 12
1655345 3
60740 6
57019 2
73910 9
53310 14
92839 8
55230 19
55769 1
103959 10
51000 10
73209 21
1368648 5
67519 17
56640 17
414776 14
71429 19
49290 12
77389 15
50990 19
1722264 3
65649 13
60320 8
225058 15
58189 2
1792854 7
785553 21
99479 4
55960 15
60719 10
124549 23
61020 21
70930 17
57689 12
52540 10
64319 1
119129 14
66120 9
60790 0
69779 1
73959 5
62629 7
46480 1
49619 17
151979 20
70189 13
70550 15
48689 13
74679 19
50879 1
96099 4
67720 19
59169 18
51200 15
52419 20
48260 9
49019 10
1400898 7
36309 3
57840 23
63209 17
56670 18
49759 23
49500 15
78759 4
904642 9
976831 10
46600 18
49188896 14
80280 23
39780 3
74080 18
73359 12
63390 13
65620 20
52720 20
61469 5
76259 18
62619 8
59039 5
30270 3
45469 12
56710 6
80749 4
59559 9
77090 4
61539 21
1137400 10
62269 11
55930 0
69599 23
46660 11
73329 22
82089 4
30079 3
47210 0
338577 21
88859 4
67409 5
108879 4
49760 10
1734944 5
1041521 12
67189 17
136819 13
55050 13
59330 7
57959 20
79880 15
64169 14
66510 16
53649 13
588505 11
52279 13
48950 14
56129 13
62720 18
46970 0
1082630 20
57000 7
82929 23
66030 22
50039 16
64820 19
53979 16
56730 5
47909 12
74990 1
46870 15
55920 8
45649 23
45420 1
46089 7
47120 7
54969 16
48680 20
54549 20
44019 19
48270 12
58139 14
899362 15
72619 14
59070 5
247678 12
72549 9
2290519 1
68520 1
101209 4
64149 21
547335 16
61070 10
62069 22
67619 17
53090 21
70180 23
56439 15
53590 14
71230 11
58129 18
48670 18
49389 16
48880 22
48510 16
716663 8
50500 16
1619626 10
65439 12
60730 13
8366994 14
78449 16
75669 1
86989 8
122529 17
90619 19
66180 11
70520 0
100489 4
59700 18
55459 2
66679 22
74270 2
84119 23
50160 10
56099 0
59799 21
1446497 6
1431947 10
62649 14
142749 12
63089 11
60549 16
74679 15
54469 6
58330 13
47189 16
1565256 2
95559 4
53030 11
48799 3
59180 17
45010 6
92919 9
65179 18
265118 22
126130 0
52709 6
1212429 3
52459 10
53729 12
15790127 21
64719 18
62899 0
76130 10
59699 6
58630 10
1127820 2
60980 19
89209 15
198048 5
50910 15
65109 11
69760 9
1542236 16
89179 4
83409 22
54710 14
57160 13
52030 13
49369 5
56600 0
2004351 23
65039 9
1288548 10
50580 2
119219 21
765883 8
62169 22
61320 17
136518 4
83589 4
1166769 12
2724226 16
478555 19
53150 12
80469 6
89159 18
75910 2
62899 11
50580 8
979031 22
153978 9
49700 1
1130390 2
63469 21
81579 13
60260 12
125019 11
140659 23
68300 7
55189 13
43470 2
55450 19
431547 6
40720 3
2439608 18
66739 6
87830 14
51139 1
201028 7
61909 20
38999 3
60129 5
52469 14
49749 1
61380 15
60340 18
31570 4
67369 13
61010 8
73320 19
45679 1
87439 4
66359 10
55210 13
50680 18
54960 19
53179 8
72960 8
1320928 15
94389 11
66499 15
49900 15
47929 8
49140 13
68029 17
2365589 11
59199 7
73650 13
114939 20
59739 1
54299 18
61280 6
58550 22
360886 16
49070 18
66469 19
55499 13
64950 9
53760 7
115750 3
58409 19
1328258 7
55059 23
56810 20
60129 2
53930 2
100059 4
53789 20
93310 4
2611786 0
73040 9
47320 0
61360 20
43530 0
57430 22
50899 22
55900 16
55609 2
71430 21
71110 17
30873411 14
83919 14
82380 22
104899 4
68429 21
84529 10
48440 14
1301068 2
96169 5
58140 20
50249 5
135629 6
79509 2
2084211 3
100219 18
1720725 17
54679 0
32050 3
65159 21
80579 19
57399 12
2051752 19
83599 8
61149 8
142158 10
122259 2
284718 1
78639 18
58690 6
63300 22
1139450 17
58059 5
54389 11
58870 7
54759 12
134348 22
61950 23
53919 11
56380 5
45289 23
48500 21
71069 2
80850 13
57250 17
51450 6
69009 5
55299 6
59390 11
58879 22
596295 8
59699 9
43710 1
56050 15
50559 13
44619 15
46290 8
192078 21
44739 17
61700 20
50629 21
46980 12
46880 12
93949 17
47290 21
44369 12
52269 13
45429 5
48260 23
48610 21
44649 21
47840 17
58219 11
40880 11
51469 22
58419 14
58289 8
42009 11
59509 19
54910 0
3645287 3
88559 22
3186872 5
58689 1
137169 7
79089 10
65879 10
58249 5
64559 10
61010 11
50299 21
56830 1
54999 11
51710 1
57669 12
55390 6
57059 16
66190 9
46119 1
66430 15
920121 14
45160 1
56100 15
50179 16
49239 10
141668 18
64160 13
62049 14
163919 3
123248 4
50589 9
66470 14
1587055 19
60910 20
47209 18
457336 0
76300 22
4042464 13
55489 22
69940 17
54599 19
58140 9
65999 15
1710785 8
117529 11
74060 23
97639 1
116139 7
59599 2
48700 11
52920 13
58350 5
46059 1
61700 10
59000 18
62940 3
48060 12
113679 4
85660 16
2519837 14
53109 15
497866 19
79579 22
1527837 17
57640 15
77129 12
74110 7
76499 23
61449 16
36650 3
63560 15
49870 2
3698397 5
98689 12
77879 9
66820 22
74559 15
83019 10
61949 13
48799 12
82319 0
73960 20
66219 1
68000 21
66900 13
58709 8
58630 8
70609 17
113189 18
79999 15
56570 0
697073 14
188699 6
74209 7
59070 14
49379 8
47640 5
46799 10
1011771 17
51690 21
59039 14
51030 9
49229 7
47630 17
49500 0
394937 23
81179 20
61070 16
55020 6
83769 11
76459 21
67559 12
56640 23
120408 18
49770 9
49399 16
50060 17
47509 18
48350 18
87609 22
52470 3
52449 14
864443 5
47460 6
69260 14
65419 0
53510 22
84449 11
1952662 12
949672 0
50979 11
59609 3
61429 14
68790 19
46680 11
75319 10
57860 2
82249 8
526555 6
91759 22
116939 4
52940 11
65999 21
63620 22
89839 4
49150 14
78349 4
1108810 17
165748 20
56590 12
86129 5
51200 3
60290 14
162958 12
54539 6
87259 4
10623384 14
78370 7
54280 0
68819 18
62690 15
110919 2
87979 2
76749 22
74370 8
1901622 19
48210 3
63830 10
168839 19
49150 2
72539 20
52250 8
63230 1
56169 12
90269 4
35170 3
2308369 23
68720 7
1300368 12
63020 9
62730 11
1707395 1
75369 13
65419 17
57500 21
48169 11
56080 12
53789 9
73090 22
68339 8
61350 17
59719 22
74489 2
159389 7
33209 3
70589 18
49420 9
856572 10
57849 6
55990 12
45949 7
46620 13
57199 21
86900 4
63140 23
76419 8
68610 22
49959 22
18459543 22
91940 5
76989 11
100259 15
56319 22
46559 15
65470 0
42790 3
51450 10
30769 3
58040 18
73049 23
50350 15
50949 10
100719 4
47290 22
11114289 14
85389 17
59319 15
58770 8
1182759 19
71830 20
57370 23
50509 8
77280 21
68729 23
63930 17
72900 0
63809 13
122759 22
60750 11
47499 19
820713 7
59849 15
109929 4
122879 4
64109 0
62909 22
521975 23
84919 18
61730 15
79369 8
65510 22
46559 11
72190 5
58269 5
66140 10
51870 18
52870 0
45719 5
50670 18
52459 18
51350 19
75189 2
1612076 11
71069 12
820232 0
67720 16
63789 8
97639 4
89489 4
1406307 8
83359 3
81659 15
8997629 22
75849 0
258308 10
134529 12
55449 5
52959 10
72019 17
1856763 8
1473886 16
73580 21
2275360 13
93039 8
81199 6
77850 17
90279 2
96759 1
63559 5
71170 0
1221669 18
63589 15
69700 11
75819 10
52719 3
60500 6
122579 2
87009 22
68709 19
1472117 11
33760 3
47559 19
61960 9
61849 7
51750 21
59169 1
54860 7
55129 12
56640 21
8200026 14
87759 4
31659 3
56690 7
49479 13
59640 14
171029 13
53489 6
52409 6
67049 8
56360 11
56959 11
59669 2
81110 19
59779 18
49030 2
1425727 5
52999 18
96790 4
60639 20
51260 8
65389 23
2236389 2
105309 18
1005600 15
53570 7
497586 12
70889 15
69809 6
100519 4
63059 20
78269 1
62500 18
72679 20
65669 20
73170 19
709113 8
60960 13
49049 2
46300 2
69859 22
190219 11
51349 13
56229 17
67210 13
51499 18
119979 4
133118 3
66889 22
2429078 21
99949 15
85799 4
62029 17
9125878 22
48619 12
12978532 15
71929 23
68809 13
57799 2
101690 14
73129 11
74289 21
67040 7
273707 16
127499 5
63150 20
46730 13
59830 5
167759 4
58040 1
1807174 23
79300 19
70529 21
50529 15
59870 6
61619 12
66390 18
1237799 21
46840 2
16651700 22
47529 3
110249 11
54170 21
43580 3
92099 17
68090 13
57399 20
1969993 7
59389 21
61230 2
89669 8
2778985 0
58599 12
62780 16
13893654 22
86249 19
72320 8
40820 3
78889 11
83719 13
103839 4
72719 18
64690 17
61989 17
1329788 13
64499 1
62440 9
68429 12
68930 18
73499 11
76920 19
55810 2
46539 19
39799 3
59359 5
64109 22
1258528 3
60049 7
47920 22
43989 9
107869 4
73329 8
56060 17
79279 12
75540 0
64529 6
59469 10
14217142 22
85950 21
75060 13
58039 12
55940 6
70969 6
1497166 11
43530 3
53730 20
92239 19
58289 18
5284993 15
64159 9
2602666 0
1188759 11
222478 11
51819 8
53450 2
55219 0
48770 20
47029 20
49440 0
65300 11
78810 23
55549 6
94299 4
46780 6
68699 5
1457277 18
65030 7
79429 23
89129 4
65640 13
60510 19
60140 22
71859 11
58069 11
74770 17
60870 20
84919 6
54180 9
47169 18
43840 8
55059 11
43770 11
57119 10
49019 13
46800 0
52059 6
45910 18
49019 9
41920 3
50660 0
45469 8
57420 14
65900 18
327647 23
48840 23
51120 14
69479 1
809812 11
62999 23
57590 19
89549 4
47870 14
1147330 8
49100 11
53760 12
43650 2
47950 13
58719 23
9815322 22
73859 20
2071331 22
59140 2
45919 8
50820 11
69399 13
62209 19
56289 1
46930 2
52919 9
52220 3
397586 18
1454297 23
50379 1
1176390 16
58599 17
59680 8
36699 3
73429 9
78689 0
72250 18
53130 10
43509 10
55159 7
56820 20
65819 23
58309 0
113168 4
2019851 15
47590 9
49259 13
58630 6
46599 16
54080 11
64359 10
49930 9
43909 9
74100 7
68339 10
55660 13
