219038 1
79659 6
160079 2
26060 3
219778 0
110299 0
92120 5
19840 3
257498 4
45999 2
77320 0
57899 4
14200 3
68540 1
14840 3
148006675 7
25530 3
81819 4
64460 4
123629 1
93439 5
143909 1
75009 0
27059 3
149029 6
182459 6
132579 4
48139 2
282918 0
265228 6
322708 5
96379 1
213119 7
122488 0
120670 7
357918 4
160039 6
112319 5
71569 1
94079 4
32779 3
110079 7
172789 1
36150 2
85839 6
15720 3
14370 3
25520 2
129209 6
66609 2
97210 1
65980 5
73219 2
129819 7
215948 5
80109 0
65850 7
19120 3
101449 6
150369 1
124979 7
76069 7
122229 1
125929 7
58370 7
15240 3
207078 1
74499 7
150550 0
179258 4
120569 1
81509 2
112220 5
130639 5
113319 5
195878 5
98270 0
91810 1
192799 5
297267 0
30540 3
131379 0
137409 6
76159 7
170509 5
108569 1
158729 0
139679 7
126739 5
127299 7
111919 7
148659 1
173479 7
96409 6
4251767 5
61410 5
53590 1
6111363 7
111269 7
118360 1
170479 6
118829 1
151629 1
157699 2
84329 6
280458 2
120559 0
128999 4
170349 0
79319 7
144959 1
62520 3
80789 0
92579 1
19480 3
97989 4
118140 1
93399 7
107579 1
91299 1
102020 1
144058 6
85750 0
80799 4
73280 0
90699 2
89229 4
122260 4
121019 0
104050 7
76519 6
12350 3
166569 6
51709 3
247569 1
100340 2
150488 6
93399 4
176198 6
96009 0
117859 7
148569 0
143379 4
71899 4
90209 5
25709 3
131569 5
108039 7
196098 7
108099 1
109929 7
138299 7
56370 6
35169 3
220478 4
160899 6
158978 6
116190 1
109869 6
225848 4
102979 7
15170 3
92089 0
118049 1
103310 1
69489 4
204228 6
96970 7
155929 4
159299 5
177408 4
167989 1
92169 0
80820 4
80880 4
70969 2
145669 0
89089 2
217718 6
218008 6
159229 0
192019 2
77139 5
101789 6
43610 2
26410 2
107779 6
81819 6
9297080 7
125379 1
162468 7
263028 0
80730 1
20219 3
228518 7
68369 5
141499 0
102899 6
128759 0
83330 2
170089 0
165268 4
22780 3
138079 4
22950 3
96759 0
82410 7
126649 6
153009 6
203688 5
147139 6
168459 6
230939 2
16850 3
95589 4
37430 2
104629 1
116439 1
109269 7
282288 6
144609 7
16540 3
37530 2
103549 1
73409 0
75889 5
124559 4
226859 4
20570 3
78349 0
137459 2
21180 3
128939 5
116339 5
84479 1
74140 4
72189 5
114699 6
101360 6
122060 0
39719 3
187319 6
70529 2
80860 2
104889 6
141239 2
18140 3
117089 4
123279 0
65229 7
173219 0
179909 0
91989 1
24320 3
150119 1
116489 7
66309 1
83730 5
94399 6
77969 0
23060 3
122119 6
109919 0
63420 7
144219 6
76899 1
77640 1
86169 2
108749 7
22400 3
144129 0
34600 2
172388 1
114139 7
89209 5
116819 1
16060 3
36760 2
60119 7
187599 1
163059 6
107419 5
129279 0
9921484 7
24100 2
68150 6
91460 5
30969 2
175338 5
166189 6
109529 5
13560 3
126749 5
117689 7
77899 5
95859 7
81649 1
165389 5
75689 6
244539 1
185879 0
126939 4
101229 0
30790 2
111319 6
231928 1
104080 1
64739 6
110919 2
78740 2
32270 3
219509 6
121629 1
81859 6
142909 0
114539 7
167259 4
127569 2
63529 7
157539 2
214369 6
159618 7
87569 5
17170 3
69929 6
89770 5
20560 3
151699 0
68140 6
83779 1
21190 3
112589 0
99349 7
29370 2
68890 6
86260 1
110419 0
133059 1
106999 0
62520 7
15890 3
179888 0
309638 0
82339 1
75340 2
101939 2
79929 5
118259 1
21529 3
230789 0
139319 6
60720 2
127579 2
113449 6
97980 4
109490 4
238039 5
102009 6
153709 2
116399 6
133699 5
72089 1
156339 6
18000 3
63739 2
147919 4
167499 4
103160 0
107119 6
58010 2
71840 0
68079 4
75529 1
108200 0
75149 0
126289 6
10115253 7
50750 5
25120 2
30599 2
99830 2
102459 6
110449 5
113099 0
103119 5
207308 4
70709 5
74290 1
74939 0
83099 1
14360 3
13529 3
14430 3
249938 6
129329 0
127249 6
138389 7
99609 5
141590 0
206309 1
208198 1
112319 0
69250 5
78549 6
92280 4
23420 3
94109 7
33320 3
147739 0
175769 0
70830 1
85140 0
66339 7
124399 4
97560 4
129469 6
89879 5
81549 1
128179 4
156189 2
107689 4
98290 5
34079 3
117660 5
15860 3
15250 3
124099 0
19390 3
171009 4
274648 4
118679 0
69279 6
163959 1
150249 1
243298 1
107239 1
102869 0
128099 1
149379 2
139759 6
31070 2
149309 4
179428 5
200658 5
58769 2
92999 5
81509 0
175269 1
29440 2
116149 4
158879 5
151868 4
264938 4
146709 6
105829 4
119630 7
143569 7
112189 5
33829 3
120119 1
86039 7
106849 0
25360 2
32720 2
79249 4
141129 6
131669 5
186548 6
114070 5
8963012 7
73420 6
16830 3
74119 1
15550 3
156469 2
113779 7
141699 1
104039 5
100719 5
92739 7
19540 3
112839 6
113829 4
86539 5
90689 7
138859 5
52619 3
168789 5
387137 5
9000581 0
16750 3
60500 7
19270 3
105999 1
51689 1
29750 2
58120 4
15300 3
54220 4
42560 0
41570 5
44530 4
41150 4
41939 0
42730 0
43970 4
10020 3
42959 0
9240 3
43459 6
51640 1
43359 0
44050 6
67539 7
10660 3
91020 5
157849 5
101909 2
83709 1
91650 7
16980 3
132589 2
123249 5
161889 6
102939 7
14900 3
122539 0
94350 6
77679 2
81629 1
158779 1
169569 5
127219 1
99089 0
150409 1
26680 3
24510 3
117579 5
102449 0
183759 0
121799 4
42009 2
17370 3
80040 7
29030 3
129719 0
65940 7
191768 0
16550 3
76940 5
122579 5
184278 6
108649 5
150929 6
38980 3
146679 0
75429 0
151089 6
90889 0
14711 3
144139 5
153459 7
129209 4
123219 4
86310 5
160408 4
163998 5
22980 3
97839 2
67740 7
65539 6
77390 0
71669 7
67199 4
73210 2
104419 7
110669 0
355118 1
103429 5
89529 4
90809 1
85759 1
168119 0
103769 5
173889 1
147288 1
103220 7
126928 4
143159 6
34799 2
115689 7
108230 0
206949 1
197898 5
132799 0
57310 2
93809 2
12900 3
10080984 7
50059 6
60010 5
266228 7
100859 0
84939 5
106380 7
172289 1
217858 7
25779 3
144369 0
104289 1
110228 4
192018 5
154689 5
77919 7
105270 6
85580 2
103089 4
177649 7
110249 0
141449 0
46150 2
17069 3
69080 7
72399 5
98970 1
76360 2
15460 3
130339 0
65769 4
218159 0
79879 1
71329 2
96559 1
119179 2
155789 5
144868 2
121540 1
87049 2
19360 3
90109 7
125979 5
110819 0
69620 6
73289 0
27230 2
72419 5
85919 0
89239 5
16090 3
128219 4
159869 5
113599 5
148159 7
143849 4
14980 3
32459 2
101229 6
99379 4
87959 0
136269 6
102439 0
70109 5
218808 2
289378 2
141519 1
13990 3
98679 0
98669 6
173039 6
146629 6
85899 5
60020 4
51319 7
12990 3
29720 2
150449 4
114889 5
107659 0
180149 7
128409 4
70689 0
192159 0
186768 1
180278 1
199379 5
151328 6
77559 1
62579 6
110100 6
29220 2
182689 1
13840 3
74259 4
50370 1
57709 4
49919 2
76190 4
60938056 7
202308 5
216288 1
76919 4
251959 6
240209 5
22200 3
19860 3
96479 6
32519 2
19320 3
91069 7
172589 1
115619 0
52180 3
156748 2
30709 3
27380 3
93869 5
43999 3
110359 6
138319 4
72240 7
117959 7
45269 2
122610 0
93140 1
84309 6
56670 1
28370 2
24089 2
12620 3
29680 2
202889 0
61580 1
62899 7
89380 6
87589 6
60680 7
13630 3
285569 4
15739 3
181919 0
214048 6
125639 7
22290 3
154379 1
108559 4
14960 3
178959 7
75899 4
114899 6
61670 7
130269 2
15580 3
66829 7
60520 7
151998 5
113719 0
96900 4
49110 3
146209 0
125130 4
242498 4
119220 4
66819 4
174929 4
74389 4
181079 6
119619 6
68480 5
217949 4
17150 3
121799 1
181338 4
176909 4
225888 6
30990 2
216308 6
32960 2
192069 6
310688 6
94820 4
105429 2
131539 4
9790845 7
77240 4
76669 6
104100 2
136808 4
98310 4
163438 2
64599 1
95949 7
51590 4
94259 4
47480 7
2929358 0
691155 1
1048572 4
80629 6
57749 7
60710 6
395306 0
48180 2
180279 3
434356 1
137999 6
124468 5
102160 2
133199 7
96769 5
135579 1
88729 4
72820 7
154359 4
82140 4
70160 7
118668 7
77049 6
101849 5
63280 2
86359 2
126509 2
83620 2
125230 2
165829 4
55480 7
87379 5
107649 1
52760 7
55250 5
92980 7
108859 1
173659 5
118019 5
77499 6
46330 7
43130 7
53699 4
86879 3
67680 6
45760 5
43049 7
55920 0
73989 6
49970 7
142559 5
19092045 7
96900 1
74299 1
161729 4
59860 7
335348 6
63899 7
193009 0
125519 0
93669 0
221548 2
98249 0
83629 2
223859 6
83169 6
98669 6
61900 5
56639 7
75590 4
86829 6
190979 6
196788 4
216438 6
112339 3
116839 0
110649 6
50270 2
76700 4
88119 2
80920 4
131309 1
88219 7
95939 6
104669 4
139459 1
102839 1
85939 3
130759 6
242438 0
78259 0
83229 2
89269 2
81210 7
134788 3
86159 0
74689 7
114069 6
106090 4
114999 3
114909 1
148579 3
115599 4
89909 2
152459 1
104359 5
34170 2
102409 7
57860 6
71319 2
90230 1
113799 6
86439 5
112789 4
147719 3
139669 4
199209 4
133779 6
174638 5
233898 5
190709 2
113299 6
142579 2
204049 0
77799 6
64089 6
99889 0
34900 2
66770 7
137559 7
87469 0
124809 2
62810 7
109339 5
67529 6
134969 5
68160 6
229928 1
65770 6
34860 2
284578 6
107839 2
31610 2
48110 0
45240 0
49309 1
22950 2
51339 5
45149 6
46050 1
47900 6
51119 5
44140 4
42159 4
52130 1
45960 0
44250 4
79102909 7
324677 0
99919 5
280097 1
180429 1
107489 4
49480 4
63809 7
51740 0
52120 5
272089 2
108650 5
111399 7
87879 4
73390 0
190069 4
107399 0
99229 0
80249 2
168468 6
50789 1
140129 3
68760 6
45419 7
62680 1
37090 2
147768 1
126019 1
71520 6
114979 5
76150 4
103620 0
73069 0
46050 2
65699 7
59380 2
71709 0
115549 3
179719 4
174429 4
77249 5
131789 3
79290 0
98399 4
101809 3
85249 5
107290 3
88749 3
103989 5
