151828 15
87209 7
83759 1
84579 0
96209 2
83879 4
85500 4
83430 14
82919 12
84089 3
88340 5
85469 4
83889 0
82769 8
82329 15
83750 4
91689 10
84379 0
83459 4
82470 11
85369 2
81989 8
82749 7
84320 11
84480 9
89079 15
83529 13
85760 15
94710 8
83389 0
81539 15
85679 3
81530 0
82089 11
80829 14
83059 4
79999 0
83379 0
83629 13
94499 15
81090 3
87520 0
81609 3
85179 6
85309 15
81390 1
82179 10
80439 7
85709 6
82600 11
116989 10
95629 12
85629 4
81650 3
82479 3
82609 12
86959 0
82109 12
85019 13
81079 2
81559 8
83570 5
81160 9
91389 11
81699 4
83549 2
81710 5
85709 13
83099 8
82579 4
82220 6
85309 15
80869 6
81259 1
79610 7
94139 15
81679 3
82499 5
80360 1
82079 6
81509 5
81809 7
78910 7
84069 2
81579 8
81170 10
82360 4
99679 11
80339 3
82449 9
84649 1
82839 4
81279 3
83969 1
82690 9
81550 1
82499 14
81199 8
83859 14
101760 3
82459 13
81029 8
86449 10
80250 10
83179 1
83089 12
80940 3
80799 10
80759 7
83689 7
81089 14
146878 13
85139 14
86689 0
84600 13
80559 3
82589 1
87540 10
80399 0
81399 4
79649 2
82150 13
105219 14
81259 6
80259 13
268328 14
83589 4
85149 2
85069 14
80640 9
83629 15
82029 14
91970 14
86270 12
83879 13
81539 11
81409 1
84030 2
81619 0
82039 12
84709 8
80710 2
83109 5
100279 7
96299 3
90609 15
82639 15
83609 15
86909 0
85459 8
82099 13
84809 6
82229 11
82749 12
90640 5
101530 11
94969 4
83469 8
85259 3
81629 3
82809 12
82989 6
82729 4
84540 5
83590 7
81699 8
83879 0
93539 6
82080 5
83559 11
82929 5
83169 1
86599 9
82760 1
83379 11
83819 9
81289 15
83990 5
95749 0
88759 9
85660 12
83940 12
88149 0
83229 5
83349 8
83909 1
83770 9
84079 15
83929 15
86710 7
91700 4
82729 0
84039 5
86449 3
88360 4
82679 12
84309 11
85459 14
82859 6
82069 12
82389 11
84439 0
90899 8
84200 9
81159 2
82549 12
83379 0
83359 6
84069 2
82799 7
87060 15
84370 3
83459 6
84769 14
100399 5
84050 13
84369 13
85749 3
82789 6
85029 9
87509 10
85259 14
84889 3
84949 5
84459 13
143559 4
85770 7
84719 12
84739 11
85109 1
84689 15
83980 4
82549 0
83679 0
83829 10
82200 9
95689 4
83229 7
87029 12
79949 9
84490 4
86359 4
82189 14
82770 0
83779 13
82759 7
83949 12
84599 10
105659 10
94150 0
87889 14
83049 1
84419 14
83540 0
83939 8
83689 15
85959 1
84629 1
82190 10
84349 15
93949 12
84200 4
81980 1
83089 13
84939 0
81069 12
84770 10
83699 3
87709 14
82230 4
85380 12
95169 12
81899 11
83939 12
79939 3
84879 12
83859 14
84139 0
85439 11
80730 15
87189 7
82209 15
81920 8
97449 8
82589 7
85679 10
82989 13
89489 3
84119 15
83909 15
82579 3
82719 8
92030 3
86249 7
85499 14
93299 1
82870 15
83910 3
81689 6
82289 13
83549 7
84269 9
88449 4
85679 15
80749 3
81949 5
82779 11
94879 4
83129 0
84600 12
82449 2
83669 13
83009 15
84139 1
78549 8
83639 15
82549 13
82970 8
88459 15
98169 6
85159 11
84370 3
84319 3
84499 14
81989 1
84159 8
83600 0
84609 13
81369 4
87129 4
92840 9
84669 13
81209 15
89609 9
84300 15
83269 13
82179 7
82349 11
84099 2
84349 0
85499 7
85019 14
116979 1
83689 8
81419 0
83939 10
82879 15
82279 12
85959 15
86259 8
84919 0
82339 11
83929 6
83589 4
92279 7
83159 0
81419 1
83649 4
83109 5
81699 12
83379 1
82499 0
85639 11
82369 15
87250 9
97468 14
85740 8
82289 6
82609 0
83390 11
83389 3
82669 11
82879 13
86789 4
85029 5
85279 12
85239 10
92169 10
86160 12
87060 2
84699 12
85009 10
84539 15
83730 15
84129 6
83119 3
83560 4
83400 7
85589 14
101009 2
83569 13
82249 4
85519 15
83339 11
85059 11
84640 7
83550 7
82609 11
82009 15
84559 6
85039 4
91879 10
84559 14
83259 7
88189 8
83219 1
84929 6
80529 7
82849 8
82249 5
86709 11
85859 6
91639 1
84640 3
83799 1
84089 12
82519 3
83219 14
83800 0
84839 12
86629 14
81210 4
85410 1
84149 11
95479 12
88429 0
81870 1
83879 4
82999 14
85679 2
84039 5
84650 1
82359 4
81319 14
84430 14
85209 9
91419 5
85389 3
82739 1
83379 14
84979 8
88189 3
82609 11
83989 7
86369 1
86799 3
84639 5
82360 7
90060 5
84069 5
83089 8
81009 8
83790 5
85829 13
83669 8
84339 7
85150 2
82509 10
84849 1
83809 9
92840 3
82960 15
84369 5
83559 0
82730 13
80400 0
81339 11
81799 11
81590 2
82729 11
82519 1
84370 10
98088 1
88450 7
81969 0
83599 7
85069 3
83570 12
87779 2
83249 6
83469 3
85779 15
84849 2
89959 9
85699 11
83000 10
84949 0
84749 10
86689 14
90939 13
97139 2
94220 5
82019 13
83739 9
82929 0
92228 9
83199 8
90619 10
97279 7
95869 6
84550 6
83080 6
87249 2
83089 3
88579 11
90699 2
114599 7
128738 15
83500 10
85219 5
83079 3
84489 12
88900 9
87420 9
86589 12
86449 12
83610 3
94499 9
82700 11
84759 1
82069 12
85859 4
83049 5
85159 10
83609 7
83130 9
82260 0
82889 12
86039 2
93339 8
83140 4
83809 14
82729 15
86389 2
83079 6
83410 7
82939 9
83799 10
83220 7
86600 2
90849 4
83119 6
83049 11
83049 14
82549 7
82379 4
84260 14
82769 13
86319 11
84279 0
83969 5
82790 15
93199 1
81429 10
84269 1
81910 11
85199 7
83099 6
81999 2
83340 7
83969 8
83579 5
83289 6
84919 1
99319 0
82209 4
86009 10
80439 4
87319 0
82930 11
83119 2
86219 13
81860 14
82459 12
85949 15
84379 5
122689 7
82840 7
87869 11
89009 10
85899 1
84079 14
85560 1
81950 12
86029 9
83049 13
82960 8
90340 13
81349 13
83439 3
83840 8
86829 12
85779 4
84079 9
83919 0
88070 8
85449 10
84459 1
85469 1
90919 6
84640 10
83619 4
84779 11
85010 3
82770 9
83459 12
85659 12
82459 8
84289 8
82129 6
87879 15
98059 7
84159 3
86260 9
82199 4
83949 3
82240 9
85799 4
82649 6
86359 7
83009 12
83840 12
89999 3
85509 12
97859 3
102229 7
87409 8
88200 12
86429 3
83959 6
84929 11
85380 15
84550 3
86989 9
94609 7
87259 11
85289 1
84929 9
83889 6
83539 10
84179 7
88909 3
82479 14
87089 10
83290 15
98379 15
81930 14
83609 0
86269 15
83119 8
82810 5
85289 6
83289 7
85819 12
87379 5
86449 15
90199 15
92739 11
89670 10
89970 15
89709 1
89659 11
85479 7
88169 6
90010 7
86410 8
89919 13
92259 11
100289 7
87769 4
88119 9
90089 15
89209 2
85539 8
89540 15
87139 7
88059 5
88099 3
89749 13
99090 11
88459 1
86629 12
88649 0
87939 14
88459 14
84469 0
86289 9
92549 14
85529 7
90360 12
127578 4
90090 0
93100 11
86749 3
86019 15
87059 11
89010 14
89989 15
91499 3
94419 5
94949 12
111239 9
99869 6
91819 12
97299 9
99870 12
99839 5
100359 7
100709 12
99649 13
94269 13
103609 8
93140 3
100988 11
99930 4
97810 3
97389 9
92789 10
98599 14
89619 4
88989 9
92629 13
87469 9
90199 1
88289 8
93109 10
89069 11
90289 11
89399 15
92899 10
92189 13
84960 8
81440 15
94349 11
83339 11
94989 10
93949 2
83880 7
81069 11
82509 7
79669 2
85129 2
82199 9
82649 4
98549 6
89959 15
81640 1
79659 15
83459 8
82020 9
86239 15
85619 15
80649 9
82270 14
82520 4
82029 4
93439 14
80289 5
82750 5
82699 2
83469 10
80740 0
85900 7
82659 12
82229 13
84550 14
84580 5
82789 10
87959 5
83720 3
80880 11
82479 6
81659 14
81110 2
80990 13
80209 15
81809 3
82069 11
81840 6
84759 0
93199 3
79530 3
84979 11
81829 10
82209 5
82660 2
80659 3
86059 8
82169 14
85529 14
81209 8
80459 9
95099 6
80389 10
81579 9
86049 5
79999 2
82419 12
81990 10
81569 12
86869 15
80930 7
84079 11
81569 7
126729 9
82569 12
79989 8
79980 15
80109 9
79899 7
83019 12
81389 13
77949 6
78219 12
78860 5
78069 14
89239 4
78199 9
78460 2
81459 6
79909 8
88059 0
93530 14
84830 13
81039 9
78739 2
82390 10
80550 5
90519 13
78139 12
78799 1
78929 2
79929 14
78180 13
78890 0
81259 12
80899 13
81049 15
78010 9
77789 0
81080 3
91379 15
80170 14
78369 13
78430 1
76500 5
80909 3
77429 5
78629 7
80299 3
79859 10
80070 15
79749 13
87049 0
78689 13
78749 7
82040 8
80619 2
79599 1
78999 6
78390 11
77889 5
78820 15
77400 8
78719 11
90099 12
77130 13
79049 3
78449 6
79519 9
77570 8
76139 1
82279 6
76379 11
78299 11
78059 9
78190 10
78939 8
82089 12
76899 2
79029 6
79689 7
78449 12
79429 15
79239 12
78829 5
77269 15
81660 15
79109 5
79799 4
82079 14
90099 1
81439 12
79429 14
76629 4
80849 6
80209 14
77429 0
76710 12
80489 2
85739 13
84879 11
77699 3
93729 8
77439 4
79579 4
77669 5
81239 1
79479 3
78099 9
79659 5
86179 3
86529 6
79009 1
78450 9
97079 0
80179 6
79619 6
78909 15
79739 0
76390 2
79739 2
77199 4
81089 14
78910 7
79860 11
78499 10
77870 6
99139 5
83560 14
80399 7
80299 5
79530 2
81170 11
86779 14
81499 5
81179 10
82429 10
82139 11
82219 5
92190 10
82490 6
81389 0
80089 13
84260 9
82590 11
83709 11
79369 14
80510 13
86320 14
80489 10
81299 2
89710 12
83810 7
79789 2
81209 9
81770 12
79139 12
78529 15
81419 13
85639 1
84149 0
117449 10
88519 8
82999 12
85070 2
81190 8
81419 10
80119 8
82219 11
80410 1
83569 9
82369 7
80549 6
82410 14
85599 6
88869 14
90820 13
81379 6
85009 14
87679 0
80799 2
78530 8
81749 1
78999 15
82820 8
79329 3
81479 15
90089 12
82650 12
84230 7
85929 0
85459 6
84749 6
88180 0
92659 14
82389 10
87699 9
84340 6
101660 7
