79869 0
37470 0
34279 0
31020 1
31070 1
31750 0
32509 0
42950 1
32200 1
32539 0
30970 1
32040 0
38800 1
51399 1
47100 0
45280 0
49959 0
45870 1
50220 1
55220 0
47490 0
48399 0
44740 1
47140 0
44889 0
47510 0
46999 1
46740 1
45380 0
57169 1
45950 1
46930 0
46519 0
46840 0
44419 0
48270 1
47750 0
49589 1
47060 0
43330 0
48920 0
46290 1
46040 0
45479 0
48340 0
44549 1
46180 1
46639 0
46900 0
45350 1
45340 1
57049 0
48160 0
48409 1
47610 0
47069 0
46709 0
51550 1
44980 0
47919 0
45120 1
46619 0
44600 0
45829 0
44949 0
47240 1
45739 0
46660 0
45160 1
51179 0
48240 0
45040 1
82019 0
45680 0
47389 1
47190 0
48919 0
44190 1
47810 1
46230 0
47959 1
45670 0
47889 1
46470 0
47179 1
45620 0
46250 0
49620 1
45760 0
48570 0
44699 1
48350 0
78489 1
47040 1
45220 1
47919 1
47140 0
47260 0
46590 0
52730 0
45319 1
48050 0
45620 1
49999 0
47580 0
46889 1
46960 1
46870 1
48229 1
46620 1
47940 0
46559 1
46340 1
58919 0
45840 1
45770 0
46789 0
45380 0
47009 1
50740 1
52990 1
51449 0
45920 0
48189 0
45930 0
47030 0
46189 1
45960 1
50090 1
47019 1
48070 0
47570 1
45609 1
54570 1
46720 1
47340 1
49610 0
51139 1
47150 1
46109 0
50450 0
50180 0
49019 0
46180 0
48560 0
45899 0
46890 0
48030 1
48559 1
46360 1
47389 1
46300 1
48550 1
49279 1
61520 0
48250 0
45490 0
53910 0
45869 0
46230 0
45319 0
47519 0
44940 0
48560 0
46949 1
47840 0
46519 1
47000 1
46240 1
48559 0
48970 0
52699 0
48360 1
46969 1
48170 1
54880 0
47989 1
45930 1
49750 0
45889 0
47920 1
47090 0
50429 0
47410 1
48239 0
47250 1
47750 1
51699 0
50720 0
51030 1
48889 0
50340 0
48049 1
48650 1
45400 0
64290 1
45470 0
48269 0
45050 0
48429 0
43949 1
50050 0
47150 1
47889 1
48930 1
47609 0
50280 1
50230 1
50390 1
50630 1
47989 1
46950 1
48990 1
47760 1
47850 1
86069 0
50580 1
46619 0
46470 0
46370 1
46590 0
46060 1
47160 0
49160 0
50620 0
49589 0
47950 1
47759 1
47320 1
48460 0
48839 0
47590 0
47270 1
49919 1
46060 1
56579 1
46659 1
32050 0
31410 0
33079 0
35630 0
34170 0
33530 0
32960 0
35750 1
32790 0
31069 0
33369 0
32550 0
33420 0
32769 0
32319 0
33320 1
35010 0
32469 0
31620 1
32740 0
34270 0
33020 1
33890 0
32340 1
31950 1
31130 1
32890 0
33260 1
43740 1
31439 1
32400 1
32400 1
32740 0
30950 0
33040 1
31970 1
31530 1
36370 0
34040 1
31279 1
31720 1
30990 0
31090 1
32299 0
32850 1
31570 0
31510 1
31350 1
31689 0
32590 0
30720 1
32650 0
31920 1
32100 1
32040 0
32389 1
31260 0
32070 1
31680 0
38459 0
36819 1
29740 1
31540 1
31530 1
31300 0
31670 1
34940 1
32779 1
32899 0
32360 1
32670 0
33850 1
32629 0
34240 0
33590 1
33779 1
32310 0
32840 1
32040 0
32550 0
31590 0
32070 0
32150 0
33010 1
32440 0
32130 0
32010 0
30900 0
34190 0
45530 1
39009 1
33000 1
33650 0
34510 0
33459 0
32400 0
33650 1
32040 0
32180 1
32960 1
33170 1
30939 0
32440 0
31020 1
31980 0
32529 0
33300 1
32640 0
31310 0
32589 0
35079 1
33580 0
31710 0
33369 1
32460 1
33070 0
33310 0
35189 1
30070 1
53720 1
33219 1
33400 1
31860 0
32750 0
35460 0
30540 0
31720 1
32349 0
32949 1
30410 0
32120 0
31940 0
31660 0
32100 0
33680 0
33889 0
34769 0
31500 1
35800 0
34240 0
36800 0
33610 0
31830 0
33140 0
32699 0
32860 0
32530 0
33279 0
32860 0
39530 0
31219 1
33479 0
30880 0
31980 1
34089 0
33809 1
33180 1
31960 0
32709 1
30610 0
32830 0
31280 0
32059 0
32889 0
34930 0
37370 1
35429 0
33129 0
33950 0
31480 0
30839 1
32119 0
35630 1
32250 0
31989 0
33380 0
34510 0
32340 0
32610 1
38090 0
31840 1
32700 1
31240 0
34260 0
31300 0
31789 1
30899 1
32450 1
32860 1
34470 1
32190 1
32750 0
32910 1
31740 0
32840 0
30430 0
32350 0
29470 0
32889 1
30810 0
32360 0
31319 0
33030 1
32240 1
33809 0
31770 0
33660 0
32800 1
32250 1
34130 1
41140 1
31330 0
32980 1
32009 1
32080 0
32740 0
32559 0
33419 0
36780 0
31990 0
32509 0
31230 1
33480 1
32829 0
31739 0
33860 1
32480 0
34570 1
34070 0
32160 0
30230 0
36050 0
33939 1
32840 1
30080 1
37279 0
32529 0
32690 0
33240 0
33509 1
50449 0
34640 0
32970 1
34220 1
33830 0
37380 1
32469 1
33569 1
35150 1
32140 0
33099 0
36420 0
34020 1
30899 1
32519 1
32650 0
34500 1
31420 1
32400 1
32120 1
36230 1
33970 1
32009 0
31190 1
32590 1
34050 1
31109 1
34840 0
34170 0
65849 0
35760 1
31840 0
34409 0
32820 1
30780 1
35439 0
34740 0
33640 1
34590 0
35780 0
33339 1
31270 1
35080 1
34679 0
34480 0
32440 1
33319 1
33119 0
35430 0
39690 1
37050 0
36740 1
35040 1
35389 0
37199 1
33280 0
37180 1
45199 1
33350 0
38440 0
33029 1
32630 0
32550 0
32870 0
33500 0
33380 0
30560 1
35510 1
36199 1
37530 1
40450 0
33639 0
34649 0
36790 0
32310 1
32519 1
32120 1
32070 1
31690 0
31450 0
33580 0
30740 1
36200 1
32740 0
33289 0
35450 0
48640 0
37639 0
35410 1
35290 1
33019 1
36720 1
31300 1
32020 0
33660 0
32390 1
31030 1
35939 1
30269 1
36020 0
33720 0
31680 1
31220 0
32990 1
34600 0
39139 0
31370 1
31080 0
36360 0
35430 0
33680 0
33760 1
33570 1
31239 1
32770 0
39820 0
31590 1
33520 1
36690 1
31550 1
35209 0
37520 1
33130 1
36500 1
30700 1
33350 0
33750 1
36950 0
32220 1
32450 1
31680 1
32660 1
32589 1
36880 1
31810 0
31779 0
32040 1
34700 0
33999 1
35850 0
32840 1
32360 0
36449 1
30550 1
33600 1
45290 0
36599 1
31960 0
35200 0
32750 0
33019 0
34490 1
37540 1
32410 1
35230 1
33380 0
34140 0
32279 1
32900 1
33150 0
30560 1
37280 0
32630 1
33900 1
34169 0
33879 0
31200 0
33830 0
36959 0
32810 0
35560 0
36160 1
32079 1
38339 1
41130 1
31799 1
36159 0
30810 1
34260 0
32780 1
33230 0
32680 1
34580 1
30949 1
33689 0
34250 0
32560 0
34519 0
34780 0
33460 0
33659 0
32489 0
32510 1
36440 0
32970 1
33509 0
34170 1
31970 0
35400 0
32110 0
32560 0
32580 0
31839 1
41140 0
36690 0
36469 1
33010 0
38860 1
36260 0
34519 0
39820 1
34060 0
33059 0
31410 0
33010 1
35210 0
40859 0
34150 1
41640 1
34009 1
37029 1
30850 0
38370 0
33530 0
32350 1
33970 1
32020 0
33939 0
31200 1
33420 1
34480 0
32939 0
40229 0
37710 0
30529 1
38509 0
31230 1
34400 1
32990 1
32120 0
31450 0
34490 0
33969 1
32430 1
34110 1
34800 1
36150 0
36070 0
31420 0
33620 0
35379 1
34090 0
36010 1
33429 1
35750 0
32670 0
33450 1
31939 0
35270 1
35990 1
37449 0
39930 0
34860 1
32789 1
33989 0
35480 0
33390 0
33150 1
34420 1
33370 1
32600 0
30379 0
32430 1
37230 1
33570 0
39069 1
33750 0
32910 1
33989 1
34470 1
32580 0
33870 1
36999 1
33169 0
31940 1
32740 0
29690 1
38629 1
33080 1
33200 0
50799 0
35460 0
34510 1
37060 0
32630 1
31810 0
32320 1
32939 0
35159 0
37740 0
33860 1
32510 1
33450 1
34880 0
34360 0
32479 0
36030 1
30830 0
36829 1
33560 1
37970 1
33280 1
33659 0
31990 0
35130 0
38540 0
33130 1
33400 0
33470 0
65239 0
34190 0
38040 1
32579 0
36570 1
36280 1
35479 0
47039 1
55450 0
58049 0
55360 1
53129 0
57360 1
64899 1
52909 0
57960 0
52189 0
52130 1
49049 1
48850 1
55640 1
48440 1
46230 0
47319 0
50390 1
45700 1
48919 1
42830 0
48220 0
46340 1
45520 1
46870 0
50940 1
47440 0
48609 0
46560 1
51280 1
46429 0
51920 0
49419 1
48750 1
53849 0
56169 1
47870 0
44809 1
46680 1
45010 0
50709 1
45550 1
48119 1
52339 0
53270 1
50859 0
49840 1
51390 0
54689 0
50860 0
53929 0
51070 1
51210 0
51520 0
57490 1
51339 0
49820 1
51289 0
51150 1
49189 1
50240 0
52720 1
49469 1
51200 1
52079 0
55799 1
52020 0
51039 0
50120 1
53150 1
55430 0
55939 0
59590 0
59290 0
55620 0
55480 0
55919 1
54740 0
54740 0
51050 1
56249 0
50420 1
54870 1
57059 0
55370 0
57310 1
56930 0
52059 0
55879 1
54340 0
55099 0
60800 1
52299 0
56700 1
56649 0
55629 0
56100 1
55039 1
51360 1
52589 0
53110 1
54100 0
54439 0
56550 0
53230 1
50900 1
57139 1
50840 1
55800 1
60780 1
58840 0
53690 1
56169 0
53749 0
51890 0
54439 0
54270 0
57330 1
56560 1
57179 0
54739 0
51670 1
56649 0
58940 0
53180 1
54249 1
50740 1
59400 0
47570 1
51229 0
49900 0
55199 1
50369 0
53700 1
51919 0
54040 1
54100 1
54529 0
52320 0
54749 1
53540 0
50209 0
51950 1
51159 0
53910 1
54830 0
61459 0
49730 0
51780 1
52839 0
53150 1
53289 1
56040 1
55239 1
54830 0
55409 1
53920 0
54699 1
54200 1
54750 1
51639 1
53120 1
51410 1
53420 1
50349 1
64830 1
50060 0
52149 0
49720 0
53600 0
50850 1
53040 0
52819 0
53570 1
51720 0
54270 1
50890 1
52590 0
52140 0
52189 1
51070 0
55100 0
58749 0
75140 0
48880 1
56620 0
54369 0
52480 1
54789 0
55460 0
55010 1
53520 1
53770 0
53570 1
54080 0
50339 0
52360 1
