3720 3
700 0
750 5
560 0
450 0
650 3
540 0
510 2
560 0
660 2
460 2
620 0
580 5
600 5
790 2
460 7
590 5
580 4
630 4
670 3
570 7
2289 5
511 4
549 1
580 5
489 4
460 2
520 2
611 0
429 5
520 1
451 7
589 3
2131 3
449 1
560 1
549 3
511 6
489 1
520 4
540 0
531 2
460 5
560 2
1560 2
531 6
529 3
589 1
520 4
540 6
510 1
540 4
560 0
490 3
550 2
570 0
1440 1
440 7
610 4
670 0
570 6
540 1
530 7
600 3
610 2
580 6
480 4
1430 3
650 0
550 6
560 1
570 5
530 1
560 2
560 0
460 7
650 0
560 1
560 2
2140 7
520 2
610 0
520 0
560 7
530 7
550 3
510 5
550 3
530 4
570 6
530 2
1440 0
560 6
500 0
650 6
640 5
550 1
510 6
570 5
500 5
580 1
520 2
1410 6
670 2
550 5
680 5
540 5
560 4
560 7
510 1
570 0
580 5
610 2
600 6
1660 4
510 1
590 3
650 0
580 7
570 3
590 4
570 5
550 7
570 6
610 3
540 6
1480 2
600 6
550 7
570 4
550 0
500 0
590 5
490 3
550 4
560 3
560 2
1300 5
630 3
700 1
490 4
540 7
609 4
520 5
611 2
600 2
540 5
500 2
549 1
1351 1
549 0
600 7
540 4
520 4
580 2
551 5
580 5
669 0
560 3
620 2
651 6
1560 5
600 2
629 6
531 3
600 1
560 5
560 7
509 3
571 1
589 5
540 2
1500 3
590 7
540 5
610 7
550 3
570 4
530 2
580 1
620 5
550 6
640 0
580 2
1810 4
500 3
550 5
690 7
580 6
550 5
520 2
700 5
580 1
550 6
650 6
1380 4
620 2
540 2
620 7
580 0
630 4
640 1
670 6
650 7
560 4
520 6
520 4
1450 2
560 6
570 3
570 3
640 5
540 6
620 6
510 6
520 4
590 4
560 5
590 2
1450 7
610 7
620 0
610 2
580 7
620 2
610 2
620 7
590 0
580 4
570 7
1700 1
690 4
650 3
590 5
550 3
580 2
580 2
630 2
630 7
560 0
530 6
550 7
1840 2
550 3
550 2
500 1
690 2
620 1
610 5
520 3
570 7
620 2
530 2
530 4
1650 5
570 7
600 1
690 4
620 5
690 3
590 4
740 5
590 5
600 4
580 5
1300 1
569 7
660 4
591 7
689 7
651 7
629 0
591 7
509 0
631 1
560 0
600 1
1649 0
660 1
651 2
629 2
600 0
560 4
560 1
600 5
560 6
480 6
649 1
591 4
1469 2
560 5
600 6
560 4
590 4
490 3
610 7
620 4
630 4
560 5
530 2
1810 7
520 6
650 7
590 1
550 4
600 5
500 6
570 4
670 6
600 7
600 3
730 4
1710 6
530 1
540 1
630 6
520 1
670 1
570 5
550 7
550 4
650 1
630 7
1940 5
660 4
540 1
630 0
670 5
630 6
610 7
700 7
640 3
610 2
700 4
600 5
1470 3
610 6
620 4
810 6
640 3
660 2
520 1
660 1
640 1
640 1
660 7
530 0
1400 1
610 2
550 7
660 6
580 6
670 7
610 6
620 4
660 7
610 7
720 6
1510 6
660 2
630 7
590 4
610 0
640 4
640 0
620 0
560 6
600 4
520 6
560 5
1280 4
640 3
560 3
560 2
540 7
610 1
620 4
610 3
610 0
550 3
540 3
700 4
1840 2
609 7
620 0
571 3
649 2
611 2
569 2
671 0
680 1
600 6
620 0
9149 0
729 0
660 7
640 1
560 3
600 7
580 3
650 4
610 4
540 7
580 6
560 6
1580 4
580 6
590 2
610 7
660 6
690 0
580 7
660 5
560 1
580 6
590 1
630 6
1300 6
640 0
570 7
630 7
710 1
670 3
620 1
560 6
570 3
580 6
540 3
1510 3
510 3
690 4
600 7
690 7
640 2
530 6
620 1
630 7
690 0
590 3
630 3
1390 2
590 6
650 0
730 7
580 3
620 4
590 1
600 0
550 4
590 6
620 5
1470 5
600 7
590 3
630 7
620 5
660 7
620 3
560 4
640 7
560 0
640 7
590 5
1380 6
620 6
540 3
590 7
510 2
610 7
610 6
610 0
510 3
620 1
590 3
590 6
1730 7
790 1
590 3
640 2
590 7
610 5
620 4
670 6
620 1
580 4
630 5
1460 5
690 7
600 2
729 5
551 2
600 0
560 1
700 2
640 4
649 0
620 0
600 4
1660 5
549 3
580 0
580 1
720 5
660 2
620 6
600 1
591 3
660 3
649 5
680 2
1320 7
620 3
609 1
540 4
570 5
590 4
650 1
640 0
580 2
690 5
630 2
1960 4
620 7
570 3
650 6
590 0
670 4
620 2
640 2
600 0
530 6
670 6
650 2
1360 0
600 5
610 6
560 4
620 6
760 6
640 0
610 3
700 0
670 5
660 2
600 6
1730 1
690 6
580 3
590 1
640 1
720 1
720 1
560 4
580 1
560 0
620 3
1850 7
660 1
550 3
640 2
610 7
560 3
550 1
630 5
580 7
730 5
760 7
620 1
1520 7
650 3
650 6
560 1
660 6
570 5
620 5
650 5
600 3
610 1
530 4
1790 7
620 0
610 3
610 7
600 3
570 1
700 2
610 4
630 0
620 5
540 1
660 7
1330 2
590 3
660 5
620 2
630 4
610 6
650 2
560 3
660 7
650 2
740 1
640 5
1689 2
629 6
640 1
640 0
709 5
651 5
649 5
671 4
660 1
640 2
700 0
1300 3
660 7
611 2
549 5
571 1
600 2
540 0
589 4
671 3
640 6
669 5
700 1
1511 6
639 4
580 0
560 3
540 3
630 5
620 4
630 3
770 4
590 2
620 3
700 3
1350 2
680 7
560 1
580 7
600 2
680 7
680 5
630 1
610 3
690 6
580 3
1930 5
570 0
610 4
610 7
590 2
660 1
610 3
620 2
630 4
600 2
620 5
650 1
1290 4
620 0
590 3
580 5
680 7
600 2
590 7
630 3
620 1
600 2
550 3
630 6
1530 6
600 0
590 2
560 4
640 3
580 6
640 5
610 0
650 0
770 4
640 7
1460 3
580 7
640 2
610 0
590 5
560 2
650 7
660 6
700 2
580 6
620 7
590 5
1790 4
630 2
630 3
630 7
620 3
510 3
680 5
780 5
540 4
670 4
670 1
1990 4
580 0
680 3
670 3
660 0
630 2
610 7
570 0
740 4
640 4
630 0
620 4
1651 5
560 7
711 1
589 3
691 0
709 5
560 5
560 3
540 0
691 3
700 5
720 1
1460 5
580 3
660 2
640 2
669 7
711 6
600 6
629 5
560 3
569 3
591 2
4109 1
680 7
640 0
670 4
610 5
700 1
620 3
600 6
750 3
730 4
620 5
610 0
1450 2
620 2
660 3
650 6
600 6
620 7
590 7
570 2
580 4
680 4
600 6
620 3
1800 0
630 3
600 5
630 5
710 2
650 6
710 6
570 6
600 7
610 1
620 4
2730 5
740 0
640 4
610 7
690 6
530 1
660 2
520 1
660 2
710 6
610 6
600 6
1670 5
580 7
620 5
650 2
650 3
610 5
620 2
620 0
590 6
630 6
660 4
640 3
1350 2
640 5
630 5
650 7
630 6
590 2
640 7
600 2
610 0
800 4
680 1
1730 2
680 4
680 5
750 6
690 5
710 6
530 1
590 6
670 0
700 1
630 1
590 1
1720 2
580 6
600 4
689 3
571 2
691 5
680 3
640 2
660 0
600 0
669 3
1500 4
640 0
629 2
680 6
680 3
660 0
580 2
640 1
551 7
629 4
600 4
540 5
1509 6
600 5
711 3
530 6
730 7
680 1
710 7
620 5
610 2
630 6
620 3
570 6
1960 4
590 4
750 1
690 2
600 5
600 3
590 6
630 4
590 0
650 1
630 0
1710 5
680 7
620 5
560 5
630 0
610 7
680 0
710 6
580 1
620 2
570 5
650 3
1320 3
660 4
610 4
580 5
620 5
620 2
720 0
630 0
570 2
620 6
600 5
680 1
1830 5
620 3
640 1
610 4
630 7
770 4
640 6
610 6
570 1
530 4
610 3
1490 6
670 2
640 4
650 3
640 3
670 2
600 5
540 0
690 3
670 5
560 4
710 6
1720 4
710 0
610 3
630 1
640 4
600 4
640 5
530 0
630 2
620 7
610 4
710 6
1460 4
590 5
560 0
680 5
760 6
600 2
790 6
620 7
580 6
660 3
709 6
1480 5
580 1
671 5
660 3
711 2
649 7
640 0
580 2
660 3
611 0
640 2
669 3
1411 5
529 0
649 4
660 3
651 5
629 5
620 5
680 5
600 6
671 3
580 1
1540 7
769 5
640 5
610 3
590 2
630 5
610 7
680 4
720 7
660 0
710 2
620 4
1470 4
610 1
760 7
660 7
600 4
600 2
580 7
770 7
630 7
650 6
640 7
580 7
1500 2
740 0
630 6
700 2
610 1
690 5
670 3
670 4
600 0
720 2
620 7
1380 2
640 5
660 2
720 5
580 6
660 3
620 4
620 2
560 1
550 0
520 7
670 0
1810 1
650 4
580 6
590 5
630 5
560 7
530 7
570 5
600 0
630 2
550 1
560 6
1820 3
560 3
590 3
650 7
620 0
780 2
700 0
700 4
590 1
680 6
670 4
1460 6
640 7
610 7
650 3
670 3
570 7
740 3
620 7
660 7
580 7
650 4
650 0
1440 7
710 2
630 0
600 3
670 4
690 1
670 7
590 2
649 1
580 3
640 1
580 1
1571 1
660 3
691 6
709 4
600 5
611 4
609 2
631 1
649 5
691 3
589 3
1380 6
720 3
740 7
600 2
580 4
631 1
549 2
651 0
600 6
719 7
640 2
690 7
3540 2
570 3
660 4
650 6
640 3
640 5
670 5
690 4
580 1
630 0
590 7
1750 1
650 4
660 1
620 2
720 0
660 7
610 6
740 7
660 5
640 1
740 6
660 1
1330 3
600 2
610 0
660 4
670 4
610 6
640 6
630 2
740 4
620 7
640 4
660 4
1580 0
630 2
600 6
630 4
600 1
690 2
680 7
630 3
600 7
590 1
590 7
1370 7
720 7
620 5
720 0
600 7
600 6
580 4
640 7
600 5
660 2
560 0
640 2
1530 4
710 5
660 1
720 3
610 7
570 7
690 2
700 0
620 0
600 2
630 1
620 6
1430 6
640 5
730 5
690 1
620 4
570 7
670 5
620 1
770 6
570 6
710 0
2749 1
631 5
740 6
689 7
671 3
640 0
629 2
560 2
611 0
609 1
711 4
651 0
1920 1
589 6
671 2
620 1
609 7
680 6
671 2
629 0
631 5
609 1
680 5
660 4
1570 4
670 4
640 5
740 6
630 7
580 4
650 4
690 0
630 3
700 7
670 1
1450 3
640 5
600 3
610 1
630 4
670 0
560 5
670 0
660 2
650 6
630 2
650 0
2520 5
640 2
570 0
620 0
720 2
610 4
560 7
610 6
690 0
760 4
680 6
1400 0
670 5
670 4
700 2
680 5
700 6
730 4
710 5
750 2
770 0
670 2
660 5
1550 3
560 2
620 6
690 6
740 1
610 4
670 2
540 4
590 4
640 6
710 7
720 3
1520 5
660 7
570 6
640 7
640 0
610 3
620 6
660 3
710 1
850 4
650 6
1480 7
600 0
590 6
610 3
630 3
690 4
660 3
690 4
730 5
650 6
670 2
590 5
1480 5
680 6
680 5
580 0
680 3
620 3
609 3
660 2
760 5
651 2
640 2
580 2
1491 4
620 5
609 2
631 0
680 5
620 2
580 1
580 0
669 2
669 5
651 2
1269 3
780 0
660 0
8369 7
630 0
630 0
720 1
610 5
690 6
600 3
620 6
580 4
1510 0
670 5
630 3
630 5
550 1
650 1
560 0
740 2
690 4
600 5
620 3
630 1
1560 3
630 5
670 0
510 2
640 2
690 1
760 2
610 7
650 0
670 2
560 0
1710 3
770 2
700 2
700 7
610 2
680 6
700 3
560 5
680 7
640 6
540 3
630 0
1460 1
680 4
670 7
540 1
710 5
650 6
690 3
630 3
760 2
720 6
570 1
1330 5
650 1
600 6
680 3
640 1
590 7
660 4
660 0
670 2
630 3
620 1
550 1
1610 3
680 0
650 0
700 0
650 7
670 1
600 2
600 7
620 6
590 5
700 2
640 4
1360 2
680 1
620 4
850 7
649 0
731 7
700 6
629 7
591 0
700 6
649 4
1471 6
600 2
740 7
629 0
631 6
689 1
551 4
640 5
640 5
711 0
640 4
551 2
2009 5
611 3
900 7
600 5
620 0
589 1
680 1
650 0
630 7
680 5
570 4
590 7
1770 6
590 5
680 7
660 7
640 6
620 0
670 6
550 4
710 6
700 7
740 6
1280 7
740 1
650 0
630 5
660 5
610 0
630 6
710 2
610 3
630 0
730 2
790 1
4240 4
620 6
630 2
610 7
650 5
810 1
730 1
720 2
680 1
610 2
700 2
620 3
1660 2
640 3
700 1
750 1
710 1
760 2
670 1
610 0
720 0
740 0
640 6
1470 4
760 6
630 1
650 3
670 0
690 6
750 7
700 3
680 0
700 6
570 1
740 4
1890 3
690 5
600 0
630 3
610 6
580 4
780 4
640 6
630 5
590 3
650 5
1370 3
720 6
600 3
640 0
680 5
680 6
660 1
600 2
789 5
611 0
660 6
649 1
2640 3
600 2
580 6
689 0
731 5
660 7
720 4
620 2
700 0
700 3
800 0
680 3
1480 5
680 2
649 4
711 2
600 2
689 4
711 7
689 3
700 1
670 3
660 6
1660 5
750 4
670 6
590 5
710 3
670 5
620 4
650 3
680 1
700 2
670 0
750 4
1480 7
640 7
670 3
610 0
690 6
670 5
540 0
620 4
630 5
770 7
760 3
700 3
1690 2
680 1
540 3
650 7
630 1
700 6
630 3
640 3
620 0
620 4
630 5
2800 5
720 1
620 3
640 0
650 1
620 1
680 6
700 1
670 7
700 1
680 5
660 0
1640 6
740 0
590 2
630 0
600 3
620 3
710 3
610 1
640 4
630 6
740 6
830 6
1450 0
720 5
630 6
570 5
680 2
600 5
820 4
730 2
720 1
690 6
700 0
1770 4
640 4
700 4
740 0
690 1
670 7
710 4
620 4
610 2
760 2
680 1
640 4
1480 1
780 1
620 2
580 1
609 6
660 5
611 0
649 7
611 4
629 3
700 1
1331 5
680 4
720 0
629 5
640 5
691 1
669 2
640 6
611 7
589 5
551 6
609 7
1690 3
760 5
630 3
610 1
700 2
680 5
690 6
770 1
630 2
670 3
670 7
650 6
1450 0
620 3
630 0
640 0
620 0
640 4
640 3
680 6
690 4
600 3
700 5
2400 3
670 1
670 0
670 4
620 6
560 0
670 3
720 2
650 0
740 1
700 0
730 3
1480 5
600 6
670 0
640 6
630 1
650 2
610 0
630 2
670 4
560 2
640 7
660 1
1780 5
620 1
670 2
630 0
690 4
740 7
630 5
640 4
560 2
740 4
600 3
1520 4
660 2
720 6
670 1
690 2
630 4
600 4
620 1
720 6
660 6
750 1
610 4
1700 0
680 0
690 1
720 5
750 2
610 1
700 2
670 0
690 6
710 4
610 3
880 1
1380 2
680 1
670 3
589 5
671 5
560 5
620 5
649 3
680 5
751 4
629 1
1691 5
720 3
760 4
671 2
580 5
700 1
629 7
591 2
669 0
600 0
771 7
669 1
1360 3
711 4
640 4
720 5
749 0
580 4
640 2
620 5
660 4
730 3
710 7
2080 4
720 7
620 3
650 0
620 0
720 1
700 5
600 5
720 4
650 5
590 5
810 6
1360 6
680 5
680 2
640 1
600 1
710 0
700 7
570 7
710 6
670 7
580 5
640 2
2120 7
700 0
720 1
640 3
550 7
670 7
680 0
750 5
690 4
610 0
720 7
1420 4
610 7
770 2
650 7
620 4
690 5
840 4
690 6
660 5
650 0
670 1
650 7
4210 0
810 3
710 6
620 7
620 0
600 7
650 3
660 7
630 6
710 7
650 0
560 6
1580 7
670 7
590 1
600 1
750 5
660 6
650 0
690 7
610 5
630 2
740 2
2010 2
780 2
610 2
740 5
660 7
680 0
650 2
689 7
631 4
720 4
700 3
680 1
1651 5
740 3
671 2
649 1
651 4
640 1
609 6
640 7
720 3
591 4
640 6
600 0
1280 7
700 0
591 7
680 0
571 0
749 1
691 0
599 1
650 3
570 6
580 1
1770 4
630 5
670 5
700 5
710 7
720 7
720 3
680 0
650 2
700 4
650 4
670 5
1850 5
770 1
650 7
810 7
670 3
650 7
620 2
610 6
640 6
660 6
630 4
1320 4
660 0
690 7
580 1
650 2
660 3
590 0
570 5
760 6
720 0
610 5
690 2
1670 4
690 2
690 4
610 2
700 0
640 4
600 0
660 7
570 2
680 4
640 1
690 2
1500 4
630 7
730 6
650 1
610 2
620 7
700 7
760 2
640 6
660 2
740 3
1790 4
680 2
650 5
640 3
660 6
570 1
620 4
690 5
760 7
740 6
690 5
720 2
1410 3
760 7
640 5
660 4
720 7
720 6
630 7
700 4
650 6
710 6
740 0
620 0
1990 1
660 6
669 7
611 2
840 0
700 3
680 1
680 6
589 1
580 6
711 1
2631 4
660 6
600 1
720 1
640 4
629 7
751 2
671 4
680 5
700 6
740 3
649 0
1640 0
700 0
670 0
610 2
730 3
680 0
660 6
600 3
700 3
710 4
620 3
640 7
2130 5
730 5
770 0
730 3
630 0
580 6
740 2
570 0
630 3
750 0
660 7
1820 3
630 7
710 2
680 5
660 5
630 3
710 6
610 4
640 6
600 3
740 1
730 2
1350 5
800 1
610 3
610 2
620 6
640 6
600 0
640 3
650 1
610 5
590 1
2070 4
650 0
780 1
650 3
700 5
720 7
580 3
750 7
590 3
730 1
600 6
700 7
1630 5
700 6
640 3
700 4
750 6
710 7
590 7
690 5
670 4
600 7
630 3
670 0
1700 4
660 5
610 5
660 2
690 4
650 2
640 4
710 0
660 7
680 7
700 4
1360 7
840 1
619 4
711 7
629 5
691 0
580 2
611 5
700 0
720 5
669 0
620 4
2000 2
611 3
700 6
700 0
660 1
689 6
711 6
700 5
700 2
700 2
649 5
691 3
1529 3
591 3
769 4
700 6
650 1
650 0
730 4
670 3
640 3
770 1
690 6
1940 0
640 5
670 6
610 7
690 3
620 2
650 5
650 6
760 4
750 0
670 0
720 5
1400 1
750 7
680 1
670 3
670 0
640 0
700 0
580 4
600 5
580 5
660 5
690 7
1920 6
650 1
600 3
710 6
670 6
670 7
660 2
660 2
670 5
690 4
710 5
1620 6
670 1
730 4
640 4
690 1
670 5
650 3
600 7
600 3
640 2
620 1
640 3
2210 1
670 6
690 3
720 1
650 0
710 1
770 5
700 3
710 2
650 7
730 0
4230 2
620 5
700 1
740 4
690 1
640 6
650 6
650 6
660 3
640 7
660 7
620 2
1670 6
609 0
660 6
651 4
751 7
740 0
680 1
700 0
649 7
671 1
600 3
700 7
1460 7
691 7
809 0
671 0
720 7
789 4
751 2
669 6
640 7
651 1
689 4
1540 4
671 6
709 1
650 0
680 3
700 0
770 5
750 7
710 3
680 5
730 3
720 0
1450 1
700 4
640 5
720 1
720 5
650 0
750 4
630 2
660 3
610 4
730 6
760 2
1690 7
680 6
700 5
690 1
630 4
690 6
620 4
550 7
700 1
720 0
610 0
1320 3
780 5
710 7
590 5
660 1
670 7
610 6
650 5
590 2
610 7
720 1
680 5
1660 3
650 0
660 7
680 3
660 0
690 1
700 7
760 0
730 2
790 4
680 2
750 1
1480 4
710 5
750 4
680 3
660 6
720 0
710 1
640 4
640 7
740 7
710 4
1650 1
690 1
680 7
610 0
650 0
620 6
810 3
720 6
720 7
670 2
700 7
730 4
1540 3
720 4
630 6
680 5
660 2
720 1
649 1
729 3
711 7
649 0
600 5
1560 5
640 6
620 2
740 4
740 3
731 2
649 0
691 4
669 7
660 0
740 2
640 3
1491 2
689 5
760 4
760 7
640 5
651 2
700 4
689 2
670 5
670 0
780 4
680 2
2050 4
720 1
760 4
640 0
760 5
690 0
690 2
700 7
680 5
610 6
750 7
1450 5
780 5
640 1
680 4
610 6
730 0
680 2
650 0
770 7
670 2
670 5
670 0
1570 5
650 6
630 0
570 5
660 5
660 6
650 3
630 2
620 1
650 6
670 7
630 2
1670 0
720 2
700 2
720 0
640 7
760 3
640 5
630 0
690 3
650 4
610 5
3020 6
770 0
740 7
640 6
680 7
590 4
650 5
640 7
720 6
660 7
690 2
700 1
1400 5
690 4
770 2
670 0
710 6
640 7
650 4
770 7
700 5
640 2
750 4
640 4
1940 2
700 3
650 1
640 2
740 5
700 6
700 6
590 0
630 7
649 6
731 2
1480 1
709 0
640 7
731 2
700 6
689 0
731 4
720 3
640 6
729 1
680 6
809 0
1420 2
689 3
611 2
649 3
691 6
620 1
691 7
640 7
619 7
670 0
630 6
1530 7
830 3
650 6
680 1
710 3
740 6
740 0
710 0
650 1
690 3
660 7
590 6
1490 7
740 5
620 2
700 7
660 7
650 1
610 4
630 2
720 7
660 2
670 3
710 0
1750 4
660 7
720 6
760 6
670 5
730 5
720 6
760 5
640 1
630 5
700 7
1400 7
740 6
690 3
720 6
640 7
730 0
600 3
690 1
660 6
650 3
650 4
570 7
2370 1
700 0
720 7
690 3
700 6
740 7
670 3
660 6
630 7
660 3
710 5
690 5
1600 4
680 5
630 3
670 1
650 3
700 7
790 5
720 1
690 5
660 5
790 2
1450 6
710 4
740 1
670 3
720 2
720 2
700 4
710 1
730 7
800 7
800 2
699 3
1371 2
569 3
691 3
640 0
669 5
600 2
800 1
689 1
651 4
649 5
620 6
700 3
4249 0
671 6
629 4
671 4
680 6
640 7
689 2
691 2
739 3
680 6
600 6
1950 3
570 3
820 3
690 0
660 4
670 1
690 4
690 1
820 7
610 1
790 5
660 3
1380 5
720 4
650 2
770 6
600 7
690 2
650 3
670 0
600 6
670 7
600 3
1990 6
740 4
720 4
610 0
650 7
650 7
730 0
780 5
760 6
790 4
640 0
630 2
1560 0
630 2
680 0
840 6
9910 6
870 1
820 0
760 5
670 2
690 7
740 4
660 4
1830 5
730 1
750 4
930 3
900 3
890 6
830 5
970 1
890 5
880 2
860 2
1920 6
790 7
770 3
690 2
640 6
720 0
600 3
649 3
791 1
649 0
760 4
691 0
1580 3
800 3
749 7
711 2
620 0
740 1
560 6
780 3
700 6
720 7
580 3
640 6
1551 2
660 6
771 4
689 3
691 2
709 1
660 0
800 1
700 4
660 1
750 3
1780 1
780 5
800 1
670 5
720 6
670 2
750 3
730 1
710 7
680 6
580 6
600 3
2250 1
800 6
730 6
700 0
690 7
780 7
690 1
660 4
670 4
720 4
650 4
640 3
1820 7
770 4
660 4
740 4
670 6
640 3
580 6
800 7
690 7
680 2
670 3
1420 3
740 6
730 4
600 4
750 6
690 6
700 5
640 3
720 2
690 2
610 0
640 3
1630 3
720 7
610 3
800 6
700 6
630 5
740 7
620 2
730 2
680 0
690 2
1750 7
640 1
760 7
840 3
730 5
780 7
870 7
630 4
750 2
570 6
630 6
670 5
1460 1
680 1
670 5
620 6
690 3
660 1
640 6
790 5
640 6
789 5
691 7
769 1
1580 5
740 4
611 6
640 7
789 5
811 2
809 2
660 0
691 1
660 0
789 6
1311 1
680 3
631 3
740 0
740 5
729 1
651 3
729 0
780 6
720 4
670 1
630 3
1560 6
700 2
710 4
710 4
690 7
660 6
780 1
650 6
720 7
680 7
750 6
610 5
1500 1
830 5
580 4
690 6
680 0
690 1
650 1
700 3
750 6
770 2
640 2
2830 3
680 2
740 5
640 0
720 1
710 0
670 6
650 3
630 2
790 2
670 0
770 2
1420 7
730 0
770 2
710 7
820 1
730 4
720 2
690 2
690 7
640 5
780 5
710 7
1530 3
740 0
690 2
620 1
670 5
630 4
790 0
730 7
690 7
710 4
730 6
2110 2
690 3
690 6
690 2
690 5
740 7
680 4
690 4
690 6
580 4
710 4
750 6
1700 4
690 4
600 3
750 1
670 3
720 7
700 6
669 0
691 4
771 2
620 2
1331 7
680 3
749 1
740 0
820 4
651 5
800 5
669 6
720 6
740 6
611 6
620 5
1849 2
740 5
620 5
689 4
731 2
729 2
580 7
620 7
650 3
620 1
650 0
710 2
1590 0
750 1
700 3
640 7
600 1
620 7
740 3
720 3
780 4
700 0
690 4
1600 4
760 5
630 0
670 1
640 6
730 0
590 4
830 3
710 4
590 0
640 3
700 0
1440 7
790 1
860 3
680 0
710 6
680 7
650 1
790 3
810 2
670 4
690 2
750 5
4330 3
760 7
640 6
690 2
720 7
730 3
720 7
780 4
560 3
630 2
750 0
2010 6
920 7
720 0
680 4
790 7
670 0
590 3
680 0
830 2
660 3
720 3
620 3
1490 4
580 3
710 7
750 1
720 5
740 1
700 4
710 6
680 2
600 2
750 4
670 0
1540 1
710 3
640 3
790 2
660 2
669 3
640 7
611 3
689 0
600 7
691 7
1431 2
620 0
640 2
760 5
689 6
740 4
789 6
651 3
600 0
660 0
680 6
700 3
1451 5
829 0
780 2
671 2
649 4
771 5
740 4
690 5
620 5
700 6
730 1
2770 7
670 2
700 0
670 2
660 1
700 6
760 4
740 5
820 6
590 7
770 2
740 0
1660 0
740 5
680 1
640 3
810 6
700 5
800 6
640 0
700 4
750 3
630 7
690 1
1560 0
740 4
630 1
640 4
640 1
650 0
660 6
750 3
690 1
680 7
640 2
1510 6
740 6
690 7
680 0
640 1
700 4
750 0
670 5
650 3
840 0
650 7
700 0
1610 0
730 6
720 2
670 5
760 5
740 1
760 2
670 0
700 2
670 4
640 2
680 6
1360 2
720 1
790 0
640 3
720 0
770 4
720 5
780 6
710 0
610 6
720 0
1710 5
750 4
810 6
760 2
730 6
850 3
670 0
760 2
609 3
731 7
700 6
700 4
1589 4
591 3
611 1
731 6
711 2
720 6
769 2
631 3
800 6
669 2
620 3
660 7
1560 7
720 3
660 6
749 4
789 4
680 0
680 2
700 0
670 6
630 5
710 5
1440 0
770 4
710 6
730 5
670 1
680 3
690 6
640 3
650 5
670 2
770 4
670 1
1480 3
700 2
710 3
740 3
800 3
680 5
630 5
640 3
670 4
710 7
670 1
1420 6
710 7
680 4
680 0
690 2
610 2
750 2
780 4
690 7
740 3
700 0
720 2
1810 0
630 2
670 0
720 4
680 4
780 6
580 1
600 7
660 2
760 0
740 5
730 5
1520 1
750 4
720 2
680 2
740 5
780 0
700 3
680 5
690 2
730 1
630 0
2480 4
680 5
760 5
740 1
690 2
690 5
780 1
680 4
890 5
710 4
720 7
700 5
1520 3
630 3
630 6
760 1
700 7
670 5
630 1
699 4
751 1
760 5
780 5
691 2
1540 6
649 5
751 1
669 0
751 7
849 3
651 4
740 0
660 4
740 7
740 4
2889 4
780 6
651 2
740 6
649 3
740 0
680 2
840 2
670 1
750 4
710 1
720 3
1770 7
710 3
740 1
730 6
620 3
850 4
650 6
630 3
690 6
700 5
620 4
610 5
1510 6
630 7
750 2
880 0
650 3
690 2
830 5
750 3
720 0
670 6
660 1
1760 5
700 0
710 2
740 2
710 1
680 4
720 5
670 3
810 7
730 3
670 4
700 1
1730 1
780 3
880 6
740 6
650 3
640 1
710 2
760 3
750 1
630 6
640 2
1450 3
750 5
680 1
670 3
670 6
740 1
710 3
810 0
770 5
740 5
760 6
730 2
4340 4
650 5
580 0
740 4
740 1
720 3
640 1
590 2
730 7
780 2
650 6
660 5
1950 1
700 2
680 3
740 4
560 6
751 4
720 7
740 2
749 0
651 1
649 3
1520 2
680 3
700 2
751 5
669 2
731 0
629 5
720 6
631 1
660 5
709 7
760 1
1831 4
709 2
750 0
710 4
690 6
680 1
700 5
600 6
720 2
640 4
690 2
660 3
2260 0
820 0
720 7
800 1
600 2
700 1
760 2
670 4
700 6
690 4
600 1
1560 2
630 1
700 5
620 5
670 2
680 6
720 4
720 4
680 6
580 3
700 6
730 5
1930 3
580 3
740 2
910 1
760 0
710 0
790 4
590 4
650 3
740 7
670 3
760 7
1690 1
640 2
670 1
740 1
690 4
730 2
650 5
710 6
660 7
720 5
680 2
1340 5
740 4
710 7
730 6
660 5
740 3
780 4
660 3
650 2
770 5
690 2
710 1
1650 3
660 1
660 3
810 7
680 3
640 4
810 5
660 3
680 0
740 3
660 6
1410 1
610 5
760 4
689 0
740 2
680 5
711 1
649 1
700 6
671 1
680 7
689 1
1700 7
760 0
831 3
791 5
680 3
749 0
720 3
709 2
580 0
640 2
729 4
731 3
1709 5
660 1
759 1
690 5
660 2
740 6
700 3
710 6
770 5
710 0
720 0
1700 2
710 3
730 6
700 7
730 0
690 4
690 2
610 0
700 2
700 5
740 2
640 6
1410 3
740 2
740 6
640 3
730 0
620 1
730 2
660 2
740 1
670 2
780 6
690 6
1700 6
650 7
760 0
760 0
760 4
700 6
790 3
760 4
640 6
690 4
700 4
1490 5
750 6
630 6
660 7
640 2
770 3
690 7
600 0
730 2
670 4
720 5
760 6
1710 0
760 7
720 1
660 0
730 2
710 2
740 0
650 2
810 4
730 4
670 7
860 2
2170 0
750 1
780 7
760 3
790 6
720 1
710 7
750 1
620 6
730 1
620 2
1560 4
820 1
749 0
671 5
649 2
760 7
660 5
651 4
720 3
700 5
651 5
751 1
1731 0
800 3
749 7
691 3
760 0
760 7
689 5
671 3
680 7
660 1
749 2
1551 2
729 2
710 7
700 4
810 0
680 5
730 1
770 1
630 5
690 3
660 3
640 0
1890 0
750 5
620 6
770 0
660 6
700 1
760 5
860 5
720 7
700 1
740 2
700 3
1590 5
700 0
680 7
660 1
690 5
670 3
670 4
670 2
610 0
690 5
640 0
1620 3
690 3
670 7
670 6
570 4
820 1
680 0
600 3
620 4
720 0
680 0
730 6
1510 3
670 2
830 5
750 7
660 5
730 5
780 0
770 5
750 2
690 7
710 0
720 7
1810 1
710 1
670 7
740 0
710 3
740 6
730 2
690 5
620 0
710 5
740 6
2720 3
780 1
720 4
790 0
700 0
670 2
660 7
720 0
660 4
710 2
650 3
670 0
1640 6
749 6
720 0
760 2
820 4
720 0
671 0
760 7
700 1
660 7
709 4
620 2
1431 5
729 1
620 3
631 2
749 7
680 7
731 4
669 0
611 0
640 1
680 0
4589 0
720 3
760 2
680 0
710 4
630 5
550 7
730 6
590 3
670 1
730 6
800 7
2580 4
680 0
780 4
690 4
730 3
680 7
750 2
740 5
750 0
690 7
700 4
1280 0
810 2
640 2
730 6
650 4
780 7
650 3
660 4
660 0
730 3
770 2
800 1
1600 7
720 2
670 7
620 0
840 6
640 5
710 4
690 3
750 3
720 1
700 2
770 6
1540 4
670 2
820 3
700 0
710 4
700 4
640 0
690 1
810 1
710 1
700 7
1660 1
820 7
750 2
660 5
660 4
810 7
700 7
730 0
680 3
680 6
710 0
760 0
1550 5
850 4
690 0
710 1
780 6
940 2
650 2
700 0
630 1
699 1
691 2
629 6
1649 3
831 2
669 1
711 5
789 7
580 1
680 0
640 3
680 6
840 5
640 3
1451 4
760 1
840 2
789 7
731 2
769 3
720 2
671 2
620 7
660 0
800 0
650 3
1680 4
700 0
720 7
720 2
770 6
640 3
700 6
680 7
630 6
680 0
640 2
660 0
1520 6
740 0
720 3
770 0
690 3
650 5
740 6
730 2
750 0
700 2
680 6
1990 1
730 4
760 6
700 4
690 3
790 5
740 6
820 6
650 1
680 1
630 0
710 1
1660 3
710 3
640 2
770 6
780 6
730 0
710 2
680 0
780 7
680 3
730 6
1450 2
770 0
670 7
750 4
780 4
690 4
640 2
690 4
720 3
810 6
570 1
710 6
2680 1
880 4
760 4
780 3
780 4
690 2
680 1
630 0
710 6
740 5
800 2
750 0
1530 1
770 6
630 6
680 6
730 5
750 0
770 6
740 6
720 1
709 0
591 4
1580 0
700 3
700 0
749 1
8000 1
760 1
620 6
731 6
720 6
720 0
729 2
680 2
1540 0
760 7
690 7
690 0
770 4
710 5
730 0
720 4
700 0
840 0
630 3
770 2
1590 6
680 4
780 0
730 1
700 3
670 1
670 0
830 0
650 5
770 2
650 3
1480 6
720 0
690 7
720 0
720 4
660 0
700 7
770 3
660 5
830 5
770 4
680 5
2000 1
710 6
820 4
800 0
760 0
660 5
720 7
700 4
680 5
710 4
760 3
690 0
1530 6
760 5
720 3
750 4
870 1
730 4
640 5
700 5
730 2
770 0
710 1
1940 3
670 2
690 4
760 4
610 3
800 6
720 1
710 7
700 6
790 4
680 2
700 2
1600 0
630 5
740 7
740 2
720 3
650 0
690 0
720 7
699 0
751 1
629 5
1740 0
711 3
760 1
720 4
829 6
660 1
760 3
691 0
709 1
800 7
660 4
709 6
1440 3
771 7
820 2
720 6
669 6
711 0
700 4
719 6
710 2
710 7
780 5
760 0
2120 1
700 6
720 5
640 0
650 0
730 2
730 2
690 0
760 3
740 1
780 2
1330 7
640 6
710 6
650 7
790 7
640 0
690 0
690 4
640 3
710 5
680 2
790 5
2200 4
730 1
780 6
690 2
650 5
700 2
750 0
840 6
710 0
620 7
740 6
790 0
1500 1
740 4
710 5
670 7
810 4
690 4
670 5
790 4
720 6
670 3
720 3
5240 2
880 2
800 1
730 0
620 5
690 0
660 3
710 5
760 4
750 0
750 7
710 5
1740 1
690 3
710 4
670 7
750 7
770 5
780 1
650 0
600 2
660 2
710 6
670 1
1450 5
729 1
680 6
671 6
740 7
720 0
689 5
680 4
671 7
689 3
731 1
1640 4
760 0
700 4
800 0
671 7
809 2
700 4
749 3
720 4
820 3
689 4
760 0
1730 4
710 5
710 0
730 1
710 4
700 2
720 6
740 4
700 2
660 0
770 3
1470 4
790 5
710 6
680 4
670 3
690 7
740 4
600 3
720 5
790 0
760 3
730 3
1890 6
690 1
800 0
720 5
720 5
600 6
700 1
750 5
670 3
730 1
780 3
680 0
1450 2
610 7
730 7
720 1
760 3
630 4
690 7
580 5
640 3
690 1
660 1
1760 3
830 1
710 3
780 2
870 4
740 0
770 2
670 0
690 1
820 6
720 5
730 2
1340 0
690 3
650 3
770 5
810 0
620 3
780 7
680 6
700 1
860 1
700 1
750 7
1680 1
730 1
790 2
630 5
770 4
700 6
660 4
640 6
720 3
720 1
670 0
2049 0
671 2
569 7
731 6
640 6
809 5
740 3
660 3
769 0
731 0
700 4
689 5
1700 2
760 7
631 6
689 3
611 3
791 5
709 1
791 5
640 3
780 5
669 3
680 6
1390 4
730 7
710 6
710 0
670 3
750 6
670 0
680 0
690 2
750 3
790 5
1860 7
790 6
690 2
780 7
730 5
750 2
770 3
670 7
720 2
740 0
600 5
670 2
1450 6
770 1
680 1
680 3
790 4
760 1
700 0
760 4
760 7
650 3
790 5
1450 3
870 7
650 7
760 0
680 2
740 2
890 2
710 6
690 1
720 0
650 6
710 3
1520 4
740 2
700 3
670 1
700 4
680 5
650 5
760 4
770 3
700 2
830 1
760 4
1660 5
760 6
770 2
710 3
720 0
630 5
720 1
660 2
570 5
790 5
720 3
1480 0
810 0
730 5
660 3
750 3
770 7
760 3
670 2
620 3
660 3
800 5
649 3
1680 2
789 2
680 3
700 6
740 0
660 5
751 2
740 3
709 4
740 1
711 5
709 1
1371 4
820 3
829 5
649 5
691 4
769 4
740 6
820 2
720 5
720 6
680 6
1650 2
760 2
670 5
730 6
590 7
660 6
730 7
820 0
740 1
650 0
650 0
770 4
1460 5
780 7
700 6
680 7
730 5
600 2
650 0
740 0
630 5
760 3
830 4
730 4
1980 7
710 4
710 5
800 3
770 5
730 2
740 2
720 3
650 7
660 6
750 5
2040 5
690 3
800 3
760 6
650 3
650 6
810 5
630 5
660 2
710 6
760 2
630 5
1510 1
640 1
740 0
850 7
640 4
730 6
640 4
660 3
710 6
670 1
740 6
1650 3
610 3
820 6
850 7
750 4
610 1
770 2
700 1
720 7
720 7
750 5
680 0
1430 1
790 5
630 2
780 2
710 6
710 0
709 1
691 3
729 7
680 5
691 7
720 7
4309 0
800 2
671 7
820 4
740 7
820 6
940 5
671 0
680 5
700 4
640 1
1649 5
751 0
689 0
740 7
650 2
870 1
600 2
800 5
850 7
610 6
770 2
670 7
1440 0
750 4
710 1
680 1
750 0
640 0
690 5
710 5
760 4
720 6
690 2
800 1
1700 3
640 4
690 5
630 4
670 1
810 5
760 6
780 6
760 5
700 2
720 2
2740 1
710 5
680 1
730 4
640 1
720 3
730 2
650 1
910 3
720 3
710 6
630 2
1990 5
680 1
770 5
720 0
710 3
850 6
670 6
810 7
740 1
770 2
690 5
720 6
1480 4
740 7
740 7
710 2
730 3
920 7
740 1
820 0
670 5
760 4
660 1
1690 4
730 1
670 0
830 6
780 0
680 2
790 5
650 0
720 3
580 6
600 7
770 2
1540 0
729 6
780 6
691 4
720 4
700 4
729 5
669 3
791 7
680 4
700 3
2380 1
771 1
689 7
771 1
760 6
809 1
771 1
780 6
791 4
629 6
830 5
600 4
1420 1
620 1
690 5
740 2
640 0
770 5
720 0
740 3
750 0
720 7
660 7
730 1
2070 4
830 2
710 2
690 6
780 5
630 4
740 6
780 6
600 4
840 6
670 3
1560 2
770 0
820 2
670 3
760 1
690 5
810 5
620 4
720 4
870 2
700 1
770 0
1730 6
650 1
700 5
710 4
760 2
750 7
680 0
700 4
630 6
720 0
730 7
720 1
1510 6
680 1
760 1
720 5
650 1
740 1
670 7
690 5
760 3
700 0
760 3
1870 3
710 6
680 3
710 2
680 5
770 0
850 7
670 2
770 6
650 1
760 6
680 6
1430 5
750 7
710 1
750 7
690 7
820 0
730 0
729 2
800 4
740 0
731 4
709 3
1711 3
629 3
851 0
920 5
789 6
811 1
700 5
800 4
729 2
811 4
689 0
1471 4
729 2
829 7
569 3
660 0
669 3
700 5
610 2
700 0
840 1
760 7
760 5
1520 0
780 1
670 0
710 3
770 3
760 0
670 2
670 4
850 7
740 1
680 4
1660 7
700 5
710 5
730 0
680 3
750 3
730 7
730 1
720 0
690 4
930 4
720 0
1510 0
740 5
790 5
670 5
740 3
720 0
730 1
810 0
720 6
740 5
660 6
750 7
2280 0
640 1
740 7
750 3
710 3
700 5
720 2
650 7
720 7
690 7
720 0
1440 7
720 3
770 3
690 3
710 4
780 3
890 7
650 4
720 0
700 0
700 2
680 0
1630 6
730 5
650 6
820 4
620 7
790 5
720 0
770 7
730 4
710 6
700 5
680 3
1430 2
690 3
750 2
680 2
620 3
760 4
660 5
769 7
771 3
700 0
849 7
1640 6
751 5
740 3
720 1
720 5
689 5
691 0
800 1
840 1
689 1
760 4
671 3
1540 0
760 0
849 2
770 1
710 5
760 6
690 3
660 5
750 1
670 5
680 3
720 6
1780 2
740 3
720 1
660 3
770 2
670 6
740 7
750 6
780 6
730 2
740 5
1430 3
630 3
870 1
610 3
630 3
680 5
730 5
700 4
770 2
700 0
670 2
670 6
4320 5
810 6
640 0
800 0
800 2
760 5
790 0
730 1
640 2
690 3
740 7
2030 2
750 6
730 6
640 2
830 4
710 6
760 5
810 7
720 5
680 6
670 5
620 3
1530 6
810 7
730 0
760 2
630 6
710 0
830 5
750 7
680 1
760 7
720 2
860 7
1960 3
620 6
800 6
770 2
810 2
700 6
720 5
760 0
660 6
729 5
731 3
1560 4
720 3
800 3
769 4
740 0
671 4
689 1
740 4
751 4
749 4
660 7
640 1
1680 2
800 0
760 2
900 1
691 1
720 6
749 4
640 0
880 0
650 3
650 1
690 4
2170 0
680 0
670 4
760 3
650 1
680 3
690 0
730 5
700 7
710 7
680 5
2920 6
890 2
820 7
720 2
680 4
660 5
760 3
770 0
730 5
710 1
780 6
580 1
1450 6
700 6
760 7
760 0
670 5
770 2
660 1
740 0
740 6
730 3
660 1
790 6
1690 7
830 3
850 2
720 0
750 6
680 6
690 5
870 0
720 3
750 3
620 6
1480 6
780 1
740 7
770 3
700 6
780 0
780 2
700 4
780 6
690 4
830 5
780 1
1460 1
710 3
790 3
710 5
790 1
640 1
740 7
770 0
780 6
680 5
670 0
1830 3
770 2
760 1
680 6
689 7
660 5
791 7
829 2
651 3
640 6
669 5
780 3
1531 6
720 6
709 5
751 2
711 0
609 7
751 0
669 3
651 5
669 1
740 1
671 0
1769 2
790 6
720 1
770 7
750 7
660 1
680 5
680 1
840 1
730 4
770 4
1400 1
780 7
750 1
640 1
660 1
680 4
700 4
630 6
700 2
830 1
690 4
740 4
1850 2
840 3
810 7
640 2
730 6
740 7
700 2
690 3
710 6
770 0
740 1
850 7
1530 2
740 5
730 3
730 4
680 1
710 2
780 5
700 3
730 0
780 3
690 1
1770 3
710 6
660 3
630 5
650 4
730 2
680 3
750 3
710 3
720 5
650 7
780 0
2000 7
750 2
720 2
690 2
690 4
740 4
790 6
840 2
700 3
720 2
740 7
830 2
1860 5
700 7
730 1
700 2
920 0
710 7
780 0
600 0
750 1
690 6
719 1
1471 7
749 4
800 2
711 3
720 0
760 3
629 6
760 2
780 7
800 0
651 6
669 4
1640 5
791 1
769 3
780 6
680 6
611 3
829 6
751 7
809 0
951 7
649 5
1400 4
830 1
680 2
620 3
700 3
820 2
760 5
720 5
630 5
690 5
680 6
630 3
1550 7
700 7
740 0
730 6
760 2
650 5
710 5
810 7
660 5
630 7
720 1
690 5
1660 3
720 3
760 4
720 4
670 0
730 0
680 0
750 3
810 5
680 6
750 4
1830 1
780 0
670 2
760 4
790 0
780 0
630 3
670 5
650 4
730 2
740 1
10440 0
1410 3
710 0
850 6
770 1
690 3
670 2
770 5
670 5
690 1
690 2
690 1
810 4
1570 3
650 2
760 1
680 3
850 2
640 5
680 5
780 6
750 1
630 3
740 3
1520 2
769 1
720 0
620 6
660 3
631 6
729 6
680 6
611 1
720 3
660 5
660 0
4380 3
669 4
751 5
720 3
780 4
809 7
740 3
860 7
770 7
730 3
720 6
650 3
1990 3
720 3
820 0
720 6
720 1
710 6
690 4
790 7
700 5
760 1
690 4
1530 1
750 0
680 5
660 7
640 6
640 1
720 3
640 6
740 7
840 3
700 3
730 1
1420 2
840 3
840 1
750 5
700 3
730 0
850 5
670 2
710 6
710 3
760 6
1660 6
710 3
790 5
690 4
580 6
740 3
740 6
790 7
650 4
640 3
780 6
810 0
1650 6
800 1
650 1
790 5
630 1
750 2
640 1
760 7
760 5
700 7
750 4
790 5
1700 4
740 1
740 1
640 5
780 3
770 2
740 3
720 0
670 6
870 7
780 2
1410 2
800 3
759 6
751 0
669 5
751 5
640 2
809 1
700 6
720 1
720 6
860 0
1740 2
760 0
780 4
689 1
760 1
1040 2
680 3
711 5
640 5
829 2
600 1
700 3
1491 3
749 6
700 0
730 3
660 5
790 0
610 3
670 3
810 2
710 0
770 7
3090 3
720 0
710 6
910 0
770 6
700 1
680 3
780 3
640 7
790 7
740 2
700 5
1470 0
850 3
770 6
690 2
680 3
820 4
670 3
730 5
750 5
690 2
720 5
790 3
1920 3
670 0
730 4
720 7
800 6
810 2
730 3
740 7
820 6
760 7
730 2
1730 7
810 3
750 5
830 1
850 4
780 7
760 0
710 2
810 0
690 1
670 1
690 2
1660 7
910 2
800 7
840 2
730 4
720 6
730 0
700 6
750 5
780 5
780 1
1500 3
790 7
660 1
750 4
670 7
630 6
830 6
730 6
740 2
730 6
860 4
680 5
2620 6
740 0
660 1
740 6
909 0
740 7
720 3
771 4
820 5
709 1
751 5
800 6
1620 2
720 5
709 4
760 5
760 2
800 2
689 2
700 1
790 1
700 7
800 7
1680 1
740 1
830 0
640 7
720 6
700 1
680 1
650 7
700 2
650 7
720 7
870 3
1570 6
750 5
650 6
750 3
820 1
800 7
850 2
870 2
800 4
780 5
740 3
830 2
2070 6
710 3
780 2
740 6
680 5
690 7
900 7
710 7
690 2
710 3
760 4
1640 7
780 3
750 1
680 7
740 1
700 3
760 2
810 1
690 0
710 6
800 6
800 4
1930 7
720 6
810 4
670 1
660 0
660 5
690 2
750 1
770 0
700 3
810 1
660 7
1500 7
750 2
620 3
800 7
700 1
610 1
870 0
730 2
750 1
720 2
770 1
1960 3
810 4
820 5
719 1
680 3
731 5
780 1
671 2
729 7
800 4
791 1
789 0
2031 7
789 3
831 4
669 5
680 3
860 0
660 2
840 1
731 7
800 2
729 7
1411 6
749 2
720 7
680 4
750 3
740 0
770 5
660 7
750 5
750 7
740 7
710 2
1710 2
760 5
800 5
680 5
760 4
750 2
910 0
770 4
800 7
760 6
690 3
690 7
1490 3
770 4
840 1
700 3
670 4
710 6
710 4
730 7
870 4
710 2
750 5
4820 1
800 3
710 7
790 0
730 5
880 3
810 5
750 3
860 1
730 1
750 4
730 3
1770 2
900 5
750 6
710 0
700 4
730 3
780 5
760 2
710 7
730 6
750 6
850 6
1510 2
760 2
730 6
670 3
620 3
750 1
660 6
840 1
710 3
670 6
810 6
1700 4
700 7
750 0
800 3
880 1
740 7
839 1
820 0
811 1
780 5
769 4
629 0
1371 0
760 1
789 5
720 0
700 2
780 1
680 5
711 3
700 1
749 1
791 1
829 5
1811 4
860 0
720 4
749 2
649 7
660 4
780 7
760 7
690 6
710 5
720 6
1500 5
790 3
630 0
740 0
670 0
800 5
760 2
660 7
660 3
730 5
780 2
770 7
2060 3
650 3
820 7
760 6
850 0
840 4
800 4
750 3
770 2
760 5
900 6
1530 7
770 6
830 7
760 3
820 2
820 6
780 1
770 4
820 7
770 3
790 4
680 7
1690 1
730 1
770 7
660 3
760 0
750 0
720 7
740 7
630 3
850 2
780 6
780 7
1430 7
740 1
710 4
850 4
720 6
770 0
750 1
750 1
710 1
580 1
740 6
1610 0
760 3
680 6
760 4
770 3
740 4
720 4
670 1
790 6
690 5
800 7
710 5
1650 5
780 0
700 4
749 1
740 0
760 7
731 5
789 0
740 7
740 0
700 1
760 6
1580 1
671 3
720 7
780 1
680 0
749 1
711 2
720 5
680 1
860 5
689 3
3389 6
880 0
630 6
710 2
810 6
690 5
670 6
620 5
680 7
780 7
800 6
660 4
1880 2
650 0
650 4
640 0
650 5
710 2
710 3
580 5
760 6
690 6
680 0
720 4
1360 7
770 7
760 3
740 5
780 2
720 0
750 4
700 2
680 2
790 3
680 2
1840 7
680 7
670 7
840 7
690 3
680 1
680 6
680 7
840 7
690 6
660 7
680 7
1580 0
690 6
680 6
800 2
900 1
790 1
880 0
760 5
760 7
770 4
750 4
1370 0
760 1
720 0
720 2
760 1
920 4
930 7
760 7
740 6
720 0
700 7
630 3
1630 2
790 6
780 7
740 0
610 1
690 5
830 2
720 2
660 7
740 6
749 4
731 0
1500 4
740 2
700 5
660 0
760 6
789 7
631 3
740 0
800 5
751 6
629 6
1620 1
700 5
720 2
771 3
749 0
669 4
840 0
740 3
740 1
700 2
770 0
900 5
1510 2
730 6
760 5
720 7
640 2
810 7
660 3
790 5
750 3
800 5
750 5
650 3
1720 0
680 4
670 7
770 4
880 1
680 0
770 7
700 7
740 5
720 4
700 3
1560 6
820 7
750 2
670 7
690 2
770 5
680 6
780 7
720 2
720 4
770 5
830 1
1800 7
720 6
770 1
740 0
620 2
810 3
790 0
580 2
670 4
750 0
650 3
760 0
2170 1
800 0
750 0
760 6
740 0
730 4
760 3
800 7
800 4
680 2
820 1
2020 7
780 1
800 6
700 7
750 0
690 5
720 0
790 0
640 6
770 7
770 7
750 7
1400 5
790 4
700 7
810 7
670 5
800 4
729 3
760 5
831 6
680 0
760 7
3931 1
829 1
880 6
740 3
780 6
689 6
740 3
611 0
649 7
780 0
740 4
740 2
1831 2
660 7
739 2
690 0
720 5
660 5
790 6
670 0
710 1
800 2
690 1
720 2
1510 2
710 3
780 6
860 4
700 0
870 5
710 0
690 1
820 2
690 7
730 4
1900 0
780 1
680 1
730 2
790 2
740 0
760 5
860 0
700 4
730 6
690 0
680 2
1450 1
750 4
790 0
690 5
720 5
660 4
660 7
720 5
690 5
740 2
780 2
690 0
1830 1
730 0
800 0
810 5
900 3
790 2
850 5
820 1
810 7
640 5
710 5
1400 0
820 7
750 5
820 7
750 7
850 5
710 4
800 5
810 6
740 2
790 3
740 2
2220 6
740 4
650 0
760 3
700 5
680 3
630 4
760 7
670 3
730 4
730 4
750 3
1500 2
720 5
791 7
749 6
680 3
760 3
651 3
720 5
649 4
631 0
729 2
1811 5
820 2
749 0
720 5
629 6
760 0
811 5
620 3
709 1
689 0
670 5
800 5
2400 6
840 7
770 5
660 6
750 5
740 1
780 2
760 0
730 2
680 4
770 0
1430 7
710 0
750 7
790 0
890 5
790 4
810 7
700 3
860 4
840 6
710 3
770 7
1590 5
770 3
820 4
700 1
670 3
780 7
770 0
730 5
750 0
770 2
770 6
820 1
1560 7
730 2
720 1
780 3
840 1
760 3
690 7
890 4
770 0
670 1
730 3
1810 0
760 0
700 1
850 5
700 2
730 2
670 7
700 7
740 7
690 7
660 2
740 4
1640 2
790 7
670 4
700 4
640 4
680 2
710 3
730 7
760 6
680 2
720 0
710 0
1840 3
740 6
770 5
670 3
760 1
690 3
780 2
809 5
871 6
649 3
731 2
2860 2
689 4
731 1
809 7
680 5
631 2
809 4
711 3
769 5
751 3
680 1
729 0
1951 0
700 6
791 1
779 2
800 3
750 7
690 3
800 1
730 3
800 7
660 6
790 4
1440 3
690 2
760 7
770 5
600 4
700 7
870 0
650 0
680 5
780 5
780 0
1830 7
770 5
870 6
830 6
630 0
630 1
780 7
730 3
700 3
710 3
720 4
710 1
1570 6
650 2
730 1
700 4
740 0
720 0
800 6
740 1
710 2
790 0
780 3
1720 0
740 2
720 4
760 2
700 5
760 0
790 2
720 1
770 3
740 0
800 6
820 2
1400 6
720 3
870 6
710 1
690 0
660 7
680 0
690 6
770 1
660 4
720 6
740 4
2600 6
830 4
620 0
640 5
710 6
750 7
760 0
690 3
780 4
630 4
720 2
1530 2
909 0
809 2
751 5
800 1
889 4
800 3
760 1
780 5
731 6
789 0
751 3
2080 2
809 3
760 5
791 5
809 7
811 6
680 5
780 2
649 0
720 3
760 2
790 1
1500 1
790 2
730 0
710 6
720 2
690 2
810 0
780 1
740 3
760 2
730 4
1680 1
780 6
720 4
760 6
750 1
900 2
730 3
700 7
820 5
690 4
720 2
700 2
1470 7
840 1
740 6
760 3
850 0
700 4
710 7
700 4
750 2
700 3
660 5
720 7
4150 1
770 4
780 0
740 0
730 5
640 6
710 0
670 7
770 1
700 7
720 5
1620 7
730 1
860 6
750 1
630 6
740 7
720 0
910 1
710 7
740 4
730 1
940 2
1860 5
790 3
840 4
750 7
810 7
740 1
650 4
650 4
760 6
720 2
730 4
1610 5
700 7
810 2
760 6
760 0
620 3
760 7
680 1
820 4
760 3
860 4
980 6
2351 6
909 6
849 3
11159 5
910 0
1010 4
1070 1
1000 4
1050 7
960 1
980 1
840 6
1920 3
920 7
910 6
1010 2
890 6
800 2
740 5
740 3
770 2
720 5
780 0
1680 3
670 6
800 1
720 6
710 1
630 2
670 4
780 4
780 7
720 5
800 7
710 5
2240 5
760 4
850 1
810 2
780 5
930 7
680 7
690 1
760 3
790 2
860 7
840 0
1820 1
780 7
790 3
760 1
680 0
600 3
640 3
830 1
820 7
630 3
740 7
1610 2
690 5
710 1
790 3
870 4
740 1
650 3
840 7
770 0
730 4
740 0
700 0
1890 1
780 4
780 1
600 1
869 0
709 0
671 7
900 5
700 5
800 7
789 5
669 6
1440 2
780 1
771 6
709 6
751 2
800 2
669 0
660 6
760 1
640 7
580 3
1900 7
740 3
711 3
780 7
660 3
710 5
810 2
790 0
650 0
760 3
820 3
690 5
1620 1
730 1
720 1
670 4
750 2
810 1
800 4
750 0
790 1
660 5
800 7
1870 5
690 2
780 1
640 3
760 4
760 4
620 3
670 4
660 3
760 2
740 1
650 7
1600 4
750 4
740 4
720 3
700 7
730 7
720 7
750 6
730 7
680 2
730 7
780 0
1880 7
790 0
740 3
680 5
780 2
720 1
810 7
770 4
800 1
780 1
700 5
1450 2
830 5
710 3
770 5
820 2
680 5
700 2
790 3
740 4
700 7
690 3
760 4
1600 0
780 7
750 5
790 7
740 4
820 4
790 1
690 4
820 3
730 4
700 7
700 3
1610 1
760 3
749 4
649 5
711 6
809 6
831 6
771 4
780 7
709 4
760 2
3440 2
751 2
849 5
671 5
660 0
780 2
689 6
711 2
669 3
700 1
771 0
789 1
2000 7
850 2
690 7
710 2
690 3
810 4
710 3
750 5
780 7
740 4
650 3
710 4
1900 1
770 5
670 2
880 2
770 3
640 5
740 7
850 4
820 5
810 5
700 3
1590 1
850 5
790 0
630 5
700 4
730 6
750 4
710 3
740 0
630 1
810 5
670 5
1490 4
770 3
830 7
740 6
720 1
650 3
800 0
690 0
660 3
780 2
760 6
2190 6
800 0
660 4
740 0
750 4
650 6
700 7
820 2
790 2
730 4
750 0
830 0
1560 4
730 4
830 4
790 4
630 3
770 1
730 1
640 1
650 3
760 5
810 6
880 0
1600 7
630 4
740 6
860 1
820 1
770 0
789 1
760 5
640 1
691 0
651 3
1469 5
789 1
731 5
789 3
711 2
880 0
680 3
789 4
789 2
651 5
709 7
660 7
4331 1
859 7
770 7
630 3
730 6
750 5
820 1
780 5
660 3
720 4
690 2
870 4
1920 3
730 7
610 1
800 0
660 5
670 5
720 7
760 4
720 5
810 5
650 5
1590 4
730 0
750 1
710 1
750 2
650 3
790 2
710 4
780 4
660 4
740 0
830 0
1650 6
660 5
700 3
750 4
780 1
730 1
680 7
680 7
750 7
800 5
800 5
670 7
1460 6
780 5
830 7
680 7
750 3
820 1
680 6
880 2
830 3
770 1
890 5
2340 2
780 7
730 2
810 5
720 1
710 1
750 3
780 7
750 7
650 2
940 7
750 5
1580 5
810 0
650 3
720 2
800 2
810 4
760 2
720 2
830 0
780 3
809 6
1771 6
689 2
900 7
751 1
629 7
700 1
751 2
769 0
749 7
691 2
709 6
711 2
1469 1
831 7
929 2
860 1
740 7
660 1
891 3
700 0
720 4
710 5
770 2
790 0
2040 2
770 0
710 7
740 7
810 6
700 7
820 1
670 5
730 0
710 3
740 1
1590 5
710 6
690 6
720 4
720 4
800 1
710 3
670 3
690 0
780 7
740 0
890 6
1760 2
970 6
740 4
730 7
680 6
790 3
800 6
700 2
830 2
780 7
780 5
660 2
1450 4
740 4
690 2
690 3
770 6
690 3
860 6
840 3
770 0
760 6
840 2
1560 3
750 1
780 4
860 5
950 5
700 1
760 3
590 3
810 6
680 4
750 5
830 1
1410 1
840 3
760 5
810 7
710 3
690 3
590 3
880 6
820 4
720 2
680 0
790 5
1590 2
740 7
700 5
780 5
880 4
691 1
720 1
600 3
700 7
740 7
811 2
1520 1
860 0
780 6
709 4
660 7
851 4
760 5
669 5
760 7
731 3
800 3
709 0
1531 3
789 0
740 7
819 3
700 0
830 0
860 5
710 6
760 6
730 6
730 6
2560 3
660 5
710 7
760 3
670 0
800 7
760 2
670 5
790 3
660 2
800 2
780 2
1530 5
730 3
760 5
650 3
750 1
680 3
740 2
730 7
840 0
800 1
750 2
770 5
1680 2
810 2
720 2
790 6
700 2
910 1
680 0
700 3
740 1
770 7
690 5
1610 6
670 0
770 4
690 1
670 6
690 4
700 6
720 4
800 2
890 6
930 2
750 2
1880 3
650 7
750 6
840 0
670 4
760 6
720 5
790 6
770 0
730 7
730 7
690 3
1570 0
660 3
760 2
740 6
680 5
660 5
740 1
680 4
770 0
770 7
680 3
2890 2
740 0
851 7
760 5
720 6
740 3
760 4
769 2
740 4
720 5
760 3
791 4
1520 1
709 7
791 6
809 5
691 1
720 4
760 6
740 3
720 3
699 2
690 1
820 4
1660 6
780 6
700 7
770 6
730 4
700 7
780 3
630 7
820 2
830 0
880 4
1470 2
760 1
750 1
760 5
770 6
840 7
710 2
760 5
740 2
850 7
760 2
800 6
1590 3
910 6
650 5
740 5
850 7
690 6
700 6
840 6
710 3
760 4
700 0
1550 5
790 5
770 3
680 7
710 3
720 7
790 6
810 7
720 2
860 6
720 4
820 0
4340 5
830 5
840 6
850 0
760 1
810 6
770 0
670 6
830 2
870 0
720 0
690 5
1580 7
810 6
760 5
690 6
720 1
790 6
720 5
700 1
750 3
700 3
710 3
2160 0
760 5
710 0
780 3
740 6
749 4
920 4
751 3
849 2
831 0
769 0
691 3
1760 2
729 0
840 3
820 0
731 0
740 1
720 0
809 5
771 2
740 1
700 7
749 3
1580 0
830 1
760 5
810 7
690 0
770 2
670 4
780 5
670 3
690 0
690 3
1710 1
780 2
870 1
700 7
740 6
660 1
790 6
820 6
780 3
710 3
880 7
800 6
1370 1
840 1
700 0
810 3
720 7
830 5
710 4
770 5
660 3
700 0
790 2
790 6
1770 5
930 1
740 3
760 1
640 2
780 4
700 0
700 1
780 2
700 5
820 5
1590 4
760 1
710 2
770 1
680 6
800 6
690 6
820 4
700 2
820 1
790 4
850 0
1750 1
700 6
830 7
670 5
750 2
750 7
670 7
880 1
770 1
770 6
760 5
1670 1
720 2
750 3
780 1
870 5
760 1
740 4
730 6
770 7
720 7
689 3
711 0
1509 3
671 5
669 0
720 4
789 4
780 4
729 4
711 1
760 3
789 5
660 5
611 6
1700 7
709 1
740 5
840 4
751 4
649 1
831 7
599 6
720 3
640 0
730 6
1520 4
750 1
760 7
760 0
760 0
780 4
700 3
780 7
860 1
770 1
790 2
760 0
1610 1
920 4
800 7
690 0
800 5
820 4
880 5
660 0
720 2
770 3
750 7
740 0
2110 0
760 3
760 6
800 0
790 1
870 2
730 6
690 7
750 2
680 0
820 0
1950 5
800 0
690 5
790 4
710 0
760 2
680 5
720 5
670 4
830 6
840 1
690 3
1500 3
890 7
700 4
860 1
680 4
720 4
710 6
690 3
780 7
740 3
700 1
790 7
1570 4
700 2
810 0
840 4
950 5
720 0
730 0
790 0
720 1
760 0
810 3
1500 1
820 5
759 0
980 5
851 0
820 5
789 0
791 4
769 2
740 7
851 5
731 3
1649 2
820 2
711 3
720 0
709 0
740 3
691 1
760 0
700 5
829 0
740 2
1440 6
769 2
800 0
710 0
900 3
740 7
840 4
810 5
910 0
740 0
650 2
710 4
2180 1
640 1
760 7
820 7
750 6
700 4
820 7
680 7
760 6
830 5
780 1
620 1
1450 6
820 4
680 6
760 0
760 4
830 0
840 0
780 2
710 0
630 0
760 3
1650 7
800 2
610 2
770 1
810 0
780 7
860 3
750 7
770 1
790 0
730 6
730 5
1540 5
730 6
1000 6
700 5
730 0
780 0
710 3
750 0
720 3
650 4
750 1
720 5
1910 0
660 4
750 6
770 1
840 6
900 4
700 5
870 2
660 7
850 1
720 4
3040 3
920 7
800 3
840 3
740 5
760 1
750 6
700 6
749 5
751 1
669 2
751 3
2020 3
749 2
900 2
740 1
691 5
729 1
731 2
680 4
820 0
720 6
700 6
780 1
1989 0
851 5
749 3
751 7
719 3
780 4
740 1
740 3
940 7
700 3
890 0
4190 0
840 4
780 4
770 1
720 1
870 6
710 2
690 4
750 5
750 5
680 5
760 3
1670 0
830 6
780 0
660 2
720 5
730 6
720 5
680 0
670 3
820 2
900 6
1730 4
790 5
760 3
860 4
880 2
650 3
780 2
700 0
730 5
790 7
670 0
690 7
1510 1
700 6
870 7
780 5
700 1
830 7
840 1
920 3
690 3
670 7
870 7
750 5
1720 3
750 1
750 1
740 3
740 7
710 3
680 2
750 3
700 5
710 3
730 7
1450 5
860 7
740 0
750 1
710 5
840 3
730 0
700 1
670 3
820 5
720 1
800 5
1660 6
789 7
731 2
869 5
791 1
780 2
920 1
749 6
731 5
809 7
720 0
811 5
1600 1
729 5
800 1
840 7
780 6
731 6
739 2
690 1
740 6
740 3
710 1
1900 2
690 4
760 6
760 7
760 1
650 1
820 2
840 5
750 0
720 3
760 3
720 0
1710 1
720 7
750 7
830 2
900 7
700 1
680 1
840 4
650 5
780 0
690 2
710 5
1700 6
720 1
790 3
780 4
650 4
780 1
900 1
670 5
810 0
10010 0
720 1
1480 3
790 5
700 0
730 3
780 7
860 1
790 5
790 4
760 1
710 6
750 7
770 7
2390 7
740 6
630 5
700 4
780 1
900 5
820 6
730 4
820 4
720 0
830 2
1500 7
780 0
680 4
699 2
771 3
789 4
760 0
720 5
829 7
840 6
700 4
680 4
1731 7
849 6
880 5
591 1
749 6
891 3
760 3
889 5
740 2
820 2
780 1
760 6
1559 5
740 3
770 5
730 1
730 3
800 6
660 0
800 0
730 3
800 2
700 3
1890 1
700 6
710 6
720 2
750 3
750 5
770 6
760 3
930 7
720 0
700 7
730 5
1650 3
870 3
770 0
760 3
830 7
680 4
770 1
850 6
720 5
790 0
800 5
680 4
2390 3
750 1
720 7
780 0
880 5
850 1
710 2
820 3
800 1
720 6
810 2
1430 0
770 5
810 7
800 5
730 3
730 2
670 3
690 1
710 6
800 7
690 2
720 1
1730 1
790 4
790 1
690 4
830 0
660 0
870 7
720 1
880 5
720 7
650 1
780 3
1550 4
850 6
770 2
720 6
710 5
730 4
780 0
739 6
789 6
860 2
671 5
2000 5
709 7
740 3
780 0
720 3
731 0
709 2
711 3
689 4
780 5
800 5
740 4
1580 5
760 1
700 0
731 5
689 2
770 0
660 5
640 3
850 6
800 2
730 2
1470 6
930 6
800 1
800 3
820 4
710 5
710 2
760 4
650 4
680 7
790 6
740 4
2390 5
820 0
750 1
690 4
890 3
700 6
740 2
790 4
790 7
770 6
800 7
740 5
1650 0
670 0
730 5
740 5
800 3
680 1
750 6
710 0
810 2
720 0
790 0
1700 0
720 5
700 3
810 5
910 4
780 3
860 6
820 0
810 3
750 6
720 3
800 5
1580 6
730 6
730 1
840 3
760 5
610 7
820 2
770 2
680 2
690 3
830 1
760 1
4220 2
780 6
690 0
660 7
730 6
720 3
750 7
750 2
749 0
731 5
709 7
3091 4
740 7
711 7
820 1
740 4
749 1
791 6
789 5
811 1
760 3
669 1
751 5
1629 6
671 6
749 1
720 2
840 0
720 2
710 1
910 0
760 3
750 2
720 7
770 5
1680 0
690 3
700 3
810 5
700 0
840 6
710 6
740 6
700 2
790 7
760 1
1450 2
840 0
860 1
740 4
780 3
710 5
720 3
690 4
700 7
700 2
710 6
720 0
1750 7
690 4
750 5
790 1
760 2
730 7
820 6
930 2
680 3
800 3
730 5
1410 7
830 7
760 4
790 5
790 6
870 7
830 6
750 4
790 7
730 2
710 7
630 3
2080 6
950 4
700 1
850 4
780 1
790 0
720 3
710 1
780 7
640 3
660 1
790 2
1600 5
670 5
660 0
720 2
800 5
750 0
760 1
740 6
730 2
730 7
800 4
2219 0
780 4
680 3
751 7
860 3
740 2
740 1
729 2
791 0
709 4
800 0
691 2
2320 3
760 1
729 3
740 4
940 6
671 1
809 5
820 0
711 4
809 1
790 4
710 6
1990 0
890 7
830 5
690 4
720 4
830 1
800 3
760 1
840 2
900 4
820 2
1550 6
790 1
780 2
760 4
850 7
920 7
750 4
770 5
680 3
670 7
730 2
750 2
2140 1
730 7
650 3
770 5
700 5
800 2
840 7
840 6
830 4
690 3
760 0
710 1
1570 1
720 5
710 3
910 6
840 5
790 1
760 4
650 4
880 3
760 4
900 7
1630 6
900 0
710 7
790 0
720 7
870 6
710 7
750 2
770 4
800 4
770 6
810 1
1790 6
800 5
720 2
780 1
730 7
760 6
640 5
790 4
690 2
820 0
760 5
1440 7
730 7
690 3
820 3
740 0
631 5
849 1
731 6
709 4
671 1
720 6
769 0
2111 2
909 3
800 2
749 0
751 1
700 3
760 5
780 3
689 0
760 7
720 5
680 0
1600 4
820 4
800 2
850 4
780 6
740 0
720 1
770 1
710 0
830 2
750 5
1700 1
830 7
800 3
790 6
770 0
800 6
760 3
710 5
740 3
850 7
670 3
670 1
1440 1
920 7
830 3
740 4
720 5
730 3
860 3
810 0
830 2
730 4
680 3
720 0
1760 2
710 0
660 2
700 4
700 1
780 5
790 7
800 5
840 2
820 7
810 7
2000 5
750 3
850 0
810 3
640 3
750 0
740 2
810 1
810 2
730 2
860 1
750 7
1770 7
670 2
650 4
710 0
920 5
740 1
700 4
690 7
740 3
920 5
810 2
730 7
1540 4
760 7
640 1
860 4
760 7
780 7
719 1
851 5
800 4
760 0
840 0
1840 1
740 1
649 3
811 6
809 0
731 3
760 4
700 5
660 3
820 2
749 2
671 0
1880 0
680 6
740 6
749 1
760 6
930 4
930 6
780 2
790 6
760 7
940 4
1560 7
760 0
780 0
790 2
790 5
710 2
800 5
840 5
800 7
660 7
690 2
730 4
1670 2
770 5
770 0
660 1
750 3
740 3
800 5
750 3
750 6
780 0
810 0
730 6
4330 5
870 1
730 7
750 7
790 7
780 3
690 4
700 4
780 5
760 0
760 7
1630 4
760 1
760 3
790 6
710 7
760 3
860 3
660 3
690 2
800 7
670 1
790 1
1560 5
740 3
740 6
760 2
740 2
730 1
790 2
800 7
820 2
640 3
830 2
640 3
2000 3
780 5
740 3
810 1
770 0
710 6
660 1
740 2
679 3
791 3
700 6
2789 2
740 0
731 4
749 5
700 7
811 5
709 6
811 2
849 0
731 1
740 2
749 2
2100 1
691 3
720 2
760 5
800 5
800 2
750 3
710 2
680 2
810 0
810 1
650 2
1460 5
800 6
620 2
790 3
900 1
880 3
700 3
690 3
840 5
760 0
740 2
2170 2
700 6
830 5
690 3
820 1
780 1
770 7
670 4
710 0
870 7
700 6
790 6
1850 7
910 2
710 1
720 0
840 5
710 2
800 1
740 2
830 0
810 2
790 7
1540 1
800 4
740 7
670 5
740 0
720 5
850 0
810 3
710 7
780 4
800 0
800 3
1670 1
720 4
810 1
820 7
700 3
740 3
750 2
810 3
810 0
760 7
710 0
960 2
1410 3
700 1
860 5
740 0
770 7
700 7
820 0
730 1
770 2
700 7
760 2
1749 3
769 5
860 1
771 7
760 4
740 2
820 0
780 3
769 0
740 7
720 7
651 1
1569 2
811 0
840 1
669 4
811 7
829 4
771 3
720 7
949 5
760 0
850 7
730 6
1830 4
780 3
720 3
730 2
710 7
820 0
740 1
860 7
860 5
850 3
790 6
1580 0
760 6
770 7
780 3
800 5
730 4
900 1
770 2
800 5
710 0
760 1
690 6
1690 2
820 6
810 0
850 2
820 3
760 7
780 7
800 5
680 1
700 0
830 7
840 7
1610 1
740 7
730 6
840 7
820 7
690 7
830 7
680 1
650 4
700 2
730 2
1960 0
880 1
820 4
770 2
740 1
730 7
840 5
720 1
790 5
740 3
690 4
810 6
1600 7
700 2
710 3
800 5
950 5
870 2
780 4
720 7
800 6
690 5
810 3
2260 5
829 0
851 3
740 0
589 3
811 6
720 1
789 1
851 0
840 7
789 6
780 6
1451 0
740 3
800 1
820 7
700 1
829 2
831 1
769 1
780 4
811 2
720 1
759 2
1640 1
740 0
760 5
700 3
790 0
810 4
740 2
700 3
810 3
810 0
710 6
1320 2
780 3
730 0
710 3
710 4
690 5
780 6
820 7
830 1
800 7
660 6
760 4
1850 1
720 4
840 4
840 6
890 4
690 5
780 6
780 0
680 5
800 6
820 2
820 7
1500 1
770 5
680 5
720 5
840 0
790 2
710 0
850 0
860 1
670 4
750 4
1640 1
720 0
800 5
750 1
870 6
730 2
740 5
880 1
690 5
750 0
750 1
800 3
1530 0
710 3
700 2
790 6
830 0
790 4
710 7
780 7
720 5
780 2
710 7
890 1
1670 4
760 4
800 6
670 6
780 5
729 3
671 3
809 2
751 2
800 4
809 0
1420 4
780 3
831 4
780 5
740 6
769 2
820 3
691 5
880 5
820 3
769 6
731 1
1969 4
790 5
750 5
760 1
920 4
710 6
700 7
880 3
780 6
680 4
860 6
1590 5
810 4
690 2
710 7
750 1
750 2
800 7
870 0
730 0
920 0
780 3
750 4
1710 7
720 5
740 0
750 0
760 0
750 5
920 4
810 3
750 6
800 7
720 6
680 4
2210 4
780 0
770 3
730 0
830 0
720 6
780 0
790 5
780 2
750 4
810 7
1700 1
790 3
840 3
830 4
750 6
830 0
810 7
640 6
830 5
800 3
620 3
710 3
1630 4
900 5
780 7
830 7
730 5
850 1
800 3
830 5
750 5
750 0
770 5
770 7
1930 3
640 3
720 2
590 2
800 6
689 1
680 3
760 2
691 5
829 0
651 0
2669 3
831 1
820 0
749 4
831 3
749 5
851 4
809 7
680 7
749 5
651 5
720 6
1689 2
760 1
739 6
830 4
730 7
890 1
840 1
860 4
690 6
720 4
710 1
760 5
1580 3
790 6
800 5
880 0
710 0
670 0
810 0
760 0
770 4
660 4
730 3
1890 6
730 4
910 5
850 0
790 2
680 5
730 5
800 0
760 5
710 0
890 1
870 4
1530 4
690 2
810 0
690 3
880 6
800 5
700 1
910 0
750 5
720 1
880 2
1640 3
830 2
730 5
870 1
840 7
860 6
720 7
800 0
820 3
680 0
830 7
700 4
1460 1
790 7
740 3
850 7
880 1
730 6
730 6
650 3
740 0
760 0
880 0
740 6
2050 2
710 7
790 1
700 2
730 4
740 0
710 5
770 1
771 5
720 3
880 0
1469 0
849 2
831 0
829 7
760 0
920 2
751 4
789 0
720 4
720 6
791 1
640 3
1689 4
840 5
9010 1
740 4
680 7
780 1
750 5
750 3
800 6
700 0
770 3
740 7
2260 0
730 0
750 0
690 0
680 0
730 4
780 4
760 6
830 3
750 6
930 7
1690 0
880 7
670 1
840 4
760 4
790 4
760 2
700 1
790 0
870 2
730 7
720 4
1450 5
880 0
860 4
680 7
680 2
670 6
700 6
690 6
780 6
860 5
720 2
880 3
1710 5
790 3
840 5
810 7
640 7
710 4
730 6
780 3
870 1
830 1
790 4
1480 4
790 5
850 5
880 2
730 3
780 0
680 3
790 3
720 3
850 3
800 0
770 7
1520 1
780 0
799 1
820 5
711 7
809 2
820 6
771 0
760 3
729 6
820 4
1831 0
780 6
709 0
651 2
749 7
760 7
851 2
689 2
711 7
660 3
720 0
660 3
1609 1
850 0
790 6
710 0
740 5
810 5
750 1
650 7
740 7
650 3
720 1
720 0
2140 5
770 2
710 3
710 7
780 2
770 4
630 2
870 6
710 0
720 5
730 5
1530 3
910 6
890 2
820 4
710 1
890 4
800 7
780 4
750 5
870 0
780 0
690 1
1930 0
830 1
790 5
820 5
840 4
760 5
800 1
750 6
810 0
680 2
730 2
870 0
1410 1
730 3
790 1
750 2
800 6
670 7
810 2
810 3
810 1
680 3
710 0
4710 1
770 3
760 3
770 7
620 3
790 4
850 2
730 7
810 0
770 7
780 7
850 4
2430 7
790 4
760 7
850 3
800 6
780 2
840 3
689 3
860 5
771 7
889 4
791 4
1560 4
711 7
720 4
749 3
791 3
840 2
840 3
771 2
849 1
760 6
851 2
1660 0
799 5
850 4
820 3
770 5
830 7
700 4
730 3
850 6
890 7
850 0
750 0
1500 7
850 1
850 5
790 7
750 3
770 0
830 1
700 0
820 0
740 2
770 0
1960 1
760 2
780 0
710 1
670 6
830 5
710 3
800 6
760 4
900 5
750 6
810 1
1460 1
830 5
710 3
820 1
830 7
790 2
760 5
870 7
790 0
720 0
730 5
810 2
1590 4
850 3
810 6
630 3
780 0
810 3
790 3
730 7
760 3
690 3
850 0
1630 7
840 4
730 6
690 2
790 3
770 6
740 6
760 7
760 1
760 0
740 3
860 5
1850 2
680 2
780 2
830 2
790 5
790 7
780 1
700 6
780 7
760 6
880 7
829 1
1571 6
849 0
731 1
769 1
671 5
749 1
771 5
840 5
700 2
751 6
760 4
3489 1
911 5
1000 4
699 6
800 6
730 4
740 2
690 4
730 2
910 4
700 5
710 4
1500 7
890 1
770 7
790 7
760 5
740 2
760 2
730 3
820 2
750 2
830 7
950 1
2000 2
750 1
800 3
820 4
650 6
820 7
790 1
700 3
710 2
790 7
830 2
1750 5
660 1
850 7
720 3
840 4
740 0
780 1
820 4
710 3
710 6
760 0
790 4
1600 2
870 0
790 7
760 1
700 3
770 7
750 1
910 1
730 1
880 2
650 3
1730 7
830 4
820 5
750 7
790 0
720 1
720 0
740 5
750 6
680 1
810 1
720 3
1690 1
820 7
860 5
680 7
760 1
800 5
720 3
850 7
779 7
760 7
731 3
880 7
1860 7
749 6
711 3
760 5
729 1
820 6
771 5
720 4
909 3
700 3
800 0
1531 6
740 6
780 7
669 3
740 3
760 2
711 1
829 7
830 4
790 2
760 6
820 3
2300 0
770 4
930 6
660 6
720 3
820 6
760 3
800 1
690 4
740 7
720 3
750 5
1590 3
840 6
720 4
860 5
890 1
740 7
700 0
850 7
750 0
810 3
830 4
2130 5
810 5
770 0
900 2
630 3
840 1
840 6
730 6
870 1
800 1
740 1
830 1
1580 6
760 3
790 3
850 6
830 6
750 2
790 4
750 0
920 3
690 2
760 5
650 7
1880 2
730 1
770 7
690 6
710 2
730 4
820 6
760 5
780 1
740 7
780 0
1750 1
700 6
690 4
740 5
730 3
740 4
720 0
750 7
800 1
790 3
670 1
820 4
1710 6
709 1
920 4
751 1
700 2
720 4
669 1
820 6
820 2
811 1
740 5
1549 6
911 6
791 7
829 4
740 5
751 1
880 5
789 5
791 6
749 5
691 1
689 6
2720 5
830 3
740 1
790 6
680 2
880 7
730 4
680 1
810 4
840 4
870 4
800 2
1500 5
750 2
810 7
740 1
890 6
680 7
760 7
800 1
860 4
720 1
740 0
4470 3
880 5
770 1
810 7
790 6
830 1
800 7
700 5
790 5
680 0
830 7
750 4
1490 6
840 2
680 4
760 6
720 1
780 5
830 5
720 6
790 7
640 5
800 3
670 2
1680 5
850 3
770 0
920 2
930 2
780 7
840 0
760 2
760 4
700 5
860 2
1910 1
800 3
780 6
640 3
710 4
640 5
740 0
750 7
710 1
850 7
660 3
830 7
1560 2
800 6
809 5
700 6
800 0
880 2
820 2
760 7
911 3
749 6
720 1
900 6
1751 4
700 6
860 0
800 2
789 1
740 3
691 3
740 7
769 1
751 2
759 0
1480 5
900 7
740 6
800 7
710 3
870 4
800 1
790 1
660 7
930 1
810 2
730 3
1500 5
760 1
790 4
830 7
700 0
710 5
760 2
810 3
800 1
810 4
890 1
1790 6
790 6
810 2
730 7
740 1
770 4
820 6
780 5
790 0
760 5
770 2
700 0
1500 3
840 6
810 6
680 0
720 6
670 2
780 0
810 6
840 7
650 6
760 6
690 7
1640 5
750 3
750 6
720 0
850 6
690 6
780 3
690 2
710 3
830 2
710 6
2110 5
870 7
750 1
760 5
780 3
680 0
740 5
800 2
720 5
760 3
860 0
730 1
1650 7
770 7
810 4
780 1
830 4
660 1
1000 1
771 4
720 6
769 0
631 5
889 4
1540 4
740 3
771 3
729 3
820 7
760 4
880 4
851 4
820 3
960 2
800 0
2969 5
810 2
760 0
790 7
770 2
680 0
740 4
690 2
740 0
840 4
940 4
840 0
1640 0
740 4
820 2
680 1
700 0
810 1
810 6
780 1
800 4
730 0
830 5
790 1
1750 2
770 7
720 1
770 5
750 3
920 2
930 5
740 7
690 4
760 3
840 1
1760 5
750 2
770 6
780 3
740 0
750 4
690 3
900 6
740 2
800 1
730 3
870 5
1810 6
880 1
910 0
770 4
760 3
800 2
750 2
720 1
850 7
710 7
780 6
1730 6
850 1
770 7
780 7
640 6
790 2
650 7
640 1
760 1
760 0
880 1
780 2
2090 2
710 5
850 0
720 5
740 6
800 3
990 4
749 6
700 0
711 3
860 6
769 3
1720 0
831 4
789 1
740 6
820 6
820 7
660 7
729 1
740 3
791 2
709 3
1911 1
760 2
780 2
740 5
729 2
920 7
720 0
740 3
830 7
740 1
900 0
780 5
1460 7
860 6
860 4
850 4
820 6
750 7
830 6
820 6
740 7
820 3
720 2
680 6
1800 0
670 7
730 5
870 4
730 4
930 5
890 3
810 6
730 1
940 1
830 7
2220 3
740 3
980 7
810 7
930 1
860 2
770 4
740 1
750 3
820 5
740 7
730 2
1830 4
700 6
760 7
870 1
840 7
830 4
760 1
680 6
680 4
850 6
920 0
740 5
1600 2
770 5
730 1
680 2
720 7
780 6
840 1
810 2
820 4
710 5
790 3
1650 4
660 6
870 7
770 3
650 4
880 7
810 1
700 2
740 2
860 0
760 1
800 6
4029 3
791 4
689 6
711 7
809 4
891 2
800 0
740 2
729 3
740 3
951 2
1720 2
860 6
700 1
849 2
790 4
770 3
710 7
790 6
790 1
740 4
840 0
1270 4
1520 0
800 0
860 7
790 6
800 2
770 0
740 1
710 0
690 6
740 2
810 4
720 6
1720 2
700 3
710 0
700 6
710 5
800 4
730 5
710 0
800 0
830 7
650 1
1440 3
680 5
970 5
740 5
720 7
790 2
810 7
770 5
840 3
900 4
900 7
760 5
1800 3
750 5
810 7
750 6
770 5
780 6
800 2
790 7
800 0
710 0
810 2
890 2
1580 0
760 2
810 2
790 5
850 3
810 7
740 1
730 3
720 1
840 7
820 1
1720 3
890 4
760 5
720 1
750 6
840 7
770 5
690 6
740 4
760 7
729 6
780 0
1431 1
909 5
780 1
871 3
829 4
760 2
720 4
800 0
671 1
749 3
760 1
840 1
2409 0
811 7
820 2
809 4
780 6
711 4
900 6
649 6
850 1
710 4
710 1
1670 4
790 1
910 0
780 2
710 1
670 0
740 6
650 7
690 7
780 2
750 3
760 7
1960 5
810 7
790 3
720 3
750 7
810 0
830 1
780 7
810 5
810 4
750 5
1590 7
840 4
790 5
860 4
770 0
660 1
760 3
730 5
650 6
830 3
900 5
780 5
1610 1
700 7
730 6
670 6
790 3
770 7
750 3
720 1
780 1
830 0
670 4
840 2
1570 3
880 4
780 3
780 2
800 0
770 5
820 4
800 7
770 1
720 6
850 2
1940 1
880 1
800 1
710 4
740 0
780 6
780 6
870 0
780 5
730 5
870 5
740 6
1530 6
829 4
791 7
880 5
700 5
740 1
729 4
771 4
760 2
700 3
800 4
789 7
1711 0
709 1
711 0
789 7
660 4
851 5
800 2
849 7
751 3
800 2
780 1
3129 2
930 5
870 0
830 3
730 1
710 4
750 1
790 1
720 4
740 6
650 6
660 7
1700 5
850 1
720 2
770 4
710 6
770 2
680 5
760 7
820 5
790 5
840 4
820 2
1500 3
830 4
790 7
880 6
930 2
710 4
780 2
880 7
700 5
720 4
690 6
1680 7
750 4
820 1
650 4
720 2
7870 0
850 7
800 2
810 5
830 5
690 0
760 4
2330 4
790 2
650 1
740 2
800 6
800 6
800 6
720 2
710 5
820 3
820 6
1610 0
810 5
800 2
790 6
730 7
900 2
790 5
810 1
800 3
740 3
780 5
760 5
1969 5
840 2
900 1
811 0
789 2
771 6
769 3
851 0
709 5
840 4
811 6
740 5
1509 6
771 4
729 6
720 6
820 0
830 7
750 4
900 3
720 1
740 5
800 4
1800 6
790 4
790 2
750 2
770 0
790 7
880 6
660 3
830 7
810 7
880 3
790 5
1590 1
740 2
740 6
920 0
730 5
730 0
820 6
760 1
750 3
810 7
850 0
710 4
1860 5
800 3
940 7
780 4
790 4
670 3
760 4
780 1
760 1
770 6
730 4
1450 5
720 1
780 6
660 6
720 6
720 1
790 0
780 4
690 4
870 5
760 0
720 6
4440 7
760 7
810 5
890 2
930 7
730 7
660 5
840 6
710 4
780 6
840 7
840 6
1720 5
840 0
870 2
850 4
810 1
850 6
860 4
749 2
711 3
831 1
660 7
1500 3
649 5
891 2
780 0
809 7
731 6
749 2
789 5
720 4
660 7
871 3
700 4
1960 7
720 1
729 3
740 3
839 2
740 6
750 4
860 2
760 7
770 5
810 3
1420 1
800 7
680 2
710 5
740 0
700 4
820 6
690 3
760 0
830 3
790 4
730 4
1680 4
780 7
950 0
860 1
880 1
820 0
710 7
720 2
810 2
730 1
740 5
670 5
2090 2
720 2
680 6
710 1
700 5
700 3
710 5
750 7
830 6
640 0
750 7
1920 4
810 2
800 3
760 0
650 0
750 5
790 0
740 1
800 6
840 4
930 7
800 3
1360 0
860 1
660 2
890 5
790 4
870 3
740 7
830 3
730 4
700 5
800 4
710 0
1550 6
740 4
770 0
680 7
780 3
820 1
800 1
830 7
820 2
700 4
869 1
1440 4
860 0
840 7
800 3
800 5
809 6
660 4
771 2
760 7
780 6
909 7
751 6
1649 0
711 6
700 5
680 0
860 1
720 5
709 3
760 7
820 5
790 2
820 6
800 7
1470 6
750 3
770 1
810 1
810 5
810 1
710 0
650 6
740 0
770 7
790 0
1460 0
790 3
740 2
700 7
710 1
580 6
700 7
770 1
740 1
970 4
750 2
870 3
1940 6
880 3
730 5
810 4
770 2
690 0
680 4
820 2
850 4
810 1
850 6
1640 6
800 4
870 0
800 5
780 5
800 0
800 5
790 2
850 2
800 0
800 0
730 0
1830 3
770 0
740 3
790 1
800 6
820 4
830 7
780 4
660 7
860 3
730 3
870 0
1550 4
730 4
750 4
900 6
1000 2
730 6
770 0
680 3
710 7
830 6
790 2
2050 6
710 3
849 2
711 1
820 0
769 0
691 6
691 3
791 5
740 6
740 7
729 1
2431 2
760 3
800 5
849 5
711 1
729 4
720 7
740 2
871 2
760 1
720 1
689 6
2050 4
740 6
740 1
740 2
890 1
880 5
790 6
670 5
770 5
670 6
780 1
2890 0
850 0
870 3
860 2
810 7
680 2
760 6
800 7
800 6
800 1
780 3
820 5
1670 4
840 0
740 4
800 2
770 7
790 3
780 4
730 4
740 6
690 5
750 3
820 3
1450 1
830 0
710 2
750 1
780 3
770 7
770 0
750 0
760 3
830 3
730 4
2060 3
810 4
830 4
820 6
760 6
720 4
840 7
730 2
700 5
740 5
930 1
730 2
1490 5
790 1
730 5
680 2
810 5
750 7
830 1
860 5
740 3
760 1
790 2
2130 3
760 1
839 1
751 4
789 1
720 3
640 7
660 3
691 5
749 6
651 1
860 7
1640 5
680 3
740 3
800 5
740 5
949 2
700 6
800 5
640 3
700 3
751 2
920 6
1949 3
780 0
920 1
710 2
760 2
760 0
830 6
890 1
790 7
710 3
800 4
1530 2
810 3
800 3
860 5
980 2
870 2
910 4
730 2
760 3
770 0
830 7
780 1
5100 6
820 5
730 0
690 2
820 5
750 0
880 6
760 2
790 1
820 7
860 6
750 6
1610 7
830 0
720 2
790 1
860 3
730 7
870 0
790 6
770 6
600 2
780 7
1610 5
740 4
700 7
720 1
770 3
740 3
770 2
810 7
870 6
800 1
820 5
760 2
2590 5
750 6
680 6
690 7
800 6
900 6
780 1
1040 5
840 5
710 4
770 1
830 4
1490 1
829 6
700 4
749 7
869 4
720 2
849 6
771 3
760 2
680 7
840 2
1829 0
691 3
849 6
771 7
680 5
760 6
749 5
791 7
880 0
820 2
679 3
780 1
1530 7
820 5
750 0
790 3
790 3
860 7
760 7
720 0
700 3
780 5
780 1
1950 7
950 6
790 6
920 3
820 3
740 3
860 7
860 6
630 3
810 5
890 4
710 0
1490 6
730 4
730 7
780 3
680 4
810 1
720 3
730 2
720 4
740 4
770 2
730 5
2060 1
730 5
730 6
810 4
810 1
810 6
790 3
710 3
740 2
720 7
790 7
1560 7
780 5
700 3
820 3
910 5
790 1
650 1
700 5
770 2
850 1
760 3
870 7
2350 2
760 5
910 4
740 2
810 1
800 3
760 7
910 1
690 3
790 5
860 4
720 4
1460 5
790 0
809 6
780 7
820 5
751 2
800 4
829 6
880 5
851 6
749 5
1691 3
760 0
740 1
711 4
769 0
769 2
700 3
851 0
640 0
760 3
840 3
771 4
1549 2
740 7
760 0
940 4
750 1
760 7
760 1
760 7
790 4
790 0
750 4
840 0
1690 3
830 7
860 7
800 4
850 0
610 3
700 3
810 1
890 3
740 3
830 6
1690 1
870 1
930 2
980 1
750 3
910 7
730 5
790 6
780 5
900 1
790 0
780 7
2410 0
870 7
850 2
730 3
800 6
770 1
740 2
730 3
840 2
700 1
810 5
1570 6
760 1
810 7
740 1
810 3
820 0
720 3
740 1
900 5
720 7
860 6
820 5
1920 2
860 3
710 1
730 5
700 1
720 7
920 0
720 3
720 6
860 0
720 5
910 4
1700 2
720 0
870 4
800 5
769 4
871 2
940 4
820 2
869 0
771 0
800 2
2400 5
769 1
851 0
769 1
711 3
849 5
760 1
680 6
811 4
809 7
731 1
760 6
1559 0
860 2
780 1
780 7
780 1
700 7
750 5
700 5
780 4
810 3
710 3
770 1
1690 6
830 2
760 6
800 6
760 5
770 3
730 7
790 4
790 1
820 6
790 7
2710 3
800 1
800 4
740 1
760 2
710 5
820 4
