151858 15
86409 11
82310 2
86679 2
80899 2
102039 14
83169 3
87479 11
81850 22
79149 23
82029 12
78720 2
80879 3
79149 22
80489 7
80480 12
82659 2
106259 6
80189 8
88259 11
79459 13
80909 16
77549 12
79590 19
78639 2
77909 4
77380 3
79689 21
78739 0
91079 4
78609 10
88169 19
79219 21
82319 9
80740 11
78419 2
78139 18
77839 0
79360 2
78809 10
78179 16
76110 3
87829 10
81469 12
81599 20
80620 1
82809 21
79279 11
79130 18
81019 13
79969 18
84099 12
88149 19
88669 13
101369 23
90319 14
98419 23
83949 11
92689 3
92520 5
97319 5
97339 15
114949 4
96739 3
94979 22
96379 12
81000 21
79069 1
84409 16
87409 12
82210 13
78600 13
78169 19
78079 14
84369 8
87089 20
88469 19
81349 14
89109 19
77099 14
88349 4
80929 3
81240 14
77610 10
76889 2
82820 16
79480 21
87739 1
95719 20
91689 2
85769 15
121938 7
85460 18
82860 14
85259 7
81929 10
82760 8
90409 15
92359 3
101219 7
81999 12
80939 11
83499 11
82129 17
82089 13
79620 17
82070 8
79519 2
84149 11
79509 0
77039 6
90189 21
78509 17
84029 4
78970 14
78859 12
78000 10
80479 14
80989 4
80689 9
82119 3
78839 21
80139 22
82299 5
99640 9
82619 5
80849 11
80839 20
79110 14
79430 10
81679 17
80329 3
82169 5
79910 20
84969 3
79819 16
129639 3
75710 23
73640 11
77309 18
76129 23
74859 17
76169 2
73970 5
73989 13
75539 13
77299 13
74340 0
86959 23
78349 9
81030 4
75960 8
73109 15
75090 7
75790 22
75419 12
76369 19
74280 7
73719 20
75169 15
74780 3
85289 13
74849 9
84100 4
75289 14
76709 5
73800 14
76930 23
75649 14
76190 3
76290 16
71729 12
76859 19
74070 0
85669 12
74539 2
81099 19
73789 0
74839 12
75069 18
73640 8
75889 16
71900 0
74510 21
71859 10
75809 8
74449 3
74749 20
87680 16
76589 2
76979 9
74499 3
75320 18
73339 21
74269 23
76540 14
73389 15
75049 1
74390 5
74569 3
77059 11
86850 20
73579 22
77079 22
73969 8
73689 23
72249 2
75280 9
72710 4
74449 11
73530 8
78009 14
73009 11
75559 12
85449 12
77219 22
73519 21
75070 14
74589 11
73869 14
73940 6
74509 2
73079 11
74340 4
72539 15
75419 9
78349 2
84299 15
74339 17
83679 19
74070 23
77210 21
75459 1
74919 22
73610 7
73809 2
73570 18
74750 13
78759 21
76989 9
83549 16
74629 8
77639 6
73120 2
74549 18
72799 22
76970 5
80829 16
74869 10
74540 0
80080 13
77049 14
73509 20
94768 17
76810 20
82389 12
73669 1
77500 23
80409 17
76739 15
78750 23
77529 4
75239 0
75099 16
72480 5
76109 3
105489 21
82859 5
84109 4
79109 21
79029 2
77460 0
79559 3
79519 8
93749 12
93680 14
85979 5
86059 21
95829 21
79959 11
78579 21
77819 20
81929 23
79090 14
81679 11
79889 9
81970 2
78619 23
82869 9
80239 12
91939 11
74690 0
75439 14
73149 6
76390 10
73359 13
75239 8
73820 2
75709 8
72679 17
75480 19
74379 12
73919 19
81520 0
74249 1
78389 21
75040 4
79399 10
75969 12
72450 0
76719 12
72219 16
75009 7
71860 6
76299 17
72360 2
87770 10
74339 4
78159 18
72600 7
75039 8
75369 11
76579 1
75179 15
76619 1
71509 16
74199 3
72709 17
73879 9
73630 20
86049 6
73949 12
74909 10
75349 16
72969 6
73260 17
73409 16
74809 12
76420 1
76439 22
74209 21
75360 14
74819 12
86229 14
74130 10
74319 11
74899 5
71719 4
72720 14
76029 19
81949 11
72670 18
73729 14
74269 14
74939 11
72539 16
87879 3
73160 6
77999 12
74349 23
72579 3
73489 9
74769 10
73270 18
73760 19
73179 18
74769 1
73040 10
75199 15
83460 0
77009 3
73599 13
72679 20
73580 5
73729 6
73530 15
73519 15
74919 15
75020 13
72869 9
78099 15
74839 12
75110 20
92469 22
82219 14
80300 15
75120 8
73429 19
74920 1
73740 6
75019 18
73009 4
75530 4
73959 8
74180 23
73629 5
131919 9
75329 20
76279 9
75439 16
74690 17
75969 5
76320 9
72939 9
73639 19
73560 7
74970 19
73029 6
87370 16
73209 6
74329 23
72490 20
75260 10
72879 23
250138 15
74669 14
74220 21
76280 22
74189 11
91829 14
74749 9
74170 23
76519 23
73550 7
73889 7
74109 12
75019 14
77349 19
74569 4
74839 16
72969 0
77449 23
91659 18
81299 14
83980 22
78899 15
79199 18
79540 22
80609 0
79709 11
81419 5
80470 8
78159 14
80849 2
79370 22
98519 11
78029 18
83099 7
80519 0
80059 18
80559 9
80559 13
83240 12
78719 14
79429 15
80750 3
79119 8
99619 16
79399 5
79959 19
77600 19
79119 9
84919 17
80590 5
80149 14
79009 20
80889 19
80249 0
76050 12
93239 6
78989 17
78399 18
77630 0
81579 19
80019 9
80499 13
78999 22
83539 8
80370 17
80919 9
79489 19
94119 21
79069 8
81490 4
80149 1
81009 12
88190 10
81679 13
83549 11
82149 10
87480 21
78900 20
85429 16
103479 4
80589 4
92739 4
78120 0
85769 9
88189 10
83529 19
91729 2
78169 23
78539 17
85419 11
85409 23
125148 8
90209 3
84579 20
81909 22
80630 7
76720 20
79829 11
78150 0
79529 19
78089 9
80889 23
79910 1
163979 12
82169 15
79640 1
80680 2
82069 1
81519 16
84079 19
81659 14
81739 18
79130 21
84350 15
98509 0
87509 9
84049 12
81220 2
85800 14
90419 9
85889 6
87319 8
87290 22
92820 4
81969 20
112819 15
88489 3
90769 11
84989 23
92880 17
78999 16
81419 2
116839 5
80929 5
80430 22
81899 7
96429 15
78309 8
78310 14
79879 13
82409 4
79870 14
81710 0
79709 11
76599 23
79370 6
78179 20
80489 17
78969 20
98228 2
79849 18
82619 10
76959 17
80279 13
79189 8
82569 16
81469 10
79450 15
79289 8
79460 18
80900 1
97959 9
82949 14
84679 4
83120 13
85279 22
82819 18
83629 3
86069 9
85050 4
88509 8
90539 23
87699 14
106239 14
84309 17
91980 22
84959 9
83009 22
89519 21
81389 8
79499 0
80389 6
79120 16
80970 19
95159 8
78869 15
85549 6
77910 3
79789 21
80639 19
84630 14
84290 21
79449 23
87029 17
89440 15
79820 11
100459 8
77049 17
84239 18
78090 14
80399 14
77789 15
82930 1
81289 14
79059 21
82439 16
77499 11
80770 3
104489 18
101479 1
79239 11
77509 6
82449 5
80559 0
79969 15
77320 13
78769 13
82459 20
80100 10
81489 8
146359 22
79769 5
74659 21
71049 18
73510 1
72059 4
74939 5
75440 6
74419 23
71549 18
73040 13
70959 16
74229 9
92348 15
76489 14
77299 16
75030 19
72780 2
246327 20
73509 0
74539 20
73010 9
75279 1
73779 22
87300 7
73149 8
75409 0
71689 22
74350 0
72489 4
75290 10
74340 20
74239 6
75380 9
73609 9
72819 22
75059 2
82050 7
73999 19
77439 17
74820 7
72729 12
74449 4
77760 6
73639 17
71919 23
74740 1
73789 19
75389 11
74970 13
85279 13
73959 10
76600 17
76310 9
75939 15
76340 9
77649 5
74169 8
73359 6
76129 9
74159 9
73640 23
74150 6
73599 6
84149 7
74500 0
82539 16
73959 10
79509 22
73639 0
74169 2
76389 8
74499 1
73849 10
79190 8
73010 23
76829 21
87309 3
75600 18
77339 15
75369 16
73590 5
74670 6
74379 0
75609 13
74469 8
74219 18
73249 6
73640 8
74249 13
84130 17
76569 10
78279 18
72959 13
74250 3
73259 9
74899 2
74730 22
72149 6
73009 19
74080 5
73349 21
76149 14
85609 20
75329 10
76619 17
74200 12
79939 8
82819 3
80279 9
78889 15
75969 22
79789 9
76579 11
73220 9
76639 7
99239 1
95079 3
87110 23
89109 14
111809 9
118129 12
110669 2
121378 21
101819 21
188518 21
135949 4
130589 12
132028 8
131149 7
123899 4
97789 9
103779 0
122029 7
105959 11
107199 15
105629 19
100179 3
97250 10
106750 6
117079 11
111248 17
111770 12
97880 2
113239 14
119028 12
112759 12
97789 7
98549 8
123629 18
128888 6
152298 18
119689 6
100829 22
104439 4
98679 10
107879 17
109719 9
108239 8
110539 0
139459 8
137279 5
133668 2
135879 20
128179 23
102829 14
106369 7
101609 0
118679 10
103009 21
104200 13
98759 21
98160 20
98379 23
98739 10
102559 9
99649 1
99939 3
120579 8
107779 10
100729 22
102919 4
117589 5
112699 12
119329 18
114039 15
109499 1
123349 14
108779 13
102629 23
100799 7
116269 2
124159 7
111359 1
107309 1
106279 23
115269 5
107289 10
112629 18
106589 11
119349 11
112679 8
122019 7
106159 0
101179 7
142189 5
103709 15
103789 14
107669 15
104059 5
101549 11
99589 8
102909 22
108139 3
166369 17
98919 17
100359 16
100529 21
97439 7
100499 7
96569 4
103760 1
98319 23
123399 17
101799 21
98488 15
102490 11
98189 20
98949 21
108119 19
114219 3
103769 9
106199 3
113759 7
94519 11
95209 8
101729 2
104569 23
104099 18
100988 20
106259 23
99670 6
96269 12
105539 15
103589 15
115179 21
114509 21
94179 12
95529 4
92709 14
103349 14
99219 16
98280 15
114208 9
104290 3
100070 12
103029 22
106749 5
101659 16
98979 17
94779 13
96959 23
109869 5
89879 8
98919 18
89969 10
90419 15
90389 11
118539 5
135079 7
138208 11
124758 7
140489 3
91269 13
93039 6
105779 21
99570 15
102819 23
101960 3
93349 23
92159 19
110839 9
96219 20
97499 21
94190 5
92210 15
103439 12
97829 7
97719 20
95879 21
93579 16
99289 22
105410 14
93128 13
98960 17
93929 5
95989 9
97409 18
98869 23
100129 1
94989 6
90310 3
130219 3
92688 22
93670 6
119629 9
131049 6
129898 9
121339 5
125869 13
163558 6
103480 23
105279 2
104219 21
109979 10
109469 4
106879 16
105229 15
111089 7
119239 1
118699 10
117949 4
124799 20
110879 19
114399 3
113659 14
121858 11
146399 8
132589 16
113179 17
106899 4
118819 8
107499 15
99529 1
100379 1
96329 14
117179 1
104599 2
109499 10
99379 13
99569 16
105499 21
103949 16
93940 7
100539 15
94389 0
112869 4
97099 19
102419 17
106289 3
95749 12
97089 0
118049 5
96119 12
105729 11
95750 10
109408 18
95450 11
102769 1
112349 18
102489 2
97809 13
110389 10
95369 12
93579 20
99669 3
