225718 1
133559 3
123419 5
135469 13
124699 3
126219 19
143258 8
125759 10
124069 11
121659 15
138339 20
127228 8
128759 23
120109 23
129929 7
123169 8
133399 20
122249 9
124739 9
121279 9
121728 20
124969 2
129789 14
123289 8
116729 11
123039 7
121489 13
130368 17
120008 14
125588 18
143489 22
114869 3
127559 11
124889 12
123828 16
125239 7
130859 6
122489 18
134799 19
125229 12
122959 14
121489 18
123559 9
129218 8
126189 0
119479 22
137019 6
125829 8
119638 8
123730 14
119868 22
125319 22
125719 15
127829 4
134779 23
123038 23
126330 11
126268 4
131349 3
117629 23
124129 4
125829 18
142638 19
121859 5
121319 18
127009 5
131179 4
132099 11
123869 10
148029 23
117459 9
124479 12
114859 4
123429 22
136949 14
126649 22
123588 6
162469 8
117649 3
130949 13
124849 15
126448 21
128528 5
120739 23
118949 4
132419 4
119959 23
115489 6
120619 4
126419 9
119769 16
122919 6
121159 8
189699 9
115199 6
128908 20
123349 5
124619 10
122229 9
131699 9
119939 2
127909 1
117679 5
126868 1
125499 12
129559 6
122339 0
119949 2
118599 20
136379 12
120789 18
119779 13
116459 17
118678 21
121729 16
123289 11
122029 9
127199 11
116319 20
127029 8
129378 2
121130 5
125268 23
117989 22
124229 18
133409 2
112919 12
126099 23
116799 22
132089 0
121289 7
119999 23
114929 12
130949 14
118169 0
121339 4
130399 2
120469 23
123059 0
120039 5
121710 2
135349 11
119229 15
121749 14
122929 6
129429 16
133959 4
121519 2
119089 16
140009 14
127799 4
130009 19
120709 12
119349 21
119919 1
116519 21
123789 11
161589 16
117279 6
120549 4
122799 10
125739 11
120079 7
119979 11
120349 15
135609 12
124389 19
125059 20
136638 12
124589 19
122629 1
116409 10
114659 7
136809 21
114839 17
128949 7
124758 14
124870 23
124529 11
118119 4
117969 22
133479 12
119449 13
122779 10
122219 10
124728 17
113208 12
127379 9
117529 7
121749 18
135609 22
121999 9
123249 22
114849 11
124219 4
120948 9
126409 12
126219 8
130669 23
127329 12
122999 13
121369 8
118649 7
124148 4
126928 20
127079 20
132759 14
118059 0
121729 12
121879 8
119179 6
118119 21
131218 14
122168 8
133619 9
119049 18
126879 18
118399 21
126139 13
126419 22
129330 15
126908 14
126989 21
125239 23
123429 11
121129 7
132769 18
128219 9
121908 18
125119 13
135739 17
115899 17
128539 22
117599 14
128478 19
122050 4
127968 0
126149 2
142969 6
121359 8
132038 13
122470 3
123098 20
132179 16
119659 0
117099 9
132319 17
117749 18
123078 9
127370 2
125798 8
118699 2
121509 21
125989 0
127849 12
118699 1
120389 17
121239 20
138579 21
121339 0
127399 22
120809 21
128519 7
111959 12
124199 6
130359 5
120148 9
119489 12
124029 7
118649 16
124769 5
119919 22
123619 15
125439 14
133039 13
137229 15
120959 18
122959 6
133429 5
122519 14
117399 7
126209 8
119689 8
126210 22
124568 14
122999 11
131599 8
121769 13
117809 17
131658 23
128130 17
123388 18
129899 9
120609 22
131209 4
118709 4
123099 17
125678 6
122068 7
119559 6
127279 10
124899 19
130679 7
117629 15
123389 23
122368 12
129730 9
129709 13
117879 13
120769 3
136999 2
120869 2
122739 19
125148 15
128078 2
125029 17
120529 4
124039 20
183608 6
118679 6
125399 13
123959 23
126449 0
123229 20
125609 9
140238 19
113909 5
116679 4
123519 18
121569 13
127159 10
135079 18
135489 23
139509 16
116809 13
131009 16
112829 12
127839 8
120169 9
123599 0
128829 3
134998 10
112159 21
116709 15
116089 11
121209 0
128409 6
124599 20
131698 12
133299 6
111628 15
129288 23
128799 5
123809 10
117099 22
125879 17
123119 9
125808 20
117019 0
120999 3
122119 23
125549 17
129249 22
121269 11
114459 14
127589 7
140918 8
124649 15
128099 10
119069 14
123519 7
120239 12
119369 19
127279 0
127139 20
116209 19
113379 11
126209 13
119569 3
125619 1
125669 9
131439 10
131869 19
123778 17
119749 21
119239 12
125459 7
125349 22
119189 13
119099 16
139058 23
121789 16
123889 21
125609 7
118699 23
117109 11
126389 21
132469 6
163358 15
122119 17
130169 6
124699 1
118769 10
119298 7
118399 2
127988 19
130279 22
123399 2
126329 14
131259 1
123819 22
122829 8
132419 22
127219 4
119249 2
123389 5
118049 17
121439 1
127059 0
121059 3
119198 12
124808 19
134208 22
116479 22
123859 15
129179 19
120939 18
125099 3
128269 0
121939 16
137159 3
123769 23
125259 19
124859 8
120399 13
125218 12
122388 3
129059 17
123899 15
110539 2
122649 8
127519 19
131759 20
128788 11
130219 18
121749 23
130729 21
124319 3
122539 6
124209 10
119499 21
121059 13
119208 23
124618 8
127119 8
115519 13
115619 3
125989 16
133279 12
126838 22
122370 11
128318 0
126809 18
119719 12
125059 2
120709 18
123229 21
122889 7
126878 6
120748 1
126209 19
118139 7
123359 6
124829 18
126089 19
132259 21
121208 13
124329 5
123979 22
130119 14
119159 12
122209 6
125559 1
131129 18
127158 17
131199 15
128599 11
113259 17
125199 20
136779 11
120519 9
124038 22
119650 18
125498 15
127319 11
119989 17
116219 9
118889 8
125879 20
121359 12
124079 4
124179 6
142469 15
112889 21
123359 6
134089 19
139359 19
116298 10
116899 19
128019 3
138279 19
110789 14
127609 23
118749 20
124229 20
121319 9
127289 7
121630 4
132669 12
117679 12
127969 13
123779 4
125309 0
116739 4
125718 1
120259 2
129089 13
108109 12
118059 16
117429 14
122019 17
117709 4
125729 1
117609 13
132989 10
108299 22
124139 2
124458 7
120119 18
118659 18
118479 18
123109 17
119349 12
135289 13
118729 4
125119 12
123179 5
124619 6
184999 11
119869 18
141648 14
117519 23
116589 2
120089 13
116209 1
124429 0
119559 5
120379 19
178938 23
105479 14
116189 16
121839 18
120789 11
120699 5
119309 23
124109 10
135779 17
117809 10
123079 11
122819 17
118669 9
117599 21
121489 11
121309 1
131969 9
115529 1
123399 20
125408 15
121219 15
124269 7
123059 10
130949 9
114799 11
133019 8
115790 19
116299 7
121229 0
121399 12
117819 5
119149 6
123359 8
133639 19
116349 2
122719 10
116589 1
118490 22
121159 2
130568 22
124759 20
131679 6
114819 7
130759 0
123548 2
119210 13
118479 5
121848 6
118739 2
133629 13
113769 19
120259 19
119039 2
118429 23
129198 2
128350 4
123579 4
139909 20
115389 20
123539 3
116139 11
129459 1
120749 13
132019 11
127748 3
131419 2
119029 14
123949 23
118209 5
124109 9
128339 23
121728 16
118090 0
134678 12
116239 16
126709 11
124889 22
119069 2
117169 1
124459 15
115948 23
180918 1
124279 11
119659 10
118169 3
129988 13
120119 2
125519 3
115849 10
129499 19
115519 15
120209 7
117839 6
122139 1
117419 5
125699 4
122128 3
126608 11
125219 12
114119 9
116419 19
128209 1
122089 10
119579 7
118719 10
118998 8
124679 22
114170 22
113488 11
120969 17
122089 0
126369 9
119819 22
121679 2
129819 17
122119 1
118119 17
122698 6
114449 0
126619 9
119379 21
122749 13
124899 5
108829 4
109939 23
99869 0
91459 1
95049 2
91260 22
94189 6
90689 2
101989 23
103219 10
91819 16
91949 5
86040 15
85049 18
89059 16
88169 16
94319 5
90079 4
86930 15
86729 22
100079 19
85629 20
90260 13
86149 18
96809 7
90279 2
97919 8
96459 3
88719 0
86559 11
89669 19
94399 22
90389 9
95319 23
88959 4
88060 22
89509 2
91669 5
86879 22
88579 12
87760 8
91369 4
104099 6
91259 17
85779 22
91630 7
86119 18
88509 13
91349 23
89339 5
93959 10
96699 7
94499 14
152218 5
94739 1
84740 9
91229 13
91939 18
91039 23
85639 23
84760 9
86109 10
89469 18
87489 13
101790 10
85349 12
87299 11
261197 11
87080 9
82729 6
97219 23
87459 5
92800 7
100079 23
85690 22
90139 19
87709 15
86359 11
90029 13
87420 14
93129 4
83689 15
84889 17
89329 9
95979 15
90559 9
84949 9
97409 13
89920 13
82039 3
85619 1
87069 7
89749 3
85870 11
87700 21
98809 6
90719 3
89979 19
87820 12
86340 10
90239 20
88629 1
86059 18
87200 18
89799 15
88219 1
105599 6
90259 2
93729 2
86640 19
84879 22
87969 18
89529 4
86579 6
89879 2
86259 21
93349 11
86689 12
97159 9
95380 8
91199 20
85379 23
89849 2
89749 4
88060 23
87799 12
88819 5
85589 19
90249 7
98439 17
95669 0
98059 2
96340 13
87239 8
88179 0
85629 23
85019 14
83680 23
88719 3
87539 23
118189 17
94129 9
85730 14
87360 7
83009 2
89759 15
84999 0
91999 2
89370 0
84069 11
94829 9
104799 8
90349 8
87389 16
85410 13
87689 12
88469 10
85269 18
86040 1
88269 8
85079 7
88089 1
165949 12
88879 19
83929 5
87869 14
83409 6
84759 15
90959 7
89319 22
82849 19
89320 17
110569 5
91599 0
84509 22
89109 23
85890 10
86579 19
96089 19
87049 4
89789 9
86550 19
87499 6
90379 7
100249 10
88479 21
81620 3
85119 18
86479 12
84609 4
85929 14
89679 1
91589 8
87349 3
89819 14
97659 18
87599 23
87059 3
84079 23
88949 20
95169 3
93769 6
83569 20
86099 17
91409 14
87109 6
99879 6
85970 17
94019 0
92249 8
87709 2
84009 7
89239 13
90199 8
88819 18
84849 18
88490 19
95799 12
83680 20
84069 9
89339 1
84390 12
86779 2
90079 15
93139 14
85559 14
86990 6
86719 23
95119 16
94199 5
88179 1
84229 18
86290 16
89159 1
89669 20
87019 4
87009 10
81590 21
88139 13
87429 7
94089 10
91160 15
84809 14
85999 19
89199 6
83929 18
83570 7
88200 5
92709 11
87459 10
87429 7
99290 21
93008 11
84970 18
90469 18
97949 20
88499 2
88020 7
87880 3
90189 17
86209 0
83269 13
101109 5
94779 15
94380 22
86499 21
86479 11
86529 19
85050 17
88929 7
88899 1
83309 2
90859 13
85500 23
121979 4
84809 18
84169 1
82589 3
87840 7
84909 3
85559 14
82929 20
84920 19
87029 14
85119 5
98739 15
95619 2
83109 15
91619 17
85529 14
84189 18
83599 1
84419 12
86920 3
89989 20
84269 12
92709 16
85090 10
85189 21
86029 14
86779 5
91259 7
91169 18
91349 16
86609 7
87259 20
83530 22
87849 3
100289 18
86499 20
84199 23
83220 14
91209 18
86189 9
87769 10
87489 1
90959 20
85730 22
85179 0
