340828 4
259498 8
308617 2
225508 8
248669 11
261468 9
266268 5
245128 9
278698 3
239998 9
245828 5
240238 5
240828 5
249508 2
260768 6
253819 6
230539 2
251158 4
261828 6
216118 8
234428 11
244849 5
268309 1
238139 7
217998 1
235898 1
250798 4
239598 0
242398 8
259458 4
283357 3
229489 0
265308 9
246388 11
268018 7
259808 7
269818 1
260298 5
269878 10
233828 8
249218 11
234168 11
239278 2
227289 10
242518 10
240278 8
253588 9
245388 1
251118 10
319628 6
273558 1
233078 0
228838 2
256798 10
277488 8
220639 5
232559 6
241138 10
257618 10
235408 11
266588 2
261678 0
261728 9
253978 1
258108 1
253428 5
260578 8
244499 4
253059 10
246238 1
249219 5
240308 6
250768 2
247408 7
285928 3
262108 8
226338 4
238878 0
509166 8
227609 2
225938 8
508446 11
271438 9
269558 8
268388 4
266318 7
253578 9
286598 5
290898 5
251838 8
245538 6
281488 7
284838 1
251938 2
316398 2
426307 3
218488 5
235808 6
241687 1
230429 2
209598 0
235768 3
265909 0
196549 1
206858 3
226538 10
207929 1
245378 4
220228 4
253218 2
233289 2
234758 11
197758 11
218709 1
236708 3
214828 6
253878 0
210239 0
215738 11
188079 11
231498 1
213328 6
204209 10
236748 3
199659 5
251938 11
211029 2
199458 9
227189 10
210508 10
223528 11
190749 8
220138 5
205189 7
220688 8
191689 6
205098 5
210768 0
202679 11
251468 5
206638 7
204529 5
225268 5
192918 3
230468 7
198988 8
213879 9
224688 10
226498 11
207239 4
203198 8
211349 5
207558 8
238138 1
194209 7
218779 9
214078 0
209019 6
223168 10
207718 8
227459 9
206398 4
189899 8
270958 7
217769 0
216908 11
229569 6
249878 3
212228 3
215438 4
218869 1
281978 5
203568 4
224108 10
224948 1
229329 0
232808 9
196379 0
235288 0
216498 3
248678 7
207739 8
230948 7
228328 8
216089 6
247869 3
254878 4
233858 4
229238 2
249288 4
242119 0
237098 7
230378 10
235668 3
211758 6
237318 6
212109 0
259088 8
222568 8
205119 1
221948 2
221318 2
281968 4
222778 11
232179 1
228868 10
235198 9
194709 11
211628 7
197729 5
213728 5
216298 1
208709 1
206468 2
236058 10
230498 3
194029 9
217489 3
227898 7
216678 5
229368 0
192559 4
244638 10
211229 10
226509 5
221368 6
199109 3
194209 9
208708 6
225799 0
213358 11
199959 6
220688 10
225438 10
230408 9
209689 10
203728 6
205239 4
227809 6
194128 2
201689 8
199688 3
209319 1
214108 4
201689 3
200798 8
219518 0
210789 10
255298 10
187908 9
214998 10
195238 8
201629 11
272827 11
233438 0
217958 8
204649 11
241858 8
210788 1
214418 4
209289 6
225868 11
235319 5
244969 4
217999 4
240818 5
222788 1
223229 9
220638 7
235048 4
250498 6
203619 10
213038 10
226818 7
238389 9
238549 7
231798 8
233618 10
219608 6
262598 5
219328 0
218948 0
215149 7
222228 3
253368 4
226828 9
210259 4
239978 10
227048 6
227248 8
214079 6
256718 1
271788 8
220618 6
251378 6
245678 4
287278 11
187558 2
220829 0
218818 11
211758 8
220578 7
218188 1
185799 2
215148 6
226948 6
209929 4
223628 7
199998 5
234619 4
229358 8
210359 6
205578 9
183648 5
232228 5
234128 11
190388 3
205938 7
215598 11
223069 8
195208 9
195528 2
225988 1
219768 5
216108 11
225019 11
201348 0
199409 4
209858 9
217308 0
214499 10
218868 5
201389 11
197018 3
229939 10
189049 10
204958 2
218208 8
260598 10
212538 2
209778 7
238219 1
221788 8
292878 6
212888 8
227738 2
209719 5
249518 10
247088 4
227668 9
208289 7
262198 6
199488 7
230298 11
218459 2
212088 0
276108 2
203449 1
235988 3
217728 10
238898 9
205349 3
216438 10
228568 6
253208 9
204309 3
233758 8
209949 7
233249 7
237208 8
192679 9
289917 2
217508 4
253689 4
206728 11
194499 0
215369 7
205208 4
225409 4
212769 7
211218 3
202989 0
210098 10
211929 6
211918 8
203089 4
207958 1
319648 7
193328 9
208438 4
186839 5
205528 5
237498 5
197979 2
196199 4
248459 6
231628 7
214538 3
196279 3
206798 5
224039 6
228479 2
206188 3
233729 1
209479 8
217918 6
233888 6
222159 4
228278 11
194749 0
241158 6
208389 8
217848 9
223799 7
212448 9
239988 4
189059 5
223018 6
236238 8
241108 2
204919 3
205978 11
215599 5
225768 7
210728 4
206749 6
227688 2
225698 2
238509 0
210968 6
228018 0
207028 4
207328 7
288888 10
208318 6
201928 8
214919 4
243268 11
206408 8
189419 4
194289 7
204558 0
224998 3
231648 10
209878 2
202278 6
208588 3
203198 10
210409 11
206818 10
207418 3
244919 8
188608 8
201789 4
204578 2
198549 8
223489 1
202368 6
199889 3
230118 4
193719 11
221579 8
203808 11
200549 11
205568 0
215059 6
208878 7
226798 11
197539 5
203818 1
205359 3
217148 7
188688 6
205428 0
204899 6
256769 3
198798 5
204538 5
208558 6
207238 3
272148 1
188619 7
198118 9
250508 5
222899 3
224189 5
203248 1
222129 6
221208 7
213288 9
213929 8
249778 10
223958 7
217108 0
242638 6
205138 9
226558 7
219448 6
232298 9
232218 6
227928 2
257049 4
251558 4
206719 9
342137 8
204189 1
248928 8
222668 5
218548 3
263147 3
210618 9
228648 9
210379 3
212168 1
220538 8
234419 5
222539 5
233498 10
209118 10
210429 6
223218 3
206158 7
217539 7
221818 10
310668 5
211308 1
216569 1
226919 4
239608 3
221158 1
217918 8
236778 6
237988 11
228688 4
230379 9
215928 10
231118 9
240048 8
199509 8
231758 0
196198 0
195109 7
228018 4
198789 7
191118 10
202519 2
392597 7
211118 5
169939 6
187368 11
197498 2
217308 1
191679 4
217618 7
211468 7
265349 11
192969 5
198158 5
199608 10
210508 8
218949 6
200798 0
211198 5
209488 3
218048 4
237899 10
177848 8
210609 9
200378 4
205439 4
438036 9
228958 6
205619 1
203518 8
211539 0
232378 3
207288 4
210699 5
244918 1
230888 6
197639 9
202178 8
197428 1
211219 7
200158 10
209019 7
235128 11
254178 9
198558 4
209938 10
203058 0
205199 10
219078 0
196298 1
210009 9
223858 9
197639 6
233518 1
206119 9
206299 0
214798 5
213108 2
239728 8
223758 10
184759 7
195758 6
221718 9
198698 11
209838 2
217669 0
203458 1
258358 4
191859 3
204318 6
198869 4
196168 9
270108 1
207248 5
243109 6
219958 0
238218 6
213699 2
217038 0
202089 8
223379 0
226618 5
224868 8
233559 0
212039 5
236998 5
211268 0
208968 7
225958 9
232418 2
246058 3
216078 1
203318 9
217208 3
237878 4
206938 5
204009 0
205248 11
231738 2
239199 10
214889 8
216278 6
208919 10
237888 7
222748 1
205688 9
223489 0
226988 7
228508 7
238469 2
220838 7
229998 4
272068 2
209488 0
244707 10
258359 4
287888 4
226079 3
224748 9
219678 0
255648 7
225758 9
246199 4
236648 6
269218 4
227098 3
224939 4
251598 7
233488 10
246458 4
230078 5
237888 3
232809 0
255227 1
218369 4
246728 9
244408 1
247098 2
254188 5
228328 4
239828 10
258228 8
211608 6
237188 7
234149 4
279538 1
228288 11
228408 1
227588 11
241118 9
260229 8
237048 7
237478 2
256578 1
253888 7
236028 7
230148 3
229669 7
284668 6
227648 1
243318 4
245848 1
289908 5
229798 4
252428 11
250508 1
284608 6
225808 11
257898 7
297658 5
268288 8
246898 2
244578 11
256758 1
243188 6
238118 2
264128 5
272647 6
220058 1
246358 9
234578 9
277658 4
230508 9
258198 0
243948 5
275008 7
227479 6
254168 10
240888 0
259568 2
224958 8
243308 9
238048 11
284537 11
265108 10
238328 2
262498 9
301978 4
227139 7
222629 8
216308 11
264488 8
225218 7
221078 10
231878 5
219118 0
254608 9
270518 10
239728 11
235089 7
248708 4
240038 2
250568 9
231198 10
269798 2
232398 1
239378 11
242288 11
257228 0
245298 4
234748 7
236728 11
259038 1
228819 10
242668 5
228538 8
249408 6
229508 1
227019 5
239379 8
263888 9
218708 8
237978 3
240708 3
227369 8
241038 0
236008 8
253448 8
229628 2
262558 11
242888 6
253359 8
263758 3
277238 0
231718 3
250248 8
250368 6
262418 2
240858 1
252268 5
250868 9
268768 9
236718 11
259698 8
266789 2
268517 4
238568 11
256829 7
297907 1
211839 7
247738 6
261138 2
268398 9
234458 11
259438 0
245528 11
274648 1
224808 0
233088 2
237288 2
234738 5
267508 5
234948 9
245888 5
230098 11
232939 0
198228 2
176319 8
154509 11
145019 5
195778 7
134469 10
132099 9
134369 4
134389 2
143399 5
132759 10
182929 5
129270 5
153989 9
151359 7
144649 6
138509 8
146589 0
145989 3
135759 5
131799 3
145039 2
169478 0
139289 9
148839 10
150059 2
150019 7
139909 2
146029 4
139249 1
138489 5
135739 7
156348 8
156949 10
142539 3
139449 8
135969 0
148469 9
140499 1
148559 11
136488 5
139030 7
130999 8
144239 5
159739 1
146629 8
156609 7
138779 1
160858 7
139230 10
142399 3
148908 2
133969 11
157679 0
149319 7
146389 4
141099 2
144379 7
147628 10
178588 1
131189 11
139999 10
146719 7
146029 3
150249 3
144779 6
168308 2
148629 3
150399 11
137609 0
155139 6
142609 5
131079 6
204978 2
143269 3
164459 6
169259 7
167858 7
164409 1
160159 9
168939 3
152699 0
152999 9
153419 0
151859 10
168489 6
164548 9
170679 10
161639 3
152769 5
165369 11
177419 11
159789 10
151519 8
151449 3
152228 8
165149 1
183889 5
154398 0
151848 7
164619 11
152889 6
157079 10
149789 0
167278 2
154359 11
166109 8
175939 11
155518 6
145189 4
183649 8
143659 9
153028 11
154569 9
153939 8
155879 4
175609 6
167398 8
164319 9
151649 0
170089 2
145368 6
154679 1
160649 10
153509 4
161939 6
172398 8
184298 0
161369 4
162339 8
151979 3
136899 1
139108 1
134139 3
137489 5
197829 9
149078 6
143679 7
151739 5
148969 8
216049 8
167339 7
154689 6
139079 9
141369 3
144979 10
155289 1
157289 3
173368 8
142939 7
139439 8
140299 8
131669 4
136999 11
128409 7
148459 6
126869 6
120269 2
123019 0
114499 7
116789 1
115289 11
111900 6
120979 10
116479 10
110139 11
117179 8
114029 9
108439 8
108539 11
107099 0
113580 11
121879 0
107899 3
108779 10
110739 9
103179 9
99779 7
103439 11
94829 11
