148977 4
112968 11
134167 1
128848 11
122408 8
125258 4
133098 11
137798 10
127888 7
128878 3
143418 9
121158 6
139928 10
129048 5
125378 0
132167 4
122809 5
136358 7
126318 1
121889 4
121778 6
125987 1
326765 6
104359 1
113408 9
107408 4
108869 10
112427 0
115719 6
109648 8
111218 11
111438 2
107039 9
114018 3
106198 6
117358 7
116608 10
118258 7
113098 2
116678 11
114738 8
107289 2
123338 8
120618 10
119488 10
120878 10
117818 3
115668 3
179417 9
133428 5
116779 4
114978 10
120309 5
120268 1
122918 1
129298 0
113898 4
122678 2
147658 4
116138 7
123838 1
132738 4
126758 1
123618 2
128148 10
189267 8
115788 4
120518 2
123298 4
122088 11
116288 10
123418 2
125388 8
137608 7
122818 10
122558 1
127538 0
134208 8
127348 5
121998 2
127738 5
136278 11
117338 1
122458 5
124368 8
122618 5
310485 3
139097 6
121578 1
123978 0
126478 9
125998 10
125188 0
120138 5
129417 3
142708 0
124168 8
123228 4
128038 6
124738 9
130358 9
122598 7
121128 7
131328 8
118748 2
130998 9
120658 6
123898 11
127178 1
125568 9
113779 8
132397 8
108929 3
120268 3
122098 5
122558 3
124528 6
116238 7
120008 1
119108 8
143668 9
118138 8
125508 4
125318 5
125978 9
126608 1
128218 3
132838 6
118128 7
121548 0
123558 0
120958 0
125338 11
127578 6
116858 4
141937 11
129638 7
122548 2
119698 10
119228 10
126687 9
124958 7
125487 3
159907 6
112718 8
114018 8
123158 0
122778 8
133558 0
119359 5
128738 3
145318 9
123138 1
117558 4
121628 5
123878 9
120029 2
114418 1
114818 7
113678 4
131548 11
110378 10
121308 8
119878 10
116449 4
118889 10
122568 0
115338 8
134828 6
110458 2
120798 6
121678 6
120248 7
118028 2
118978 1
111229 4
124938 1
111858 9
116748 1
119938 1
117628 4
130578 3
121198 10
117829 5
120289 2
129369 5
127938 7
129508 7
121168 3
117647 8
118479 8
115348 10
114468 1
134998 4
119958 10
119208 0
128498 0
126168 2
123778 4
124298 4
126918 7
126038 11
113938 0
117869 7
119008 1
119668 3
117608 10
120048 0
126298 9
128598 2
117448 10
120868 6
131698 5
123548 3
117678 1
120888 1
126358 11
137658 6
115988 5
116469 9
120858 5
117968 9
121378 0
117988 5
120898 5
182267 5
117598 5
115508 8
128348 9
121578 6
123387 7
119778 10
121098 2
129958 9
114859 4
119978 8
115698 8
129728 8
124358 3
121088 3
119788 5
125008 11
116378 0
127148 7
124188 11
108259 7
120098 10
126218 10
124928 9
122188 8
131478 4
123808 0
113778 5
125808 5
120868 4
122528 5
125218 4
115808 10
128148 9
129828 7
119098 0
121698 4
117388 5
126929 8
123598 5
126578 9
127529 5
112219 1
119188 5
124898 3
121208 10
120498 4
125328 10
116838 8
138878 10
119918 6
122128 9
122608 1
118528 9
125678 3
118558 0
121887 5
129289 6
120878 10
114728 1
114708 0
123988 0
124208 5
123398 10
129938 2
132428 11
111308 0
112608 9
130318 10
123088 6
124838 0
131258 7
127718 3
137108 6
121558 1
116088 10
118688 1
116899 9
119948 5
122678 5
134588 11
115848 10
180277 0
122468 11
120308 9
115468 8
126408 8
117998 11
122128 10
138758 7
115428 5
115018 5
117709 4
111588 4
122148 0
127748 8
115088 8
121078 4
136778 4
117978 5
116308 3
116899 1
111879 9
120448 9
129588 7
120778 4
136978 10
125308 5
119228 6
120568 0
124618 11
128608 7
117898 0
122358 1
130438 5
122708 2
117838 7
125608 7
123488 11
125218 6
112598 7
126818 1
134528 3
121738 11
120808 6
118869 0
130869 5
110979 3
126678 0
122948 2
129958 1
120058 3
119088 11
112068 8
125228 11
118918 8
126028 11
116269 7
138367 6
113009 8
122458 6
122549 10
134738 3
121678 10
121029 9
119419 1
130647 6
122828 5
131838 7
113599 7
126628 7
116638 3
123908 5
121578 9
141768 2
115198 7
123678 3
125278 7
115908 9
122918 11
113398 7
124918 6
125889 5
192148 3
127307 2
115958 4
130558 8
121607 9
114568 7
121668 10
131058 4
114478 9
125688 10
119288 8
122018 9
120858 1
124698 1
122608 5
131038 5
108378 5
120487 6
118829 5
122748 5
120108 0
123208 1
125218 6
125328 10
123418 7
128928 1
123778 7
120408 4
118808 0
118088 0
123318 1
117968 7
132557 6
122908 11
125948 1
124008 6
128978 2
121488 2
123878 10
121109 9
124627 5
125127 5
116228 5
120168 7
117008 9
130338 4
117208 0
120458 4
131358 4
113378 2
117778 11
123068 6
121788 11
126338 5
118418 2
129838 1
134298 3
116798 4
120628 11
121058 4
128328 11
126018 8
117618 1
118708 7
129558 3
118278 9
120488 10
131118 0
116548 10
119958 3
119598 11
137038 5
132608 4
117838 1
115068 3
123399 4
127029 2
122638 10
120958 9
117458 6
190027 2
120098 7
121628 6
119058 11
117768 1
121918 1
123638 6
116838 9
124748 9
121338 4
121638 5
119178 11
124928 2
116728 6
131418 8
114378 8
131268 1
118438 2
118548 8
127038 0
125488 3
125708 11
128008 11
122468 1
129958 2
117038 9
115619 0
122887 7
119169 3
123138 1
122868 5
119458 6
121358 3
135978 2
124368 5
120678 7
189927 7
131528 4
129238 0
115418 0
138867 1
114849 10
119328 6
119438 2
121778 9
117528 7
117898 1
118708 7
133188 6
114799 10
117359 9
117418 8
120278 4
119088 7
122918 0
116168 2
114288 6
133008 6
126018 4
116379 3
119338 4
122568 4
129558 10
126469 4
112408 0
126998 11
116798 4
126798 1
122878 6
122988 10
124508 2
121918 3
123248 10
135088 0
118248 2
126848 0
134518 4
116508 4
122728 3
123928 1
123398 3
185307 1
112178 7
115718 6
130088 3
130458 10
126087 8
120619 8
124628 4
133978 1
121868 1
121988 3
117478 11
123848 1
122418 8
117518 3
126628 5
130688 10
122168 10
121818 8
127258 11
122288 3
117398 8
121028 4
128729 6
127269 7
124229 0
119338 7
119569 8
125908 10
119608 5
116478 3
119548 10
132288 0
122748 5
117328 10
117748 6
116268 2
127448 3
126688 3
119539 5
136937 3
112928 3
125158 1
129537 6
123929 3
127768 11
118149 1
121687 8
132329 1
126158 11
118867 3
121208 2
120258 8
126688 3
125378 8
115018 7
139338 9
114958 6
120508 8
121058 9
116498 1
118038 4
121907 2
117198 1
142697 0
131908 7
123858 1
120598 8
123289 0
118969 2
120798 5
119559 0
116618 1
139658 10
116408 2
130278 7
136238 2
124408 0
124048 5
120258 7
192267 11
123228 4
124648 8
119848 11
126228 0
119848 0
120548 3
119768 8
138548 8
122558 5
117908 7
118508 1
127518 2
119218 10
133868 8
123448 11
134808 5
117728 1
127308 6
125138 2
117198 6
118038 11
125369 0
127298 1
128517 7
113449 6
123198 7
121498 6
117428 6
120658 8
126438 8
120218 3
131538 2
115678 5
117558 8
120578 1
132068 1
130528 2
125178 7
122058 6
133028 5
125218 8
117978 6
115269 4
127278 1
119629 8
132378 5
122498 2
127338 3
114098 5
122298 7
126388 1
120568 10
125298 10
125698 0
116428 10
128188 4
129498 10
122618 6
116088 6
129368 2
120428 9
122128 1
121469 4
123598 4
131257 4
121159 6
121347 6
118259 11
117458 9
126438 0
127028 4
116668 4
130728 3
122218 3
116528 7
130418 0
121568 4
127188 8
122538 4
116388 9
182208 11
117767 2
119549 3
118378 6
121418 9
118728 3
119088 9
121498 9
129508 11
118108 7
124508 5
122988 0
124428 8
121228 7
117068 2
119249 1
129387 10
116569 7
122968 5
123748 1
121608 11
127038 5
121428 9
118948 4
132008 8
115598 4
119228 1
117678 0
120588 3
125807 6
116498 3
120538 1
129908 5
115878 3
116558 3
124078 4
120818 1
125208 0
125868 11
117468 5
141208 5
119748 2
115828 10
123218 3
123668 1
119588 0
113969 6
119029 8
128048 11
123818 0
111388 7
122868 8
128888 2
121008 6
122228 2
119068 8
117639 2
140648 7
111338 8
124667 7
121927 11
124018 8
113809 7
112088 11
119438 11
131998 7
117078 7
119378 4
117198 2
116989 6
126478 3
115759 0
124368 4
132898 2
115009 11
111658 5
121498 11
125988 3
120588 10
127198 11
117298 3
112378 10
188846 5
122369 4
121008 1
115118 4
115748 2
123158 8
121618 6
139828 7
115378 11
113748 5
129648 6
120508 9
117369 2
119138 9
129027 4
113939 4
131877 1
120419 3
119128 7
116358 7
118228 5
122318 7
116738 7
113328 5
128709 11
110909 7
120478 3
117268 3
113288 7
116928 3
130258 0
123788 0
135888 3
115338 2
115028 7
120038 2
114739 9
117788 11
115038 5
118818 4
121838 9
131948 7
111738 2
112838 3
120548 2
119128 8
122848 5
119378 2
117888 3
124688 5
111328 9
122708 10
122958 1
118278 4
131258 6
118209 9
114708 0
122638 5
120618 4
118788 2
113808 5
123828 1
114828 7
115289 3
116828 10
122318 6
128358 10
129778 0
119398 5
118728 3
120488 7
121638 2
123788 8
116148 0
144668 1
113948 10
114868 6
128298 2
129128 2
120738 10
117118 2
123679 4
182197 4
114798 6
110548 4
115918 8
112659 5
122127 3
128467 3
124078 10
132669 9
122107 8
123178 7
117698 4
117928 0
122268 3
117438 5
110398 0
137368 9
117688 11
122448 6
118368 4
305706 3
122538 10
116928 9
126308 8
115188 11
122968 0
118778 1
124288 7
115218 7
113499 0
121578 11
130158 7
113498 7
121668 8
115868 4
123208 9
115018 9
126198 2
113138 8
122448 2
124838 4
113438 3
120598 6
119068 11
122318 10
115418 7
116418 8
128928 3
123718 2
118578 9
122988 6
122587 10
123947 2
124729 8
114769 4
113288 2
125548 9
114428 9
122368 3
118348 11
128928 2
124428 7
123348 2
117368 0
125669 10
122878 9
118078 5
113318 3
115848 7
116468 4
112338 11
114058 7
122609 4
139447 10
113898 6
112619 6
117498 2
130488 5
117508 2
121278 6
118268 9
163298 3
123558 1
118348 9
119348 0
172327 8
116888 10
118009 5
126027 1
123449 7
126018 5
118109 2
125278 4
123418 0
124958 10
121978 10
121348 11
129148 2
117768 2
116528 7
116578 1
116358 11
123718 11
123638 1
118558 6
135149 9
118269 7
122918 4
132558 0
121678 1
117398 6
117828 8
122708 4
126888 7
114798 8
116558 6
117259 7
118589 10
114239 11
123688 9
124888 8
127258 3
118028 4
120638 5
132088 11
131928 0
