77799 0
41420 0
41320 0
37440 1
37789 1
37250 0
35169 0
33139 1
34460 1
34819 0
34920 1
32980 0
33780 1
32600 1
35120 0
34040 0
34289 0
37100 1
33170 1
34019 0
32540 0
33819 0
32609 1
42650 0
33259 0
36670 0
32240 1
34699 1
32040 0
33390 1
33429 1
33500 0
32940 0
35689 0
33720 0
33460 1
33609 0
32100 1
33150 0
31909 0
33670 0
33240 1
34869 0
34640 0
40329 0
36940 1
38040 1
36929 0
34550 0
33290 1
35839 1
35159 0
40070 0
32839 1
32650 0
32750 0
32769 0
33450 1
32740 0
34849 0
32230 1
34940 0
35439 0
33630 0
32660 0
33009 1
31980 0
33580 0
33579 1
32030 0
34230 0
34299 1
34980 0
33600 0
33029 1
33000 0
33000 0
33129 1
34660 1
31620 0
32539 1
32470 0
64439 1
32200 0
33990 1
36129 0
32840 0
34160 1
32949 0
33990 0
33900 1
32939 0
34910 1
34100 1
33009 1
33880 1
32610 0
34159 0
31940 0
35390 0
34819 1
36930 0
39500 1
34899 0
34640 0
34629 1
35119 1
33710 1
34650 1
33270 1
51510 0
32609 1
33940 1
32600 0
33039 1
33460 0
33710 0
34769 0
35570 1
36150 1
35559 1
36480 0
33269 0
35149 0
34920 0
35120 0
33290 1
35100 1
32390 1
33960 1
33790 0
40769 1
33890 1
33790 1
33479 1
33020 1
35510 0
37319 1
88250 1
33460 0
32810 0
31399 0
32390 0
31660 0
32800 0
31000 0
31680 0
31969 1
32129 1
30860 1
31769 1
32140 1
32120 1
34469 1
34679 0
34280 0
31279 0
34219 0
36370 0
55399 0
58060 0
56849 0
45480 0
47339 0
53060 1
47839 0
44420 1
46529 1
46910 1
53489 0
48230 0
50369 0
50150 1
46839 1
47470 1
47090 0
47139 1
45509 1
48230 0
45129 0
47029 1
44700 0
48749 0
46530 1
46919 0
53710 1
47559 1
50040 0
51549 0
51820 1
44899 0
48430 0
45559 1
46020 1
46989 0
47720 1
45489 0
46690 0
45320 0
54790 0
54729 1
58239 0
54529 1
56290 1
56819 1
56230 0
50839 1
45870 1
47339 1
46730 1
46789 1
45440 1
47689 1
46190 1
47789 1
45890 0
47129 1
47200 0
49629 0
55169 1
57439 0
57620 1
57089 0
63430 0
56219 0
46900 0
46640 1
47710 1
45829 1
47500 0
47200 0
46830 0
46279 1
49150 1
45699 1
46700 1
46069 1
48830 0
48579 0
48100 0
52819 0
46360 0
47040 0
47179 0
47140 1
55029 0
47379 0
48619 0
47309 0
46710 0
47729 0
45570 0
47869 1
45440 0
48530 0
48039 1
48890 0
47759 0
45740 1
47499 0
48590 1
56759 1
52520 1
54879 0
54560 1
61259 1
45550 1
46829 1
47170 1
46779 0
44530 0
47569 1
47040 1
46239 1
48380 0
45289 1
51030 1
45399 1
47990 0
45329 1
58950 0
54179 1
56800 0
56289 1
57159 1
60129 0
47730 0
45600 1
48769 0
48709 1
49309 1
47170 0
46660 1
46819 0
46290 1
46679 0
46080 0
47679 1
45020 1
48740 1
45879 1
46800 0
46069 1
48030 1
46119 1
49320 0
62319 1
47740 0
46929 1
45840 0
46249 0
46270 1
48419 1
45530 0
46819 1
44880 0
49299 0
46340 0
47339 0
46810 0
46769 1
47109 0
58359 0
57310 0
54919 0
53830 0
68789 1
48920 1
45959 1
47179 0
46800 0
47430 0
44359 0
50220 1
44769 0
49760 1
45539 1
47620 1
46449 0
49760 0
53079 1
56520 0
56129 0
58989 1
58500 0
55190 0
10081249 0
34120 1
35160 0
32160 0
34070 1
31150 1
33840 0
31419 0
33989 1
31790 1
33370 1
36329 1
33920 1
36160 0
33580 0
33900 0
31840 0
32960 1
34010 0
32989 1
31140 0
32520 0
31420 0
33190 0
31670 0
32550 0
32269 0
33030 0
33360 1
41379 0
36490 0
31400 0
33840 0
30730 0
32179 0
31769 0
33380 0
31120 0
32949 0
31320 0
33150 0
32479 1
32640 0
30900 0
32689 1
30510 0
33620 1
34329 1
35039 0
32970 1
33989 0
34750 0
33120 0
31749 0
31670 0
31190 0
32570 1
32740 0
32930 0
37500 0
32970 0
30500 1
34449 0
33240 1
33910 0
32430 0
32509 0
32470 0
30870 0
32749 1
31990 0
32969 1
31260 1
32830 0
31780 0
32599 0
31440 1
34840 1
32540 1
32940 1
33409 1
32719 1
33330 0
31709 1
32879 0
31290 0
31750 0
31719 0
32830 0
32860 1
41509 0
31320 0
33550 0
32250 1
32920 1
31689 0
32659 0
34740 0
33769 1
33189 1
32080 1
33420 1
30460 0
33170 1
32360 1
32139 0
33050 0
33280 0
32649 0
33260 0
31900 0
31689 0
31170 1
33880 1
34039 0
33620 0
33520 1
31769 0
33080 1
31260 0
38289 0
32030 0
32380 0
31500 1
33540 1
32170 1
33879 0
32319 0
32930 0
31320 0
32890 1
33190 0
32970 0
35739 1
33540 1
32729 0
32440 1
31900 1
31630 1
32570 1
31640 0
32569 0
33250 0
33870 1
30720 1
32209 1
32250 0
33979 1
33699 1
34260 1
41720 1
30950 1
32370 1
30809 0
32010 1
31630 1
32149 1
31199 1
33520 0
31769 0
32290 0
31460 1
32070 0
32209 0
33830 1
32990 1
34569 0
31370 0
31100 1
32329 0
31870 0
32110 1
31719 1
32770 1
31170 0
32600 0
31280 1
33590 1
30530 0
31600 0
31980 1
40070 0
32820 1
33560 1
32700 0
31129 1
32780 0
32600 1
32629 1
30700 0
33690 0
31190 1
32610 0
34000 0
33000 0
31340 0
32320 0
31889 1
32160 1
33849 1
33220 1
32780 0
31120 0
32520 0
31170 0
32620 1
32639 1
31940 1
32900 1
32309 0
31430 0
32790 0
38089 1
32370 1
32020 0
33919 0
32590 0
33700 0
32069 0
32290 1
33710 1
31449 1
34740 1
31580 1
32299 0
32579 0
32340 1
32410 1
32660 1
30360 1
32399 0
32319 0
34990 1
34159 0
36539 1
34100 0
32200 0
32339 1
31800 0
33550 0
31250 0
32510 0
36189 1
32370 1
31350 1
32589 0
31020 0
32180 1
32039 1
34090 1
34220 1
36370 0
33110 1
31300 1
33110 1
30910 1
34280 0
31150 1
32629 0
32120 1
32170 1
31200 1
33080 1
32580 1
31809 1
31660 0
33850 0
33809 1
33070 0
34380 1
33419 0
32970 1
47189 0
32559 1
32720 1
33269 1
32309 0
32430 1
32119 0
32800 0
32380 0
34469 0
32099 1
31770 1
34319 1
32729 1
35980 0
33089 0
32869 1
32010 1
32660 0
31709 1
31780 0
31140 1
33149 1
31940 0
32280 0
32059 0
32340 0
32520 0
32979 0
32340 0
34300 1
10044299 1
39429 1
32490 1
33169 1
32150 0
32880 1
31839 0
35120 1
32210 0
32529 1
30990 1
32080 1
33519 0
33809 0
31150 0
40519 0
33650 0
33210 0
34469 0
32450 0
33010 1
32389 0
33410 1
30850 0
32779 1
32130 0
33670 0
31649 0
32659 0
37220 0
32550 1
32439 0
33540 0
33519 1
32900 0
33880 1
34610 0
34070 0
31460 1
31879 0
31510 0
33010 0
32270 1
33079 0
31900 0
33460 1
31589 1
34620 1
31690 1
34930 0
35740 0
34090 0
36250 1
31130 1
32809 0
31639 0
32050 1
33749 1
31839 0
36710 0
34619 0
31270 0
32610 1
32840 0
33449 1
30330 1
34530 1
33779 0
36680 0
33480 0
33759 1
32340 1
30719 1
33979 1
31900 0
33790 0
31859 0
33130 0
32329 1
33400 0
31460 1
32760 1
31600 0
33370 0
34970 1
32549 0
36030 1
32689 1
32779 0
37620 0
32709 1
31169 1
33620 0
31009 0
35759 0
32250 1
33579 1
31669 1
32400 0
32399 0
31909 1
35270 1
32580 0
33279 1
33450 0
33680 1
32560 1
32570 1
31529 0
32299 1
31940 1
34910 0
36060 1
33200 0
31729 1
32749 1
30920 1
31880 0
34649 0
34050 0
40159 1
31380 0
33040 1
32879 0
32859 1
32920 0
32720 0
32319 0
32700 1
31999 1
31939 1
31690 0
34340 0
30949 0
33020 1
33690 0
33339 1
33400 1
31720 1
32529 1
31870 0
32690 0
32609 0
33000 0
32420 1
33699 0
31900 0
32380 0
31879 0
32520 1
38330 0
32289 1
32690 1
35670 0
34309 1
31560 0
33550 0
31159 1
32800 0
32460 1
33379 1
30960 0
32130 0
32129 0
32590 1
31490 1
32389 1
31749 1
33600 1
32780 0
33080 0
32970 1
32350 1
33610 1
32920 0
32209 0
33100 1
33290 1
31179 0
32470 1
35560 0
32710 0
34860 1
32070 1
31570 0
35700 0
32550 1
34159 1
32609 0
32320 1
33499 0
32489 1
32850 1
31929 0
33180 1
30570 1
32270 1
31749 0
34160 1
31680 0
33849 1
32030 0
33980 0
33849 0
33730 0
32820 1
33529 0
33210 0
32700 1
32209 0
31640 1
38640 0
32189 1
32520 1
30940 0
32489 1
31480 1
33350 1
32019 0
33390 1
32900 0
33139 0
36330 1
32140 1
32529 0
31860 0
32270 0
32120 0
33640 0
31710 0
32219 1
31689 0
32510 0
31150 1
32840 0
31860 1
34930 1
32780 0
33750 0
35089 1
33850 0
37330 0
31920 1
32809 0
31370 0
33040 1
31679 0
32120 1
31050 0
33509 0
31830 1
32599 1
31170 1
33250 0
32270 1
32899 0
34340 0
35790 0
33169 1
32280 1
32880 1
32429 1
30920 1
32720 1
31260 0
32790 1
32180 0
34189 0
31300 0
32810 0
34579 0
32500 1
43909 1
35070 0
33360 0
31129 1
32440 0
32750 0
32799 1
31079 1
32600 1
31370 0
31909 1
31060 0
32790 0
30489 1
34470 0
31840 1
33339 0
33520 1
32780 1
33909 0
33360 0
33320 1
31389 0
32580 0
31840 1
32270 0
32800 1
34650 0
31680 0
32589 0
9064160 1
38100 0
32910 1
33579 1
33950 1
34440 1
36760 0
31880 1
34100 0
34900 1
35390 1
32410 1
35560 1
32810 1
34500 1
33449 1
34280 1
33330 1
33789 0
33290 0
34260 0
34479 0
35299 1
34490 0
32189 0
32960 1
33570 0
33750 1
39179 1
33760 0
33319 0
35050 1
34140 0
36769 0
35030 0
34350 0
32390 1
34110 0
40280 0
39059 1
44980 0
33019 0
32870 1
34790 1
34659 0
33570 1
33560 0
31629 0
33710 1
