59250 1
45289 14
39040 2
38100 3
46009 8
47150 8
43110 5
41289 11
40700 4
38729 10
48470 0
49109 12
43650 11
43709 9
47830 3
39339 7
43039 11
35800 12
45340 12
45519 9
45189 5
53490 1
40860 0
36459 11
42390 14
41030 14
43850 12
37530 2
46079 8
45100 6
42150 13
37050 9
35570 7
35329 8
37890 7
35560 12
36959 6
37250 5
40859 1
37920 12
34700 3
34609 7
35949 1
34080 10
36210 6
37669 3
42330 11
43649 2
33680 14
38379 2
40689 1
35500 13
39210 2
36239 15
34420 13
32290 8
37140 7
32320 3
35280 6
39260 9
47540 15
40349 7
44330 1
46989 15
46680 7
38899 3
36449 1
36300 7
38670 8
40140 4
39410 9
37269 10
35910 5
49849 5
38679 5
33440 13
31969 8
35100 1
33160 5
41549 0
38320 3
35280 0
32499 6
36970 7
43959 13
39550 1
39380 0
37610 15
33130 5
30780 15
31869 15
32389 9
32050 15
29729 6
32790 13
30460 5
31230 9
32249 7
32810 7
33030 1
33669 14
43080 9
32230 1
33159 10
31700 6
32320 10
31070 8
31730 4
30620 8
33089 7
30659 9
32350 3
30249 0
32109 9
31470 11
32500 12
34779 9
37950 15
37430 1
38659 1
36430 9
39539 14
33150 8
30580 4
31679 0
31290 2
31100 4
32890 4
33219 8
34240 15
30780 6
42879 11
33060 6
31950 3
31349 1
31469 10
32460 14
33859 12
33279 14
33120 0
30470 15
31290 0
35660 12
36980 4
37899 13
35890 3
37599 13
35560 15
33020 15
31280 1
32969 15
30520 15
31719 6
33599 3
31790 4
32219 6
31739 14
32820 1
31370 6
32139 12
31970 7
45480 11
30859 0
32540 1
32040 9
32369 12
31450 14
32950 15
30979 4
31060 13
32590 4
33089 9
31729 0
31070 4
32270 12
33510 10
36270 0
36999 2
37990 6
35700 6
37100 0
37370 10
32920 5
31789 14
31479 2
30750 2
31980 6
36779 14
31850 7
34219 1
31259 15
44760 0
31940 1
32509 3
32310 15
32360 13
32780 0
33130 14
31730 0
31640 2
31490 8
33340 12
34499 3
37390 4
37379 3
40250 0
40420 15
34220 14
33469 14
31050 5
31599 14
33369 6
33030 10
31290 3
31819 4
33190 2
31200 1
30589 9
32839 15
32410 14
46919 15
32860 3
33350 10
34909 1
32240 0
33320 5
32390 12
32910 12
30960 11
32739 8
30959 10
30890 11
30709 13
31150 5
29340 9
37130 4
35099 13
35080 14
32880 6
34130 0
32050 11
30650 14
32339 2
32990 2
35600 14
31359 2
32520 11
30840 4
31640 8
30730 7
45130 0
33349 0
31850 1
29820 3
32070 1
31739 15
32620 1
33640 13
30790 14
37680 8
32330 3
32730 14
31460 0
32500 7
29710 14
31900 1
34500 9
35639 2
31830 7
32810 11
33639 8
32630 2
31540 1
35950 15
32020 13
32550 9
33519 3
32759 10
32110 15
32210 1
32170 14
10067053 13
47339 8
39120 15
43489 10
40529 6
34210 5
33850 10
34859 13
31260 14
32549 5
32079 3
36040 13
35860 7
32949 13
38490 15
32540 1
36710 13
37290 14
38159 1
36320 8
34960 12
34090 0
35719 10
34400 14
35269 1
35680 9
45250 6
31299 10
31580 10
31090 11
28490 14
30000 9
29400 14
29640 0
29989 7
31950 12
28740 2
31009 15
29310 2
30270 14
28970 15
31789 5
30200 3
30080 14
30339 13
31650 3
29730 0
29130 14
30350 9
29580 3
30350 0
28819 7
30310 2
29760 14
29910 1
29419 0
31730 1
30079 0
31479 15
41520 3
29440 0
29820 0
30300 1
30460 10
29310 10
29470 5
29830 9
29650 11
29760 0
29810 14
29190 10
30139 2
29340 14
31370 4
29469 12
30819 13
31610 6
36200 2
31800 6
30930 13
30300 1
28369 14
30260 11
28900 10
30540 4
28920 12
30580 8
29770 14
29619 10
28970 8
30990 12
29340 1
41190 0
30010 0
31709 6
29620 7
31140 13
31360 2
28220 2
31270 10
30130 14
30420 5
28720 0
29910 5
29560 4
30439 13
30320 9
32270 0
28809 1
29060 3
28800 3
30849 3
30289 6
30030 8
30960 14
30289 15
30790 5
29070 8
30339 9
28179 9
30650 0
29610 13
31010 14
28869 4
29760 3
42189 7
29849 3
28960 8
30949 0
29690 1
29830 8
32300 7
30059 12
30220 12
28670 14
30319 13
30349 9
29950 12
29350 2
30449 4
28640 13
31290 11
31119 13
31780 3
27880 3
30460 8
32600 11
31160 4
31400 4
31319 8
30700 6
29330 1
31090 1
29619 9
30970 9
29150 0
31089 9
35850 2
29890 6
29399 2
29810 4
30460 13
31030 5
29320 10
30730 5
30939 0
31219 9
31450 2
30160 12
29259 13
31589 4
29380 12
31689 6
29659 12
29900 7
28430 7
29149 5
30600 11
30280 9
29770 7
30559 0
32350 10
32530 10
33200 12
29090 6
30510 13
30129 6
30280 13
29810 15
29950 6
37910 3
30070 1
29050 3
30400 2
31080 15
29970 1
29279 13
30690 13
30800 15
31190 3
31840 14
29700 12
30399 5
29189 15
30520 13
28380 3
31410 5
31809 13
33000 8
29149 11
32399 7
28550 3
29500 9
29989 9
29980 2
30950 12
31619 11
31470 12
29990 0
29430 5
28979 4
30620 12
38830 0
31269 8
28270 4
30710 11
28659 8
29939 11
30060 6
30560 9
30019 0
30160 6
31050 15
31780 11
32569 5
29550 5
30020 10
30589 9
29820 7
28660 3
29690 2
29459 5
30500 6
29929 7
29510 3
29430 8
30000 6
29419 10
29890 1
30710 9
30430 13
33819 1
31130 0
29690 1
28590 11
39610 11
29870 13
29999 8
30300 0
30040 4
28360 10
29839 3
29150 15
30020 3
29020 8
30060 15
32160 0
29569 3
32089 5
28560 13
30270 14
33569 13
34520 14
34870 3
35059 8
34550 8
37940 14
34030 8
29660 3
30100 5
30680 7
29810 12
33030 4
31029 5
30180 12
29760 5
29099 3
50900 2
29730 7
30689 14
29590 8
29730 7
29149 4
30309 10
29580 15
29570 8
29109 1
30330 5
30370 12
33119 9
34579 9
34700 8
34880 5
32710 1
35830 1
28859 15
30139 12
29440 14
29570 10
28759 15
30380 8
30650 9
29929 5
29340 8
30740 2
28230 10
30459 3
31470 15
30530 14
10053483 13
45189 15
43800 0
35989 5
37780 7
32110 9
36179 15
33500 11
32690 0
29860 1
31899 4
31000 13
31079 5
32469 15
38040 14
37539 2
36330 12
35860 15
37039 8
35020 0
30510 10
30359 3
30819 15
30020 5
30279 1
31719 10
29460 3
31890 8
29309 12
44460 0
29240 9
34459 10
31010 1
31220 10
30960 13
28089 2
34060 9
29339 10
29749 11
30050 15
29450 13
31349 0
35200 14
36920 0
35459 2
33680 13
32770 0
29459 13
30270 3
30870 12
33890 13
29350 5
29840 7
31200 4
29390 3
29680 2
30060 6
29770 12
28999 8
30500 6
40280 0
30320 5
29840 2
30350 2
28510 1
31330 11
32100 0
30859 6
34810 14
29490 6
31990 13
29330 12
30620 15
28940 11
30850 2
30310 12
29750 5
29629 0
32610 7
35660 12
30280 0
29880 8
31100 9
31459 1
32789 5
30760 6
30070 1
32090 14
29970 14
29210 2
29560 1
32860 3
36800 12
29779 9
29139 4
30190 2
28690 12
30109 7
30050 13
30490 9
29190 4
31669 14
31190 5
31909 11
31580 3
36100 14
34929 2
37389 11
37040 7
35889 1
30400 8
30810 11
29720 10
30299 3
29280 11
30310 5
28560 3
30150 6
32480 12
33609 7
32879 7
30500 2
30420 8
31199 1
37480 14
30190 9
30640 10
29769 2
29880 3
29219 10
29610 0
29500 9
30100 15
28910 14
30230 6
31060 15
31669 3
31039 12
28510 3
40970 0
33759 6
36320 7
35359 3
34750 9
33260 4
35809 3
30900 7
29630 12
29829 6
30409 15
29170 2
30280 3
31340 7
31730 7
31630 13
40750 8
30450 12
28100 3
30250 0
29309 4
30480 12
29210 12
30579 12
31600 12
30000 12
30830 14
32880 14
30070 5
30310 12
30920 3
35280 1
31590 12
28899 12
31540 6
29000 2
30419 14
28940 10
30600 14
28550 14
30790 12
29380 2
29990 12
28470 7
30419 4
30280 6
30220 10
32250 4
31010 4
39799 2
29979 9
30620 15
29690 4
31809 12
29259 7
31620 0
29989 1
30220 4
29550 14
29930 15
28679 6
30560 0
30120 10
31680 11
30910 1
30720 6
31360 5
28769 2
30470 15
29450 5
30130 1
29559 12
30810 7
29759 12
30430 4
29150 7
30740 15
29320 14
30649 5
30940 10
31030 2
39100 10
31400 2
30249 10
29869 12
32080 7
30120 13
30419 1
29529 7
29450 13
30069 7
29970 1
28930 13
30960 13
29789 6
31310 15
30240 7
30430 12
31170 3
32580 6
33489 13
29090 15
29860 8
29390 14
30939 15
28840 13
30050 15
29889 9
29989 9
29330 12
30870 15
30089 6
30720 15
29450 0
40289 8
31310 0
31660 10
31329 0
28349 10
29990 6
29080 6
31029 14
29350 5
29700 7
30299 4
30670 14
29320 14
32559 12
29519 6
31810 3
29530 8
32059 14
31400 2
31080 4
30709 2
28349 12
30310 9
29729 7
31889 14
28970 12
29400 1
28899 9
30860 3
30030 14
32200 0
30090 8
30530 10
43999 10
31869 7
30900 3
30329 8
29850 15
29510 6
29990 4
28800 11
31050 9
28830 11
29960 12
30200 10
32510 9
30120 13
30890 10
34350 7
36190 14
34929 2
37020 9
38450 6
37179 5
35510 12
36469 11
31369 12
29790 4
31020 6
31860 5
31209 5
30450 2
30489 14
10047362 10
44120 8
44320 14
36659 14
40280 8
35139 2
32450 7
31510 15
31780 8
30569 10
33040 15
30289 13
31320 14
29430 13
31100 6
30349 1
30540 14
29060 10
30459 6
29040 10
30920 10
29260 0
30960 0
31040 1
31420 2
32759 5
30210 6
30610 9
29610 14
30470 5
30970 12
44579 12
29380 1
30530 8
29720 12
29940 15
30730 8
30970 5
29410 9
31169 1
30440 12
33519 4
32300 15
32780 0
30769 5
31049 2
30970 13
33530 7
32079 4
30590 8
29380 12
30540 8
29179 0
30510 10
30440 6
32079 1
29370 11
29870 6
31089 7
31430 9
30950 2
31359 9
31909 1
36560 14
30680 13
29839 4
30990 0
28790 0
32379 2
30820 7
29830 2
29820 8
31160 11
30340 12
31169 4
31989 13
31760 3
31280 0
31279 4
30160 3
29540 13
30849 3
30599 11
29730 5
