110669 15
56760 2
61019 7
51359 15
62080 13
69819 9
64880 12
64119 14
70419 12
62000 7
64359 11
57370 1
74699 7
62939 12
73090 15
59529 0
57179 7
54829 3
57619 11
58920 2
63549 7
59320 4
59349 9
60660 13
61630 0
58039 14
60910 5
59239 13
59120 3
61469 11
74629 12
59680 0
51819 3
51030 15
61749 6
62780 5
60619 4
59189 6
61690 7
62139 0
65360 5
58779 8
60189 8
53130 4
61679 12
63919 13
60310 8
77549 7
57090 4
56829 4
60650 1
57860 2
56419 13
53719 8
58809 1
61140 12
54279 3
62019 6
54210 0
62799 2
53630 3
62149 7
64520 5
58869 11
72749 15
65339 12
53829 11
57370 7
57839 12
52120 4
62529 3
62940 11
57530 10
57629 0
62910 8
62049 6
64490 15
58150 12
59919 12
49989 5
78009 12
56890 2
59249 13
60800 15
58890 11
67439 13
61960 10
62399 15
64849 13
54869 15
60999 9
57800 1
59629 0
61740 4
60619 12
65349 1
70580 1
64129 10
59749 8
55429 12
56179 1
57000 12
54719 11
56470 8
64999 8
55389 13
61269 5
60709 3
71510 2
58799 8
55329 14
59640 10
63339 4
71170 9
55749 14
57680 3
58460 1
60659 5
62069 1
54109 8
62370 4
65759 14
58929 13
55720 9
68629 12
61560 7
60339 5
58809 11
59519 11
70509 1
58780 15
62119 4
60369 10
61149 11
59150 2
54310 8
59989 15
61560 4
63219 4
57649 4
60199 3
64899 6
61390 12
57739 3
60669 6
58659 1
85839 5
43690 10
43729 11
45480 2
44029 4
49250 11
43900 15
48659 3
47409 0
48620 10
48150 7
43039 8
48130 0
49059 8
44460 6
43740 15
46640 8
50009 14
47049 2
48809 12
48309 8
9080092 5
43530 13
49899 14
50090 1
49220 13
48729 13
49080 5
50300 1
47370 12
50440 13
51520 15
50990 12
49959 12
55039 6
45370 13
52780 9
56810 12
53049 8
53269 9
75969 0
70229 15
64240 2
63669 2
69809 10
75519 14
64069 2
77589 12
74459 4
72310 4
74049 11
77619 14
69560 3
71879 8
83019 14
68199 9
73580 8
69159 14
69969 8
69750 11
71999 1
68079 8
75760 6
73110 2
81929 0
70269 15
81540 12
77210 8
73669 7
61459 15
66369 5
69719 1
77479 9
67840 6
68479 6
76929 2
72449 5
68139 8
73589 1
70740 2
76799 6
86969 9
72679 0
64970 14
71029 13
68689 9
83270 2
69810 11
68969 8
77109 11
83090 7
73379 4
77259 14
77369 14
74289 2
89049 2
68059 0
71289 12
74609 9
69949 10
74409 5
67970 6
73639 9
73419 3
73220 6
72930 14
72059 6
76500 8
92248 2
75720 15
70599 9
62710 1
78370 6
66569 14
70489 4
73279 4
69419 14
74289 2
66390 1
72719 12
77169 11
73249 2
89699 12
75420 4
64559 12
73550 4
74149 0
66149 0
75329 6
65209 5
68559 5
71149 5
61700 2
71389 7
72109 15
71689 7
84629 14
78919 0
61410 0
75929 8
80959 10
78049 5
68110 14
75149 0
66349 9
72440 7
75009 12
75169 14
66869 4
88509 4
73999 3
50259 7
65639 5
63179 9
62420 5
62449 13
62010 5
62090 2
64049 0
63759 5
63370 11
58020 3
58770 9
58049 8
58230 1
85249 10
56619 2
63300 11
59079 14
63769 5
59239 0
63629 14
61080 1
61359 5
67849 4
61339 0
56569 5
53090 3
56979 15
58700 2
64749 10
10074543 9
72749 15
56900 2
56309 6
59649 3
60930 13
61719 9
57290 13
54639 9
61650 3
63979 13
64149 5
64170 15
59519 9
64099 3
59650 15
77599 11
61959 5
63439 1
56749 3
58750 2
60279 12
64610 12
58150 9
63749 15
58700 12
62259 0
58160 4
63480 13
56039 4
59010 12
62959 11
58920 11
77379 11
58849 7
60710 6
60049 3
63470 3
62300 10
61389 0
59510 8
65099 1
61899 7
61000 12
57319 7
58290 4
56549 2
68029 5
59330 13
70829 7
66940 8
56239 3
59539 11
58439 4
62229 7
51400 5
58819 6
57630 3
62919 5
58330 10
67189 0
60320 10
64440 7
61799 8
57940 11
70159 5
55939 5
57780 2
62059 14
60330 7
54279 6
60049 3
57030 7
60270 2
55679 4
59169 11
60060 3
60119 7
58829 6
56930 7
59149 7
59310 15
69049 6
57559 1
60940 12
57889 3
60310 15
62709 6
58540 15
68939 9
62679 4
55160 5
55269 12
65640 7
67069 9
61580 5
57169 14
63019 0
74689 15
61639 3
59719 10
55690 15
53519 1
59540 12
55559 10
58480 14
62769 5
63259 12
59329 15
62419 8
59000 15
62829 1
61229 13
63360 0
58859 5
75400 11
63749 2
64069 8
65800 9
62519 5
63519 3
60320 7
55160 9
59450 13
59909 1
59330 5
59929 10
58009 11
61999 4
60569 12
60060 0
78209 11
52839 10
54150 2
55940 7
55159 14
56629 7
57720 12
54669 12
58070 10
55759 5
60500 14
57170 5
60579 4
60230 10
63799 8
55590 11
62739 12
73279 2
52270 13
51709 10
52770 12
48749 8
43530 6
47249 9
53930 2
49040 0
51859 12
50279 1
55090 1
52970 9
51940 0
54139 7
49499 2
52080 2
46770 14
51569 4
10111152 1
68879 10
61539 4
60049 0
60779 13
64160 0
51089 14
51750 4
52629 15
61230 14
51600 5
56520 6
55799 4
59569 6
55140 8
52619 13
76100 7
55709 4
52039 10
53269 3
56960 1
52560 1
52939 12
55299 11
59019 2
55970 8
52849 15
54530 12
56739 5
54180 1
57239 2
59850 6
54180 14
55909 2
73530 11
54229 10
60040 15
49509 5
53330 15
49009 13
53340 7
65589 2
55000 13
58439 0
61319 13
59360 4
57739 3
59690 14
60239 12
59810 3
57619 10
51879 14
70280 1
48499 0
48380 14
53469 1
50590 12
60809 6
53600 10
56379 7
59110 1
52280 4
52050 5
51790 5
57840 14
53749 11
50670 2
53589 6
57410 15
56050 7
63719 7
51590 8
39839 14
51810 4
50179 1
53210 8
53659 3
52630 5
51489 11
50410 8
56099 9
50190 10
55749 12
52190 5
54879 8
48670 13
45749 6
52570 12
50499 7
57670 9
49679 3
54440 8
50499 8
51660 1
55239 3
50400 11
52719 15
55110 13
49369 5
53890 7
42479 11
49640 14
43979 7
53660 10
43649 5
51889 3
48359 2
51149 14
52389 1
64360 9
54979 14
51490 12
46350 10
48900 3
47260 3
47419 15
44930 1
47429 1
46270 11
47719 14
47480 9
49369 13
45720 6
44969 12
47070 11
49380 5
53680 0
46949 9
48070 5
59119 8
50320 7
45339 9
45519 7
45810 4
47540 2
45440 15
43989 5
53330 8
48359 4
47550 9
48889 3
47410 0
45250 12
50549 3
50639 8
49709 0
52329 0
41589 2
46329 15
49149 1
56150 12
47790 13
47400 12
46329 11
51110 15
47569 9
47920 5
45929 4
49880 0
46879 5
46770 0
45350 12
48539 15
47810 2
49710 1
50829 12
52720 13
49730 4
54289 13
46359 1
63159 6
48930 1
43930 5
46550 9
42949 3
47760 0
46779 15
44850 6
45979 9
43990 15
50229 15
49880 12
45150 5
45929 0
51010 12
59809 1
40830 12
45739 10
49770 14
46239 12
47410 10
10062452 7
62909 6
45609 10
47219 1
49269 5
50529 3
48170 9
48669 7
50580 5
48089 13
51090 11
53159 3
49100 9
50939 13
49620 6
52089 15
51100 2
47779 2
46960 5
45619 15
56450 15
43039 14
51430 15
48049 2
49889 2
54649 8
50309 7
53270 0
46849 8
48240 13
46719 3
52640 6
47030 10
45999 5
47369 2
50970 4
46349 0
49280 2
46549 13
49080 4
57409 12
46800 15
55869 3
49650 14
47449 12
48480 1
49549 0
48880 12
47849 9
48910 14
44019 4
55629 3
42409 9
50129 8
48490 10
50289 13
47420 12
49319 3
51670 0
48679 15
61290 9
50579 3
49130 11
49149 9
48130 4
47349 2
45640 9
48259 11
43559 0
45200 12
46650 9
49020 1
43929 1
47250 6
50899 6
45650 13
46689 7
48710 5
49109 6
48580 4
61109 7
54010 15
47279 6
54550 15
48319 6
48510 7
45749 14
46070 9
47979 4
47940 14
46329 5
47489 1
43530 10
47429 1
47580 11
46329 12
49610 14
57239 3
48870 14
46449 15
49220 13
53769 14
46950 10
49009 4
49630 9
41350 10
49889 9
41570 1
51399 6
52110 8
49759 0
48580 10
47739 13
46180 13
49299 3
44810 11
46439 3
47020 4
43820 5
48149 15
45670 15
48899 12
57920 15
47689 14
43420 4
47399 3
45330 6
44499 10
50799 0
47390 1
52100 1
48479 1
43459 12
47440 10
47079 5
49370 4
45279 7
40410 7
50729 14
51200 12
45119 14
47519 9
52550 11
56099 6
44089 14
44480 2
50539 15
49420 0
49350 3
46339 14
41870 11
50179 15
47190 2
41499 8
46509 5
47399 0
49079 2
46980 9
47070 0
52219 0
45110 8
49040 3
45199 15
44320 5
60669 6
49500 15
44529 2
45500 5
50680 14
47820 4
51019 10
48279 9
45490 2
46880 12
47640 2
49979 9
48290 1
48129 14
244848 0
52929 9
51030 8
67869 13
50900 8
56599 5
51980 2
52569 4
50280 0
51419 4
46620 15
54129 14
50850 12
48869 1
48570 3
51599 15
47470 3
236278 7
10058933 13
56800 8
56339 6
50889 1
47900 15
50000 14
47769 6
50500 14
48799 11
41650 14
48779 5
48930 11
49629 15
43880 15
49270 11
51009 10
47829 7
50119 1
48929 2
50579 6
54930 5
45080 3
45130 9
44849 4
37060 4
42629 3
38939 13
41230 10
46859 11
45780 15
44609 4
47300 8
45179 13
44999 6
47210 5
46460 2
44330 1
43629 13
41350 14
46280 1
41410 0
47690 9
48389 8
55179 10
47739 9
43120 10
46009 15
42440 3
40850 3
36820 4
38700 15
47759 6
48690 10
46359 12
44770 8
45040 12
44799 1
45000 3
46949 4
48640 11
51719 10
42330 1
43999 10
44760 11
45639 0
61580 2
40660 2
39109 13
36300 4
39049 3
45250 12
45870 9
48829 13
42839 11
48229 14
43480 15
44029 5
40310 6
48669 4
45570 4
47989 14
45459 5
46189 11
43739 11
46860 9
40719 3
41020 8
51349 13
41289 9
45090 7
44700 0
46410 1
45049 3
39170 6
39270 5
39589 0
39160 7
48099 7
47160 2
41070 9
42289 7
45440 4
48640 15
50230 5
42819 7
46100 2
45279 9
43550 12
45839 6
57060 11
40260 0
47100 2
45910 1
40279 0
43660 14
45599 0
36170 9
40160 12
37209 12
