150939 11
86719 10
3134372 7
1007681 22
89349 14
72839 23
73760 1
65799 8
309127 18
58140 6
238408 8
48620 6
48430 23
53119 22
39410 11
57999 14
61300 21
56359 10
56870 10
60449 21
77759 19
57959 9
47799 6
56429 20
59990 0
45490 21
62369 6
44379 8
58890 16
59240 23
53219 16
49260 20
50270 0
77539 18
65310 16
64440 14
51669 21
64880 19
80969 4
70459 7
72870 5
67619 15
136139 12
1657025 0
61319 19
152079 6
1998152 23
53240 18
104419 12
70899 18
1510946 4
197058 4
485806 1
80509 5
98989 3
60409 3
68839 8
74280 9
56879 19
56410 6
1669244 19
73730 9
210768 8
60780 13
52430 8
1103990 15
66259 1
59270 1
79069 19
70869 17
669433 22
80760 20
60339 5
65799 3
55589 2
55979 2
61969 22
57180 18
44920 2
76749 15
54580 6
61769 14
68200 21
1222689 18
122068 12
56209 14
170028 9
70560 13
91349 6
75279 6
86309 5
65209 17
2037842 19
229977 19
66289 23
49819 11
64370 4
1693605 20
118019 8
81310 22
66199 14
62570 16
57239 10
1569826 13
102669 19
53079 5
1623665 18
68789 6
80869 17
66329 22
60139 7
47980 7
1821994 19
56859 6
66019 3
61369 18
71519 19
49470 11
1804554 0
76399 20
109789 10
76069 19
1268958 21
502726 13
95289 12
74550 9
53709 10
59880 22
58060 2
85149 12
57810 3
1314228 15
58639 1
53370 13
1877613 19
78469 5
56820 22
86679 14
1613145 5
76139 19
1102850 22
68539 21
51299 19
69810 20
53400 9
1679805 17
82299 23
65169 6
1141290 6
70819 8
54069 17
50329 23
63230 21
962062 18
61589 16
60460 0
634824 9
61179 18
40870 11
31580 11
55979 16
64720 15
65129 2
54950 14
52919 16
68900 4
66870 15
52690 23
55480 6
63069 21
70680 10
1556376 6
124798 5
58529 1
59769 20
52020 23
59549 11
59330 2
58539 19
61570 6
1260909 11
47860 19
52300 5
57740 14
61849 7
180018 0
58029 1
58870 3
73319 14
64549 13
65499 9
49289 9
79260 16
1928362 1
407166 21
37890 11
1795794 22
77309 7
67110 13
172338 2
63790 14
68699 8
64460 10
64549 9
50550 5
56860 9
49199 8
53930 3
59610 7
47900 8
49910 0
218178 16
69330 6
56950 4
45070 3
46320 4
62470 23
49070 22
56670 3
317047 17
48280 6
51129 16
43740 5
42870 9
55989 14
6271173 18
58729 23
56179 5
65220 0
53379 2
51520 11
49119 23
62269 16
117829 2
85759 7
1964112 6
66940 17
69509 15
646834 3
63559 23
56069 3
53299 17
49849 23
56910 9
77150 10
49019 8
64859 20
981291 11
62010 14
56310 0
250518 4
57199 10
79879 15
613494 7
27940 12
76119 22
51800 22
58780 18
91579 12
73870 20
74910 23
1877253 2
78119 18
68809 17
100529 9
11277678 18
59439 5
90040 8
77480 22
68859 15
79250 11
69100 4
60489 3
84779 9
92479 12
76269 23
55849 9
95199 13
57380 14
53939 9
70119 2
62749 20
58870 10
1657775 14
51509 8
363707 9
77399 17
64870 23
78659 13
45050 9
1429887 7
57079 14
84720 1
69320 18
95549 12
56769 5
62770 18
43580 9
58230 21
61160 2
46019 5
45240 9
59169 0
50180 13
57369 3
53280 21
67089 5
69270 6
1664094 18
250938 5
57110 9
55709 2
56270 10
1590745 6
11114230 18
65909 8
96679 8
83769 19
112899 10
61629 4
56770 2
1485517 10
71429 1
88719 12
282217 6
80350 20
79719 23
79919 15
61590 15
83030 7
67429 14
1618855 5
61109 11
115769 12
1708635 3
72810 18
82859 19
82969 3
83329 21
63079 6
71779 21
72790 10
53289 11
67549 13
76509 17
66189 2
69049 14
64300 0
65619 14
50799 0
49790 17
815953 20
56460 2
316287 1
49139 20
44690 2
46590 17
67730 19
57819 5
86700 11
52300 1
50700 14
46779 1
55810 8
49859 21
47830 21
65209 6
850363 4
64809 22
58150 21
52730 22
76149 9
2280139 19
58809 9
62290 20
79209 16
64699 7
57290 2
52149 20
54700 8
74129 14
48770 4
61529 20
47380 6
53829 7
64900 3
82159 19
214058 6
57040 3
61850 17
1261679 7
41430 7
53990 15
48789 20
44250 15
41230 7
56450 17
58999 8
153008 16
77269 14
63470 22
46309 16
49690 17
49640 14
51850 17
74009 21
73110 10
48939 10
726584 15
48439 21
55780 15
54479 4
172429 6
51859 19
673004 23
58360 3
58389 13
49150 13
114039 2
47139 23
44350 10
57599 4
48220 17
95809 1
45590 6
46910 22
57050 13
64589 0
81039 15
270438 13
50079 16
70389 19
51539 21
1294619 16
84409 3
55579 11
142129 5
48730 16
67959 18
744483 21
51750 7
43920 7
517675 13
895662 22
128178 7
49620 5
45030 5
57749 13
2448308 3
1094600 19
61600 6
654664 16
57289 19
73399 9
61709 19
37690 11
57459 10
64280 0
56600 23
10219288 18
67249 8
286017 20
269157 16
42850 12
1780743 22
45080 11
58460 22
62209 7
74859 0
1611996 15
58809 8
45610 7
68369 13
63810 18
178038 10
67810 16
59009 20
67299 4
1970733 5
100480 21
58139 22
81309 18
158449 6
89809 9
76529 14
314257 17
61949 18
62819 4
1541666 15
80149 23
71429 20
51330 10
55189 10
48180 6
54919 16
45200 10
35040 11
12331968 18
70649 1
73989 17
3992164 0
2479717 8
91519 20
946131 6
68249 13
74449 10
60869 1
75569 9
70379 19
83669 12
67270 3
68059 3
61999 14
61400 17
55349 17
60760 14
66059 2
53980 7
78029 16
9744702 18
73270 5
71899 19
119739 19
84999 23
53299 5
266597 8
65580 4
83409 12
55889 6
1521386 2
53910 6
49219 5
87959 12
81109 23
72919 1
64190 16
64169 5
61740 21
82510 0
1826633 22
63100 4
65279 16
42750 11
69439 20
40090 11
1804224 8
344336 14
59730 19
94779 12
109609 12
62689 18
51930 18
65139 13
62970 2
60549 16
59310 21
64709 0
65380 22
47930 14
52360 20
48719 14
59810 4
55629 14
77650 15
46630 4
53610 14
86349 14
50589 15
61470 15
1039830 22
55330 10
49530 20
189068 22
1351587 23
55400 8
93519 12
65089 13
66189 21
42789 8
2187880 13
56859 15
92400 20
57479 7
113009 14
62379 13
74460 2
54699 10
65430 15
51559 11
56379 16
46059 13
59740 17
916471 21
1547476 21
113539 20
83720 19
2436418 18
70939 9
251378 3
69769 21
60479 14
63149 16
65729 4
87099 12
523805 5
48140 7
55640 18
53240 4
413077 2
54159 13
44390 9
80629 1
46370 18
74949 19
48800 11
46819 5
75459 12
72250 12
1217279 13
25820 11
52650 17
61529 15
97919 6
604395 0
53780 3
98599 12
57809 22
51570 5
50179 22
1277199 16
60269 3
57060 19
53089 19
98889 21
66830 5
41240 11
55739 8
49030 21
47480 22
64140 15
50029 22
72300 4
51159 11
87249 17
62459 20
47860 19
1298759 14
48289 20
67639 15
75920 18
65919 10
87259 0
2126231 21
94349 5
245208 10
61440 22
56159 19
48940 6
9487554 18
60169 18
87150 9
156768 21
125969 7
1716874 3
56039 20
52699 10
60729 20
358427 14
71049 21
86399 5
44420 10
84129 22
55260 9
72629 5
3555818 13
67079 18
47320 10
51839 20
67330 23
275917 21
64440 19
56469 10
60050 15
43489 10
61600 1
1187369 0
44660 11
68690 8
49719 14
67959 16
66869 23
52410 14
128499 12
56210 15
64440 2
62930 16
60689 21
51910 21
873942 3
57420 5
55300 4
51080 1
61149 17
54550 20
45739 21
50450 13
51409 6
215368 7
165479 1
52629 10
74940 21
51629 16
71959 0
60149 3
54269 17
101479 23
1586986 1
101799 10
1517556 21
47499 8
85589 12
49390 23
60779 16
59220 4
74709 21
57109 15
61910 22
56399 19
42379 7
44660 5
62269 16
44360 5
38660 11
82669 12
50839 3
45810 6
44860 8
43280 5
51170 16
58800 2
1328078 1
78869 13
48120 1
74739 12
47310 2
45829 3
44520 23
52359 5
50570 15
44659 21
47479 16
46600 22
44889 10
55620 4
73749 12
102529 20
33880 11
44340 6
30720 11
45520 10
43129 10
46879 20
73500 12
612985 18
92919 8
59129 5
61880 11
46840 8
61720 19
66329 10
60089 14
66789 10
61380 14
64679 8
64130 5
45600 1
58100 14
64839 17
61949 23
1135730 9
47730 19
93469 12
528475 11
51440 15
49209 17
2500088 22
105470 1
55209 15
75219 1
59769 8
77999 12
53600 9
87469 0
57910 7
55169 15
497575 21
69380 7
635724 15
58799 2
61909 23
59250 0
773753 5
59549 19
1959832 4
85770 1
70520 19
50820 8
54569 21
62609 16
82919 12
60529 17
65850 8
53099 10
60570 6
69529 21
1635035 4
109399 22
48639 22
64530 11
46119 11
77979 1
79099 13
50200 17
70939 14
73999 6
70480 16
42739 8
56620 9
44820 5
61309 15
57349 19
43750 5
49799 10
58569 14
66089 23
59650 17
57919 9
62720 22
72409 2
52750 15
61569 22
46190 9
61179 1
85419 12
82030 10
49130 4
63830 1
16099065 18
97059 6
100249 13
71609 19
73959 21
46560 11
5731048 0
1170759 1
70740 19
704243 9
46690 0
51589 1
77229 13
73809 5
66839 20
167669 20
65890 10
57189 3
72109 10
58060 23
49289 3
46430 23
45320 10
68800 8
65759 14
139679 12
57510 22
11219558 18
74900 1
50839 13
50770 22
59620 6
77179 17
59370 15
87679 16
60260 8
50950 13
58729 14
57110 23
1595035 0
88690 1
49479 18
48720 14
62779 19
86180 12
50480 10
1632915 19
53480 15
77319 12
59200 4
897292 15
57390 9
55559 5
96179 7
46080 8
59079 17
45159 6
45550 9
42509 9
3266710 2
120199 23
102779 3
86679 0
69590 9
52469 17
51040 3
58029 17
46710 17
1184039 3
44530 2
64560 16
60400 23
70989 21
63089 14
69170 11
56390 10
8254365 18
48270 2
50690 16
84879 12
248728 6
66219 20
50979 6
32810 11
132349 6
55339 14
57869 19
56599 8
1638096 1
47299 11
29270 11
204028 1
54080 20
49479 2
93749 21
45220 3
25990 11
41439 6
57780 5
93109 9
40620 6
45719 8
495566 22
2478377 0
57670 2
95599 15
52910 19
60629 5
54910 10
46710 3
900452 6
54809 11
74989 12
56569 4
56210 10
69329 2
59830 14
50410 15
263378 18
59689 17
56110 23
98349 22
78919 18
65809 9
74440 7
70609 7
59760 16
66699 2
54329 4
30129 11
45740 9
49300 23
47100 14
56309 3
62939 6
66829 6
50000 0
70579 17
52970 23
48669 14
49480 3
47590 16
1347647 4
66940 2
50269 22
47910 16
1572986 21
108339 0
84640 20
69379 4
71530 3
49170 0
1325298 0
