292498 6
16572573 11
62370 0
65109 0
360227 11
64469 8
68715736 13
73959 3
100769 3
392537 7
161889 8
235228 4
89700 3
114459 0
121399 5
9572547 11
483876 11
74109 8
154629 3
73980 7
8428475 15
88389 11
130279 2
217849 4
103479 0
80449 13
159559 4
350018 8
116699 8
151339 12
82879 3
129509 15
97639 13
139399 14
125259 5
136309 9
143279 14
169258 8
167588 0
116229 7
107940 9
163198 14
119950 3
84289 13
73149 4
40680 9
101169 9
97750 8
47640 10
133579 1
70279 13
121939 4
259407 11
213049 12
127859 0
103039 4
84030 14
99290 5
194348 4
82520 13
148088 3
127348 15
85489 13
125819 1
129749 8
189798 6
129059 1
139348 6
38329 9
83450 0
139959 9
118690 15
146769 5
51050 10
136059 9
193989 3
65939 9
114869 2
134049 4
70819 13
114739 8
102219 1
44699 10
152150 3
79700 5
81099 14
85999 12
115070 1
190898 6
49930 10
95039 12
162369 7
69109 10
39370 10
86639 3
104779 2
8693724 9
2896238 15
124528 1
116459 5
61619 7
51810 10
73729 8
1752157 11
41399 10
94059 12
119569 6
101499 14
368387 11
78780 9
102299 1
109089 0
193259 3
73909 4
113779 9
149549 1
100619 7
122009 11
42420 9
130949 8
92049 3
133229 8
178409 11
194159 7
202659 9
88989 15
175239 3
144159 4
81739 11
103419 0
39760 10
41500 10
70119 15
101930 12
167539 0
91430 2
84090 15
174198 7
168529 1
118619 13
46030 10
282738 9
158748 3
222919 12
102049 5
206569 7
77040 13
139699 12
129759 11
74059 11
171399 5
77959 11
130469 6
84270 3
100099 3
77039 15
72660 5
10156702 15
61140 8
63749 15
56410 0
32480 10
34660 10
62050 8
1004932 6
77080 5
75939 13
38712345 11
30000 9
575916 11
118389 6
96499 3
169949 3
84809 2
63920 12
69269 12
81550 12
76089 1
158479 0
68969 14
57670 4
56449 10
87239 7
96559 8
46990 8
45469 5
78389 1
76699 14
55898333 13
59880 5
82979 4
167969 1
102949 6
92179 1
169729 1
73190 13
33849 9
99329 14
129549 2
67389 1
65730 4
58929 12
65270 6
74319 1
59260 3
69439 4
70610 14
58759 2
53530 12
67779 1
102669 7
47939 7
47850 5
49079 8
27020 9
47240 0
43869 5
25710 10
50650 12
96749 12
54400 3
56729 5
55590 8
53359 3
59810 4
53150 1
28140 9
36560 10
52120 5
52049 0
37100 10
34600 9
38789 10
50540 14
54829 5
65580 5
50930 14
51899 1
55480 6
56300 5
54230 7
56390 6
37260 10
53820 4
56230 14
56669 1
17972073 15
55169 2
116490 15
58770 7
63219 5
69250 14
73259 5
59850 0
72339 4
977802 11
68090 15
390557 11
453026 7
64459 9
204569 9
197109 8
111439 5
95239 0
137609 1
127089 0
164039 2
104209 6
121289 12
71999 12
129189 2
321788 2
66259 11
104500 6
293307 1
97859 4
200818 2
179819 9
34080 9
88040 3
99399 11
128159 4
107359 13
156499 4
151309 1
214429 3
125719 13
135429 2
148259 1
116109 7
104109 0
119149 11
2362892 1
78079 12
54819 11
55680 8
53939 4
1205971 0
9069691 11
247978 11
212928 4
200969 4
620655 1
65780 12
245258 5
30489 9
184219 3
170709 4
183279 0
63999 12
179949 3
199519 2
64970 12
54530 8
33930 9
202388 2
89569 12
56079 8
64800 14
51999 15
163109 2
175499 5
249818 6
203578 6
7451663 13
770025 4
211819 1
335557 2
7509193 15
183328 2
55610 13
9642106 11
41669 10
34710 9
42320 9
61989 7
225408 6
94859 13
67869 7
90159 7
135470 14
680564 4
67010 9
66989 11
132519 8
288248 2
464956 3
26079 9
829654 6
59789 7
526976 1
7000337 15
195228 1
225209 4
197298 1
220949 6
61149 7
54200 15
154828 6
41370 10
162279 0
162429 6
171019 5
66770 12
491066 9
69240 7
301447 0
209989 5
69859 7
39300 10
191968 2
264518 6
76420 8
204338 4
33940 10
6563170 13
541406 4
266408 3
747314 2
610726 2
73919 12
85629 8
64240 9
989522 2
75089 14
69219 7
59270 11
68009 12
77820 11
67729 13
55380 13
717355 3
80110 8
65039 12
204619 0
192738 0
42240 10
61700 7
205188 3
45710 10
210289 4
72122159 15
97430 12
567855 4
53490 15
311828 3
75349 14
85589 8
272088 3
79050 14
100279 8
108859 14
60800 15
375197 4
89309 13
96019 7
413967 4
443777 3
116789 8
365117 0
100169 12
1179311 2
47450 10
77709 7
447237 0
99739 8
95640 9
630595 3
393226 2
41600 10
108510 14
50500 10
38630 10
100719 14
67419 14
760425 4
548585 0
337968 6
80179 14
120359 8
298808 6
76160 14
381057 0
28880 10
297968 2
70889 11
325197 0
95399 8
961993 5
10227952 7
89389 8
259248 4
424167 4
272188 6
86849 14
62740 11
284378 5
17496186 15
70330 12
745354 3
74039 14
546816 0
504706 0
260588 1
58900 11
70439 12
841144 1
761174 5
753734 5
704115 0
103029 7
92169 11
592596 4
860593 5
63700 10
576826 1
144439 8
76750 8
392306 6
245829 0
485246 6
255028 3
66209 7
1262870 1
288478 0
382217 0
178758 0
72630 14
104419 9
64540 14
570276 0
81969 8
252567 6
55879 13
104819 13
226348 1
6987937 15
92280 9
62340 9
499516 3
287688 0
40970 10
40000 10
114119 15
75950 12
94699 8
89570 15
800925 4
59800 13
275318 2
105049 12
87829 11
46130 10
79329 14
90629 7
405827 3
91329 7
69899 14
613735 1
75259 13
191749 2
129969 9
106169 7
57150 15
53010 9
59739 10
71740 7
656695 2
1143911 3
53660 15
39660 9
498307 5
306397 5
234388 4
82229 7
100559 9
82240 12
80989 7
90259 7
39130 10
98749 11
217578 2
81009 15
268448 4
113409 14
222248 1
57830 13
310778 6
220698 4
373567 2
208788 0
192689 0
229378 2
211578 6
287968 5
182019 3
174629 2
278087 3
72459 13
155799 5
146689 3
170978 0
221439 5
222098 2
65669 14
78510 7
77159 8
4779264 11
425056 6
72749 8
281347 1
53400 11
178119 4
346667 4
165289 3
193038 1
98829 11
216399 3
124559 14
81129 2
86830 5
67619 12
103649 5
39639148 15
223768 5
101389 14
655725 0
316138 4
176878 6
298148 2
53770 13
52950 15
47905974 11
425957 0
335457 6
46319 9
73809 14
51029 9
202988 1
80689 7
65079 11
89639 7
59030 11
340107 4
162229 2
57130 9
238359 6
631495 0
397317 2
224508 6
51660 10
64389 8
67870 14
192278 5
78450 14
85899 14
430297 1
184808 2
308508 6
468976 6
213649 3
256748 0
30409 10
31149 10
121669 8
177889 0
149369 6
76449 8
42765124 15
373887 0
401447 6
95089 15
95699 7
268017 4
157459 12
257108 6
98049 14
261138 0
199278 4
34100 10
66209 9
52180 9
73239 14
69800 14
193178 5
191059 2
72159 15
74440 7
37787151 11
97200 8
109679 9
459426 0
134309 14
970183 2
79789 13
83430 13
236399 3
149179 7
53510 9
114749 14
40160 10
91969 9
137409 13
132809 11
108399 15
1071682 0
79059 13
1074852 4
514646 1
988392 6
74500 13
77629 13
55690 11
211478 11
953533 5
311008 1
665035 0
275307 6
201279 3
76099 7
72900 8
79819 13
805064 0
86339 13
10544010 5
59920 11
342787 0
46450 15
549876 6
388047 3
124529 8
90020 8
57159 11
859444 5
520916 6
330387 1
807104 6
70889 10
92169 15
643695 5
322607 3
54879 15
50050 9
668855 3
91289 8
979272 0
88550 8
86449 14
345107 1
345798 3
91559 8
970082 5
349397 5
70429 13
250849 6
9478007 15
88809 8
323188 6
88289 8
79820 11
308057 4
51490 9
226338 4
217228 2
702714 6
314698 0
73069 14
542846 3
241338 3
72480 14
258198 4
93559 14
47340 10
487916 4
1771266 11
107889 8
878853 3
131799 13
256688 3
68659 14
224939 4
1001382 0
83709 9
468837 1
75329 9
161599 12
442496 5
533487 1
349157 3
48070 9
106390 12
94750 12
85569 12
77759 15
8964771 11
495416 11
421067 6
1014552 4
73780 12
222318 3
47990 11
42880 9
50059 9
66760 12
333967 3
55230 11
68929 14
191209 1
39880 10
175959 3
382687 3
69430 14
116509 7
78289 13
131139 8
188449 1
45700 10
411727 2
146679 7
38390 10
217578 3
61120 9
120509 8
33010 10
120249 8
40670 9
118699 13
254887 4
55709 11
36860 10
74509 8
78020 12
77419 7
306218 4
200178 1
79660 14
55080 11
71189 13
282858 5
62479 14
47930 9
71579 12
156689 6
495766 1
179609 5
70589 13
168479 4
9790405 15
313198 15
157558 9
79109 10
265648 2
56830 15
52749 15
55400 9
66769 15
274358 6
51410 10
511346 1
427817 1
76149 8
33920 10
70209 12
196029 6
269347 4
345008 5
368247 5
78719 9
66810 7
273698 3
55671695 11
189228 5
94640 7
105759 7
533576 4
598645 3
454767 15
354927 0
272838 5
62530 9
683034 1
440367 4
60660 15
73060 12
50659 9
83919 11
390747 3
78109 9
431437 0
438017 3
59169 9
39860 10
333087 3
463677 1
337487 4
83419 14
94379 14
669866 2
64100 11
83829 7
67760 13
326067 6
761614 3
603946 6
74409 7
61010 11
67169 11
361748 0
68629 12
988863 5
221119 3
91649 11
126419 8
674315 0
97939 9
900243 0
28350554 11
158189 1
73759 13
78909 13
207919 4
327418 3
517436 2
485606 6
101279 14
501876 0
97519 7
79870 12
175248 1
76879 14
255898 6
96639 14
218828 4
150968 9
202109 0
310867 4
304018 4
131459 12
353227 3
86390 8
404217 0
147309 6
168688 5
72410 12
130029 14
137829 12
87289 14
26460 10
109079 12
115279 15
84150 15
97979 11
42320 10
238199 2
116069 14
82269 14
109819 7
17440247 15
72710 7
108530 3
85519 7
52450 9
95109 7
244988 4
148349 3
167099 5
91589 15
50019 9
78250 7
554756 1
470796 5
143139 1
309438 4
56739 11
110340 2
49129 9
423477 8
176609 0
288708 1
145149 2
98740 7
191748 2
255278 4
84279 7
87040 8
165368 7
184019 4
231728 8
250918 1
199339 2
