214648 9
128119 13
141049 2
133229 12
126598 13
136899 3
156549 11
129899 12
139688 9
142399 15
128709 9
130289 6
131409 10
151268 1
126039 7
146379 6
142568 7
144599 5
135749 9
139808 0
155078 11
132889 4
146479 3
141078 10
135759 9
146989 11
143158 2
156569 8
139119 8
131079 4
216728 4
144249 8
138629 11
145939 15
178918 12
138109 11
321837 4
122079 11
124179 4
124509 7
135089 6
115219 13
124879 15
120299 4
119199 5
119349 10
129139 4
128219 2
136859 11
123178 6
122519 0
118349 4
130789 2
118599 14
121629 0
118289 1
144848 9
120569 4
126219 2
120359 13
120719 2
120539 1
132839 9
125948 3
137618 6
117349 8
122579 7
117909 7
124579 13
179818 7
125999 3
120619 12
193058 5
124659 15
123889 3
126319 9
131279 0
124929 4
124779 11
133269 9
289238 14
123809 1
123379 4
119979 6
119759 13
130688 7
130969 3
116559 5
113749 11
128839 5
116859 1
123099 0
135538 9
129409 13
138699 10
123399 13
123539 12
122629 13
123708 13
121628 0
128598 13
127359 3
135019 13
119719 9
114519 7
122689 3
125089 3
123968 12
120978 8
120119 1
127149 0
108599 13
114029 10
117009 2
123419 2
121049 14
128629 0
125998 12
137379 1
117999 13
119069 14
123389 1
120699 2
122639 9
125069 5
124049 2
137128 13
123479 4
120259 12
117859 8
121299 12
122599 4
120869 0
125788 7
130899 2
123259 3
130959 9
128619 13
131319 13
116079 11
122329 4
127690 13
135048 11
115089 8
119469 12
118429 11
125899 2
126599 15
122488 11
129970 5
150149 1
116289 10
114139 12
129979 10
129669 12
117649 8
128269 10
129168 10
145639 4
122269 1
129959 14
118809 9
118389 12
122929 6
125878 12
124269 2
135139 1
115259 3
130399 2
123409 14
129369 7
125328 2
128099 15
120349 14
131359 1
127929 1
121129 7
119129 13
121559 9
128178 6
123909 13
128749 0
134689 6
118539 1
133798 12
121619 2
121169 6
125019 7
123589 15
132349 1
140739 13
120999 4
127639 2
121849 2
121909 1
124989 9
115979 7
127599 10
137668 12
120448 14
123559 0
126098 1
131199 15
128429 12
118109 0
126799 13
126318 11
124550 0
121169 1
120999 8
118659 13
119079 11
129819 9
134899 9
132649 4
120108 13
120119 11
121359 10
119679 2
126959 15
126229 7
119749 14
141159 0
107908 0
116348 8
117999 1
121678 5
125759 0
120489 12
122709 9
184519 12
119588 10
120939 11
124719 1
115529 13
122509 3
115159 5
120659 3
129379 12
124228 12
113679 11
127078 4
121949 7
114459 4
118539 0
129669 14
126139 5
112459 12
111859 12
112109 5
128349 3
121868 14
117328 13
121888 2
135829 10
113559 10
123769 1
129379 8
119409 15
122228 4
113210 3
140009 6
129149 14
113159 1
122739 13
119919 14
123069 4
120669 13
123139 10
135339 8
115259 12
127759 13
120149 9
125289 6
119809 11
121789 5
129478 2
128050 8
124699 9
128969 15
124139 7
117979 1
116409 12
117939 15
127389 15
129079 3
119499 8
134799 9
127409 0
123499 2
125969 11
123539 2
131768 4
124468 15
121389 6
131139 0
117409 9
127259 8
122319 12
119039 5
122879 12
122739 0
115879 1
137399 14
115899 0
114349 8
120469 2
127169 3
121479 3
122169 13
124319 6
154448 9
115109 1
120999 9
119169 10
117279 15
124669 15
130499 11
120999 13
128470 5
112858 14
120179 0
113459 4
128689 10
125409 15
122659 12
132209 0
139359 2
117559 8
116249 10
127129 12
123399 4
118399 10
125809 9
123549 6
128538 14
129318 7
124949 6
132919 14
116639 11
139059 13
119839 2
125238 0
129548 15
114809 14
122059 11
117539 0
120069 9
129109 1
119469 15
126509 7
140568 10
122729 13
131279 5
117319 7
115909 11
116069 0
123319 15
122959 0
130488 6
114728 5
119868 9
129829 3
118409 14
124489 7
115429 2
128169 9
130948 9
122779 0
123219 9
123029 12
122429 5
114459 12
123379 5
127209 6
143408 11
119330 8
127598 12
119779 6
118879 9
130239 0
125149 12
122789 11
140768 6
125390 15
123258 1
116739 3
115419 11
124999 11
119719 0
125289 13
158438 14
118759 2
117409 12
120069 12
121809 11
115029 8
126819 0
121099 12
142118 2
118039 12
121469 0
119749 3
112709 7
120049 15
130409 9
125409 8
136609 6
129318 15
124559 0
123499 15
128229 7
121129 8
133209 9
120259 1
141579 9
116208 11
123929 5
119849 8
119369 8
120669 11
118499 0
125159 2
134518 5
119970 14
124349 11
127229 2
121549 6
125219 5
124429 14
130769 2
131008 11
117019 7
114318 10
114899 14
121589 4
123279 11
124349 4
113719 8
119509 6
128559 6
112159 2
121279 8
123430 3
123829 4
114599 9
130729 9
123329 11
130579 2
112229 1
126639 2
125009 2
120108 13
121190 13
118619 9
121418 8
138459 7
111959 7
116729 10
127569 12
123179 5
122879 13
126799 13
121718 4
133349 4
115009 1
118969 9
125809 1
113939 10
127669 0
113479 10
118099 15
149908 5
121449 3
116659 8
123329 2
116409 7
129799 7
128439 3
130119 8
131828 1
113609 11
117259 14
126819 7
119209 11
1193449 10
124409 15
115199 0
165828 5
135728 1
124569 7
122389 15
123639 2
119669 15
122599 11
119708 11
987162 13
126898 9
113439 11
114048 12
111239 5
118589 12
117569 12
111849 2
111239 15
132739 6
119939 8
115509 12
119649 6
220598 4
129829 8
119549 3
116729 6
139008 12
168398 13
188548 7
117579 8
221128 13
111539 0
127959 12
116279 1
128469 7
122239 2
196778 5
119549 5
189888 4
227938 2
104179 10
111759 14
112639 13
121929 8
118279 5
117029 9
117989 0
204048 7
115439 14
118729 15
125219 3
115058 13
119590 4
128549 11
118169 8
155769 12
108719 15
112279 6
111959 6
114759 9
121159 10
115959 12
119449 3
168799 4
116789 12
118859 2
117449 13
122099 10
129929 5
119959 15
115099 13
133178 8
115789 2
117839 6
120119 2
115859 15
120149 3
111869 7
119229 1
167588 11
120529 6
111939 11
113409 3
116779 1
113239 12
123699 14
124189 9
161669 13
112799 4
121619 12
117949 0
117609 11
114309 9
118519 9
113059 1
130019 1
120169 7
127359 9
118859 2
123528 11
120679 3
121648 7
117399 8
122439 7
124419 7
115649 5
124329 10
123109 3
114019 13
121549 2
124969 14
136048 7
128609 11
121449 6
126699 1
123589 8
120359 5
114079 10
120968 15
122450 0
133408 5
124469 9
125069 0
121329 6
120899 11
117109 8
130048 15
112599 2
181559 0
114209 0
116419 13
117919 4
120159 3
117319 13
120719 1
123598 1
130599 1
122049 13
115959 10
117209 10
122639 10
127019 14
127688 4
126288 7
178019 3
120379 10
119648 15
118339 15
126198 4
123229 10
121649 4
113359 5
143589 6
118209 1
116619 12
118539 1
120368 7
130448 11
119079 14
122129 11
129059 11
119549 11
115969 8
126399 13
119289 14
121808 6
123659 10
118098 5
130659 11
127769 0
121829 12
127469 1
126749 3
119589 7
121509 7
121759 14
130138 7
127389 2
116889 10
124119 6
120829 9
126439 13
122589 6
117769 6
132029 13
116319 5
121359 2
117609 6
127069 11
123379 9
120989 12
124369 15
124728 9
124139 5
114019 3
123129 11
125409 3
124219 8
127209 12
115789 11
118039 9
140848 8
122458 9
129669 7
118349 0
124639 13
118919 3
122499 9
116559 13
135908 3
120128 12
125098 4
125899 1
125499 15
126479 8
120389 8
123169 13
130649 8
115668 14
128328 14
119039 12
128949 15
127569 0
129679 3
117309 10
135758 4
117528 6
119389 5
121539 10
114919 15
115519 7
115549 13
121059 14
135989 2
126879 3
124830 7
124509 10
120819 13
130789 11
118889 13
123119 8
140848 6
122290 0
125489 5
120689 6
122709 7
118579 13
115309 8
121919 9
137579 8
112149 8
122509 2
116989 8
120869 12
126648 7
125199 11
118749 7
131319 14
109749 11
131289 12
132738 12
129768 15
129668 7
113399 2
121859 8
141409 6
108599 7
125849 7
124249 15
124568 0
135319 13
116389 12
124859 13
132909 0
126639 12
136268 1
123849 12
127219 7
116739 15
122039 6
126689 0
143099 2
115710 1
126699 8
116209 3
119489 6
121789 6
119959 6
119039 0
179208 9
115559 6
122799 0
119529 4
120109 10
129769 10
128389 14
127058 15
133948 1
118079 15
115299 0
122139 10
136059 5
122249 10
128439 15
123219 3
295457 11
110229 14
130779 13
125558 12
118199 13
128109 8
139089 9
123699 4
120379 1
120849 4
121569 10
121329 13
119938 1
125390 0
122929 14
130459 15
121719 1
124109 8
120789 11
123079 12
119489 1
131619 3
129138 9
125939 3
116949 8
115629 0
125989 1
135469 4
134048 5
130259 15
121469 10
125129 11
114999 15
123229 11
119479 3
117909 12
112219 15
133458 7
115690 13
123008 13
110279 14
115839 14
121459 11
115509 14
117549 8
119269 4
113729 10
136619 8
109639 3
113679 5
116729 12
116339 2
113548 10
125408 11
122518 0
124249 14
140409 9
113569 4
113749 3
115509 1
118189 14
121629 3
121948 14
117779 4
179248 7
117929 6
120519 13
116439 10
132329 6
120319 0
118639 10
112329 7
138779 2
286958 15
122078 3
130389 11
124719 6
123289 15
141489 11
117449 7
120688 3
118199 14
114490 4
128208 12
127899 13
122349 2
122199 0
133519 2
111179 12
119719 14
117189 14
121299 6
124908 13
128869 3
113749 14
123899 12
121609 12
116799 7
112239 7
123549 15
118769 14
130419 13
123690 14
126519 13
116319 0
115169 14
116059 5
120919 0
130909 12
121779 3
113009 15
129718 8
120188 9
115719 4
121939 3
121479 6
122709 3
116189 4
126049 0
117559 14
116739 8
113819 4
116029 15
119359 0
121078 7
116510 1
124129 6
120029 1
138789 5
113409 15
118959 0
116259 1
120419 15
119549 14
119709 12
120439 3
146478 12
102639 3
95150 2
97288 11
96739 2
95879 8
97479 8
97299 12
97079 10
106009 13
130369 9
86029 4
90419 14
92948 10
93610 15
89049 9
90399 9
87009 0
88700 5
87810 14
101909 5
112089 8
277117 10
95539 9
87610 3
94819 0
89079 0
91469 10
91529 2
92650 13
86849 5
83399 5
86709 2
90779 10
87539 5
85700 13
86179 3
84919 1
84320 1
85409 8
91599 10
89679 15
84019 0
85740 14
85410 2
85939 15
87139 0
80049 8
81969 9
79699 9
79669 14
78860 6
123968 13
77839 8
74959 10
76329 9
74509 12
74059 8
76490 10
74130 9
76889 1
73139 9
67460 1
67879 6
65840 12
65129 14
77089 9
65880 8
68519 11
65199 8
69419 3
66019 8
