41000915 4
19004371 2
10008461 3
149986925 7
8001190 4
570 1
3950 5
3950 4
3010 5
5560 4
3390 4
149978405 0
32013953 7
470 1
19989693 5
40004973 5
340 1
331 1
199 1
40005004 2
19995982 3
69987557 6
60008897 3
2540 3
58993155 0
41008034 7
99991680 2
39997384 5
50008094 4
3140 0
990691 4
5040 3
129001362 2
20029862 5
2670 1
39964655 6
80010647 7
20983833 4
136999783 7
260 1
11300 5
10995741 6
12992962 4
450 1
260 1
139002924 2
7740 4
18992621 3
10004941 2
37989784 0
23003793 6
99008359 0
10002762 2
20003381 7
4800 2
19978413 3
589 1
8680 7
28994504 3
5849 3
6310 2
5890 4
180986809 7
60003917 3
59998936 4
19995042 4
7996831 4
6040 4
6020 4
81011078 5
9690 7
7410 4
13420 3
6160 4
1170 1
8640 7
7360 3
6140 5
6359 7
13840 2
271 1
10903781 0
159994357 3
5231 6
19992322 3
489 1
130001344 4
59997486 2
150010655 6
5000 4
280 1
59986226 6
27990554 7
22010862 5
4240 5
120000623 4
9988651 0
6120 2
157994876 7
760 1
181996378 3
19997882 2
19001712 2
41000134 5
240000884 6
300 1
9004001 7
6270 2
30999683 4
5370 6
4970 3
6809 4
3829 6
3960 6
311 1
5109 3
5211 3
260 1
5359 6
4200 7
3740 4
290 1
480 1
10320 5
4390 2
6440 5
4060 5
4400 3
250 1
6930 6
5280 4
7840 6
3540 7
4860 0
250 1
7160 7
6920 3
4371 0
5180 6
3860 6
4600 0
460 1
7750 5
5820 7
4420 2
5660 7
4760 6
3400 3
4580 3
260 1
6570 7
4070 3
4530 5
4170 0
4420 3
5080 7
3720 0
5120 4
4869 0
4460 6
4780 7
3331 2
2900 3
3109 3
300 1
5250 2
4280 2
4340 4
4400 2
4140 4
4680 4
3550 0
4570 3
290 1
5040 4
4200 2
3340 3
3550 3
4230 0
5090 7
4170 3
3460 0
4270 3
3910 3
5729 4
5860 4
5169 7
4771 4
3749 2
4330 3
5590 5
4100 5
4720 6
4590 7
3270 6
4640 6
4160 5
3460 0
3530 2
3950 2
4620 4
3690 3
4940 7
3340 2
4070 5
3690 3
220 1
6979 4
3711 6
8489 3
2800 2
4409 4
5630 7
270 1
6300 7
3910 3
4110 2
2890 2
5090 5
4200 3
3910 6
3630 7
3500 7
260 1
5390 3
4240 3
4230 3
3000 0
3570 5
370 1
5890 5
4640 4
4889 7
3769 2
3489 3
5031 5
3120 3
3920 2
2760 0
5000 6
2870 3
3820 3
6050 5
4810 7
3470 7
5090 6
520 1
5770 2
5900 7
3140 0
3580 7
2800 2
4380 3
4010 5
4280 3
3780 7
3020 3
260 1
5759 4
3120 0
4180 4
3920 2
3771 0
3649 2
3790 6
4750 4
2490 2
4440 4
3910 0
4820 6
4900 7
3750 3
4430 6
3170 6
4510 7
2850 0
3840 6
4840 5
250 1
4130 7
260 1
4040 6
410 1
230 1
5750 2
3660 6
4130 4
300 1
230 1
4759 0
4011 3
4829 5
4080 3
3940 6
3980 5
260 1
210 1
5200 2
4030 2
4300 0
4560 6
4290 0
2660 2
4470 7
3940 3
3720 7
3890 7
5150 5
230 1
3810 2
3760 6
3820 5
280 1
3320 2
4730 4
280 1
5990 7
4390 7
4831 5
4231 3
2429 0
3860 6
4789 4
249 1
4580 5
5060 6
270 1
4980 2
3930 0
4270 4
4510 7
3980 7
6080 5
5310 5
6410 0
2740 0
260 1
4680 2
4680 6
5020 6
3420 3
5130 4
4140 7
3171 2
3260 3
3189 5
4660 3
3329 2
3679 5
2960 0
2240 3
4720 6
4380 7
3250 2
4040 6
12220 3
4310 0
5440 4
4980 7
3740 7
4030 6
260 1
210 1
6770 5
3480 5
3110 5
2570 3
3100 6
3640 7
2969 0
3720 3
389 1
5371 7
3280 2
3391 6
2710 3
4770 4
2970 7
4480 4
3850 6
3550 4
4500 7
3470 6
3340 2
230 1
5060 3
4160 4
4020 5
4150 7
5090 2
250 1
250 1
4550 2
4570 4
260 1
5470 4
3010 2
2930 3
2320 3
2591 0
4980 4
2800 2
3429 7
3580 4
320 1
240 1
4649 4
3680 4
3170 0
280 1
5170 4
2260 0
4320 5
2360 0
3480 6
3960 0
4730 5
3280 0
3580 5
3140 3
7000 7
4130 7
2890 5
3290 6
2760 3
3670 2
2970 5
3220 5
2440 2
3730 6
2649 3
3751 3
240 1
4289 2
3300 3
2849 3
4750 7
2700 0
2440 3
3760 7
2630 2
240 1
3340 5
3480 3
4180 4
3960 4
2520 2
2720 2
2440 3
3400 3
2650 3
3770 7
250 1
6250 5
3440 0
3160 3
240 1
4950 6
4280 6
2740 0
3620 2
3520 3
4840 4
3740 5
3280 3
4269 6
2411 3
3519 4
3680 7
3420 6
280 1
4340 4
3670 6
3860 5
4510 0
270 1
4430 2
3770 7
270 1
270 1
5160 4
240 1
4200 5
3780 7
3710 5
2820 7
2810 7
300 1
4150 5
230 1
3030 3
260 1
5080 0
3320 5
3239 7
349 1
5220 0
4340 7
2660 0
2380 3
3680 7
3050 7
4220 6
4120 2
3070 2
2720 0
240 1
2740 3
240 1
5530 6
3340 2
2370 2
240 1
3590 0
3340 5
2260 0
3270 3
3520 4
3260 2
2700 0
3090 6
250 1
3910 3
3200 5
2940 4
3660 7
3040 4
3840 6
3320 7
2760 2
4400 5
240 1
4300 5
3320 5
320 1
229 1
231 1
3840 3
349 1
4080 6
3320 3
3090 7
2700 0
4280 7
3640 0
3240 6
4130 6
3760 0
3520 2
3880 7
2450 0
4230 6
3990 7
4470 6
3230 0
4880 7
3450 4
2220 0
3510 7
3270 4
2620 0
3149 5
2760 5
3560 4
2840 0
3100 0
4200 4
3800 7
3969 3
3680 5
3220 4
270 1
4440 5
3140 4
3200 6
3150 5
3790 5
2860 0
5970 7
3750 6
2980 3
2730 2
2540 0
2440 0
2820 3
4130 2
250 1
4230 6
3580 7
260 1
3490 4
4310 6
2660 0
3119 0
2771 2
3680 7
2831 0
3320 3
3129 6
260 1
3249 0
2619 3
2330 3
2710 0
3480 4
260 1
260 1
3100 2
3620 6
3310 6
2230 3
2410 3
2740 4
2770 0
2170 3
2570 2
3590 5
3190 7
280 1
4150 0
4000 4
3210 6
2930 4
2440 2
4190 4
2340 2
350 1
3370 6
3480 7
2330 2
2370 0
2920 4
3180 7
3809 6
2640 2
3360 6
2911 5
3020 3
3500 7
3570 6
3280 4
2750 2
2210 2
2330 3
2390 2
3140 7
2760 7
3050 2
3870 6
2200 0
2870 6
3490 5
2730 0
2530 0
240 1
280 1
3490 0
2320 2
3600 7
2630 3
4020 5
3070 0
2390 3
280 1
4810 5
2140 2
3450 6
2460 3
3529 3
2209 3
2360 2
2220 3
3000 2
2780 3
3550 7
300 1
3730 6
8640 5
3130 5
3500 7
3060 2
3450 4
240 1
2730 3
3050 3
3630 6
3150 4
2810 3
3120 7
3910 6
2860 7
3090 6
3970 4
3810 7
240 1
3880 4
3020 6
280 1
4170 5
290 1
250 1
2679 2
4329 6
2771 3
3060 6
3580 0
3231 7
2709 3
4030 6
360 1
4240 6
3100 4
2350 2
3540 4
2960 3
3240 5
2820 3
260 1
270 1
2930 0
270 1
4180 4
2430 3
270 1
2670 2
2930 4
2560 2
3720 7
2470 0
2890 5
2560 0
2290 0
2910 5
2480 2
2620 3
2310 3
2810 0
2720 2
3009 4
240 1
3531 3
2420 0
3580 7
3280 5
220 1
2940 3
300 1
3960 5
2950 4
3050 2
3650 6
280 1
4400 6
3380 7
240 1
3340 5
3240 4
2830 2
2460 3
280 1
3110 0
3080 7
4060 4
4190 4
2590 0
3460 6
4000 6
3230 6
3410 7
2720 3
230 1
3470 3
2440 3
660 1
3350 6
2499 3
3500 6
2320 3
291 1
2731 0
4849 5
3111 5
3440 6
3609 0
2350 0
2520 2
3200 5
2480 2
2850 2
2340 3
3080 4
2270 0
2960 7
2390 2
3020 5
4500 4
2190 0
3240 4
3080 2
2140 3
2340 3
3090 7
2460 0
2360 0
4180 7
2610 3
2950 6
2880 5
2830 5
2910 6
3329 7
2420 0
3169 4
3460 7
3251 5
3380 6
2491 2
251 1
3380 7
2950 4
3390 6
3390 5
2670 2
260 1
2760 3
250 1
3850 4
3220 6
280 1
2910 2
2180 3
3620 7
3460 3
3100 3
3010 7
3180 4
4120 4
3640 4
2560 3
2310 2
3410 5
3520 5
290 1
230 1
2850 3
2560 3
2300 0
2290 0
3060 4
2360 0
2311 2
3949 5
2220 2
3460 6
2209 0
2659 2
2230 3
260 1
3080 0
2170 0
3500 4
3010 4
270 1
3270 5
3450 4
2400 3
3170 7
3030 4
3460 5
2390 3
3160 0
2330 0
2360 0
2370 2
3140 7
3400 5
2990 5
260 1
3780 4
3100 0
3640 7
250 1
3680 5
2880 5
3409 4
3089 6
3020 4
2460 0
3300 2
3540 4
2489 2
3251 4
2349 0
3350 5
3330 6
270 1
3510 6
2830 6
3030 5
2460 2
2790 0
2310 0
3260 5
3140 4
2900 6
2990 4
5160 6
2970 6
240 1
3960 4
3050 6
3540 6
2400 2
2790 0
3280 6
280 1
3620 4
2880 4
2770 2
2250 0
3509 6
2349 2
3029 5
2180 0
3380 6
2540 3
3780 6
3210 6
350 1
3360 4
3310 5
3060 4
2510 3
2210 0
2210 3
3360 5
2800 4
270 1
2650 3
250 1
2910 6
4230 7
3480 7
2360 3
250 1
5120 5
3260 6
3520 4
2240 0
260 1
3400 4
2300 3
3240 7
2350 0
2740 3
2950 7
3080 5
2980 6
2471 2
3089 5
2920 5
3191 5
2440 2
3100 6
3810 7
2290 3
2960 6
2950 0
2390 3
250 1
3390 5
2310 3
2520 2
2260 0
3550 6
3080 7
2690 2
2350 0
3630 7
3190 7
270 1
3000 0
280 1
3610 6
2760 3
2640 3
260 1
3600 4
3460 5
2580 3
3100 4
2860 0
4190 4
3680 0
3020 4
2931 3
2420 3
280 1
3840 5
2460 6
