99929 0
43639 2
66039 0
57259 1
57669 2
53790 0
55680 2
53369 0
52590 3
58789 2
49599 1
46749 2
56899 2
53419 3
45730 2
45439 1
123238 0
47929 2
49110 1
50809 2
48790 2
59589 2
53250 0
57960 3
73009 1
69539 1
66009 2
63719 2
66980 1
63619 0
62489 1
57040 2
75170 3
70519 2
76529 3
68929 0
70529 0
68119 1
65089 0
60659 0
66619 3
66719 2
62189 1
64159 3
61069 3
63290 0
61790 0
77839 3
59029 1
63719 0
54869 3
54859 2
56460 0
60190 2
55179 0
57580 0
60109 3
63769 0
59369 1
63899 1
56879 1
61209 0
58159 2
75920 1
66949 1
58659 0
58049 2
55150 2
59669 0
56219 2
56860 0
55819 2
65449 1
63759 3
64809 1
61539 2
57909 2
61619 2
61240 0
63879 3
76679 2
68900 3
76810 1
81370 1
69480 1
67519 1
55359 3
61709 0
52889 1
57789 1
64089 0
69349 2
57579 3
57279 3
57090 2
81819 1
67369 3
61449 2
61029 2
60949 1
65779 3
57629 2
56080 1
57669 1
62599 1
56259 1
60340 3
60809 2
63689 1
57490 0
72109 2
77089 3
65769 3
61980 3
56060 2
57419 0
57499 1
55639 1
55929 1
65359 0
53590 1
55639 1
58169 3
62980 1
61759 1
58449 2
57400 2
80339 0
60339 1
58429 0
66159 0
55190 3
53379 0
55449 2
57630 3
55869 2
56499 1
56930 2
51989 3
49190 2
52959 0
56029 3
54810 2
57789 1
56100 0
63829 1
49959 3
57179 1
50209 3
52039 3
51590 1
51839 0
50760 0
54899 3
57359 0
59260 1
54849 3
56559 2
53550 3
58960 3
75119 3
79569 0
96949 0
62689 0
65379 0
62510 3
62089 1
61019 2
63949 0
77419 3
76660 1
60119 1
59199 2
63209 2
62430 0
59259 3
63869 3
130659 2
62339 1
54169 2
57880 2
60749 0
52879 0
44580 1
38889 0
48130 3
40399 0
44640 1
47209 1
55650 0
60630 1
63129 0
62809 2
62590 3
58740 2
65589 1
48119 1
47510 2
42590 0
44160 3
55029 2
58660 2
50149 2
47710 1
49380 1
50419 1
52790 0
49549 1
49060 0
50270 2
51459 2
51040 3
52429 2
50820 1
76408 1
47350 1
45270 2
47700 2
40490 1
45770 3
47190 3
46210 2
46559 3
49820 1
46629 3
44660 1
48669 2
54930 1
58349 2
55299 3
53429 0
46249 0
46109 0
48500 3
61389 1
47669 3
46039 2
45539 1
52129 2
46679 3
50850 0
40789 1
44470 0
44059 0
43380 0
44949 1
52820 3
52829 3
47759 1
50070 1
47879 2
49450 1
42419 3
39870 0
40169 3
50349 0
45469 2
42269 1
47200 2
42839 2
37959 3
38900 3
37950 1
39730 0
40359 1
46140 2
45519 1
53139 2
67079 3
58719 3
48089 3
48080 0
54899 3
56260 2
48160 3
50660 3
68320 2
52679 0
65009 2
59139 3
52089 2
53659 1
47030 1
50929 1
54310 1
58489 1
56329 3
51420 2
43160 2
48240 3
49450 2
48619 2
47530 0
48219 0
42220 0
58629 0
45070 0
59159 3
57659 1
55950 0
43310 2
45899 2
52179 0
47339 2
49220 1
54059 3
48149 1
51409 3
49649 0
51980 2
48129 2
50030 1
51369 3
53739 0
56740 3
67419 0
46929 0
48350 2
51889 3
49750 2
49010 3
50389 0
50150 2
51639 2
50429 1
42869 1
48299 2
48649 0
50609 1
45690 2
46819 0
40780 2
40419 0
43290 0
42529 2
60109 2
47820 3
46179 1
43800 0
39659 3
41290 2
42019 0
47779 0
44639 0
44780 3
53419 3
46870 3
47929 3
44799 3
41669 0
42310 2
44940 0
48900 3
48230 0
49459 3
49940 1
51109 0
85129 2
48580 1
48729 0
49969 1
54460 2
69339 3
68359 0
64449 2
45260 0
55859 1
63700 3
51280 3
49229 1
49470 2
53079 2
62579 2
53690 2
98378 0
44860 3
47700 2
51610 0
50339 1
48750 0
48209 0
51539 1
51879 2
45139 3
49650 2
51049 2
42980 0
45739 3
47839 3
47570 1
50589 0
45849 1
56099 2
60150 1
75550 3
51149 0
50700 3
50969 0
48579 1
44240 2
46909 3
46230 0
54819 1
50630 2
61530 2
60669 0
47079 1
47389 0
54579 3
54790 0
50360 2
54389 1
46810 1
71609 0
43660 2
48379 3
43979 0
41560 2
47869 2
47480 2
40669 0
40440 0
46599 1
46850 2
48459 2
46269 2
49069 2
42989 3
41719 3
39780 1
49639 3
49230 1
45199 0
57009 2
69590 0
52539 1
50269 1
45320 0
44879 2
48099 0
48339 1
45379 1
42819 3
41019 0
40809 0
44660 2
43180 0
49829 2
46540 1
46509 2
46510 3
50469 2
58200 2
53340 0
63069 3
48910 2
47720 0
45699 1
47080 1
45689 3
41240 1
41149 0
41430 0
41300 0
40860 3
38840 0
41630 1
41979 1
43189 2
45249 1
48940 0
47049 0
47170 1
55419 0
56629 1
60660 1
71589 0
50799 0
71239 2
76899 2
64229 1
47709 2
48050 3
59529 0
69189 3
59829 3
48670 0
49269 0
63340 0
61100 1
59949 2
51749 3
50779 3
62069 3
49419 0
54080 3
48929 3
44420 2
45619 0
44100 1
39539 3
38990 3
44059 2
46710 1
49379 1
46099 1
48909 2
50769 2
61749 0
63069 1
51079 3
59090 0
50579 1
61549 3
49240 1
51139 0
45370 0
47849 2
49159 2
51099 1
52939 1
51510 0
52579 1
47850 0
57370 1
58359 3
61029 1
55880 2
51399 1
49589 3
46540 0
44919 1
56699 2
38909 1
40160 1
40249 3
47650 1
45959 3
47100 2
44519 3
41100 3
40039 0
41960 2
46809 1
47970 1
47199 0
40050 3
41489 1
38630 1
41199 3
39450 1
43259 2
44990 2
43739 1
44080 0
70489 3
46389 3
49880 1
49169 3
45540 2
43699 3
46109 0
42369 1
43429 2
42220 0
43780 0
45010 2
49800 1
62020 1
65639 1
69159 2
65319 2
53509 3
56619 2
68029 1
45610 1
54039 1
52699 3
49079 2
50019 3
54980 3
55069 1
52469 0
46460 3
48319 1
47210 3
46389 1
50940 3
50859 1
52890 3
54910 3
68659 3
96149 0
55599 0
47550 0
43659 2
45930 3
46649 3
41720 2
41689 3
40769 3
46000 1
48479 3
50289 2
53929 1
65289 2
63749 2
79249 1
69079 2
60169 0
54600 0
58679 3
52559 1
41960 3
48099 3
46080 1
51549 3
47259 2
46589 3
48679 1
47059 0
46199 0
50280 2
52789 1
63479 0
63989 3
61189 3
56869 2
50669 3
50170 2
59399 3
52350 0
52969 0
52309 3
50420 0
52279 1
52050 1
51110 0
49250 0
45750 1
42599 0
48020 1
45049 3
49780 2
53709 1
51760 1
53229 3
55129 2
44170 1
47639 1
60610 2
46809 0
48609 2
39150 0
41979 0
41020 0
48259 3
49060 1
46469 1
44980 1
40369 0
43350 0
45159 1
51250 3
54430 2
50389 1
45080 3
46549 2
47120 0
42729 3
39620 1
40319 3
65310 3
47590 3
48799 2
47570 0
40479 2
39870 0
43519 0
53770 2
58269 3
48849 2
47460 0
48829 3
53140 3
64839 2
64479 1
66269 2
59900 3
55349 2
54039 2
62500 2
41999 2
46169 2
47549 2
47709 3
61279 1
59539 2
48480 3
48830 2
50479 2
60170 3
55959 1
49079 0
51410 3
51039 2
44550 2
45629 2
45850 0
50149 0
58549 1
44340 0
53629 3
50660 1
62040 1
55539 1
56299 1
53289 1
47869 0
48090 0
48029 0
43210 2
46349 2
49820 2
49119 1
48660 3
47369 2
56849 2
56010 2
52150 2
57349 3
50050 0
52009 0
51459 3
45549 0
49519 0
48040 1
47689 1
44370 0
42899 0
41720 1
46109 1
45869 0
52199 0
47130 1
43880 0
42789 1
41019 1
46030 0
46380 1
43729 0
72190 0
47489 2
44529 2
46919 3
39399 0
42500 3
43439 3
48530 3
48019 2
53750 0
47069 0
41079 3
41709 0
44440 3
48890 1
49019 3
51780 1
47639 3
45180 1
51549 0
54159 2
116959 0
52319 0
48280 3
48069 2
50540 0
53349 2
51090 3
59050 1
65149 0
63019 0
53219 3
48199 0
56779 3
56000 3
50809 1
47999 1
47599 2
68549 2
62419 2
60249 0
50649 2
48169 2
52549 0
54379 3
49640 3
54149 2
51639 1
47850 3
46749 3
51679 0
48629 1
45770 0
42119 0
45040 0
43099 0
53240 2
59379 0
75679 1
55739 1
52060 2
55719 1
54809 1
50860 2
49319 1
46810 1
48819 2
44479 2
49749 0
40340 3
47629 2
42889 0
45990 2
47979 2
47220 3
63109 3
61089 0
76570 1
50680 3
51099 1
47620 3
45839 0
40790 2
40459 3
42740 3
50349 1
49280 2
46579 2
38340 3
45140 2
39629 0
40729 0
45260 2
49149 3
52519 1
45100 3
42279 0
40670 0
59579 3
48320 0
54620 0
48319 0
48050 1
41639 1
46050 1
46639 2
46360 2
48459 0
42169 2
46270 1
47130 2
49989 1
47299 1
49100 0
48909 3
47590 2
46999 2
48000 1
43380 0
54389 2
41590 0
52809 1
47920 0
50769 2
48140 2
49809 3
59309 3
50700 2
51309 1
50730 3
51149 2
41919 2
46460 1
52209 2
57600 1
54730 3
51599 0
60260 2
91170 2
69559 0
69789 0
49769 3
54670 1
58429 1
57129 0
50560 1
47479 2
48920 0
53169 2
55559 2
50900 0
49709 2
47929 1
60729 3
57439 3
43350 2
54509 3
53309 0
51480 2
50339 3
54539 0
53189 0
47779 3
52330 1
49309 0
50969 0
49989 2
52029 3
49590 1
48439 0
50669 3
55580 2
57489 1
56740 1
50039 0
67029 0
49859 1
55170 0
51519 3
51880 3
50219 2
51029 2
58190 3
48549 3
44440 0
47979 1
49140 2
54800 2
54269 0
57720 3
46039 0
57380 2
52430 2
48199 2
44930 3
75859 0
43049 1
44730 3
41829 0
39440 2
41469 1
38230 0
42759 1
41580 1
46699 0
41440 0
43039 2
41480 1
40399 2
40610 3
47629 2
48950 0
44239 0
47700 1
45689 0
42540 3
45179 3
117389 2
43929 3
50620 1
49349 1
52739 0
51079 1
56899 2
44020 3
48239 1
49700 2
50249 3
47709 1
46990 3
50309 1
54009 0
68379 1
57839 3
64099 1
68719 3
49660 2
59589 3
60069 0
45360 1
50320 2
48220 3
54079 2
59209 0
53269 1
47999 1
50390 0
47849 1
52739 3
