272616 15
155757 2
150907 12
201387 10
280075 6
104569 11
252956 10
144367 2
137767 3
131148 17
71959 14
200907 17
109898 7
107098 3
95308 1
135428 0
283035 12
87009 7
188807 13
241196 2
171547 4
125318 18
151488 6
221907 13
262065 7
83349 10
90328 16
138167 2
129727 12
230877 14
278315 13
136368 22
74369 14
55099 18
11740 8
121188 12
114378 19
50279 11
367004 20
78368 12
141508 15
103548 7
99268 0
107778 17
75869 15
70569 9
95488 2
261636 23
357785 7
88119 3
56729 3
10540 8
224866 1
168697 22
128668 14
212616 22
151887 21
70189 11
175117 19
183887 3
162028 2
84138 16
203177 3
5791638 21
25739 9
59489 0
54189 10
47490 13
51770 12
9230 8
49130 12
82569 13
59350 2
48180 7
126788 22
89288 22
64469 9
70439 11
145978 22
273226 22
125108 0
65629 2
61999 15
76289 14
56670 10
835046 21
112949 13
112079 23
117738 11
137658 20
209297 11
431813 13
179267 7
263425 17
89428 14
228826 17
106629 2
125848 6
83728 11
208357 7
184647 19
120438 0
299615 11
88218 15
114969 13
90039 10
13460 8
118718 18
308015 17
123978 5
85819 15
147457 2
115109 1
12020 8
271066 23
158857 16
92759 1
178897 10
112718 0
112438 5
77958 15
340044 23
197007 0
132088 2
118858 20
178027 18
256266 0
190877 22
121858 7
77549 19
165877 0
526622 21
162308 7
135608 12
26120 9
96948 22
103679 7
14090 8
138308 14
85659 5
94388 10
231446 20
76389 23
255976 13
284176 11
95449 15
76959 14
63039 11
79209 10
83189 15
249296 22
136238 23
289085 21
173567 0
103349 7
133947 1
120187 0
421314 19
56179 10
119638 0
133018 23
10430 8
119378 12
221367 22
133149 4
189326 7
88378 23
151517 15
175117 6
292755 6
87879 3
81978 13
184746 5
85158 3
367194 22
93628 13
156518 3
153538 6
182467 7
72949 16
62469 5
113088 11
540402 22
144377 14
126278 10
146108 1
105238 7
328575 20
78859 1
152867 16
182607 3
51399 7
141468 10
149468 18
189837 18
183817 14
182687 14
73438 7
94369 0
79798 4
121407 0
54510 6
224046 23
88039 15
177157 20
194827 22
174527 3
168078 23
255556 9
124658 2
188097 6
175658 21
145758 16
330205 3
198857 18
396314 22
206806 15
157877 15
118658 2
100079 23
144278 14
75449 17
152818 6
88468 13
90499 6
54699 3
100948 10
106049 18
72929 13
95769 20
60329 15
66469 18
80019 22
60059 1
117428 22
57149 14
93659 23
141507 20
171477 11
48269 14
111978 16
65689 3
117978 7
74939 2
105628 15
12500 8
70529 4
218027 22
26610 9
94228 14
197037 18
139407 2
124028 0
281146 22
165097 2
95409 17
147917 18
154738 3
86039 11
140548 12
202307 15
103259 9
95798 7
71449 14
112798 10
87339 2
369564 1
158547 0
257086 21
215367 10
76138 11
101049 5
20850 8
82808 15
62639 13
117809 5
146618 5
175607 1
152518 11
139048 23
101138 23
192407 4
272756 21
115968 6
184747 2
129208 22
103258 11
99679 4
108648 15
260036 16
68959 2
169037 19
115078 14
86639 4
219186 18
199177 18
446502 23
216757 17
109598 14
148148 15
102448 4
126518 22
101569 11
553851 10
64929 3
61969 0
89409 14
264766 13
136978 23
89859 16
58869 19
101378 13
114568 2
23490 8
124538 6
145908 15
145207 21
146408 6
130978 6
114818 20
74009 0
223896 11
114778 17
86328 20
121078 23
178668 4
85369 6
261286 22
132198 6
81668 13
134978 23
19820 8
168998 4
138418 4
282256 18
369254 18
92809 5
156297 2
90898 1
222006 11
124788 19
119488 0
225997 6
336794 3
63369 18
213287 12
62599 7
297255 22
145088 7
113668 4
132268 10
120548 9
316115 22
79919 12
290385 20
146688 14
226546 21
165448 4
62649 18
274295 17
92158 5
269816 7
119238 4
151777 17
32959 9
74989 3
207767 3
80568 7
88559 15
78009 16
129789 13
239536 14
166397 14
254896 4
217736 16
158398 22
39150 8
183217 14
147597 7
12040 8
76869 5
168077 5
114148 4
145378 20
91479 23
97339 12
81349 9
73599 4
67888 15
201527 0
222057 18
160937 2
99999 19
88498 0
157408 9
106168 23
214027 0
151687 2
165878 18
11750 8
65628 0
105789 6
140958 17
70639 19
233856 22
182347 21
218176 19
320394 5
85949 3
204037 22
102168 10
36470 8
104459 1
130508 20
94248 11
87139 1
152687 18
99798 14
149868 20
112818 0
167697 13
140528 21
67869 18
602800 20
103499 13
75198 15
64068 7
377643 22
150138 18
74479 15
175567 19
25390 9
81879 15
131029 23
164368 18
160087 20
235556 2
99099 18
156947 20
95658 23
100608 23
213147 13
180847 17
100149 15
285975 5
178527 15
164008 6
130497 23
78358 19
129468 4
216547 10
116948 4
122358 0
175187 12
257006 21
104958 16
122447 1
252576 19
10770 8
235536 0
475642 0
449193 21
65819 3
79879 3
108768 1
82649 19
125448 14
194427 1
68189 15
61239 14
136538 13
77118 23
91039 19
59479 4
111028 0
77369 17
116928 7
157118 3
179557 1
136428 3
90949 19
181847 19
184107 5
91529 9
262596 15
179757 5
87798 19
19069 8
289476 11
246326 22
229706 6
197187 5
108718 18
124598 6
191807 12
141508 19
120398 1
86389 16
166137 7
108698 14
30580 9
109108 5
106378 0
118769 10
69519 7
135548 21
101549 2
126678 9
61829 3
228266 11
96938 5
62668 12
139767 5
143848 23
293845 21
124109 9
108989 10
242996 20
283115 20
138378 6
78139 19
183307 7
205417 4
94938 17
316895 22
150758 0
104788 16
109968 18
209816 9
69109 2
95519 7
88979 10
113498 1
103009 2
226126 22
78999 9
109168 6
135618 10
182897 12
101928 14
74928 0
108958 2
417004 21
122808 0
19130 8
119568 3
225796 23
171117 4
82319 16
160668 2
227706 12
185097 19
114449 12
259706 7
147628 15
68059 14
93488 13
42960 9
173987 19
150648 15
79448 0
196187 5
164088 6
202817 6
12910 8
137218 21
141468 23
246586 23
80469 18
84508 17
110748 2
319555 6
125478 23
60090 4
213987 15
208757 21
108958 0
314735 19
168977 7
10500 8
102569 4
116838 3
100788 5
224897 11
33559 9
290686 11
218447 4
103198 14
151097 9
73839 15
145678 7
186557 1
103348 18
583091 21
101458 17
76159 16
121248 7
192247 6
105948 9
165698 5
151387 6
118318 22
124658 12
90989 10
115258 13
246866 1
74979 16
95529 7
253316 23
281336 11
83839 15
98408 16
83809 14
161487 10
192817 22
82649 13
55869 6
288505 23
263696 23
405344 23
66599 2
91179 12
80228 19
404654 21
315945 23
269146 17
143698 17
58249 5
156887 18
93749 15
192556 6
70349 9
4406741 18
45050 16
53369 3
50659 0
111868 20
150597 17
26210 9
44159 6
49539 12
59019 15
79309 21
73759 16
4181293 4
155177 10
246366 10
98519 16
110508 17
72849 15
137477 0
285855 22
54819 18
10560 8
87129 19
214286 20
153528 19
79178 9
91838 23
58739 12
48589 6
91139 12
62229 3
93728 1
54629 11
55369 19
86708 5
9290 8
43000 13
67468 23
42469 6
63959 23
23040 9
64648 20
63299 21
109589 23
90888 14
52759 5
91658 0
44109 12
42390 12
46590 13
68459 23
58859 2
43519 12
63189 23
46660 11
50228 0
116049 4
70779 20
43769 13
43239 6
44129 19
6494267 7
160227 13
876837 17
113849 14
119368 22
416993 17
222057 13
73569 15
90329 1
216017 19
298025 1
91548 0
233016 0
114358 22
122438 3
110918 22
115359 17
114109 23
88678 18
92119 11
229486 6
84529 10
96568 17
413754 16
68639 12
125038 13
211246 16
280816 21
61329 1
92109 15
150878 13
73509 19
103288 11
149298 10
91548 4
12079 8
197377 6
76519 19
136578 12
69719 14
120328 23
82468 9
95109 11
65819 11
72429 15
121518 23
138578 18
209696 19
223987 19
9180 8
100788 4
43049 11
71919 1
14480 8
143658 12
23749 9
116659 23
101039 18
90348 2
227727 5
135788 0
115898 0
151478 1
174278 23
152267 2
12770 8
223226 18
67068 5
91438 2
145238 1
100188 11
104229 14
167948 15
174117 22
145898 11
279505 15
141528 7
92379 2
28009 9
117758 20
95989 7
196597 2
96938 4
15170 8
316165 20
85768 14
98938 17
115948 9
62939 9
137208 17
141688 16
10520 8
173567 21
117808 14
120908 7
96359 4
100148 3
138618 4
23069 9
141198 16
92619 4
80608 12
54869 10
19019 8
145198 13
132158 21
159327 14
218207 19
234136 11
92409 11
242296 10
189997 3
249996 22
31039 8
281026 21
22959 8
332314 3
12930 8
121858 7
99459 16
166598 11
176567 23
171137 22
149687 2
118948 5
103238 12
201617 10
121958 1
202406 20
178487 6
143448 23
128798 13
60089 2
145678 1
270726 14
41850 6
140348 22
200786 12
79328 0
31370 8
227596 3
226417 3
109529 17
89748 14
216617 22
74619 6
184237 16
104318 15
82989 9
261026 0
150248 9
453313 20
163528 1
11240 8
120088 14
158127 5
250886 1
191287 21
88579 15
79458 4
102538 23
125588 12
71759 19
175287 15
115478 23
176377 6
63189 1
454053 12
83759 13
236856 16
107558 3
77779 13
10350 8
136648 23
124558 6
172617 0
133478 5
308255 21
153758 4
80299 2
113738 17
71648 6
386444 21
685529 21
101418 13
195287 15
10100 8
78778 16
112168 6
169878 23
87879 11
182947 15
153317 3
174577 5
84638 2
214067 7
146977 14
240685 15
81548 4
92669 16
225056 20
84639 3
331165 14
175437 22
106128 23
129988 20
106189 1
163007 16
145718 23
84138 18
113358 11
106488 23
105548 12
115018 5
134478 19
15050 8
153728 22
123087 18
65999 2
99159 2
78759 18
119308 16
181967 18
28919 9
64199 1
15470 8
109559 20
164758 13
143108 20
70028 5
86728 1
235026 20
91928 18
136958 15
103898 14
80589 2
97958 2
206867 2
180007 7
14880 8
64239 4
91119 6
164928 6
96469 19
214926 7
150127 21
112579 16
39479 9
120968 13
157128 23
77428 6
123138 7
68439 6
352355 20
121498 5
52969 6
376294 10
72859 7
202857 0
132938 22
293965 21
225317 7
186957 2
97308 1
146218 2
172507 2
57899 4
60329 2
12390 8
58859 7
113498 18
239196 21
271976 19
88839 12
206297 16
70799 13
216177 18
158717 17
82669 5
201577 4
111278 12
319885 20
127778 13
119208 21
71269 9
123178 13
108568 12
73129 7
149278 6
181337 3
94109 5
72178 8
123048 1
85719 19
16190 8
110888 7
117888 11
164287 6
166767 15
76659 10
224036 17
77109 14
148908 10
62799 0
97499 10
74949 0
54059 6
