28670 6
10460 4
49963180 7
8900 1
9270 6
11070 0
5410 6
12130 6
966583 6
6100 3
8370 0
16690 4
7620 1
11140 0
1090 2
9050 4
3600 3
420 2
3790 3
31200 5
4290 1
6960 5
10680 1
5740 0
3560 3
329 2
5050 6
5080 5
4140 1
750 2
4800 1
5440 1
14510 4
3510 1
4470 4
4450 3
3800 7
5280 5
4000 3
6950 5
4860 5
8030 5
4250 7
4560 6
4970 7
4470 6
4060 4
2860 3
9440 6
11691 5
1911 2
380 2
9249 5
6820 0
3450 3
6140 7
6450 5
2950 7
6030 4
12460 4
3990 1
9140 7
790 2
4300 1
4410 6
470 2
3620 4
3100 3
3460 6
4320 6
3750 3
3850 6
3930 1
6189 6
4260 0
3729 0
5560 7
3380 7
6680 1
5109 3
3390 6
9590 4
3180 1
4560 5
4230 1
4480 3
330 2
5420 3
3470 5
4720 6
5500 5
3000 7
4850 0
7740 3
430 2
3790 3
1110 2
5040 4
17790 0
6240 6
6931 4
4991 1
5200 3
3180 7
3151 2
2600 7
10850 0
9930 0
260 2
3630 1
8460 4
17710 5
3350 7
32430 6
4820 1
450 2
240 2
3410 7
25669 6
9429 4
4309 4
4710 5
2940 3
3760 4
41900 6
6200 4
4880 0
9050 3
4100 1
3480 7
3940 1
6250 0
8020 6
359 2
280 2
7280 4
3800 6
3629 4
3320 3
5189 1
50639 5
4740 4
310 2
5400 6
3050 7
9620 3
3950 7
3590 7
4240 0
4170 1
4540 0
4060 7
3550 7
7489 4
7869 7
5720 3
3180 7
5040 5
12119 0
300 2
7440 4
7990 5
14040 6
4420 1
270 2
4770 3
9550 3
5600 5
15470 3
3390 7
4410 0
7400 0
4980 7
5659 5
5940 1
2871 3
4049 7
4100 6
411 2
4660 4
7850 1
3420 7
5260 3
4580 1
440 2
3910 2
4220 0
7260 3
4340 7
8610 6
3710 5
8100 6
6400 4
970 2
3630 6
5490 7
4070 5
5830 1
280 2
7080 0
8620 0
3130 7
2980 2
3920 5
3709 7
4080 7
4260 6
420 2
7230 3
3670 5
350 2
4710 1
5410 7
330 2
5190 5
6800 5
6590 7
4750 4
340 2
4230 6
4310 5
400 2
6490 1
6650 1
6020 3
5120 0
4560 6
5390 6
8630 0
3440 5
11599 3
4180 1
9460 1
4389 0
3280 2
3250 5
4640 6
3980 5
4610 4
3450 7
4510 0
3130 7
5520 6
5850 0
8390 1
840 2
650 2
4950 4
370 2
5260 4
6510 3
4620 1
7050 4
270 2
4920 5
1586928 6
6910 6
3780 5
349 2
3120 7
7000 0
4560 0
10779 4
2900 5
510 2
4510 3
5720 7
7200 1
9420 0
4740 0
11190 5
4270 3
9210 5
6860 4
430 2
3250 7
3060 3
3610 7
6990 5
330 2
4270 1
430 2
7110 4
4379 6
729 2
5929 5
3720 5
8060 5
4249 3
351 2
10320 0
3790 5
7570 5
3730 7
4290 0
7660 1
3700 7
4490 7
4800 3
3500 3
3870 7
4060 4
4170 1
490 2
4440 0
7350 3
3880 7
340 2
3930 3
4050 0
3690 6
3220 7
3410 7
4870 0
3770 1
8391 6
9131 0
4029 4
4140 1
9039 1
300 2
3810 4
3690 5
4020 7
3700 1
6010 4
5900 0
6080 4
4210 5
3400 7
480 2
3520 7
4300 5
8430 1
3180 7
4340 0
4920 3
4890 3
3620 6
4000 0
5780 5
5799 3
4789 2
112219 6
3360 0
3920 3
3470 7
9289 3
3460 7
3009 1
4160 1
4289 0
4360 7
5400 6
5450 6
3270 7
3920 1
5470 5
4150 4
4820 5
5860 0
7970 3
8950 3
5210 4
7260 1
3130 7
4840 6
3800 3
4000 0
3910 6
4740 5
6530 4
6839 3
8020 4
3460 1
329 2
7800 4
10319 3
4750 1
3170 7
6790 3
4930 7
5370 1
4250 7
4770 5
7170 6
6720 6
3740 1
3160 0
8820 3
6970 5
320 2
4340 4
2630 3
3860 5
360 2
3010 3
430 2
3370 6
4470 7
3590 7
4439 0
2820 3
10420 1
4209 4
2331 2
2891 3
4460 6
4860 1
340 2
10430 7
4940 4
6260 3
4740 1
8510 5
5270 3
5020 5
4010 3
5820 3
5620 6
11140 0
3560 6
4540 3
590 2
11830 1
4080 7
410 2
390 2
7330 3
4540 6
4180 5
4780 0
4360 4
5949 6
9380 6
6210 5
5280 0
12630 1
5000 4
3010 6
2060 2
4640 6
3660 3
4210 0
4660 7
3520 5
10550 3
3070 3
11140 1
4680 7
3390 3
3049 7
3349 0
5989 1
4351 6
3251 0
3729 7
5329 1
7589 1
290 2
7340 1
4270 5
360 2
300 2
5360 0
6680 4
6270 0
3400 7
4180 3
5800 3
4170 5
9440 1
3760 4
4730 6
3610 7
5430 4
7850 1
9140 1
5679 4
4649 0
2980 7
6100 4
4080 1
6080 4
4309 3
5250 7
3870 6
5630 1
6540 1
5310 4
3730 3
5260 1
4160 1
4020 4
4330 4
3960 6
3440 7
4540 7
4580 5
3420 7
7700 7
4590 4
9140 5
5010 0
10490 3
4589 4
3560 7
4160 5
9120 3
351 2
3320 7
4370 0
7340 1
1920 2
4590 1
3450 7
3600 7
4070 6
4490 6
2410 2
3570 3
3720 3
7220 5
310 2
3750 6
4720 3
370 2
3670 7
5380 0
4590 5
4660 6
6440 4
6020 6
4090 3
6580 1
5140 3
491 2
4360 4
3960 7
3929 3
420 2
6060 6
280 2
4289 1
3080 3
6110 3
8260 4
7370 1
3950 7
6320 1
3250 7
3410 6
3630 7
4320 4
3370 7
8380 1
6850 5
5040 6
6290 4
3560 6
5020 5
3090 3
4070 1
280 2
4260 4
5929 3
6111 0
5211 0
3091 3
1980 2
5809 3
3340 1
2940 7
4230 6
8430 6
3740 5
3550 4
6530 0
6430 0
3390 7
3310 7
5540 5
8170 3
3520 7
6830 1
6050 4
3510 3
370 2
3490 6
3570 7
4340 6
6720 3
3850 4
6570 3
4020 7
4671 0
8420 7
6769 5
7109 1
3460 4
4660 4
4160 0
7440 1
6260 1
380 2
4910 1
310 2
4850 6
4240 6
5600 4
4290 3
3500 7
5580 0
9890 4
5630 0
6680 6
620 2
6970 0
3700 4
7769 6
2920 7
4120 3
4769 0
3640 3
320 2
6200 7
660 2
4239 3
7680 0
10300 4
4950 0
4170 5
7460 6
8630 5
470 2
3570 4
7410 1
3590 4
7290 4
4390 4
5300 0
11860 1
3830 0
3760 4
5590 6
4640 3
3540 4
2891 7
6100 7
4860 3
1800 2
2589 3
6480 4
5730 4
4710 0
8720 0
3720 6
6100 3
14460 3
3910 0
4490 6
7980 5
4980 3
380 2
5150 5
6970 6
4110 7
2220 2
5440 4
3110 7
3590 1
3740 6
7800 0
311 2
8680 5
3789 6
3909 0
5150 0
380 2
7150 6
4480 1
5400 4
3440 6
4100 5
5230 0
4900 0
6100 4
3480 6
740 2
7080 0
3420 6
1790 2
3330 7
9040 1
4390 7
3300 3
10400 5
4050 3
410 2
6629 1
2900 7
4171 6
6400 0
4820 3
8499 7
6100 4
350 2
3280 7
3860 5
4370 7
1810 2
3120 7
3310 7
3720 3
4330 0
300 2
4740 1
4920 5
4680 6
4200 5
330 2
5590 0
6790 4
3840 1
4660 1
7400 5
6180 6
5330 6
4829 3
4560 3
3840 7
5780 6
6969 4
7100 4
9270 3
4230 6
5340 1
480 2
4150 0
310 2
8020 6
6240 4
3840 6
490 2
3470 7
4430 3
4890 3
280 2
3330 7
4630 0
3360 6
8390 1
4200 3
310 2
440 2
7520 4
5580 1
4729 6
3351 3
3189 3
280 2
291 2
469 2
8651 1
6251 0
980 2
4939 1
3910 4
4230 0
3970 3
5520 0
3570 1
4560 6
5200 3
6110 1
3830 5
7730 3
4480 1
3770 7
10110 0
3620 7
5360 1
310 2
2700 3
3900 4
2820 3
4910 6
4350 7
3989 4
5820 0
6060 5
2849 7
3289 3
3331 4
5999 4
5710 4
660 2
4100 7
3530 7
3130 7
3530 2
10930 0
6070 0
3200 7
8180 4
3860 3
4650 4
4740 3
3740 7
7270 6
4420 5
3730 0
8220 3
3480 7
4030 1
8180 6
15151 6
6020 0
5480 3
5360 0
3390 7
5940 4
3520 0
3390 3
7350 0
4510 5
4810 3
8450 6
5020 3
390 2
5550 4
230 2
3100 4
3930 6
4910 3
5290 4
4730 0
4490 1
4840 6
3810 6
4380 6
3211 3
369 2
3960 7
3371 7
5180 1
2871 7
4820 0
11430 0
6960 0
4370 6
6810 6
460 2
7850 7
3380 3
15630 5
5270 0
10690 5
3780 0
9740 3
6950 3
5570 1
290 2
3510 7
3840 6
351 2
3909 4
3760 1
380 2
3791 3
291 2
311 2
4249 5
291 2
6100 5
3430 7
3630 0
9280 1
3710 6
7250 5
4300 1
420 2
3510 3
6820 1
340 2
3390 3
7450 4
320 2
6300 4
4350 0
4240 4
330 2
3600 0
2840 0
7090 1
3280 3
460 2
5680 3
8560 3
4459 1
3769 1
4340 4
3489 5
4909 7
6620 6
3960 5
2059 2
3380 7
330 2
4320 0
4970 0
3570 3
4590 1
4310 7
3470 1
3300 7
6140 6
440 2
4390 0
3970 6
3710 4
4320 7
3310 7
3350 7
7780 3
500 2
4270 1
7460 6
7370 3
4670 6
4620 0
9509 4
10029 5
4609 6
6789 0
3730 4
2980 5
330 2
3110 7
4430 6
340 2
4540 7
8030 0
5980 6
6230 1
4490 0
10220 5
4650 7
6270 4
3720 6
3900 6
6590 5
3440 4
3840 4
3910 6
3510 0
3330 1
4200 6
4140 6
4989 7
3940 6
360 2
7891 1
4560 5
3970 1
6200 3
4350 6
4560 3
4510 4
2440 2
3240 7
8510 3
350 2
3440 7
7450 3
6180 3
5830 6
400 2
4460 1
12600 1
4390 3
450 2
4170 3
7920 0
3990 5
3960 6
7279 6
560 2
4589 5
5251 6
3800 3
3860 6
4980 1
5199 1
3670 6
450 2
3480 3
4350 1
2910 3
88839 7
