79986341 11
6540 2
9019 7
5231 14
8331 14
49973459 15
8309 1
7110 0
10340 10
10760 14
6870 0
7720 6
4580 15
6890 6
49924290 11
58799 6
5180 13
5750 2
7760 10
10300 13
7350 3
8219 1
4049 6
6589 4
4940 8
6800 5
11230 6
12760 8
18530 8
4050 7
5450 0
7580 4
16520 8
5260 2
12470 0
5490 6
4230 13
2719 11
3980 4
9779315 15
56799 13
3440 15
611 12
5529 8
9929614 11
4680 6
4180 7
119189 10
430 12
8740 10
410 12
330 12
7710 1
12471 5
3300 11
4800 3
10749 8
4440 1
3120 11
5970 6
6830 3
9410 9
6340 8
15120 13
10220 0
9763155 15
6500 1
37050 9
8250 3
8430 9
4670 6
360 12
5360 13
9923464 11
6760 10
11920 10
8110 14
12280 2
13410 10
9945884 15
8560 14
6390 14
5190 5
11400 10
7990 4
4240 6
13879 1
5860 5
7500 14
6231 6
10389 5
9420 1
4740 3
5210 3
9898845 7
3470 11
460 12
9810 4
5520 8
5300 14
14371 14
6700 8
65379 2
9060 5
5200 3
14760 5
60329 10
4020 14
11490 9
56570 6
9711066 15
9996894 7
19589 3
11410 14
10070 3
6020 2
5780 3
5910 3
5530 8
330 12
16090 2
9936994 11
6920 13
54299 13
429 12
7220 1
7211 10
47489 14
5000 10
7250 4
7110 3
3790 15
6220 9
28990 5
6360 11
6611 13
4289 6
24859 14
34230 5
2460 11
4720 6
5330 13
12680 3
5630 4
8590 1
6670 1
4060 15
3570 6
4570 14
6080 0
5140 9
3800 15
7389 13
41869 10
4960 0
5220 8
4470 9
13240 10
3070 11
5930 11
27290 0
4050 7
8531 2
5460 6
5591 8
4631 4
5519 7
3830 15
35350 14
4160 5
26760 10
5370 6
4790 13
12710 9
3590 4
7490 15
4011 3
9140 10
5220 3
5629 14
3139 11
5670 3
6010 13
7390 6
3760 15
4180 0
4310 9
10990 3
5990 6
73850 13
9260 9
10410 9
6330 8
16260 9
4770 5
2960 11
25970 14
22100 15
5250 5
7329 10
4880 14
3960 0
9400 2
4449 1
5071 13
12259 9
7720 0
2440 11
2840 7
13020 8
7200 8
4440 8
13520 14
5190 4
2170 11
370 12
4950 15
16400 14
11960 3
11051 9
7580 6
6880 8
3490 13
13620 9
28110 14
4760 10
3590 15
3950 13
4640 0
6260 10
4190 11
6910 7
6210 8
11000 10
3440 15
7980 14
10229 1
9731 7
6690 3
8290 15
4180 3
10350 1
7130 7
6160 9
10070 10
5900 8
4340 4
2860 11
6400 14
5080 8
440 12
7410 2
5440 7
4020 7
470 12
4840 6
6419 6
7431 10
13700 4
2329 12
4009 7
4940 10
8420 10
10270 9
9230 1
10170 2
6100 5
7920 0
5290 14
8130 7
3780 11
6450 4
8340 3
6010 1
4180 4
5160 7
18109 9
6140 5
5680 6
9690 1
5360 10
2380 12
4920 2
5310 14
7860 0
4240 9
9190 9
6030 15
9850 5
14930 9
3650 15
5680 14
6790 1
5009 10
5440 4
19809 13
5440 2
5080 1
8770 13
4620 2
12810 5
6320 1
4800 0
8050 5
5010 11
3840 5
5020 13
5080 14
4330 10
5930 5
4590 1
17109 10
7680 2
13080 14
10740 10
8080 8
11210 8
2790 11
6510 2
350 12
7060 2
11540 10
6760 1
320 12
11130 6
380 12
8030 15
3090 7
4910 7
10810 15
6720 6
11889 13
6500 11
420 12
3360 11
4580 2
4440 11
5600 3
4440 5
5060 6
9380 13
5660 10
2240 11
10710 13
6820 1
8790 10
6860 14
4570 0
9260 14
15470 0
8271 1
351 12
5180 2
22549 9
7140 4
4490 2
45130 9
2630 11
4000 5
5890 3
4760 1
12200 6
20620 9
4940 0
8710 5
3920 5
4750 6
4610 4
9930 6
7150 5
5370 14
10500 9
8290 11
10710 9
5730 4
4290 0
11780 15
4680 2
5430 4
11369 8
12740 6
5520 4
5250 4
8580 14
3750 15
2800 11
6720 3
4600 6
9420 3
4820 9
5610 15
12850 15
7767931 7
530 12
8029 7
7953059 15
10130 1
10340 8
7880 0
6230 6
4160 14
5940 0
20900 9
4189 6
11760 1
9140 5
5470 2
12980 10
6560 7
5220 13
10160 7
5100 4
5150 14
9860 3
3630 7
5100 3
12540 5
7980 13
4520 10
4320 15
4689 10
400 12
8251 1
5110 9
5090 14
4620 14
10760 13
7750 8
4110 7
7120 5
5200 0
4770 11
11590 13
6580 8
5370 3
3500 11
4810 13
5170 0
11119 2
4851 5
5089 7
4400 15
4969 5
9849 6
3660 7
5090 5
5940 5
5300 5
4350 3
6250 3
8070 14
4980 0
9500 3
13520 1
3420 11
6480 3
5580 2
9900 8
3790 15
10530 2
3940 0
511 12
11469 8
300 12
9759 14
3630 11
9120 14
3410 7
12230 0
4650 15
4670 0
6910 15
4370 5
4990 2
5980 2
4390 8
9610 4
5670 4
4480 5
7300 5
3860 6
5471 2
7460 14
10100 9
16320 14
5550 1
14510 2
810 12
4790 15
3330 7
630 12
5270 10
7680 2
4130 14
7610 8
4930 2
6830 3
8480 10
10880 1
10590 1
14869 0
5871 8
8560 4
4530 6
4010 13
20140 10
11560 9
4280 1
13050 3
4370 4
5710 3
3510 11
6480 6
18209 9
24120 9
4600 6
6690 2
3840 7
11020 0
6280 10
5430 5
9600 3
3460 11
4610 7
4530 5
10950 0
5110 4
420 12
12210 14
8290 10
5900 14
6231 5
20349 4
7550 15
10140 9
9540 0
4290 13
1979485 5
4860 0
4720 6
420 12
14320 0
4520 3
330 12
8987291 11
5040 0
7530 14
2950 11
7770 4
350 12
6720 10
3730 2
30230 5
6970 10
2133644 0
11271 5
4840 0
7550 6
5110 6
470 12
18220 14
9740 4
6600 14
10180 7
19980 4
4230 6
5920 6
9120 7
18089 7
4860 14
6789 10
5549 4
3791 14
7630512 15
19140 0
4570 4
13150 5
8850 5
8320 8
4020 5
3970 15
6590 4
5060 15
6069 6
4769 13
4351 2
9440 2
9902615 7
19995677 11
217349 8
3190 13
9520 9
3370 13
53399 5
81330 4
20499 3
12209 10
14000 1
27720 3
4890 5
9290 14
24480 0
360 12
350 12
8920 5
11983028 15
36190 2
13050 4
17100 10
12620 5
12110 1
8899 1
6229 2
18831 3
47404629 11
11320 13
7000 4
9130 4
6940 5
4480 11
5670 1
6230 15
8891 6
11329 8
4869 11
5040 4
60760 6
6540 5
5760 6
5730 8
5960 11
28360 3
4051 11
7369 13
9829 13
6230 3
6790 0
9330 5
9630 14
6150 15
9720 6
7620 4
3940 11
7160 9
6400 4
12020 11
11809 14
12660 4
7500 7
6159 10
6880 2
12120 8
7090 5
8530 13
4910 10
5660 6
4660 11
5350 14
6910 2
7850 10
8560 9
6500 5
5570 7
5320 11
5239 4
5120 2
340 12
7360 14
4709 5
7060 5
5750 10
13980 14
6040 1
7600 13
6350 13
18390 10
5790 2
330 12
8200 15
5970 13
3490 11
16060 10
4890 7
5269 2
5029 1
5560 8
6429 3
7111 0
6060 14
10520 8
9140 7
8310 14
370 12
8270 15
5750 2
7510 8
7920 5
5610 5
3650 11
8420 5
360 12
7420 9
7050 9
23200 4
5971 5
5229 5
5669 14
4190 15
5070 1
7730 2
8110 5
4590 0
3620 0
3360 11
20160 1
4600 7
11370 1
5200 2
11530 13
4600 0
310 12
5689 15
6140 8
4191 12
5520 5
4140 7
25499 6
4340 11
11100 7
11890 5
9610 0
6170 13
4490 3
8900 4
4920 3
7700 6
42409 0
6579 13
7390 0
11290 10
37500 9
11630 13
7880 1
830 12
14920 2
11330 3
7780 7
7891 13
4140 15
4519 13
7940 8
50410 6
6100 10
5640 4
560 12
480 12
10130 3
5000 14
5260 3
8730 2
11300 10
5200 4
5111 4
5660 2
10310 8
4620 5
3730 11
12700 0
9800 3
5660 10
4210 6
5950 2
13920 6
5390 0
7390 13
16370 9
7260 14
4640 1
6511 7
29770 1
4210 11
59220 4
4250 11
3590 15
5800 1
4350 14
15109 1
5640 15
9830 9
3600 0
6260 4
5200 1
11840 0
4390 15
3960 15
5030 5
4920 7
5020 7
6430 2
4250 15
6210 8
5010 5
5920 3
400 12
7390 1
8010 11
5110 0
9051 5
5320 0
4291 4
11520 9
7050 8
4840 2
4340 14
4570 13
440 12
9020 6
6020 6
3910 11
7440 11
8950 9
18360 5
6440 9
4010 6
4550 14
6360 8
5720 8
10731 9
4720 13
11899 7
4600 11
5030 5
12270 2
10700 6
4850 15
6860 9
5070 1
5890 14
10430 2
13020 15
7480 14
10640 1
8310 9
360 12
5209 10
5311 4
10480 1
5290 10
5460 6
5330 13
5230 3
9120 13
6210 11
6020 8
42520 9
4850 3
6920 9
4500 8
7040 9
6949 13
5951 13
331 12
5220 4
4880 10
6280 3
7170 10
5490 15
6540 3
4170 7
5130 2
5700 0
4270 14
390 12
11120 6
4120 2
4850 1
13790 13
5760 14
5650 14
11200 1
4111 7
7051 8
5460 8
45340 5
21870 6
4630 7
9410 8
8260 1
5920 10
7120 6
3190 11
4730 4
8909 2
4629 3
9540 7
300 12
18680 4
3760 15
7100 9
5100 5
4400 7
8460 8
4730 9
5410 6
4530 1
4200 1
5010 2
4920 7
7890 3
7520 0
5150 9
4440 1
9490 11
6240 9
15149 9
8720 3
302588 10
4860 8
5500 15
8840 13
4250 14
4990 3
4270 10
9420 2
6010 10
5570 0
16439 4
9240 6
489 12
6120 14
9340 11
4820 14
9090 6
6880 11
9360 8
6500 9
4590 3
7580 3
5450 1
5880 4
10390 10
6460 13
3060 11
3080 11
5400 14
11349 13
9169 9
8129 14
9750 8
14470 14
9440 0
4790 2
11560 7
4350 11
7450 5
18070 2
11980 3
10020 6
8960 3
4789 4
5060 4
4900 2
4420 2
5031 6
3460 15
9089 10
5430 1
4280 7
8810 6
6360 10
4610 1
3230 7
3220 15
7280 8
7610 10
410 12
11070 3
5090 9
3480 15
4360 6
5180 11
6380 6
6250 6
4609 0
4420 1
3771 7
20000 14
7260 3
6030 0
11360 4
5330 10
9040 14
5420 0
4000 13
4620 0
5030 4
9450 4
2940 11
4850 0
358707 0
