154679 16
97700 0
96329 6
110149 15
97959 15
103799 7
104039 14
102069 11
102689 19
98619 11
102799 2
98619 9
93260 13
109399 2
96149 3
97200 6
97909 19
101089 8
98509 12
98370 2
96139 16
95859 9
102429 3
110520 2
94319 7
95839 19
97960 17
97989 10
96829 13
100230 11
99219 4
104059 4
98050 5
109599 22
101209 11
98899 22
102979 4
110279 13
104919 6
281678 16
100959 19
107049 19
98279 3
101500 0
102629 17
104759 15
103299 22
101120 7
101979 11
104859 23
104820 3
109919 21
104509 11
105979 20
101790 23
99279 23
103739 10
103770 16
99189 18
99799 8
105499 12
118399 12
102180 19
104809 1
100729 5
99009 23
103500 20
101299 15
107319 7
105829 2
120489 20
101429 11
103919 5
105309 14
110580 9
107840 0
107889 14
104859 13
112229 12
180229 5
102069 7
99850 9
102069 20
105389 7
103969 5
106570 22
151719 5
103180 22
111339 13
102199 20
100839 1
103940 7
98729 14
101069 21
105329 5
106029 3
106249 7
116179 0
103029 0
103320 7
101949 13
108049 14
104579 14
104210 3
103369 9
99949 4
104079 11
111399 22
102940 21
102219 4
102269 17
101000 1
99199 6
104599 7
108380 18
110630 2
100019 21
111709 18
108679 16
104529 9
107799 4
101099 10
103979 5
103929 4
100399 18
103329 2
112079 3
98830 18
102239 16
103249 3
98250 11
94960 20
95309 19
95289 19
97590 1
92559 15
106419 10
92730 1
93989 15
97059 11
95770 5
93949 7
96439 20
98759 13
95470 10
100989 18
93199 11
100999 8
92109 4
101009 1
97119 19
93880 17
91669 0
100470 9
92279 10
93189 12
96149 23
101299 18
93049 21
94409 13
96760 12
93050 14
97239 3
97550 4
90199 23
102309 16
90209 17
118799 9
97550 11
96459 0
98389 6
98949 21
96629 17
93719 7
97900 11
95809 22
96499 4
96089 18
156699 11
100649 23
96289 13
97079 4
99270 2
101919 19
93969 5
92370 19
94740 23
115079 0
91009 12
97200 0
96039 10
103909 0
87100 14
97449 16
99399 3
105449 22
105640 1
103059 1
94909 23
88980 9
92369 10
93489 21
101880 6
103440 19
104649 6
96329 22
113440 22
106089 0
95899 5
94669 1
97890 19
105439 0
90329 21
96039 4
103650 13
100699 10
99959 5
108320 22
88569 1
108359 10
96849 18
91459 2
103149 3
94699 3
93150 13
98509 19
101099 4
93870 22
108089 22
93269 18
94090 2
100270 17
91429 15
89240 15
96039 12
99789 11
99859 23
108710 11
107360 6
93279 11
99899 7
96120 8
96849 10
91809 3
101229 23
96919 4
97679 22
99559 7
107819 19
95919 18
93749 5
104039 19
101629 18
93909 11
94559 12
93509 20
97159 9
93620 4
103960 8
94479 4
94139 20
94890 9
96269 21
95369 7
91569 6
95830 22
95929 0
92619 0
106769 2
116599 22
100319 2
94219 15
89509 12
96159 2
102119 1
96990 13
104249 9
106689 0
93120 16
152968 22
89860 3
98239 9
101229 18
99210 2
100849 6
101219 23
101529 14
103090 15
110379 1
100999 5
101070 9
101299 18
93159 12
94479 2
97590 16
98339 9
101579 10
98610 11
110309 15
95249 17
102109 2
93919 16
93189 9
97179 8
93549 21
96179 18
98519 16
98629 23
104099 22
91739 5
92669 22
94580 7
93589 18
99479 12
100980 1
98860 3
98179 22
98109 1
97879 22
114469 13
98269 11
102889 14
100180 20
101259 13
101529 13
101670 15
94740 16
97499 18
108200 15
98340 4
91619 11
101619 16
94379 16
101239 6
91839 2
100269 15
96490 23
95259 12
98799 15
111329 7
94350 14
104589 0
105149 18
97680 4
98549 10
99379 13
99320 19
94750 10
97919 5
107009 11
94210 1
94579 20
92199 18
98630 2
97299 12
103609 6
96890 6
99680 23
96859 3
109149 3
92900 15
94709 2
100529 6
94809 16
94979 12
98979 19
92460 11
92399 0
89369 1
115849 18
94299 3
101760 2
95189 18
98830 10
98020 23
105599 9
101369 2
93799 9
94110 14
148479 3
96919 13
102000 8
99309 23
99179 9
92319 18
95640 1
96199 16
99709 9
95510 20
111850 16
98589 13
99999 15
98040 20
94050 14
95889 8
100089 20
94040 14
96779 12
99269 9
103840 6
96169 17
92909 8
95460 19
104850 13
97859 21
101549 0
91130 3
99319 19
96629 22
109919 0
94950 17
97809 14
106119 2
100950 6
101509 6
94419 8
95849 5
99209 20
106099 7
113059 20
91390 15
95489 15
105409 21
102999 15
94880 21
93169 23
99410 1
106210 9
91939 3
112459 20
94649 17
94009 11
92349 17
98919 5
94170 20
108159 18
97169 3
98620 7
101260 12
113459 6
92569 15
94250 12
102210 1
102989 7
96780 21
97650 14
93899 3
98489 14
96250 18
105509 0
97219 18
102870 11
96580 13
101409 9
95379 23
99640 22
97759 11
101769 16
97029 14
111329 19
100429 14
97649 23
95999 10
93239 6
97099 6
95159 14
97879 10
93519 4
102359 5
93870 14
113199 7
98339 22
99459 8
93389 18
95119 1
89549 22
96059 7
104639 4
103719 10
101690 4
150999 16
93960 22
94539 23
97769 8
106770 19
96479 2
106239 9
101860 9
94190 18
103359 1
100149 18
98209 2
98180 12
101799 1
98580 5
101290 10
101559 6
97789 7
98710 6
108790 18
93089 22
97579 18
103809 14
99399 13
95209 23
97200 5
99989 0
93409 1
96599 13
114020 17
94359 14
99109 12
95409 2
99360 9
102419 15
99309 22
101699 16
105970 18
99149 17
113389 8
102880 11
94449 8
92769 23
98020 8
95630 20
98849 2
97040 23
102390 16
94179 7
110769 19
106010 10
97519 7
98359 7
100249 21
106010 11
100690 23
105139 16
95749 17
104239 3
104970 16
96659 1
144129 11
111179 13
97300 1
98969 23
103619 13
102569 7
94690 3
94989 6
108109 18
103240 5
106019 16
99579 22
109229 22
115320 3
94790 3
102299 1
95989 4
107480 23
93850 19
107999 10
97309 15
99729 3
104569 4
104519 18
99349 8
101470 7
102630 12
113809 1
102019 3
98850 20
94080 12
93959 18
100340 7
101040 6
105199 2
100239 3
108130 19
164528 13
90140 5
96739 20
102109 22
94920 13
96399 1
102079 9
94579 0
100559 0
111579 23
100799 14
92839 9
98750 2
96659 12
92359 19
100549 18
94459 4
101479 7
99910 6
92429 18
107309 1
96339 5
100059 17
96889 6
102689 6
96650 12
94299 12
100439 7
102290 22
96640 22
111629 17
95089 16
101960 23
91620 11
102879 0
102560 0
97239 19
95079 4
104519 21
94700 23
110539 10
98079 14
101480 5
97650 8
105029 4
95639 11
95679 3
96429 10
109959 17
94220 3
106860 22
97179 15
98089 21
97360 17
96390 13
96349 18
100739 12
105769 9
100840 13
127429 12
100759 10
93770 4
95769 10
97909 7
96049 2
93309 20
96899 17
94020 4
100500 9
97799 8
104909 23
100610 19
101489 2
101109 10
109259 20
106039 10
104550 23
100469 2
103709 5
100329 12
98529 4
96789 15
95530 19
104599 14
95409 0
95849 1
89400 17
100759 22
98229 0
91539 2
119959 9
101309 3
99309 7
97189 8
98920 6
97869 5
92699 8
96550 9
97399 16
112429 13
132009 15
93380 8
94709 5
96209 1
98210 4
99160 2
102029 9
100209 0
102830 9
109439 15
93879 8
96200 11
99430 9
95229 2
95840 0
93219 7
97409 15
95639 23
98580 6
96709 12
108389 20
100779 17
106320 2
99859 17
106499 0
95999 0
98600 20
99249 18
95429 8
90730 17
103299 3
99239 18
105620 16
100939 17
94079 14
92939 11
109020 16
97889 13
99169 17
98389 4
104489 10
96509 11
98299 11
101900 18
101430 15
100359 13
99589 12
93850 0
97849 13
92879 5
101080 14
95809 3
100029 22
96600 12
100119 21
97819 19
97069 2
105619 1
96539 21
97139 2
108610 21
97340 14
99219 19
98989 13
106430 11
91569 15
94149 12
101820 15
93559 20
101739 11
105079 16
94730 15
92800 1
97579 1
94310 20
95360 7
99059 17
97780 0
96930 15
100809 23
108879 17
98990 23
94439 21
107129 7
98809 21
99880 5
96789 20
100029 0
97969 4
95220 2
111019 22
91049 12
93060 11
99309 9
92469 1
99439 4
93760 12
97159 3
101109 0
97450 14
146159 3
94959 22
100109 12
97070 23
97469 10
93549 14
98189 11
96429 21
98009 9
94979 23
107070 15
94609 12
99969 3
100259 15
107919 3
110299 9
95319 9
98590 13
100159 3
103359 11
106729 6
93880 21
100819 16
98409 15
101459 18
93330 15
106499 13
98869 17
99539 4
101479 20
112699 23
90140 14
100660 10
98839 10
107409 3
107279 20
92989 0
96379 7
100739 19
93880 20
109379 21
94699 20
104060 3
93039 14
107639 7
94049 21
98460 22
95939 7
98469 19
105130 10
106030 22
96639 2
112029 20
98370 22
104610 23
98199 14
91289 0
96410 17
103969 6
88269 6
107500 22
93750 17
101499 7
103989 11
108169 13
101620 2
101209 7
93009 19
107630 10
92749 0
104899 1
93129 12
96650 15
96899 7
104199 14
100449 4
100459 16
95029 2
96729 15
94289 0
103729 23
97240 20
105039 15
99059 23
103639 17
92930 4
99709 11
99049 19
100909 5
94409 8
112339 10
101159 8
91919 12
95510 6
103079 14
104269 0
97840 20
93579 14
94719 23
92579 15
186489 1
93340 22
93180 18
97319 11
92559 4
90290 9
98899 22
98040 0
103010 22
96279 15
103269 5
94820 23
98899 3
102159 10
97860 16
91960 18
92299 2
90139 18
90369 9
90859 2
108010 11
91929 20
96299 22
96779 5
101230 20
104019 16
91729 0
94250 18
100029 1
93539 18
113629 0
95849 2
87270 11
97459 18
102440 3
92159 9
96649 5
98809 8
97270 2
96079 5
101499 12
107510 19
90979 14
97419 17
105390 5
96130 14
93099 10
106069 9
97480 3
91319 4
97979 17
103719 0
100489 15
90079 21
101909 8
103000 6
101439 1
93669 4
89820 10
97860 23
100829 6
114949 21
97919 16
106249 5
94849 14
95319 21
92259 10
95859 16
99879 1
89020 7
103259 2
106349 18
93200 18
95679 18
103059 19
98370 16
97710 3
90779 17
97749 8
98020 18
99479 4
101559 18
87540 17
103429 8
101429 18
105839 4
106850 13
95809 20
102219 5
93180 18
93049 1
113699 1
103579 13
92259 19
103709 11
101159 13
100509 21
96590 9
100249 9
98569 16
97569 1
154079 9
100089 11
97049 1
102249 2
93530 12
97390 14
106429 17
83469 5
87419 17
84889 19
101740 1
93359 21
88529 21
101120 4
92149 6
84459 9
82650 12
110939 13
79159 3
76450 2
78289 9
