186319 4
119899 2
101119 3
95799 7
90739 4
95879 1
116249 5
119699 4
116179 5
115269 4
100449 4
97749 0
94299 7
96919 1
104579 5
99969 5
98259 1
104139 1
97670 1
95019 2
101899 3
118319 6
111649 3
124929 3
102809 0
98179 7
95149 2
108459 5
99379 4
145879 0
89469 4
104579 3
94949 2
106019 5
98519 1
92639 6
94868 7
98390 4
107139 7
88339 1
128839 5
127918 6
113199 4
145198 1
114549 1
120849 2
133519 4
120589 3
95159 2
96569 0
93919 6
157139 0
90469 2
97139 7
99469 2
98839 3
88709 1
95559 7
108279 3
116719 3
118089 2
120259 4
91029 7
92030 3
113839 4
105610 4
110179 4
113439 4
127468 4
104130 5
108499 7
91950 4
96069 3
96489 4
96599 1
95179 7
124759 3
141409 5
107569 7
138788 2
105908 1
105439 0
127588 3
125659 6
120689 3
122599 1
100789 4
115279 2
118179 6
95299 4
99149 1
97559 6
109939 7
114299 5
129089 5
132419 4
127939 0
112029 2
103909 7
114519 1
120188 3
125548 2
106468 2
112499 5
112578 6
114989 1
93330 7
96350 2
96799 4
94949 6
97089 3
92439 4
95149 6
88909 6
96799 1
106210 3
97809 3
109769 1
120689 6
97169 7
106229 4
105109 1
125049 1
105969 5
91409 2
102619 5
94709 5
89279 3
97999 1
94580 6
94640 4
96029 6
92179 7
94269 0
118329 1
153788 7
116919 3
107679 0
124479 6
117339 6
120389 0
131229 1
115189 5
142629 7
101259 2
107539 7
104159 6
99709 3
106179 3
104839 1
95789 7
100059 3
117309 5
128699 0
118449 3
127409 7
109529 0
103059 4
104559 0
111049 6
108179 7
131259 2
120330 3
130638 3
122839 1
123169 2
121979 2
134909 4
130799 2
124928 4
125879 4
132139 0
130609 3
135619 1
132798 4
135799 2
126509 3
149859 3
128249 0
114579 7
131929 3
107359 0
117499 3
116479 3
125549 4
135499 4
126479 7
116679 4
127099 2
120749 3
125919 5
115509 5
168949 6
135629 7
131019 6
127719 6
109649 5
119639 0
115149 2
123669 2
114139 4
125689 3
116230 7
113699 2
116519 5
116979 3
123899 1
126899 4
128329 6
135899 3
115710 2
107188 4
116159 7
104039 1
101279 7
93879 3
96099 2
98939 2
101919 5
113889 3
96899 6
121129 7
113519 7
106709 1
131759 3
123059 3
134268 3
134099 0
129359 5
128289 1
138419 5
115848 4
119170 7
125989 2
133069 3
127139 5
123799 3
111459 2
121639 0
119599 6
103419 3
111549 3
110809 5
100499 7
124198 7
117239 6
123259 1
117329 2
107759 7
93210 0
103648 7
112970 2
136229 3
109569 5
122749 3
113659 7
102319 3
99189 1
92829 4
95030 0
93689 4
121269 2
133139 0
108489 2
124439 6
103189 4
117699 2
131599 4
129789 0
146919 6
138149 7
126029 3
128649 6
120659 6
126049 7
126519 0
129738 6
136079 5
126809 1
131829 7
129108 1
128788 6
135478 1
128569 1
134719 2
135178 6
133339 4
119549 1
135629 1
134829 0
130888 3
138278 5
116349 3
127629 6
126299 5
137369 1
126799 1
124510 2
127029 2
131619 0
170509 6
125149 0
111909 2
112599 7
113129 3
106799 7
99789 7
120649 5
118849 1
171538 2
102759 6
111499 5
120099 1
120379 2
128898 4
144219 1
138049 7
137168 7
130839 5
138989 3
136149 0
138908 6
138259 4
132169 1
126589 5
136039 6
129889 1
116399 2
128938 0
124909 4
140989 7
111229 7
268237 5
127689 5
120999 0
108819 0
100749 1
98799 2
115749 6
110339 6
110819 3
131059 4
120389 7
102639 2
93789 3
95299 5
120319 3
94539 2
100009 5
116099 0
118359 3
135719 6
100889 7
134869 2
106139 6
111399 3
134079 0
150128 4
133079 7
125109 7
127329 6
141559 1
126849 1
117949 5
125499 5
135109 5
128129 3
131238 6
129979 7
123739 0
132339 3
129259 1
153768 7
129229 2
112829 6
102659 3
112879 4
123969 7
124429 4
101239 6
117549 4
129869 7
110429 6
116239 2
128088 1
137559 3
145889 4
127199 5
186388 7
119819 2
125299 1
129819 1
134969 2
114239 4
134979 1
128159 4
138769 2
121229 3
127968 3
126258 0
123699 4
123159 2
132499 7
121449 4
147658 1
122889 1
134049 4
136339 4
121729 0
114519 1
127708 4
122019 0
111028 5
110499 0
108939 6
109279 0
116779 5
106619 0
101799 5
101550 3
97899 7
119528 7
128488 5
132649 6
113489 3
123089 2
123459 5
110809 5
119109 2
313417 6
105559 3
119869 3
132519 1
111068 2
98940 3
93939 3
106149 7
92049 0
126519 3
104959 7
90309 2
88219 1
108599 5
98429 3
95739 4
90540 4
114619 2
90619 2
99429 3
99509 3
94579 3
107079 7
97949 1
94640 5
102879 0
116890 3
136628 1
120799 6
119079 6
123229 0
107209 2
121589 3
123639 4
129709 5
151238 3
123779 6
130139 3
129149 4
124699 7
140958 6
126659 1
130089 4
157138 6
123479 5
134369 0
131159 1
131899 2
132449 7
124178 1
155239 1
113899 4
123959 1
115489 5
125579 7
185078 5
134279 7
126478 7
138649 1
129699 5
128859 1
127049 3
130019 1
131598 0
123169 5
136559 7
118569 1
127629 0
130569 7
125838 0
126209 3
124509 7
116659 7
140349 6
124229 2
129119 2
108119 0
124619 1
108569 3
120189 1
117209 6
105699 2
113579 2
110969 1
98419 0
116799 5
127959 0
118559 3
100569 4
101839 2
93739 0
103089 6
105579 1
101659 3
127759 5
125289 4
107099 7
94399 4
95919 6
92449 7
101699 2
97539 5
93089 1
97439 5
97359 5
93059 1
92119 1
97890 1
91119 3
89699 1
93589 6
100589 3
104499 7
105929 0
99709 7
98149 0
95350 6
102448 6
94720 0
92839 2
90959 7
113719 0
93439 6
96599 7
99829 6
92990 0
114028 7
113688 4
114809 0
121709 7
157139 4
135519 0
172749 5
126379 5
128769 4
107659 0
118989 0
128858 4
124568 7
113799 3
104969 5
105849 4
113349 1
123189 5
121189 4
98609 6
95399 5
127899 5
105189 0
118959 7
123239 6
113749 3
115069 2
97399 0
123439 0
129359 3
121449 2
98260 1
111529 6
104749 7
111629 1
97559 4
110939 6
140029 0
138119 0
126929 2
133999 7
110329 0
131159 3
117859 6
121498 1
120799 0
147658 3
125439 3
110789 0
113489 4
115699 1
116169 1
113209 2
109989 6
116869 6
95069 3
95379 3
99869 4
113479 0
125559 3
119309 2
111849 5
102129 7
107869 1
109859 0
120889 4
134468 6
127298 4
143369 2
134859 4
152328 2
148669 1
139249 6
115799 7
108259 2
98699 0
117039 4
132799 7
124250 6
141288 2
96499 6
91959 5
99339 3
109999 7
96459 6
92239 4
110569 2
113999 2
102169 3
116279 2
91949 7
95639 7
92539 2
89419 6
96799 0
118859 6
103630 5
89849 0
94099 0
104289 1
92509 1
90549 0
91159 2
101469 7
101069 3
112170 5
119369 0
93870 3
92699 1
103709 5
92199 2
113839 6
120529 3
111589 3
127209 3
99779 2
102849 3
97959 2
104879 3
103679 7
121889 1
122499 6
134708 5
118178 5
129189 7
110639 2
112829 4
128869 1
122339 3
116449 3
116929 6
122629 4
123598 3
108399 7
113910 6
131148 7
101499 6
130619 4
145609 7
205738 1
146689 4
142079 6
136629 1
128809 5
136899 1
132639 1
136789 2
132139 6
131349 3
125489 6
140718 0
122759 7
131109 3
129599 6
129719 1
121028 6
104999 4
120510 2
112759 4
121848 3
109939 5
109029 3
120869 1
124049 1
115349 0
118679 1
141609 4
109069 3
133978 1
118519 2
125599 4
130349 2
129839 7
121889 0
151888 5
107089 0
105219 0
94788 5
97029 2
93869 3
93389 3
91979 0
92999 2
93810 4
106399 1
104339 3
91559 0
95589 7
95859 5
112229 1
102429 3
101299 1
100509 5
100769 4
117419 2
91629 6
96849 1
93779 6
97649 7
90479 1
95119 5
90919 4
98889 2
92199 3
109279 1
93749 0
91859 7
109049 4
104689 4
98989 0
97639 6
110679 6
133129 6
129948 7
110048 3
126210 1
103090 3
121330 3
133168 1
138749 6
134499 3
156798 6
148269 3
132799 1
127028 0
125488 5
135759 5
127989 6
125099 0
135518 0
120939 2
120659 5
131699 2
131319 2
133759 3
120349 4
122529 0
131989 7
124208 2
130599 5
124239 4
128959 0
133509 4
143028 2
153089 3
120039 3
127808 7
127399 0
142339 0
127199 7
131459 3
126399 6
141518 5
123969 5
127399 6
133699 7
134739 0
130679 4
123339 7
125589 5
152319 6
119939 2
129709 1
121448 7
126949 4
116409 6
127779 5
140029 2
131858 1
118430 3
124038 1
129419 4
134369 6
137489 1
124118 2
137189 3
121189 7
119869 3
129819 3
138079 7
120609 4
120739 4
141529 4
144839 3
144319 2
134088 5
140959 5
120939 1
120769 1
100269 3
100629 3
109679 0
93369 0
94639 4
105819 0
102309 2
96320 5
98410 2
90839 6
134079 0
142608 2
115069 3
134319 1
133719 0
135518 0
114828 4
127298 4
140679 1
145819 5
127458 4
125239 3
111729 7
119039 4
118799 5
117889 3
122649 0
114219 0
110769 0
119069 2
115699 7
111519 5
106069 5
128139 1
125698 4
133758 0
136559 7
116349 1
118489 5
124569 5
121799 4
120249 6
117648 4
127699 0
144539 2
130969 4
132569 2
137238 4
143279 0
130869 5
134569 6
155198 1
125309 6
127549 6
127789 5
132029 2
125370 0
142328 0
117339 5
130459 4
127099 6
121099 4
119759 6
127718 6
136039 1
144369 4
152288 6
135499 6
137979 2
136299 0
125148 6
140989 1
130179 4
123789 4
134289 2
127379 0
123648 6
118139 2
125919 5
126269 0
130919 6
132679 3
141188 6
126099 6
130009 1
126369 4
120359 5
128149 4
129679 3
138029 0
108549 3
132129 5
121429 4
117699 1
126819 3
131358 1
192819 6
143638 7
131239 7
139409 3
117009 1
104849 5
108439 6
113989 4
140669 0
142159 1
150919 4
153238 3
127188 7
111939 0
102269 3
109269 7
111169 5
149889 6
128109 2
124499 5
134029 5
137518 5
140529 2
132039 6
146998 7
119609 3
129569 6
126769 0
131839 3
134969 1
126448 5
123269 3
130099 2
118739 0
126429 6
127089 7
121649 2
134279 0
126419 7
115829 7
120189 1
110509 0
101629 1
112489 6
114199 3
134119 3
128469 1
140698 4
149889 5
120389 3
120909 4
117699 0
121318 4
125768 0
117748 4
114379 3
126609 3
115519 1
102239 5
106309 6
