4760 17
1690 18
1050 22
840 13
950 21
820 12
1080 28
1030 27
1080 20
1060 8
880 0
810 11
760 27
1230 11
1230 6
1140 6
1450 15
990 14
2140 1
870 4
980 7
1710 17
750 10
870 27
810 24
1680 17
790 30
790 11
730 4
1710 21
860 30
740 14
750 16
1760 11
870 8
750 3
1830 25
670 28
840 31
790 11
1660 8
720 24
750 6
820 13
1460 14
730 2
770 22
880 20
1550 2
690 7
780 15
1460 26
770 8
790 20
780 25
1410 9
720 24
839 22
789 18
1689 29
849 14
829 31
2200 3
751 27
771 4
1800 9
740 2
720 15
1520 6
831 31
700 19
1360 6
760 1
669 15
820 6
3980 29
710 13
720 18
4720 16
680 2
700 24
1520 3
800 10
700 17
1580 25
750 7
760 15
1590 18
750 31
800 28
1550 11
780 5
690 23
1440 22
820 14
740 17
1450 14
840 23
750 17
730 19
1480 13
810 3
760 30
1610 26
700 9
670 5
2560 3
740 6
860 26
1620 11
770 22
710 22
1420 6
820 10
720 28
1530 19
750 2
800 7
1630 13
750 1
830 23
1370 6
760 27
780 29
730 16
1530 7
790 8
820 0
1490 21
750 27
920 5
1430 11
720 12
740 13
1420 26
780 22
760 29
1440 22
720 16
760 10
2000 20
771 3
700 0
1431 3
800 17
800 8
2000 11
789 16
740 22
800 11
1480 6
820 13
790 8
1860 29
800 22
850 2
1490 15
790 27
790 20
1450 8
780 2
770 30
1520 20
800 17
860 22
1450 9
780 31
710 16
1410 31
730 2
740 10
2990 30
750 30
770 9
790 29
2400 14
800 25
740 17
2630 25
760 25
730 20
1460 10
800 30
680 3
1440 16
700 17
740 16
1490 21
820 3
720 24
2100 23
740 28
800 19
1480 9
750 20
720 24
2040 15
840 19
720 22
1510 14
790 10
840 1
750 19
2170 17
760 22
830 24
1469 19
800 29
789 29
1520 11
771 16
811 29
1511 24
711 22
829 14
1469 24
751 13
720 12
1420 10
840 4
780 31
1449 7
740 3
831 0
1450 28
800 1
740 3
790 29
1570 16
740 29
760 17
1580 8
780 6
790 19
1900 27
870 2
700 14
1770 23
830 17
820 2
1430 20
730 10
740 29
1470 29
790 3
740 8
1420 1
810 12
720 14
1480 13
900 16
720 8
810 3
1990 7
870 2
760 28
1520 8
860 14
860 22
1490 30
670 14
650 14
1410 1
780 3
750 18
1500 10
910 28
810 1
2840 20
840 26
850 29
1530 10
790 1
830 0
2390 26
740 2
740 31
870 3
1910 18
760 23
750 26
2820 18
810 29
711 29
1589 6
760 25
720 24
1491 0
691 27
800 19
1500 3
789 18
780 20
2289 21
820 31
771 14
1491 30
891 8
840 4
1569 21
730 29
730 24
790 26
2080 1
790 0
800 14
1510 16
760 27
830 13
1500 28
860 12
800 17
1540 23
770 23
810 19
1690 18
820 2
790 13
1490 10
800 13
790 1
2260 15
940 12
730 7
1560 4
870 9
860 22
1650 15
750 3
800 18
780 28
1440 3
870 24
850 15
1550 4
800 29
870 21
1570 17
810 8
820 21
1610 8
740 19
830 4
1450 28
870 4
750 4
1380 0
810 22
750 30
1540 31
770 22
840 27
1860 10
780 28
840 22
820 23
1510 31
800 9
740 28
1529 23
780 27
831 8
1529 11
820 13
851 18
4071 20
829 24
789 7
1489 15
871 29
791 28
1600 13
920 22
731 28
1510 28
810 8
830 9
1820 23
820 23
820 25
860 31
1560 25
790 6
830 23
2900 26
810 6
760 30
1540 23
860 14
810 1
1520 4
790 25
800 0
1660 18
810 31
870 24
1920 18
780 5
820 13
2000 7
790 14
830 10
1710 4
830 21
800 22
850 29
1950 10
790 3
770 24
1470 5
830 30
840 11
1550 6
720 18
750 29
1530 5
690 24
890 18
1540 31
770 27
780 17
1520 5
810 4
800 27
1480 9
800 0
900 22
1480 7
900 20
850 30
760 31
1489 20
800 19
769 9
1589 0
820 25
769 4
1780 24
840 0
729 1
1460 23
820 27
871 3
1520 12
829 29
869 9
1531 21
780 7
809 4
2580 10
840 28
810 26
1710 12
810 10
810 15
1400 3
830 13
820 14
800 21
3170 18
690 14
860 4
1600 24
770 19
760 19
1500 9
840 17
860 29
1480 0
880 15
760 20
2340 22
720 21
810 6
1480 28
930 10
760 25
1610 24
770 1
730 25
1630 16
890 31
750 6
880 8
1430 7
790 30
790 26
2780 22
820 25
770 4
1440 18
830 11
850 23
2140 1
810 25
820 27
1490 27
790 8
820 31
1790 8
760 31
850 20
1480 0
750 8
810 30
1370 6
909 27
800 3
831 12
1540 0
749 19
780 5
1589 13
869 15
800 0
1540 2
849 11
840 4
1551 6
840 21
849 4
1560 26
890 27
880 21
1510 25
780 6
890 19
1940 22
790 21
790 31
1570 16
880 3
790 3
810 13
1370 23
910 3
850 25
2030 25
830 26
830 13
1700 27
770 24
760 17
1530 22
790 3
850 0
1640 31
830 10
800 12
1840 26
810 24
840 21
1600 10
870 21
810 28
3560 6
830 25
880 0
820 26
1570 29
810 13
830 27
1520 17
900 7
870 11
1610 15
760 2
800 1
1580 22
880 11
820 11
2530 15
790 21
820 7
1650 6
840 27
800 17
1570 22
759 24
820 2
2240 31
860 31
740 23
1471 1
771 11
811 6
891 26
1520 2
869 20
740 28
2880 2
820 1
871 22
1600 15
820 11
750 13
1600 6
740 22
870 6
1930 0
910 18
800 31
1530 16
930 31
860 3
1460 10
780 15
770 31
1460 14
840 18
780 2
880 8
1580 8
740 0
770 24
1510 18
800 18
880 8
1490 11
750 30
850 14
1470 19
760 14
850 29
2230 1
890 0
840 7
1610 2
800 18
730 29
1510 6
750 18
730 27
1530 29
730 1
830 21
870 8
1570 3
780 11
760 31
1540 1
780 4
810 12
1440 0
800 23
780 4
2180 22
770 30
760 10
2860 30
830 12
880 14
1379 7
789 21
769 25
1589 7
780 19
891 10
1460 22
811 11
831 22
709 1
1480 31
811 3
791 2
2129 31
829 14
880 27
2450 1
800 18
760 9
1590 14
880 3
850 6
1590 10
920 24
850 5
1610 8
890 21
840 11
1430 25
740 24
750 4
1630 13
950 4
850 19
870 30
1450 27
890 5
780 4
2200 16
690 29
850 30
2960 25
820 23
900 24
1840 29
780 11
770 14
1570 7
750 14
950 17
1570 26
800 3
740 3
1520 9
750 14
790 5
2200 12
860 3
910 13
1410 30
800 14
840 21
800 8
1820 17
890 10
930 23
1440 14
890 22
890 16
1540 5
940 30
790 29
1540 23
790 30
760 10
1660 19
800 2
831 4
1580 19
840 19
851 22
1560 24
800 16
849 18
1520 18
820 16
829 27
809 17
1489 23
769 15
769 7
1430 14
830 10
840 2
4120 22
930 14
920 2
1610 12
850 23
880 28
2170 21
800 31
840 3
1490 3
820 7
880 31
1550 16
840 7
930 10
1500 22
910 9
750 19
860 19
1550 0
790 9
900 6
2400 23
860 26
840 22
1580 25
910 17
890 31
1580 28
820 30
860 9
2130 25
820 14
800 17
1530 4
850 7
800 8
1630 19
740 14
840 2
1460 14
790 17
790 30
910 22
1480 1
960 5
900 2
1620 27
950 8
830 11
12940 14
860 9
1000 20
1700 23
849 29
791 5
1780 18
840 27
871 2
1760 7
790 13
860 27
1570 23
900 0
790 5
1690 15
790 17
850 26
800 5
1590 16
770 27
860 21
1670 13
800 13
900 20
1820 14
880 27
720 3
1550 23
840 4
800 25
1520 9
870 12
770 18
1650 30
720 27
740 5
1660 21
860 31
820 2
1640 26
900 0
840 7
2050 4
860 24
810 30
750 27
3580 9
830 19
900 17
1810 22
840 14
840 9
1620 13
900 13
780 0
1640 10
830 15
930 13
1550 18
720 8
890 23
1640 3
840 16
750 4
1590 25
840 16
820 14
1611 26
940 2
831 8
831 9
2580 2
980 6
820 15
1429 22
800 29
900 29
1691 18
829 24
829 16
1529 29
951 19
869 18
1370 16
830 0
890 2
2370 1
880 20
790 8
1540 26
820 25
880 21
1410 4
980 28
850 23
860 4
1740 7
820 0
850 5
1520 4
870 7
860 23
3110 31
770 6
730 17
1590 25
850 16
870 12
1540 15
860 4
840 3
1630 21
820 31
850 1
1560 20
750 31
840 22
1610 22
830 31
800 18
900 18
1520 31
760 19
810 2
1500 18
760 12
820 22
2060 25
860 21
810 6
1660 22
790 9
820 9
1550 19
810 1
890 7
1540 19
810 22
880 16
3260 7
851 16
800 28
1600 0
911 29
900 16
800 4
2400 4
920 18
789 11
1531 17
960 14
940 7
1600 26
771 15
810 27
1470 20
990 25
870 10
1620 18
900 18
830 19
1490 14
770 16
800 17
1590 17
830 0
870 21
2470 29
890 19
890 6
2750 4
800 31
800 15
860 10
1440 12
880 7
900 15
1620 15
910 5
880 28
2640 21
840 25
800 16
1770 29
880 0
840 2
1660 28
870 15
850 1
1560 30
860 22
890 27
1590 19
850 20
820 18
2330 25
890 26
890 20
800 5
1510 29
820 22
730 22
1630 19
830 25
970 17
2810 21
840 15
820 2
1630 9
920 14
911 27
1609 31
900 17
851 14
2091 18
820 28
860 0
1569 14
820 25
851 0
1700 18
880 8
831 14
851 20
1660 24
779 14
790 7
1500 27
870 5
930 28
1550 30
840 5
810 22
1700 9
810 23
890 5
2970 20
860 21
730 5
1540 10
800 31
730 15
1450 20
940 21
880 1
1820 7
900 0
910 8
800 29
1620 14
820 25
830 10
1590 11
740 10
810 25
1590 15
810 9
770 11
2070 12
710 19
850 26
1660 12
780 26
860 31
1570 19
870 30
750 18
2410 26
870 17
840 19
1730 14
820 1
910 27
770 6
1640 0
900 28
880 19
1580 31
760 13
940 12
1530 17
780 9
820 17
1549 22
840 29
900 29
1611 3
951 30
811 4
1631 20
860 11
849 1
2120 11
811 23
849 3
1940 24
800 14
731 16
1431 24
1010 16
820 14
920 8
2170 10
930 27
800 9
1610 13
800 30
780 13
2860 30
810 3
790 8
1750 13
830 2
790 4
1700 7
810 4
820 26
1610 31
930 29
790 0
1620 27
870 29
760 1
1540 7
820 26
890 18
1030 21
1550 3
910 9
850 25
1590 12
790 16
850 19
3220 12
850 28
880 23
1660 21
890 30
860 1
1490 28
730 25
840 10
1690 12
880 9
900 24
1610 18
860 1
790 26
1430 23
930 24
1010 15
840 15
1690 10
920 16
890 1
1480 1
829 27
869 6
1669 20
809 26
829 12
1509 20
749 15
829 16
2469 21
800 1
811 12
2491 4
851 15
820 9
1569 5
760 27
880 15
1630 17
860 2
870 21
890 15
1690 13
920 7
870 8
1560 16
890 5
970 7
1580 3
860 6
840 6
2160 14
910 1
850 8
1610 15
870 23
830 23
2040 19
770 16
830 18
1590 29
920 21
820 11
1560 17
860 9
820 29
830 19
1620 27
820 27
900 1
1730 19
970 5
780 22
1530 8
950 9
840 7
2840 24
820 0
880 1
1680 3
750 6
920 0
1530 7
930 31
910 30
1450 26
870 10
970 22
1630 0
870 21
790 6
3479 13
891 14
820 22
1009 16
2220 28
1031 15
1020 4
1569 15
980 2
820 0
1649 25
849 14
951 18
1700 26
860 30
809 8
1970 1
780 14
870 9
1610 12
890 14
850 4
1600 24
830 6
760 31
1500 2
900 28
870 7
840 27
1760 28
820 11
910 27
1640 30
790 9
810 14
1480 27
970 10
910 0
2460 21
810 9
930 31
1570 20
790 1
870 7
1800 26
910 15
820 4
2010 25
840 17
840 8
1460 11
890 2
1000 3
780 25
1700 25
810 29
840 21
1580 24
760 4
830 2
1560 25
840 20
780 27
1480 4
850 14
950 30
1860 31
920 17
780 27
1570 14
830 19
790 23
1609 11
920 23
900 29
1560 25
749 14
889 20
891 8
1500 11
849 13
969 16
1589 22
940 24
840 18
1660 22
780 31
760 8
2790 14
910 3
940 18
1930 24
870 28
880 24
1760 27
810 20
880 28
3130 25
840 3
950 6
1550 7
1000 5
830 27
910 1
1580 4
900 28
750 19
1490 28
850 28
960 13
1630 2
820 4
860 20
1590 29
920 21
870 30
1980 15
930 29
960 20
1670 28
970 23
830 5
1610 26
1050 21
940 15
1600 6
1030 6
830 4
1600 7
880 30
870 30
800 14
1890 7
810 18
1000 2
2760 1
770 23
770 22
2380 28
870 0
880 10
1570 10
1000 1
829 13
1589 23
920 14
820 25
1740 22
800 15
780 2
1500 4
789 25
820 0
1551 16
880 23
840 14
900 17
1640 16
840 27
920 6
1470 27
840 27
950 22
1580 29
880 21
910 13
2160 13
960 18
790 4
1570 19
840 7
770 2
1510 29
1070 22
840 28
2040 4
940 16
960 3
1480 29
930 5
810 8
840 21
1570 19
860 16
830 7
1640 27
860 6
870 6
1610 10
810 1
810 10
5630 14
1000 20
900 20
1660 3
890 23
980 20
1660 7
980 9
840 22
1450 31
800 3
840 13
1550 29
980 28
980 28
910 19
1620 14
930 21
860 3
1620 13
1060 15
850 10
2140 8
780 4
869 22
1629 29
969 25
920 4
2180 22
820 15
929 12
1500 21
840 19
889 20
1489 24
751 28
860 30
1549 25
939 14
950 28
760 6
1640 27
830 9
890 10
2550 2
800 16
970 10
1740 28
820 0
810 4
1610 17
800 20
800 12
1530 24
830 23
910 12
1470 14
840 11
900 16
1670 2
900 6
820 13
1580 13
820 20
890 19
1600 4
1010 22
900 18
740 4
1590 22
870 12
750 2
2400 26
850 28
870 26
1550 28
770 22
890 18
1620 28
880 4
820 14
1540 15
830 20
870 0
1580 9
950 19
820 17
1520 27
890 21
790 3
1530 24
790 31
820 27
850 29
1570 12
770 23
969 2
2811 31
780 29
789 7
1680 24
880 27
909 0
2809 20
891 4
691 1
1509 27
800 21
969 9
1480 27
851 1
829 23
1480 2
910 6
820 30
1960 20
870 2
780 24
820 31
1730 0
780 8
840 2
1910 18
870 30
1000 7
1510 13
850 24
930 28
1520 1
850 27
810 8
1840 0
1010 8
810 19
1620 0
850 31
1050 25
1610 8
780 21
840 18
1640 15
940 0
860 21
900 19
2440 29
860 25
880 26
1660 7
900 23
820 6
1590 24
950 0
940 0
1640 14
840 31
830 0
1530 3
860 11
800 7
2100 22
890 20
840 11
9290 13
791 23
891 25
1789 15
1049 2
871 7
929 30
1709 28
829 6
940 27
2200 28
891 5
849 1
1649 2
889 31
929 28
1760 20
860 3
830 12
1600 18
820 9
880 20
1740 30
800 22
870 18
1590 18
860 30
880 28
1700 26
870 21
820 8
3220 22
790 17
780 12
800 4
1660 14
830 8
830 10
1750 22
820 26
890 18
2120 1
840 4
970 21
3070 19
830 22
800 24
1630 18
960 24
840 25
1710 11
870 17
920 30
1510 14
940 26
790 28
1690 23
800 5
880 16
880 12
1870 13
840 14
880 1
1650 29
810 0
910 16
1570 29
960 16
920 17
1590 7
720 23
909 9
1709 15
1009 7
820 14
1460 19
871 17
931 6
2380 9
909 16
840 21
2409 6
989 18
931 5
890 31
1660 26
830 12
810 23
1570 22
800 13
910 17
1650 29
980 11
830 4
1620 26
1060 18
970 17
1570 16
910 0
1000 21
1630 17
750 22
880 5
1670 16
840 28
840 24
1910 5
860 2
950 1
810 9
1740 2
920 31
830 6
1670 20
840 14
910 20
1600 10
780 25
840 30
1900 20
870 25
990 8
1540 2
830 17
900 1
3540 14
850 15
830 3
1560 16
860 20
990 19
1720 3
820 22
830 31
890 5
1570 11
910 27
790 5
1420 27
910 31
891 26
1680 21
820 17
800 19
2180 0
900 23
789 2
3100 11
880 29
860 2
1460 6
820 23
929 30
1591 6
860 8
820 14
1820 4
850 5
830 28
1490 14
890 4
950 12
830 12
1690 16
820 18
830 0
1740 19
870 6
840 6
2430 4
920 30
870 3
1730 12
920 10
850 6
1630 11
800 9
910 17
2410 20
830 11
1010 4
1630 24
980 9
920 19
1570 10
890 2
1010 23
1010 31
1620 6
860 3
940 9
1610 11
840 30
920 29
1660 22
830 27
880 25
1570 25
880 21
830 8
1630 30
840 16
820 15
1680 1
910 13
850 2
2070 2
890 30
960 14
1639 24
860 17
1020 22
940 25
2211 21
811 14
880 13
1549 0
851 31
851 27
1740 22
851 17
880 28
3391 16
880 14
919 22
1660 9
990 7
910 7
1680 13
890 15
860 11
1690 28
900 19
860 10
1680 7
870 3
940 5
840 31
1640 31
800 30
900 6
1720 28
950 4
850 0
1730 10
930 30
910 26
1590 6
880 8
890 1
3070 11
770 11
830 21
1600 17
800 5
860 3
2640 31
1100 29
930 21
1600 31
890 5
880 25
870 9
1490 19
950 27
920 20
1660 27
870 24
880 4
1780 16
820 9
860 14
1580 23
820 2
930 7
1530 28
900 8
870 28
2659 16
909 25
860 2
1889 13
780 29
851 14
1611 12
860 19
800 11
1680 17
831 26
860 16
991 12
1571 25
900 19
909 29
1609 0
800 29
910 9
1610 17
920 22
870 18
2160 8
870 13
860 25
1700 26
890 15
950 22
1850 20
850 22
800 29
1880 12
890 31
890 23
1630 19
900 20
990 20
930 13
1510 19
760 31
840 30
3510 25
880 29
880 30
1710 2
900 27
850 25
1580 1
930 25
920 12
1860 12
840 16
820 2
1840 5
920 3
850 9
1660 26
890 22
900 12
1620 2
920 29
940 17
900 17
2140 11
1010 16
820 19
1610 6
860 23
890 30
1679 1
871 27
860 28
1600 7
911 16
771 28
3011 17
860 0
980 6
1740 9
900 0
869 10
1660 16
780 9
949 6
1689 11
890 20
890 0
870 29
1900 23
870 30
890 12
1670 29
970 27
980 24
1670 5
880 21
880 24
2760 23
960 1
910 19
1790 29
860 24
960 19
1600 0
790 18
880 3
2230 27
940 20
920 5
1560 17
930 16
840 0
810 30
1590 15
940 26
990 7
1510 27
950 10
990 29
1780 8
820 5
900 19
1660 11
860 13
830 13
1910 1
910 28
880 16
1710 25
930 27
820 1
1670 0
930 27
910 28
3250 27
870 18
860 1
1439 10
900 25
1049 18
789 10
1600 6
920 16
1000 27
1640 28
989 15
849 24
1660 30
960 5
891 29
2300 18
929 7
900 23
1690 9
910 15
880 4
1610 28
820 18
940 18
1720 16
970 21
890 23
2050 14
900 26
940 6
980 16
1610 8
920 18
1010 10
1530 12
990 10
830 28
1770 31
840 25
830 4
1770 3
860 9
910 30
2780 4
930 1
760 20
1700 0
950 6
970 10
1590 8
890 8
930 0
1740 6
910 19
860 14
1050 23
1720 29
920 25
940 4
2250 8
1010 30
920 11
2530 3
870 3
860 28
1820 2
840 30
920 0
1750 19
880 26
920 7
1589 19
880 5
980 16
1571 8
840 10
820 26
1740 13
860 17
960 16
891 16
1631 29
920 4
951 15
1640 13
960 31
889 2
1650 6
810 12
860 25
2050 0
880 8
990 15
1780 26
820 13
990 24
2860 25
900 10
840 2
1780 15
860 12
960 20
2250 11
890 21
840 13
920 13
1680 28
830 11
960 25
1580 14
950 28
960 17
1630 24
860 11
950 0
1630 23
840 15
870 26
1680 29
890 10
840 12
1570 9
890 18
970 13
1720 11
860 13
800 24
1610 12
910 2
940 25
1600 31
840 9
870 26
920 29
1620 10
930 9
960 12
1600 26
830 29
940 31
1940 4
939 15
889 27
1780 16
860 10
1040 27
3429 19
789 28
949 24
1660 22
820 0
880 4
1880 23
860 19
820 12
1460 10
810 22
980 1
820 2
1590 20
1010 27
810 22
2570 5
730 26
800 8
1660 5
930 7
930 9
1850 15
840 8
930 22
1680 22
850 13
840 5
1610 0
890 28
920 20
1590 8
870 7
810 29
1560 1
880 21
780 1
880 16
1710 12
860 29
920 5
2450 6
900 7
850 30
2900 17
770 30
940 3
1580 25
900 13
870 21
1500 2
930 20
900 9
1700 22
910 13
890 24
1600 5
870 28
860 7
1640 18
1030 9
880 31
880 0
1640 20
829 0
860 30
1500 30
800 12
989 14
1600 24
891 11
900 22
1660 28
820 1
900 1
1740 29
1000 20
900 31
1669 13
860 19
790 26
1620 27
930 21
850 22
2150 25
1110 22
740 25
860 17
1650 11
830 6
830 8
2090 14
970 21
880 19
1530 24
840 10
850 4
1610 18
920 10
1010 17
1590 22
850 7
970 6
2920 18
940 18
800 8
1490 24
880 24
920 10
1840 24
870 31
960 12
2520 10
990 30
840 7
960 2
1790 20
830 5
960 19
1500 20
900 8
890 15
1860 22
1020 14
1020 23
1640 7
950 18
850 14
2300 26
920 19
960 26
1660 9
920 12
1109 2
1700 9
989 31
880 15
1671 31
971 30
949 10
849 15
3600 7
891 10
811 5
1711 0
920 17
900 14
1760 16
830 14
950 29
1570 7
880 24
940 21
1780 3
930 25
810 3
1450 14
950 25
920 28
1610 14
850 25
820 4
1630 0
980 4
850 4
920 2
1870 7
890 2
850 14
1640 25
900 12
970 25
2060 15
990 21
930 3
1670 5
870 25
940 3
1600 3
950 21
720 10
1680 15
870 13
930 28
1610 23
870 6
880 23
1600 25
1040 20
1020 30
930 20
2230 4
900 28
940 0
1610 11
920 27
810 0
1610 31
830 0
900 18
1620 9
949 1
940 4
1740 26
860 27
849 9
2800 5
931 26
1071 12
1691 31
971 16
800 20
2479 9
1050 19
780 4
950 25
2270 16
870 3
990 17
1530 21
840 25
870 13
1670 2
920 9
970 26
1820 16
940 10
910 21
1650 3
900 12
880 28
1720 11
970 7
850 27
1690 29
840 4
920 9
3280 22
890 29
920 12
1980 21
920 9
890 30
910 3
1820 12
1030 24
840 18
1810 21
960 28
840 24
1600 19
830 4
960 26
1580 7
900 16
840 15
1820 20
770 2
850 19
2110 5
960 4
980 15
1700 21
830 30
850 8
1669 15
1029 2
820 28
889 6
1680 9
960 19
951 16
1631 31
871 8
931 5
1640 26
920 20
911 0
1571 0
900 2
900 17
1560 24
930 19
890 31
1610 20
950 14
880 25
1980 21
890 25
910 11
1690 27
1030 1
950 20
1010 21
1580 28
920 31
890 23
1570 9
910 5
910 15
2190 24
900 18
970 7
1690 2
980 14
910 19
1570 15
950 15
900 4
4080 9
870 2
970 19
1630 16
960 28
960 31
1550 7
1020 29
850 3
950 28
1680 24
890 0
950 6
1630 26
1010 21
870 29
1760 25
1040 3
980 21
1620 20
830 2
970 15
3440 8
960 6
949 28
1709 25
860 27
1060 18
2040 9
971 5
849 16
1640 31
1031 3
880 25
920 13
2371 12
1011 1
940 8
1569 9
889 13
920 4
1730 1
940 16
950 4
1650 10
870 26
1000 12
1440 13
820 2
900 19
1670 19
980 18
870 16
1760 7
950 25
940 10
1670 15
940 26
970 22
1580 26
850 23
830 0
890 28
1630 29
810 13
910 4
1810 11
880 23
820 10
2070 10
1000 14
890 3
2020 11
940 29
1060 20
1670 27
960 29
880 0
2530 6
960 8
980 10
1700 30
860 24
910 13
1640 2
890 18
880 24
920 24
1720 28
860 4
870 8
1680 29
880 4
860 14
1630 2
851 29
911 13
1691 12
911 30
900 4
2680 19
940 27
980 9
3009 16
900 20
860 18
1749 5
831 19
920 25
1679 5
1060 30
920 4
800 12
1760 25
990 14
990 23
1780 10
860 16
820 30
3340 4
860 16
880 14
2130 21
990 28
920 7
1760 21
1040 24
990 5
1880 10
800 10
930 11
1610 28
1070 15
880 2
1550 16
960 28
860 23
960 12
1680 14
900 17
930 29
1660 19
820 24
790 14
1560 4
910 1
860 15
1730 10
860 10
970 21
1600 26
910 13
880 19
1590 24
910 8
840 25
1550 25
930 25
990 1
1690 8
800 20
820 6
890 6
1549 8
900 0
929 10
2020 11
1000 8
880 24
1529 14
900 10
869 30
1571 20
840 18
829 4
1600 20
829 23
969 30
2020 6
859 29
980 24
1590 6
930 24
970 9
1780 23
920 29
850 13
1710 13
1030 18
930 10
990 8
2000 30
880 0
920 12
1530 14
940 25
960 8
1790 15
950 7
900 25
2580 13
900 5
980 28
1790 29
960 14
860 1
2970 2
880 2
900 23
2090 28
850 2
970 5
1780 11
810 12
910 21
950 27
3680 18
910 7
930 30
1720 23
780 4
880 31
1690 5
860 25
890 18
1650 20
1070 22
910 18
2110 7
950 18
1010 1
1529 20
880 21
920 13
1820 10
880 22
900 1
1689 13
920 22
840 6
889 28
1660 23
931 10
1100 13
1609 0
869 9
1030 6
1640 11
1000 31
930 14
2350 27
910 3
930 17
1700 19
900 5
870 29
1550 4
860 29
830 26
1810 6
810 3
900 22
1630 22
980 4
950 0
940 15
1770 2
1140 1
900 29
1590 20
910 17
980 12
1660 27
960 10
920 29
2050 31
980 18
970 22
1640 29
860 16
1040 16
1590 8
990 29
860 6
1660 3
890 14
1070 5
1720 6
930 3
880 12
780 7
1710 23
1000 29
910 23
2090 28
870 25
880 10
2440 16
820 29
860 10
1639 12
860 18
931 18
1551 8
1000 7
889 7
1689 27
949 22
940 29
4280 18
940 12
760 9
1740 30
929 22
919 6
1670 19
900 27
900 26
1160 23
2170 18
1030 11
930 6
1650 10
970 30
910 1
1930 0
860 23
980 15
1790 23
890 24
840 11
1550 19
800 18
860 2
1570 6
910 24
930 24
2220 17
1030 17
880 26
1720 5
920 12
890 16
970 14
1700 31
880 31
880 6
1690 7
880 3
1040 1
1580 30
900 21
880 16
1720 20
840 9
940 5
1560 9
840 14
1050 21
1500 28
1000 2
950 24
1700 4
920 21
1030 0
1730 4
860 12
850 2
870 31
1599 21
1009 18
849 16
1680 9
920 19
951 15
1771 23
960 4
889 8
1920 7
909 4
929 30
2200 9
920 27
951 25
1710 4
940 16
1040 23
1630 24
1030 17
950 9
1790 22
930 18
950 1
1000 15
1580 13
1020 15
880 27
2610 9
990 8
1070 21
1710 22
1070 28
860 15
1890 8
870 15
1010 6
3220 25
910 31
1060 14
2030 29
1060 30
860 15
3230 22
920 7
890 7
1630 26
890 2
860 14
820 19
1690 4
880 27
1110 1
1760 0
910 12
960 7
2450 16
950 15
840 27
1730 30
1000 15
910 0
1730 27
980 18
1240 20
1650 2
920 24
911 29
1571 8
991 13
871 13
1800 19
969 5
1049 18
1620 15
1051 16
960 29
849 27
1789 3
900 5
869 12
1609 16
890 20
1040 11
1790 27
890 27
900 3
1740 19
870 28
900 4
1700 0
940 8
960 7
1700 30
860 7
850 20
1850 22
910 10
860 21
2290 2
940 3
870 22
870 30
1750 24
890 8
830 5
2070 20
950 2
1060 3
1590 28
920 31
920 2
1580 10
970 8
1040 7
1530 2
1020 30
870 31
1730 16
950 7
920 4
1730 1
850 0
1020 18
2630 17
890 3
1040 8
860 23
1860 17
900 31
1060 27
3400 10
900 28
920 4
1570 28
909 5
880 3
1671 3
940 23
951 27
2131 15
880 12
880 26
1591 8
960 25
849 4
2920 7
891 31
900 13
1719 5
830 5
1020 20
970 16
1990 7
870 8
840 11
1740 11
960 20
950 15
1600 1
860 30
990 10
1830 26
850 21
880 28
1650 7
930 1
1030 20
1720 12
1000 15
1000 17
1660 0
1050 13
780 1
2000 26
930 28
910 18
1090 13
1610 11
980 7
1010 3
1590 7
870 7
970 29
2240 10
840 5
860 13
1680 5
1020 5
1000 31
1650 23
960 29
940 26
1670 5
820 7
990 17
1660 4
910 22
1270 24
1700 4
910 9
980 4
2030 19
1020 2
869 1
871 4
1651 28
771 24
971 16
1491 13
1031 14
811 23
1729 8
909 17
909 22
1869 13
889 22
869 28
1559 3
790 21
930 25
1560 6
960 31
880 30
2400 27
870 29
900 16
4060 5
910 21
950 9
870 22
1700 21
850 6
910 14
1820 28
880 28
1010 15
1730 25
860 26
860 15
1610 6
850 29
920 2
1900 31
900 7
980 19
1590 0
940 1
900 6
2980 16
900 18
840 19
2170 24
830 6
840 30
1050 15
1500 7
960 8
820 18
1780 12
930 0
930 27
1770 14
5910 4
1000 11
1890 7
850 14
870 16
1811 12
920 15
829 30
2100 21
1049 19
960 30
1560 29
820 14
889 29
1869 1
991 22
920 22
849 14
1720 6
810 8
870 26
1690 9
830 18
1080 13
1750 24
980 19
940 26
1520 9
870 23
940 16
1590 19
930 29
940 27
1600 18
890 15
940 26
1720 6
1030 2
860 19
2080 19
930 17
910 16
980 15
1670 21
880 11
950 14
1720 15
940 16
960 17
1670 22
940 26
920 13
2140 24
1000 1
920 24
1590 27
960 17
870 27
1660 7
800 8
780 22
4010 18
1020 5
1000 21
1690 15
1130 5
1070 18
1830 12
840 3
870 14
860 23
1820 23
949 26
940 9
1589 12
1020 7
840 28
2029 24
900 19
920 1
1600 23
951 26
971 20
1500 8
789 17
920 22
1680 12
860 19
820 23
3180 7
920 26
790 26
1580 17
880 4
890 6
920 17
2180 11
850 5
860 23
1650 13
900 23
940 28
1730 23
1010 25
930 11
1660 16
780 30
830 23
1580 2
990 11
830 23
1650 24
1020 4
900 17
1600 6
1090 30
930 5
1550 25
960 16
900 21
830 11
1630 28
970 11
860 24
1620 24
830 4
970 9
1610 30
880 19
930 7
1610 10
890 24
950 4
1720 7
910 27
850 8
2580 20
870 7
850 13
1580 26
810 12
930 30
2011 28
1060 21
1069 7
920 27
1580 28
971 16
891 30
1580 15
889 15
880 14
1631 2
1020 0
880 6
3210 5
910 25
910 28
2430 20
840 15
830 9
1600 21
810 19
920 5
1620 21
1010 16
850 11
1660 16
970 3
1060 10
890 15
1600 5
820 9
920 6
1700 17
940 2
1190 3
1620 24
830 22
880 8
2120 0
970 7
970 5
1860 15
890 26
820 16
1820 3
870 5
880 18
1740 12
790 10
960 0
3710 19
950 11
900 20
1720 2
1040 11
900 20
970 3
1660 22
860 22
860 11
1640 0
1050 26
950 7
1790 16
960 23
890 3
1559 22
849 29
909 19
1620 28
1020 1
929 27
1629 13
989 10
920 31
1649 4
971 28
1031 3
1669 29
871 8
851 24
931 19
2289 9
870 9
990 27
1690 31
1000 9
940 2
1580 19
900 5
880 30
1790 0
870 29
880 17
2180 26
780 8
1020 18
1650 10
900 5
980 17
1680 0
860 29
1000 14
1610 3
1030 7
810 10
940 4
1630 10
850 26
820 24
3450 9
820 18
920 2
1630 21
930 26
1010 16
2560 24
920 4
1000 2
1650 22
860 4
880 9
1990 0
820 27
810 16
2250 13
840 7
870 4
1710 10
910 12
940 17
950 13
1490 18
880 28
789 16
1780 23
860 20
880 20
1609 9
809 5
891 8
1731 26
811 5
1069 4
1789 26
1049 2
820 3
1760 6
880 6
949 17
1660 24
1120 19
900 21
3140 26
970 20
900 20
860 30
1740 7
940 28
860 5
1640 27
880 20
820 16
1750 19
960 12
920 9
1600 2
880 17
850 15
2140 10
990 21
940 22
1610 24
920 21
910 14
1680 13
950 3
970 26
1730 13
820 10
1020 5
1610 21
910 3
900 3
1040 24
1690 6
870 6
940 21
1810 22
840 22
880 23
1730 4
930 19
970 9
2030 2
870 10
890 13
1610 18
880 20
860 27
1690 13
820 21
910 26
1650 19
900 18
880 13
3520 6
849 21
891 3
800 28
1560 30
1009 4
980 11
2131 17
1020 20
940 1
2520 20
880 27
900 12
1670 31
930 18
980 15
1650 13
900 19
1090 12
1660 4
910 19
1010 14
1650 24
800 5
830 2
1710 29
930 18
900 22
890 12
1600 17
870 25
840 7
1740 22
940 28
940 5
1890 3
890 2
800 25
1630 21
900 4
990 27
1570 18
910 14
890 22
1510 14
940 31
920 9
2280 4
820 17
900 4
3110 14
940 31
940 20
1000 16
1670 14
1090 18
970 5
1700 4
850 1
930 4
1730 8
790 3
910 9
1739 1
889 2
969 20
1540 4
940 21
1031 30
1700 20
880 16
911 6
1531 17
1060 31
869 23
1660 22
789 23
960 29
1051 28
1720 20
780 14
860 26
1720 18
960 10
880 10
2150 11
980 15
840 12
1700 8
950 26
1010 31
2130 23
910 23
870 19
3390 3
860 19
960 22
1720 16
1120 24
870 8
1670 8
1030 22
910 26
1640 2
950 0
900 30
940 13
2440 17
890 25
1010 7
1850 1
880 19
810 23
1760 19
970 9
1000 1
1700 5
920 9
1020 27
1620 17
860 1
810 16
1670 11
960 5
930 19
1620 7
1080 2
840 22
1630 3
990 17
890 10
939 22
1700 4
920 7
849 17
2640 17
1011 9
871 28
1771 8
860 31
911 16
1720 5
920 18
860 31
1560 13
1020 9
839 30
1750 24
880 4
880 22
1680 27
960 28
970 16
2970 13
1060 13
880 17
850 11
1660 9
830 9
960 14
1700 8
850 17
850 27
1620 5
840 8
840 23
1520 31
920 1
800 4
1680 15
920 31
820 19
1580 0
860 12
910 5
1650 2
940 3
1010 4
2190 10
940 14
960 9
1130 25
1760 31
930 28
1000 23
2370 22
1040 11
850 2
1640 13
860 20
970 7
3380 6
840 16
950 23
1610 21
990 16
1050 14
1740 11
890 4
860 21
1540 14
940 4
980 13
1760 28
1031 20
971 29
971 26
2600 20
929 20
1100 3
1691 25
929 9
989 3
1720 15
950 6
970 4
1630 0
1010 6
1010 16
1680 8
960 28
880 12
2180 12
960 2
950 22
1700 8
1030 15
800 15
1640 20
880 26
880 2
2010 16
1020 11
870 3
1080 10
2090 15
870 18
940 16
1640 25
960 20
890 14
1760 12
1010 15
940 21
1810 27
860 0
1000 4
2080 2
970 0
990 8
1630 25
900 3
940 7
1840 19
960 10
880 25
2710 31
960 24
890 0
1010 11
1750 7
940 6
890 24
1960 21
930 11
899 22
2200 28
909 1
960 17
1800 21
980 24
880 2
1600 24
940 30
1049 0
1769 9
1060 8
1000 6
1660 23
1030 20
990 16
2110 25
900 27
910 19
900 6
2840 23
930 28
850 12
1610 13
1110 10
940 4
1610 14
850 3
1020 31
1640 2
950 6
1010 8
1660 15
890 25
950 8
1730 28
1040 9
870 31
2480 20
900 10
850 30
2400 9
990 30
870 18
840 1
1710 5
910 23
920 1
1660 16
890 10
870 29
1650 0
860 13
940 7
1740 25
890 14
910 13
1570 30
980 26
1010 23
1670 8
920 28
940 11
1480 31
920 26
990 31
2010 10
1060 21
900 4
800 5
1591 0
900 8
1140 5
1720 7
880 6
949 29
1611 19
900 5
851 27
1640 13
880 1
900 4
1749 0
940 15
890 23
2140 31
990 16
880 24
2000 8
910 20
930 29
1690 31
940 10
980 22
2850 22
1040 10
870 8
900 15
1620 17
950 17
880 5
1550 29
1020 18
950 28
1610 22
950 25
920 4
1630 24
1010 23
1000 2
1650 13
810 16
960 6
1580 12
950 22
960 3
3860 11
890 26
800 24
1690 31
960 24
850 2
940 18
1740 4
920 17
1080 31
1610 11
910 10
870 3
2290 31
8489 5
1120 10
1680 0
971 24
1011 23
1731 26
951 11
871 29
2511 19
960 25
1000 10
1760 18
929 23
900 12
1610 5
990 14
1050 24
960 25
1590 16
890 8
1050 2
1620 17
860 4
950 10
1720 18
940 14
910 7
1550 10
980 9
860 22
1660 19
960 22
930 3
1780 13
990 3
930 21
2030 20
900 17
920 14
1740 0
900 16
910 20
940 3
2140 22
990 26
900 16
1590 23
910 25
1130 21
1580 25
1000 3
890 8
1640 22
1050 12
960 24
2030 14
950 11
930 16
1640 3
1070 10
860 31
1950 1
910 18
900 3
1700 9
910 8
1010 2
900 30
2740 0
951 27
871 10
1700 4
800 13
920 23
1560 8
1069 10
1000 3
1660 26
820 22
951 22
1591 9
840 27
870 0
3390 21
900 11
840 1
2720 15
920 20
850 10
2020 3
990 10
990 28
1690 26
1040 28
990 17
1050 13
1630 3
870 12
890 15
1530 28
890 1
880 27
1640 30
860 3
870 25
1520 26
900 24
910 2
2490 10
840 4
840 23
1690 15
840 3
870 29
1650 30
1090 25
950 20
1760 19
1060 2
1060 25
820 12
1720 9
810 5
880 10
1620 13
860 17
950 29
1650 22
880 3
880 30
2160 9
860 13
930 8
1750 2
891 3
951 28
1911 16
969 6
940 26
1609 1
909 19
820 5
1709 2
840 21
1051 19
860 8
1709 28
880 25
1051 6
1790 26
880 11
1190 29
1670 16
970 14
950 2
1910 27
840 15
1070 27
1660 9
930 23
860 29
1690 2
900 17
860 27
1760 26
930 23
1060 21
1650 10
980 8
1050 15
1070 7
3020 11
1020 27
920 24
2030 9
990 13
1020 26
1780 10
950 2
850 27
3060 5
