5970 23
1080 12
1160 29
1260 0
1160 24
1230 21
1060 10
910 9
970 30
1150 18
1090 17
1340 16
1060 16
1040 30
900 5
730 15
650 15
860 0
940 26
970 2
1250 1
770 25
1400 1
1090 27
1160 17
1060 3
1070 20
940 4
750 7
810 5
680 10
720 8
730 22
790 14
830 5
810 6
710 4
750 21
830 23
660 19
790 29
770 7
700 26
660 27
890 0
910 26
970 31
830 25
780 17
800 13
760 0
700 8
840 9
791 9
680 26
771 12
751 9
700 28
740 20
711 12
680 6
680 13
691 28
649 26
680 31
709 6
700 26
780 31
669 29
740 14
711 15
771 11
791 28
720 5
670 21
780 30
760 6
750 25
860 15
790 20
780 5
740 5
810 22
690 25
720 14
3560 19
760 9
700 4
3130 10
680 22
690 28
1660 31
770 12
710 9
1650 9
690 28
740 21
1660 28
770 8
750 7
1560 8
710 20
790 3
1690 9
710 24
790 22
1620 21
730 1
780 25
760 24
2980 25
860 0
830 4
2400 16
750 3
780 25
1650 24
750 18
820 29
1560 28
750 5
730 25
1700 19
820 7
830 26
1690 10
720 8
700 25
1500 29
820 6
780 29
1670 19
731 19
771 29
751 9
2080 0
780 11
720 9
1569 22
749 14
860 0
1691 28
740 10
789 4
2020 11
751 31
720 10
1740 14
829 31
720 2
2170 9
820 16
710 3
6120 19
720 1
800 3
2250 5
750 6
800 3
2050 4
780 2
730 8
790 27
1600 0
780 9
720 4
1590 12
730 6
750 1
1730 15
760 31
810 12
1640 25
740 2
830 14
1830 6
710 21
690 18
1730 1
760 14
820 16
2100 0
650 26
740 29
2480 10
770 21
720 16
860 13
1610 31
800 2
750 19
1690 26
800 7
760 1
2300 19
760 9
740 6
1590 6
860 17
760 0
1600 17
730 1
829 26
1580 2
780 17
831 1
2191 18
889 11
760 20
1649 24
820 12
800 21
849 0
1660 19
780 14
800 14
1680 13
729 21
720 22
1570 30
770 22
790 25
1490 26
840 7
760 22
1630 15
770 8
680 30
760 16
750 12
870 31
1550 27
750 25
770 23
1940 22
800 8
770 29
690 24
1630 18
810 0
820 7
2090 9
780 25
810 31
1420 15
860 16
800 11
1550 11
670 30
750 3
1480 27
750 21
790 31
4190 6
860 19
780 16
1360 18
840 5
700 8
1810 23
820 19
790 23
780 7
1630 1
800 19
720 23
1540 28
800 15
830 14
1490 26
950 27
840 13
1610 26
830 12
760 11
1530 8
920 20
710 12
1460 19
820 11
780 17
1611 20
760 29
851 3
2480 12
829 15
829 9
2500 3
880 23
740 2
820 28
1680 26
800 4
770 15
1520 25
720 9
720 27
1600 1
830 21
750 0
1350 21
740 23
790 4
1340 3
670 22
790 29
1460 1
840 16
710 20
2440 7
690 20
730 7
1440 19
790 17
790 18
810 25
1630 21
860 7
860 20
1630 7
760 26
770 20
1580 24
840 6
860 17
2320 26
860 13
780 3
2310 24
750 18
800 9
4150 5
810 19
790 30
1950 18
780 25
770 31
1460 5
730 0
820 14
810 15
1790 16
810 5
750 14
1550 20
860 10
750 5
1580 25
830 3
770 24
4600 13
880 15
809 27
2000 24
809 4
820 2
1440 31
780 16
840 9
1700 6
820 19
860 3
1860 13
731 19
919 8
700 12
1710 13
740 3
870 6
1630 26
900 6
760 29
3400 11
810 7
790 30
1610 12
810 15
820 11
1470 16
730 30
830 10
1780 23
730 10
810 21
2530 19
700 25
780 19
1880 12
890 24
770 25
700 11
1480 5
750 0
910 4
1870 1
750 22
850 26
1600 22
740 15
780 22
1620 16
880 29
840 28
1520 20
780 6
860 11
1770 4
800 11
810 18
1620 27
810 14
790 6
2530 29
890 13
780 18
1740 8
890 10
810 1
830 22
2059 19
729 8
660 29
1651 15
700 31
780 21
1551 12
811 12
731 5
1551 10
831 0
760 8
1491 27
791 18
840 1
3020 1
919 31
820 17
1520 16
880 27
780 20
1490 14
1000 31
780 23
820 5
4710 30
800 27
820 20
1870 2
780 0
780 12
1600 27
810 5
860 10
1480 0
800 20
930 4
2730 27
680 2
740 7
1580 28
870 5
740 11
1570 31
840 16
940 0
1470 21
770 15
830 27
860 5
1530 21
780 21
810 20
1530 3
820 20
730 14
1630 26
810 29
790 12
1530 27
750 24
810 19
2040 1
820 4
800 15
2380 9
810 31
720 10
1610 25
710 14
780 8
1690 23
890 9
831 14
851 12
1771 6
800 11
791 4
1620 24
820 5
891 29
2391 0
820 16
840 7
1591 12
751 2
771 19
1980 23
690 30
830 5
1530 24
830 20
890 9
1470 7
860 18
830 3
1730 1
850 11
810 31
840 12
1770 6
800 16
850 21
1510 8
870 13
760 26
1650 25
880 11
850 24
1550 22
800 15
820 20
1940 4
850 2
890 15
1660 5
810 28
850 8
2970 25
910 16
900 0
6300 0
850 26
950 4
2070 30
830 15
790 23
840 14
2040 16
880 26
790 24
1670 10
820 29
900 9
1430 18
830 15
730 0
1710 1
760 6
800 10
2149 14
829 13
820 2
1651 6
860 26
700 22
1529 30
780 13
811 6
1500 30
860 16
840 22
840 24
1940 11
771 17
760 1
1589 6
770 30
840 20
1640 0
780 23
770 27
1630 23
690 0
810 12
2480 19
840 20
850 7
2840 5
840 24
970 2
1430 27
770 8
780 8
1580 28
870 9
750 4
790 27
2050 31
940 29
800 17
1500 28
780 30
810 16
1680 4
910 22
870 3
2060 17
1020 22
1000 11
2520 25
1030 25
1020 2
1920 7
950 6
790 28
1640 7
760 21
840 31
1670 11
1240 9
1070 22
1000 11
2100 16
1050 7
980 23
1810 3
1090 4
850 13
1670 0
910 24
820 9
1651 15
920 27
831 3
4769 7
869 25
900 25
1711 17
831 10
780 19
2489 7
850 5
850 10
1680 29
820 18
910 13
750 14
1840 23
880 25
860 27
1810 2
770 31
880 30
1630 6
890 14
840 24
2080 10
830 13
890 13
1710 31
820 14
860 16
1480 21
850 28
810 23
1500 19
740 29
850 11
1700 16
890 25
740 23
3030 14
870 8
810 1
800 2
1560 22
730 22
880 21
1450 3
790 25
900 17
2510 14
890 20
830 8
1570 16
760 26
740 23
1360 11
890 9
840 29
1490 17
780 13
830 28
1960 4
740 12
720 15
1650 16
829 30
889 9
751 10
1571 11
840 22
840 29
1720 4
769 1
940 5
2249 10
960 28
740 28
1671 23
820 16
980 4
1900 2
849 16
740 23
2350 22
890 17
870 21
1710 14
820 1
810 26
2390 1
910 21
920 22
840 5
1610 24
880 11
940 6
1820 17
870 23
870 26
4590 2
780 10
780 26
2150 25
810 13
860 11
1550 29
840 31
830 0
1520 5
770 0
930 0
3820 31
830 29
870 0
1960 11
930 24
830 20
890 20
1650 9
890 14
750 18
1620 29
840 1
940 13
1850 12
770 26
850 5
2600 12
840 6
890 6
1610 5
890 10
1071 8
1571 25
791 29
851 25
1951 28
871 30
920 9
1780 21
909 4
880 15
940 31
1900 8
850 21
860 22
1710 15
760 7
870 16
2700 9
850 4
820 30
1460 15
1070 0
880 14
1690 17
820 11
780 28
1450 21
830 19
820 30
2000 17
940 22
920 0
1740 7
770 8
900 17
1640 5
820 4
800 24
790 30
2930 7
850 7
830 30
1830 25
930 28
830 19
1630 4
920 17
820 0
1620 2
990 10
1020 4
1550 15
890 16
800 20
1780 7
820 22
800 7
1550 23
770 7
750 27
1590 25
900 9
830 21
820 6
4779 4
931 24
780 10
1889 7
800 7
900 9
2260 8
731 8
900 27
1549 0
1080 4
909 19
1440 2
831 0
799 13
1480 2
890 12
830 17
4600 23
810 31
870 13
1590 17
870 15
870 18
820 25
1750 9
750 24
750 15
1480 18
800 27
910 26
1900 5
800 1
880 20
1630 12
900 17
840 12
1610 14
800 22
760 26
1680 24
940 31
840 28
1710 15
840 26
830 4
1560 23
860 25
910 21
1030 28
1630 7
870 9
890 8
2580 22
860 3
880 25
1800 31
970 10
1040 20
2230 0
860 3
850 11
1700 20
940 13
830 10
2050 27
780 0
870 14
1449 28
820 17
900 29
1629 5
1040 14
831 6
800 21
1831 15
871 29
871 0
1980 9
869 25
849 17
1560 13
791 28
791 24
1710 28
860 29
790 30
1530 22
870 19
810 17
2090 0
940 0
870 25
5210 30
850 11
890 10
1670 3
860 4
950 14
1720 3
930 15
770 20
870 24
2850 24
820 16
880 8
1690 4
840 22
880 14
1840 24
890 10
860 25
1770 21
900 9
880 25
2100 18
870 15
840 1
1650 6
770 11
840 4
2620 14
910 16
830 31
1690 10
870 20
820 29
820 21
1670 19
790 2
850 28
1580 24
750 14
840 25
1900 28
960 27
869 26
1531 17
811 19
840 5
2240 19
911 2
909 22
1689 4
960 18
800 6
2280 2
951 6
789 5
2460 7
840 16
880 19
790 16
1540 9
870 13
820 5
1610 25
940 7
800 29
1480 7
1080 30
910 15
1520 1
860 26
860 8
2070 0
860 11
900 11
1600 24
990 13
790 0
1700 12
890 1
950 28
1640 18
1160 13
980 25
800 28
1720 26
840 27
910 7
1640 21
890 28
810 18
1590 29
930 18
890 21
1680 14
910 30
850 26
5460 17
1020 0
930 0
1560 8
840 10
720 5
1670 27
890 31
1040 15
1820 7
900 12
850 21
880 4
1810 26
820 12
820 10
1660 0
849 5
849 30
1531 10
800 3
891 29
1491 3
909 31
871 14
1689 1
989 22
809 30
1980 21
900 5
949 17
1609 4
890 13
980 10
2780 6
900 28
850 30
1670 20
960 2
800 30
930 16
1650 1
860 23
810 7
2470 26
830 4
910 16
1490 1
820 25
880 19
2010 1
860 7
820 7
1630 27
810 19
840 21
1570 29
810 7
850 27
2390 27
1050 11
800 20
1850 6
930 30
850 10
870 1
1560 11
850 10
770 25
1520 22
840 29
880 18
1560 7
750 6
830 19
1790 3
770 2
870 0
1460 9
790 6
780 14
1540 9
920 23
760 15
1580 5
880 31
880 8
2530 14
860 31
900 29
800 30
1589 19
940 19
740 14
1649 15
771 13
931 27
4060 20
829 17
749 20
1689 27
809 4
970 4
2470 6
810 27
820 2
1400 30
890 0
880 25
1490 1
860 19
930 27
1980 8
960 9
730 4
810 16
1510 27
950 25
820 8
1710 15
840 5
820 18
1540 8
920 16
880 27
1630 21
820 17
810 6
1950 9
860 30
870 11
1610 0
880 31
880 5
1790 6
910 23
910 17
2780 4
880 28
820 17
870 20
1520 20
910 23
850 19
1650 21
920 14
900 3
1700 31
750 0
780 5
1610 16
870 25
820 20
1710 6
890 16
800 4
1720 27
949 28
931 23
2051 11
720 27
1049 20
1749 26
811 5
829 6
1560 6
831 18
849 19
820 1
1831 1
880 13
789 30
2599 3
830 2
910 1
1640 3
850 9
810 17
1540 0
720 1
830 15
1620 28
860 15
830 22
1840 14
830 2
810 17
1610 1
810 25
870 21
3620 30
1020 19
1040 7
1030 17
1580 22
760 17
840 26
1610 19
860 0
850 9
1620 22
960 15
770 12
2000 30
850 30
990 27
1520 31
950 16
910 23
2100 24
900 30
850 18
1550 16
920 11
730 12
2030 21
920 6
730 21
800 7
1720 1
850 7
840 11
1680 20
960 19
890 31
1550 8
910 28
860 20
1620 18
860 30
840 31
1660 16
891 5
840 19
2691 13
931 18
871 23
1680 25
900 25
840 7
2629 30
900 29
931 26
850 29
1670 17
800 6
820 18
1430 24
870 5
880 13
1540 26
820 1
850 4
1630 0
850 29
980 2
2480 24
860 24
840 6
2410 10
940 13
940 28
1680 10
850 6
940 4
1500 29
780 19
930 12
910 3
1650 3
790 21
780 30
1600 15
840 10
890 16
1540 11
820 24
830 29
1520 2
910 29
810 24
1610 1
800 2
800 14
1790 4
890 26
960 26
3150 11
880 0
850 29
1580 14
790 20
850 12
1640 14
880 15
870 14
780 3
1590 5
870 9
880 26
1580 12
831 9
920 15
2060 22
1091 11
760 29
1700 26
929 16
929 9
1840 3
871 22
880 8
1489 22
840 27
760 9
1620 6
820 4
820 27
1630 11
860 29
810 7
920 13
1570 19
860 27
830 28
1570 8
1050 22
990 1
1530 10
790 20
960 17
1700 29
730 13
920 15
1900 13
810 13
890 17
1610 5
940 16
740 16
1520 0
980 13
740 27
2720 5
930 16
890 7
960 11
2180 9
830 15
850 14
1680 4
890 20
840 15
1630 25
800 24
1020 13
2470 8
860 21
840 6
2020 10
930 5
790 19
1700 25
1050 28
860 9
1680 16
890 13
810 28
1680 11
970 20
940 13
890 20
1760 9
880 31
889 1
1660 12
789 21
820 10
1620 26
971 7
900 5
4320 10
1140 15
1049 15
2150 18
1300 7
1080 15
2520 6
840 27
850 13
1600 29
960 1
880 17
1970 1
1160 27
1100 2
1090 13
1960 21
1130 29
990 27
1910 16
850 28
830 30
1760 23
780 30
1020 19
2250 26
810 17
930 16
1740 3
940 10
960 2
1600 0
880 31
890 30
1690 27
970 27
860 2
1810 19
750 14
860 25
1490 11
850 17
820 9
810 14
1560 8
820 31
950 7
1580 21
870 2
850 13
2500 5
1140 13
850 6
1560 7
810 14
910 4
1660 23
740 21
780 0
1600 13
909 4
869 7
1631 12
991 12
900 3
2709 20
960 21
800 23
929 22
1551 0
820 31
791 25
2420 24
850 14
870 10
2130 15
910 25
840 22
1520 0
960 26
990 19
1730 26
940 9
870 25
1530 6
890 15
860 9
1530 29
900 30
810 21
1710 1
840 25
800 19
900 21
2100 1
850 19
850 30
3300 12
1020 27
860 19
1990 16
970 7
900 11
1750 25
760 5
820 31
1670 24
790 20
890 19
1650 28
1030 3
860 5
1680 15
870 5
940 4
1650 0
850 20
940 8
860 27
10420 0
880 23
789 16
1691 14
820 8
931 29
2080 13
940 20
849 12
1700 25
900 10
889 5
1731 20
860 16
811 6
1549 3
989 15
820 12
1960 7
990 13
820 18
1520 12
810 31
920 31
790 0
1760 25
900 18
990 2
1770 26
900 0
880 9
2060 14
760 17
860 29
1770 16
920 27
870 4
1490 19
930 28
750 26
1620 17
850 3
930 17
1750 3
850 7
870 29
1650 27
860 27
910 22
2950 10
840 29
970 20
900 7
2260 23
890 5
790 25
2180 13
780 9
830 9
1810 4
940 3
810 11
2110 13
860 18
780 6
1560 2
970 9
830 28
1860 11
940 10
920 11
1549 27
931 18
880 14
3229 29
960 31
911 3
880 25
1660 8
1000 15
851 0
1951 13
931 17
911 31
1770 21
820 12
850 11
1670 3
950 20
850 19
1620 16
870 14
830 8
1600 14
920 11
810 15
1650 25
970 26
960 1
1550 14
970 29
790 31
850 10
1670 24
850 29
940 6
2280 11
730 17
860 17
1710 26
920 26
810 21
1740 26
800 3
840 1
1490 19
870 29
910 18
1750 11
870 17
870 28
1630 7
960 11
900 16
1720 2
790 8
920 17
890 20
1560 1
960 30
940 13
1840 26
1020 22
940 3
1620 26
1050 21
930 15
1530 14
900 15
870 18
1579 17
969 24
889 19
1589 16
800 10
860 12
2129 31
960 12
860 24
2480 30
1000 31
931 8
2211 8
2130 12
1020 30
940 11
1660 11
860 10
810 26
2640 5
880 3
900 21
1750 10
840 7
830 18
1890 20
890 5
860 8
3380 14
840 13
840 24
1760 31
870 14
880 12
1640 13
790 22
820 8
2250 23
1040 18
850 4
830 31
1760 17
890 8
860 12
1540 1
840 30
880 18
1770 13
810 31
900 18
2160 24
920 9
910 18
1640 8
800 27
800 2
1550 6
880 26
940 24
1520 12
860 3
910 16
2270 2
890 4
850 8
910 4
1840 2
871 30
951 9
1720 0
960 8
1031 16
1640 26
880 10
931 16
1640 24
829 9
809 27
1569 30
840 29
1011 23
1580 16
819 12
900 27
1680 17
770 13
800 18
1900 8
890 20
950 8
830 3
1500 30
850 12
890 22
2220 2
990 28
900 2
1770 19
910 18
890 29
1670 0
1030 22
870 20
1700 10
830 11
940 19
1910 12
1000 17
790 6
2670 6
830 9
930 11
2110 27
900 2
1010 14
930 12
2830 16
800 17
850 27
1750 23
860 17
870 9
1610 13
950 27
910 4
4090 22
880 5
870 27
1650 13
1010 21
900 8
1800 18
870 23
830 18
1600 29
1049 22
1000 8
2589 6
840 23
880 9
940 24
1640 5
949 3
911 14
1611 3
820 1
871 28
1551 17
880 28
890 5
1640 2
960 1
950 20
1650 25
1010 2
900 27
1620 21
890 21
870 16
1630 19
870 1
850 24
1870 18
950 4
940 23
2140 31
840 23
850 20
890 26
1610 29
960 7
880 2
1440 17
1010 20
830 14
1740 31
800 8
870 15
1960 21
850 0
1010 2
2200 25
790 1
870 27
1540 3
880 4
850 20
1820 16
840 6
850 14
1780 26
830 6
810 19
840 30
1600 9
900 4
770 29
1760 6
960 25
900 16
1510 2
930 28
900 9
1540 20
859 2
1040 9
1671 17
891 23
829 30
2389 31
920 12
800 0
2111 12
780 8
920 13
1589 13
820 11
900 20
920 29
2719 14
920 19
830 14
3850 19
870 31
850 3
2260 12
850 10
860 7
1600 2
960 17
880 0
1550 30
850 28
840 5
1670 5
890 3
870 21
2090 4
880 8
1000 27
1710 23
870 23
950 3
960 28
1810 19
950 27
860 29
1680 15
850 21
960 15
2050 1
870 14
950 25
1430 10
950 3
940 24
2480 30
950 4
830 27
2160 6
870 19
840 20
1780 2
890 30
860 22
2240 20
1020 0
1000 28
790 3
1610 20
1090 23
860 31
1580 8
940 4
889 5
1560 12
920 19
971 16
1631 2
811 1
851 25
1620 31
949 19
840 5
2160 15
909 8
810 4
1660 0
810 12
840 24
1580 25
870 5
950 22
1600 16
850 12
860 21
820 15
1710 24
890 16
980 6
1650 25
880 10
890 30
1510 21
940 8
950 31
2120 3
930 20
890 20
2760 1
950 27
860 3
1520 30
960 28
830 29
3240 3
950 12
890 24
1590 16
980 18
920 16
990 3
2760 25
1000 16
910 10
1600 16
930 16
850 8
1700 9
850 24
980 1
1610 20
970 29
950 12
2010 2
960 25
810 8
1630 2
1000 23
820 2
1609 4
949 17
860 3
1791 19
860 19
831 26
1000 6
1660 11
989 11
800 6
1520 0
880 31
909 23
2180 15
990 15
1020 2
1820 12
940 5
830 9
1630 19
940 15
980 14
1550 24
800 17
900 10
1690 4
970 31
910 23
1590 8
920 9
850 0
990 21
1550 24
940 23
1010 31
1530 27
850 20
940 6
1520 6
880 25
950 18
1770 16
980 27
930 31
2110 11
970 23
880 1
1580 12
950 10
1030 19
1650 6
770 5
880 26
1710 18
820 25
1010 17
940 27
2130 5
840 6
830 9
1700 8
870 19
850 26
1800 5
870 1
820 30
2470 3
960 7
890 17
1969 0
900 12
940 20
3291 12
840 5
880 30
1811 29
880 12
911 10
1620 17
900 17
951 31
1700 0
889 11
900 28
850 31
2810 26
920 11
940 6
1690 17
980 21
930 12
1630 1
860 3
940 21
1780 26
770 23
840 31
1650 0
830 27
990 12
2200 9
950 22
760 22
1700 10
770 19
980 18
1630 4
890 25
910 7
950 24
1880 13
950 29
920 16
1620 16
1020 18
920 11
1580 25
960 31
780 11
1730 31
920 11
850 3
1690 23
840 29
830 5
1710 19
800 22
870 28
1800 27
850 3
830 2
1770 19
970 13
900 11
900 10
1720 26
850 30
979 31
1609 29
840 3
960 5
1611 20
771 3
829 9
2500 2
1000 12
880 23
1909 7
920 7
940 13
1669 30
951 4
920 28
1520 23
930 24
910 30
1650 3
890 11
870 27
860 14
1680 17
910 17
910 7
1460 23
910 8
890 19
2750 12
890 26
900 9
1580 21
1030 0
880 23
1590 9
840 17
1060 4
1690 10
1030 12
830 20
1510 21
930 4
900 21
1610 18
990 13
910 21
820 10
2050 15
870 14
840 27
2910 8
1020 4
830 15
2140 24
880 29
920 20
1620 5
800 4
1000 17
1670 27
860 5
830 27
1560 4
840 7
930 31
1760 23
871 17
960 13
1540 26
849 17
909 6
1580 12
920 9
809 7
1009 10
1691 10
791 12
891 27
1971 22
920 13
880 15
1770 24
770 16
960 4
1580 15
910 10
840 7
1530 20
810 13
870 16
2330 24
1100 9
940 10
1670 9
890 0
980 30
1780 3
990 28
1010 20
950 29
1690 11
960 15
1000 3
1880 2
870 23
920 23
1740 0
920 8
960 3
1760 16
1020 4
1020 25
1640 31
880 0
870 14
1740 28
880 18
820 2
1650 11
960 4
940 27
1830 24
910 25
830 5
800 30
4310 13
900 8
1090 15
1690 0
890 26
930 0
6510 26
1100 7
920 10
2220 2
800 27
871 31
1640 5
1029 28
1000 3
1580 26
869 10
840 29
1780 8
840 28
929 0
1719 25
1060 7
940 16
900 27
1830 30
930 14
950 31
3110 22
870 16
1170 12
1770 23
860 22
900 31
1700 9
870 22
860 22
1670 3
880 6
840 13
1930 30
910 25
980 15
1590 19
1010 23
970 7
1690 2
870 14
970 12
860 30
1570 29
880 6
960 31
3000 1
790 23
900 5
1710 5
820 14
930 15
1590 25
900 21
820 1
1810 3
920 18
760 30
1770 13
940 26
900 21
1620 12
930 4
910 10
1560 11
910 28
920 12
1609 12
911 4
869 25
911 2
2111 27
720 27
929 0
1629 25
869 14
811 0
1809 2
1009 0
929 17
1649 23
811 5
949 2
1849 7
850 2
850 8
1540 28
990 23
940 20
3920 7
840 18
900 20
2050 15
900 30
920 15
900 24
1910 26
1070 29
950 2
1440 16
820 3
820 7
1640 20
900 29
880 15
1560 8
870 1
830 13
1820 16
910 11
860 14
1720 3
990 2
980 10
1600 9
880 7
920 10
1960 29
920 24
930 16
780 24
2020 28
1000 28
810 19
3260 7
930 10
970 3
1620 0
1030 13
850 27
1560 19
890 8
850 26
2120 25
1010 27
830 13
1619 14
740 28
820 4
1680 19
940 2
840 6
1649 0
780 23
780 15
771 13
2200 23
860 30
931 8
1571 19
809 8
1031 19
1579 22
870 0
890 11
1690 10
930 19
910 13
1750 13
850 11
860 1
1600 6
870 24
850 15
1630 12
910 17
870 30
2140 24
900 0
1030 27
1000 16
1590 18
840 11
940 27
2120 0
1010 31
850 17
1700 2
1040 3
790 7
1750 25
930 29
840 19
3670 23
920 30
1010 6
1640 29
900 6
870 0
2480 8
840 9
850 20
1690 31
850 22
960 27
1540 7
1010 28
860 31
840 18
1520 5
860 21
870 9
1710 16
780 13
920 18
1729 22
920 31
800 8
1780 2
829 27
1069 22
1620 15
920 7
1020 22
1549 1
989 23
880 8
2731 25
1091 26
900 8
1700 29
940 13
890 2
970 22
1630 12
890 0
850 19
3640 1
850 1
920 13
1660 13
850 30
1000 14
1540 12
930 17
1010 5
1780 27
930 13
910 17
1650 14
820 26
840 0
2230 18
860 9
1010 10
1700 13
1010 2
920 9
1070 5
1630 7
890 25
810 7
1590 14
960 21
1000 29
1530 28
940 18
910 1
1610 12
830 19
820 15
2260 1
860 26
1040 26
1630 13
800 18
1010 9
1930 8
890 5
900 3
1910 0
1020 15
880 14
840 5
1689 11
900 28
960 23
1700 17
1029 0
949 18
4049 0
1000 5
811 11
1731 0
940 29
960 17
1771 3
991 17
960 21
2430 22
890 30
930 7
2040 10
880 25
930 19
1790 9
960 0
1230 23
800 3
1680 30
960 26
910 24
1510 20
950 30
920 31
2210 11
900 6
910 4
1720 27
950 31
910 2
1570 20
790 17
1100 27
1520 20
1010 18
1020 3
1790 13
970 11
1000 5
1680 16
900 5
980 9
1570 30
930 16
890 6
910 10
1610 8
930 16
830 10
2820 25
890 26
1050 29
1730 8
900 27
900 4
1710 31
840 3
850 5
1690 25
770 29
909 27
2049 4
1000 19
860 16
1640 23
809 30
989 14
2200 16
1051 6
1300 28
800 6
1540 17
940 4
980 21
1800 31
1110 0
940 29
1650 31
880 23
930 22
1590 20
910 20
1000 1
1650 20
980 2
890 26
1960 24
950 31
850 17
1570 12
950 29
810 31
1600 8
1170 24
880 13
840 5
3860 22
890 24
990 23
1750 18
1070 1
1020 6
1660 11
830 17
840 22
1530 11
920 22
820 14
2430 0
860 22
900 1
2540 17
800 22
830 12
1680 26
880 30
910 12
1780 28
840 31
940 1
960 28
1530 16
870 1
960 29
1730 28
790 28
940 30
1670 28
950 18
949 26
1600 22
880 13
791 1
1969 15
891 30
851 3
1840 0
880 29
840 23
1529 3
860 11
891 22
1751 2
871 4
1000 12
720 30
1620 1
930 4
860 1
1720 29
880 17
920 14
3720 9
910 29
940 2
1700 10
860 7
1000 0
1970 10
1000 1
820 27
2540 12
950 3
850 13
1600 15
940 1
880 7
1590 0
810 3
880 5
1710 17
860 21
1120 4
930 20
1540 3
880 2
940 11
1510 30
830 30
940 21
1910 17
1010 3
770 27
1990 14
860 23
970 27
1540 25
1080 0
900 12
3750 24
870 27
920 7
2150 11
980 22
920 23
2170 23
971 12
851 1
1040 2
1689 19
951 19
1011 11
1849 31
800 8
1051 4
1969 18
1020 3
829 17
1949 14
869 10
980 26
1680 13
990 16
970 11
1600 26
860 16
930 17
1740 25
860 22
1000 18
1650 31
1110 13
860 12
990 20
1680 8
990 2
880 10
1870 19
910 29
900 8
1580 8
940 19
920 1
2120 22
830 18
870 30
1580 2
980 10
880 13
2420 13
1040 25
870 24
1550 16
830 27
880 5
1730 31
990 25
1010 20
960 16
1940 5
1040 14
940 9
1630 10
900 26
900 19
3310 27
900 7
990 3
1870 12
970 0
880 24
1610 28
870 21
889 19
1469 17
911 27
791 3
1651 26
771 27
900 20
1689 25
1080 5
929 2
929 13
1700 16
989 11
909 30
1629 28
800 7
900 17
1699 26
970 31
850 25
2340 29
920 4
870 14
3160 17
960 1
840 10
1700 21
890 6
1040 17
1620 22
1000 2
940 12
1730 12
1160 28
1020 16
1660 4
930 30
940 22
870 5
1690 31
1230 4
960 6
2570 2
940 26
940 21
2190 12
1170 6
1330 6
1980 9
1190 1
1050 14
1910 21
820 30
940 3
1870 13
880 1
1010 3
1910 11
1160 26
1120 1
2000 4
1160 23
1050 1
1080 5
2360 28
870 19
951 7
1669 7
829 16
931 29
2260 11
900 15
900 20
1700 29
911 8
891 0
1591 8
900 25
960 27
1631 9
960 28
950 0
1660 0
950 23
950 13
1600 3
970 31
1060 16
820 12
1600 27
950 13
930 19
1740 27
910 12
820 8
3110 12
810 26
850 12
1830 30
820 28
980 0
1680 27
1130 11
950 19
1520 29
880 28
930 13
2130 14
850 7
840 23
1600 9
840 15
1060 10
960 1
1840 26
840 30
960 15
1670 31
950 8
980 23
3450 17
1030 13
990 5
1780 15
830 28
910 31
1590 20
890 23
950 22
1650 26
900 5
850 31
1530 5
920 24
1010 23
1640 16
940 19
971 6
851 5
2480 26
800 17
860 4
1869 16
889 29
809 16
1900 10
1051 1
980 0
2109 4
870 4
1050 19
1550 5
1010 13
850 23
1680 5
920 30
980 5
1730 1
890 17
980 3
1680 26
880 2
910 15
1650 15
870 12
960 1
890 4
2190 30
890 11
1000 5
1660 19
930 16
930 8
1650 24
860 20
870 27
1550 14
850 28
980 8
1770 29
930 17
840 18
1610 17
970 12
870 12
1910 31
1050 13
880 8
1750 15
890 5
1070 8
850 11
2700 26
860 24
910 28
7980 9
970 2
900 6
2890 8
911 22
1011 21
1820 27
929 24
980 10
1671 26
911 26
1011 21
1731 22
920 13
989 18
1620 9
960 1
1029 0
3770 17
950 19
800 25
1030 14
2030 0
870 18
920 21
1610 3
860 7
1020 16
1640 14
1060 6
970 26
1630 14
840 4
850 14
1620 28
990 10
980 4
1650 0
970 18
830 26
2170 14
850 25
1020 5
2620 17
870 7
950 31
900 22
1850 1
960 26
950 15
1690 28
960 19
970 31
1560 6
1060 4
890 20
1610 10
810 2
890 14
1720 20
920 24
1020 29
1650 28
980 18
980 5
1580 14
930 1
920 27
2250 7
990 13
900 27
831 3
1911 20
1011 16
1071 10
1791 25
809 12
960 1
1540 12
931 20
949 12
1589 16
909 15
911 16
2310 30
930 28
920 27
1650 19
810 6
1070 12
1610 28
840 13
900 23
1560 26
1060 19
900 17
1900 19
860 1
910 23
840 25
1750 3
870 18
880 11
2440 31
810 11
990 22
2870 20
1040 17
1010 17
1720 16
1050 10
890 9
1720 3
1190 20
1040 10
3160 28
880 25
920 15
2000 15
1040 10
900 5
2090 27
1010 13
1180 27
970 19
1740 21
990 13
860 15
2100 2
950 17
880 22
1900 9
950 6
1080 0
1620 14
929 10
1049 4
1609 2
1040 18
971 7
1631 14
1069 12
860 8
1800 17
969 16
1060 9
1991 16
940 24
980 17
991 22
1660 30
940 24
1010 1
1780 3
860 3
940 5
1670 3
970 5
930 22
1800 5
860 15
930 13
1750 3
1000 5
860 0
1780 10
860 26
930 7
1700 11
1050 18
900 3
2820 7
890 31
1110 6
1060 26
1570 24
860 22
890 31
1660 21
940 17
960 21
1650 17
970 9
900 26
1760 2
900 18
920 6
2010 16
980 27
900 8
1590 22
830 28
1020 2
2250 27
1000 2
910 28
1740 30
970 10
1000 5
970 23
1610 16
980 20
1100 3
1680 4
1029 12
1020 23
1711 29
909 0
969 19
4991 14
871 30
1080 9
2251 31
791 4
840 6
1870 27
900 1
910 21
2270 9
860 2
850 0
1700 22
860 17
900 31
1630 15
980 15
980 24
940 21
1610 2
890 22
1070 6
1960 11
910 25
910 9
1530 26
940 1
950 13
1770 12
950 25
900 13
2420 29
850 18
910 29
2070 22
880 12
890 30
1660 2
920 6
930 6
1710 12
910 5
1020 25
940 13
1700 22
810 19
980 27
2370 7
1100 26
780 0
1540 14
1240 9
810 5
1510 9
1060 4
830 10
1590 22
810 8
839 25
2471 9
931 8
991 21
1669 30
1060 25
871 14
1971 11
989 26
940 10
951 15
1780 29
951 28
1040 2
1769 24
880 23
840 9
1710 13
840 11
870 15
1540 27
970 3
1010 19
1670 5
950 26
910 16
1780 13
830 28
820 31
1690 26
890 26
1010 12
2340 29
960 20
830 22
880 21
1800 11
910 26
1060 6
3410 8
910 1
870 17
1810 16
960 11
800 5
3020 15
1000 29
1000 10
1600 21
920 10
950 5
2010 22
970 1
970 13
1650 9
910 16
980 6
1750 21
920 12
1120 29
930 23
1570 2
980 2
840 12
1620 27
1050 8
919 20
1620 18
1060 8
1000 9
1691 30
911 30
909 24
2440 17
929 3
940 13
2700 25
949 23
869 12
1871 11
1060 17
920 15
1870 11
930 8
940 18
1820 21
870 14
880 2
970 19
1820 16
900 31
880 8
1850 13
930 13
840 24
1550 30
900 28
980 22
1490 24
1040 22
950 27
2150 27
930 23
990 27
1700 17
920 8
920 20
1720 19
770 30
880 9
1690 1
930 23
1120 27
960 17
1420 28
980 23
990 9
1710 4
880 17
970 27
2290 5
1040 3
910 24
1750 6
860 28
990 12
1860 11
940 17
920 21
1670 14
1070 2
1070 27
1740 18
1079 14
891 1
3331 31
969 9
960 31
991 14
1831 15
1020 13
1149 14
1800 20
880 5
940 29
1649 16
1031 12
1080 14
2860 17
940 30
960 15
1970 1
1060 29
830 7
1660 10
1060 26
910 31
1710 5
850 20
900 8
1650 12
1050 9
950 22
1090 29
2130 2
930 2
910 15
1630 14
1100 25
930 20
1630 4
870 8
1040 22
1960 17
1010 19
910 26
1650 17
970 28
890 15
1630 28
850 19
990 15
1590 5
1020 15
890 29
1900 28
1020 22
930 19
930 20
1660 8
1010 12
900 27
1640 1
900 29
960 30
1480 6
990 2
980 6
1870 24
1000 13
869 27
1660 11
769 25
960 14
2289 25
1140 24
1060 18
1631 12
871 21
940 11
1849 17
860 13
880 3
1650 8
830 8
950 19
960 23
1650 25
860 16
960 29
1690 22
900 6
1050 7
1910 0
1010 2
930 0
2030 27
860 17
1000 4
3560 21
900 20
1010 14
2460 9
900 30
790 1
1650 25
860 9
1150 12
1640 16
860 8
960 3
890 0
1700 27
930 29
980 7
1510 24
820 7
970 30
2800 12
880 22
1050 31
3080 7
890 28
800 24
1470 14
980 13
870 25
1760 11
920 31
900 9
1710 26
840 11
920 5
1620 3
950 24
880 30
969 15
1651 9
900 11
969 8
1920 10
911 23
931 0
2340 27
880 19
909 12
1700 8
920 28
1060 29
1520 11
1140 22
900 17
1590 19
970 12
950 6
1770 26
880 25
990 27
1700 26
960 15
1030 17
910 1
2200 16
860 30
940 26
1740 17
980 11
880 18
1980 15
930 2
880 21
1650 24
910 20
960 24
1810 24
930 5
1000 31
1670 7
850 11
860 3
1760 30
970 7
910 0
1660 26
840 15
860 30
940 22
1590 20
920 3
980 30
1510 23
980 15
920 11
1940 26
840 3
1020 6
3650 10
980 22
930 0
1580 3
850 6
930 5
1630 20
1000 29
909 19
2189 21
949 27
951 22
1649 24
780 3
900 4
1591 27
969 17
1071 3
920 18
1749 4
920 6
879 12
2190 22
890 6
1030 24
1750 5
870 28
1080 31
2940 23
1040 27
880 27
1500 5
890 8
950 24
1930 3
900 27
960 25
1810 21
860 13
960 6
1650 8
1050 0
980 15
950 17
2640 3
890 22
950 14
1850 1
890 24
1070 21
1690 12
820 7
920 16
2160 31
950 28
1000 21
1870 1
850 4
1280 7
1860 21
880 31
930 22
1730 8
820 12
900 7
1680 2
950 26
1040 0
800 6
1630 18
1100 9
900 29
2069 14
1089 19
909 0
1600 22
1071 20
1051 25
1669 28
820 13
871 18
1720 13
960 13
940 3
1740 2
1080 18
891 31
1560 3
960 0
950 13
1620 14
780 2
1020 14
1050 14
1570 2
830 9
870 18
4620 22
860 20
840 14
1870 25
1020 22
940 10
2000 5
1000 21
870 28
1640 28
970 23
990 29
1620 30
1010 19
980 26
1590 25
920 15
860 22
1890 10
920 12
1010 18
910 2
2010 1
840 3
950 1
1590 18
890 10
830 11
1850 12
930 26
900 29
1740 22
1000 24
840 29
3100 11
930 20
900 11
7779 27
1009 9
1009 1
2260 11
889 24
871 3
2520 6
1169 7
920 23
1971 28
909 7
891 11
1040 4
1699 14
920 0
900 17
1630 0
950 28
850 9
1720 0
890 24
1040 20
1630 6
980 21
950 19
1640 31
1040 20
1030 4
1600 2
1010 3
930 27
1590 14
890 13
1110 24
2090 7
890 2
910 28
1050 27
1990 19
1030 11
960 28
1620 2
960 19
840 10
1630 22
900 1
930 23
2250 9
960 5
950 10
1590 0
880 30
970 4
1770 29
1000 30
850 28
3540 20
1000 22
930 28
2110 18
960 15
880 19
1100 5
1590 4
860 10
1009 28
1771 15
900 22
1000 1
1631 5
1029 16
900 0
1751 13
969 9
809 29
1751 20
951 16
840 26
1760 20
860 29
840 16
1610 22
1020 16
880 22
2270 4
1050 18
1050 28
1010 6
1700 29
940 8
940 2
2160 29
940 20
1000 15
1880 3
940 28
890 1
1660 27
920 18
1020 9
3110 22
1040 6
990 12
1620 16
1100 28
830 8
2320 31
1040 30
900 24
2100 12
950 31
990 28
950 9
1650 12
980 8
1080 18
1720 31
970 10
850 9
1690 25
1020 2
990 16
1770 31
850 22
1060 8
1640 3
1050 29
890 18
1800 9
950 22
900 16
1580 25
1000 20
940 5
2260 3
991 27
891 27
1780 9
1000 8
960 20
960 0
1611 31
1100 1
951 7
1740 5
809 5
889 7
1799 16
930 26
990 19
1710 3
890 8
830 7
3570 7
990 2
1120 2
1670 1
990 0
1060 6
1770 23
1070 22
830 3
1800 29
1150 6
1090 20
930 4
1660 24
960 14
880 15
1760 9
970 11
1070 7
2860 25
930 13
1040 15
1710 30
910 31
1060 19
2340 28
870 6
910 4
1690 20
1040 17
920 26
1910 21
960 6
1150 25
1740 28
940 18
1000 23
960 5
1700 29
840 30
840 28
1530 8
1030 26
950 25
1869 27
951 15
991 21
1631 18
931 10
1040 8
2791 25
880 10
920 1
2140 10
840 5
1040 2
2089 29
920 6
890 9
1840 8
910 8
930 24
1020 19
1770 10
1050 27
1020 3
1610 4
900 0
880 4
2410 29
1090 28
940 20
1790 1
910 30
1060 13
1730 0
1040 23
940 10
1620 7
880 2
910 23
2030 24
910 23
940 13
1940 30
860 30
940 15
1120 19
1660 16
970 19
1050 3
1690 30
990 0
990 2
1780 20
1000 27
990 13
3690 5
930 24
1240 10
2050 16
1000 13
1100 14
1670 25
770 30
880 10
2040 30
930 0
930 19
1691 20
880 21
969 15
2060 2
