110249 8
67390 10
68859 8
69690 9
73969 3
78080 4
74559 4
81680 11
78440 7
68819 4
73100 7
93379 12
73480 11
72300 9
77949 14
75400 4
76539 2
72780 9
78069 7
80819 8
76749 2
70629 12
68050 3
67099 12
71710 14
129229 8
63719 1
68010 11
72829 4
71040 7
74179 15
84560 10
67979 8
65300 0
66369 4
62719 15
64640 4
63289 15
74590 2
65579 14
70700 2
58859 9
64870 14
62509 10
62169 14
62839 5
69959 1
62999 14
68009 14
66389 15
67800 5
63719 6
70519 10
75269 13
65400 14
64009 12
67680 4
66179 9
62460 4
65759 10
63780 13
66149 0
72040 10
64419 14
64800 0
64599 11
70040 2
65999 12
74950 1
69939 0
66779 2
63399 11
64830 2
68729 6
59990 1
68109 2
74080 0
68029 11
67989 13
70260 10
65199 3
69639 0
65869 13
80840 2
65799 15
64040 6
66089 0
68460 7
63009 8
66270 14
67759 3
71860 4
69679 13
67750 5
71849 13
65010 9
67719 8
71489 10
80879 10
66269 14
66909 11
67340 14
64280 13
68569 8
66279 2
74679 3
67280 15
69789 5
67960 15
68279 13
65700 12
72149 9
78780 7
65129 4
65100 1
66369 14
63810 10
69079 8
71230 13
68540 9
76469 3
73690 4
66859 10
66059 12
69560 6
67019 0
78769 1
62440 15
70619 3
64090 7
70539 6
65280 5
67919 11
69060 1
71879 5
72960 15
70699 6
72610 1
71669 15
70819 12
68190 10
111489 8
71700 6
67329 12
62159 4
71609 14
63240 10
69219 11
69499 7
67700 15
75909 5
69510 11
67099 11
72850 7
71989 2
84400 4
69159 2
69420 12
66230 12
64920 0
68910 12
65469 10
68090 4
68199 6
65630 7
63759 6
72690 13
66599 1
69650 9
134429 4
69069 0
70480 4
71729 3
73280 11
68780 13
59900 0
51079 9
60000 11
56149 6
63480 14
57619 13
57780 8
58539 6
56329 11
66640 0
62040 9
56420 11
59729 10
65220 6
62079 9
60100 8
54759 14
54220 13
56810 5
55990 2
54430 9
55240 8
57840 12
50719 10
56910 4
53010 9
65970 0
57090 9
55820 1
60500 7
56999 10
55430 15
56530 7
67830 3
56919 7
57309 7
59869 13
55289 11
64030 9
56529 11
52180 12
52150 5
59540 4
67220 14
57990 9
59900 12
59439 13
57800 10
56349 6
61960 10
54999 14
61450 9
58090 15
54850 15
56709 4
58339 0
61040 14
56649 7
55320 7
54829 7
55610 9
70819 11
66060 12
62599 0
55790 10
58630 2
57050 6
56220 0
54729 2
61770 1
60909 6
55800 8
58290 0
56379 8
56389 10
61489 12
60000 10
71279 5
56970 0
55229 8
56830 3
56770 2
59440 2
60619 7
57089 6
48920 1
62659 11
60500 11
54199 4
56420 3
53079 13
62349 3
56590 7
64480 1
73700 10
58230 10
56379 1
56589 7
58230 5
61109 4
59240 1
56159 9
57340 11
58849 2
55719 7
56910 12
57659 5
60130 0
60159 5
56060 13
59440 12
73520 12
53549 13
56699 10
53030 1
59359 9
58560 0
56109 9
56920 8
58209 9
64280 8
57490 6
55369 13
57860 15
58519 9
60380 1
61769 14
52340 11
55649 9
71200 9
54969 0
54840 1
57610 8
55160 11
61400 0
56539 12
62570 11
61049 11
56700 12
55130 9
55680 6
55209 0
63799 4
58400 8
52839 10
60820 15
79379 0
53100 4
53719 10
47910 14
66289 2
62050 15
57479 15
59089 1
56500 10
63179 14
58220 8
62319 4
60140 9
55879 6
53900 7
56509 7
56149 7
82700 10
59190 12
56050 1
55240 10
61650 0
60549 1
57820 8
53030 0
63770 10
60969 3
60509 6
55540 8
57359 1
61460 9
60829 8
57750 10
78329 13
56460 7
58289 15
51960 15
55399 7
59739 4
51320 6
59880 10
63440 10
65219 15
58030 10
55949 11
57930 4
62029 0
58280 10
60520 10
55200 0
65849 4
54499 12
56040 10
55759 1
57430 6
62429 2
63540 2
56519 14
56869 2
61229 8
56399 0
59350 6
60509 0
59240 0
61489 10
59780 8
60689 11
69440 2
55799 14
60229 1
55610 12
59980 5
60729 1
71670 2
52380 3
47799 0
54670 12
59469 14
60280 10
58299 6
55449 10
47530 3
53239 8
59690 14
68199 2
58490 4
57940 3
54549 8
53169 3
60169 10
51910 6
56749 10
57110 8
62030 6
54639 1
59539 4
54280 13
60420 5
57799 4
60050 14
59799 0
72170 3
51589 15
55140 11
54810 15
55930 5
61320 7
61529 2
59180 1
56029 12
52380 8
53429 14
58489 0
58100 0
58179 1
57790 2
58669 12
57120 12
59069 13
63570 7
55439 2
64269 4
58249 10
53629 13
59919 9
53990 15
50440 13
55200 12
62269 11
54960 1
55119 12
55460 4
51409 12
59480 8
59239 2
54260 0
66829 4
59379 13
63290 11
56260 4
61660 6
53399 9
52520 6
59289 11
60230 12
58429 2
60319 14
53809 8
57309 11
59470 7
60079 5
56010 4
61779 14
72440 2
60639 14
55590 7
55049 2
57119 2
51480 7
59930 9
59900 10
56889 13
58660 13
56939 3
51380 3
52810 8
60700 2
60460 8
58349 3
59660 15
78159 3
57680 6
55729 7
54610 13
57249 1
57639 13
60550 15
56050 13
60000 4
59679 7
56180 11
53929 15
59850 15
50590 0
58030 0
55059 6
60359 11
57290 6
103119 10
52389 11
54710 15
48840 0
52699 14
58160 1
50649 12
58460 14
55940 5
56369 3
52010 1
59059 4
55070 8
53190 11
66499 3
97559 2
108770 2
99429 5
113359 14
143259 3
117649 5
86949 2
97799 15
95380 4
103299 11
100589 5
93099 12
119849 4
119728 3
129088 12
132530 8
133879 10
140248 12
81000 6
95579 9
92910 9
103540 9
94509 15
98849 0
98930 8
95190 14
111859 2
130989 3
141059 11
134309 13
151069 7
169928 8
127509 10
112269 6
94899 1
87879 3
102119 6
89779 0
94879 14
102959 2
97729 4
94450 7
98289 11
99549 11
95159 11
98699 11
117019 6
111589 0
96519 11
106239 13
101900 5
106330 13
97449 8
117999 10
100649 5
109729 14
112559 13
103589 14
101089 2
114649 5
112639 14
104639 0
106789 12
108429 2
114749 15
120159 9
112899 11
114390 10
112119 14
107610 5
110539 5
118399 13
111109 9
117369 2
150749 5
118049 11
100679 15
95920 13
110639 4
102669 15
95279 14
112630 3
114759 13
170358 5
126619 11
141389 15
168509 13
142819 0
126089 8
131419 7
145609 8
117199 3
97909 10
130059 13
139989 14
154019 1
152059 1
181038 5
145389 12
140649 15
121939 14
307428 8
114319 6
137239 2
119709 7
123189 3
138689 1
149519 15
127619 14
136379 6
174299 11
167519 11
163899 14
143069 3
126089 6
130429 1
126309 13
154209 10
129759 12
112249 6
116889 2
118789 4
114839 14
118839 4
122310 5
160769 15
118369 15
127959 7
118489 5
114599 2
122228 5
119789 2
129499 7
158098 12
140770 15
119310 5
125650 11
121450 14
141629 8
134639 0
126350 12
142539 14
125099 0
121730 0
137530 0
125439 3
118979 4
119049 13
117769 2
151079 13
121529 8
123629 4
129979 14
121199 8
118729 2
116579 1
121449 2
190339 14
102909 1
115849 2
93409 3
118829 8
121199 10
106510 3
124469 10
150709 12
146459 8
139408 5
144129 2
145589 6
123499 7
135999 1
146509 11
157369 13
116719 0
129969 14
143189 8
126669 9
153139 7
189918 6
371767 12
110049 5
118969 11
147019 8
132749 14
156868 14
128619 14
149418 7
132519 6
132739 3
146949 13
208459 3
156609 8
234689 6
158979 10
124579 11
127539 1
141878 13
136929 5
100129 12
90170 2
83739 6
103649 10
115160 5
103710 8
130659 11
125799 13
158808 14
151618 12
104010 9
111470 12
101989 5
132689 3
122489 8
169519 0
140229 9
143328 13
133559 12
144919 12
102980 8
115190 5
162888 11
170378 7
123949 12
119229 12
136369 15
138419 3
140489 2
135379 13
176149 2
249838 3
225748 1
137219 9
123379 2
112739 11
142519 13
113320 4
115130 11
111450 14
116439 11
114819 15
120829 13
123849 6
155479 12
115199 2
121629 7
116759 4
111699 11
124119 4
118590 1
124290 12
143830 6
121739 12
115748 3
117569 7
124089 1
123469 10
117809 6
127979 6
157749 1
129749 14
124609 11
137719 5
126159 5
114289 13
128509 6
129649 0
158219 14
126109 14
107709 13
113949 10
139139 10
108009 12
111349 0
105910 1
134019 4
92540 9
97559 5
107519 0
128709 11
105439 0
103870 4
130870 5
123750 4
147138 5
132999 1
152148 8
133789 4
118119 8
130248 3
132068 3
135899 5
105159 15
111190 5
110899 6
119049 6
130849 15
141599 7
137669 3
192578 12
117050 4
122630 3
125339 5
119840 6
114059 5
119019 8
130119 14
208258 1
114300 15
182608 12
118679 12
131419 15
138299 9
170509 14
169668 5
159378 4
159369 5
136899 9
175548 10
131019 7
150139 3
133128 3
131270 8
144388 15
124600 6
123459 7
157008 4
172129 12
118599 6
129919 14
165019 9
163758 4
158868 2
162259 13
191138 0
136839 3
124279 0
120769 1
144159 3
146898 10
147110 5
154979 1
143349 9
126049 8
137909 3
154189 2
122139 14
113529 3
168979 7
130769 14
134759 8
127579 6
104009 0
119119 8
164289 8
183099 13
95129 2
134999 14
98609 13
98969 12
155159 15
157999 9
146309 0
182148 10
167049 5
130829 6
151399 8
162499 7
146499 2
159998 6
124269 7
113479 0
104949 1
134699 8
125120 6
128979 11
119779 7
370677 3
102229 12
129689 9
153189 6
119419 12
140379 12
160889 3
123539 7
127709 7
105989 5
100189 5
112290 1
115739 6
147498 13
181859 6
130249 2
137899 10
111199 12
109469 14
107550 3
127650 5
108869 2
146568 10
105269 11
107589 12
102719 0
102479 5
116249 13
107779 7
106900 4
112239 7
126509 2
106709 12
106039 13
113250 2
112760 1
115229 0
126999 7
125749 1
114659 10
139459 4
110589 1
123519 4
109639 14
111219 9
111110 0
105089 1
115039 2
152559 14
113819 10
109559 15
128889 2
133519 7
116179 5
125029 3
124069 5
120639 8
106340 7
111630 4
105419 13
110859 7
125359 7
99249 13
109839 1
125968 1
121388 15
102759 7
108299 9
98339 4
122119 8
143119 10
140549 2
142059 15
215388 12
101339 12
97279 9
102729 0
97589 7
108239 3
102649 12
141939 14
100309 5
182519 2
113100 0
116979 0
124619 14
125499 1
102869 10
139609 4
169309 15
93439 6
124699 14
107759 1
107619 13
110839 6
87059 7
113359 0
86609 10
85870 9
