87630 0
51979 0
47889 1
46620 1
47699 0
49780 0
47780 1
67740 0
49629 1
45980 0
45470 1
45480 0
51389 0
45840 1
46890 1
45670 0
50470 1
47319 1
49170 0
49420 1
47179 1
48580 0
46419 0
45850 1
44970 0
47049 1
45360 1
50089 1
56380 0
47670 0
45829 1
46130 0
46560 1
48739 0
50840 0
49459 0
55600 1
48590 1
50129 1
44690 0
47849 0
46109 1
47980 0
46359 0
47250 0
46180 1
47799 0
45950 0
57099 1
47430 0
51940 1
49429 0
47520 1
52709 1
47830 1
47630 1
47259 0
48140 0
49300 0
46909 0
45740 0
45979 0
45380 0
45670 1
45439 0
45630 0
44000 1
47529 0
44590 1
60069 1
48080 0
49980 1
50729 1
46160 0
46789 1
46700 0
45770 1
46759 1
47450 0
48040 1
44969 0
47850 1
44530 0
47289 1
44400 1
47910 0
51429 0
48980 0
51509 1
47510 0
58520 0
47769 0
48620 1
45960 0
47249 0
45930 0
47529 0
46980 0
47569 1
46290 0
47660 1
45729 1
47620 0
48350 1
47899 1
48230 1
46450 1
46749 0
46670 1
48459 0
47080 0
56640 1
46229 1
49840 0
46339 0
50379 0
47670 1
48119 1
44940 1
48269 1
50010 0
48840 0
52229 0
47810 0
47510 1
46119 1
49150 1
45489 0
47660 1
46040 1
48879 1
53210 1
46190 1
46259 1
46930 1
47229 1
48140 1
50000 1
49379 1
50250 1
47129 1
48500 0
46710 1
48120 1
48779 1
48220 0
46579 0
48360 0
46549 0
49549 1
48320 0
48239 1
63990 0
48279 1
50160 1
48240 0
50439 0
49890 1
48230 0
46669 0
48590 0
46629 1
47289 1
45460 1
48509 0
48100 0
49140 0
46569 1
47780 1
45619 1
48800 0
48420 1
88959 0
53699 1
46410 1
46700 1
45470 0
47359 0
46550 1
46749 1
45420 0
49440 1
45560 1
48090 0
46210 0
48409 0
45920 0
46189 0
48840 1
48490 1
46599 1
46350 0
46619 0
60980 1
36160 0
32069 1
30439 0
31160 1
32350 1
31280 0
32329 1
31510 1
33680 1
32589 1
32119 1
32360 1
32530 1
32059 1
30920 1
33320 1
30940 0
33039 1
30989 1
33230 1
30180 1
32399 1
32299 1
31360 0
31510 0
32590 1
30740 0
31640 1
32120 0
42069 0
32459 1
30280 1
32890 1
31959 1
31360 1
32660 1
31670 1
32569 1
32720 0
31260 0
32309 1
30079 0
31380 1
30460 1
32270 0
33050 0
37890 1
30960 1
31769 1
34689 0
32190 0
32560 0
32450 1
34900 1
31390 1
32180 0
31319 0
32460 0
31560 0
32930 0
41089 0
36790 1
32160 0
32709 1
35480 1
31020 1
35390 1
32749 0
33200 0
31200 0
32800 1
30800 0
31810 0
32010 0
33110 0
31749 0
31880 0
31690 0
32850 1
32110 0
32710 0
32600 1
32440 1
36520 0
32319 1
32460 0
33920 1
33619 1
33320 1
32950 0
40379 1
33209 0
31030 0
33870 1
31780 1
31529 0
34500 0
33350 1
38259 1
32520 0
32670 0
32500 1
33039 0
30910 0
33590 1
34599 0
32209 1
32590 1
33900 1
30679 0
32579 0
30050 1
33130 1
33309 1
32970 1
34230 1
30650 1
32069 0
31719 1
32380 0
40020 0
33269 1
31750 1
33630 1
29660 1
34519 1
31160 1
32030 1
31749 1
35249 1
32530 1
34140 0
33429 0
34920 1
34770 1
32270 1
30700 1
31170 0
32560 0
31220 0
31150 0
32140 0
31500 1
31540 1
31529 1
32439 0
32810 1
31710 0
33269 0
32340 1
32550 0
43260 0
32290 0
31559 1
33050 0
31530 1
33699 0
31690 1
31500 0
37639 0
32649 1
30720 0
31820 1
32679 1
31729 1
31930 1
33750 1
33189 1
30959 0
32890 0
31810 1
31420 0
34239 1
32530 0
30730 1
32960 1
35820 0
31660 0
32280 1
33240 1
31360 1
42570 0
39180 0
34709 1
33040 0
30480 1
35750 1
34880 0
31680 1
31570 0
33910 1
30960 1
34850 0
30310 0
42449 0
31620 1
30970 1
30970 1
35919 0
32490 0
32170 0
36789 1
31880 0
32220 0
32100 1
30019 0
31439 0
35180 0
32990 0
30980 0
35560 0
51630 0
32539 1
34739 1
30400 1
32000 0
35949 0
32899 1
35860 0
32020 0
36509 0
34659 0
32550 1
31620 0
32629 0
31520 1
32230 0
38770 0
32989 0
31290 0
32030 0
35209 1
36089 0
34260 0
33120 1
36389 1
31490 0
31430 0
30040 1
31969 0
44189 1
32240 0
34999 0
31849 0
32350 1
35370 0
32860 1
35089 0
32330 0
33460 1
35910 0
31070 1
33280 0
31490 1
33170 1
30950 0
34130 0
32490 0
34599 0
34910 0
33020 0
35980 0
35950 0
38050 1
38699 1
32880 1
33640 0
34140 0
32359 0
68440 1
36760 1
36420 1
31239 0
33580 1
36000 1
32579 1
33210 1
33960 0
34900 0
31990 0
31090 0
32030 0
33009 1
35279 1
31240 1
35200 0
32080 0
31710 1
31080 1
30860 1
34509 0
31309 1
31610 0
32510 0
32859 0
30659 0
33990 0
30270 0
49279 1
30780 0
35580 0
30080 1
34469 0
30520 0
34630 1
32420 0
32729 0
33040 1
31250 1
36139 0
34320 0
34030 0
31360 0
33920 0
32759 1
32230 1
36060 1
34939 1
33449 0
34830 1
30990 0
33209 0
34900 1
30690 0
33300 1
31569 1
32180 0
32080 1
38250 1
33190 1
37100 1
33840 1
33500 0
32969 1
33790 0
33500 1
31899 1
33570 0
32220 1
31270 1
33689 1
32950 1
32050 0
33110 0
35449 1
32790 1
32190 1
31540 1
32419 1
32990 0
32360 0
35520 0
34860 1
36030 0
36989 0
32979 1
32900 1
33500 1
43880 1
30270 1
31980 1
31340 1
35690 0
32369 0
31830 1
30920 1
37210 0
31010 1
33480 1
35989 0
32819 0
34440 0
31790 1
34599 0
30449 1
30730 1
36820 0
33210 1
31529 0
33880 1
31760 1
36719 0
31049 1
33160 0
29290 0
37400 1
32440 0
39600 0
43920 0
38049 0
37830 0
39540 0
32359 0
37150 0
31890 0
32600 0
30979 1
33170 0
39740 1
35539 1
33760 0
32650 1
32600 1
37930 1
34930 1
34670 0
34249 1
31969 0
34730 0
30410 0
34899 0
30840 1
34200 0
33770 1
36149 1
31279 0
41070 0
33500 0
38719 1
30430 1
32550 0
36400 1
38010 1
39800 1
32820 1
31510 0
32609 0
35460 1
32390 1
32749 0
31320 1
35750 1
32729 0
39039 0
32910 1
38230 1
35480 1
34849 0
33660 1
36750 1
37439 1
34450 0
34390 0
34459 0
34850 0
52620 1
34279 0
30770 1
30510 1
37050 0
33459 1
36919 0
39030 1
31669 1
33209 1
34390 0
35070 0
40080 0
37610 1
39790 1
33610 1
31529 0
33650 1
33500 0
33900 0
32719 1
31440 0
33070 1
30480 1
32140 1
30590 1
30880 1
34159 1
32409 1
43670 0
33860 0
31219 0
30959 1
31740 1
36660 1
36829 1
35400 1
34650 1
37010 1
34260 1
35950 0
31570 1
35280 0
37400 0
46280 0
37789 0
34939 0
30760 0
33330 0
32229 1
33690 1
31550 1
34240 1
34670 1
32520 0
31650 0
33310 1
35589 0
45130 1
35270 1
33069 0
36810 0
41570 1
100149 1
106109 0
71780 0
70410 1
71300 1
69979 0
81439 1
66890 0
70029 0
59040 0
77409 1
65780 1
66309 0
66490 0
63470 1
73899 1
58289 1
59410 0
56069 0
57510 1
51079 1
53580 1
59389 1
53680 0
51290 1
51190 0
46670 0
80939 0
44810 1
44550 0
47369 1
43690 1
42759 1
44280 0
46660 1
45349 0
47140 1
44509 0
44179 1
41710 0
44029 0
43599 1
52030 0
68909 1
100269 1
86080 0
81729 1
56960 1
58619 1
65060 0
65319 1
58330 0
53869 1
53220 0
55579 1
64559 1
62899 0
56840 0
57570 1
74220 1
73549 1
56840 1
58829 0
50079 0
51760 1
48719 1
59320 1
63819 0
53460 1
57879 1
60420 1
60280 1
62570 1
53749 1
49370 1
46110 0
47669 0
44110 0
45570 0
55880 0
64480 0
60959 0
61110 0
57299 1
81840 0
96929 1
88479 1
95319 0
79309 0
76259 1
71370 0
77679 0
67250 0
66540 0
68400 1
62899 1
59300 1
61610 0
63860 0
67870 0
69799 1
74230 1
70409 0
62550 0
64049 0
56430 0
61439 1
58440 0
60760 1
70520 0
58929 0
51970 1
52560 1
51140 1
46370 1
46599 0
46439 1
46940 1
56919 0
51280 1
50629 1
51560 0
49280 1
47850 0
44250 0
44860 1
43829 0
50600 0
56679 1
89549 0
95659 1
86229 0
78360 1
68200 1
64159 1
67460 0
57869 1
57420 0
52500 0
56389 1
61620 1
63449 0
58070 0
54969 0
63390 0
74569 0
66910 1
56519 0
53020 0
54070 0
54220 1
62379 0
69450 1
54860 1
60219 1
63479 1
61229 0
61960 1
56559 0
50560 1
56349 0
47350 1
44749 1
49939 1
56500 1
57619 1
58590 1
58789 0
63030 0
63919 1
92010 1
93229 1
89599 1
73240 0
69889 1
83809 0
67690 1
69719 1
64830 0
63819 0
61000 1
68279 0
66570 0
65379 0
70890 1
70779 0
68489 1
65509 0
63839 1
58029 1
83899 1
45919 1
55960 0
54119 0
53010 1
59319 0
59680 0
59179 0
53280 1
52710 0
53030 1
45350 1
44439 0
46330 0
45430 1
47199 0
50980 0
106189 1
68939 1
95910 0
44429 0
78950 1
65589 0
110149 0
96649 0
105410 0
70769 0
105299 0
69700 1
92649 0
107659 1
71860 0
95919 0
59239 1
95849 0
78379 0
92639 0
55389 1
86789 1
59660 0
93069 0
70070 0
98259 1
62499 0
99110 0
67340 0
85079 1
81629 0
58609 0
94319 1
62580 0
103609 0
75479 1
127939 1
92780 0
107319 1
74159 1
106459 1
74620 1
99439 0
67519 1
95860 1
66519 0
75240 1
74739 1
69939 0
93759 1
67689 1
89749 1
58550 0
74210 1
59920 0
85519 0
56530 1
75639 0
54180 1
76019 0
52760 0
61729 0
50550 0
80849 1
62649 0
55840 1
55049 1
46000 0
82039 0
56730 1
120430 0
96050 0
126169 0
69449 1
101850 1
66649 1
101329 1
58100 0
90959 0
60590 1
92490 0
54909 1
74200 0
83589 1
64260 1
60270 1
65230 1
59770 0
59470 1
100609 0
74639 1
