194079 8
117009 3
118039 9
113639 15
111599 0
121259 12
111308 7
115349 14
114899 7
116019 15
116109 1
126439 6
117509 14
116779 5
122009 12
119379 4
115879 5
112070 3
112879 9
124019 0
119209 6
111219 9
119869 6
117159 5
112600 13
118830 8
125939 14
113639 12
116479 2
109079 12
98709 15
116619 2
106230 13
108889 7
106379 6
105839 7
107639 14
103200 7
104400 2
106169 3
111929 0
103289 14
107529 0
109720 14
106939 10
111759 6
111059 11
112969 7
110949 13
134289 13
111100 8
105008 2
107849 1
106899 5
107949 9
126759 0
110699 0
106690 14
117460 4
110379 7
116029 5
112439 8
110149 5
107269 10
113399 6
110169 8
171778 0
113469 10
110390 12
107539 7
112959 14
115789 2
114839 0
119349 3
113929 10
125328 9
102530 4
110109 0
116239 9
112239 10
113389 5
118349 11
112989 1
112008 5
132979 4
114289 5
107599 3
117859 6
111779 9
110569 8
122189 9
110929 6
123759 8
118930 1
121069 11
114809 8
113799 0
112389 8
111529 6
113079 1
115510 1
126170 15
108370 7
107359 8
114639 6
110439 5
125729 2
116259 15
127769 13
135809 9
109730 0
116310 12
118599 11
118999 3
114669 13
108449 11
116549 2
120749 7
119259 13
114609 0
113439 13
122249 8
113449 4
109029 5
117689 13
114109 5
114139 7
119249 2
116219 7
113370 4
111349 4
111389 12
110119 7
112729 14
117869 0
123719 15
115919 11
115450 10
114539 14
114959 14
109339 1
120469 7
115129 3
111140 2
124599 12
108720 8
109189 8
115639 8
117159 0
113489 5
120209 3
116109 9
121829 13
115519 4
111520 13
114349 9
119809 6
114389 1
109329 7
109459 8
119329 15
107359 2
119309 4
115379 10
117479 0
115499 10
112379 0
111899 8
119220 10
119119 14
170748 6
111819 6
111780 3
118270 10
121180 1
123289 12
123949 5
111729 13
130779 13
108769 5
113239 8
111159 15
115960 14
117579 13
111959 10
118859 5
115169 11
120529 15
116169 7
112749 0
118729 4
109759 6
119239 5
117299 8
107829 6
125659 12
109239 0
105349 2
121569 4
115649 8
115368 7
117150 3
118959 12
113489 7
120999 13
109859 7
112259 6
108489 0
117459 5
124480 2
117579 2
124369 14
119909 9
120439 7
116879 9
108099 1
115479 3
113619 6
116050 1
110790 9
115989 9
122079 1
109569 12
106149 9
107589 5
117710 1
104730 1
106159 12
114349 9
110429 2
124139 7
100969 2
113859 6
116369 13
110659 12
112559 0
113619 0
113449 12
114809 7
113919 11
111190 9
114449 7
112509 8
104399 3
114109 11
122069 7
112430 10
111300 14
133269 1
107689 8
112859 8
108049 12
114739 1
111130 1
125788 12
107679 5
116699 8
174348 6
119540 9
112289 7
110789 4
114949 0
112869 13
112259 8
113539 13
121689 9
108028 5
117360 13
110099 5
109329 15
110649 6
110709 12
119269 2
114850 12
118610 2
116859 2
105309 5
103859 9
112899 1
112629 15
111929 12
110689 9
105269 2
113729 6
146829 13
161969 12
173538 4
170029 9
165119 10
158419 14
164728 11
163809 8
164399 9
160779 14
164069 10
164709 4
161779 15
161879 11
159119 10
148908 1
154829 10
179359 13
158948 13
166689 5
154379 5
169599 15
179258 2
176489 0
181289 7
171578 1
160799 12
176919 8
179298 3
181238 6
189669 3
174629 13
198509 1
190098 8
194979 0
173919 0
182899 4
210458 8
201208 12
180379 12
239458 9
201998 3
198499 1
187698 1
180489 5
205048 3
184769 0
210018 2
192989 1
219088 2
211089 12
212258 11
233538 7
224498 12
228558 13
212868 1
198989 6
216918 15
214288 7
221639 3
214408 14
208138 3
218049 5
236428 15
215688 7
218858 14
212268 0
211478 9
262338 15
199149 0
233878 14
220958 1
226488 7
213418 11
221098 8
209028 11
215938 0
235218 11
214559 3
204538 2
231468 0
259888 14
209178 2
203919 11
208739 10
205389 9
295398 13
191008 2
201098 1
224168 15
197098 3
233068 11
203528 3
217488 5
202868 9
213648 6
194489 3
190288 15
220398 3
208649 9
227408 3
197499 11
222388 10
190958 5
197728 11
206068 10
197598 0
189069 8
208319 1
206028 7
223229 14
221178 8
203328 5
191389 2
206938 4
226658 5
197638 1
193709 9
194958 1
245038 9
193059 5
191188 2
215459 1
210748 9
225438 4
194338 5
189889 2
217209 2
215518 3
211468 5
254258 7
224308 8
208298 12
204269 4
232578 1
207588 7
209209 2
201098 3
226109 5
209599 10
208138 10
192069 10
204788 14
214659 13
229278 9
199808 1
191349 9
201338 3
199989 5
188548 8
206699 0
200018 8
220299 4
223758 14
174739 7
189339 6
211059 11
197008 5
216228 10
202069 9
231098 3
210509 4
211999 15
209128 0
210409 11
194788 12
193719 5
227718 11
187029 11
186358 1
211249 6
188769 4
184199 2
233068 7
197838 3
189399 9
218888 12
212918 9
199148 7
206518 8
200999 14
183799 6
278038 5
237387 6
207598 6
223788 11
201259 10
222718 7
217938 9
189549 1
216218 6
223808 13
214309 13
203208 12
207219 5
234798 15
213658 6
209089 2
225688 4
214079 0
218838 5
212678 6
219018 4
236238 0
218948 11
220708 3
230028 3
216329 1
225568 14
211288 13
229699 12
235738 15
193399 7
197678 9
232198 9
206599 10
191218 11
208919 10
209669 13
233128 3
202479 7
201558 12
231628 12
209549 4
226138 5
203498 6
212518 10
235818 2
232978 9
170709 7
188598 13
217128 15
210318 14
214648 10
187369 5
187999 8
217238 12
292008 15
201828 12
187569 10
181198 6
201459 10
198829 8
189589 3
194579 4
203949 0
205958 6
204009 0
211308 4
182069 3
211098 0
185539 1
191688 14
218959 10
191098 2
190869 3
222078 6
178379 0
241748 14
215168 4
238438 8
198728 12
212028 15
201629 1
230498 11
202459 1
213558 15
231728 10
217048 3
207689 10
191888 12
197529 0
235408 12
216088 1
204999 5
223538 7
261628 3
218488 13
217769 12
206968 15
220998 9
250718 6
216518 6
237798 12
211759 11
234468 15
202788 8
228928 8
215919 10
224508 3
216768 0
224219 11
226288 8
206838 10
229439 1
191318 11
203458 2
223529 0
236878 5
225718 14
225729 6
197648 10
220638 3
205939 7
213938 9
204729 3
217428 15
226728 5
205689 10
201108 15
205738 11
206788 1
224588 8
230688 13
250227 15
213818 15
210988 2
221459 12
195928 11
207479 12
218148 11
232098 13
245948 2
220919 8
195508 1
205219 1
180979 12
206258 6
188569 9
201899 12
214179 3
212068 9
209469 12
194858 4
191849 10
192468 1
207889 8
205348 5
193069 6
207478 10
224918 11
201649 6
219428 4
190689 5
189058 3
218538 11
208199 0
214628 0
203509 3
212968 8
198249 8
209029 11
185798 4
197219 12
204649 9
203328 11
213748 1
197949 14
221878 10
197469 8
221568 11
201638 5
195429 9
192198 14
198639 14
195369 6
237028 7
185238 8
194589 13
208708 11
192369 14
233338 11
202638 14
208969 6
206518 4
215578 4
218979 11
188518 2
201539 5
199078 8
231728 1
235428 1
210248 10
240808 11
209589 10
211088 9
220428 4
201398 14
209668 8
210709 1
217648 0
248008 9
199688 6
191498 15
198899 5
201788 11
204128 9
205228 6
218688 14
236218 4
214238 14
209748 4
213209 2
203588 6
218828 14
209529 6
206428 13
241648 1
208509 8
226748 0
212189 4
188449 14
205839 6
229789 11
213468 5
223168 8
224888 8
232999 0
243148 11
186669 3
190559 7
204758 4
207099 0
212868 4
202749 12
194748 5
204699 11
237248 14
198768 11
178949 2
195509 5
210829 15
203698 13
205949 1
216738 7
195519 15
188549 13
197149 12
188618 12
178899 7
194088 6
171709 1
182329 14
189628 7
201259 9
180268 1
173359 11
178169 5
199858 9
183609 4
168738 12
187638 12
187769 13
194719 8
192938 3
169518 10
192839 11
183828 1
186559 13
212208 15
176749 3
191999 8
199819 1
197658 4
197509 3
180539 13
173038 1
190589 2
216468 10
196459 15
197388 13
188379 8
206578 14
201379 8
239888 7
197558 0
212329 11
195588 8
208659 14
233529 6
212918 2
172349 8
188009 6
184408 11
246838 12
192609 11
188048 7
206719 0
193688 7
233578 11
205129 15
191238 15
199199 11
198758 8
208729 14
188408 10
199909 15
202968 8
213799 0
218798 6
183889 11
186998 13
205018 11
197959 7
214138 6
190209 15
183789 11
214208 2
200778 9
200889 4
184898 1
193259 4
203058 6
195839 8
221958 2
203499 3
211458 11
188688 9
179538 2
236339 1
183568 2
193918 5
186859 8
204639 8
202239 13
187319 11
198338 11
191719 15
189189 1
190479 7
185208 7
206129 1
191868 7
206759 15
214698 7
184849 11
181779 11
186109 7
201358 8
198249 4
199188 11
182329 2
186308 7
192049 10
173798 13
195228 7
181019 5
198788 12
176409 5
195488 7
203788 2
189268 3
198149 2
175329 8
172329 13
200909 14
167528 15
182299 5
188488 9
196338 2
205448 1
207148 8
174569 10
181939 13
200889 12
167578 1
193539 4
206828 14
198079 9
197138 9
186429 15
225708 3
176579 10
189528 2
187109 2
203108 8
256338 5
214619 3
209598 15
176989 6
193328 12
203239 0
179559 1
183828 6
215098 2
206159 6
214278 10
192139 2
190238 2
209889 8
193118 4
218308 14
218989 8
202038 0
178709 13
216108 11
223299 11
191518 6
198368 13
193809 8
199329 7
208329 12
182349 8
194869 11
201049 13
200809 4
203839 5
205439 15
192448 10
191779 0
187058 11
231028 10
200938 1
187229 12
214818 3
191549 8
217408 13
177829 7
189418 11
198139 4
196488 15
251878 7
197599 3
207128 4
194329 0
208398 5
196019 5
205619 2
191649 12
184749 10
214828 12
202998 7
177219 2
173578 3
179329 14
172749 11
201399 4
186889 11
189818 14
188899 5
196998 10
202169 10
183968 2
187359 12
182228 12
176648 2
152219 5
167769 13
158459 7
156039 11
168689 6
151619 15
161249 2
172918 12
166019 2
166999 9
156228 5
165499 15
152699 11
170619 4
150829 11
155418 15
157178 4
158729 10
155719 6
167489 2
135359 14
143928 1
142428 2
140869 2
137239 13
143449 15
143529 9
138949 13
134889 4
134919 4
139929 14
137739 1
145419 9
173608 15
136058 9
148529 2
145949 12
144699 0
153579 2
138409 2
150219 15
141139 2
144148 10
137878 7
150339 5
136019 11
218098 11
151069 1
136669 2
151429 13
140039 11
137679 0
139559 12
137419 13
152749 14
147549 12
149368 4
150028 11
165029 4
145079 6
157489 7
145839 10
135649 15
151478 9
150159 8
161629 7
151289 8
153939 9
149039 11
158568 0
