138218 3
67090 0
2246709 5
68840 0
84939 0
109799 3
1188429 0
67230 2
60840 0
73109 2
50190 2
66319 0
55500 5
49399 5
1499077 2
55320 7
61109 5
38360 4
32370 4
82079 3
48880 7
59329 5
33140 4
58619 1
47760 5
31040 4
60000 2
54320 2
59740 0
57440 5
51410 1
45459 7
104999 3
85360 3
1375657 1
59520 1
100669 3
66879 6
46780 1
50949 4
48520 0
52079 2
1330157 5
64890 2
101689 2
152748 6
113329 3
61360 1
33009 4
63040 6
44709 1
26650 4
1072941 0
87649 3
527625 2
52879 0
59460 1
62319 7
44720 4
82309 0
58249 6
58039 1
64379 7
109559 3
108010 2
49009 6
46300 4
88760 3
46519 0
44530 6
64669 1
50510 5
45199 1
45019 2
42830 0
1558506 7
45120 0
1815264 1
54630 2
52259 7
453025 2
1862053 0
92880 0
5230183 7
64649 7
103219 3
61410 5
83929 3
39860 4
68049 6
72169 2
68150 0
62919 6
84879 0
57600 6
67659 5
67480 1
67660 6
56089 5
59580 5
2017511 1
60230 2
53279 6
63650 2
48290 5
52660 5
1508716 5
41860 4
1676075 7
49480 1
43260 0
56689 5
64270 2
68779 6
39960 4
52249 1
100979 3
46330 0
51869 7
96729 3
58759 4
47250 5
47570 7
49220 6
96579 3
48839 6
44180 2
46229 6
46239 7
47790 4
1692704 0
64950 0
58499 5
80400 3
36840 4
105269 3
64810 2
1944393 5
95699 3
1839923 1
41650 4
794723 7
25689 4
54150 5
1550146 2
350166 2
47690 5
49570 2
53199 1
60259 1
244328 0
49640 7
33749 4
43229 4
50540 2
56289 5
44330 5
69739 0
117339 3
1502606 2
75920 6
56709 5
43580 2
58429 6
90130 3
48830 1
1670585 5
59679 7
87349 3
1262609 1
47989 5
58859 2
80869 3
50710 7
58769 5
58690 7
83439 3
78379 4
46510 2
47389 1
55050 5
57029 6
207529 0
1969693 2
472905 4
157359 3
50289 5
57910 7
57119 6
46640 5
44739 2
46430 5
1401467 1
112389 6
160269 6
33780 4
60489 2
62799 2
66000 7
50609 0
33840 4
59279 1
1606686 6
63769 7
32160 4
66019 6
48180 4
60329 2
57180 6
99489 3
102489 3
1372097 5
48299 6
56679 6
44819 6
34340 4
31909 4
48150 5
44129 2
47529 7
41990 7
1416847 0
45149 2
60049 7
54620 2
41980 2
55220 7
47789 0
41290 4
1304758 7
456066 1
37199 4
83670 3
62389 5
87769 3
58090 2
1517766 2
114579 2
67759 7
54950 0
59029 6
42080 7
56719 2
86599 3
50319 2
56599 1
49209 2
52359 1
62899 5
108459 3
49050 7
49990 2
49299 2
42209 4
47280 5
54869 7
45450 1
37450 4
44749 5
87029 3
35090 4
45400 5
44919 5
39030 4
43039 5
45990 1
46150 7
39080 4
43810 7
44709 7
43749 7
1384047 0
49190 7
1696345 0
101008 1
47569 0
61659 1
68349 0
59029 1
64800 2
53609 2
46870 0
37960 4
65990 1
48169 5
1708814 6
66779 6
49470 1
33739 4
46030 2
67109 5
45489 6
34150 4
45770 4
91590 3
55530 7
38010 4
43969 4
58600 5
66679 2
81380 7
59009 6
63099 7
61700 1
1235678 4
55769 5
47020 6
30880 4
47560 6
60589 7
98130 3
26159 4
52540 6
74669 1
51820 1
53550 6
44220 1
45179 1
46010 5
1682865 7
54690 4
54669 1
62290 7
52590 5
38320 4
51919 1
57270 0
56269 5
61379 6
57790 7
48769 7
79699 3
57660 2
33559 4
1390178 5
93969 3
56210 6
58729 4
56849 6
83869 3
55119 2
52000 1
53869 1
2831634 1
42040 1
605465 7
519036 0
58059 1
768183 2
47910 7
60799 6
79670 6
52640 7
1788604 6
42789 4
54580 7
161018 7
62470 6
53999 6
45250 2
54549 7
41740 4
50389 0
35710 4
57880 0
44259 0
56620 6
34980 4
49390 6
52310 5
36450 4
90489 3
89110 3
46500 2
46350 7
1165039 1
40990 4
96059 3
1516156 0
94209 3
87139 3
49840 4
65679 2
47950 7
73499 0
110029 3
68880 2
76250 2
53969 2
45450 0
46640 1
1459707 6
55820 0
68859 0
139089 0
117379 7
52479 1
80850 3
99550 7
81309 3
1368708 4
50879 4
65919 7
57880 6
52139 6
55980 4
44480 6
47140 2
55480 7
47039 6
55029 0
49550 7
67470 5
1706244 1
48319 6
44179 1
1379918 6
58860 6
59100 0
41869 7
43390 7
47119 1
83290 3
48849 1
54290 6
92290 3
53129 6
97369 3
83870 3
87009 3
48069 4
46430 7
2270599 7
72649 2
53520 6
50130 1
59589 7
69139 0
84140 3
79659 3
44140 2
61090 6
49079 0
46040 7
88339 3
41100 4
1301698 1
53830 0
55060 4
71949 6
71360 5
55379 5
63400 7
88039 3
252428 7
52980 5
47490 7
93789 3
1937242 4
45780 7
2245019 0
61500 7
56919 5
57880 6
55489 6
93519 3
57340 7
67979 2
51280 7
58259 6
57360 0
89279 3
1471107 1
82640 3
56439 6
45710 7
51529 1
83139 3
46659 2
46350 7
1469476 5
64950 4
50889 6
76180 1
60819 4
168569 5
48800 5
54990 7
68160 2
40980 5
51519 2
47840 0
48380 1
51440 2
1048760 4
60610 0
41179 0
32830 4
42340 5
82029 3
46159 0
43650 1
52349 5
63330 2
66169 6
167779 1
104179 3
96289 3
1651355 5
79069 2
62170 7
107850 3
53209 1
40090 4
66309 5
42050 4
88129 1
426466 0
47380 2
60309 5
84609 2
60200 4
58739 7
114229 3
67090 6
66840 0
34500 4
225798 2
53070 2
59039 0
45810 6
48000 6
1643245 2
62589 0
71319 5
360186 6
41270 4
46649 6
57450 6
42010 0
83420 3
2265599 0
61900 5
62050 2
55610 6
2030602 1
57100 6
91290 3
61170 1
48309 1
64370 1
57159 1
462215 4
46650 1
59519 0
91639 3
57329 7
44600 1
88030 3
1854083 2
56909 7
170889 3
131169 1
47580 5
136659 7
59679 5
55540 7
44499 1
43770 7
87929 3
593055 6
1487606 1
44280 6
55209 5
65350 5
46569 5
91169 3
48529 1
42680 4
1702214 7
66240 0
109879 3
48079 7
97079 3
70770 1
2518127 2
45029 4
86200 0
61069 5
48859 1
58139 7
103499 2
95919 3
52330 5
80030 2
45619 4
1113980 6
56680 2
96889 3
44749 7
43899 2
356247 1
57759 5
63490 2
60689 6
68979 1
73890 0
45599 5
54449 5
1643595 5
89369 4
58300 1
52799 2
59470 0
86889 3
64039 7
1587426 2
70659 5
137109 1
44870 2
60599 0
83639 4
94349 3
1363608 6
49579 5
862992 1
46319 6
48110 4
67829 0
88529 3
77120 3
84699 5
3129811 4
125479 3
29860 4
63129 2
117089 3
120149 3
50640 2
53939 7
61250 1
60459 7
45610 2
44389 7
62390 5
47789 1
115909 3
46450 6
93229 3
44009 5
1170560 0
30749 4
45470 7
64529 2
2309199 1
106879 3
2085612 2
144849 4
44530 2
67989 5
50700 1
37769 4
58009 0
89319 3
1371307 5
53460 7
56990 2
51789 7
108009 3
54130 1
45479 2
86220 3
717533 6
42150 6
197759 0
53849 2
29650 4
89829 3
139499 6
49350 5
74219 0
68819 0
1500096 4
84030 7
94829 3
58029 7
48600 2
75299 0
49050 5
64319 2
44620 7
70609 6
1964332 2
58150 6
65139 7
1310518 5
34580 4
58699 2
81019 3
2258220 7
111869 3
103459 3
58010 5
45180 5
50889 4
48689 4
54810 1
59480 4
708923 0
95049 3
112279 3
69179 0
2115751 2
47179 7
270248 0
48059 4
54399 4
261128 0
57420 4
68960 5
60210 7
1497176 1
94299 3
2423167 0
56000 5
40930 5
79660 3
191858 0
83139 3
66550 5
59580 1
148679 5
85879 3
1066750 2
60020 2
65769 7
63139 6
50419 6
54169 5
79660 3
79279 3
84719 2
45020 1
1324018 7
57539 0
76990 4
228138 5
60180 1
101369 3
47880 6
96980 3
1514766 4
44900 5
56130 0
54500 2
85690 2
117149 3
1687734 6
94819 6
60260 7
59309 7
41670 2
46649 4
59939 4
54690 6
131729 3
58880 0
106019 3
54449 5
46430 5
61049 2
44380 6
1292188 6
59029 6
45970 7
48480 1
32229 4
45100 5
54199 0
36079 4
84919 7
43100 6
65369 1
128529 2
87300 1
210718 2
58850 6
66599 6
56240 6
45979 5
61279 7
42610 5
60459 2
133149 3
1455397 5
96348 2
79940 0
45820 6
65420 6
58839 4
99539 3
94948 2
47020 5
58119 5
63399 7
46569 6
53029 2
18691870 7
90449 2
197648 0
257468 4
126509 1
111968 2
79779 4
156148 5
100819 6
86780 5
2521397 6
114039 1
109279 6
83529 0
75499 1
91679 1
101850 1
86619 2
1419147 6
205478 4
141369 3
2272189 2
111589 5
127879 3
1822943 2
131969 0
104169 0
140069 3
96899 4
186818 0
90499 2
83989 6
127529 3
69520 0
86359 2
665704 1
85739 7
69479 4
59229 4
90599 5
307277 6
89260 5
119148 3
62980 6
57509 7
71960 1
58759 7
60270 5
18874228 2
52039 6
92249 3
165669 6
40549 4
39450 4
59399 1
41910 2
70339 5
101279 3
42940 6
40859 4
1809673 0
538195 1
56950 0
57829 5
55080 7
60979 5
45910 5
14643866 0
68240 7
114559 0
63109 6
72419 1
54660 2
68209 5
127809 3
128689 3
39169 4
26629 4
47750 5
65439 5
1573606 2
42849 0
60739 0
38879 2
66070 6
63089 5
46869 1
43530 5
84849 3
45740 1
34849 4
56489 7
27539 4
43100 6
49020 6
43070 1
52940 4
95169 3
44809 6
69290 2
36729 4
93970 3
101650 3
41909 2
464376 5
802023 0
92969 3
1670065 5
102789 4
63639 6
55510 4
55649 0
81949 3
60850 1
45370 4
40810 4
43410 5
41809 0
76179 2
73969 7
43230 4
76439 6
58039 4
42750 5
67959 0
64120 5
43659 6
45080 2
48449 6
42339 7
47649 6
82689 3
45320 6
48290 5
62839 1
43990 5
95859 3
51140 2
63739 7
39580 0
56649 2
76010 3
42399 0
42940 2
71709 3
45380 5
42469 0
55030 4
78489 3
43550 5
43849 5
41350 5
40979 5
52949 6
86779 3
52190 1
73819 7
55169 5
55279 5
81299 3
43070 2
74549 5
43790 7
26010 4
41119 7
47310 0
45879 2
27839 4
25760 4
42350 1
42140 7
41610 7
25139 4
46380 2
41720 7
40029 7
40160 7
382947 6
41810 7
41740 7
46959 2
47140 0
56189 6
50230 2
44889 1
41439 5
99669 3
29080 4
46729 0
1449087 2
41930 7
94559 2
43940 5
