413517 0
117499 2
153679 7
27990 6
188979 8
105209 10
121729 4
88359 4
125519 7
159409 0
62809 6
191459 9
165279 11
239518 2
151269 7
100079 4
85709 2
64529 11
104909 5
304278 10
12920 6
143429 11
67789 6
118139 10
66110 10
264248 8
97929 5
64420 9
300208 0
87729 5
26129 6
100269 11
196448 9
62790 0
93200 8
23720 6
65289 0
59870 2
81609 8
121879 0
81130 7
175029 10
64660 5
76219 10
75740 5
65540 10
118439 4
81960 11
199629 5
71379 2
48050 6
17900 6
90509 0
178819 8
139259 8
66579 1
11068076 11
46230 1
13599 6
71000 9
48650 2
56009 0
51640 0
45780 4
46780 2
47840 4
45950 8
45350 5
48210 11
47859 11
18855887 7
13160 6
67910 9
99742340 11
55379 10
166079 8
155639 7
180178 10
213938 8
51890 6
106099 9
63690 10
260748 0
198449 0
182018 5
150819 11
162549 7
52100 6
138759 10
35290 7
126289 8
84770 8
342617 7
149609 4
86999 8
79410 8
85040 9
59069 2
187799 7
344127 5
90770 0
43059 7
154459 5
62290 2
17139 6
57859 2
16040 6
86959 5
105190 11
135339 2
108629 4
111819 8
206108 7
331948 5
104309 7
30890 7
301158 5
186458 3
173319 10
214148 1
25250 6
104939 4
175169 4
136549 3
76539 4
125199 3
62300 5
124869 11
163979 2
111368 11
182508 5
209168 4
101879 5
182358 10
217219 0
158459 8
90349 4
132829 0
198038 1
202529 8
168699 2
186279 4
48350 7
169398 5
54140 8
67890 0
53340 9
59000 5
19010 6
9976144 10
137559 7
254798 9
108209 11
159739 0
86279 8
100179 10
61580 5
58400 2
24770 6
75179 4
63040 8
83019 5
56210 1
69199 2
55100 11
52520 1
18889 6
41660 7
77119 11
54989 0
101329 2
51130 11
89419 7
73719 5
393217 3
65930 1
61349 4
97829 9
83319 0
49020 7
65739 5
237758 0
180808 0
96389 9
164298 5
117219 8
168519 10
94269 1
107529 7
155248 4
181819 8
133928 2
59180 11
95979 2
35460 7
40230 7
53529 11
160059 5
180509 3
108769 8
30350 6
76089 8
167119 2
219728 1
80049 1
173349 0
62140 11
17810 6
56799 0
119999 4
149369 9
241788 3
37600 6
242178 0
71330 5
89599 1
122949 3
89539 7
69070 10
33540 6
304788 3
114799 9
104930 11
27579 6
201939 0
208878 0
79639 4
35669 7
62590 11
138199 10
72959 10
184899 4
95649 7
128949 9
39680 6
118079 8
42739 7
22889 6
69870 5
80749 3
123319 0
11011846 11
55580 10
68109 9
60830 8
306018 4
90379 1
125769 8
370097 4
159729 0
210448 7
29650 6
215738 5
29070 6
145279 2
179849 1
106929 7
47180 7
26029 6
116939 11
163389 0
122749 1
198459 5
285567 0
200609 7
149359 3
149669 8
51739 11
200949 9
21000 6
276998 2
139219 3
110539 7
123768 9
75590 11
114079 4
213069 2
129650 7
95380 2
125129 11
66839 9
79430 11
199578 4
108779 1
126968 9
215419 2
109349 5
60109 8
16799 6
93700 3
31029 6
117609 8
193079 5
57000 11
254649 4
95789 5
134049 10
105619 9
172509 1
74229 5
67850 8
157148 11
129479 11
275027 5
168279 9
27080 6
139849 3
171409 0
43139 6
138009 9
75050 8
161519 7
155199 9
78039 9
108349 9
169118 3
214119 7
80539 5
65740 0
114289 8
132729 8
84029 3
8595655 11
250438 11
53449 6
181119 0
132589 3
127199 0
53000 11
84490 4
138869 9
67919 9
314378 1
12440 6
61499 7
80900 2
135049 1
84529 7
148879 5
21510 6
106879 1
13140 6
128029 4
187249 9
84330 10
128869 5
119019 1
134189 1
110809 3
168939 10
176439 3
17850 6
241898 1
91079 1
18250 6
109130 3
79509 2
167939 10
282458 4
217958 2
57920 11
156449 5
147889 11
105490 8
28470 6
128329 0
165479 7
119649 2
64390 0
80149 2
111319 0
328018 5
137669 0
121169 3
178398 9
160889 9
104749 9
154749 2
108909 0
32260 7
71820 8
35919 7
22350 6
195369 2
115739 2
214228 10
160899 5
86749 7
80100 7
104449 8
52370 2
166229 1
128629 5
193379 9
150559 11
149839 10
112630 1
211208 3
295978 4
141149 8
190488 7
71760 10
147728 3
71560 9
51220 0
56069 1
67030 0
75679 3
48540 2
10550 6
46879 9
40270 5
42080 2
25619 7
22649 7
50710 4
26690 7
47149 5
18200 6
48070 0
46000 5
42129 5
9560 6
47420 1
41200 9
12480 6
46600 0
26820 7
45320 1
49779 3
52390 10
49939 4
49600 3
48440 0
47820 2
49120 10
47869 5
46340 10
46880 5
8497675 8
84109 1
110079 11
98980 10
360547 2
156629 10
170348 10
70769 4
61820 7
97770 8
313577 10
194169 10
108909 3
216518 8
62630 1
78719 11
19070 6
83969 9
80710 10
93439 5
140319 11
173239 7
98349 7
205269 1
70419 2
73439 0
173889 2
18240 6
164409 5
93689 9
142779 3
53279 11
238598 1
167828 9
110220 3
166359 3
282948 0
132739 7
126439 0
193549 1
33179 6
98590 7
143259 8
255048 3
108569 11
205878 0
73659 10
61470 11
189339 4
97570 7
18640 6
127610 8
127500 8
333877 2
92129 11
36670 6
32290 6
131899 10
123489 8
138109 3
32530 6
246709 7
125419 7
64499 11
102019 11
96359 5
55509 11
28740 6
77170 5
96960 4
177808 5
213049 1
108959 8
59329 3
78070 9
168969 9
16399 6
10044344 11
35980 6
178339 11
150379 9
162979 0
25640 6
179499 1
147449 5
217999 8
112400 11
73759 2
72549 10
112430 10
90489 8
316508 5
148688 2
113419 4
97219 3
29300 6
248339 3
160199 7
49740 6
118529 11
47540 6
263328 9
233768 9
115359 10
72259 2
242328 0
51469 6
388047 4
60610 6
168058 2
186758 4
36430 6
253908 4
77329 9
78270 3
66929 2
90019 9
45499 7
259758 8
43370 7
100949 2
80079 9
66240 11
199868 4
91209 9
118079 3
117979 2
101659 8
178129 7
75729 7
87470 8
161609 2
31650 6
146319 9
110330 5
138239 9
114688 7
102649 9
121789 0
23550 6
125759 7
98219 4
131769 4
102089 5
124859 8
166749 11
105869 7
89629 7
42799 6
193149 9
146578 5
100539 10
103419 8
103729 4
157259 5
183829 11
22419 6
237229 3
226708 5
229588 5
150399 10
166709 9
77349 7
96230 1
99819 10
66509 7
108629 3
72410 5
52259 8
9780 6
60940 4
44130 0
45749 10
41540 8
42749 3
40990 1
10670 6
2196793 2
11630 6
45940 10
41949 1
44669 8
41320 5
10050 6
42840 8
45290 1
29930 7
49359 4
44540 8
42710 10
24040 7
46819 9
43620 4
43630 5
9880 6
5842446 11
46270 6
127979 1
134879 10
436137 5
114268 7
104060 3
246598 10
96919 1
96019 9
151138 0
75230 4
57949 0
154319 10
82340 7
73940 11
81249 5
143299 10
97139 3
220689 2
139769 2
80920 10
159649 10
88859 5
22190 6
92529 2
89689 9
77310 10
147149 10
86249 7
167379 3
106369 8
18390 6
66569 0
68539 4
62780 5
65980 9
60920 4
16329 6
49189 4
40560 7
3372614 8
1866466 4
131949 11
1377489 2
160549 6
68759 3
27639 7
337798 5
72979 4
66140 7
58529 10
51340 8
48809 1
84199 6
94989 6
55910 5
90629 6
41640 5
58399 5
214719 6
49839 0
46350 10
49910 2
50750 10
55990 1
7938619 11
67940 2
99869 9
197718 10
343167 2
189098 5
63640 9
34060 7
298948 6
106730 1
66859 8
184938 2
113489 11
75939 3
183079 6
100839 10
131609 1
83159 1
88740 7
78319 3
53270 7
119219 3
55109 11
88180 7
32320 7
86420 11
219768 6
117219 1
164489 0
84119 8
139559 1
183589 3
192808 6
108799 5
128179 0
147898 2
73250 9
68139 10
58070 7
83849 2
172689 2
84079 2
101080 7
123388 10
72630 9
95429 0
82460 0
150598 8
162348 5
263018 0
209699 3
129499 11
38639 7
336688 0
215008 5
82710 7
162529 2
94200 10
93410 7
181349 6
129099 2
173028 4
80450 5
109849 2
8996082 11
45349 8
45560 0
45689 1
76400 5
51249 2
105259 0
132908 9
90149 0
105869 9
152539 2
27180 7
59299 10
112679 9
80680 10
105069 8
234838 9
150469 4
314718 4
148389 1
231428 8
151208 0
630195 4
73209 0
66240 10
56499 1
65290 10
65359 8
78740 10
84679 8
117779 2
174699 10
108999 0
74279 8
59370 3
429457 5
131769 2
78159 9
195138 3
208198 2
414377 4
123969 4
134709 9
77189 3
142139 2
202349 5
159010 2
128710 4
63220 0
93649 3
109220 8
335618 5
58370 11
70860 0
110469 5
85470 0
79830 0
192708 0
231969 6
172528 6
128459 10
135449 4
72560 5
169448 1
96850 10
74369 11
65409 9
42329 7
47960 7
11014366 11
216498 11
205309 0
98419 9
59619 7
142019 1
207369 6
42570 7
163589 0
332588 3
197678 0
191499 6
205968 1
116159 1
99740 10
105329 1
118119 11
155229 6
77449 11
118319 6
77310 9
164529 10
90919 10
109789 9
54570 4
647855 3
69969 10
142908 9
345697 5
93509 2
133299 6
127439 6
196728 8
53449 10
150359 10
124609 1
61720 11
277307 6
118568 1
184469 10
279368 5
291528 2
445856 1
308117 2
168749 4
219478 1
113259 5
76490 5
195659 6
70940 1
38090 7
142319 10
141839 4
95750 2
112208 3
94449 0
68439 5
69140 8
10938106 11
53249 8
51010 3
104149 6
83919 8
36410 7
60600 10
281367 11
99949 4
148089 0
123950 4
96689 3
197358 2
153369 1
119679 8
60180 8
155968 6
281327 1
141299 5
543696 6
530776 4
114109 11
160759 9
70079 0
184759 6
114699 7
115789 3
102780 5
221199 6
116899 8
119689 0
214889 1
71659 11
248918 2
163979 7
63059 10
67810 1
50039 0
115699 8
181789 6
135669 0
74749 1
29490 7
409377 0
34930 7
113789 9
203618 11
172499 11
134109 0
133599 6
206158 9
201648 8
150959 8
170789 5
107970 0
323257 4
98300 3
114619 11
353048 8
