10109212 3
63649 2
49279 10
75619 6
58390 14
62860 5
30730 12
51959 6
107330 5
56680 6
72680 5
54659 5
56060 1
65989 0
75549 10
59170 4
60400 8
58779 0
44930 14
57009 2
58820 9
38730 12
52479 5
53400 14
73809 0
26120 12
56190 10
25879 11
61620 4
142549 7
59560 7
58100 3
69179 14
60160 5
72869 8
62049 7
44550 8
46110 8
54490 4
21980 12
61969 4
65550 15
51710 15
50150 6
44310 14
57329 0
52290 4
52980 9
49330 7
27270 11
52640 8
48329 3
38799 13
45800 1
45650 1
58919 2
48510 8
47989 15
47150 6
43760 14
52579 10
49420 7
50870 4
51830 0
46800 4
48779 8
47290 1
62630 9
54190 10
51260 1
52229 3
48540 5
47590 7
27240 13
26740 12
48180 7
54779 9
51580 8
24520 11
25149 11
49580 5
26030 13
47110 6
43599 14
47550 4
47440 5
24811 11
47300 2
47970 1
48089 3
53740 3
43470 15
51879 8
47140 0
48420 8
31029 11
47450 3
22240 12
46949 0
46370 8
50960 6
52910 8
25500 11
46690 5
47360 2
47050 5
26750 11
69569 15
50320 4
48390 2
24199 13
48219 14
44110 15
47689 5
45249 7
53070 8
46089 3
46880 3
51010 8
41029 15
47150 15
44900 1
46859 14
56580 8
53269 2
46609 5
29180 11
24060 13
47509 0
18410 12
56240 6
47839 4
46840 2
42260 15
20839 13
23810 12
47430 15
47090 3
48219 10
30020 13
41460 14
45789 5
47470 14
48330 0
47440 3
46490 14
32940 13
45599 5
46660 5
47519 3
50979 3
43080 14
46740 8
23950 11
46950 1
41700 14
49449 0
49850 15
46360 3
47109 9
49930 9
49390 9
24249 13
31100 12
27280 13
46469 1
47109 5
67810 10
63844452 7
57229 3
3947930 11
70018736 12
59859 14
74400 14
40879 15
46970 15
680885 6
270668 4
38529 12
76999 10
92849 10
108575812 7
74749 8
197869 4
38259 12
51880 13
209068 5
237878 1
79649 9
650675 3
387007 1
211829 1
169159 1
322598 0
196639 4
34000 11
38970 12
76769 15
57220 7
190218 5
47759 7
189148 5
64589 8
64209 14
87499 4
68520 0
25269 11
68290 4
70739 6
66559 1
79779 6
58179 4
45290 7
71229 5
44110 15
90839 12
36300 12
67289 10
67510 6
79609 6
52790 13
47580 7
65680 8
75499 2
63710 5
38159 13
74289 14
69889 6
48479 7
66490 6
77500 6
66120 2
64470 1
65470 1
68110 4
49389 13
79829 4
68609 4
66450 0
63649 2
68510 8
46989 7
69579 5
39950 13
66269 9
63290 2
67259 6
37760 13
74209 9
68590 3
80249 9
58870 14
65269 0
62850 5
65639 8
62120 6
66789 5
64140 6
63569 0
65960 5
63469 10
25160 11
64630 8
10049413 14
63199 5
60160 14
58120 1
56919 1
70010 8
66379 9
66160 2
73369 8
39566808 7
64570 8
62970 9
79939 9
134950 4
158448 1
51630 13
39040 12
89539 9
27790 11
156839 4
81010 14
160629 0
69019 8
157529 1
155089 5
172419 3
40350 13
162669 1
78959 9
166059 3
57803159 15
65919 14
87949 12
166329 1
55179 12
174429 2
91319 14
57062385 15
84099 2
70950 8
75159 10
59600 14
70399 8
1168101 7
114519 1
110059 10
9331879 15
385957 15
119479 2
137189 10
53460 15
59229 14
81979 4
84769 8
67180 12
37189 12
62760 8
96429 3
90659 3
58650332 7
47982434 15
63139 14
80250 4
81619 10
82760 3
71320 10
88599 2
27890 11
81539 2
45159 12
69180 9
91229 3
80389 3
39680 13
1364179 7
73460 8
71229 10
87629 6
51109 13
67850 9
65090 10
84239 4
65289 10
68050 10
71509 10
49350 12
58179 14
89459 6
24459 11
83639 2
61079 14
83359 3
43239 13
17269569 15
86189 2
78139 10
106829 5
102239 5
49250 12
80110 9
130349 3
131269 0
48190 15
67010 14
76079 10
69329 8
145199 3
78816199 7
96960 2
34059 11
103349 6
68689 8
131369 1
90559 0
98069 3
87339 5
181999 4
68879 13
85680 6
117936640 7
96079 8
101119 2
73779 15
71739 14
64299 14
71550 10
74379 8
49170 13
83789 2
73090 9
127779 3
67989 10
119989 8
44160 13
47090 12
135038 3
93330 10
297418 0
110269 2
107779 1
118249 3
103670 0
101429 10
115529 4
27540 11
113639 1
57059 13
109020 5
118669 3
78669 8
297568 1
104429 2
199059 4
26869 11
121339 2
76780 8
76659 8
140749 0
99519 3
124139 14
60279 14
54560 15
40559 13
86650 10
105209 9
85469 7
63330 15
103969 4
26020 11
118779 3
64599 7
113740 4
145599 8
95300 5
92410 5
90059 9
53640 13
104679 1
41470 12
71439 8
39660 13
67849 14
119149 5
99529 0
108209 1
69919 7
100870 0
19976977 14
331648 9
80689 9
383248 5
184319 4
100429 8
57770 12
88969 8
41760 12
29810 11
101249 5
71489 8
94019 1
75309 8
59309 14
96530 4
49079 13
145459 1
116080 3
101310 3
101249 0
87729 1
90730 4
102350 3
89169 6
25010 11
84039 2
75650 3
84489 6
81449 2
84210 10
93579 6
84049 4
47200 15
40060 12
25960 11
37810 12
24270 11
89399 2
23770 11
35270 12
46260 13
66370 8
88649 0
45379 13
37610 13
78959 8
93189 1
81189 3
70909 9
