128588 0
62679 8
97148 13
62639 11
64679 10
105309 1
75479 18
43119 8
69979 22
64790 21
59999 10
114039 0
119368 0
73940 18
69960 19
8959933 23
72439 21
75489 21
80668 17
108839 0
185108 6
73609 20
76359 15
86429 14
103699 1
110719 3
213397 16
116809 10
77569 18
92759 1
86809 2
122748 13
162848 2
68549 23
77348 19
74719 19
62939 13
40300 8
98588 17
93069 8
62549 8
92868 1
70510 4
18328663 12
195387 19
218347 19
124579 2
417915 13
198417 20
94159 15
157268 1
129579 15
454734 17
259297 15
83549 4
143238 2
116919 7
208958 13
194437 20
36670 7
120438 4
96409 2
35490 7
224877 17
83689 12
87099 23
72609 23
94179 20
110449 5
82069 6
167028 17
84629 21
119738 12
84569 9
143369 2
77819 22
114178 17
124699 14
137058 2
243907 10
139529 2
163758 11
118388 11
155408 18
90790 15
92559 13
103359 1
457345 18
153418 22
92739 14
12276444 18
73249 9
84319 5
92909 17
119609 5
67149 10
81289 23
80479 5
152868 19
271257 14
59084938 15
81299 18
72639 21
160728 9
112979 11
19445109 6
113269 1
111629 12
39763918 18
83549 4
906469 18
69469 13
73709 8
61769 23
29030085 6
84559 16
119549 19
40534218 15
93679 2
78889 13
66329 10
120548 9
72959 4
25660 7
68419 4
66509 21
131419 19
78594696 23
9624326 18
115789 12
37310 8
63439 10
63700 20
75789 17
29749 7
9575767 23
66879 4
69189 16
60779 10
71689 19
57369 12
20093951 15
100679 18
85739 5
105189 1
224367 5
693552 3
8624027 23
87019 10
89139 13
274737 23
84069 9
80249 18
66849 9
79184390 6
115649 17
109579 5
95899 16
88579 14
122059 1
30157292 15
76969 21
68500 5
9141691 12
103609 22
86709 18
75869 5
77479 12
29574109 15
10169569 6
28480 7
93950 17
66280 11
79849 6
67939 18
207187 21
39219 8
105359 2
65769 20
78329 21
75219 6
65939 9
76309 17
71330 19
137798 5
91439 19
65549 10
38652611 12
93489 0
10029301 23
9565426 6
76569 10
109119 0
96309 14
171698 18
94909 14
233287 6
99269 10
104399 17
83219 6
66910 6
128448 20
163438 9
68760 14
89719 18
6746539 15
75449 21
95689 0
27610 7
77469 9
96699 2
67699 10
64359 3
83739 14
25180 7
92059 0
64349 6
66909 11
56810 11
72139 22
61989 5
75479 15
98489 19
63769 21
1215016 23
9337469 3
96069 19
65109 10
76349 16
88209 4
75709 21
90529 0
61269 10
66320 3
59703202 15
76699 3
839210 15
92468 4
80839 17
77050 19
76290 16
119618 10
79449 16
8352241 23
9771504 12
92689 2
77239 18
76449 22
60169 5
77079 18
61999 9
74559 10
62539 5
61399 12
19494489 3
172608 19
184618 0
29693857 23
67229 5
69179 20
69650 20
153549 0
29651748 6
92749 0
88819 19
118869 1
119789 14
166118 6
85899 16
75119 20
62830 10
39125245 3
102399 1
76939 16
67309 11
75539 16
92939 1
63320 5
107748 0
70989 5
141449 1
68839 3
95559 22
83799 4
26339 7
95398 2
73279 20
65909 11
40779 8
77539 17
38624642 6
73750 18
23639 7
68020 13
99879 0
9563947 23
158938 1
102168 8
101268 11
59249 10
67229 23
9543676 6
8927634 23
93708 2
84110 2
21496435 12
86349 2
78399 18
9247461 23
71788 20
88099 19
78870 21
72580 14
81579 10
73729 20
72139 19
80029 18
66099 5
75539 13
73240 11
56630 12
64799 18
66039 14
70359 3
81008 2
66729 16
64209 4
63929 18
38700 8
61419 23
81629 0
62159 20
55480 11
65329 9
67119 23
80709 0
70859 14
72089 17
60490 23
70439 19
63339 16
62809 22
61200 9
60060 21
70819 14
57969 13
61569 5
68350 20
83309 2
79859 4
56089 13
68669 17
64590 21
67590 21
75149 19
86829 0
40379 8
65809 5
55939 13
55589 9
66219 19
59010 21
61359 9
55459 12
68680 19
87550 18
91370 18
69090 14
63020 21
62549 5
84989 2
64069 23
60330 21
67430 18
39589 8
81589 2
63729 21
64669 22
64589 23
75729 16
64670 3
69319 14
57779 11
60029 20
59520 10
58950 9
41159 8
35656307 6
19069963 15
95889 0
84189 18
141559 13
92550 19
81430 22
90829 4
106589 0
108099 15
111858 20
147118733 12
81769 17
78439 15
70080 20
70919 21
79519 23
95738 19
153738 2
75219 16
88639 10
106089 4
110668 10
75399 21
51215162 3
70599 10
670742 19
109119 4
69529 20
93699 1
100039 0
60729 23
8700067 12
162938 12
83589 16
100559 2
92869 2
59390 11
56879 12
28257275 23
72740 20
76149 19
79299 14
66589 5
72729 21
77519 17
80399 18
25630 7
22580 7
80059 16
118569 1
120449 13
500524 3
151328 1
203678 21
113199 11
143428 14
251617 14
192247 17
88599 4
100459 0
8462230 9
113258 1
90868 23
89659 20
74059 23
9530407 3
74919 20
132799 13
491934 6
67259 13
72019 8
69530 13
174477 2
83409 21
79770 4
111109 6
99109 9
125298 3
73639 4
72939 15
153808 9
85449 3
277316 0
168147 0
120159 13
86069 15
70359 16
72989 14
75600 20
61590 5
7660219 23
79959 20
84909 17
75159 11
84469 16
65029 12
76249 4
55699 8
84019 19
78488 22
98668 0
76100 16
8786685 3
95329 17
114229 21
100519 22
209887 6
145658 4
58140 7
139889 1
217797 1
8885635 12
122658 5
81599 18
86439 19
29730 7
243477 0
107939 8
110578 1
72688 13
65959 10
79849 22
105279 0
71819 23
117458 5
78829 21
152367 1
70359 13
76569 19
126668 19
92189 1
79579 21
41850 8
8383790 3
77295732 12
91899 2
385866 6
94410 16
88859 14
80209 5
64799 8
85379 10
128458 0
190948 0
86629 13
77349 17
74049 11
155248 21
128679 1
729691 15
94889 8
372156 3
212048 10
157588 15
108919 12
216577 22
143349 22
163918 19
84879 15
113829 0
160768 4
133009 17
241477 22
231927 0
97129 17
97759 16
113278 20
38439 7
92999 8
106669 12
326687 1
536863 0
133669 3
129508 22
111919 18
81119 14
114139 10
154529 18
78169 5
234247 21
103609 2
92349 21
104498 18
73988 12
81759 23
61039 23
119819 20
111868 5
101089 13
138118 17
94899 11
218068 2
97069 11
115899 18
245087 1
78549 5
98359 20
182148 23
87909 17
212747 2
109639 15
146878 18
148059 20
277837 11
124569 2
100388 15
159227 23
219077 13
92629 22
121898 13
61069 8
71889 9
118998 18
84188 12
223017 11
236187 0
9967751 23
141108 16
136868 0
63530 23
57380 12
110988 21
101098 19
72569 18
66020 4
103518 16
118988 2
69199 22
73479 6
105869 21
7288704 15
120729 1
92499 13
119588 9
165468 10
70979 21
86399 21
77179 14
64749 13
84159 19
70979 21
64619 10
66159 11
129068 19
65339 6
41050 8
234517 10
70769 19
26650 7
9887703 6
61138863 3
88789 13
87649 23
126079 2
193058 12
106898 1
286417 20
107419 5
353376 20
436435 20
121559 16
48469 7
227687 1
66409 3
340296 5
57529 10
59549 7
99299 17
115659 5
68509 22
163958 6
69429 13
67589 22
77879 13
78859 4
105969 6
84349 8
62249 20
223508 10
69869 12
81579 18
87629 0
69929 6
24580 7
99519 10
22810 7
78109 17
74950 19
60250 3
94648 9
67050 21
149918 19
63089 20
63199 20
79950 0
24300 7
59820 9
63030 17
83539 0
63269 3
71689 19
56239 12
60209 20
4202280 15
70989 4
83859 1
88019 20
9170651 12
124569 11
82159 18
260247 1
58779 8
68659 12
87489 5
72729 17
67090 21
85339 18
65090 22
88359 2
75949 17
62779 5
38825789 15
91369 5
143128 17
104519 17
99198 4
53209 8
67959 22
136708 19
79488 6
167549 1
159059 20
507064 3
92419 10
141728 17
76619 20
131478 16
191207 23
161758 14
342856 1
92279 4
142288 16
107279 18
160968 14
86559 10
105249 19
559033 17
119189 22
141388 6
107819 5
165688 9
157248 9
109409 17
140518 9
259887 15
152678 4
69910 22
87129 3
89119 10
90559 13
68480 8
220788 18
122688 2
124649 12
29959 7
88259 8
204158 19
73109 20
44410 8
103818 20
45060 8
97909 15
265516 18
84279 13
86068 19
65349 3
35999 7
176878 0
77049 13
143099 3
135809 23
133688 10
172568 10
180838 21
86029 4
78989 12
73299 22
96919 13
199698 18
98199 15
93650 19
161869 6
92530 16
284337 1
71569 18
9830364 12
10006831 3
39934225 23
9263700 15
266057 15
66459 3
96249 19
84919 4
196298 1
187708 13
108628 10
121739 2
86009 4
66979 22
24880 7
69339 19
544263 6
67449 10
70949 16
74339 14
92269 2
40750 8
64800 17
70489 5
133418 14
78529 4
64350 20
56040 11
57169 9
60380 22
61520 15
63299 19
60519 5
278377 6
94789 15
62259 21
56280 10
81490 1
64680 13
63609 21
65959 17
64059 17
65400 8
56559 9
62719 14
7191225 3
74709 20
65619 11
69349 13
9323650 6
60870 13
89909 0
69209 21
90459 4
69909 19
62169 21
58150 11
28000 7
53480 13
67999 18
58859 13
62829 16
68930 18
130508 1
25770 7
93819 0
65080 15
67869 19
63809 5
60330 13
59599 5
56129 6
59379 11
61800 20
55819 5
82179 1
8352891 3
61709 22
64899 16
58350 5
71739 10
57479 9
9732035 6
65910 20
59469 11
66899 22
25000 7
39539 8
59609 9
57549 22
95029 1
9809824 23
25710 7
29667408 15
72639 23
60489 13
62160 13
17727749 12
73089 16
738681 12
107719 0
11399515 23
25279 7
134469 16
49591661 6
51629 8
143968 14
65750 11
102959 18
68970 5
87970 19
41920 7
191068 19
96728 14
263557 14
84550 18
66189 5
68249 14
149488 2
87899 1
94739 5
75449 4
71339 22
62629 10
45910 8
59849 11
94869 1
85499 10
186078 0
67609 16
103589 1
56919 11
62709 21
65920 4
104378 1
67360 3
78940 3
37639 8
65020 14
87168 0
92599 1
81919 3
70439 20
61539 22
65459 19
40659 8
108909 1
257957 17
66349 16
39160 8
86779 2
70799 10
60309 13
63590 9
96608113 23
278197 13
89269 22
122018 21
185358 4
128269 19
101798 8
106358 5
144509 2
117358 23
110729 17
7950415 15
94159 17
9584136 23
194988 6
89509 14
103259 17
65519 6
88819 17
73429 20
75529 3
95769 6
349956 12
139748 8
83059 23
86029 16
83839 22
278817 16
67629 5
32490 7
78471468 15
68779 20
219487 20
87849 20
107559 1
103499 0
83679 16
111409 0
132199 4
114028 1
102629 4
8401900 23
73499 19
71979 22
209167 23
62089 23
69260 16
68209 5
68909 17
29751317 6
59640131 23
30000974 12
79909 3
567393 15
99659 19
107199 1
150218 19
89509 5
64519 5
157608 1
79379 9
119489 0
55959 11
