80179 2
61829 0
47490 14
56410 19
60149 10
57860 18
61879 6
61860 1
59169 6
63119 14
75590 0
58390 13
59310 14
57229 7
58970 16
53040 9
60420 9
56050 12
62370 14
61050 0
59929 5
52280 17
62050 22
59319 14
62329 8
58910 4
59780 13
61569 16
56410 13
57340 0
62070 9
57230 2
52609 0
55690 14
59509 12
60250 21
57519 19
57149 16
61080 12
59199 15
58400 16
49999 21
57509 18
53470 13
69629 6
57040 20
53309 15
53489 7
52870 3
54249 12
56890 9
56560 23
55340 17
59370 8
63709 2
61730 13
59509 19
61340 19
63300 8
56500 20
58549 10
69230 1
55660 18
57919 11
56810 15
55769 0
54110 8
57160 16
60479 4
54960 3
60970 6
54220 15
60089 22
60599 12
64390 22
53439 14
56850 15
56200 20
68850 18
54740 16
60069 6
52860 14
59599 18
57850 18
63160 21
56010 6
61480 22
59609 5
57610 3
55950 5
62960 10
60269 13
69639 12
64079 22
60330 13
66920 12
57149 5
56920 3
61759 5
58230 0
59829 12
54859 22
63810 12
60079 21
60150 15
60809 22
60380 23
62619 23
61849 18
61240 16
65139 19
72870 19
59200 14
59180 4
58189 0
59710 13
62159 23
56520 15
55439 5
56039 6
62380 4
64889 0
74240 4
65919 3
64430 22
61939 22
57280 11
61249 6
83039 3
58379 23
60499 7
68130 5
65290 14
59200 14
64579 13
64890 17
64529 7
64460 11
59999 9
61330 5
60340 13
66190 17
65470 23
107680 2
58109 4
61530 18
51489 12
53349 23
55030 17
58769 5
60510 11
64620 6
58220 7
62269 17
53789 4
54710 5
60430 22
59430 20
57779 13
57089 12
71570 22
59189 0
53710 4
55580 9
57480 20
54450 21
61269 16
56370 17
60089 8
63830 15
61159 18
57419 12
54030 21
61979 5
63270 20
65919 20
72440 4
60069 5
58600 21
54660 18
61790 10
61990 7
54389 5
59910 17
59149 7
61630 12
55420 11
63100 22
54180 3
55659 3
56840 20
58600 22
61860 5
67280 19
53609 23
54670 18
58049 7
56390 16
60389 10
58889 20
59240 4
50949 5
51850 22
61020 19
64240 15
55340 17
60449 10
55810 19
53989 15
62779 8
81529 7
59460 23
53409 17
54459 19
57070 9
56919 3
57070 16
59589 3
53949 21
59400 22
62929 22
53400 19
55739 0
62380 12
64290 6
61899 16
57230 1
73400 8
53330 21
54179 10
64310 16
58209 4
52560 23
67569 14
62349 1
63520 1
58349 9
60770 11
63869 16
60120 22
54079 11
59140 2
62500 18
60639 21
75610 9
59549 15
55170 6
57119 2
59779 22
59770 23
54620 0
58670 16
51849 12
69220 0
67189 19
64050 1
54149 22
58099 17
53820 2
59129 17
74440 21
59329 23
57080 21
62489 23
62009 1
63409 0
61989 20
67220 9
62959 6
54630 11
55789 4
57739 1
57859 14
59069 6
60630 11
59269 14
58140 1
66530 15
58200 20
59069 13
59940 17
58750 1
61389 10
58790 0
57189 20
58889 2
52810 7
59549 0
56560 19
56099 0
55219 10
60179 14
57569 7
61690 1
83569 5
59960 14
64999 5
61660 14
59139 23
60150 20
58159 7
56449 6
57000 21
58339 19
56210 22
62080 15
53390 11
52810 13
63189 5
62220 18
121479 5
63560 22
62240 22
69410 18
57410 13
66200 14
62429 5
65680 12
63669 12
65960 12
63539 17
62140 9
63139 19
62599 19
59330 12
79189 18
63399 10
59709 16
60850 1
69689 0
57590 0
66999 6
61130 9
58689 20
63730 21
65599 18
63920 6
62020 8
68240 12
58159 15
58450 19
68210 6
58199 4
61020 21
56409 11
62440 4
69990 3
57500 17
63480 6
69370 8
63200 22
60980 19
64300 8
61429 10
59220 1
74059 12
78880 6
56629 13
60740 19
54909 1
62620 23
59070 7
62389 6
69800 5
65449 19
66240 18
62699 22
64170 12
67079 9
59080 13
62110 22
64740 15
71129 22
63719 12
61710 12
63130 4
63240 4
71079 9
59460 1
70829 13
65740 1
66789 8
63350 15
64649 21
69410 9
63840 17
67580 12
73889 23
65939 17
55389 5
56340 8
62680 18
60709 8
55510 12
65129 18
60010 7
63510 8
68080 21
57409 9
62819 12
65320 6
65529 2
63250 11
75069 5
63170 10
55939 20
61540 5
61510 20
63350 5
62999 7
63839 9
62730 4
62699 18
59630 17
67019 4
58760 0
60569 10
62759 3
60610 14
65970 16
62960 14
64619 14
62130 5
59169 4
68390 13
61429 23
62570 21
59109 2
61349 21
60540 6
62779 4
55840 9
57179 10
63520 16
60279 12
75030 23
59519 18
60740 17
57819 10
64609 11
58310 18
63229 21
63120 5
70359 8
60680 16
60639 11
59000 16
65740 9
62379 7
53790 11
56229 1
60570 2
92239 8
58760 21
54429 14
57140 12
56209 11
60029 16
61020 16
61089 17
69770 5
56419 18
57680 12
66059 20
59489 5
61810 21
66549 15
59750 1
116849 8
56399 9
52240 14
61569 5
58069 23
55680 9
54559 20
57740 1
56459 11
58460 14
60140 11
63569 1
54060 19
62479 9
55630 5
56900 1
68730 18
51550 16
54999 23
61110 17
55580 12
57380 0
58780 15
51489 5
59870 1
54550 7
60030 1
56450 4
57749 10
57130 8
57859 8
55670 8
63540 14
68290 1
55090 23
59159 19
59390 19
52109 5
51519 13
54640 6
58839 18
55150 23
53269 20
54679 14
51590 0
56469 6
61130 20
59879 22
56319 11
65060 7
56889 10
64500 19
57029 10
54360 13
57240 10
60090 17
59030 13
59699 22
61360 2
59099 11
58420 10
57310 0
68830 17
51330 20
61779 19
61250 1
65889 17
71600 7
61099 22
61940 4
57800 13
59650 4
53970 12
56450 23
57620 15
55989 9
58350 22
58180 13
53609 1
57890 13
61909 20
54760 6
58759 12
58129 19
52740 11
66689 2
57690 3
57509 18
57800 6
55990 15
51220 11
63130 19
57049 4
57910 23
55750 9
56270 1
57510 3
53419 9
58220 23
57169 7
63450 10
65249 16
67999 1
53400 22
56449 7
62550 10
56499 14
59500 23
59100 18
62900 9
54730 13
59509 7
58070 12
57199 21
53519 20
57420 20
54309 0
57320 20
56219 16
69970 22
59770 13
58760 14
54270 5
61589 6
57770 18
59069 5
54779 2
56670 17
60400 7
60400 14
61739 7
51010 18
58729 1
58969 7
57590 8
59299 6
72620 0
56419 14
56660 15
50219 14
52310 17
57690 4
57129 10
54740 14
58719 4
57249 1
55200 21
57949 23
59320 21
58740 8
62109 20
55220 1
64309 8
84950 1
60079 17
59580 3
63929 19
69670 8
65059 18
61880 23
68809 2
60330 10
60850 2
58630 19
63430 9
63300 20
61130 15
65299 19
56720 10
136659 17
62419 3
55620 22
57959 16
65969 2
64130 14
62459 5
59010 20
60759 18
62130 4
65120 4
62749 13
58800 23
62790 16
61750 19
77139 21
61190 3
59639 21
60980 5
67079 8
54800 1
56809 1
68559 21
67730 14
65080 4
62829 9
69879 2
62910 11
61150 17
60670 18
77609 9
59080 10
58769 14
58060 10
61320 11
65780 17
61429 22
58889 20
65559 9
74709 0
59580 0
61229 8
64210 16
64649 1
61570 4
64359 12
72070 7
60739 15
56559 19
60870 21
67949 22
64090 6
57429 1
60880 13
58069 12
61630 19
61999 23
61459 1
62459 8
60359 23
62320 15
60929 2
67570 3
63099 6
56090 13
62209 17
57519 23
64620 0
62179 6
59090 13
60739 23
62420 15
59900 9
63840 6
59469 5
61089 3
56760 11
64969 21
76380 9
58159 6
57300 19
59749 9
59459 16
66579 13
60789 14
64030 1
62939 22
66040 12
65979 23
54740 13
67419 6
64990 1
67179 14
54490 7
76309 4
61509 3
59689 8
63619 14
62290 10
60369 13
61410 18
61379 1
60570 19
53120 8
55919 13
55840 6
55479 23
60410 6
61240 17
59930 14
64019 4
73390 19
61789 7
61529 0
62340 6
57309 8
63030 7
58119 15
62389 21
66499 7
61749 7
58730 2
57659 6
61760 17
63189 15
59220 13
66750 13
70980 18
62049 9
63039 10
61499 15
56309 8
61200 21
66779 21
60670 21
61949 20
56150 17
66870 22
58180 19
59290 0
67130 1
66589 10
63020 5
83569 7
56279 0
52800 7
63949 0
63630 2
64579 7
68350 13
63260 22
60889 18
57069 2
67479 1
53940 14
67529 16
62300 8
62239 15
62180 11
116059 19
57830 10
55549 18
58980 15
54040 9
60210 7
51040 4
58459 12
58800 12
59899 0
56490 14
54779 11
64300 9
57660 13
59109 16
57500 14
70459 0
51790 0
58979 1
55610 11
55340 23
57439 4
60910 17
56409 23
57579 20
59200 15
59829 4
52830 23
66019 16
62100 16
54670 21
58510 5
53470 15
64239 9
51260 0
54459 3
55670 6
54510 21
57539 9
54980 3
54269 3
54479 7
50860 18
54849 16
53810 19
65209 20
62179 11
68430 16
76590 19
314008 19
69489 19
60300 21
55080 19
58939 1
59590 22
64350 9
56430 16
58909 18
57070 11
64570 2
66490 10
57139 14
73580 19
75070 22
60120 15
62509 8
57370 22
54460 22
59579 3
55850 15
58690 22
59219 6
57200 13
50999 5
57310 18
61760 3
249269 8
61599 7
53130 16
57639 19
60409 7
64089 4
50299 5
53650 2
63059 14
59140 18
60070 10
62490 19
54959 12
59449 22
58790 11
59219 22
55570 15
67579 14
57110 18
56670 9
61219 22
56780 13
59889 15
61450 10
56250 15
55360 10
54320 14
53479 8
61430 23
61150 8
65489 12
68900 15
68630 20
54220 16
71929 18
57620 20
56129 5
53080 7
66049 12
63250 10
57419 19
54929 10
61330 22
60479 19
55680 0
64229 21
76940 6
63879 10
53310 14
60130 1
73700 11
57350 7
54309 0
55610 20
68059 20
70080 11
66099 22
62830 3
60679 4
56919 11
57080 14
74679 10
96529 22
70199 12
55590 3
89870 4
65620 1
61630 5
223728 2
68140 23
97869 19
82910 18
81299 12
71380 13
59240 11
60060 1
58719 23
89749 4
79789 10
67369 3
56970 13
59480 4
58259 17
84870 8
68569 6
94589 13
63120 7
60060 0
57240 1
60660 22
51189 13
49390 0
78230 3
55320 18
58600 1
67109 3
66600 20
61749 18
56860 7
56519 12
57100 22
51639 6
52549 7
51650 23
58399 0
52170 5
55300 17
51440 1
53520 17
68899 19
51260 19
49040 8
53689 12
49740 8
55259 18
54169 1
54350 5
55659 23
55450 14
53370 17
50250 1
56400 2
50179 1
65119 6
46210 0
50300 11
59750 19
50220 7
