5130 1
17806533 13
10979 4
3100 13
8230 12
2770 12
8800 8
22000154 15
431 1
4059 13
19961194 5
58998978 9
5060 9
240 1
31024940 10
39988906 11
50009672 14
3680 11
3180 11
7970056 8
1101099 7
3070 10
3130 5
2750 4
50916524 0
5040 12
19998953 11
20963694 2
5310 13
5430 9
39019805 14
19997763 7
19974933 12
50010052 7
13391 9
29999589 13
20003583 6
5500 12
1100 1
3450 9
58959378 2
21023654 4
8983276 11
110987582 2
20037162 0
5880 6
19987793 0
19971164 2
60008269 15
19988234 10
20025903 11
909 1
3969 15
19975374 3
7999715 3
73992268 2
3210 12
37010824 7
11013627 11
19971273 4
48004041 12
12025568 4
8970846 4
3100 4
4250 5
9996046 15
2970 4
3470 11
41004047 12
19997603 9
5730 7
3180 11
19990203 13
9780 7
87089 10
390 1
4080 8
57888518 11
2950 6
2380 3
31993791 9
20012603 12
8992256 10
31014440 14
18983532 4
51001172 9
10002327 6
90009118 15
5210 5
3270 5
78984391 4
40990517 0
2460 2
4180 15
330 1
149713849 9
3651 15
30012079 10
19982053 12
60995990 6
3620 11
19000182 12
20006323 14
3520 6
70002315 9
2830 3
2430 3
430 1
129985795 6
110027191 15
5760 4
90959560 9
1530 1
27000188 5
31995660 10
78000601 5
4460 5
3290 3
360 1
5950 14
21987464 4
60006589 6
39993256 7
5540 8
400 1
79993422 7
2580 3
40005276 8
3730 6
3900 6
4140 8
19987753 9
7993795 5
12009048 7
19999412 2
3680 7
3391 14
4449 3
2540 3
300 1
3600 7
3809 3
159985564 5
3040 8
99978645 3
60012419 7
40001926 8
19996993 4
50993463 0
19014762 6
19997953 15
17980512 2
22024354 11
110001602 3
1469 1
59998470 10
19975103 10
1004880 4
19012693 2
7249 12
2660 12
3860 8
2070 3
79978102 9
60002738 4
3070 2
2950 3
2510 3
39987786 0
5210 15
18985883 11
1009410 8
9987077 3
27550 11
3120 12
19978823 4
4440 7
19999583 4
4760 2
2985362 11
37007074 13
17060 5
27973178 14
2031141 15
2700 6
19974583 14
20001313 5
59998189 0
20001693 2
20000373 2
39681819 3
380 1
20011233 4
50013812 6
2680 3
89975619 10
30008919 12
39997916 15
8993996 9
11004167 7
30014779 11
19982073 2
20015432 10
19977034 5
2449 3
19999973 14
3560 15
50008053 7
20001603 9
57987668 3
2440 3
72005906 11
37990965 8
62024090 13
360 1
79981302 5
20004303 12
19999953 7
109998091 10
20010533 11
8986666 5
91018499 3
3050 2
129998444 8
10640 14
39984466 3
2710 3
7977055 13
125919 7
7050 7
3280 14
1850 1
3340 2
3330 7
101861757 8
11170 7
19991284 2
39996216 3
27990349 13
42015167 3
139994921 15
20001893 3
329 1
20001704 4
10001097 0
79997172 4
7990645 2
3690 8
3790 10
41990457 6
40005806 12
59995699 2
3940 4
18880 0
169986440 6
47990392 15
22008484 11
19988593 6
178998576 6
241006026 15
60010199 0
59983639 14
40008596 5
340 1
3350 7
270 1
19999743 14
179990106 9
389 1
6560 10
80003651 14
19989344 12
320 1
20010342 9
20003533 8
2770 11
19985973 5
20005813 3
219995213 14
60007519 5
37986154 9
3340 9
22009645 10
2890 2
79992392 0
3400 7
2820 7
3260 5
19705666 9
16983851 10
63002291 6
5980 13
3369 9
8994196 2
71018536 12
540 1
3360 15
3090 15
19980883 13
3670 11
49991663 0
8985706 6
11011637 4
20011933 9
20005172 13
69976146 14
680 1
20001533 10
80001472 0
6930 12
2800 15
19998693 7
3360 5
3140 13
79984002 0
60015398 8
320 1
19083692 10
40905367 6
60001349 14
4810 3
18987923 4
1008550 7
139995131 10
9490 11
19991873 5
169996010 3
2720 2
10015607 5
39999525 0
138984501 3
111002332 14
19996143 15
3560 2
90023318 6
4710 11
19994343 0
9973776 4
119994357 15
9930 7
3010 14
19998803 9
360 1
19996703 5
27992378 13
2820 13
12015778 11
39988256 14
2740 15
19996933 0
7180 11
19991363 9
4870 15
8991836 10
81001892 6
59998399 3
9970 12
3390 15
48986002 4
1005701 14
19995483 12
49994832 15
8005895 14
52014424 2
390 1
19981203 11
7950 4
7990445 13
12006518 7
20014163 2
19983103 9
360 1
159999344 2
60006248 12
340 1
79996641 4
3340 10
7989555 3
1003080 11
10997647 0
99714737 9
31360 12
58972338 4
4300 8
3220 9
1005381 12
3410 8
19991773 13
19998513 0
19989343 14
25260 8
79995142 13
19020 8
39984115 13
4591 3
149976547 7
90027108 15
18968423 5
31001960 14
40018485 3
2731 2
4409 5
3350 5
2870 10
3190 14
19973214 3
18991112 3
3550 9
1023950 2
3540 11
29973350 3
996521 7
3150 8
79013201 11
9992106 15
219014292 10
14040 9
40969937 5
20004343 3
4480 12
3150 12
3290 10
4390 10
4149 11
20965295 3
4111 11
59018179 7
100009144 9
39979856 13
19996953 0
129994095 11
1720 1
40020225 6
188976073 14
5170 8
206528 2
3550 3
21789776 4
19020722 13
3651 11
3360 14
19977573 3
109995422 12
100003455 15
159993114 14
369 1
10005327 12
3080 14
29995979 5
40004546 8
3380 9
5180 2
19988673 7
450 1
400 1
17987782 4
310 1
2006711 13
3200 7
3650 13
4640 7
3280 7
119977048 9
18720 5
19994573 9
6120 3
59989889 9
18995272 0
1005081 5
4010 15
1500 1
119984958 0
20021632 15
2810 0
3320 3
39698778 8
160004243 9
3050 3
6950 9
99997525 6
3240 10
19983443 2
380 1
140003511 8
19994213 13
59996829 0
40032296 11
39988786 4
3400 10
79977202 0
19800 6
280 1
2770 3
39975866 13
9240 12
3450 15
40001126 4
4240 6
19988333 15
2890 2
30015089 13
300 1
29985240 5
90000888 13
330 1
370 1
98992354 9
2700 3
420 1
3110 6
2060 3
2980 15
2830 0
2880 7
210987717 8
20000813 14
2760 14
19997923 8
159986824 10
34279 7
79970713 0
22169 6
19985664 7
2900 14
29995569 0
3240 15
69984325 4
8240 8
40019766 15
19980323 12
39992666 0
9005496 5
131009795 13
2780 4
2540 0
60002809 8
19977653 12
32559 7
2620 3
19982604 5
3660 12
411 1
8981796 5
9999886 4
1000351 6
3069 5
3300 13
20012032 0
79995502 15
199994460 14
6490 11
3210 2
8978876 0
2590 0
71004036 3
2330 2
90011198 9
3460 6
59968389 7
50008852 9
20002702 4
99999195 6
20006573 8
2820 8
3130 10
119983128 7
30000659 8
30018799 11
190980165 6
2751 9
3030 9
3010 9
8730378 2
19995513 6
39998916 14
129999584 11
3580 11
60011318 4
19995933 0
38986756 3
5051 10
3640 13
3449 7
81983733 9
4050 0
19010612 4
3900 14
3060 4
19985713 2
20015683 12
59987249 10
560 1
3830 6
3200 15
7985115 2
2460 0
2880 4
11998038 7
6420 6
2740 2
2660 14
27987958 5
32015331 11
59985828 7
20011903 6
58986619 4
994010 10
9030 2
2740 11
2820 10
59992769 7
15630 15
2820 10
2750 6
19978313 0
3470 6
20003433 5
19995033 8
8993716 8
11003687 9
340 1
4380 8
2970 10
3490 7
19992373 11
19987463 5
2740 0
19997513 3
300 1
18002592 13
72004176 2
6600 14
90014979 11
19978342 3
20016802 3
3100 2
18976033 3
191006994 10
1000411 3
3230 7
330 1
19009023 14
29988679 5
60001189 5
7989355 15
4230 2
72000826 4
380 1
20000254 11
3219 11
9031566 6
3900 4
10968558 3
7986906 7
2890 14
3790 7
3200 6
12002267 12
17986012 7
320 1
12008668 4
20019463 6
90973779 9
19003192 13
8770 9
19689026 8
23530 7
19972683 3
4820 14
2700 9
3280 14
69996935 12
68006624 10
2003042 12
3650 11
117974056 5
52031034 11
27974798 9
370 1
3610 8
3120 9
2980 4
11990138 11
330 1
50017282 10
19993073 4
6660 10
19973513 7
100016085 0
11984388 13
3240 0
3780 8
28004718 5
2320 2
49996872 11
67994034 11
9995467 0
2780 2
2019441 12
360 1
19995713 11
3380 8
59992149 7
9000 13
219989582 9
139996621 11
19998373 9
8330 5
78983571 4
61010710 2
3540 14
2571 9
3089 6
2920 15
351 1
19987243 13
30002499 4
29994179 10
8989556 3
3891 9
3049 8
51024073 7
79977322 4
8998766 12
11006117 0
3320 6
2790 6
3050 6
19980043 7
110023541 3
1170 1
7710 3
29978440 11
460 1
59997399 6
18992592 3
4670 14
5050 11
380 1
70994236 0
60027398 13
98971504 5
4210 14
3820 8
10530 8
4410 2
1001230 5
19971834 2
39999665 2
18310 3
8250 12
119982228 0
38991066 15
3849 10
19996513 5
1024831 4
79979462 0
69999255 12
70004416 2
49988102 11
3550 3
19707066 6
19997703 13
30012279 5
19998643 14
19984383 15
11990 8
3370 12
19999433 15
3740 13
129993604 6
3060 2
500 1
30013020 7
12639 12
39974257 14
139994442 5
109997681 10
28004838 9
12012367 11
520 1
29975270 4
20004223 14
19210 9
103980187 10
56008326 3
159998884 7
19996783 3
11950 11
19991883 15
3830 12
16390 4
3130 12
4240 11
58962028 2
1012950 5
29993569 13
630 1
390 1
9970 3
39988316 11
20018123 8
3670 8
18973963 4
1002900 0
59998719 10
20004023 5
279001841 10
1004780 6
21987514 0
18014432 10
3030 11
600 1
3000 0
4300 0
3110 12
69986915 4
520 1
3360 5
7979376 12
7240 11
3480 7
3470 4
31980671 5
18420 11
19983693 0
3220 0
1940 0
3280 2
19139 7
5610 5
3430 13
300 1
59990179 4
19992473 0
19985973 7
40003356 9
19002752 13
60988330 5
2005811 12
58012298 14
19999213 4
20002704 8
5060 2
4060 4
2860 2
3900 4
19979233 8
4100 5
4000 6
19987413 9
3400 6
3311 6
3149 13
39978186 10
67732306 4
3751 6
12021797 14
3170 9
69970126 4
17610 14
3440 14
3191 10
2831 0
2909 14
19973993 9
14740 4
9084635 12
10890438 2
2931 0
20740 6
29977730 10
80025851 5
59988259 0
99983805 14
40015006 11
20024043 6
18967893 14
21010254 9
3340 12
19981763 13
34800 4
3210 11
3220 8
19982503 3
20009423 13
3620 4
480 1
39968626 11
29990559 9
4130 14
20015663 7
80001692 7
60003509 11
480 1
109977021 13
18000952 14
22009654 12
19988523 0
370 1
11040 12
59991119 11
29993809 15
2509 0
60018269 3
3440 15
2950 5
61985860 14
3550 10
5992374 13
72006827 5
60002829 5
89982479 2
6480 6
40013336 7
2950 3
19992243 14
40988826 8
19009313 3
489 1
8990516 5
11006417 11
39997215 2
39994816 8
120027958 6
3410 15
2760 2
3690 0
3380 15
2820 15
19962413 9
50010872 0
460 1
19987903 6
4940 11
60004309 3
3470 9
39993806 4
20011673 13
2730 3
59990389 4
17987742 8
2017481 12
7983375 8
12009348 4
3790 11
3330 11
3350 9
39972926 5
3280 6
