13210 10
19967888 19
19998798 15
9004878 4
6870 9
10995390 6
19997608 17
40017996 12
6480 21
59978464 11
79989152 6
20007927 17
8992638 12
51005825 19
13180 1
39999936 12
19973248 16
12410 22
17759 20
19975488 19
26310 20
7540 15
19971988 6
19995378 13
100024189 22
8840 21
5180 19
8540 1
19964438 9
19995508 12
27140 1
5550 17
19961848 18
20011508 20
20979369 4
4080 7
440 23
39005105 3
16330 5
5490 20
19976298 4
20009178 17
20007298 18
20007347 11
19976609 3
6680 12
19994918 16
4769 20
14570 2
19984108 18
19982628 21
80015042 3
5000 16
19984198 15
18920 15
8830 15
4520 21
3510 22
3900 19
69985403 4
59982653 2
17760 6
5650 18
3370 20
11310 3
19986158 9
9077637 22
71891475 6
19003827 16
6660 7
20017818 5
7290 13
119978357 14
19992478 14
16250 3
4030 18
18220 20
370 23
5580 2
4640 7
9977869 14
6130 11
5410 18
5070 14
4990 22
19937468 10
110014898 21
19994708 18
4900 20
22940 9
5530 22
39993146 6
39970725 8
60004443 20
6830 18
10240 19
6600 9
370 23
19981188 3
40033195 20
12140 17
19949139 0
20033297 2
7920 2
6380 19
19940408 14
2140 23
100008329 11
80005752 14
19997278 20
38959 2
39981746 13
40005126 11
130958907 14
9013828 9
3890 15
7790 14
10280 14
4770 22
4900 7
7080 14
9309 13
19949499 4
13240 8
20009 5
3500 22
5940 5
19954139 16
79988521 21
1280 23
20005848 13
10150 11
40010056 15
19991047 12
20010128 5
4690 3
19988288 17
13370 14
5680 3
59996933 11
19985167 14
6300 0
8090 19
400 23
79987572 9
19995478 6
11419 18
59969854 6
20010607 21
37430 14
99948669 6
40016375 9
8999578 4
5250 4
7190 13
14030 14
10960570 22
14870 18
6230 10
4090 14
8310 14
340 23
6410 2
99983059 3
5860 12
8790 18
39971856 16
7640 7
5280 0
59990623 16
4710 19
4980 1
39994826 4
49985075 8
350 23
20015397 3
30009277 12
9060 18
12090 1
19968598 16
60003473 10
19980378 9
40018985 19
5740 18
4630 11
19995368 22
19999698 18
60009293 15
59999344 21
19978678 22
19450 5
8669 0
39984147 3
7551 15
9469 5
19985038 2
39974286 3
21630 7
39972426 9
100018509 4
40003976 8
59992613 22
19999278 8
15450 13
5470 0
79984322 19
59997434 12
20000488 19
470 23
19999768 3
20000708 8
420 23
17749 18
19979827 10
19982747 5
9291 22
20003967 15
10540 0
11220 14
6340 10
6150 13
4540 14
8160 14
19989218 11
19976208 17
19972578 9
48023902 8
6700 11
3740 8
4780 11
3720 22
360 23
5910 6
11970111 1
20009998 17
19997378 5
20003378 19
21970759 4
349 23
18022576 21
20016708 3
4950 17
39970976 16
6010 19
20030318 2
5831 5
8060 0
329 23
7651 1
59953333 20
12360 2
4920 10
7974037 4
3629 8
11997301 12
5500 22
6910 13
19985138 14
370 23
9600 17
6390 7
8330 1
5900 22
4490 15
9510 8
3710 17
39967186 19
19975218 10
7060 18
40008195 7
24960 1
930 23
59974464 8
59992413 16
11480 6
59984393 17
20012438 17
19974748 5
60030713 0
4870 6
19982738 10
4030 7
40025575 21
5211 15
19976247 22
19979779 4
60004963 21
3230 22
17880 5
5890 3
39983056 14
19990338 11
20004257 20
28986376 17
4491 7
4039 19
5580 19
5140 2
4520 7
30989088 3
19997078 21
19982008 17
60000564 8
15640 12
20013498 9
140004935 17
19988118 15
40021105 3
4920 17
19974908 16
12900 13
6290 3
19978368 0
3810 19
982551 22
11820 14
5020 11
129000255 2
10640 5
4770 10
99982779 16
4830 17
11440 15
99975920 16
24179 5
1500 23
39986996 2
5910 13
79989892 21
6620 10
6090 20
99971089 5
5310 17
4310 17
37620 21
19951398 6
30014037 4
20007958 16
16879 0
7962338 8
6140 0
52004766 11
7420 15
4860 7
550 23
5850 18
5090 11
19978138 3
40003445 2
59971614 16
101005400 17
39007665 16
15490 19
19976148 7
20013148 11
39984716 6
10016849 21
389 23
4840 18
23350 12
9978609 15
19993068 4
340 23
6930 7
59994094 21
4770 9
360 23
39985995 16
7089 4
80001962 6
15610 13
159976813 8
16740 1
19991598 19
14909 0
3190 22
19979008 11
80003822 6
20012528 6
19989938 1
20013968 7
140961046 21
4810 8
7002586 7
11992051 13
21001909 16
6640 19
8380 1
9011428 16
19995338 22
440 23
4080 12
19982517 0
19998369 7
60015993 8
60984614 17
5810 23
39006505 22
59976914 2
9019468 5
51008625 2
19999068 2
19988918 17
20011038 16
5300 15
19980868 11
80017961 4
59990314 2
19998047 21
20018558 1
19981618 5
28460 3
6980 0
19982178 16
9420 13
59952914 5
35819 12
7310 0
40002546 4
7955877 5
32028138 3
19995278 8
5270 9
6479 13
7429 8
79981442 22
19991748 8
59996443 7
40002715 7
510 23
8989218 12
6289 0
3100 22
4670 20
7630 19
5400 8
4220 22
8100 7
9180 14
10960000 6
5050 8
6470 7
80000001 5
16780 11
19962828 2
6670 5
70008743 4
380 23
6160 7
59992273 14
39991116 16
20000468 16
20009768 10
20859 13
8962529 7
3840 7
11010959 11
40005946 11
4560 20
6190 13
7310 13
520 23
19953128 21
310 23
35210 13
39992446 21
6650 10
19994388 4
40009015 14
19980018 10
20022588 9
5670 0
59958924 8
21589 14
451 23
251 23
10004549 17
10004269 14
19980558 22
19996578 10
20021648 8
5730 19
39971716 22
12830 15
490 23
15080 2
39987945 4
4390 15
4460 2
39972126 22
5670 1
5990 0
19975998 22
10023439 16
40016625 5
9360 4
6430 3
19968989 18
9609 13
5570 6
19998498 5
370 23
59957604 9
38120 17
19965718 7
20018778 15
20002087 14
5600 15
5450 21
39964726 19
20020188 18
6250 15
40007766 6
4020 18
4980 19
3651 18
48964054 12
6899 13
4660 15
340 23
11002280 9
99990120 5
20014277 2
4930 20
4650 20
19981948 12
5480 11
7790 13
3900 13
7290 18
79974831 5
39994815 4
40017266 6
19981528 1
8810 3
19993438 15
20015987 14
20007728 9
48976444 5
5250 5
7140 5
5820 0
110979239 7
20510 1
3930 18
39961886 13
60019633 4
19995838 15
20001668 14
4210 20
19992098 13
12080 4
8960 3
9720 20
5470 3
9940 19
5640 16
9048418 8
90900142 9
4770 22
19998358 19
8500 13
39992126 14
12959 19
4849 9
19979778 13
11800 21
19988318 17
6390 21
19985508 17
13110 1
39993436 11
27992375 17
12005211 12
40002655 2
16520 1
5840 7
6020 5
9610 18
5800 18
39966976 21
4580 21
60026733 3
5040 7
4850 7
4420 7
19944438 8
40012736 6
3940 12
4170 12
7340 9
34269 18
19937989 17
20023897 0
5049 22
5700 9
19958858 7
3171 18
70007562 3
3990 13
89986971 2
20000698 2
11450 8
1007161 21
4060 17
4600 17
6560 14
4970 9
18943287 6
21810 9
410 23
5650 4
19976148 2
100016319 8
19992788 11
10012839 6
19992228 12
440 23
19980788 14
26660 8
79993011 12
20018978 2
19974118 3
20004678 21
994571 4
5960 11
5620 6
5740 1
4510 17
18998607 13
5040 2
4900 6
5760 6
6230 6
19956638 4
7994857 4
52024397 21
5290 22
39975706 6
20008238 22
7730 19
20002058 9
5480 0
19987738 9
19992708 21
39992146 9
4380 18
389 23
271 23
3360 22
4500 18
10006708 1
9988679 4
3980 7
39992695 18
11270 7
19992278 10
20015658 17
6139 11
5200 0
500 23
4229 17
19960108 12
40000305 0
20000718 0
20003408 9
19997808 4
5710 13
20012788 20
79989981 6
20002328 9
19997938 22
18000 0
6490 17
19955388 1
23740 1
20008107 19
6350 1
19975698 22
1370 23
20008948 2
19973118 19
20021758 7
20002828 22
40006325 9
19990548 10
11320 19
19986778 0
89991780 3
20004108 13
7870 11
20001588 19
19988628 18
950 23
20003608 1
59997844 4
19920 9
5160 6
9660 5
19956348 15
20014288 5
5710 22
40001976 1
15220 9
19977268 18
20040997 3
19954318 19
5880 17
7240 9
59973594 2
40026616 21
20003197 17
420 23
1420 23
19973248 11
20006268 1
10270 7
19987948 18
20014528 21
39997026 6
19982978 7
14169 11
14330 1
119986748 2
19974309 7
20025447 10
39999536 12
6210 18
19998528 1
40012685 2
4030 15
19978018 7
10960 3
19998998 17
370 23
4160 21
5130 6
59981013 2
120001618 6
20005758 20
5491 0
19976658 14
20409 0
16750 6
28966146 5
3740 20
6090 4
3780 22
11019520 3
19976848 16
750 23
59989493 5
60008913 7
5620 1
6600 1
7100 0
3850 17
10820 21
5469 9
460 23
271 23
39942396 12
19260 9
19990097 7
19996007 19
19039 19
19979718 7
40008406 22
79999951 21
67983651 12
92022222 16
18960 3
5920 1
39964396 10
19992878 15
370 23
7992717 18
4300 20
12012240 7
19995069 2
20014958 21
8978928 12
460 23
11022800 0
19996798 19
7976647 1
5680 11
3460 11
19990868 6
32007649 5
20015477 5
4320 11
19995728 0
4820 11
10660 13
59984643 8
19975358 16
16969 0
4491 20
20008637 3
4950 19
19991568 9
19990428 7
420 23
49010 0
5809 6
5180 6
5460 0
19929578 10
340 23
19995428 8
50015124 16
19976848 22
37020 13
3740 16
8958288 6
6950 18
18000 2
11001280 9
6140 20
4540 16
4570 2
119975867 0
19988888 8
79998111 18
39988935 3
8007567 14
11988711 21
8011147 7
13230 1
4300 12
111988140 8
40008566 9
12720 21
4640 9
19971558 6
570 23
250 23
19988247 15
31950 10
22300 8
6830 19
4050 19
119959647 16
540 23
6579 9
4810 15
4290 9
5270 11
460 23
17290 9
39943426 13
10670 0
17200 9
9330 13
79970321 6
9171 0
4609 18
3920 9
12966082 5
16995296 17
18005596 2
2016352 20
60002284 9
19994828 5
998170 15
19012776 22
11330 10
39994246 7
19982028 5
60002693 9
440 23
60018733 13
17830 21
207947496 4
22010979 2
11500 15
720 23
19990038 13
4490 9
5020 20
3900 10
119979127 3
39999456 8
19989318 0
5790 16
18100 13
39995235 9
120008498 8
59991453 2
5190 10
7270 13
59994324 14
39991626 21
8110 11
8300 19
5330 6
700 23
39973626 20
10340 19
19993718 0
20005718 4
5360 1
5840 0
5140 15
59991643 17
39982356 16
100002939 16
20014768 3
19992358 1
4620 10
4410 19
19982128 8
20004038 8
6549 20
12540 14
59992614 2
8350 0
5430 10
21957390 16
28018995 14
8985738 8
51017815 14
7630 15
3670 21
79974902 18
60018033 17
19987828 19
20002698 19
19983558 20
20033557 17
19974989 10
489 23
20010177 10
20000738 1
40007566 4
19996768 21
20012907 17
5790 16
8440 10
19965569 14
140018714 21
39988256 9
11840 4
6460 13
119968637 6
160020783 22
5590 19
410 23
8460 0
19978428 14
7560 21
320 23
120963698 4
3970 11
19030747 3
5029 21
19960529 2
40030465 14
5110 18
24160 9
360 23
19969028 21
4570 15
39985916 17
21980 3
79982571 8
19993618 11
19986538 19
23800 6
7940 7
19994288 0
8809 10
5429 3
35830 15
1922302 17
18010496 19
20149 1
19988978 8
19975167 19
30140 11
8280 2
79985042 22
4120 22
6129 0
6611 6
4391 9
39996315 5
19966928 14
22520 22
19997368 12
6660 3
9985249 12
4380 12
19985878 13
33380 15
19964868 22
20006488 7
20008228 3
60023784 5
