9700 9
14140 12
6110 0
460 3
9880 10
5959 8
4220 1
4749 15
4440 4
10320 0
6189 6
6720 1
2121084 7
20025997 11
5770 10
9810 14
11380 4
4460 11
7290 8
4840 6
8970 9
46290 13
6431 1
5100 2
7549 8
23929 15
4740 0
6960 9
8750 10
12600 15
3540 2
4050 8
3440 0
17350 15
7370 15
3060 11
4670 5
340 3
3290 4
4069 14
5509 10
6780 8
5489 14
5731 0
3100 6
22510 13
4140 9
3840 14
5600 13
8120 5
34820 0
17640 15
18670 4
10830 12
10930 10
17880 5
13720 5
7910 8
1840 3
10540 10
7750 6
11770 13
15380 10
10720 14
1420 3
16570 9
7090 13
6340 7
8200 11
54969 1
8840 13
30480 10
12500 11
11640 15
12549 5
7369 15
7509 11
6760 12
9869 10
7640 9
12590 5
9160 6
13570 0
7380 2
14930 4
6090 11
6990 13
15400 7
16099 6
12251 5
6751 10
47109 13
8670 9
8150 14
8860 14
17220 4
3040 2
5650 10
40129 15
3840 8
6425471 7
4850 2
4080 2
12200 12
4160 5
4910 15
12250 9
5450 12
3430 5
320 3
6880 12
7911 5
10190 13
5260 12
17260 13
10070 1
8350 15
7010 12
3850 15
3430 7
4290 15
9340 8
17400 15
4060 8
5000 9
12909 8
4480 1
10820 8
5219 9
8340 10
7840 10
3910 8
5390 12
18540 9
7580 13
4820 6
23770 14
7080 1
4390 4
3880 10
4560 5
7060 14
9260 12
8760 12
59714854 11
19950628 7
6219 12
17890 4
73320 5
47849 2
8330 14
9169 6
44670279 7
15100 14
12150 4
3930 7
11090 15
5300 6
5090 6
4640 2
9080 15
4210 12
5800 8
11290 4
5010 8
11610 8
2940 6
5120 12
7860 14
17889 5
10880 4
600 3
291 3
3389 2
3789 7
6310 1
5380 12
460 3
4400 0
5680 11
250 3
10790 12
4270 10
7420 15
4814243 8
300 3
7630 10
6140 10
3630 2
4920 0
3650 1
4420 14
3670 8
4370 8
9580 0
3890 7
14960 9
300 3
4640 15
270 3
5281899 13
13140 5
9951504 7
680 3
13170 15
5440 5
45360 7
3430 11
3960 4
4780 15
4830 8
4370 7
49918489 13
4480 14
11730 14
59996452 11
5920 15
6780 10
29982591 7
8630 14
5710 8
169987122 11
8930 9
450 3
3610 6
5470 15
4900 1
600 3
4570 2
49977229 7
7560 5
5910 12
13640 6
5871 1
5499 4
6850 5
9943694 13
9991464 7
3760 2
10014314 13
3560 2
4900 0
10380 9
7810 10
6309 12
5340 0
4191 8
7640 4
3289 13
460 3
8610 1
6590 9
4230 12
4730 1
4520 8
670 3
15760 15
4440 1
340 3
6680 10
7600 15
3620 11
4350 1
5020 5
33895691 7
4410 5
29990 15
6060 1
5300 7
460 3
5740 14
8520 9
4360 6
29918891 13
70350 13
21910 13
4010 3
13020 1
11909 12
9879524 7
27080 0
450 3
9200 15
520 3
5620 9
33350 2
4440 4
5030 0
8200 5
6190 9
4910 7
10170 2
440 3
5380 5
10760 10
4600 4
8810 6
4310 2
650 3
20350 15
9230 8
6920 4
27844588 7
13459 10
5509 1
69979426 11
7760 2
5251 12
52320 10
4980 5
9510 1
4850 12
5410 0
9310 11
19929678 13
8430 15
3180 2
9983013 7
490 3
6210 9
51750 10
49922299 11
5040 14
21570 6
4110 0
6240 2
5320 4
4479 11
4000 14
4451 13
3740 8
4091 8
7549 4
6390 15
400 3
6040 15
8610 2
5150 8
3760 5
5680 10
9911735 7
4460 14
3730 2
5100 14
4010 7
4180 5
3950 4
33370 10
59923413 11
5720 15
1140 3
6600 4
5319 5
5551 8
6560 10
4751 2
1160 3
5491 14
5079 6
4110609 7
8420 7
35240 10
3879 4
40850 12
23880 14
8500 3
5110 0
400 3
5140 5
10849487 13
14670 2
4020 6
5840 6
5930 14
4380 15
6690 9
5760 12
5030 5
4870 8
3990 12
8963231 7
8360 6
6500 9
8450 2
5010 1
3690 10
5830 6
8890 6
4470 14
12650 13
5260 7
3750 5
46759 10
29872372 11
10004334 13
9460 10
6000 0
4230 14
5060 6
4920 4
11880 6
14900 7
5510 1
5010 15
7560 5
5270 10
4270 14
640 3
5750 6
4080 12
4650 4
4780 9
4880 10
4150 13
590 3
12030 6
4640 12
4100 8
4851 1
4769 0
4960 5
5380 15
5950 5
10050 13
6690 0
3820 7
4330 8
4920 14
4940 1
3990 10
4750 13
530 3
824554 11
3770 4
9369 12
4880 5
4351 5
12751 2
5450 8
7570 0
4050 10
4380 14
4400 5
7240 9
4130 5
520 3
4010 1
4160 12
5903775 7
5280 12
7030 10
4509 11
8484036 13
5840 0
5200 12
9983864 11
9985324 13
9130 13
4200 13
4590 5
6810 14
9980214 11
5580 1
4730 7
29991381 13
16990 5
840 3
6040 10
6060 5
10952566 7
5910 4
5000 7
5960 8
5470 10
5190 4
5300 12
9150 9
4770 15
4880 7
6370 4
3550 10
4040 7
6540 15
5360 15
6769 14
7900 15
3940 15
4560 2
5010 0
5470 6
3770 2
5350 1
6870 5
660 3
5220 4
4640 0
4050 2
4890 15
4500 10
4660 5
