10399 6
34920 12
49925849 15
9997744 9
5540 6
6390 0
4230 6
3560 6
10890 14
4850 3
4600 8
5520 12
5969 9
4991 0
369 2
11851 12
19938437 11
6830 10
8260 3
7090 13
19964568 9
18230 13
13550 1
4780 0
6420 3
300 2
4849 6
8029 5
4560 9
11311 10
3939 1
7180 9
5110 4
4670 1
8090 12
8390 3
69909107 7
10590 5
5240 3
18809 13
7909 5
6880 13
3439 7
4290 14
49935399 15
9920 6
4311 4
9971683 11
7440 14
4480 5
320 2
5280 10
18050 13
5670 8
3650 11
27955517 15
5370 13
10990 15
4890 12
17039 12
4300 1
5069 15
511 2
6119 1
7240 6
12680 10
6360 4
4490 3
3940 6
4250 6
8660 3
5160 14
4540 9
5090 6
5180 8
6550 0
11876639 7
4630 7
4540 1
5770 11
6150 14
6670 12
4720 1
6060 13
4350 1
3480 11
5120 10
5110 11
10210 13
6130 6
26759 13
9911785 15
10630 8
9984723 11
5109 10
6051 3
500 2
7420 4
5320 0
12119 14
4180 12
7580 9
4490 11
29946772 7
4710 10
3490 15
14389 0
4840 8
340 2
4660 1
5680 12
5180 13
4670 15
13350 14
5870 1
5830 10
10150 2
3220 15
6520 14
5570 12
5140 4
10260 5
4980 3
7400 12
4560 14
5630 12
4890 8
5479 3
38910 9
4590 7
27300 9
4700 8
9940 14
430 2
260 2
4840 4
10130 14
7770 12
4460 3
4000 1
18979 13
4251 12
9091 10
3511 6
3380 15
59855893 11
102009 15
9774846 7
32160 8
34050 1
42930 0
14429 7
35919 7
22340 12
42480 15
9747756 11
9998653 15
19680 5
21470 8
33750 10
17280 12
29279 13
18800 6
29879512 9
23200 10
27810 3
22699 3
19260 5
49894109 11
21890 15
28149 0
22260 0
22870 7
20680 5
15960 9
21150 3
26140 15
23620 6
20310 10
29180 12
25730 9
18650 7
12349 11
29270 9
370 2
40460 10
616975 8
20690 11
48820 15
41610 6
26180 13
29930 14
30630 4
14750 10
39599 6
43220 15
24460 5
42549 1
25619 10
13000 8
24900 8
7260 15
30720 10
12400 5
23980 15
13680 7
21830 6
380 2
45060 3
23150 5
13449 10
43859 9
23540 15
440 2
51260 5
49599 13
12460 15
28040 12
3830 2
27070 14
23499 13
340 2
24200 9
54509 9
12410 11
25060 8
21359 14
19750 14
18740 0
42520 13
14160 3
41249 1
12659 9
12450 0
410 2
60880 5
37789 14
14360 5
25570 4
41740 15
14150 0
19350 7
23930 6
11950 8
33310 1
540 2
43980 10
21630 12
12429 10
34859 12
16930 3
14060 1
24270 4
320 2
48309 13
22250 14
14550 14
23330 13
520 2
51679 7
36469 0
15400 0
14000 4
41470 5
620 2
45789 11
22620 7
31540 1
18760 8
24790 0
45319 13
27700 11
11120 5
25690 12
420 2
38229 15
37210 11
14260 15
46800 5
410 2
22439 9
320 2
52310 12
22840 6
370 2
46160 5
23630 13
28230 5
20850 3
450 2
57500 0
30929 13
25920 5
39960 15
24770 0
83199 9
23840 7
11500 7
15420 11
15159 11
15320 15
12131 4
14550 1
390 2
53380 8
31440 11
25099 15
26580 10
24080 11
38810 8
19570 6
12969 15
9191 7
34970 0
23140 1
38500 6
15690 0
39019 4
14470 1
24020 9
390 2
55160 4
25200 5
15499 7
14360 9
24930 4
12350 8
46400 12
21569 13
30580 15
26650 10
20700 15
33610 5
26899 9
9370 7
16200 8
8560 11
21390 3
13360 6
7550 8
36130 5
7451 3
29780 10
22270 6
24780 0
18910 11
14289 7
8589 11
16500 7
32410 1
22540 1
32150 0
22720 7
22540 6
23180 6
23440 15
17490 9
16250 5
34139 4
19190 13
14850 0
11190 11
40310 11
21660 4
48339 9
22260 7
15460 6
45330 11
13890 8
9869 14
17989 13
26590 12
23400 3
15940 12
26860 9
431 2
24300 12
11249 11
12770 1
16650 15
18900 3
13050 15
22050 9
23859 7
12660 5
22349 6
12190 14
26100 1
34700 0
13590 11
18689 13
471 2
47919 4
19620 11
21630 5
470 2
49779 11
15460 10
13130 6
26220 15
19860 7
18500 0
8850 3
14029 1
9960 4
390 2
40400 3
12840 6
17290 1
360 2
38650 7
17100 4
22320 11
22230 1
28790 13
8520 3
8550 5
7090 3
25910 3
13699 14
25240 8
23880 14
12490 11
32760 10
12390 9
43570 7
460 2
23190 10
7690 3
25030 6
23559 13
17389 8
21699 4
27530 6
40530 14
15300 13
17649 8
18020 9
15460 12
14820 6
119639 10
16230 14
14200 11
30030 8
22880 15
19470 5
9200 3
8839 11
15560 9
28650 15
8600 3
19990 7
36880 8
16099 9
13960 14
12640 8
7640 7
37530 9
15370 9
610 2
46339 1
12630 5
25500 10
400 2
57930 8
19660 12
34020 0
22510 7
7850 3
20690 11
24519 13
21129 1
18309 4
12430 6
25880 15
9740 12
21070 1
45370 1
8490 4
32620 0
14780 7
18690 4
26180 9
11520 12
15411 3
17619 15
7550 6
25190 9
8140 9
13340 4
23250 11
10900 9
25960 9
8480 12
49620 4
14980 14
27290 15
9619 15
15929 13
15879 7
29840 7
13660 4
27450 13
12920 0
18779 11
14940 12
19340 15
12700 5
19010 11
2890 2
26110 7
12150 0
9100 9
400 2
5100 9
35689 7
13470 7
12740 14
7930 6
11840 10
13210 11
32090 3
8569 13
380 2
12291 14
11651 11
25800 10
19940 15
9330 0
9080 13
33330 14
25400 4
11460 14
21640 3
18390 9
8530 3
410 2
21990 12
30690 7
21809 11
14949 10
18540 6
640 2
19510 9
8060 3
8460 3
18760 12
7960 1
6460 7
18890 9
25300 7
19900 14
11990 7
7570 12
41150 7
20000 1
12751 13
10490 14
18910 12
8730 14
12220 5
12900 11
38410 1
430 2
28969 4
8120 3
8770 8
7840 0
14660 3
15660 10
8860 11
6850 1
16370 7
16030 14
10719 6
6880 5
11500 12
10839 0
13060 8
7120 15
8360 15
7340 5
38400 11
11400 7
8970 9
9080 12
8960 3
12739 10
7750 6
18320 15
15290 6
17900 11
9410 12
8900 11
15070 15
17889 8
5960 7
11609 13
14840 9
7250 4
11420 4
40100 0
9260 1
6670 1
12209 10
7460 9
7331 10
13940 14
7660 6
18830 12
14610 3
6440 7
9370 8
8360 4
10950 0
8180 6
27339 10
7380 0
7680 4
18060 6
24500 7
15510 3
8170 0
10710 3
14020 10
8830 7
420 2
15419 3
18980 0
23470 4
11540 8
67570 13
11671 6
8820 5
1009 2
11919 4
7630 1
9200 4
8230 12
13710 4
8400 8
16660 1
7920 0
8850 4
14190 14
13331 3
6680 12
9828814 7
33199 15
9290 3
400 2
17240 3
13210 4
8730 4
8870 0
7640 0
8120 6
15289 3
6209 3
11680 0
7629 14
9300 5
8750 3
12410 10
16810 13
12380 6
11160 7
310 2
24500 4
8570 15
14689 9
6980 6
7580 0
16370 10
8780 5
8380 14
7220 8
10720 8
7750 10
32330 6
13079 1
7849 4
7680 14
8549 13
32540 8
9220 8
10770 4
13510 14
10280 10
8520 8
12550 14
21279 10
13889 7
7940 9
8400 7
8670 3
14860 5
8960 11
19020 10
9300 9
6990 7
11870 6
7980 0
27619 3
7120 15
7870 4
8830 10
6420 7
34680 5
8980 7
10060 10
8720 15
8130 7
8151 3
9600 8
9500 10
11900 9
19670 5
12910 14
22250 5
400 2
20510 0
7570 4
8609 9
33339 9
10240 5
8510 6
20730 14
7030 11
13350 3
8190 15
9510 14
7140 4
8030 4
7289 11
7820 14
17320 1
8330 10
8560 8
11360 10
8090 14
15910 4
8090 14
340 2
14870 15
7370 11
9230 3
7360 10
7539 15
12911 8
7771 14
32110 9
12850 11
390 2
11190 10
13560 4
7880 9
23999 14
10489 11
8680 3
240 2
34690 10
380 2
16110 1
8400 0
330 2
15570 9
7560 4
7560 0
7120 3
8560 0
7449 1
10200 14
33269 3
14490 9
13830 5
8390 3
11420 1
9690 15
8570 8
14420 7
12069 1
5789 2
14900 3
11340 4
7440 11
11620 14
7030 7
8840 12
23040 0
9060 5
14150 7
16689 3
33379 12
10080 12
9640 4
8010 10
7510 7
8910 7
7810 7
25410 10
7889 8
6529 0
7109 15
7960 4
8899 3
8600 12
27740 11
7220 7
17460 6
24800 5
7890 8
7369 11
13749 7
16450 1
7830 6
24790 6
6850 8
8090 3
9460 8
7510 7
9610 4
21270 0
6969 3
7469 8
10280 13
7680 3
8470 6
6650 11
30780 10
9930 12
420 2
25410 4
7330 6
24070 11
10080 4
8999 0
10960 1
6620 6
24800 6
8550 6
14090 3
11420 10
13790 7
7770 7
7610 1
23560 15
9039 8
8890 8
8330 0
7250 6
9250 14
7680 10
21980 15
6860 11
7250 5
8130 0
11659 13
7891 8
24570 3
15270 3
9420 1
8020 10
14300 7
11280 6
420 2
34030 12
9040 9
400 2
13849 11
351 2
349 2
22159 5
10080 10
11250 13
10460 15
7460 0
11910 9
8060 14
8630 5
10110 9
6920 10
11329 3
8860 1
471 2
10109 3
7570 12
12960 10
9940 4
9740 8
12230 4
14740 10
9380 8
7480 0
16200 1
12769 3
360 2
12440 11
6749 3
12630 1
7780 1
7940 4
19510 5
7290 15
21410 14
8760 13
360 2
11930 15
10309 10
8749 0
8309 8
7819 11
10130 1
7690 15
12560 9
17880 7
9660 14
480 2
14370 0
12050 14
7970 4
13000 7
7200 15
7529 7
7510 11
8840 10
6970 9
7550 14
9590 11
9270 14
8700 0
7750 12
8510 13
7860 14
7900 8
27419 12
8749 13
380 2
14090 15
8380 14
350 2
13310 7
8800 0
8140 6
9050 9
8640 0
7530 13
12550 15
12800 4
9049 6
8120 6
8040 5
8669 12
7310 4
11960 6
8260 0
8940 9
9190 14
9270 14
7360 15
7640 14
10070 10
7210 9
7390 5
9169 1
7940 3
6980 6
12639 11
4910 12
360 2
14010 7
6780 3
7710 10
9940 7
25990 3
15700 11
10150 6
410 2
16759 9
33450 1
8740 11
350 2
12190 11
18340 8
6860 5
29390 6
8069 6
380 2
13320 5
8351 6
11090 3
7480 14
11570 9
7100 9
10030 14
7330 10
8510 11
10060 1
7590 11
207928 7
