37739 9
15720 3
19090 5
9070 13
8913732 11
8740 3
5840 8
9860 2
5160 11
50972951 15
5520 12
9830 0
490 7
19972118 15
469 7
6949 0
5410 4
6350 1
3850 1
19982538 9
7520 12
4640 10
20070 14
7800 0
4089 3
18949516 15
5080 13
4580 1
5870 14
5770 10
4660 6
8040 3
3890 11
4430 4
4709 0
3840 15
4129 6
6660 10
5649 3
4520 4
3340 6
8150 10
6720 1
5040 0
5610 0
5160 14
2870 6
6440 0
4980 8
5190 14
3920 6
7170 14
3510 15
4180 12
320 7
330 7
8270 3
4180 4
4410 3
380 7
10240 12
5280 10
4009 3
12320 13
6520 10
5980 5
5090 4
3800 11
5540 2
390 7
2831719 9
8070 4
4430 12
7929 6
5000 14
3871 6
4971 6
4060 8
57916299 11
6640 5
360 7
18169 13
7670 5
310 7
8210 12
4950 4
39966846 15
9620 14
9480 4
7500 9
5070 8
5990 6
5980 0
5280 1
10520 14
4930 12
15260 13
4660 2
3220 1
5490 1
5410 2
12319 9
15180 13
12919 9
4650 12
10030 14
3900 8
5030 2
4060 4
4360 4
4630 10
4670 5
4720 1
6490 5
4430 8
5080 3
8780 9
17756134 11
4510 12
4950 0
4720 10
5350 5
19998188 15
5720 6
6460 2
9840 10
5289 12
5431 15
4889 6
5360 8
290 7
360 7
5810 4
5130 14
5160 0
5290 4
3840 2
340 7
4620 8
6950 5
9840 2
6200 3
390 7
5190 14
5660 14
8510 0
9740 12
4490 2
6100 0
4679 6
4000 4
5109 3
4840 4
5800 13
7290 9
5040 5
5040 3
4360 0
20020 14
4320 12
4140 2
18784217 11
430 7
5180 11
12979721 15
11670 12
15860 11
6709 12
10519 4
3550 11
3960 1
4440 2
360 7
7330 5
6170 1
19941338 15
6740 14
37977320 15
6590 3
5100 12
5520 14
11860 4
22870 13
5910 10
6940 10
4520 1
5550 4
4140 1
21933412 15
66830 2
21910 14
46779 1
58600 6
42349 3
64960 4
20130 9
16930 4
15640 8
8632014 15
18250 4
35869 5
5840 8
780 7
25839 4
13840 4
23310 12
18870 6
49119 0
6020 12
6059 8
5220 6
25360 5
7890 14
29540 0
4400 9
18440 2
21350 10
9740 13
11110 5
19690 6
390 7
19130 6
9340 5
660 7
4616235 11
310 7
7900 2
6649 9
4760 2
5371 13
5920 9
3749 9
14890 14
4630 14
3790 11
15230 4
9000 0
9120 10
4670 6
5190 8
5120 5
6340 3
4250 12
3960 8
4010 0
5560 9
7799 9
19760 2
9369 9
4870 2
3590 8
5640 10
5540 5
4890 8
4880 12
4380 1
9280 9
8750 4
11450 13
4390 8
8390 6
3840 5
4050 15
4620 4
10450 6
6739 5
4411 1
3909 4
380 7
4031 8
3769 5
3900 14
3300 15
16330 14
24800 13
630 7
5670 2
9540 14
3940 5
7100 6
370 7
4040 8
5110 0
5770 14
6300 14
6870 3
4390 8
10370 13
4989 1
3720 15
3751 1
8569 2
6840 9
6430 14
4380 4
4210 12
9090 9
7080 6
300 7
7710 14
4270 2
3430 11
320 7
340 7
350 7
6350 12
6580 9
3370 5
5520 13
3250 11
6030 10
4160 2
3680 3
3530 15
4900 10
6600 9
4680 4
3869 4
9720 6
13790 14
4860 13
710 7
4960 8
8930 4
11040 1
4510 3
7350 13
4240 12
4070 10
3470 5
3800 2
4700 2
280 7
4970 0
3480 13
3940 8
3180 12
4620 8
4760 9
6750 0
3320 11
5129 10
4191 5
3600 15
3340 11
3911 8
4130 6
3320 4
4770 4
29310 6
310 7
360 7
4540 5
8420 10
4710 14
3110 9
3640 9
3400 4
4400 8
4440 3
380 7
9820 9
2960 6
4150 3
8650 6
600 7
7551 0
3371 15
10480 2
3889 6
3120 15
4310 4
3110 11
4500 0
4300 4
8630 3
9470 3
4580 13
4710 3
4960 9
3630 9
4690 10
3650 3
4060 9
6690 13
5300 4
3220 15
13220 6
5179 13
4591 8
3000 15
4329 8
7680 13
3120 15
240 7
3760 3
20149 13
14260 14
400 7
4750 1
10280 6
6700 9
3650 10
430 7
11410 2
4050 3
16930 6
11260 10
3131 6
4711 1
4220 6
4689 0
6189 14
4329 4
3340 10
5900 13
4100 1
3990 1
3530 8
3480 11
11600 12
3140 11
3690 6
4230 6
390 7
4240 11
6680 2
3480 11
3740 8
8850 0
3250 11
3050 15
3910 3
7030 0
3490 5
5130 12
5099 11
6691 9
3229 15
14771 10
4069 8
3630 11
3920 12
3130 11
3780 2
4300 15
54970 13
4050 3
11830 14
4390 2
5860 5
8559 13
3189 15
3851 8
3509 0
13749 13
3000 11
4710 0
4420 4
4170 14
5980 3
7310 0
5940 10
4500 4
3450 2
8780 2
10570 13
380 7
4370 6
3920 1
3350 11
260 7
3690 6
7240 2
3850 3
5910 5
6289 13
34290 13
3570 6
3450 6
4010 12
4390 6
3650 1
16790 10
9340 9
2880 15
4490 3
9890 1
3690 12
5200 3
3850 9
7850 14
8170 2
2859 15
4420 3
3860 1
3211 1
4329 8
10180 12
4119 4
4140 12
7180 6
360 7
4430 5
4080 6
4450 3
3130 11
5570 2
3990 3
4330 3
2800 11
10880 14
3630 15
3900 12
4230 12
7310 1
3180 15
4020 4
3490 4
5340 12
3690 5
3350 4
3500 8
3580 4
5771 1
6940 2
4009 13
4260 4
3420 8
3999 14
4610 1
16310 12
4030 9
13290 13
5530 2
12610 14
3910 2
3300 15
6400 2
11060 10
3880 10
4840 1
5950 4
33459 13
4240 4
3940 4
22420 13
3390 6
3990 3
5160 10
4210 14
2740 15
4190 10
3640 5
23450 9
6260 8
10730 13
10910 11
3000 15
3609 14
4571 0
3529 2
4380 11
3690 5
3130 15
3530 2
6230 1
17540 10
3100 11
3720 9
3650 9
3060 13
2900 11
7820 9
9170 9
3380 9
4650 12
300 7
310 7
3400 15
3410 2
3930 1
3160 11
4200 8
3680 3
370 7
3550 0
4620 12
8709 13
3771 6
4180 8
3469 11
4440 2
6860 10
6790 9
3370 6
4850 2
2360 6
5450 12
2860 6
3460 15
4350 0
4380 10
12040 5
4080 5
3860 14
3980 2
5400 5
2840 11
6280 3
3200 10
3120 15
4440 2
5070 4
3740 12
3680 4
3920 4
3069 11
3771 3
7920 1
7099 5
3670 3
3840 11
7520 10
8860 14
290 7
9770 13
3710 9
360 7
7020 8
10280 0
3640 12
3140 0
4270 3
4220 6
3950 10
4240 1
400 7
3230 15
3830 1
3320 3
9259 10
3709 3
7240 13
4640 2
3769 3
5190 2
3530 3
270 7
250 7
4310 14
3110 1
4730 5
3500 12
3210 11
3820 3
4060 12
9680 9
3780 3
4960 1
10650 10
3140 15
3490 2
3500 8
3310 6
2600 6
3010 11
13550 9
5020 0
3820 1
3349 6
5631 10
5620 1
3860 9
11779 9
15680 14
3170 0
6030 1
5830 5
4080 5
6590 5
5750 12
400 7
3900 8
4490 9
3850 2
4130 14
3090 6
4780 10
2950 15
5130 2
3490 8
3630 13
2800 15
4110 2
3160 0
4229 8
3691 5
4440 4
340 7
3660 6
4540 3
4549 4
22590 13
4020 2
290 7
4470 10
7200 0
3650 3
4050 8
3240 11
3060 11
4850 14
6160 1
3130 15
7650 12
7970 6
3460 2
3170 5
4160 14
8770 12
3349 0
4891 12
5049 14
5640 1
3711 14
380 7
3529 10
4310 5
3030 15
5940 13
3750 2
3010 15
3080 6
5920 13
4100 1
3980 1
7620 13
166629 2
290 7
260 7
4860 1
4750 10
4360 10
31130 13
3989 2
3830 12
5710 3
3280 11
7740 1
4890 14
12925802 15
4940 5
20001467 15
480 7
5520 14
4010 11
289979878 15
9730 3
7060 13
6990 6
5970 12
850 7
11220 1
6840 9
7948939 15
5880 9
5840 1
6230 5
5370 5
4940 3
6530 9
410 7
82065644 11
54969 3
102999 5
33119 6
59740825 11
26840 3
33140 4
21460 10
26570 12
16430 1
16150 2
14769 10
19841048 15
11580 1
17830 6
19370 2
15310 10
19600 3
27100 6
25010 10
20270 12
16590 14
18010 2
18640 13
11189 3
22529 4
10940 1
11460 0
14530 12
2620 7
22960 2
14230 4
19657800 15
21730 12
12551 5
169963324 11
20003918 15
51690 1
42800 0
53570 2
36000 13
19050 8
29600 0
1090 7
99569 14
25680 15
51070 3
860 7
44329 1
36310 1
112469 6
810 7
39690 2
809 7
51880 0
22240 2
23850 0
14940 11
23850 9
26900 0
13170 8
15220 0
14270 13
20080 12
17610 10
15589 10
29379 1
28550 0
320 7
32340 9
13210 12
19060 3
29020 5
32229 6
13840 6
8300 15
310 7
25540 14
21120 11
15469 1
31319 5
10760 8
11700 14
460 7
24910 2
16970 3
12940 11
13320 12
10259 1
17580 11
7829 14
970 7
10910 10
11250 13
6920 3
55600 2
40510 4
17449 4
8010 14
34000 1
20080 0
9000 11
31250 6
9851 10
6150 15
23420 3
16130 15
25330 4
15180 3
11670 6
9279 12
11620 9
23700 6
7790 14
7530 14
9080 1
18170 0
11380 8
17100 2
5880 15
30319 5
7680 0
11510 10
16410 2
31410 3
10540 12
25050 4
39560 9
8309 9
21020 4
13460 2
7180 15
17830 6
12580 14
19590 6
6489 15
8100 8
16609 13
12850 9
20240 2
11160 0
10410 9
20900 4
30229 4
5769 2
12669 13
11260 13
480 7
17600 10
660 7
15580 14
11040 3
13550 6
7010 10
5360 15
16660 5
11480 3
9780 2
520 7
13380 5
5810 11
14060 2
9290 2
8230 12
7360 10
8110 15
6110 11
7460 9
9300 0
28009 5
9049 13
6000 15
11449 6
9609 13
15930 3
12770 3
13440 1
390 7
10730 9
15220 2
7880 13
8620 15
13639 4
8349 10
6420 9
8229 11
6010 15
7360 11
7380 14
12220 12
9460 3
15630 6
9340 5
750 7
6470 10
680 7
15980 1
6780 14
5909 10
10409 1
8811 4
19079 11
40620 4
11110 12
12480 8
28980 2
23360 5
10840 14
7260 13
6000 15
8680 2
9870 0
310 7
12070 12
8240 14
6460 11
19680 10
6720 12
580 7
49729 6
6890 10
12260 1
7280 2
5900 1
12600 4
13350 14
176958 8
