150259 22
86100 19
80170 20
85359 22
83149 4
81899 15
97439 14
82799 21
86920 20
81799 7
76950 12
73079 22
75359 1
81329 17
81229 16
78530 13
76559 9
78220 12
89740 10
80719 19
79780 14
86990 17
82679 12
78870 15
79189 11
77469 7
79509 11
72099 17
80910 10
73689 6
79729 15
99089 16
76299 9
81440 13
85939 13
85969 14
81020 0
77220 4
85639 21
81200 12
87139 8
81849 3
83689 6
148049 9
80469 8
81109 19
84889 21
75609 21
84770 17
78709 7
82289 10
69840 21
78279 20
80410 5
97839 16
78579 7
77770 5
71859 23
76109 11
66279 10
81679 18
72630 20
70529 21
79610 14
75349 16
74649 2
79109 3
69389 18
96970 23
73779 10
80690 7
71070 18
70199 11
68940 2
69379 9
65100 22
81809 7
66200 19
71669 3
72040 18
73479 12
81050 20
69950 1
73239 15
75420 16
77969 0
77530 22
83409 9
72329 9
263698 17
67350 13
68319 15
81700 15
73059 23
73500 19
65930 3
70139 3
74020 2
73250 23
76460 11
77969 17
76930 22
75219 18
63869 12
74270 6
90219 14
69870 23
71919 14
70420 6
74989 14
81500 8
70400 5
70739 12
75049 8
76029 14
76530 10
76419 4
78289 23
78660 10
93109 3
62880 8
71749 4
73980 18
73329 9
79420 10
73009 21
70419 23
74440 4
73509 18
72490 15
85429 7
74310 15
95829 15
71639 4
87319 19
75920 15
84749 22
74150 1
75649 2
75759 0
79020 15
74389 6
73420 2
62689 3
73030 1
90019 0
77790 22
66509 8
72229 7
71320 19
77019 18
78260 8
74449 16
75030 11
82600 19
78159 10
70460 20
78579 3
97530 23
79979 19
64519 5
74510 1
73129 0
75209 3
78680 18
73010 1
83639 6
76649 9
69880 21
74909 14
77930 3
115099 13
65419 17
67359 5
70560 3
72280 18
66190 22
74440 18
76579 0
75339 7
71460 10
68989 19
77460 8
80379 12
88879 7
71310 10
60579 14
62620 15
62809 11
63260 3
64059 10
65420 11
59000 7
71770 4
64030 3
66989 0
61739 18
66769 9
60109 9
71209 17
53689 0
61809 13
56439 14
59059 2
62140 7
65849 5
62100 4
64679 13
64400 5
58669 7
62260 18
70309 12
65040 6
61839 11
58440 16
71249 11
57190 5
63029 6
63300 14
62299 15
62110 3
69529 6
57570 14
65809 0
54680 4
63490 4
60700 22
71210 9
64009 14
57850 16
64320 9
73410 12
62080 15
66179 6
66690 23
60690 20
58209 16
56090 19
68439 3
64900 2
66539 17
66730 1
66439 4
61410 4
61320 17
61420 23
67589 0
81900 14
62060 8
63630 1
58270 22
74600 7
64340 14
62940 21
61870 13
66290 7
57609 10
61410 4
64649 8
64330 6
63649 10
64410 21
69209 6
64640 22
61499 4
64520 11
62339 11
63160 12
62979 1
63370 12
58829 6
60250 23
59450 2
66510 16
63739 8
62660 19
65499 15
64250 1
72070 0
57560 8
71389 0
63920 0
66880 5
56230 9
55319 11
64659 1
68210 15
67739 3
63190 6
58810 7
59670 18
62869 17
57760 17
64199 16
76070 5
61179 9
60480 5
63799 10
63460 17
68629 0
65540 4
61289 2
56420 23
67309 22
63930 5
64159 17
64040 9
67489 17
55220 11
83989 4
65200 3
63259 14
66720 5
66939 4
60450 7
57569 16
64209 23
58839 17
74749 6
62940 18
68370 1
66319 3
67250 14
63350 11
62040 3
122979 15
65520 13
58010 6
63579 11
58949 10
61410 17
65579 9
64380 15
64999 6
65290 20
67049 14
67519 20
67289 13
68239 23
80309 16
62490 3
59810 20
64859 20
60590 16
61830 19
69999 21
63890 17
60689 10
67029 23
60450 12
61270 19
63809 10
64320 16
57909 3
56590 9
73649 20
67250 3
62489 6
61910 9
69849 11
59950 10
61539 12
61800 10
66859 10
62290 2
66339 5
63750 22
63049 17
67770 2
66199 12
71330 5
63089 21
69310 14
65939 12
65890 19
58749 22
57710 15
57040 22
62309 20
64530 21
64260 2
65050 22
65070 6
64430 12
58760 14
60200 22
62579 13
69270 13
61959 1
58320 11
55369 10
66380 14
63039 23
60530 19
63989 1
67710 5
55399 9
64700 21
65319 7
64840 13
57980 7
54910 4
77390 21
60950 6
63999 17
57699 10
69659 19
63840 13
61629 3
59259 3
55570 17
64249 18
64440 15
62369 7
62130 9
67669 16
64490 8
56659 10
74150 22
65349 21
57050 12
59929 13
63590 2
58500 1
62249 0
66120 19
70310 12
60679 14
64690 4
63670 17
61139 13
63250 10
65290 12
61189 7
71519 22
66129 22
64420 19
60059 20
66770 11
64279 22
66460 21
56500 2
64009 23
61780 4
66569 12
63450 5
62099 2
63360 14
59219 1
77980 13
57929 7
59890 2
58039 11
59330 0
66409 20
66830 9
74939 13
67990 14
64689 18
65660 17
61329 11
58680 20
75069 7
71530 1
116509 15
83359 20
108279 17
115599 19
124668 7
122199 2
99820 3
94019 19
89149 18
91440 9
149439 17
85640 13
85529 9
89350 3
92969 19
85249 6
85829 14
77610 5
82849 11
136739 23
112579 4
211419 23
138449 16
133099 10
119109 20
100549 9
115119 4
101049 9
158539 3
86429 3
92059 14
103949 4
114359 18
139959 2
138709 18
85899 23
91440 4
108950 22
95769 14
110019 2
137759 15
133569 10
132649 20
132799 10
142949 6
109329 5
88919 8
112470 5
116429 19
114309 0
156179 7
115899 3
142759 1
143648 3
154850 17
168728 13
151309 17
112739 20
136809 23
125759 20
120399 16
128829 3
111709 0
118470 6
126419 7
124330 6
142670 5
147189 8
153239 7
134239 13
138859 18
127089 7
142959 3
137089 19
128349 4
143509 23
104169 1
113509 0
109079 19
109679 4
111069 0
109099 17
111289 3
102739 21
122679 18
123009 10
106010 22
149729 18
148049 17
143899 8
148719 16
206548 17
127539 11
125369 4
100810 13
101329 11
94289 1
107059 12
107489 19
119990 20
140568 5
138888 4
146608 3
94810 18
111199 7
108459 20
133479 6
133229 7
153469 16
210438 13
144419 10
126969 20
120559 15
116659 11
132459 20
153369 13
129439 4
119349 2
114259 5
156569 22
149139 22
157139 0
159749 11
164429 5
124349 1
123290 11
121359 13
126979 3
150558 22
160609 12
117109 11
109129 8
113968 1
130739 5
141859 4
152799 3
169249 16
144949 20
178138 11
123148 11
125709 12
133959 14
141729 6
148439 21
126259 1
103660 14
112259 4
106219 17
114579 11
103539 4
120509 14
101689 7
112200 12
92209 8
126479 0
108549 19
132309 6
148889 14
141869 3
138429 19
174669 11
175238 19
133709 4
131169 0
132459 11
120689 3
104199 16
101880 23
179448 3
113030 21
105230 11
146578 13
151048 4
145608 22
111599 22
122739 8
88639 7
100489 0
143299 3
314968 20
163759 3
172309 16
154129 0
152909 11
123909 13
98139 22
107759 16
119489 8
138079 18
144509 21
126779 1
114539 1
146559 2
130779 17
137759 8
149439 5
185609 19
175949 23
135449 2
135549 4
126889 22
137179 14
159899 12
173829 14
125319 8
151130 1
123419 3
129310 9
120888 6
133599 6
149459 3
135199 5
137729 7
126479 18
127149 18
134999 4
131519 0
115530 16
138170 16
115079 8
102009 2
98169 18
98469 23
98940 20
104020 12
101919 21
121839 9
118679 2
92589 4
97929 4
102729 0
121489 18
138859 2
141719 1
148329 3
152519 6
140850 17
128410 2
104968 4
96089 17
90159 23
103999 19
95560 20
112819 22
174698 7
124168 2
101750 2
99729 14
105269 6
985063 6
465536 22
181019 11
109849 20
132079 9
139139 13
207898 10
123469 3
174809 11
130509 14
117569 6
177139 22
148208 22
127428 16
100390 16
117739 22
153969 6
126979 0
358667 14
136719 9
141069 2
157469 13
153989 20
144669 4
101979 12
132668 18
119829 17
122069 3
101989 16
122619 4
92969 6
111899 7
129830 18
94590 3
102889 5
111119 1
102989 16
104590 0
157389 1
145659 6
147059 21
146279 18
129639 6
137369 5
110169 14
92819 16
112580 6
109370 13
117829 6
117839 2
125539 17
108069 6
108639 14
88499 10
92079 12
148749 22
116339 0
121149 9
161389 11
127489 8
165788 4
119348 6
117848 7
99709 1
144969 16
125409 6
117269 9
101559 19
113069 16
179249 4
136539 20
143779 5
144078 9
135079 12
113790 12
112589 1
117159 9
102539 0
117589 18
131019 11
130209 0
132329 15
130599 11
136929 0
128979 17
133519 3
141229 21
134599 7
134419 15
130369 20
119159 15
113189 12
107899 15
94229 4
100249 22
101419 22
97639 9
105529 21
115509 16
99859 19
93529 23
104109 3
113228 9
138648 23
135139 4
134450 19
133530 8
117199 2
113899 13
121059 8
100689 22
96079 5
108890 12
103439 6
89999 8
96409 22
114529 12
127400 7
105659 9
104539 5
105679 17
117099 5
121269 10
126259 23
128099 1
136409 6
122469 10
162389 12
107859 11
124119 3
179999 6
160199 1
167038 11
120349 17
144108 8
135799 9
162499 20
144209 18
135909 11
160269 13
134569 15
167239 13
104800 13
162238 19
113899 11
118468 5
134088 8
155138 0
144729 21
141239 14
156129 10
146239 10
147589 0
151958 9
137168 20
158218 14
127279 22
159779 10
98909 6
95539 3
96709 6
113059 20
110419 7
101069 4
101039 23
91949 3
120029 5
106449 10
128289 12
133009 8
136889 17
134119 19
140069 7
132199 12
131589 23
108689 4
98330 3
105160 0
108739 2
110819 11
104369 7
131239 16
159339 3
98429 7
98529 4
107679 19
161529 12
140249 22
136279 11
137289 3
147649 9
141659 15
119689 6
113409 18
112149 12
140768 2
148999 18
133419 4
125259 18
125679 11
137819 21
127949 20
163019 12
175249 1
155949 7
146149 14
135719 1
129129 18
125029 23
124069 9
107588 9
121879 9
165978 20
114830 3
129670 18
180939 3
134459 7
128869 3
109609 6
108750 23
121299 9
105469 5
106029 4
115599 23
98869 19
94910 13
102979 16
111669 22
106349 4
112809 10
83840 16
84530 17
93389 2
100970 6
127179 12
118908 14
123009 9
107819 6
120049 22
115649 4
85030 17
83060 20
107469 21
109789 10
94819 17
94780 8
112059 19
83669 21
73899 1
88979 10
72409 12
83870 22
84529 11
101899 11
101289 4
145368 6
112159 12
85200 15
78609 10
68450 19
101929 9
76559 21
67069 15
73579 16
78830 1
69099 15
87620 14
101290 1
104599 16
107269 19
106219 15
112260 13
94870 2
72609 18
84050 1
67630 6
69859 8
64839 16
66919 15
62299 7
66770 12
67419 9
65570 1
76700 2
62869 16
82519 20
62039 2
