388547 11
93830 10
358208 9
135259 11
175959 4
290978 6
280058 11
200098 16
112089 8
216449 11
279448 8
67728264 21
52120 11
123899 3
114139 7
81289 0
149789 12
137649 3
96049 16
240519 5
46399 11
90110 3
93329 0
97009 3
116940 15
120980 23
228878 19
121159 18
186669 20
184048 0
118509 13
109259 12
89929 16
89330 0
63800 12
252738 19
303508 7
384637 5
174309 22
125319 21
158169 1
126429 14
241539 0
115549 16
282547 7
170728 9
127009 6
228858 19
157699 5
157388 20
138899 17
110880 1
131209 16
43210 10
223798 1
422217 21
139209 20
97679 3
389858 20
174249 8
257688 20
120039 22
142388 5
149858 4
152649 13
96919 3
176489 15
61850 5
95019 1
86520 0
191489 6
129559 9
145849 22
189959 1
108189 0
177189 9
81439 15
61170 5
110879 18
105159 9
156169 19
143049 17
326768 18
156928 4
155468 13
327177 0
101000 9
148559 18
141449 19
131920 5
154589 14
259708 20
133188 17
102539 6
74649 18
81450 4
96860 23
94379 2
169709 2
130819 3
102969 5
92829 0
8895276 21
103789 14
180709 6
322198 2
216799 9
107079 23
118039 17
74640 5
365097 7
44620 10
161469 16
129059 3
131849 18
192928 4
338057 22
138159 6
187819 3
90069 17
266788 17
248438 0
442777 3
130259 20
188829 17
253088 1
261078 7
85830 11
141159 1
141159 8
247968 11
143989 8
107819 11
467847 15
127429 1
415027 23
165918 11
163089 20
257558 19
108749 8
168059 18
106950 2
130649 23
151079 12
549796 8
228728 18
126129 23
223188 7
128979 1
280578 13
309907 2
107200 1
239569 19
368607 20
199509 5
313937 15
448146 21
232709 4
172698 3
137848 3
109930 13
145268 11
81789 6
244248 3
697915 19
210519 15
339617 5
127079 23
84280 8
169039 7
170819 8
129309 18
137428 18
110189 0
95899 14
234568 21
143439 13
70660 11
137339 1
115099 3
125989 22
209939 3
271167 3
41639 10
250429 20
98460 4
196878 12
99310 1
101519 8
174179 6
122009 4
44240 10
133959 15
187188 16
194939 16
94299 5
226338 9
107329 14
105079 13
88779 13
35980 11
154409 21
129639 20
217298 15
90069 14
103479 4
74499 17
119369 6
153299 1
127530 9
134299 21
129969 1
83969 22
54920 10
96149 17
3520485 12
139979 20
107939 22
210919 1
99350 19
174078 4
121369 22
130939 2
155049 20
191448 9
169509 15
196289 7
147139 13
249738 8
102979 9
181699 0
382477 21
179549 2
324597 20
169589 4
126099 3
348848 21
115939 16
112079 11
190859 12
264268 17
333807 9
62880 10
411337 5
275348 8
228908 18
151799 17
192459 2
234118 6
170969 13
180569 21
73999 14
166069 9
524986 6
218499 5
249068 23
109979 14
175189 18
107469 20
198789 22
103109 9
128759 15
96549 18
3761003 7
132029 15
180539 5
115919 22
151259 13
135599 8
157379 20
182649 11
875454 7
258138 19
294318 23
140548 1
179869 17
266278 0
175149 21
150019 0
216559 9
193379 8
153259 2
113819 14
97530 12
100400 4
110129 2
382077 2
133539 19
146959 22
123619 17
134729 12
89370 2
596375 1
270749 17
111379 11
142059 19
94950 12
152399 13
189188 12
100360 1
132459 17
209038 21
161049 14
338698 6
133729 14
104109 3
179239 5
113719 2
123019 9
194438 23
109229 16
74429 11
134959 1
336998 12
322998 19
93230 16
333757 20
191268 8
393847 11
147199 19
228289 12
106380 12
203238 1
134839 4
167509 5
236099 17
270098 3
71230 4
94519 16
167709 20
191439 3
131129 18
128369 20
101629 8
116529 17
182539 2
412297 20
358248 0
124430 22
221128 7
252458 2
471807 21
108419 6
163049 22
162829 5
203178 4
87800 9
326417 18
105209 23
121429 18
139309 5
184578 19
89990 18
78279 17
255098 17
152979 23
170939 6
141829 5
254758 15
278968 23
100080 14
331508 4
105649 9
55740 11
97449 0
52210 10
202399 11
81359 9
369317 6
127329 23
225889 9
189078 23
117189 9
193738 4
223839 1
769595 22
114179 23
152389 7
94399 14
179219 2
228948 16
181138 6
115059 13
121249 4
241408 1
106969 23
171989 16
130849 13
129739 7
46079 10
84120 18
276138 14
134949 8
93489 12
42830 10
140039 21
167879 20
143969 19
87010 18
38030 10
120879 4
45060 10
140739 21
110109 19
37580 10
101520 12
63879 8
69480 9
32789 10
69039 14
82849 7
64279 3
75330 20
62500 3
84359 21
75460 13
38589 11
95269 8
199139 20
131259 16
145679 0
131419 18
58060 15
80620 19
1302670 2
99650 12
73710 23
109649 20
851214 4
89579 23
270978 3
161779 6
52620 8
53390 11
107379 22
51810 8
65149 6
74549 15
860273 4
2266914 5
108809 7
76790 20
31270 11
117148 16
85289 16
126819 12
243058 2
508937 2
65589 15
72160 16
86269 16
82129 9
102379 19
37510 10
711975 2
1824927 6
1473930 2
2027645 2
95350 14
87690 14
128119 20
90909 8
111119 22
97750 14
98379 0
238158 22
1800097 6
169329 16
85489 18
1165562 2
1147152 3
113879 0
89139 0
98539 21
106939 23
63840 0
112100 12
354127 4
868094 6
488307 6
36250 11
86570 13
129709 15
126229 20
23480 11
69369 14
66980 16
72199 16
70530 17
1927486 3
113479 20
880674 1
1597868 5
1503950 5
91140 8
78239 15
30980 11
92009 20
54890 13
81479 18
109360 12
109970 22
1478619 5
33200 10
35370 11
75479 9
85750 16
178849 16
462037 6
1618508 0
115799 22
105170 19
278708 23
93579 17
1148842 0
71129 8
158409 16
106549 14
1352570 1
111209 22
93069 16
421147 0
104159 22
1111172 5
70239 13
55310 9
58060 15
1006513 1
1010183 1
89159 19
99099 8
1973906 2
38700 10
74319 7
77070 12
1404530 0
71219 15
72860 12
79469 21
1194482 2
97420 20
87289 19
182459 18
202438 22
94619 15
103989 19
65899 15
1504450 6
103349 17
75469 13
92069 18
82809 17
57810 15
58000 7
67530 17
86199 18
101800 23
79320 18
1593969 3
81840 15
412957 1
618466 5
72130 13
762254 4
104760 23
58189 9
112720 12
251939 7
101429 15
163459 2
138219 19
38579 10
145528 7
127959 4
154828 14
290957 1
102800 13
209978 14
119739 12
265088 2
253049 0
481447 0
37180 10
132889 14
250938 21
299108 3
157589 2
306868 19
170339 5
147749 21
152049 19
214959 0
186878 21
300408 2
163719 22
313618 23
134009 0
132299 3
313838 6
260778 0
250238 18
57410 8
516917 2
1035683 2
74670 18
2195274 1
83730 11
96830 12
111879 20
68860 11
107049 17
284638 3
129629 19
132619 14
360667 2
93900 21
145678 20
833105 5
81549 7
902104 5
1840087 6
101450 16
104930 12
609286 6
47910 10
109479 13
93920 7
33170 11
944144 0
117090 14
604235 1
310768 6
71710 9
134379 17
196558 7
235308 3
68660 7
93640 19
119970 20
1134232 2
76229 9
122959 22
86859 8
32009 10
89269 14
2525371 2
688046 0
86089 14
775974 5
371858 6
169059 22
2016506 1
28420 10
885603 6
1165411 6
99889 19
306698 0
34800 10
88149 18
81250 16
71789 16
1485429 6
119710 16
115590 23
102249 8
146979 22
66249 15
65079 7
67669 12
190998 20
2566762 6
116799 22
72509 16
787375 4
35689 10
79290 17
523786 1
184679 14
2521732 6
130609 13
495236 2
72620 7
73719 7
84470 19
1199921 0
226569 9
84440 16
79659 14
635296 2
351687 5
110389 21
294428 3
76120 7
800394 1
111569 22
30660 10
131719 17
117479 13
75080 11
158830 7
1803838 6
187179 12
197989 12
115269 7
139829 16
522586 0
1405450 5
84779 12
92839 9
88329 14
1227251 5
2537492 5
784284 3
527836 3
91229 21
734065 1
100699 16
92230 14
112790 11
103640 7
145569 8
304658 5
78979 16
99849 21
436427 5
285228 3
146709 16
104649 7
206349 6
348037 3
154279 8
113790 16
82210 11
271808 5
283348 22
164089 1
337847 22
250028 2
191269 15
395847 21
106430 11
616545 15
210199 9
55459 11
107350 16
130710 8
158559 0
212799 22
293208 9
168038 19
120929 8
106459 13
117569 21
196229 13
265728 14
156579 7
117419 8
427867 6
345007 0
35560 11
247078 4
91769 1
185898 20
38510 10
199659 22
155139 8
236378 22
161999 19
293418 3
102369 14
153499 20
179029 6
104599 2
168528 12
523726 3
100620 8
275428 19
155119 5
119239 19
195868 22
193688 12
122429 0
78009 1
214958 1
108599 9
237718 12
164929 21
129049 17
72269 11
118269 1
152199 12
309128 12
293408 20
104729 15
140529 19
258828 19
168639 22
152449 4
158438 20
293427 19
109160 12
48869 10
115759 15
122319 0
211018 4
156129 3
119989 17
131389 9
382687 4
87389 19
206598 3
234729 14
101309 17
4425218 18
34890 11
36020 11
141889 22
133649 23
101799 13
172669 8
217008 17
110739 2
94640 2
182958 15
30200 10
30550 11
185559 9
77839 8
581466 18
130129 0
243928 17
226779 5
116109 20
131489 11
152479 2
93119 0
290158 4
173159 7
143989 12
139449 9
167448 22
211808 19
172309 21
111159 13
242708 14
143879 17
319528 20
146219 6
287388 17
123559 21
183999 13
222189 12
140609 23
67410 15
128539 1
131750 18
354147 18
236098 7
446367 7
206619 1
162588 23
193549 6
318688 18
157659 1
119709 1
201958 0
172729 2
189409 20
136999 6
174348 20
148739 13
305537 21
269828 9
160159 23
174659 3
146769 3
278178 21
106669 7
181729 7
100849 12
216768 19
106180 7
132069 16
120729 13
231458 9
141949 1
91560 12
268018 7
190418 4
116579 9
31060 11
227089 19
101979 17
230118 16
429227 3
161589 17
53320 10
50479 11
208849 1
121189 12
116699 18
119679 4
174869 13
64470 11
145408 12
118529 22
278048 6
37529 10
105310 3
78119 7
199329 21
195948 22
96040 11
338608 22
107189 23
412597 19
327688 19
123929 0
87300 4
99500 21
275078 19
201489 19
238189 0
95749 16
133929 17
98859 0
94630 11
273848 1
94159 13
113389 21
121879 20
87320 3
117749 18
99449 14
102299 22
97399 0
127189 15
82319 12
606876 1
102659 6
116479 6
109270 22
111720 12
186868 1
255669 8
128630 12
116520 20
190778 4
220369 19
125699 8
192378 8
108749 22
83369 5
145269 12
119799 22
112589 4
94630 14
30970 10
128939 20
56969 7
79900 15
41509 11
77510 18
28969 10
143119 6
115799 22
80100 7
195299 15
71639 7
34480 11
155589 23
144179 17
142709 23
84599 4
32730 11
174398 13
89649 7
87289 1
143009 23
97740 17
153119 21
147359 17
90300 12
104449 19
28430 10
81589 17
71180 0
83049 8
80599 9
42509 10
62560 15
27780 10
94339 20
82229 7
68540 16
54730 7
75040 4
88079 8
85900 9
74729 18
