87989 11
135509 0
165089 13
142899 0
202898 8
187049 3
243408 8
159229 2
209238 8
208699 10
252358 2
220468 8
223218 13
242779 13
218239 2
298378 15
219988 13
229658 4
245108 4
270518 3
221238 15
241948 5
232848 4
233938 1
188369 13
174618 12
206109 10
209058 2
211059 8
180058 5
206029 1
204538 7
195228 11
146579 11
91159 9
54769 9
67140 11
67319 6
64600 1
61419 4
57140 0
58539 10
65909 5
58639 2
48020 2
64490 6
80199 3
72450 9
74999 4
69669 6
178538 1
207469 10
251078 14
225088 2
231138 13
218509 5
245628 5
275967 12
231719 15
233988 9
226368 0
277418 13
203288 10
194789 14
175349 12
195779 9
257438 11
232578 0
216509 15
206008 3
224858 12
237139 13
211429 7
208798 6
212529 3
263098 14
216638 2
245558 14
232508 15
268268 12
214469 8
185388 8
197749 5
227818 11
246228 4
236978 3
239689 2
245367 13
292998 11
256868 1
237538 4
245708 7
309108 4
238598 13
235138 10
236648 10
233268 13
130149 2
118179 9
65760 9
52639 4
62110 1
62569 14
68690 7
66849 12
68980 6
64509 12
66350 10
66719 14
70550 3
67199 11
65620 13
75299 6
63759 14
66839 14
66810 4
64509 4
72089 13
67040 10
66919 7
64669 15
65940 8
64289 2
67859 15
67240 2
61440 2
65990 7
70809 0
63989 12
56679 15
66860 1
63399 12
67390 3
66979 13
68159 3
60849 2
62129 10
64740 2
67580 15
65179 8
63390 6
55679 15
59790 2
49010 11
47980 10
43960 1
42190 2
44530 1
43499 13
45960 11
43829 15
49210 6
48899 7
52639 9
54020 4
53949 13
55070 6
57519 4
43200 14
47070 7
49169 3
49810 4
51980 14
48300 9
50770 9
51789 14
64940 9
49570 1
49389 13
46760 7
49069 4
48140 1
47040 7
49649 13
42430 4
36620 1
36519 0
33960 13
33700 6
33709 7
38569 7
51030 3
46520 2
48590 12
46790 13
52999 3
46830 6
47060 4
55859 6
52280 3
48830 2
43500 9
32760 1
30660 9
29849 9
30200 15
31070 8
30220 9
35179 2
41910 15
46950 4
47610 12
42220 7
49369 6
53769 14
55560 4
52109 14
52730 10
54389 15
61830 6
69300 0
67889 7
68920 5
66639 9
64330 6
61780 9
73469 6
67919 6
67030 8
67069 15
64149 15
66250 9
63859 3
70970 9
72099 6
66150 3
64699 14
64180 3
64599 11
66910 11
65859 12
76600 7
64019 7
62920 10
61529 6
61240 1
69279 15
68530 0
70309 11
68860 3
67319 10
67400 14
70529 0
69940 15
75480 3
82259 4
64200 9
66480 0
67710 12
71699 6
87329 8
113759 9
215038 13
229479 2
278187 6
233939 1
235388 11
257978 3
291097 5
196648 10
224898 7
225199 11
226348 9
234028 4
216749 5
230108 4
228018 1
234058 8
203049 2
193608 13
200378 2
134459 4
158848 7
186829 3
174068 6
194679 8
175599 4
178509 2
206438 10
149879 8
170498 6
172019 6
182049 2
185968 8
207469 13
138718 6
177528 4
187269 6
182248 6
197878 8
170669 11
182368 0
180919 5
183728 2
162029 6
176169 1
152929 14
151608 11
152938 1
154419 9
79619 2
114510 1
138279 13
150219 2
147459 14
148849 1
144139 8
144229 5
147279 13
147899 5
145139 4
154178 9
134359 2
135639 0
144929 11
138459 15
142679 2
139539 13
158419 9
133169 10
137679 8
133519 12
132010 11
95210 6
87519 5
87540 9
95119 14
108209 4
100109 8
132299 3
138429 11
140649 5
149889 12
142009 11
168069 4
127308 10
147459 3
174579 11
104519 2
104070 7
115479 1
109060 15
148978 2
133739 7
132959 5
146299 1
218858 3
133769 6
154679 11
138809 13
115569 3
160859 11
238948 5
233078 5
260208 12
200559 4
227628 9
230738 4
255458 0
226449 3
274547 3
285348 0
236258 10
211379 15
202158 0
233269 4
245989 12
225908 0
217758 12
227089 13
200669 7
220858 1
206709 3
169708 0
160179 5
170719 13
244748 11
213958 0
189699 11
122409 5
129279 9
126269 5
127639 11
128869 10
123619 10
125929 7
125229 14
125009 6
127649 13
125799 3
148729 3
125209 10
112999 1
121729 15
128950 0
121668 4
119399 13
127579 1
140119 11
70880 14
192979 11
62220 10
56720 5
56560 13
55150 7
58579 14
57040 2
62539 15
57560 10
57669 8
64660 12
58729 9
55969 2
61009 12
57450 13
59160 6
58239 13
55780 14
150749 9
226238 14
264518 0
228138 9
245218 1
237508 1
234109 2
229368 6
225458 12
240158 3
254658 10
236388 5
241998 3
215098 2
226128 0
269238 8
254938 3
231958 12
238908 0
235918 10
246858 6
209278 11
220448 0
222888 10
220238 1
222929 7
215418 12
218038 4
226828 5
212628 14
217928 13
236447 3
246578 14
322878 14
270158 9
285208 4
379067 3
257638 14
361207 2
296908 4
337487 11
350917 3
311127 10
334338 13
351167 0
375507 3
282508 13
311698 4
296778 14
309677 12
324358 0
334177 3
299308 1
353127 4
352437 4
313868 5
319897 8
346048 2
317677 15
351017 4
313887 14
314248 4
341797 13
439707 8
382917 13
432167 14
406597 2
376687 14
384677 7
388247 6
418907 3
320547 14
319528 5
363407 1
382327 13
427077 3
366037 10
428767 15
411087 8
381687 10
409167 11
374187 8
