284678 4
158258 3
40380 0
92289 1
121609 2
28789 1
64880 2
56769 4
87330 1
22930 1
78770 6
70438624 7
31529 1
152128 4
63790 7
62389 7
133159 4
157509 6
89730 5
232238 6
98919 5
102739 3
109349 5
72280 6
69229 4
28090 1
155489 4
31590 1
177698 4
162929 4
133169 6
140599 3
123559 3
126319 7
116629 2
15050 0
95949 7
104649 6
15050 0
161949 4
104569 3
89900 2
73259 6
92520 3
81889 2
86409 1
16410 0
117059 1
84169 1
78560 7
127669 5
13230 0
98979 6
15550 0
15040 0
160919 2
125548 2
122319 2
192508 1
156239 6
20310 0
137979 7
102079 6
136099 1
62369 7
20859 0
198819 5
131359 5
15550 0
180778 5
106320 4
154029 7
95880 5
86849 2
171989 3
146828 2
166798 3
176929 2
26390 1
78059 5
17390 0
144049 6
122289 6
48000 1
131869 4
80349 6
15950 0
168069 3
73429 6
134299 2
89479 2
51369 6
11660 0
63870 3
10470 0
61709 3
24700 1
9756256 4
66959 1
74300 2
16510 0
49869 1
59480 7
101389 2
76299 2
173268 2
101460 3
134369 7
78150 1
113879 5
83309 2
20240 0
151329 2
122509 4
161379 5
107809 7
133159 7
91899 6
106510 1
140119 5
142548 5
38880 1
127919 1
111859 7
176289 1
179208 1
69510 3
89809 5
329898 3
34680 1
199978 3
97289 4
75420 5
87109 1
144359 3
187878 2
19499 0
140099 6
98930 2
121590 5
132608 4
137279 5
131610 2
99770 3
94249 1
89969 2
16259 0
73500 5
104209 2
71859 6
81540 4
36160 1
27750 1
28470 1
97339 2
105750 6
16140 0
102860 7
176088 7
127369 3
124819 4
71810 5
123109 6
173978 3
83569 5
91359 5
71340 6
128360 6
84779 7
153329 3
67799 4
133279 5
80890 1
25209 0
123888 2
167239 6
115560 6
127170 4
69349 3
191579 1
115530 5
252879 6
94389 2
28740 1
135629 2
115389 5
195388 2
64610 1
50429 1
208299 2
81759 1
31300 1
9942905 7
262238 7
96620 1
90219 4
102170 7
185148 3
146569 1
169388 5
23120 1
164439 3
152749 4
138149 2
126639 7
139049 4
95079 3
16680 0
12480 0
57489 7
110090 7
58109 7
40220 1
75349 3
30590 1
30570 1
89539 1
81230 2
176589 2
115789 5
80180 2
41610 1
30970 1
152339 6
152639 6
139709 3
103229 7
110729 7
187019 2
25630 0
119790 4
136599 1
69499 7
64920 7
117229 2
15210 0
104429 6
77259 4
161239 2
20980 0
101659 1
174449 4
45359 1
86000 5
111349 7
96369 5
108429 2
28810 0
17280 0
61679 7
170739 2
18550 0
110929 2
195179 2
94019 4
154739 6
156218 6
64099 7
65859 2
99889 6
114559 5
62889 5
15759 0
118930 5
17860 0
36400 1
47020 1
33790 1
111110 6
98360 7
122609 4
74549 4
135489 3
134899 3
170589 4
100119 6
101289 7
72269 3
20600 0
71149 6
76739 1
149708 4
188698 4
63190 7
24809 0
58330 5
241778 1
181769 5
172239 5
142719 7
102020 5
116500 2
136039 3
88519 2
85039 2
29627695 7
64689 5
101889 5
201618 5
109319 3
61860 7
66619 7
153329 5
86459 3
119330 3
113549 2
144268 4
107850 3
73159 3
122189 7
121649 5
160479 6
323878 6
43450 0
191779 2
202048 6
152959 5
98969 5
71700 7
151199 6
75619 7
161749 2
95179 4
128879 1
116619 4
74310 2
84109 4
105869 5
114650 4
190749 3
81699 6
89040 5
23949 0
133690 4
125588 3
154929 4
142859 1
87199 5
222048 5
83619 1
218438 7
142119 5
83450 6
127119 4
174218 1
24369 0
117209 3
68989 4
82879 5
216119 5
24830 0
201369 4
154319 3
122519 1
152739 5
97839 6
88609 6
118539 5
17000 0
116889 5
63270 7
145829 6
178778 3
89560 4
78669 3
38160 1
125479 6
127479 4
41489 0
67979 1
67080 7
84940 5
23290 0
15530 0
22169 0
108569 7
253848 2
99409 4
136799 7
792484 6
119159 2
9625486 7
242459 7
107509 3
125069 6
155799 6
62979 1
143459 4
28780 0
240058 4
115489 2
132659 7
80940 4
126259 2
142930 5
114470 2
280048 4
37379 0
165079 2
243068 2
97179 7
28390 0
136709 4
118069 7
119789 5
24130 0
122419 4
92060 7
215368 2
66669 7
202769 6
167728 4
20519 0
133979 5
86150 2
115299 3
167799 2
224078 4
125899 5
21990 0
62129 7
326258 4
56559 1
109900 5
159699 4
256318 6
112870 6
143968 2
19639 0
120889 6
151249 6
25540 0
114819 5
86520 3
80510 5
20030 0
99569 4
112549 4
124559 1
149709 7
235338 5
100739 2
69010 7
74409 1
95529 1
61259 7
83180 2
21220 0
149519 4
28400 0
161109 4
188218 3
95819 5
87680 3
85659 4
34650 0
37180 1
228538 3
218658 3
194349 4
126539 5
79549 2
28330 0
21560 0
110629 2
90209 2
102460 4
207029 1
70179 4
81069 4
9633906 7
150408 4
223529 4
116729 7
131649 4
31159 0
91269 4
14990 0
66119 1
59710 5
136169 7
67959 5
1848926 6
63940 3
67539 2
24110 0
58720 7
78730 2
68899 7
202619 5
21830 0
138959 3
124639 3
103059 5
100299 7
62230 7
29330 0
221409 1
85829 6
40330 1
64429 7
162999 6
66989 5
178728 3
65360 5
156179 1
15110 0
92870 2
74840 5
98519 7
98740 7
58920 7
60660 1
13290 0
118639 2
100330 2
124849 7
268288 6
136589 6
79909 3
66640 1
125069 3
73679 3
105639 3
131079 5
221689 3
16779 0
139279 2
124319 3
101880 7
21380 0
151790 5
154709 7
143599 2
14630 0
15700 0
72240 5
155219 4
76570 3
66989 7
41540 0
148569 5
15969 0
74250 5
76630 1
67480 6
157169 3
122649 2
78289 6
56660 7
86219 4
78779 2
86190 2
15940 0
15500 0
14810 0
43300 0
77269 6
83329 6
76909 6
9938755 7
71279 6
28040 1
121809 3
113809 6
98369 7
119059 3
148678 3
66330 7
30180 0
88569 1
13760 0
143639 3
157919 5
21530 0
86320 2
24790 0
133789 7
88139 7
162789 4
81369 3
119509 3
29110 1
135359 7
104989 2
106579 6
94149 1
128179 7
17130 0
142979 3
101880 3
95579 4
21640 0
123489 1
35150 1
73040 3
17640 0
94779 5
96919 7
130948 7
32339 0
166699 4
17070 0
145189 2
96859 7
167389 4
84559 1
88009 5
16790 0
152129 3
107489 2
122589 5
71170 3
61199 7
139349 6
102809 2
94699 4
66099 5
200289 5
91599 1
99959 2
58560 7
73399 6
234099 2
160948 3
15180 0
98519 1
92310 3
200188 3
211588 1
108929 7
124069 5
148619 5
133549 2
96299 2
18210 0
78119 5
106919 7
105999 3
92649 1
91729 5
88410 5
167439 5
68270 1
30929 0
96110 3
11810 0
16359 0
131408 6
203348 2
143529 2
88879 4
129939 4
139749 5
102979 7
77680 5
79189 5
67249 5
99419 4
70659 4
10019554 3
18710 0
27010 1
90989 5
68420 4
140599 3
101009 7
222219 6
32269 1
83169 4
18240 0
16040 0
90770 7
54379 7
158459 4
68480 6
115109 1
83469 5
96219 3
127599 6
121890 4
61959 7
64400 7
78150 5
61089 7
89519 2
107219 5
130509 2
12890 0
124559 4
80439 3
70040 6
139999 1
121349 3
25910 1
80690 4
68079 7
13589 0
58170 1
268348 6
39820 1
87600 2
93599 4
195049 5
22169 0
156878 3
81380 5
183918 2
88650 3
75839 7
151109 3
232608 2
218019 3
67960 2
36420 1
97269 2
198548 5
29939 1
12980 0
61940 6
60739 5
163849 1
143629 1
118009 5
118029 6
182569 4
157898 3
109059 5
149609 1
144870 6
72570 3
27860 1
25700 1
78099 5
126779 7
241948 3
55990 7
84939 4
133899 4
196668 2
109779 6
226438 6
176859 4
111780 6
154759 6
111880 5
94379 6
173538 5
134268 1
129008 6
108159 2
124969 7
83129 6
104029 2
16220 0
15780 0
102369 7
135369 7
64880 3
110679 2
90659 4
17530 0
90780 6
63010 1
18950 0
81439 3
126089 6
82430 4
142628 5
148288 5
100549 5
117759 1
206518 6
70620 1
36299 1
163379 4
64110 7
122319 3
129429 6
96499 5
167769 4
90579 2
67090 3
107140 6
27320 0
61000 7
25760 0
91299 7
84060 2
72380 3
94189 3
61040 7
137149 4
154149 3
35479 0
117869 2
101979 5
97499 5
110309 2
70740 4
186219 4
144179 6
149869 4
75709 3
13500 0
87629 6
65320 2
121749 3
152379 4
80319 7
109989 5
29519 1
92399 1
119870 4
65149 7
14640 0
83919 3
155799 6
32000 1
37650 1
101169 5
87149 1
62930 1
100779 3
151199 6
64329 2
202739 5
137789 7
104009 5
219358 3
89910 4
282747 3
112940 4
98929 3
75989 3
142739 6
15100 0
69120 3
20180 0
115150 4
118569 4
68489 3
66680 4
106540 3
60259 4
70130 1
68439 5
51290 5
11175725 7
66009 2
14960 0
236708 7
21549 0
95240 2
22940 0
26869 0
110809 3
16939 0
292028 2
44370 1
227818 3
75339 4
119309 4
84339 5
136329 6
111169 4
121069 4
129789 4
73109 2
122899 2
85709 3
233648 2
161249 3
110209 6
14480 0
67629 7
74059 4
26600 0
135449 6
133649 5
161958 5
129899 4
105379 2
251408 2
61319 7
117409 4
16200 0
75590 4
137739 7
31920 0
114859 6
71879 1
33939 0
20300 0
56320 1
57069 7
56860 0
180479 7
82089 3
144919 5
148489 3
62210 2
58430 7
111849 7
131019 2
35920 1
58060 7
18210 0
35830 1
59659 7
109040 3
161919 2
186369 5
14720 0
93239 4
175229 7
130829 4
203988 1
88729 2
214088 6
67509 2
222639 2
135379 5
207868 2
190849 3
97509 7
105149 2
127929 4
96029 5
203328 4
134659 4
214998 4
109419 3
31539 1
67940 5
117809 3
248288 4
125499 4
83719 5
16979 0
79330 5
99789 4
24540 1
61309 3
9812146 7
49609 1
74700 2
73309 5
79719 4
258778 7
