26299 16
17019 0
10640 6
8550 15
12240 15
10919677 7
7530 14
5540 11
8279 19
5600 11
7009 2
18959176 9
7490 13
5889 2
7860 3
5580 6
6340 19
8970 8
5270 12
6620 2
9890 16
6660 9
7880 3
10730 2
9925444 7
14520 19
9090 17
6570 10
5500 13
7620 11
6850 4
6220 4
6600 5
520 22
13479 11
311 22
8460 4
10489 13
15230 6
10050 16
21460 19
14670 19
9320 3
7490 0
14310 17
5300 15
320 22
5800 7
5580 11
4190 23
7929 3
28790 21
7780 11
4450 20
5950 23
4680 23
6840 10
9380 16
8300 18
21730 8
10140 12
7350 12
6099 19
7720 1
5751 5
9549 23
6180 20
26310 15
5090 7
14640 2
5230 20
15010 11
6740 5
8280 14
3732851 9
7280 0
32360 14
6830 13
7490 12
4630 5
5820 7
41790 9
5749 20
13590 7
7340 5
390 22
6720 5
270 22
15960 13
5900 20
16700 1
4450 7
7570 14
6200 21
4860 5
16520 3
5740 7
6369 0
4911 0
17129 7
6700 13
11760 14
16970 14
10640 3
12420 9
5670 4
7050 11
410 22
28090 21
7160 4
31599 17
10620 1
8050 6
8110 7
5720 18
9730 2
4540 21
7820 18
7600 16
15240 9
6620 4
8680 10
8489 5
5871 4
4949 18
7080 2
5520 3
10360 18
6790 16
14600 3
5990 11
5540 20
20560 19
26070 19
6140 1
14729 15
5609 10
4850 1
20030 15
13780 11
5110 5
5930 7
8630 20
7090 13
8700 10
6550 18
6430 11
5440 8
5380 4
11360 1
53379 19
18680 17
8280 0
72010 9
10259 10
16570 12
8290 23
13070 18
21820 21
12870 13
6530 12
10570 14
8519 3
4400 4
4460 23
7251 16
9389 17
109699 9
12391 11
6119 0
7260 6
7980 21
32360 17
6370 7
5970 11
680 22
11300 4
13460 18
5850 11
10709 23
10091 13
10349 4
13290 2
7740 19
5310 5
11400 19
24340 23
5450 0
11740 12
8580 0
13550 10
5380 0
6499 14
8080 16
5691 3
409 22
8620 1
8610 1
7000 23
7470 9
10310 10
4720 21
5950 6
6190 19
16890 6
260 22
380 22
4700 0
10720 5
6010 1
46339 19
7370 0
11450 21
7240 4
7980 13
16690 10
6620 5
910 22
4980 1
5030 10
8670 18
5750 2
9660 3
4809 3
9200 13
11071 19
6779 4
280 22
710 22
5450 18
8150 2
6690 17
6160 15
16690 15
10500 12
14090 11
6750 23
26580 11
12489 6
7211 11
5960 7
6970 8
5080 10
12690 3
6600 23
13890 4
380 22
4520 7
7800 19
8060 18
8190 5
18120 19
6640 18
14360 11
10780 12
4409 20
6990 9
10230 4
5920 8
4940 4
5890 20
14500 9
8460 21
15820 7
5720 6
300 22
7210 0
6180 0
10010 2
2660 22
5160 2
6149 15
6269 12
8120 2
8320 1
29080 13
17030 9
7510 0
8000 16
280 22
9740 3
16430 9
5470 18
11560 2
9149 6
9120 23
11760 14
6560 15
4490 1
8550 5
10730 9
4750 18
11690 12
9680 2
10040 16
12380 9
6370 10
14990 11
7140 15
27259 17
8560 2
7850 16
16590 9
7300 8
13300 21
20600 18
5010 16
7319 23
320 22
13729 5
291 22
4091 7
8129 18
7960 12
11660 1
6130 3
300 22
6990 1
250 22
15140 13
35760 11
5670 14
7380 20
8380 13
14709 13
10420 15
6180 16
28900 18
22700 15
5640 4
13710 11
5660 16
8590 16
4780 6
8049 2
12211 15
6229 23
6500 12
5440 15
7330 7
6770 14
8100 0
22700 18
16350 4
5820 10
29590 13
46309 19
6120 10
8150 5
14680 11
6920 1
9930 20
12120 18
8750 2
11050 12
5350 6
7360 6
6020 23
6860 3
5309 3
13010 15
5850 2
5560 6
5920 16
12570 12
15390 19
5590 11
4780 0
9020 1
9180 18
7280 3
5390 2
5620 18
8020 10
7609 23
27010 9
7110 2
25520 9
6220 14
12240 3
18140 13
8050 8
7289 23
6429 9
14140 18
7371 1
11429 16
13180 9
7480 20
5280 16
9270 13
10210 15
9830 20
9390 14
7680 8
3720 20
13470 14
4639 12
33250 9
8560 6
6130 17
15520 8
7310 19
10590 13
10630 21
8980 0
11640 3
25499 19
371 22
5520 0
13280 17
9229 14
10470 2
7500 6
5400 6
18720 8
11090 5
8670 20
4940 7
8420 20
20409 15
38320 15
5040 21
29010 15
4710 21
7760 23
3850 1
11610 9
8080 3
3880 20
10160 17
7010 11
32439 17
7950 5
10760 20
8440 18
5690 3
6440 7
7300 12
6290 6
5330 15
13510 12
7740 1
4920 7
4750 21
8600 14
5300 3
6320 14
6140 18
6649 0
6330 18
5950 11
25900 13
6140 9
13030 23
360 22
7580 11
5020 16
9710 14
23990 19
9270 14
4669 23
6460 10
5400 6
4520 6
7930 14
4330 10
5490 4
9490 5
6470 14
5330 7
640 22
8300 8
11410 18
5610 1
370 22
4180 7
4950 4
5120 10
6270 4
12350 16
430 22
3810 23
11049 8
15420 19
5400 2
11050 9
8990 9
10790 18
5830 1
4400 18
13000 2
7360 12
5930 1
9790 5
9440 10
8240 6
4820 7
6620 6
6469 18
400 22
13870 18
9410 14
8880 13
4360 23
5410 5
6430 0
9240 1
17660 13
12760 17
5990 14
10090 12
8660 2
13909 9
30030 15
360 22
6570 16
18000 18
40950 17
12770 8
7759 11
5600 8
3731 23
14540 8
8859 20
8260 2
6290 23
6130 16
4910 7
18820 19
10960 10
4710 7
9260 7
12580 21
21920 11
19489 23
11590 16
10360 17
6540 3
15490 16
10880 1
4950 11
39550 13
6569 1
10280 23
4991 13
4900 7
4919 3
9290 6
978433 18
991302 5
6050 16
430 22
310 22
5970 3
5820 3
5050 1
4800 4
2880 23
8660 19
5300 10
18965355 15
7470 3
10480 4
16280 18
22390 8
9921194 7
8130 12
5580 1
5930 3
3440 20
7940 12
4600 18
4400 7
4679 6
5951 2
7440 3
8960 19
21000 13
6220 5
4190 20
340 22
19260 13
5240 1
7780 9
6700 0
4660 0
4700 23
4790 14
4810 9
8100 2
5870 12
5710 19
8180 18
7791 4
5369 7
6790 6
7990 18
5100 1
7760 5
4900 17
5710 6
7810 6
14090 12
4770 12
4220 7
320 22
250 22
5090 17
7410 16
7220 23
49752270 11
5760 0
9740 0
9380 19
11110 4
6940 21
13560 23
23920 10
11070 14
8910 5
9020 8
14590 4
5240 11
7259 3
18860 10
9120 17
6630 3
400 22
5650 15
7790 21
7240 17
21390 13
4310 18
5530 12
5970 9
24570 13
8980 12
14660 10
4809 4
6511 10
129713719 7
80859 2
13680 20
11760 17
22790 4
10249 9
12100 8
12589 23
10070 19
9780 2
13050 10
10860 20
9520 10
8910 23
8080 2
16300 5
25850 12
9409 4
22170 15
9490 19
14110 14
11490 0
9830 1
30160 17
500 22
10740 0
9940 2
10131 9
12649 3
9170 7
11990 8
11170 6
8120 5
17860 8
9850 9
10170 16
11010 13
17579 15
10891 8
7240 5
20980 1
16470 4
16550 2
9280 9
10770 0
10710 9
7830 15
23820 8
70304252 11
13189 9
6220 2
7800 0
8969942 7
28900 15
17460 23
7040 6
10950 12
9300 20
13830 17
10070 2
5710 17
6110 0
6400 0
5870 20
18850 18
6880 8
5370 17
7189 3
9160 18
8971 16
8699 17
14910 14
59797174 11
7940 16
32970 13
13350 17
5040 4
6340 10
7720 11
5900 11
8760 18
38289 15
15450 13
7600 12
11440 0
12860 13
6650 5
10290 14
5840 3
410 22
7940 12
7950 21
20850 19
4990 2
7009 1
7620 21
6209 2
5640 21
6509 14
10550 19
8240 13
7420 11
23690 15
10600 12
49949 15
11580 20
5140 11
7390 16
11210 15
70760 1
5090 1
11689 20
6680 7
8451 17
6380 0
50439 15
4820 23
16680 17
6030 23
54660 21
7249 7
10950 21
8500 5
6220 20
11010 0
12510 4
5960 2
420 22
9510 12
7250 11
10280 9
7770 1
8690 4
7140 12
11560 3
8109 0
10150 14
8480 3
340 22
6460 12
5970 23
8630 10
8170 14
6750 11
6140 21
6640 9
7020 23
8890 15
7310 12
5700 3
7070 15
5849 3
9080 9
7900 9
8811 13
58489 3
8250 11
6630 6
12860 21
15450 16
7350 15
8320 18
8491 15
5879 13
10980 17
5750 4
5470 20
5120 23
8860 14
10810 10
14600 10
8350 3
10940 20
6240 0
7490 7
33330 19
8709 20
6590 21
7740 20
6280 3
20570 14
8430 7
29550 21
400 22
5350 7
7800 19
10731 10
311 22
9080 2
19440 20
900 22
13620 23
16320 14
8020 0
5640 17
13320 6
6350 6
300 22
8630 17
5640 7
7520 11
10740 13
5169 2
5931 7
22849 19
11000 10
6290 0
9980 1
9940 12
9990 15
5120 7
8790 14
4810 4
6500 16
5590 2
5940 15
5210 0
4040 23
7689 20
8500 15
12390 23
6160 17
15520 4
21530 11
18050 19
5390 5
8130 8
7340 10
10200 8
16880 12
7780 6
6629 14
6420 0
10920 20
5530 14
4530 23
10390 15
7690 1
400 22
7830 18
11230 11
6830 4
9060 9
360 22
8390 0
310 22
8340 15
5149 5
9100 23
7611 3
11569 10
8530 16
5700 18
6060 2
6660 18
6560 9
6040 2
5300 11
10520 20
440 22
6830 5
5380 20
7310 16
7440 0
9530 18
7219 1
6131 18
20830 0
7410 2
6300 11
6460 18
5370 3
8320 9
6710 5
11730 8
6720 2
5990 5
13560 12
11610 19
8110 14
9989 17
6411 5
6389 14
6911 10
8160 9
5680 3
8210 4
11970 17
7540 0
11900 15
12310 21
5530 8
6600 6
8310 1
8400 4
6770 10
6289 23
6780 6
5211 21
5629 16
5360 5
5880 14
7530 21
7990 10
7300 16
8580 1
5570 7
14090 2
8970 18
8310 18
11380 18
25229 19
5791 16
290297 3
7080 17
7000 8
7710 18
5320 4
6960 18
6280 17
5640 8
8410 18
6240 4
5890 13
10640 20
6150 5
6160 18
10040 1
7469 1
59940 13
7580 19
8150 11
39070 13
11790 21
9900 9
7580 9
11630 16
10550 1
9760 9
5830 11
7230 1
5640 2
5140 12
5640 14
27570 17
9640 5
7500 17
10230 19
5760 1
13430 21
13110 21
7010 4
4840 6
15390 9
6240 12
11550 13
7170 3
6710 2
86749 9
