148239 7
88149 4
97879 23
97359 3
99889 15
125409 6
105909 21
97959 7
102540 18
109399 10
100360 16
103729 4
101349 16
102639 21
96540 15
109569 13
102219 0
105999 9
102899 19
96960 0
105539 1
100409 20
99110 14
94769 11
101909 16
107419 21
99159 22
99049 17
101130 20
102359 9
98179 20
98609 12
99689 14
106389 7
103289 2
109179 20
99239 5
94919 7
103259 10
102209 8
104089 21
101770 9
105869 11
109569 7
114059 16
97679 8
283398 14
96400 0
113500 6
102139 22
110669 21
108529 15
108830 7
112370 13
106440 6
95769 13
106799 20
98770 20
104530 12
98939 0
101569 22
99159 15
114199 5
105679 14
111089 10
102269 17
102619 16
99259 3
101060 1
107549 7
100539 2
111369 22
101980 21
106589 1
101459 13
108899 7
101529 18
105169 13
105700 23
107869 2
104429 22
158739 7
100979 7
102579 21
103930 21
101289 18
106429 12
103559 22
103389 2
97670 9
116219 13
103449 21
103569 5
100769 2
101849 3
101390 2
96389 20
104779 8
101280 4
95369 21
148988 3
98080 21
97739 0
97189 19
104100 1
106050 9
101799 9
105239 17
117539 2
113579 7
106399 10
104099 23
110219 19
98559 0
104879 1
103180 15
101289 1
102979 5
113899 20
108499 18
111389 11
103649 20
101689 21
101479 17
103289 13
101989 13
104429 16
102409 12
110149 5
97969 2
96290 2
103059 10
104919 1
98509 19
106559 16
101450 0
113089 21
116499 4
108649 15
99929 19
99620 9
96169 1
95589 12
92770 3
92119 9
92639 22
87180 7
96780 20
106909 2
88989 16
91719 20
97649 17
92199 20
89939 22
91300 21
98329 17
94609 12
98739 17
101920 7
96730 0
93399 10
101589 6
94210 11
95899 19
96999 0
97289 4
93110 13
96539 1
99639 15
111879 18
93749 10
98839 14
95219 18
99029 6
94359 11
98299 22
103979 8
96909 1
92570 5
100549 16
90149 15
98680 2
99709 18
104019 2
95009 17
93229 1
92629 19
96229 8
95649 7
121550 12
94719 9
96999 13
98999 3
100670 2
104139 19
94109 15
95689 3
102439 4
91960 19
145889 17
91000 19
92729 17
97419 21
99200 1
91979 5
102029 16
97419 20
97849 21
91339 22
104679 14
91879 8
97890 23
94919 8
95339 11
100270 5
101299 22
92649 0
106339 13
96270 2
105639 3
96989 2
103749 8
92510 22
89919 11
94739 21
97569 23
103850 19
100000 12
94009 1
103349 9
93009 12
99249 18
93589 10
106169 14
100050 15
102550 3
99329 4
98629 2
104159 18
107340 17
93740 7
108579 19
104859 11
98310 14
100119 13
93069 13
100949 17
93660 9
99879 10
103779 7
97339 13
100130 15
98289 12
98159 19
93459 5
97109 4
94380 2
93729 1
97309 21
95509 2
103530 11
91259 7
88429 21
96780 13
97799 3
100939 17
95269 11
95980 9
95449 7
98009 15
106549 14
98280 2
94039 2
95059 9
95339 20
99549 8
101039 22
98019 14
102709 5
103090 4
107129 19
90189 0
97459 12
92619 15
97600 9
93939 12
97890 16
94260 20
95599 12
102609 9
113009 17
101970 12
99739 19
102969 10
105799 15
96319 15
93299 14
96829 6
95509 7
96520 1
162518 5
93119 16
94560 11
97539 21
93159 12
99120 15
95409 7
93319 20
98030 18
100229 21
108009 15
96079 10
100379 7
91340 6
98399 12
95679 9
93029 7
97320 12
93899 16
102569 4
109529 23
94700 17
92239 4
94449 5
102830 11
102549 21
93029 7
96919 3
99199 4
90869 6
110229 10
96839 18
100730 23
90379 12
98329 15
91779 12
96560 7
91120 13
95159 15
101669 11
99950 19
109520 18
92879 5
100029 18
96280 10
92289 17
93689 9
102019 6
94619 1
96289 0
96339 4
104599 13
92830 21
90299 1
92019 1
99630 7
101349 12
101559 12
96469 17
99229 16
97610 10
105289 18
97079 7
100739 7
92540 2
100019 1
102839 17
97969 4
93000 10
94449 23
95919 18
114419 10
100859 18
93310 6
99139 20
100489 23
100519 21
99599 7
95239 0
100589 10
100060 6
108230 22
95719 19
96749 10
97309 3
93979 7
102719 12
100719 19
95689 20
99900 5
94349 6
122589 6
93899 15
103170 9
96620 9
97119 12
105119 19
98529 4
97949 7
97319 20
102699 16
136049 7
100969 15
95890 11
98280 2
101379 18
97789 4
99669 10
99700 17
97459 6
101949 17
111199 1
96170 23
103699 19
96369 2
101019 6
94260 0
97939 17
99549 6
104219 7
98860 6
111149 7
97699 3
98149 14
95020 8
100219 8
89409 8
96509 10
95819 0
98910 14
94869 11
108929 2
100399 18
105769 12
99139 15
93949 1
102299 3
102999 21
96669 22
98559 15
103980 16
111839 10
97599 18
94269 10
94739 8
100740 17
102009 21
102099 0
100949 20
93660 6
95770 3
105879 0
91869 7
100480 20
97230 8
100529 15
100409 23
99809 16
94289 13
102839 19
102289 13
109989 3
87660 4
96889 7
104609 15
101109 11
95070 21
99339 7
96349 16
97679 16
103339 0
105649 13
97449 3
97069 17
102980 19
100079 8
96549 15
97189 22
100760 23
104879 1
100339 6
109059 15
97759 13
90890 0
105399 11
102409 3
98539 18
98229 22
98729 7
95989 10
97619 11
113120 22
99979 11
109439 14
109859 3
101749 7
96639 12
97390 18
100729 11
96059 15
109840 8
152629 1
96640 3
98570 8
94349 5
97529 23
95730 1
96290 20
101489 14
95939 1
103160 1
112659 14
96569 3
97869 17
96070 5
107680 17
90599 1
105379 3
97119 1
102789 21
92689 22
107439 2
98059 2
103549 16
97280 15
107189 4
98479 16
95819 18
95670 0
103209 6
114919 5
95569 15
98309 17
95629 12
101189 3
98359 0
96930 15
139558 22
100300 10
99649 12
111649 5
97280 19
93890 22
103569 6
102919 20
98919 1
99939 22
106059 13
100879 9
96179 5
111389 17
103749 1
97239 2
100479 10
94869 22
101680 14
106769 7
100139 13
96479 8
101680 9
113999 22
104129 10
93759 7
99639 15
107979 12
94839 3
90239 22
98879 10
96560 22
102709 11
109919 20
116749 16
103419 16
100190 13
101440 2
96129 8
98319 2
102380 11
100360 18
110389 13
100509 9
95460 23
98480 15
99669 16
97399 22
100619 3
101570 4
99669 10
97779 6
117849 21
94310 12
94989 12
98569 16
101369 23
102770 12
100040 1
99999 6
95279 20
96199 0
152249 6
100629 9
105019 7
105539 5
96139 4
105060 16
95560 22
105089 6
93579 2
95229 21
110350 15
95839 4
98289 23
105139 15
103220 23
100800 5
96129 19
97689 5
101219 8
100369 14
101779 14
100959 21
94230 1
97360 19
94909 12
98049 12
99640 1
104549 8
99689 7
100889 0
106129 8
92080 14
97290 19
106039 12
96929 8
99199 0
94100 10
97839 0
110489 17
98410 2
110439 22
92019 9
95229 6
95910 2
94419 7
100509 18
96639 6
98659 2
94959 22
104799 0
115719 12
93939 18
93990 9
101149 9
99369 22
95110 12
102940 11
101559 4
92479 22
97720 6
106930 20
95129 6
95109 19
97569 4
107509 5
95029 21
95319 17
97419 7
98769 14
102959 10
110979 5
95339 16
95730 15
95110 22
100669 21
112489 4
101849 5
100079 9
100919 6
97619 8
113769 12
94989 1
93260 15
93479 4
97969 10
101170 10
99580 14
94089 0
95649 3
97150 9
115370 21
97559 23
93529 15
94149 10
97860 8
110939 22
101179 14
99599 4
99039 6
94099 18
147229 0
90619 8
92370 17
104270 12
96219 18
101249 19
94539 17
94900 23
95679 3
106189 15
109409 18
101920 15
101129 23
96719 10
95359 9
98350 12
102350 5
100149 6
97009 20
90599 16
108139 19
95499 18
102319 19
96619 11
106780 7
99029 18
105009 5
96789 15
95679 14
100529 9
110619 23
97549 14
95059 20
100320 8
101369 0
92409 16
95879 3
95890 13
100799 14
96629 11
107570 10
99289 19
104989 7
103439 2
99309 4
97970 23
98269 13
93919 0
94689 11
99400 5
105839 6
94649 6
96119 15
97840 13
100019 0
96559 9
99069 17
103550 18
100309 9
101039 22
108369 23
92020 7
99429 2
100809 1
95379 10
103879 6
92930 10
100049 17
94479 8
102360 19
103489 12
94199 8
103559 21
98479 15
98909 2
97129 2
98259 20
100310 17
103339 10
101439 3
108309 19
97749 19
91859 14
93259 5
93489 17
90950 11
97300 20
96599 4
101009 23
104889 19
117109 12
101959 5
102849 13
94079 14
100789 10
98539 10
105029 4
99289 3
108959 19
95260 7
157528 14
94240 15
104799 22
108289 21
103749 5
94920 1
96130 4
97679 1
104709 19
104299 14
101939 14
94039 9
96229 4
105429 4
98680 4
97369 1
98649 20
97180 12
103520 18
96599 14
113199 16
93949 15
95280 23
96760 22
109219 7
94999 2
107720 23
108130 18
93059 1
98589 17
102719 19
99449 21
104239 8
96389 11
107289 11
94629 12
96259 6
103329 2
99559 12
96729 14
105949 1
95769 7
98969 5
101240 15
99739 16
97919 13
102429 4
95279 13
94540 11
100549 18
107849 1
97519 9
98970 8
99670 2
94919 22
96829 9
97160 3
101679 9
100499 13
103779 18
106470 12
101670 11
96119 21
98359 13
96880 4
101640 12
96769 23
95309 17
98620 10
96600 8
109169 8
99289 13
92750 6
88790 8
94319 13
102729 1
96840 15
97850 5
93859 23
99939 20
103450 5
92680 4
94239 17
102249 2
92110 8
92750 20
93029 16
101179 20
93140 14
96679 0
117029 11
99449 7
91779 7
96720 7
93879 22
96269 0
99780 15
98450 2
95599 7
97429 19
143459 17
98690 1
95130 6
95439 19
98409 2
98149 16
99129 9
92579 13
94679 8
101020 15
103110 3
105939 16
94689 6
99189 9
98920 21
96269 8
93609 21
100929 3
95449 19
99999 5
114489 6
97559 0
98329 19
98739 13
100039 20
97429 16
94300 21
98789 2
98129 23
99729 19
116608 22
96929 1
98309 7
93119 22
100179 5
106219 23
96109 14
98739 16
92249 20
100440 2
107489 22
91229 17
101439 12
96259 3
95899 12
109899 15
93330 20
96139 4
97999 17
94449 7
94529 21
99090 11
87859 3
85780 5
87380 8
87469 10
89919 1
90630 17
90049 3
89459 21
85380 1
82209 23
94739 16
89600 12
80139 9
87319 14
89060 1
91119 14
89509 4
85150 8
86109 15
85599 19
87040 10
98539 21
88039 5
91280 17
88830 4
88939 6
84879 15
87939 11
86769 8
87880 22
90549 2
87819 0
87030 16
96300 2
84389 15
90899 8
84039 11
88609 13
88600 1
86240 23
83579 2
120089 0
81220 10
82579 3
95409 2
82090 15
81139 22
79939 14
77830 1
