326846 10
306546 9
102979 8
94198 5
38570 4
196337 7
159847 5
149518 11
111238 11
171677 10
127248 6
201107 8
165867 9
123018 2
14930 4
90469 2
82668 3
74299 6
227547 11
75858 10
81968 7
182047 6
98578 11
64839 2
63469 9
169487 10
52989 7
69359 7
78569 3
73319 6
155577 0
82369 8
202517 1
103888 3
15780 4
81629 0
111479 10
62719 9
168077 9
143288 5
159177 1
185257 3
129118 3
82959 11
94358 7
89188 3
250216 3
179087 2
94449 11
176467 11
88389 6
298635 8
19660 4
152597 11
69059 7
111738 10
301325 8
117958 3
128468 11
93048 7
125548 5
137338 1
192397 0
271256 3
105188 6
76589 1
174377 6
113378 9
120378 9
146868 2
151928 3
88138 1
36490 5
86358 5
66179 3
118678 6
60479 10
195687 6
114128 0
128987 7
95698 10
72649 7
73928 8
221017 0
147268 7
166757 10
144928 2
148397 3
85529 11
186227 3
149668 10
84999 11
198137 7
37240 4
172287 3
133278 0
282525 6
198677 9
191927 9
191597 5
193926 10
183257 7
115088 2
297135 9
81199 1
79869 7
95558 10
19740 4
96218 8
215627 6
125758 10
74059 9
179227 6
149567 10
11960 4
65259 11
162388 11
221766 0
156758 1
165577 0
119328 6
64949 11
100368 2
14809 4
67319 8
93179 7
188397 3
158897 1
113149 0
101438 8
143828 0
151757 0
70639 5
216717 9
173637 11
192267 1
169097 3
132998 3
130588 6
182627 7
168807 6
244167 5
202217 5
50810 4
127229 5
62510 9
161958 5
131058 10
80439 5
85029 0
62929 7
312975 10
19190 4
58949 3
545431 9
3892459 8
67610 3
56159 6
68188 9
86149 11
117568 10
208057 0
77889 10
232056 10
220856 2
151458 5
102558 10
27740 5
90749 2
267936 0
27580 5
182077 9
168587 2
153928 0
109938 7
193897 10
180447 3
193067 10
92449 8
70659 9
135747 2
122278 10
205567 6
135748 0
118408 2
190257 10
200707 1
67019 1
145657 1
128478 11
254236 10
71499 2
175697 11
112418 7
127978 1
53819 5
108218 9
265996 9
62129 7
70519 1
87989 7
60009 2
6338719 11
76669 0
116048 8
172337 9
85239 1
98069 2
161537 6
33799 5
122739 11
87619 8
63549 7
426023 1
295846 3
88939 8
108469 5
97288 7
131598 7
155887 2
90429 3
340585 7
140458 6
116778 9
34490 5
132808 1
77979 9
104629 3
177197 7
171357 6
167938 2
115758 5
110978 11
194427 11
27390 4
124369 11
24099 4
157138 10
119429 8
106138 9
24050 4
112568 9
88948 3
167187 3
72609 2
20229 4
138218 6
88629 2
77459 6
153277 11
147028 10
232566 6
93829 5
61929 8
16609 4
49299 5
73638 11
12679 4
127608 1
58320 11
288846 1
126468 0
208757 7
131627 8
26899 5
14790 4
319355 3
99738 6
70859 7
99488 8
112458 6
88798 7
15350 4
119438 1
240456 10
111569 8
158078 3
121328 11
66049 8
88368 1
23260 4
268296 2
150018 5
63668 10
63928 10
128838 0
127438 11
339255 5
75439 1
90759 11
74839 1
156238 3
114238 10
96558 0
98618 11
84139 8
246046 1
54559 5
13890 4
214986 3
26579 4
114568 8
133028 6
315805 9
86809 1
250756 1
77839 2
85508 5
155178 8
154937 5
119438 7
74479 11
154718 2
16549 4
171508 10
122988 2
344494 0
106099 2
139778 8
176177 1
136587 3
86679 9
67989 6
148168 6
139418 3
53350 5
75949 7
150488 6
273926 6
19789 4
150328 0
39609 4
19330 4
175507 8
128908 2
149548 6
76448 11
208056 8
173937 0
93488 9
91448 9
388674 2
13759 4
13880 4
189107 0
75639 6
217166 2
287376 1
120868 3
211737 6
1178471 0
78609 1
359784 6
131368 9
208907 6
93448 6
40070 5
102128 2
16870 4
131438 6
114228 1
84509 6
114809 2
29729 5
68139 6
330845 2
223736 10
141868 0
94858 10
341564 0
132558 9
116728 11
182167 8
19850 4
230846 6
99279 7
131067 1
28020 4
90369 6
89208 9
76929 7
17800 4
19260 4
78679 8
42880 5
83319 9
122388 0
223127 0
481322 1
86869 9
98228 0
57779 6
56609 11
89958 0
95679 3
123778 11
111929 0
121208 5
205517 3
161557 9
101178 6
50039 11
133487 1
75658 3
147758 1
94118 1
106418 7
61859 11
77159 5
92539 8
88539 0
55349 9
331905 2
181698 10
90468 10
90659 0
147147 9
200606 8
190907 2
104098 10
95408 10
118678 6
145708 3
52109 6
58949 8
54119 7
12880 4
100669 11
210806 3
110668 5
176207 10
187928 0
68359 8
28300 5
80869 7
121428 7
160277 0
67969 11
45010 4
191506 3
136758 0
97629 2
196057 11
268126 7
33880 4
121758 3
385274 7
25100 4
261235 7
165608 0
86909 6
103728 10
21180 4
91939 5
132618 8
78619 9
214827 10
26869 5
235826 8
134429 7
141907 9
207207 1
126198 10
113118 0
192217 10
117948 11
152548 11
26679 4
138437 6
194567 0
110948 3
256426 10
148138 7
193967 9
159707 9
92069 3
11980 4
201546 1
157237 3
512162 2
153747 1
23200 4
138168 7
108388 3
128548 1
182887 2
117578 6
121209 1
143647 6
62599 8
12700 4
192007 3
114898 7
467843 0
134337 9
107708 1
154557 2
42300 4
126608 8
100248 2
