76219 9
99564146 11
204598 5
19779905 14
20009772 11
40978655 13
53869 2
9018186 4
59940577 10
30010109 3
39995355 4
39995595 3
50006811 11
19995102 2
40053035 1
72489 8
49868362 15
27710 12
19992072 7
19990133 3
10095705 9
9908747 3
39990065 1
119989614 14
110013988 6
20002412 11
71029 5
19926393 7
27989137 1
62012318 3
60014437 4
19962873 14
9055105 0
18680 15
35019 13
56089 3
55710 7
50800013 8
80003629 4
59986558 14
20012643 15
79986379 13
40008965 5
40011634 9
37689 13
140939128 7
9056455 4
59955767 3
49995791 1
8012765 13
41570 7
11951188 4
28549 12
39989005 9
20109161 6
19869024 5
96169 7
169910426 9
19995532 9
20021823 10
39985115 0
19988912 1
20012112 10
45280 7
40669 6
19947412 8
40131044 15
19826224 10
64629 5
60570 2
56030 6
39070 11
119773696 4
92969 9
29923349 3
25970 12
18963612 4
1051900 0
40002085 11
79950720 6
79994649 3
115219 4
49910432 10
67239 5
55869 15
36769 13
39469 5
39781997 14
119989014 3
28002417 5
22524159 4
8475461 14
3086521 6
7058864 7
529186 4
30163937 8
19984962 6
19011982 6
59810 2
949422 13
59970988 2
150007363 4
69987624 13
120111773 1
29790 12
59856688 13
20383769 5
62079 0
19560727 14
60799 3
8083394 11
11854759 13
60011747 11
19999362 4
34660 15
38956955 1
56209 3
991531 5
59948667 14
29500 12
25100 12
19959932 9
50004200 3
39975875 15
20069892 0
119569 7
57240 11
55659 9
24610 12
38685457 6
64069 8
974981 5
19974863 6
26730 12
56620 5
55359 0
19854674 10
40289852 2
19687545 13
30032959 11
19974553 6
20012432 8
29009848 15
60992608 8
71129 3
28350 12
79948520 1
65899 5
82860 1
36749 14
26010 12
34120 14
56959 7
25730 12
52799 1
54740 11
79511344 6
38840 14
64370 7
111949 5
36829 14
57999 9
55220 10
49631885 11
120009094 5
10103185 7
43050 13
68840714 2
26869 12
61339 4
951901 1
39951795 15
20002123 15
49022120 8
113070 8
58880 2
30818511 6
34590 14
20086801 3
63360 0
19876623 1
71319 7
79881871 5
31309 12
67409 5
68059 2
60970 8
58389 4
7732988 9
54680 4
31763782 15
20052052 14
34889 14
19945522 0
92359 3
59200 5
19834004 7
191578 2
34440 14
59180 9
55759 5
229647265 13
20009762 11
67580 7
39935795 11
17990611 8
58620 3
2051721 9
178969 0
59724879 7
38984005 1
58769 4
19943173 5
57449 3
33880 14
34640 14
53769 3
35800 14
27179 12
56789 5
749913 9
40003445 3
66839 9
8901896 14
100985142 7
20028882 7
56200 6
149932173 7
40058664 14
145229 14
59792489 13
19990582 11
59996287 5
62930 9
39799 15
19921453 13
88038763 11
11949598 3
33630 14
37937784 6
55790 7
1993562 9
63439 9
20046702 0
19869414 6
19979232 7
36640 13
9001515 11
55889 11
32350 13
10868298 2
20086821 13
56610 8
82847643 0
17006041 0
40043844 4
59953268 10
20002912 6
10046316 10
53419 6
55990 1
35279 13
57330 8
29764350 15
61069 2
60529 9
56579 9
19808904 0
70000213 10
30460 12
40085194 1
49937681 8
26760 12
81399 8
58860 7
26379 12
59189 10
59549 2
29624902 15
40033555 3
88056784 5
264417 5
55980 11
11718040 3
20039962 10
26270 12
19700805 14
25189 12
86169 0
89875726 14
24680 12
33520 15
20057532 2
79902390 5
20004062 13
19990653 6
70006263 2
28940 12
39962166 1
97959 10
49919912 9
53729 14
59928218 10
25679 12
58610 8
19911633 0
83739 4
59926108 13
66879 9
20043332 15
98390 14
18785344 3
55960 8
31389 13
56570 8
56539 3
56920 6
55949 1
796513 9
80886851 1
55109 8
88982716 14
58964077 11
70996304 14
20015022 5
18981662 13
1058770 9
9966557 13
19993832 11
150157762 8
9893967 10
49930821 14
20118611 9
64260 5
69877354 8
60499 2
50198319 1
7762047 14
31923520 13
70021173 4
58978987 8
61019138 14
19995572 9
60002577 10
26120 12
65729 7
75829 5
57020 7
19763434 14
113559 9
160091338 3
29853810 2
76510 4
31459 12
8873907 8
60609 4
53499 2
70836325 5
63390 6
38932744 14
35230 13
35320 14
31080 14
57580 11
40867016 4
40060313 13
29025397 8
59310 1
160852031 9
191888 13
19790044 14
20017662 9
88339 2
18891103 14
56520 7
1073410 3
58370 4
19833414 5
20006122 7
19985313 0
59829 2
19836324 11
37967054 10
72228542 5
37810 15
19721566 13
115208 5
55650 0
49843872 8
67940 10
53179 10
19895153 0
58500 7
35540 15
54700 4
8933766 11
28590 12
30911020 6
92899 1
61100 4
25600 12
788923 15
7022594 0
11970738 2
27979 12
19985633 9
59984007 5
17993681 11
12010738 15
1026871 8
35070 14
18927312 11
185808 4
27400 12
19805104 10
90480 1
39945556 6
145459 6
61890 11
79745091 8
38989034 6
40097784 2
60629 6
57369 6
130798823 3
67459 6
19929602 13
238527 14
89680 14
19669775 1
17991491 4
32075349 8
59981508 1
59660 5
39869166 13
60037246 6
19990262 7
29003618 13
23790 12
35050 13
90975567 5
30449 12
10094016 3
120949 6
129698284 5
20213370 6
39866016 8
174948 5
55970 8
89717808 4
19997893 10
20010013 10
90989 7
30081058 2
56310 6
59775169 11
57580 10
27997887 9
141948328 6
19979943 1
73319 5
19911263 9
173738 4
19838034 9
38985884 5
1124529 0
63530 0
60369 0
59570 8
108681911 13
1085830 4
29947659 7
49022980 3
11026416 11
18929113 9
30882841 3
72869 13
61189 3
19883614 4
74859 1
19916593 9
38975205 2
31010480 3
38519 13
150319 9
19980082 4
19825604 15
21043333 9
23780 12
17928951 0
58429 5
34969 15
33989 14
988461 7
18881403 5
59819 10
58600 10
20882654 13
58349 4
79947560 5
20052192 8
40002025 6
29329 12
19920802 7
93730 4
19912644 3
39981355 3
28960 12
128919 15
39873736 5
79962880 0
20025672 5
114439 6
99961232 9
27920978 14
11986228 1
59998246 15
40010735 9
59995667 4
9010026 15
11167565 5
39821236 10
17993472 6
2070630 5
19927923 15
93599 0
19921273 9
61750 7
59709 3
7908126 4
58289 3
23893466 10
57998796 15
178718 14
59836429 4
99983742 14
40004114 13
83569 10
78529 9
97828052 14
2084331 5
61989 2
70250 14
19942083 3
39838797 15
219858 0
61140 3
49862682 9
19877713 11
66599 7
57979 0
57800 7
57819 5
57160 3
35269 15
57689 3
89596719 13
76369 6
39950845 0
80839 13
78897500 3
81003949 15
89998816 7
57986456 7
60349 11
60309 0
1942902 6
120189 9
58279 2
39880 14
39592479 7
100170280 9
19839794 7
1055490 13
18968902 4
23980 12
38931295 5
29219 12
60670 2
972071 10
60750 10
59881988 5
20056002 4
59955378 9
99999511 2
19979643 15
183088 0
66539 10
79752771 14
29160707 7
26069 12
23450 12
80906321 9
59876198 15
80028059 8
40026605 10
34849 13
149279 10
17769213 11
59260 5
60459 11
11897068 2
19990742 10
40050614 4
89942656 15
26620 12
29016518 0
10963327 7
18995602 10
58759 0
20965494 10
19985513 11
19989572 14
60420 1
116149 1
19827964 4
28033047 10
31958730 3
49989951 14
105909 3
23309 12
63509 11
23150 12
39870056 6
76529 10
56749 2
34139 15
59520 5
19714246 0
73209 5
60589 2
39967085 3
70170 3
99832243 5
196878 4
69778266 13
70001314 10
24310 12
10038956 2
61570 5
59599 8
79832561 1
20010812 13
79979740 9
70255751 8
39749687 2
89559 6
17896112 4
2140250 1
81069 0
59560 0
129782952 11
30759 12
61159 9
61119 4
291667 11
58499 2
61000 10
57400 11
19330569 8
65319 11
59923578 3
80060209 4
1973991 5
177957700 6
60769 2
39780207 8
38004473 0
59550 0
91956167 4
62679 8
38359 13
136849 6
9984766 7
61110 4
39717577 15
119979094 14
33160 12
19977253 9
59995908 3
100050641 7
40094104 3
59895878 5
231217 5
63819 11
63579 7
39598429 2
19997842 14
21011933 11
19011472 1
79973819 15
120016974 3
39986725 13
40015685 0
8035775 10
101964163 11
74009 3
139930337 0
40037424 4
39952665 10
20015263 8
43330 15
39930556 6
40988506 13
64579 2
19130151 7
28885959 5
71869 7
66369 3
20805464 0
19994483 5
29949 12
19974612 3
160209 15
99830024 1
20010802 6
20050092 1
19953393 5
70069 1
27290 12
19888223 10
36580 15
7976265 14
11979398 10
60020648 0
81730 6
59969967 4
61190 3
65910 9
59019 2
9798028 10
64880 0
26590 12
29960608 4
82360 11
94799 4
9787328 2
29932019 0
61299 3
19964882 10
58969757 5
81004970 10
91649 10
68449 6
37833955 0
24790 12
22099703 1
7969115 3
12087616 2
19826183 3
20155560 11
83619 5
62499 2
26060 12
8870547 8
60900 8
10742729 7
74980 5
19932793 3
141499 11
34909 13
24699 12
59666300 3
19999912 9
169995695 6
40005145 9
59995828 11
20004702 7
39996654 6
38919 14
60260 9
8998005 8
59600 9
10835888 5
74699 14
109982008 11
63190 6
8922206 1
115839 1
60844139 15
26480 12
82509 8
19894083 2
82700 10
38900255 14
81022650 5
19995693 11
25539 12
41819 14
7966565 6
27219 12
21937984 0
190003027 5
41988395 9
38048203 3
40054884 11
63049 3
99843443 1
78170 6
62779 11
59119 11
17774523 15
57839 9
32630 14
121982825 5
269808 5
19677415 3
80129148 1
19852514 13
9051275 4
68170 7
59410 7
60299 10
10785509 2
26620 12
19965043 9
110045187 3
64499 2
24549 12
39893926 13
86479 0
49897022 4
39999645 8
19996482 9
70012433 4
87579 13
60660 10
58949 6
39788107 11
38976714 2
65799 4
35999 14
150927844 8
80439 6
10904728 14
34030 15
9991016 5
59169 3
61980 10
56349 3
58779689 1
80014029 1
39997245 1
119995814 15
20014792 0
10041326 5
65699 2
58970 5
58020 9
40480 14
109729040 6
49990441 11
20133821 4
209869261 10
39983445 14
19887564 0
29992579 4
40008254 3
39987545 14
209378 10
59811099 3
70032043 3
90009105 5
17981171 8
2014121 6
58410 2
55130 11
11827149 5
86996203 13
24640 12
57350 5
34090 13
985461 2
53210 2
29843490 15
92920 7
50957002 10
29092207 14
48911361 7
25109 12
10937028 10
30060298 6
30510 12
99894633 15
39005584 8
1051750 10
19959643 1
69869 6
59979817 3
39984715 5
27500 12
57529 5
58799 1
55139 3
50370 5
32900 14
59703091 8
19961973 15
90027266 11
56500 8
1960002 1
55050 5
35550 15
54669 5
127830821 0
79994219 7
25150 12
53956243 14
60140 10
25969486 2
8021625 3
35030 14
54969 6
11871059 2
40002365 13
59840 1
110933669 5
39011304 5
19990143 6
30023998 15
19999702 3
10978667 0
7127543 5
101878534 8
28560 12
114549 7
149868494 8
2019571 1
17948532 14
33170 13
58639 4
19940782 10
34200 15
65109 4
79887010 9
34980 15
79952849 13
39540 13
70098162 9
9905707 10
63490 5
79907040 2
49999391 7
19988962 3
20020513 3
29270 12
19941183 15
183208 9
104399 9
59804789 11
