53509 9
9846725 0
58550 6
49020306 8
10820385 11
163219 7
7893923 5
11942665 11
88171948 8
39826525 11
32890 8
12044173 3
21480 11
62279 3
46669 6
19040 11
9835685 4
119964031 1
25750 9
159969004 4
19099416 2
20903588 1
19985207 1
19989246 11
120007801 11
40034603 0
48319 0
20125026 11
17610 11
36549 10
179750053 1
19850 8
99964104 10
20012657 7
65650 4
17929166 5
1029281 4
46499 4
43440 4
60879 4
44510 1
58499 0
33690 11
747543 8
66569 4
19883158 5
90639 6
39901904 1
46880 4
26430 9
43979 4
8925434 7
70169 6
61190 4
30812482 10
40005433 3
90076420 11
99927494 1
72299 3
59170 3
39863145 8
59809 7
19938767 11
19999427 8
21480 8
49992207 7
20001126 3
95169 6
29980671 0
116388 0
64379 2
9823445 11
19410 8
99905814 4
39990404 1
61058830 8
26985459 2
63859 1
41892015 7
78710 3
159921794 1
120991611 6
19009906 7
69610 5
19916397 11
120016810 5
26020 9
7991623 0
31984181 4
20000346 0
82689 1
60979 1
18842798 2
9128952 4
117739 4
11623238 1
40000003 5
63050 3
59934561 6
20001066 0
39989774 6
98839 2
37881464 8
24299 9
2059121 6
61709 3
19877618 1
36229 9
19966458 1
40017244 8
19971417 4
137728 6
79871879 1
26790 9
61720 0
35449 11
25080 9
60280 7
38781816 3
40995504 5
20022966 11
67290 4
19918427 2
73019 3
79918208 2
20003397 0
20000456 11
59997961 8
1047939 0
38996903 4
18957726 3
34260 10
1019100 4
89950921 7
59983080 10
28800 9
59994370 5
149996421 2
141639 11
98848135 2
131011143 0
20055727 7
36320 11
40897565 3
118998450 4
49360 6
9001023 3
35159 8
40549 8
30870 8
10839595 10
64079 7
79940048 8
50004646 2
40024604 10
99975014 8
39989944 8
28780 9
67959 5
39926844 2
19996937 1
31540 9
19958587 1
19999047 1
26509 9
70830 4
63769 5
62889 7
63079 4
37980 8
19679040 2
17994437 1
65860 1
2051060 0
37609 8
27380 9
60980 0
61049 3
19739499 2
60270 2
61749 2
80064676 10
155619 10
59608684 8
40012793 4
70086183 8
77239 7
56099 2
19773878 3
20119046 4
49730729 11
150014890 5
89992211 4
44859 10
59954411 6
8021892 8
30980851 7
1086309 8
19913118 4
40043263 7
20941748 11
67539 1
26780 9
158948493 5
149968910 10
60199 6
39927314 10
30410 9
80000547 0
28780 9
19949957 10
19993357 10
26790 9
112239 0
8981133 10
50889728 5
100060093 5
146529 2
100789746 7
19016686 0
59987470 7
9024663 11
50972528 8
55779 6
29995920 10
99971954 2
9035602 2
1002571 4
97769 4
30720 9
9035543 6
25890 9
61829 2
66190 1
34559 11
58820 6
20517561 10
20019407 6
57987100 4
22007427 2
60992811 3
49061857 5
123448 5
19812079 10
37829 10
20954228 8
91439 8
69849 2
44030 6
23359 9
60230 4
61050 3
59029 2
34289 8
61090 4
59049 4
8517168 0
58929681 4
62129 4
40985904 6
28389 9
99936304 1
10030993 1
10002723 6
39942634 11
76249 7
74559 3
17860327 2
33050 8
31968991 4
34239 8
33469 10
77924757 5
43055684 2
33540 8
61089 5
59360 3
7853255 4
54299 6
10894825 0
20018326 8
99975804 7
38988474 11
29359 9
41985444 1
61129 1
18771238 3
49989346 11
50008576 1
59993671 4
19996476 5
124989 2
50925508 10
47029235 7
89914982 6
71998144 1
19993447 8
50013337 2
27130 9
19969157 1
110010387 0
73609 4
8993583 5
62649 7
110958 3
10772286 6
59989880 6
81009 1
33919 11
65950 6
19856048 10
72949 7
78874348 5
1052030 1
60039 1
69965194 5
62129 3
19881878 1
27000 9
59439 3
27891590 5
58779 3
21967998 7
59971411 3
20007336 1
26180 9
19968727 11
20244214 10
19758479 4
81350 0
58920471 5
37620 11
30959181 0
20002877 0
20003937 0
27859 9
61990 4
19903268 0
130021843 7
98469 11
64129 3
61499 7
29817072 2
34530 11
29898211 7
220002623 6
120929 0
44370 8
26810 9
58800 7
219751486 4
64290 11
39937394 4
99028163 2
1049130 1
26769 9
19888118 3
60008820 0
91669 11
41410 11
62449 0
99856985 7
28380 9
59913331 2
40004333 7
32900 9
79970907 6
20057546 8
42490 10
99879695 11
1035100 8
38962153 11
40071313 5
62289 5
39873775 10
20005417 10
66699 7
17924037 10
2077600 7
71569 7
39750945 6
65919 7
19913407 11
119996551 7
57999329 2
27470 9
110973418 0
1063489 7
9086492 3
170940328 2
62560 7
65889 5
69150 0
26530 9
68289 0
59970 7
60649 1
26700 9
58100 2
60580 0
58769 7
58690 7
38059 10
35550 11
57510 1
62960 0
42190 10
39009854 6
40095293 5
61929 0
36479 11
39795316 8
168269 3
9886634 5
69962354 1
64140 0
25070 9
119897182 7
40123052 6
76029 0
59289 1
23900 9
60890 3
57889 7
59510 1
27080 9
61270 1
59462105 5
19973497 10
73069 7
19931088 8
140007687 0
40983134 8
139008876 11
40015634 2
19991197 2
50005837 7
20007627 6
39972323 11
66139 0
79957487 8
40004644 2
129985203 5
84120 10
7989263 5
1952431 8
99974084 6
39983624 8
60002360 11
61629 4
69959974 2
110051296 5
39968854 2
38962433 8
1032140 8
19978597 6
165848 5
35690 10
61809 0
129746466 4
34850 9
69589 1
19886948 5
20009477 4
87029 3
37470 10
62740 6
35449 10
8808235 4
30960460 1
118982911 10
31009421 0
58729 8
69579 1
59922970 0
7961053 2
71858206 4
100001343 10
19992047 8
24700 9
19992677 7
121988171 4
7056541 2
30953492 7
20129415 1
39918314 5
9084732 0
1870372 3
17998646 6
42240 8
50960097 3
58988210 0
25970 9
24360 9
59709 2
50899828 6
40101493 2
18871758 10
91019041 3
228991707 6
30989540 11
25520 9
61569 3
27690 9
34820 11
33359 10
24819 9
61130 0
48004097 1
59309 0
11678867 7
18999397 6
1025040 8
68009 3
9911694 6
63020 2
61339 5
8892634 8
120963511 10
20016207 5
118819 0
68339 2
62189 2
58734443 11
71021873 5
99988614 0
67479 5
7979103 1
32950942 6
55995749 11
32689 10
32530 10
103257082 7
179138 7
19513732 3
20040696 8
36070 10
60609 0
25630 9
33600 8
38796315 3
71003813 1
50002517 3
19980277 8
25580 9
19982137 2
140788 4
25089 9
106859 4
119736563 1
10018133 10
30004870 8
219991494 7
79991597 5
79529 3
34330 8
19879798 0
60000360 5
40370 11
59957070 3
80051697 7
79589 1
24900 9
20857949 11
88699 11
18885887 10
63420 7
70011324 6
66300 5
48949027 11
30898962 4
129929364 2
29961050 3
20088966 7
7916353 11
11993214 1
26290 9
56389 11
40185452 6
25490 9
79705659 5
49998687 2
61720 4
19941708 7
79993197 5
126228 0
25069 9
19847249 1
20007227 0
40850 11
179958261 5
19992226 7
38150 8
40008223 2
79959377 11
32209 9
39968364 4
50045226 0
19951178 5
158009 7
60230 0
59775523 8
10025283 11
64139 0
39908024 4
20014357 4
66450 2
60009 3
63639 5
848882 0
26710 9
36190 8
118900941 7
63430 3
40041463 1
25649 9
189857615 8
20016376 0
35170 9
99986774 0
19956148 8
49041086 11
10969904 10
30320 9
174178 8
25589 9
39812126 4
73379 5
60750 5
18817379 2
21046576 5
33820 9
29150 9
39883654 11
71650 0
19926098 11
19110555 6
20975657 5
59914581 11
100015534 7
45959 8
32559 9
69069 4
38820 8
96279 5
57680 4
19661620 10
20004406 2
37430 8
62439 6
61460 7
19833288 2
19974647 10
27580 9
28129 9
65369 7
62129 1
8849785 11
11032173 5
114329 5
36060 11
59379 7
19749329 1
27420 9
90002830 2
38819405 3
45249 10
58860 7
37729 10
39500 10
30835232 0
66699 7
39912994 8
62008630 4
7048272 1
63670 7
34949 10
32490 10
29990 9
35189 10
10765426 4
83900 4
39915614 6
90229 5
110509 4
60929 4
64840 3
58469 7
57179 6
129542717 8
10057642 5
36810 8
61059 4
25840 9
8872264 6
61020 0
60009 7
130837036 5
97759 8
69897304 2
78995307 1
60359 4
1020491 11
49919437 4
28020229 11
13091064 5
158889444 3
39999144 7
69929 1
19940047 4
76160 2
64489 5
149863692 7
19994376 4
34860 8
59960861 1
29047220 1
66449 1
64429 6
58320 6
57769 5
50705859 3
30050300 1
35840 10
19928217 0
59978860 7
230005838 7
40253530 6
159752296 3
19987687 10
60074350 11
59549 2
27570 9
32600 8
59809 2
39751046 5
177996100 5
22086656 6
25580 9
61159 7
19838548 0
79993777 2
40134262 7
100850745 10
7120562 3
62300 1
31823652 2
150026280 2
65450 8
29939 9
286508 2
59590454 5
19997846 5
8014983 10
51996657 0
19975076 8
133709 6
40883255 1
23070 9
61529 3
59309 3
17717909 8
1067020 3
19945907 6
72070 4
59991910 3
7949533 10
31879 10
41944404 0
60180 1
60539 5
58650 1
79927318 4
29950371 2
29559 9
19925798 4
19984057 11
67089 3
86289 2
79914978 0
19944937 6
19999937 1
90899 3
69899634 6
40010954 6
36529 10
89951531 11
64249 0
77489 11
39867694 6
20009017 3
72119 7
8960014 6
60819 0
61720 5
33250 8
40789526 10
32370 9
39980363 4
38985194 8
92000760 8
39480 11
36330 11
24449 9
60109 2
58852471 3
1040110 2
58954900 1
63400 6
104509 0
59829 2
99784526 1
73759 2
36040 8
68299 6
59220 1
19756038 5
72110 2
60971941 4
238952000 1
247997204 4
27509 9
11994315 4
19976498 1
20006917 6
40000643 8
10130931 0
145238 0
36100 11
29692593 2
19995037 4
78499 5
68059 7
64000 7
58220 3
57860 7
60190 5
19596940 8
110010487 2
27860 9
38972743 7
1089410 6
29917591 2
91569 2
7941753 3
72989 2
70330 5
51808339 11
60003850 3
33960 11
62289 7
39957374 2
64409 3
119890522 1
10110642 2
29768352 0
19996647 3
20251664 1
19760829 6
39983234 7
49046596 3
60964071 4
119978000 8
120018850 1
89979401 10
240387 5
39903305 6
31939 9
26270 9
61889 6
59839 1
19675170 8
72789 5
19953177 0
39981344 10
60114089 1
71409 6
49880498 7
99936564 11
20000417 11
20005947 8
111039 7
44989 10
39855505 6
8999073 8
71167182 0
155839 0
24970 9
1686763 3
97958364 4
39994834 3
62679 2
23920 9
59430 2
8893895 7
29949150 8
1048900 2
33410 10
29925280 1
107079 4
59970 7
149821842 8
60013900 1
8046132 1
71952675 3
19004316 6
77899 3
1959772 1
38987174 10
41119 8
38690 8
19898218 6
25780 9
8005473 3
1000890 7
60810 1
48888497 11
61780 4
25050 9
66960 5
40869 11
31810122 8
20322894 1
33609 11
19722090 10
24220 9
58460 4
32719 11
60769 3
32490 10
24759 9
31879 11
59810 0
32220 11
25380 9
59540 3
33079 10
58870 5
60310 0
19331013 2
10103622 7
59891671 8
68869 6
72879 5
19854878 8
41499 10
59953871 8
20016287 5
77995166 4
32020 8
