86839 0
41189 8
36700 1
45879 11
39220 10
44319 1
45530 6
40759 8
41750 10
42969 9
48840 10
42629 0
49500 0
49989 6
48909 7
49819 11
52889 9
45520 9
48499 5
52920 0
62320 6
49969 8
54380 3
61149 2
43720 1
47049 3
43649 4
46320 10
56709 6
49880 1
49790 2
52209 1
55430 2
48639 11
52430 7
49830 7
46269 1
46930 8
47919 5
50390 8
52489 8
58279 1
56220 4
58739 0
48300 7
47630 7
47789 2
43240 1
47799 8
46310 3
51189 1
50920 3
56299 5
47329 3
48410 4
51269 2
47540 7
52060 1
50499 8
50100 7
49559 4
51080 2
47879 7
59629 5
51910 0
48939 11
46400 11
49880 8
50090 5
51189 6
49419 5
52480 9
52139 0
45979 9
49099 2
51239 10
52400 5
50629 2
54840 2
47389 10
53209 2
44800 11
53029 11
62080 6
50090 3
53529 1
49800 1
44909 6
50849 10
49539 2
51219 6
50790 9
51529 5
49320 5
53880 5
50489 10
56050 11
59819 5
55719 7
55880 2
51759 3
51519 6
64450 9
51629 9
51989 11
51609 6
47839 1
45250 0
47499 6
48290 4
50599 6
54069 1
50750 8
48449 11
52190 6
51580 4
55189 7
54570 3
48659 2
52639 1
58340 10
64899 9
50329 4
57429 7
49699 4
52560 9
58400 7
47509 11
51870 6
58729 0
49939 8
57139 10
46679 8
52140 5
51289 7
47300 11
54039 4
54049 4
51750 10
55819 7
93979 0
54509 3
46910 6
50619 5
49499 1
56399 5
52079 3
50170 11
55950 10
49599 1
49490 11
50089 9
53359 6
49769 9
51099 6
50760 5
51399 5
48870 4
51000 2
62539 1
51940 3
53770 9
47809 5
55150 0
52039 10
54090 6
57559 5
56069 0
53200 3
49239 6
51229 7
53120 5
50629 11
56370 6
46079 6
51869 9
52930 8
73519 2
51649 8
55799 9
50810 6
50089 9
46060 5
50219 7
55720 5
50899 7
57199 10
50820 0
53889 0
56639 11
57119 6
50269 10
44350 0
52429 2
56959 6
51410 2
97049 6
67009 10
57099 5
53680 6
53240 6
49779 8
49970 9
52349 2
52090 6
50149 3
51989 9
49220 0
51909 7
51089 9
53710 2
50429 10
53040 3
52989 2
65059 7
52190 0
48899 6
52909 11
48879 11
51659 10
48860 5
48179 3
56940 7
54180 9
48069 11
58380 3
60370 7
52849 10
50110 4
46289 4
56429 9
54409 0
56539 10
64180 3
53720 3
52839 3
53610 3
54280 4
53709 5
47710 7
52669 4
53959 10
51790 4
52759 11
56729 0
49770 2
49890 6
51839 10
59459 5
53729 6
51579 9
50759 10
58910 5
54939 0
50459 3
55450 7
46439 0
50210 11
47579 5
54059 8
49160 8
53839 0
51030 6
51309 0
54479 7
54990 1
52469 2
50419 6
54840 4
51919 8
48030 10
57789 3
49879 1
50650 4
53019 11
47170 4
49199 1
53549 5
55050 0
47159 5
51469 1
50459 3
49489 10
49889 4
58389 7
56329 2
48089 8
50289 11
46810 8
53639 5
65449 6
51510 6
45099 7
50140 1
49899 0
48949 11
51989 1
53029 8
50480 11
54279 10
51589 11
59810 6
52939 11
54559 2
52849 2
51789 0
58450 2
51540 6
53249 11
64599 8
52509 7
48499 9
53160 2
51779 10
54460 8
54249 7
48209 6
48790 5
50779 1
53270 11
49870 0
49009 6
48290 2
54019 3
55350 2
52960 4
52749 4
52430 6
63189 8
46499 11
50910 0
53689 8
55459 11
54969 9
53829 11
50179 0
48630 2
51220 5
50160 11
51249 7
52430 4
50539 10
51060 9
52160 9
54309 2
52600 1
52400 5
57429 8
54130 2
52539 4
54049 1
54779 5
51979 9
57900 9
50620 7
54099 0
52200 8
53289 5
54909 1
52680 9
55179 7
55909 9
48069 9
54619 0
51550 7
55309 6
68509 6
53499 2
51970 9
46049 5
51410 2
51469 11
59649 9
49879 6
52179 8
51200 2
53799 9
52699 10
55589 11
53089 4
52109 3
51410 2
54549 11
53730 8
105688 10
48449 9
52559 8
52950 6
51729 3
52189 0
55059 6
58179 1
52690 7
51539 10
52069 4
53670 0
52669 3
49080 8
48139 0
57849 5
53139 3
61630 8
62049 9
50970 11
54380 7
52059 2
55420 4
52419 10
54849 4
51310 10
54219 9
48359 3
52690 10
52409 7
53649 4
47279 8
56589 1
56300 0
56359 11
56679 0
49500 0
60909 4
49149 2
53690 2
54259 11
51070 0
46399 11
53850 8
51869 7
54989 2
49409 5
56829 9
46569 5
55610 6
56219 7
53530 7
49520 4
50819 1
48550 1
52559 3
65439 1
52880 9
56089 11
45819 2
52329 2
46829 5
56790 4
50379 0
58889 9
50840 1
55109 11
50540 8
55410 11
50939 3
57359 8
56319 1
53919 6
49520 1
54429 8
60979 1
56850 2
47969 9
50370 4
49859 6
52359 9
53520 3
55449 4
53519 3
52680 9
48649 3
53059 0
55320 0
56019 1
53320 3
51359 4
58039 2
47110 8
63709 5
51139 11
52370 8
47979 5
52310 11
55029 4
57479 0
48530 4
52869 8
55219 7
53679 10
57159 0
53730 4
50549 3
55399 5
52530 9
59509 10
54839 6
51210 4
66949 7
46559 1
51349 1
52359 0
52330 5
51199 6
50240 7
56020 7
51129 0
56070 8
56019 1
55299 1
51190 10
55919 10
50159 0
51090 11
55039 5
50540 9
51670 1
64469 1
53709 7
51469 7
49739 1
52900 9
59339 8
53479 3
56809 0
57109 2
53279 6
48849 4
55629 2
53050 5
47990 8
51399 10
48789 0
52849 0
53320 1
65479 5
54279 11
52220 9
54919 1
53749 3
51650 8
54859 3
56300 10
45730 3
49749 0
52690 10
50769 10
56170 7
46299 3
60819 0
53379 4
47979 5
53799 10
54790 0
63479 5
45399 4
52749 8
52309 7
48569 8
51050 0
53539 1
49160 0
50699 3
52359 10
46279 6
49080 2
52899 10
53579 6
55180 5
50859 9
57029 2
49150 9
53719 6
92769 0
52740 11
52170 11
50439 8
54900 5
55000 1
53409 5
54390 11
52159 2
53669 11
49399 6
53089 1
54150 5
47980 8
51749 11
50330 5
53159 2
53640 3
58869 6
49579 8
50360 11
51389 2
45910 3
51160 11
45609 1
53089 10
52389 1
56440 8
58289 9
54749 6
52379 0
59000 11
57079 0
55480 11
50669 4
55389 0
53600 11
64689 0
54139 9
54690 7
55499 6
54089 4
52890 4
51019 2
51709 10
51829 6
51179 9
50750 3
50009 1
48379 1
50369 9
51709 10
56270 9
55329 9
48820 2
48390 1
65159 7
52360 9
51950 10
52619 11
55450 7
48399 6
49299 8
53480 10
55059 7
54249 7
53610 6
57949 3
49490 1
58749 11
55639 2
49410 0
54799 1
55499 8
53939 5
58909 8
50789 8
51539 4
51309 7
52330 1
54569 3
51980 5
55080 10
50329 7
51750 5
57969 5
53049 10
54799 6
56590 1
52159 10
51450 1
53689 4
55980 6
67219 8
54390 8
58039 10
51890 0
57379 6
54289 0
53410 6
53409 7
55449 10
52299 7
51739 5
50820 7
53579 3
54099 9
52330 9
53669 7
50390 8
52549 8
51699 0
59970 7
47079 9
53339 5
48989 0
51989 3
54040 7
53299 0
51679 8
49440 3
50539 4
60859 1
53069 8
53739 0
51450 11
50489 6
50140 1
54080 8
58929 0
52029 5
66919 5
51349 9
51960 6
49840 10
56289 2
44910 5
56479 5
52260 3
54109 5
53239 5
53789 5
51819 4
54599 8
52830 10
50169 7
59359 6
54460 1
50409 8
61710 3
51710 10
54149 5
59870 8
57400 4
47379 11
47070 2
54219 1
54810 4
56250 4
52709 6
53330 2
48770 10
50399 7
48590 5
54619 10
50780 6
53570 5
49079 9
67569 9
50090 5
52579 9
51980 3
60039 4
56519 10
52640 3
53129 10
50769 1
45769 8
55389 6
53130 2
55749 0
50069 7
51259 8
53579 7
48860 8
46819 8
52800 8
85079 8
51689 3
44339 6
51640 1
52459 7
57270 3
51369 7
50749 0
49960 1
45129 3
60680 11
51289 10
46719 10
47870 9
50859 4
53580 0
51370 10
51889 1
53980 6
61769 3
46509 7
50930 6
60519 4
51379 1
47669 6
47639 0
49140 3
50229 11
47050 3
52689 3
49129 3
52429 7
52839 4
53109 1
54950 1
52559 10
51250 2
48659 4
65030 10
48489 7
44839 7
55590 6
52129 10
47730 4
52399 2
52709 2
46430 8
52309 5
52590 5
54830 2
49549 4
49970 8
54679 11
46739 9
48379 10
50419 3
56400 7
61379 5
55279 6
51790 3
47299 9
53469 10
49610 1
48289 1
52130 9
54959 5
51099 5
51469 8
48769 9
52050 2
49859 3
55690 8
49620 11
50049 1
50960 6
50379 1
53620 0
60440 9
48079 4
50460 7
49799 9
61589 11
50990 7
48969 1
52069 6
55829 1
54419 4
51840 6
46449 1
48240 7
48989 0
43749 3
46479 7
51429 5
49930 1
51979 5
61179 6
47970 11
50639 8
46120 5
52869 1
47039 3
55829 10
56949 4
53920 5
54600 10
46369 9
56150 6
54549 8
54479 11
50069 10
52449 7
48840 8
50299 9
47409 10
59300 1
46909 11
58450 7
48970 3
51239 11
44550 1
47489 1
46970 0
48219 4
49479 0
50920 0
55799 11
52000 7
49869 4
54339 6
48170 8
54129 2
49890 11
49029 6
50550 5
62780 7
56409 7
53300 7
49290 2
65039 2
54610 6
51310 5
50229 2
54650 2
52009 1
54040 5
48939 4
53929 10
55180 10
48750 8
47799 11
47109 1
53969 10
54550 0
61279 4
50309 1
51950 11
51969 9
53440 4
49479 1
52019 3
52260 3
53529 8
49059 2
49029 0
50299 1
49620 3
53999 8
137478 10
58270 7
64399 8
85559 1
76359 5
59529 4
45070 8
52649 2
45870 10
48259 1
43160 9
44900 11
48989 1
46949 10
41240 9
45489 4
44309 7
44030 8
46319 5
46990 2
50149 11
47520 5
48509 3
56779 5
46000 11
46369 6
44000 2
50669 5
49180 6
45310 5
58169 8
56540 3
74009 6
55649 0
77229 8
60310 11
51570 4
52049 10
61840 4
50579 5
50689 7
67079 3
51689 8
55979 8
51920 8
52609 1
50690 0
54559 4
52109 0
48400 4
51429 1
52110 4
40950 11
52659 7
48369 10
48459 11
48980 11
53479 4
47780 5
44840 5
61739 6
56410 11
74929 0
50919 3
57789 3
60299 7
49079 1
42580 7
50259 5
46429 5
50039 1
53179 9
52060 0
52849 11
