222938 15
119039 0
126919 11
129698 2
120310 6
132558 13
134419 6
111519 8
123439 3
124378 13
128348 0
120429 4
114849 15
122399 1
138829 7
122929 10
123788 13
121518 15
119229 6
134069 8
123689 8
120799 0
132948 2
112569 15
120259 9
123369 1
128939 11
116499 7
121039 15
125468 15
126858 12
135969 14
118399 0
124039 6
127519 3
124909 15
120779 2
123369 3
123299 15
133579 10
118419 3
131498 14
119829 0
124349 0
122679 10
125189 0
120268 10
129849 11
123999 15
116639 1
122259 11
122459 15
116599 5
176848 0
130019 8
132179 4
121459 11
126568 5
118769 15
123459 12
129929 13
128029 9
130558 15
117069 15
120399 0
117669 8
127229 11
126759 0
136329 12
122759 12
11143626 10
97799 4
103559 5
105619 6
102119 5
110589 8
104639 4
106339 12
115909 13
123969 3
102168 14
106468 0
99519 1
109788 14
107059 10
109559 1
106170 13
101399 0
107599 3
113529 11
102590 13
100220 3
109119 7
107958 4
107319 5
110239 15
116490 9
102259 12
132258 13
107319 0
106799 11
112459 2
109419 0
97599 6
107199 14
103769 8
104729 14
119539 2
102739 0
108709 9
105459 10
102499 10
104439 6
104029 0
105629 3
100559 12
106919 0
115329 11
99079 14
106459 13
104829 9
101139 3
104310 4
104330 2
106730 4
107659 0
115709 2
103639 11
101179 13
106739 12
110019 9
104949 1
111679 5
112389 7
106739 12
113309 10
97749 8
101539 9
106689 11
107349 4
110669 12
113639 10
105339 1
103949 5
99829 8
115429 6
107949 13
105569 9
108999 15
118669 6
107169 0
112339 9
109489 2
107379 3
126729 4
100069 3
103659 6
118209 5
99139 12
109869 13
109129 2
105319 5
102069 11
10123905 13
115259 13
121689 2
125949 7
114988 9
111959 3
110849 9
114919 12
115739 11
116439 5
94249 13
94109 4
86739 10
92999 9
88069 12
94469 9
86969 4
89839 14
94539 12
105950 0
85600 6
87300 1
88729 14
86129 4
89419 1
93189 4
91860 0
91770 12
88359 4
86979 3
102269 2
85259 5
89310 10
88150 14
91579 3
94649 9
87859 7
89049 9
87259 15
85649 0
96429 12
94969 9
102089 15
90709 4
90279 2
93769 6
89119 3
84399 1
91019 4
91069 4
85069 12
89749 11
98449 9
82640 15
84719 9
91959 5
88489 14
89219 0
90859 6
88729 2
87180 4
82389 15
85559 12
92249 4
94999 6
85959 13
90349 5
90889 15
81799 9
277357 3
93188 15
94130 6
88039 5
96169 10
87049 4
78340 5
82130 15
83669 1
78559 1
82559 8
82009 7
80249 11
83239 0
74289 15
73839 13
88189 7
76679 11
77460 14
73170 4
74919 0
72209 15
72810 15
71989 14
74049 4
73899 0
72740 8
69129 12
68719 9
87270 12
70279 12
71750 5
74280 13
73959 14
72469 0
69790 5
71319 8
68819 15
71189 5
75269 10
71339 2
73130 7
70209 12
10109875 8
80250 8
86680 8
85789 8
91439 13
101709 0
90209 15
89490 8
86989 6
86219 1
89599 11
93809 1
87269 8
90819 15
81400 10
84349 2
82629 5
84919 10
85420 13
83070 14
90859 11
86149 13
82519 9
86979 1
84500 11
81359 5
82309 10
78539 3
84089 15
79469 10
85009 14
82789 7
85660 1
82620 12
86859 3
89459 10
88279 5
85199 1
83689 1
87739 10
84209 11
80599 2
85829 8
78060 13
83919 11
81899 10
93049 6
83189 6
89670 14
80409 3
85459 15
82399 4
82499 0
85090 5
80979 15
79159 11
80649 2
78700 8
95769 14
85819 4
85189 2
86629 9
83510 7
76709 15
81029 14
76859 13
78919 0
84299 12
75399 4
75510 10
77510 4
85689 2
78509 6
77459 9
81580 3
81379 8
77659 15
74870 5
72070 4
74439 12
76590 5
76400 1
79009 11
83349 7
74769 7
74150 5
73219 13
72930 0
76740 2
75669 7
76549 0
76609 9
74880 4
77439 8
76979 6
72940 3
80599 8
87899 10
86489 14
75379 3
75159 2
77799 0
78780 5
84719 14
79709 6
75979 0
76970 13
78309 10
83119 11
81139 11
83689 0
80279 5
76859 6
80359 15
79550 0
74700 2
75359 1
77389 11
78499 13
78589 11
77109 5
77649 11
10105355 9
85620 7
80389 12
81119 11
77629 3
82929 4
82299 11
80619 5
80830 2
83390 12
79979 15
80489 7
90939 7
80450 9
80059 8
73149 1
82039 3
80929 3
76280 9
75409 7
77799 2
74480 12
74469 4
78999 6
91299 6
76490 0
73259 12
75689 9
76980 1
77959 14
75739 0
76630 15
77450 7
79279 9
81959 14
78809 5
71410 4
87309 4
75939 2
76820 3
81070 12
74149 14
77489 11
79549 14
76149 2
76349 14
78439 8
72620 9
74679 1
76909 9
84009 6
79190 8
74049 13
83319 0
81089 15
76300 8
85489 6
81359 2
73899 11
74819 7
84219 15
81029 10
73850 13
93469 14
78629 3
72999 4
76010 6
72120 14
75669 11
79769 6
84349 5
77859 15
83299 9
73689 1
78310 5
83309 7
78099 9
77970 10
80190 8
79629 7
79909 11
80420 4
79450 13
85899 5
80789 15
75770 8
78069 13
78409 1
85259 9
79260 7
78750 6
81739 1
79199 5
80489 0
76890 0
82839 12
76849 11
77640 1
80200 4
79999 0
82659 3
76669 4
77549 11
80069 1
83599 9
84030 9
77270 2
80209 13
83299 2
83119 14
81640 15
116559 13
96289 3
89489 13
85489 12
88939 7
81059 5
83880 0
82310 5
78969 7
87149 15
88169 13
80779 7
83159 15
10131165 7
97619 5
99959 12
101499 10
88909 1
98039 10
88719 15
91110 2
92079 3
89319 14
107459 8
89259 2
89219 1
92279 3
88729 4
90189 15
86949 12
90059 15
92499 9
97629 11
98339 4
102009 8
89529 2
92190 9
89179 6
84639 0
90499 0
93709 4
91829 0
93959 13
87960 3
91889 6
90129 4
85969 3
92939 2
93960 2
91370 11
90640 15
86559 8
85119 9
89249 3
90680 6
84599 2
96949 8
90359 8
86919 5
86339 3
89270 9
90630 10
91949 10
91959 1
97969 6
91419 7
89529 8
91989 13
102480 12
91148 10
90319 0
85689 13
87089 6
88859 11
89219 10
87770 14
86969 15
91729 12
95919 6
90749 3
94199 13
89429 15
89339 1
87049 0
93519 12
89429 7
88679 7
88060 10
92499 1
88990 15
93729 2
88289 0
84149 14
86539 3
97199 8
90708 2
88759 4
92509 11
85249 15
90009 11
95179 7
86269 10
90039 1
90059 12
88809 14
87429 3
88759 13
88548 12
88360 8
93889 2
91399 14
106389 6
86639 8
85360 0
82160 0
80319 14
80759 0
83239 14
82060 1
79940 6
88129 5
85039 11
78270 15
9120895 1
107579 14
100339 6
114139 7
105189 10
98739 13
98369 6
100029 0
102319 2
117629 14
83629 1
83859 11
86189 6
77329 10
77629 13
77419 2
81750 12
76409 10
78119 3
81529 10
76170 8
78999 6
84409 7
83099 12
78349 7
73659 0
79429 9
81389 1
79969 8
80999 3
78799 15
76390 7
76569 11
76149 7
93939 7
80819 3
74820 8
76719 13
87219 2
82529 8
78850 4
75609 7
75049 3
77780 10
78489 9
84159 0
80009 12
86790 3
81720 8
79029 1
76679 11
78460 6
77510 6
77889 0
80149 9
76480 5
78939 10
79729 6
78340 9
76689 2
83209 7
81709 4
74580 9
73809 14
75449 7
83069 2
74669 1
75800 11
77609 15
83399 10
74560 8
78519 11
92709 12
79059 12
76540 10
75569 10
80549 13
76659 6
79760 5
73709 14
79499 14
75500 3
78589 0
73579 7
80249 13
91690 15
84139 1
78689 14
82249 12
81449 2
75880 2
78369 0
73279 14
78190 2
80340 13
80719 6
73359 9
73050 1
85950 6
76739 10
81799 12
84589 15
74430 14
77169 8
73839 2
77909 11
78089 2
75969 15
77840 6
85249 15
92909 6
77889 4
80089 8
75630 4
77689 13
81379 1
74889 11
78979 1
73189 12
75099 3
81799 11
79059 8
76109 3
95759 0
81470 10
84169 7
85720 13
83119 6
81559 4
80230 9
86790 10
83269 0
83949 0
80400 6
79309 10
10108625 9
78139 12
73900 13
77779 12
73069 2
73479 8
74309 6
73830 10
71579 12
72290 9
73510 9
71569 7
74569 6
83609 0
72589 2
72159 5
68500 0
71769 13
70129 11
71510 5
73969 15
70689 1
72700 9
72929 14
70739 8
69330 5
72369 6
81499 6
73379 1
73470 6
71719 14
68049 14
71269 3
71519 10
73200 4
71020 12
74509 9
75549 13
77540 5
70689 1
83509 5
70579 1
70350 4
72749 2
73349 0
73570 5
73059 15
72310 12
71460 11
70759 0
69520 10
70469 4
69569 0
74329 14
83249 5
67989 11
73599 13
73280 8
73719 8
75129 12
72130 0
70550 12
71079 9
70149 0
72160 6
71949 12
73319 12
71579 0
84889 15
68879 10
71650 3
71119 15
73119 5
70539 4
73079 6
70380 0
71290 0
68859 14
72039 5
68679 11
75439 11
70150 15
83989 4
69949 13
74489 3
70160 8
68949 14
70679 1
72440 11
71759 14
72789 14
70699 15
73349 9
69419 9
73279 6
81960 2
72289 14
70550 8
69780 15
80659 9
70299 15
70909 4
71209 2
72460 14
72680 14
70499 0
71849 15
67920 10
72629 2
77959 8
72390 2
72889 8
70019 15
72660 12
72589 1
76749 2
68949 14
72250 13
72819 11
72519 8
72830 8
72839 12
74149 9
82690 10
71969 12
71109 15
71160 13
74019 9
73039 1
74400 2
73349 5
72649 12
71210 13
71810 8
71279 8
74000 0
72350 15
10101025 3
79239 1
84680 4
84120 4
78569 8
77119 10
81390 12
78859 2
80339 4
83719 11
81069 14
85250 1
87139 3
78079 11
75220 9
79929 12
75349 8
84129 4
81399 4
78999 5
78759 11
76939 11
76730 8
75669 6
87719 2
68689 2
68620 3
73329 3
75509 15
72200 5
75190 3
73099 6
75010 9
70260 8
68719 8
72659 8
73599 7
74729 6
80779 10
78230 5
71120 8
67469 8
66770 0
64389 13
62549 0
67769 14
62969 14
63450 12
61779 14
62470 14
63280 6
64299 10
62790 15
73449 2
63379 10
64320 13
62589 0
61690 3
62789 13
63400 8
63439 4
90679 1
62920 2
62649 1
62009 12
63900 12
61919 13
61880 3
72900 6
64709 1
64200 8
62069 8
61590 6
64540 14
61809 15
61950 1
61389 12
64419 0
62979 0
64619 15
63040 10
62859 14
62370 14
62260 3
72179 15
65020 8
62609 9
61800 11
65519 14
67109 5
62950 2
63279 4
62749 15
64430 0
62849 5
63880 9
62479 1
