18424148 10
42820 12
99876058 7
69009026 9
26520 6
39040 10
51054834 14
58871021 4
41039287 0
39977897 0
163188 1
109837065 15
62550 13
19935014 10
19995133 9
190003197 14
60006971 12
79990253 8
41270 8
19963493 2
61440 12
2105120 4
7937746 1
10201295 3
29700083 11
20035673 3
53199 2
91021581 1
97869897 7
1044450 10
77069 0
33569 7
57120 14
40670 8
56400 14
19693966 13
57919 2
127964486 4
47710 12
11937668 1
70011596 3
62360 3
56659 14
9007536 10
56730 3
56260 8
57340 8
50700176 7
132269 0
64780 8
68654219 10
150689 0
139848855 15
19983313 9
20001833 12
49993403 12
139986774 5
9158075 9
27270 6
54129 2
50779906 15
40047796 1
19949564 11
19095522 8
1062410 12
60600 2
57919 1
149724923 14
28410 6
159967037 12
50420 4
39996227 13
180599 13
28390 6
59749902 3
19988593 13
100151606 2
39847458 3
79986924 7
9052195 8
25340 6
57840 15
30889802 11
19988983 5
68009 15
35910 5
44430 0
56440 13
41429 12
59169 3
55650 1
56380 12
55669 8
56379 13
34690 5
36339 4
48414199 14
90984260 9
60010111 3
28025978 0
10836368 4
20028084 11
19982033 14
40490 5
19940004 7
20014573 0
56149 3
56379 2
59930 9
59836752 8
57280 8
18929014 9
37390 4
60983971 12
57699 12
99922338 3
25309 6
21967885 13
59100 14
58109 2
59040 9
26959308 11
924682 3
18942863 2
58439 11
39840 4
56749 9
56560 9
70794489 0
19993594 15
20015633 7
39994897 0
40007896 7
64709 1
59579 10
56410 10
57029 15
61980 15
57539 1
53759 15
8611859 8
28120 6
57680 15
56059 10
55410 15
10803989 1
40976397 7
61040 0
118943460 1
19988013 13
38742508 9
30037100 9
181998 13
19784846 14
63480 15
80163592 10
61549 1
59069 3
55800 13
56120 10
54949 13
99484201 2
19999093 8
67709 1
99932667 14
19998874 9
80000783 1
58290 13
20027593 11
26299 6
83630 11
58800181 2
1025321 5
35089 5
69946148 10
19992214 11
70013007 14
26000 6
91349 12
19878814 10
63980 15
19932233 9
18994674 3
1152590 12
40843209 14
27101388 8
71901549 7
8039715 14
60139 12
57090 2
33519 4
11823880 9
40008177 0
138976443 11
10035556 9
51520 1
48399 1
150879922 14
130006347 12
99987836 7
18740945 2
115959 12
69870258 3
1030740 9
19232610 7
26330 6
58699713 8
10097255 11
60902952 8
85019 2
61390 14
20011923 13
64770 14
58872801 1
30913332 0
19998283 1
27997529 15
22091984 14
57239 14
119849212 10
29540 6
39968198 12
104959 3
8333532 4
23940 6
56560 10
56800 3
54120 8
11474163 1
40109186 15
66859 14
39723039 13
64220 14
19924624 5
66509 3
58070 11
60399 15
79813375 1
100046477 2
99991707 4
64909 14
30300 6
61049 9
39796659 5
124689 15
119887221 3
135559 13
127930176 5
22098374 7
109882085 15
118957050 12
49742056 10
78109 5
37330 5
119890461 0
65089 3
60510 2
55979 2
56380 14
19754456 12
49097182 13
63780 14
57099 12
70921809 7
31150 6
98827618 15
1020680 7
20155781 14
66339 15
25959 6
19733965 9
150024931 5
8013246 10
111964605 2
20032563 8
25210 6
169128 8
79786936 2
159981697 10
59987040 4
40087266 2
53590 12
179872441 1
59994461 11
10063795 10
29928750 5
20001214 7
320020393 0
89993381 3
58929 14
19923984 5
173119 11
99833918 12
40009897 1
42229 7
19999514 10
9970597 4
9124405 11
56590 11
34600 4
57399 14
54470 14
56259 14
28110 6
19318190 1
201329 12
55819 13
28755722 10
35289 4
70950287 1
59100 3
19941604 0
20006833 0
90549 14
249911157 3
137986213 1
2042951 4
131058 1
52899 10
57930 11
55040 10
8766268 9
70897539 2
20007523 1
19996674 15
66950 15
79933044 14
30044770 1
59960431 9
66859 8
47920503 12
2047241 0
19965034 14
40014166 3
39986437 3
79983044 5
90063759 10
49810 7
102819 10
26550 6
19760765 2
64020 10
119935881 9
26170 6
19977864 2
35790 5
24759 6
7975835 2
102109927 15
66210 3
68491872 12
90015120 10
9127045 11
56220 11
10802349 14
27930 6
20109562 1
58979 13
19824884 7
58049 11
89923481 3
68159 15
19929344 11
51560 15
17943632 11
62919 3
59159 14
57850 13
57529 8
151757914 12
36070 5
34169 7
40001997 10
19944314 13
117409 0
55809 10
129819109 13
40007207 10
149980950 7
57290 2
25709 6
23209 6
19914495 3
119248137 2
39759 5
60732044 12
71429 0
49892744 8
70015857 13
88469 8
119903271 11
42920 7
30021680 3
10006087 0
19936234 9
20105703 3
9032836 2
63760 2
59219 11
25770 6
169632867 0
45480 5
53799 3
57350 14
19674876 13
70480 2
66049 12
99866348 0
73790 11
39942108 0
70269 1
58909010 11
61220 12
10941888 13
57119 0
20179162 4
65249 0
89696003 10
74750 10
49924994 2
70829 8
21929135 9
59809 13
77950253 2
139989604 11
68839 1
39939 7
41934419 11
170898 11
97792048 15
100120275 12
9904998 5
19997964 7
19977504 9
119997220 10
111389 3
109879275 12
60006660 3
63689 0
9997127 2
29949190 1
59974240 5
19019183 14
31019021 9
19972884 3
63079 14
9960097 7
89981801 14
59999740 1
77410 2
78676366 12
39998997 8
40005907 3
40002107 10
97489 13
60610 8
19820145 4
60023710 10
9032426 1
61240 1
24940 6
10860408 4
70700 7
79942974 9
19996233 0
20048383 10
39943727 7
248678 3
61989 13
89170 10
60050 0
60119 12
34239 5
79457609 15
87189 10
7974375 7
26650 6
64139 9
31829043 4
20036422 0
25450 6
19940714 4
40013937 1
50048223 15
129955967 8
59991890 7
40034137 13
81029 3
62010 3
77822003 0
60669 10
40961258 5
11114426 12
7879696 4
31974792 5
10033006 4
36110 4
39958647 11
19998923 11
90042230 0
