103870 15
59900 2
77719 7
61070 15
60149 13
58649 9
65729 12
67900 14
92919 12
98790 7
80230 11
68010 1
66899 7
57300 12
66180 15
72720 0
77599 7
65859 3
58420 11
87319 2
77910 7
82829 4
74279 9
92639 13
73109 0
81580 14
67869 5
55209 13
51809 3
52040 11
56789 12
69660 0
77779 3
72260 15
70349 6
85319 5
55289 4
83209 6
99410 7
93849 0
95579 5
94630 8
92119 8
95519 4
78380 12
78399 13
79359 8
76440 7
80509 4
83450 4
67820 1
78259 2
69030 13
73209 8
70630 1
68859 12
73230 3
69050 6
74239 0
69909 2
73799 3
73400 7
84749 5
86610 11
72010 15
74210 12
78290 11
75849 7
77920 12
76059 4
73519 3
75990 11
84009 10
73610 0
80209 8
100499 6
75710 15
77729 12
73820 12
71579 5
79560 12
61330 2
53450 13
64319 15
67190 11
60199 13
58920 10
59489 15
67000 13
69519 15
80270 9
93549 1
92479 0
76910 4
58679 12
57250 1
71129 1
75829 10
71649 8
60760 12
71900 1
70780 12
77549 11
89319 8
77320 8
77880 13
90649 5
73360 3
62349 2
54470 8
57040 14
53010 10
64570 4
68920 9
65660 14
78080 3
73020 1
82340 5
57039 1
60640 8
77849 4
107450 14
156059 13
101080 9
85209 12
78829 7
83750 5
76990 11
79679 11
131699 1
69960 15
70209 4
64400 10
63239 11
59130 2
62519 8
52860 15
50820 4
53510 4
68130 4
61969 3
58410 6
58079 12
65850 3
82859 6
70820 1
79109 5
64150 10
55950 11
53490 2
55069 4
53880 11
70549 15
69610 3
77159 0
76329 10
86069 7
85099 8
90320 0
81260 8
63060 6
56710 15
62840 8
55549 14
63810 2
66709 12
74209 8
76819 5
54680 13
72479 14
94719 1
99990 13
110330 13
111249 5
86859 1
99529 12
86529 13
76519 15
75050 12
73289 12
74619 6
78659 13
81769 9
91050 12
77790 8
84979 9
92149 0
83870 15
89539 2
87460 2
97549 10
87969 14
80790 2
82749 12
83819 4
97350 4
88560 11
97199 14
85520 3
78880 8
95419 14
79930 9
90370 8
93609 14
88140 8
82370 11
100719 1
86780 8
95890 6
88699 2
112139 0
97470 15
84880 12
86909 8
81889 7
88479 15
84389 5
93219 1
77869 9
78209 6
88109 6
85369 2
67119 5
68630 8
86189 1
79350 2
75700 6
77820 9
88700 0
97029 14
78779 13
122240 9
131110 2
141109 11
87450 8
92249 11
84599 7
89590 4
91649 14
112969 14
118619 2
106050 2
134210 0
130499 12
121999 9
123199 10
136990 5
131070 6
91500 9
81649 3
96599 6
85250 14
102219 6
102339 8
86210 2
93500 15
89129 9
102359 1
118029 6
102099 14
122209 4
136769 4
138849 14
134369 2
129099 1
159698 12
99389 11
96599 2
101409 12
95679 4
89859 12
98889 4
104139 0
94350 0
108920 6
121569 5
95219 5
105879 5
104689 2
97700 7
88619 15
100519 7
94699 14
102909 0
112619 0
123319 8
96769 10
108129 5
88220 14
102569 0
105719 9
116819 7
121959 12
102720 14
119539 4
111679 4
110589 3
105049 7
104469 5
106809 9
101759 5
97989 13
109629 5
117129 2
118019 0
105200 5
120459 11
120879 3
106049 9
114249 8
108959 1
104699 10
108360 2
122019 11
104439 14
103569 5
104499 0
123569 14
104319 1
100389 5
114209 4
91289 0
102179 5
89450 3
78799 15
86779 2
104839 10
101239 9
99359 15
140139 2
140979 6
172928 3
98519 13
103299 9
97929 13
91639 9
96919 3
120469 13
116259 5
106179 15
156149 9
89289 3
106739 15
119768 11
141179 5
128330 1
132439 3
132799 2
146659 12
95930 12
87469 9
88049 15
85310 12
90949 0
98099 4
125779 13
154809 4
127609 12
102139 11
136689 11
121290 11
165339 7
180389 6
120949 3
97899 3
115299 10
98040 0
90740 8
98179 1
85899 7
95670 12
98789 7
98029 4
106999 2
106100 5
123699 13
105089 7
103509 8
102379 3
115979 11
115540 4
112159 7
96780 5
101749 6
122709 3
100639 5
103369 10
106939 0
93419 10
96989 7
110060 8
118139 11
99759 5
108389 5
119119 2
101729 14
96229 7
115119 6
126139 3
107809 7
108209 2
98129 4
92559 11
112449 3
91299 7
91989 6
102419 7
102380 7
117259 15
100439 6
106969 1
115529 12
107950 3
120139 15
100999 6
93179 15
83849 9
98469 4
77959 5
78590 12
93220 7
92489 9
85189 5
143888 14
120648 0
132568 15
107719 3
97839 10
112649 15
113289 1
130019 12
110899 10
155319 14
101369 5
112550 12
132170 15
134310 8
152398 15
142949 1
163759 13
119609 0
109709 5
90720 11
97740 2
158748 8
88389 9
118289 5
109069 3
123829 7
118219 9
110960 13
139349 1
116869 5
116308 10
120429 11
130539 4
113739 12
100259 0
93269 11
116710 10
95480 2
101799 7
105459 14
104579 7
99769 12
92959 12
92929 10
81990 5
86090 14
85859 5
76799 4
84819 10
132969 8
134979 11
135199 12
141259 2
90089 13
95030 10
93329 12
112629 8
142709 6
138109 9
140869 2
145678 0
155099 12
132919 1
127049 1
94620 9
84829 0
97159 7
90140 2
108210 2
130699 14
117939 4
123069 1
117179 10
132579 4
150059 0
156659 13
157168 0
139849 14
98690 4
86789 15
101609 14
97509 5
100949 6
105709 4
120129 6
96769 8
124279 13
117029 7
112549 4
91419 10
96249 3
116919 1
111569 1
118119 12
124210 11
132259 2
109249 8
103569 15
90319 12
103879 5
9565437 1
75930 2
87769 6
82160 14
85099 2
96479 11
97889 10
112029 15
118768 5
118849 15
168678 13
147679 7
116819 2
94820 13
87759 0
84879 13
84540 4
83929 3
102919 14
99890 12
109159 3
105920 10
96169 14
106499 1
84220 0
88789 14
95029 1
112170 12
103239 6
96550 10
125409 7
109179 1
96439 4
104829 5
103260 5
98809 14
102569 11
86169 2
94070 6
117949 15
102679 7
87959 7
82939 8
81369 14
93670 4
84130 1
90209 8
92529 3
124539 5
130728 11
116349 8
116859 9
86489 10
91359 12
97730 5
105060 8
96649 13
115719 6
103059 12
122389 7
105950 9
350697 3
123549 8
137499 8
124369 1
137249 3
98129 11
89609 15
76959 13
96109 5
96559 7
107259 11
119119 14
103949 7
109919 10
143909 5
116519 3
107949 2
111680 14
138219 1
121388 9
106470 14
100999 12
84219 10
121109 3
98379 3
98630 15
90879 1
101549 1
96340 11
108220 14
91029 9
112639 13
104389 6
10126153 12
110639 11
92789 5
86459 0
90979 9
89620 5
118600 8
119029 7
106589 9
144279 7
109899 4
98149 2
100929 15
113599 5
82779 8
95949 4
111729 9
116279 3
104109 0
126819 12
129409 3
95179 8
138789 0
141789 0
155159 2
112259 15
94339 1
115889 12
100549 13
88390 12
93529 11
88739 15
114980 9
106989 5
102559 4
90769 0
100159 5
126819 0
85280 12
86129 15
89669 2
97959 1
90729 12
98589 13
110590 4
91910 13
112259 1
124639 6
110299 1
97369 5
99760 9
105959 3
102229 0
128289 15
117279 6
100119 9
111249 15
105940 15
120859 12
92779 5
94759 0
102879 12
110049 1
96879 12
112599 10
132789 14
97830 12
102250 10
94019 7
91179 6
95719 10
102259 1
113529 5
108969 3
89549 9
115859 7
92509 5
101599 13
87939 11
92360 3
93030 9
89939 13
80909 6
97079 15
96759 2
84689 2
113959 5
80810 15
89199 15
100339 14
306767 15
112059 2
131529 2
10132053 8
93929 7
105649 0
93979 8
111649 13
102699 3
112439 6
96009 10
107550 5
89939 2
92499 4
65300 0
60549 2
70970 13
75899 4
70310 12
77569 15
72510 3
76080 14
81659 12
95250 1
83770 0
79339 12
116450 9
103299 14
108020 4
123619 3
86639 9
78359 8
82860 10
81259 13
72130 12
71459 3
68760 0
81079 15
73049 9
65929 3
78040 11
75900 9
80119 4
70970 2
77899 9
83570 11
80150 0
84009 12
78660 9
81489 1
90799 1
70460 6
78469 6
86420 13
74989 7
75729 5
70010 6
78019 4
67390 7
75459 15
79510 6
70050 15
73699 6
81120 7
71509 14
72440 9
76949 4
85629 14
82399 5
74569 1
74240 10
83599 1
80819 11
71389 12
76829 14
75820 3
79909 14
83459 15
79440 13
72609 14
72120 10
74159 4
76700 9
81480 10
77229 9
75680 1
69929 6
74800 8
67269 0
76120 10
67130 13
60249 13
58099 3
67800 11
63089 3
63680 4
68129 5
99319 15
77039 15
67779 12
70370 15
92159 14
73489 4
79719 3
68759 6
65170 10
77519 0
76840 1
69799 1
66550 1
72429 12
61230 10
53870 5
60690 4
61459 7
66170 7
72529 14
91540 12
78790 14
72079 9
68960 11
97989 6
68459 14
66009 2
55550 15
53369 0
54190 3
68969 14
64640 11
69959 15
64050 2
67079 8
77330 5
46559 0
65600 2
170208 9
116888 0
153968 0
91499 8
533426 3
71509 15
157569 5
58360 6
148169 15
56450 2
52700 5
55040 14
73719 4
58919 10
74590 9
43360 2
45480 12
46740 2
46140 9
44360 1
48850 14
59670 0
59610 9
59700 8
60330 13
64079 8
63560 5
67749 2
63000 4
53189 0
51750 4
47880 15
43100 14
57210 12
52409 1
60060 3
59070 15
50940 3
67400 7
86930 13
88399 8
72979 6
72340 1
68950 15
73349 14
69059 6
68600 14
74059 11
65620 14
66589 5
63090 11
59559 15
59320 15
57500 11
65699 10
66949 7
62929 1
68320 2
63279 6
71439 5
62929 3
64659 9
66270 4
74439 4
65969 3
76439 13
67900 10
65909 11
64960 15
69279 4
64540 8
67229 13
67160 6
64689 5
63330 2
69939 1
60710 13
66759 14
73770 1
67949 0
67920 9
66679 8
66980 10
64499 9
59290 10
53779 15
47580 3
46570 3
57009 4
64700 15
48839 6
48570 10
50149 12
52199 8
56030 12
76769 1
68159 3
73900 4
55169 11
54419 10
47000 1
51760 10
58900 11
66119 0
67439 2
54049 2
48230 13
56060 4
59479 3
67670 12
72169 9
73080 13
75659 11
67799 14
63259 15
52760 5
47479 6
47140 4
53079 4
49549 14
57610 5
56829 11
60390 11
62669 9
59620 3
68209 8
62710 13
58359 9
71580 7
78179 0
85990 1
87419 3
78479 6
65260 5
73629 0
70340 7
68979 7
69410 2
62529 9
67490 7
69349 4
65380 15
73309 5
104389 7
120970 2
74240 9
82799 12
76190 6
75799 11
68030 0
95899 2
90069 1
73550 0
92960 14
87799 0
87670 9
144770 12
137949 12
