40409 1
1329 0
97829687 2
20004041 2
610 0
99997776 1
9996550 2
2950 2
6260 2
2760 3
2110 2
320 0
4000 1
2240 1
2360 1
2040 1
360 0
230 0
1850 2
3550 1
2530 1
3450 2
2410 2
2150 3
2120 3
290 0
370 0
420 0
320 0
1960 2
460 0
2430 3
2270 1
310 0
230 0
1860 3
2340 1
2040 1
2120 1
270 0
2160 2
1740 3
2140 1
1900 2
1720 2
1800 3
2020 1
1850 2
1860 1
2120 2
371 0
39655076 1
310 0
2060 1
19999301 3
20995172 1
450 0
18999801 2
19995931 2
660 0
2910 1
370 0
370 0
3070 3
310 0
2590 3
19991751 2
2350 3
2470 3
250 0
2500 1
1970 1
270 0
19987851 2
2980 1
470 0
2660 1
320 0
310 0
59994614 3
2380 3
280 0
2740 3
230 0
29992672 2
2600 3
520 0
360 0
139997219 2
340 0
350 0
29009611 3
2840 2
2580 3
2280 2
2800 2
340 0
450 0
410 0
10979621 1
3880 2
531 0
18737933 3
3020 3
640 0
370 0
2830 3
240 0
20994191 1
430 0
7700 2
3160 3
8988371 1
690 0
870 0
3690 1
2540 1
2160 1
19987261 3
470 0
18001631 2
2780 2
2740 2
2320 3
12989681 1
3490 3
450 0
2280 2
2500 2
8995000 1
350 0
290 0
78998355 3
30000172 3
450 0
50994093 1
320 0
20007581 2
59995023 2
450 0
49001253 2
1000180 1
400 0
3130 2
3090 2
340 0
3010 3
2050 2
390 0
3240 3
3960 3
2900 2
2210 3
2820 3
2200 2
510 0
2480 2
2480 1
2440 3
2120 2
2290 1
2480 3
2650 2
2370 2
2570 1
2300 3
300 0
2290 3
2090 3
270 0
2080 1
2120 2
270 0
270 0
2170 3
400 0
2050 3
270 0
390 0
2050 3
2530 3
240 0
2280 2
1929 2
320 0
260 0
2080 1
2151 3
2300 1
349 0
2180 1
2251 1
1980 1
1940 2
469 0
1940 2
2079 3
2400 3
2100 3
6540 1
4590 3
550 0
360 0
480 0
2500 2
350 0
3030 1
2220 2
2620 3
1060 0
2230 3
270 0
1950 3
1860 3
360 0
1780 2
1830 3
1950 3
2380 1
2250 1
2040 3
1709 3
2431 2
480 0
5340 2
2509 3
2651 1
2069 1
2131 2
2099 3
2540 1
1970 3
2420 1
2580 1
2120 3
1740 1
2150 1
2310 2
2250 3
2330 1
260 0
2320 2
2150 3
490 0
2410 2
2180 1
2190 3
2370 2
2230 1
2680 2
3470 2
3040 1
600 0
2830 3
2700 3
2440 3
2870 1
3051 1
2511 2
680 0
2320 2
5531 0
3369 1
3129 3
659 0
2690 2
360 0
2800 1
300 0
380 0
2560 1
2270 2
2520 1
300 0
380 0
2370 3
290 0
2580 1
2680 1
2300 2
4840 1
520 0
2510 1
2710 3
2200 2
2160 3
6030 3
2840 1
510 0
2590 2
310 0
2620 2
450 0
2310 1
2470 1
2510 1
2240 2
2340 1
2320 1
370 0
380 0
3390 3
2720 3
2110 2
2270 3
430 0
2610 2
290 0
2100 2
360 0
350 0
2210 3
2220 1
360 0
2180 3
2430 1
240 0
2570 2
560 0
2160 3
440 0
1910 3
3080 2
350 0
2260 1
2100 3
340 0
2270 1
270 0
2330 1
2210 1
2190 2
2620 1
260 0
1910 2
260 0
3950 2
2220 3
430 0
2330 1
2060 3
2311 1
2029 3
2091 1
269 0
2280 3
2091 2
1949 1
2351 3
2040 3
4070 1
2280 2
2540 3
2170 3
520 0
2390 2
2570 1
2130 2
2020 2
2500 1
2200 3
2210 3
380 0
690 0
2360 3
2500 3
2170 1
2340 2
4150 1
280 0
2520 2
2020 1
2650 1
450 0
2030 1
250 0
2150 3
1940 3
470 0
270 0
260 0
380 0
2440 2
2080 3
2050 2
240 0
3440 3
290 0
2489 3
220 0
1969 2
2060 2
2160 1
2400 1
1751 1
2229 1
1920 3
340 0
1960 2
271 0
4270 1
2760 3
570 0
2500 2
2440 3
430 0
430 0
2180 1
23008611 1
19000681 3
20996791 1
60001744 3
370 0
3900 1
3470 1
440 0
9000270 3
9996371 1
19999921 3
9994171 2
2350 3
3170 2
2740 3
549 0
2191 3
431 0
11280 2
2580 3
3100 2
169970941 1
40000083 3
20018741 2
20005581 3
9994890 3
7249 3
26199 2
13210 2
6780 3
3210 3
2660 0
7510 2
9918731 1
20993942 2
8231 2
79996884 3
38995293 2
80000694 3
3120 3
20999121 1
57209281 1
8850 3
18992301 1
20000601 1
2530 3
20000011 1
41000893 1
38995722 2
3370 3
40006702 1
560 0
430 0
5080 3
39988002 2
3769 1
3780 3
3930 2
3000 1
3310 3
490 0
3180 3
430 0
560 0
840 0
3320 3
3140 3
3680 2
3240 2
3620 2
580 0
2860 3
5660 1
2710 3
3600 2
2270 2
3160 2
3370 3
450 0
2580 1
300 0
5190 3
380 0
2700 3
290 0
3130 3
2860 2
3000 1
2200 1
3411 3
2280 3
2000 3
