70819 1
35900 6
31849 2
29810 3
31610 0
30409 0
30469 5
29930 3
30929 4
31540 2
33600 0
29980 4
31500 3
31380 1
31900 3
30800 7
33870 3
29170 4
31910 4
30690 1
37560 5
35079 1
45570 0
39109 3
39550 6
31930 6
30399 4
30280 2
32230 0
35609 6
32120 5
29870 1
31959 7
32190 0
36330 7
30419 4
30370 6
30560 5
30849 1
29820 4
33630 3
29200 7
33290 1
31050 2
31709 6
30969 3
30460 3
30379 2
31239 6
30460 2
33620 1
32159 5
30270 2
37030 7
31849 5
31120 0
29760 7
30719 3
30400 6
31260 1
29989 7
32870 7
30150 1
31549 7
30159 7
31720 3
33470 1
33680 7
31580 0
39119 4
32300 1
30540 2
30689 5
30429 5
31080 5
30599 5
31520 0
30160 1
36559 5
35409 0
36740 3
35739 0
37590 6
34390 7
38929 5
31890 1
32720 0
31919 7
31269 5
32680 7
30420 7
30739 1
29810 7
31589 6
29160 5
31960 5
31080 1
31780 7
30120 7
32780 1
31139 6
31120 1
32080 1
35499 2
33620 6
30720 2
31239 0
30930 4
31600 0
31409 7
31040 1
32490 3
36029 0
35260 1
36910 3
40339 4
37020 1
35560 7
32829 1
32480 1
32299 1
32390 6
31040 0
31330 4
30449 0
31170 2
30369 4
32560 4
31800 0
31260 7
30420 6
31280 3
30020 6
31079 3
30620 1
31260 2
30689 6
32110 4
32400 6
30620 0
31710 7
30990 0
31350 4
30880 4
35630 5
29779 3
36849 5
30330 7
30440 7
30180 1
31190 7
30730 7
30820 6
31920 3
33139 4
33329 6
30320 6
34429 1
31370 6
31320 4
30230 7
31580 3
30110 0
31480 1
30029 1
32680 4
30790 6
31239 7
30679 4
32150 5
32030 4
32430 1
31910 0
30950 4
30889 4
30530 2
30489 0
29939 2
37860 6
31210 6
30940 0
29790 2
32209 5
30989 6
30000 2
30630 2
31229 6
33510 6
30990 7
35059 1
30630 7
30840 0
30740 1
32010 3
30830 7
30929 5
30829 0
31160 6
30549 0
32010 2
30740 0
30990 4
30219 3
36550 4
37179 3
38450 0
39320 7
33769 6
38990 6
30330 5
30749 6
30930 6
31150 2
30560 3
30789 4
31550 2
32559 1
30340 1
31530 7
30059 6
30719 7
32760 3
32139 2
32249 1
30050 0
30889 5
32100 4
31950 4
31320 3
31299 0
30890 2
31940 3
30399 5
32350 5
31990 1
32269 4
29979 5
34270 6
36789 6
36950 0
42320 3
34729 6
36430 2
31100 2
33669 6
29790 2
32139 3
30799 4
31530 0
29850 7
32199 0
31280 0
31850 1
30949 3
31710 1
31680 7
32589 1
31040 5
30600 6
30690 0
30140 3
32010 6
29990 0
30940 7
30870 6
31619 1
30459 1
31840 2
30830 7
33379 3
30820 0
44850 2
33710 1
33600 7
31960 5
31060 1
30790 3
29919 2
32469 7
29920 1
31610 6
30279 5
32400 0
30370 7
31359 2
31990 6
32150 5
31459 2
33030 5
31970 6
31879 5
32550 3
31360 5
32709 7
30610 5
34430 7
35799 1
37730 5
35380 6
38129 1
33820 0
10055198 4
41280 0
42670 2
37190 6
41079 1
40310 1
42699 6
43590 2
233137 2
37229 3
34450 6
35250 1
35950 6
35540 0
33759 7
38579 4
34750 2
36169 7
35650 2
36199 6
35479 7
45050 5
36789 3
40480 6
45740 5
40829 3
41800 0
37219 6
38350 1
35410 3
35670 0
38040 7
36049 2
33320 6
34960 1
34419 0
36460 1
35970 0
35529 7
37130 3
35939 0
37930 0
35860 1
38319 2
34080 2
36920 5
39029 1
52390 3
40129 0
40660 6
39079 2
36130 2
33930 6
34899 4
36879 4
36710 5
33939 6
38620 2
36769 6
37530 5
41140 1
36460 6
34150 3
36120 2
34949 4
34560 4
33520 0
35779 6
35230 2
35620 0
35430 4
34800 1
36430 0
35260 0
36140 6
44599 7
39080 5
34679 2
35639 2
34140 2
36229 6
35189 5
35850 0
33400 5
37460 4
33790 5
35949 1
33940 0
35820 1
34579 3
38660 3
36739 3
37509 6
35760 0
34689 6
36309 7
34840 5
34570 0
37929 1
37550 1
32629 0
36420 5
39519 6
35199 4
32950 3
36310 7
33649 3
35770 0
36680 0
36010 1
35980 0
36089 7
38130 4
33949 4
35009 6
35460 5
34400 1
34060 4
34470 2
36799 4
35069 5
35520 3
34879 5
33590 3
35080 3
37799 0
35850 3
38530 4
35869 4
38530 0
41849 6
34900 1
35650 1
34179 1
33260 1
35210 0
34260 1
33500 2
33770 6
35810 2
33930 4
34910 5
36810 5
37640 2
39359 5
34250 0
35669 1
34470 2
38130 4
33800 5
36729 4
35520 4
35779 6
35440 4
34810 7
36599 7
35520 5
34899 3
41849 1
37640 7
37159 0
36740 2
33340 2
34969 4
33330 6
35510 5
32459 6
36450 5
33430 7
34979 6
34650 3
34570 1
33019 3
34320 2
36849 7
37999 1
39480 5
37079 5
35810 7
35919 3
35609 6
34560 4
35060 5
35719 7
37110 5
36489 3
43740 5
37420 5
36930 0
34070 3
36600 7
35100 3
35430 1
35129 1
36099 2
35940 4
35539 3
35330 4
35489 0
35949 5
34490 4
35490 4
35230 0
34660 0
35279 4
35399 3
37380 0
36959 3
34610 6
36080 1
35749 0
35960 6
35150 7
34060 3
40900 5
34429 5
35009 2
35680 1
35679 7
33730 3
35450 2
34969 5
36080 6
40190 7
35359 3
36390 0
36949 6
37209 2
36880 1
37769 1
34090 5
36919 1
37770 0
36760 1
35279 3
40100 3
36520 5
39499 0
35760 0
37080 4
36579 2
46750 3
34479 7
35770 3
35190 0
35429 7
37470 0
33529 3
34629 5
34990 5
36310 6
35409 5
35170 6
34689 3
34629 0
34020 0
36859 6
33730 0
34930 3
32939 5
37670 7
34699 4
35199 4
36360 5
39240 4
38179 5
33890 3
36609 2
35220 7
10051878 6
46899 0
51450 7
48740 4
47159 2
47669 7
49750 0
48779 1
51020 5
51929 4
50620 1
46559 1
46699 0
49129 5
43299 1
50590 1
42769 7
48560 4
45169 6
47880 2
49129 7
57810 0
40159 1
42540 5
38820 0
45430 2
44850 2
49089 3
42800 7
41269 6
46530 5
42699 7
44130 0
43369 5
44450 7
47350 1
46409 7
44909 3
46319 0
49439 1
51370 4
45860 5
46100 5
52250 7
45289 6
47589 2
46860 4
40570 7
41899 0
46110 0
43349 2
38420 3
46890 7
43370 5
43039 1
40460 2
46340 3
44939 0
46340 4
43879 0
48050 1
47579 2
41590 1
46719 2
46300 5
54729 2
40470 1
46129 2
41340 3
41290 7
44869 5
43860 0
44759 6
42650 0
44599 2
46469 5
42809 0
44279 5
45250 3
43389 4
43990 5
43839 5
46520 7
44149 4
46370 3
44760 2
38339 6
50680 4
44299 0
40730 6
38639 0
41800 5
46230 2
44320 2
42089 1
46059 3
41920 0
42879 6
42580 6
40099 6
38270 5
46099 4
43959 7
45650 3
41259 2
41650 4
40379 5
48990 0
46609 7
45020 4
53590 0
45690 0
51140 1
45350 1
46709 5
45109 6
46829 1
40909 6
41290 6
38599 2
37850 1
42049 3
47040 4
45640 1
44609 4
44760 2
44339 4
42740 7
45739 5
47190 1
44349 4
47379 6
58929 5
41150 3
42269 3
44019 6
44860 2
37989 3
36860 7
45129 1
45430 0
42529 3
45069 2
47320 3
45450 3
45150 5
44359 3
45590 6
46149 4
45920 7
44159 7
46820 2
43800 0
45950 1
44709 6
50070 1
49529 2
46280 2
39620 3
42479 2
45880 0
46849 1
45100 7
44799 6
45070 6
46709 7
48160 3
45869 4
44999 3
45630 0
48030 6
45490 7
40650 3
46190 1
50809 4
51000 3
55269 7
39470 4
49579 6
40850 7
38749 2
41990 3
46089 7
39949 7
39900 5
40410 0
46140 4
42339 3
46040 0
43320 4
45210 4
45740 4
46620 4
45189 4
46939 4
43920 6
46559 6
45520 5
45059 4
59260 3
37159 1
41490 4
34309 4
35439 6
32580 2
32419 6
31270 2
32510 6
32560 6
32439 4
32340 2
34159 4
30319 7
33730 4
33559 6
33140 2
32590 4
31520 4
32049 2
31090 1
32339 7
30860 4
33760 4
31340 7
32430 0
32000 1
32630 4
30820 6
31530 7
9076158 6
47229 0
45010 2
48949 3
47889 1
45040 6
48689 5
46090 2
47790 7
48559 5
49480 1
49429 4
47560 7
48849 4
48139 4
44780 7
48009 7
47820 6
49409 5
44550 2
60019 2
47960 2
56029 2
49149 2
48430 4
47990 7
45939 5
49949 1
47600 7
53649 5
46589 7
46190 1
52379 5
46920 5
50099 6
49300 7
49079 7
47120 4
52139 3
50730 6
56909 5
46319 7
46239 0
47830 6
49469 7
49310 5
50049 7
47980 1
46659 1
44870 4
48369 7
47680 6
49349 7
42860 0
52629 0
50620 0
50469 2
50410 0
54169 2
50190 6
54499 6
46700 6
44729 5
43230 7
47089 4
46890 6
43439 6
48720 4
47499 6
51560 3
47259 0
49970 6
52299 2
50320 4
50189 2
47020 4
41690 1
52249 7
46079 6
49089 4
47550 1
57200 1
45510 3
47539 6
46110 0
47380 0
48040 2
48639 2
48720 7
51599 3
51020 0
45909 7
47900 6
49509 4
44879 3
45299 1
46489 3
39030 4
45290 2
50089 1
49920 5
46519 2
58169 7
46509 6
41890 2
51089 1
50690 6
48409 5
45710 4
49119 3
46520 4
47059 4
46240 6
49179 5
48890 5
49589 2
46600 6
50239 2
48060 0
48729 6
48810 6
48839 0
49830 2
57109 7
46410 7
48019 0
47570 2
48899 7
46260 5
48339 6
46550 5
44910 6
50209 1
43689 6
48419 2
44490 6
48010 2
46329 2
53249 0
50360 0
54560 1
57730 2
47119 5
56479 6
44820 1
42249 6
49810 5
48259 4
42539 4
42440 1
46769 0
49810 4
46749 7
47830 0
45759 5
50370 1
47849 1
49390 4
48419 4
50610 7
43659 0
46600 5
50699 2
48950 5
60859 7
47750 4
42319 0
45250 4
48739 0
46680 0
47939 2
47240 6
52799 1
47100 3
47739 6
56179 7
49999 1
44270 2
48379 1
44700 1
49160 6
48580 5
47320 4
48070 0
46169 0
55919 2
45609 7
46459 2
51490 0
46280 3
50999 4
50639 4
51379 5
48279 3
48419 0
49599 4
54439 3
44640 5
44700 3
48910 3
47279 5
