89930 15
53120 11
51910 2
54300 2
51570 2
57970 14
52989 3
57880 11
51789 22
43929 23
36730 12
52660 2
57249 3
54550 22
54989 7
59470 12
53050 2
65410 6
55180 8
61099 11
57120 13
64769 16
57280 12
64399 19
60519 2
59610 4
65609 3
58810 21
61109 0
64940 4
66099 10
58410 19
70209 21
78299 9
60039 11
59020 2
66160 18
64680 0
68089 2
65629 10
69150 16
68759 3
67060 10
68769 12
73200 20
64569 1
70920 21
67299 11
92569 18
70009 13
61539 12
59840 11
61490 11
64860 17
64160 13
65209 17
70900 8
72690 2
69070 11
63569 0
80690 6
65209 21
71000 17
66470 4
69999 14
69910 12
68920 10
71569 14
69820 4
70940 9
70699 3
74900 21
73229 22
71980 5
81149 9
62270 5
70299 11
73640 20
63099 14
62190 10
70949 17
67220 3
73909 5
71530 20
65539 3
71040 16
65999 3
70360 23
66689 11
76980 18
67869 23
69240 17
64829 2
70220 5
65469 13
70900 13
67309 13
63490 0
62750 23
60480 9
64090 11
61439 20
67350 22
62790 22
65200 8
62360 23
69769 2
66629 9
70950 4
75810 11
72490 8
64359 14
73039 11
73870 12
69590 12
64100 22
71479 21
67859 14
71319 11
80349 14
70720 6
68769 2
72430 11
69169 4
74620 15
66439 9
71600 2
82269 15
68750 17
65779 19
69160 23
66239 21
71150 1
69159 22
70200 7
65399 2
71390 18
69469 13
72020 21
70769 9
70300 16
77519 8
69440 6
66119 2
72080 18
70969 22
67900 5
67749 16
65390 10
64369 0
84029 19
61649 12
61670 19
65440 0
64990 1
64529 21
61519 4
68890 10
66300 12
68940 0
66199 12
69550 16
64029 7
73530 6
67769 17
93189 2
67780 10
69520 4
64330 18
70199 7
69060 8
70059 11
64520 1
73000 15
66910 1
71339 16
64429 3
74200 17
67040 9
82409 20
76089 6
73730 12
72669 10
80679 16
70190 6
81189 17
79570 16
72079 12
73190 1
72919 22
69050 21
73119 14
78689 12
70629 14
64749 10
69559 11
60719 5
66260 4
64550 14
64399 19
52640 17
53979 5
57539 9
55890 9
61089 19
55960 7
55830 19
55440 6
63720 16
53249 6
56890 23
58700 20
52039 10
54400 23
55829 15
52400 14
56340 21
53129 22
52200 11
57339 14
57220 9
56660 23
56469 23
55510 7
56439 7
56070 12
65219 14
56559 19
56899 4
55439 16
56540 0
53359 23
56670 18
55029 14
55569 22
55270 15
55559 18
57290 22
56999 0
52990 11
55970 5
58789 8
53000 14
57679 2
66409 22
55719 11
57179 18
56400 7
57369 0
57290 18
53160 2
56540 23
56329 17
62370 11
55989 23
56830 8
56760 3
58029 20
50810 22
53460 7
58289 20
50940 11
57139 0
55230 19
56560 9
57019 23
58010 1
52999 12
55840 15
56429 1
66390 2
53600 1
55669 16
56070 19
57630 14
56359 18
57460 21
56859 15
56630 0
54669 9
56079 12
56140 2
57809 14
55750 9
60959 6
56660 8
56769 22
54599 4
65680 20
50449 15
52490 3
56350 11
56340 23
54450 17
56679 16
56750 2
57780 5
53529 5
57920 22
56699 7
57030 6
57349 3
56179 21
56230 19
56379 14
53270 21
58749 23
58230 17
56690 15
57200 11
56330 8
56499 17
57180 18
52599 14
56229 14
55870 15
66129 1
57150 14
56889 21
56200 16
52770 11
57190 3
54740 18
57399 1
55950 11
56149 6
57609 5
58460 0
56129 15
56890 13
54999 13
59779 20
55680 10
52079 8
69430 22
55819 5
52720 21
56490 18
52019 1
55850 4
56050 5
56689 6
52560 23
56819 18
53760 13
57000 16
53749 9
55340 15
53389 14
56670 16
58740 16
56360 10
61920 22
59000 0
62599 2
56700 8
60399 1
57400 10
61649 8
57269 23
60440 21
57299 3
59620 18
54550 15
60860 16
67960 5
60020 6
58820 0
60829 13
59170 8
61779 18
57949 6
60289 8
56769 13
61100 17
57799 10
61920 18
57979 13
61259 3
56409 9
59699 2
59350 22
69649 6
56200 19
60589 5
55849 21
61149 14
65199 20
60070 10
57529 17
62790 12
56079 8
61039 3
56550 9
64060 15
57960 22
59539 9
56120 11
67889 9
56880 7
69520 7
66699 0
69420 10
64529 21
68400 13
65289 21
73760 20
64269 23
72700 10
80389 9
71640 1
69489 3
66010 8
70169 10
66980 22
70359 4
67450 5
72369 12
63040 18
71049 15
67040 1
69379 14
66270 13
71579 23
109800 7
69090 2
65459 7
69620 1
65459 1
70970 23
67100 5
71840 10
69719 18
69969 11
67129 11
70259 8
68749 7
68610 0
72610 7
71240 5
64269 15
68990 14
66120 15
70409 5
71109 11
70509 8
66900 22
70559 3
67759 17
68949 17
53840 15
56320 11
56559 5
56950 7
55399 11
57020 7
53860 3
57099 13
63420 6
56009 21
54089 15
58810 23
53329 3
56800 23
53760 19
55500 9
54870 20
55859 21
51070 5
57869 15
54729 12
55770 7
57819 20
49890 21
55689 16
55970 22
64730 14
55779 13
54500 17
56119 5
54999 9
56070 18
56949 23
56940 1
53830 6
57019 3
56240 3
56249 22
55970 6
56809 9
55559 6
56320 9
52239 5
56790 13
62150 6
57179 23
53410 2
57419 21
53990 10
55840 4
