294846 15
152639 18
176547 23
156778 7
86499 13
34080 9
9315139 12
102903317 6
94379 20
96859 23
76599 19
83989 17
145628 23
120209 20
88709 23
102369 8
128288 15
61049 11
246377 3
103099 18
93819 23
68559 4
139019 1
119498 21
108529 16
101529 14
259467 13
63129 13
83589 11
147718 11
15338258 12
126068 0
109569 11
139238 23
106819 22
83839 13
125809 20
89128 22
73159 7
138798 16
100869 5
157908 16
73349 16
90979 4
85579 4
134318 13
128049 0
89099 23
77409 20
103879 4
217847 17
87449 18
135768 13
83919 16
27909 9
79069 4
79749 19
7622820 6
85299 16
72859 10
48900608 3
66470 23
79399 13
829770 3
174208 15
86839 20
182117 19
82559 23
142608 20
70629 20
112319 19
59699 3
107709 18
114988 0
105109 0
124609 14
91938 23
84110 20
104348 4
61529 13
83368 20
101869 2
68799 13
84288 7
62690 3
120828 13
283637 18
82169 7
95909 5
90389 23
87649 17
27519 9
277156 0
65339 4
56320 12
188357 1
117429 1
87139 2
84629 16
90339 4
25169 9
101839 4
118089 19
62839 8
161358 0
58149 13
63609 5
65049 3
81109 18
97269 0
16267576 6
103528 2
77020 20
28529 9
698642 6
85719 3
142538 1
264427 21
195958 1
126138 8
85009 4
136659 6
157609 13
29509 9
95956830 12
74369 23
64259 21
74599 19
56740 3
83828 17
87008 23
114358 4
97269 2
75909 3
180538 2
189587 0
86388 23
76199 20
60679 12
82919 4
55829 3
83149 22
78829 4
112109 19
83289 22
32329 9
79669 5
141748 2
91819 11
149658 2
80649 12
104749 19
107979 23
56939 3
84449 16
170968 18
86229 15
75309 8
81539 8
85319 8
100409 22
116729 7
204438 8
116279 14
118618 10
75679 20
98909 8
62769 21
66529 5
95559 14
82788 1
72370 21
132148 13
76709 13
25740 9
84359 4
63099 5
68559 7
75419 4
78999 20
73699 14
67379 13
83809 1
44429 12
62179 8
25459 9
94349 0
73979 15
95979 2
94859 2
98469 2
84119 22
67729 10
59769 20
118029 4
61079 20
76059 19
76819 14
55280 3
77379 16
14339589 6
27680 9
170228 0
1036958 6
90979 16
428914 11
200768 17
108339 16
87299 22
117918 18
199528 8
80999 7
173868 20
144178 16
82699 7
80629 23
131319 13
42999 9
104449 17
91769 22
94179 6
73909 10
153168 21
114169 0
52529 9
75139 10
85719 22
30030 9
118478 0
129259 22
118968 5
151318 17
163038 2
222927 19
143608 0
335776 19
168538 23
214628 20
318436 6
139088 22
156078 2
97459 2
122999 16
102308 4
30549 9
175158 18
77929 21
102239 14
93369 1
149788 11
265997 6
182178 22
352576 6
174838 16
242397 2
129378 15
219197 17
275716 17
79919 22
102599 22
92179 20
174668 20
69379 14
93029 18
29169 9
64309 4
9174101 3
156508 2
94819 20
261237 4
109598 4
71420 12
111008 16
115399 16
29125594 6
67490 21
124848 13
63059 13
80150 18
99918 23
69889 7
74009 15
104379 14
74550 8
75180 16
70929 8
75259 10
82519 5
90869 14
148598 8
223127 17
249297 15
87619 4
88678 6
7856637 12
133578 20
79249 19
69779 23
182949 21
109579 1
96269 21
70629 5
77909 13
84809 10
117439 16
63289 13
202498 3
164398 11
178547 1
77979 16
139908 17
97199 2
66429 10
88529 19
8019975 6
147698 13
138268 8
137888 14
30630 9
111669 13
28557221 12
85479 16
74979 5
81819 19
106759 15
161538 18
84908 18
102028 1
80229 23
109869 18
230157 22
211638 19
110488 5
288667 1
97119 13
116518 17
124438 3
137988 13
113559 21
127549 15
162898 17
129039 3
64879 7
93609 3
179908 13
52089 9
131639 11
85589 10
172557 4
136418 12
121558 17
96888 23
365226 12
322366 0
338426 12
352146 21
94639 4
255477 12
399355 19
137329 11
73940 3
200567 7
91889 14
84829 11
217357 19
184087 18
188298 0
93139 8
26290 9
247327 7
84869 4
146408 23
101859 4
138028 2
97379 13
84269 21
208907 15
170949 0
223738 11
109868 11
140908 12
310146 7
115009 21
219307 14
128959 19
82100 21
100488 18
89148 8
71669 10
89568 23
215367 8
85109 11
116548 5
203467 5
182388 10
92209 22
82209 7
149288 22
189558 19
114719 7
220668 2
98499 4
111478 3
345376 3
210408 23
98459 6
137468 7
347406 23
78219 7
86789 14
28790 9
125849 12
85559 19
127889 15
106119 14
135119 7
181487 17
91478 12
191488 21
289196 12
173818 7
234758 1
159728 21
128158 14
158808 0
76168 7
211917 19
115119 10
130338 23
297576 1
124358 12
144419 10
151778 6
289566 5
447425 12
98589 23
91448 8
79839 15
191207 17
297367 13
252977 0
127048 21
426815 19
236197 18
128209 0
186488 1
135628 21
77209 3
180588 7
386235 1
312697 21
198297 1
77929 5
173688 10
162568 19
192618 20
176908 12
268297 8
174498 11
176718 2
180097 2
210337 7
103519 6
125918 23
288807 12
80279 20
115749 2
131389 5
82739 22
258747 5
235417 20
159288 18
114309 8
198527 11
236566 4
359425 2
86909 5
274287 2
117039 20
123898 8
98099 6
166578 17
98689 10
219277 0
91859 4
56470 9
146249 1
231947 17
221648 16
138889 15
128638 10
110819 18
145168 22
176408 4
75559 1
75129 10
114329 12
83629 8
107289 13
117318 0
88349 14
141038 20
217907 7
133998 22
225228 5
96170 14
178468 4
68990 22
99549 8
227428 21
104498 7
163518 4
242297 2
73769 19
182587 1
133248 17
164688 12
94009 3
103659 18
150238 8
92819 15
215287 12
54429 21
10489 9
218747 2
70299 6
116379 14
73130 10
127738 3
334346 18
104149 23
93629 21
500364 15
75329 21
92679 23
92649 10
70099 21
273527 0
109548 13
86348 12
89408 19
89708 6
97419 20
72219 3
166778 18
163948 14
122919 17
107829 8
125749 22
346816 17
107079 12
73199 14
183418 2
108308 23
278487 17
324986 12
95899 5
79059 13
64699 6
197338 11
359616 10
88899 22
218277 7
165278 7
131709 15
117049 8
109279 22
71379 12
14790 9
306716 8
119619 3
177878 13
114418 3
187788 8
14800 9
127059 2
85099 4
138869 21
92888 16
182827 13
81250 22
110549 20
178798 7
110599 17
88568 3
85048 8
106688 0
87389 17
102459 11
76079 3
86569 7
78449 13
338516 21
105859 23
180238 11
58439 22
138059 7
162098 18
77328 5
117458 11
165628 2
131999 22
93118 1
12140 9
115419 14
96799 4
247267 2
160628 3
152488 19
128189 23
107009 1
18620 9
151608 11
179987 6
31990 9
95139 5
207077 14
82669 4
194458 19
118639 5
260937 0
28649 9
114599 13
164208 0
102249 23
138719 17
288707 7
101008 20
145128 2
111268 23
79939 21
128259 16
213507 12
126649 17
143258 19
107889 0
84369 20
76799 11
130288 0
91669 16
97239 16
134059 2
105209 15
91369 17
115219 12
71629 21
105029 20
122488 19
124539 15
342946 1
259276 21
122968 20
107359 0
105419 21
158258 0
91409 20
155868 23
133408 10
12040 9
129439 20
133378 21
206548 4
151209 5
72079 17
90189 14
244087 17
89879 21
11580 9
227178 11
170288 0
89369 23
160118 6
129278 17
107019 23
133439 7
117609 20
69139 21
126599 16
70289 20
76789 17
89899 4
78119 10
117589 14
87729 20
87499 18
74120 7
128308 14
160558 10
14360 9
234527 21
251667 19
150198 1
139308 23
167378 5
103859 5
78949 11
258087 19
150528 1
111039 21
212248 14
92329 15
390115 2
152228 10
86448 5
261136 15
82029 15
107619 22
176088 7
314396 10
213468 10
125178 0
93479 7
108809 8
72839 16
54189 13
275057 19
173978 22
156368 10
56749 21
122928 10
71889 4
168548 16
135488 18
76688 5
52509 4
50529 4
122609 15
121958 19
151918 6
83369 20
100879 17
104879 8
110049 4
14760 9
102269 6
29883625 12
91029 19
72769 17
59100 8
154779 2
102258 13
94190 4
70739 11
315986 16
138628 23
255737 17
108629 3
95779 19
413215 1
66719 4
283976 2
160948 17
209637 19
100159 16
111809 20
160668 1
169168 1
368305 1
290927 6
267457 6
55369 5
178688 15
113548 13
99529 22
148328 12
124049 7
148788 7
98419 6
140249 15
140219 22
162048 23
110469 14
13751 9
157918 20
94348 14
181837 5
202258 17
125628 18
17889 9
104809 19
146298 12
69279 14
148469 19
73859 22
160638 15
67989 13
124239 14
176829 2
116798 20
10070 9
93009 2
160078 17
234307 17
210188 22
99429 0
78599 8
73279 18
133719 13
193168 21
66989 3
86789 11
104459 3
84429 12
130588 21
64319 23
135289 15
105169 20
146819 15
84769 6
47789 4
54890 3
57829 22
60959 10
668532 0
228008 1
3972682 17
111569 1
335986 4
308786 2
148638 21
122348 4
140568 23
323497 15
67230 14
147578 12
55209 6
220728 1
70669 3
93649 6
83819 6
82229 10
117198 23
244678 0
127009 11
212797 6
138628 3
65449 7
75419 18
127889 0
57150 5
65629 8
116699 10
19160 9
188337 16
87079 8
187848 8
65209 11
73629 23
76849 21
90199 14
77709 15
104819 2
61729 13
121929 6
221327 12
159438 2
252217 1
310846 2
230257 20
87815596 18
121089 1
98239 17
91828 14
93088 16
212158 1
117458 16
199728 21
154648 16
113369 13
81009 18
87679 20
224707 0
101439 12
161988 23
96529 14
192548 4
132419 17
126968 19
237908 7
153428 3
302486 7
104709 5
155298 8
130159 14
19819 9
123428 7
87979 6
133518 14
115639 14
76279 3
79989 14
176228 5
185618 11
130878 15
110839 23
211437 19
132418 2
146188 15
293636 1
136479 2
93799 22
92379 13
127238 19
131309 17
169309 20
58390 12
69249 3
188588 13
99869 18
123948 19
141899 15
165858 4
223267 8
140088 13
202488 22
119858 5
103048 18
47400 9
77799 21
95328 6
193407 1
173558 8
84599 17
162708 0
102749 10
138738 1
198957 18
89219 7
193358 11
106229 11
158018 20
119588 7
78859 22
93519 18
102339 20
136508 0
135688 12
16140 9
54400 3
99489 4
66430 3
118638 2
11610 9
191868 2
82089 19
89249 8
102359 2
85249 10
237397 13
139148 4
83709 19
132158 20
226248 1
90649 13
75739 3
70369 6
77849 15
92889 13
73639 22
106339 20
121059 20
76899 6
79630 21
57959 3
122548 19
233737 1
98368 11
94248 16
110948 21
109059 17
79169 23
67339 8
198818 1
125258 11
63549 22
142418 21
84319 16
110419 23
80130 15
78419 10
9751 9
82410 23
44170 12
101639 23
83069 21
124868 15
70859 10
75139 17
51490 12
79559 14
87679 19
165708 8
51799 18
66370 17
211298 8
96369 22
80819 8
72389 17
167878 4
175288 20
