395997 1
18100 0
223548 9
212258 9
27257774 7
173108 21
57529 16
56150 6
10989 0
97670 16
52539 10
99539 18
85599 2
58600 1
67029 14
168919 16
90510 15
174019 22
33890 1
529916 7
14450 0
154989 21
206928 13
14889 0
427207 13
191469 4
124779 15
88479 5
112800 2
100820 11
175099 2
139750 3
201729 18
166259 17
141169 13
13420 0
211618 6
178709 22
294848 17
116199 20
210989 14
95780 8
73119 3
106880 22
73150 2
73679 10
124319 22
12829 0
315597 19
321408 16
226929 12
112669 5
61319 2
59189 3
38190 1
126159 18
13240 0
251408 13
78779 18
193329 22
99059 4
81139 17
71989 1
179289 17
101909 10
114450 14
91099 8
206238 15
182789 23
61830 3
313197 20
100700 13
99189 14
80279 11
351548 21
114519 21
67170 6
313567 22
91870 23
150429 19
110550 12
82499 13
91169 9
66300 16
87059 18
72790 6
89399 6
96169 4
158569 19
77210 9
132509 5
110929 6
51840 10
52589 9
55810 2
55550 5
100720 2
79969 17
55750 17
53799 10
56520 8
52639 6
62689 4
59710 18
51389 8
86730 17
77630 4
51260 9
46299 5
105589 23
69789 5
53430 18
10749 0
53289 16
77630 23
52009 18
49870 16
45970 2
88000 2
47140 12
46039 14
46150 6
50040 15
47590 2
46960 14
83519 21
69960 5
49169 16
49090 5
11570 0
56500 17
53299 17
27900 1
44790 6
61339 15
46100 4
70549 20
91149 11
44540 3
43420 4
74810 22
4311589 7
123130 3
74679 16
53690 6
263408 9
92639 12
137099 12
464507 15
10810 0
127689 6
337098 21
148330 16
163839 12
162159 11
91120 4
106800 17
115779 13
171779 5
492456 9
121729 7
114140 5
112739 6
104129 20
90579 1
302208 16
65719 3
70030 4
83479 21
122129 21
14009 0
104869 20
92039 3
443007 17
102439 13
162599 6
330057 14
202509 21
164279 16
111659 13
77819 7
94760 14
111539 11
107659 20
327698 3
119189 17
1898937 14
109340 20
11590 0
72549 17
2787790 7
83920 21
134708 8
226568 8
51629 16
1049502 7
70110 10
211858 12
110639 7
100279 22
79739 6
101150 14
71879 2
22030 0
106379 6
101810 22
89650 16
227098 5
261329 19
79730 5
9610 0
152589 12
194028 12
39410 1
143389 15
153489 5
456617 2
134220 15
116449 1
68149 1
176709 15
116629 10
13780 0
142039 20
176389 8
391057 20
74629 3
83390 5
155779 3
229218 4
20250 0
261188 17
72179 3
52509 3
140139 20
53190 5
168778 18
11851 0
110268 8
127160 10
98159 18
157789 12
86889 17
131379 20
122209 4
7180729 7
95049 12
63230 4
72900 23
52560 4
117520 9
563287 19
104320 3
273938 11
248938 13
259698 19
16680 0
181179 10
245088 19
151829 15
12770 0
184039 5
67370 7
206349 2
89780 16
25180 0
124329 13
322997 12
157508 11
187289 15
21970 0
98769 13
90089 8
107709 21
109079 1
157039 6
67109 3
86280 18
167139 6
155039 15
105720 12
114409 18
101149 10
142589 8
90290 16
13769 0
66850 8
85009 22
251988 14
58019 6
293928 23
181249 6
146730 17
157078 3
223609 14
201198 23
129739 19
170569 3
69930 7
95550 8
198459 18
82459 4
338278 13
297128 21
106250 17
104849 10
211828 15
114259 22
99109 10
230088 11
17660 0
58130 9
108509 19
102659 3
52550 9
71319 23
59550 5
82319 21
62970 10
66030 2
107210 0
104779 21
58879 15
107420 11
69259 17
95819 21
79520 21
89509 21
47160 9
14520 0
54919 3
15719 0
73110 8
45350 6
47440 10
53520 18
47290 4
75109 20
83589 21
57510 15
114259 21
89569 21
50719 5
72210 20
90330 20
47310 3
11200 0
61009 17
53620 13
66349 4
45059 11
62870 18
82119 19
45720 2
44610 9
85649 2
56209 13
44379 9
12910 0
45730 6
53590 13
44420 9
29430 1
57480 13
45640 6
61640 4
49059 3
74060 21
49680 17
52280 14
52990 3
52389 17
25900 1
100339 13
158758 15
78960 3
56049 15
110099 12
114599 4
100089 10
81400 6
131639 14
107620 20
232498 14
134579 22
269138 13
121649 14
98220 5
30449 1
347598 14
112119 10
363138 15
118040 22
125019 18
285368 16
415767 16
10022298 7
825195 7
265838 19
108409 18
135499 22
81279 2
118179 3
296787 20
621345 15
355318 13
153669 17
36930 1
191219 4
142239 15
214158 8
112799 11
530437 14
133839 17
140088 17
144919 5
75809 1
157799 9
301498 19
68319 6
103629 10
158578 13
275088 23
141369 5
553066 19
126359 4
97540 3
326587 20
336548 11
226418 3
1086742 6
174949 16
242819 19
144259 16
157908 12
165839 4
193159 11
184438 20
105009 11
299227 20
178969 17
154349 5
154169 13
122149 7
109129 18
185489 0
215858 15
91549 16
291778 10
163878 16
353977 19
114919 10
100040 23
262078 7
161939 10
138519 17
107999 23
65260 16
38220 1
158179 23
111799 19
196839 10
67889 5
249299 16
459036 20
241549 15
75990 4
183599 1
317957 2
388268 22
259078 18
96299 10
284228 13
83509 10
144349 19
98260 23
147318 2
176539 20
342058 13
94079 4
131199 12
85970 4
93199 3
31140 1
64509 5
115109 19
139779 4
50050 4
204439 13
23589 0
61599 5
71399 4
68290 9
256928 19
18310469 7
134959 1
61659 2
65340 13
49169 4
1551009 7
