197609 19
284028 2
106429 2
187169 6
249548 6
72589 5
126589 4
193009 22
201619 13
112469 22
143859 21
429886 21
147439 1
162959 0
79140 10
88039 12
160069 8
177558 0
245499 6
92599 2
97039 1
48879 12
101599 13
98259 6
210188 0
57150 12
111689 10
16350 11
81559 12
100990 15
166328 23
14280 11
133019 6
128170 5
86480 8
24098897 7
141329 8
191688 16
133279 20
131089 20
168679 20
363087 7
248888 23
191768 14
148529 6
125460 0
125439 4
163229 9
221799 23
245268 19
205129 16
536156 19
344347 13
144719 17
210689 9
303058 10
134709 0
138199 7
165359 22
144079 14
222728 2
126039 23
79140 4
90280 8
123549 4
242038 16
204829 1
140999 17
111959 10
78849 9
195958 19
312228 21
163859 23
346997 13
129839 20
249408 15
249108 17
147918 16
82099 3
232858 19
92280 13
227718 21
259298 14
208839 22
106889 4
74669 5
99930 3
106109 18
141899 1
115699 3
101539 3
8323820 7
81120 16
68369 16
80380 0
41930 11
277638 19
52980 12
100289 0
131269 0
157139 22
184249 16
31420 11
190408 21
122519 10
127519 21
175628 19
177079 15
198839 20
229899 18
189699 5
93110 22
525796 7
160939 13
190749 15
149290 16
37300 11
19590 11
81960 0
190109 15
305108 15
479616 17
163698 14
82890 0
670385 18
109779 5
41940 11
145629 13
95099 0
196349 20
275778 22
111099 12
224958 2
135869 15
140439 13
117359 4
201569 15
36180 11
59779 10
163529 5
98769 22
215369 13
115649 22
205988 8
205269 19
822924 14
141989 21
92460 5
157239 13
136459 3
36840 11
96969 22
76240 16
85469 3
83660 1
94940 22
201388 8
1327660 7
190478 19
106229 1
225478 9
170699 17
233378 13
221928 4
115399 5
154919 17
239108 13
260668 18
127689 15
39360 11
115099 3
146799 4
157379 6
121529 22
150509 7
122179 7
156899 22
123739 20
259698 12
110249 18
429277 2
164019 23
201589 0
216928 12
127339 20
585766 21
237898 5
169459 17
84220 17
103210 3
107099 17
390817 17
210839 1
126029 8
150289 20
76929 11
106199 12
183959 15
126009 23
139829 21
122809 23
168769 13
76529 0
155919 22
39990 12
59959 16
129990 19
61720 4
76980 14
95999 9
90659 14
28440 12
112289 15
51910 13
5321912 7
91080 4
194598 20
69560 10
123829 6
101359 14
142759 21
360108 7
298137 0
220268 18
108699 13
345528 5
134919 14
249478 22
215809 15
139039 6
270038 22
268338 2
104520 17
216208 9
187339 20
127489 5
156369 12
200428 20
97850 16
405647 10
182639 8
294368 15
375418 21
206688 13
194869 1
86549 10
283978 22
139669 13
130929 17
322928 19
121489 9
102669 22
247658 8
87910 13
218878 16
401777 6
107680 5
214488 6
288008 0
189079 5
101520 18
40909 11
122428 0
263418 14
155089 21
81890 14
93769 17
119020 1
85480 8
132249 1
166539 2
70669 8
99269 23
88719 16
92929 9
74090 1
37020 12
72050 9
57520 13
28400 12
57760 17
107549 3
87789 20
58959 14
55910 16
57299 8
70770 17
123089 21
107909 19
88669 5
54399 9
55179 9
93139 19
68639 23
109059 6
35690 12
59980 1
74729 20
53140 2
69480 22
71330 23
52699 2
49940 16
54269 18
46589 14
44600 16
1721277 7
139239 1
139119 10
159828 15
143128 23
88870 2
116049 2
121769 23
168169 22
140859 4
96819 0
106769 4
123960 12
153749 16
147389 19
186639 19
113469 7
281178 15
211299 14
116869 12
115199 2
95779 3
161239 10
111889 2
229379 3
64299 10
57630 12
231528 1
27390 11
30530 11
9086654 13
135129 15
71560 0
76829 10
145359 14
190549 5
122349 9
129279 10
221048 12
198188 10
318158 2
130339 2
180299 4
263229 14
334988 14
38210 11
208978 18
207339 14
124949 11
130129 21
184719 15
94499 10
102329 18
128670 13
107050 13
100749 4
308138 17
26060 11
142890 16
118760 15
181828 14
272968 2
139709 0
21380 11
110620 15
166129 18
38650 11
187818 6
169088 16
382998 1
216019 0
290768 19
196358 21
94979 12
358767 21
146239 22
217419 15
224388 0
136069 2
113269 23
108510 14
74490 14
195679 18
162899 0
114750 13
148319 18
227739 9
181449 3
209779 2
218338 8
171738 21
166399 20
26540 11
241658 2
133239 8
345688 18
145109 9
205838 3
276008 0
242869 2
152969 12
106960 11
172689 9
261409 13
271858 13
397957 19
73489 0
259948 17
113220 2
203699 4
113609 3
121229 10
189399 0
163709 8
383067 16
24970 11
223328 22
282748 22
254938 7
215889 13
127969 2
141339 17
211938 15
98840 7
255988 12
82509 11
23350 11
159099 23
114719 20
163819 8
131199 5
183149 21
184518 17
211779 13
136379 9
171419 4
121229 8
264418 13
178319 6
260879 13
197218 16
128129 9
235818 23
151839 0
71210 6
175349 17
93609 9
95049 21
156679 20
80219 0
65639 12
65990 0
57660 12
20680 11
79990 21
73390 0
77939 9
78620 8
72469 6
67070 4
72849 13
123690 17
117199 19
71830 3
76120 8
137130 17
74300 4
78240 3
84409 22
19830 11
59899 10
82430 3
87989 22
74259 2
74509 2
63479 14
71139 4
62909 15
82689 12
22290 11
140639 4
64329 3
113440 10
16239 11
109990 20
62130 5
62050 16
109439 0
85409 5
56370 13
113349 0
75949 1
61129 3
61650 1
