58140 3
12530 6
15540 15
22550 3
20130 16
24390 13
32930 20
3830 16
13800 7
20880 21
15820 16
12451 8
12409 21
12039 23
16560 1
22970 19
19830 22
16720 15
25010 14
14320 6
19449 11
29160 5
27640 18
17960 9
15610 15
15439 18
23311 21
20310 18
20170 9
14030 11
22510 21
15230 19
13460 6
14369 16
14040 14
20439 15
24220 12
13740 15
18050 22
20630 21
25910 12
19009 18
21530 10
16680 19
18230 22
16500 0
17170 8
24680 13
32359 4
20520 19
17750 11
27100 0
16080 22
20160 0
17910 11
24420 18
20070 9
23110 15
13140 21
10460 12
14820 10
14490 10
15590 23
16009 8
15280 7
18099 8
26300 13
97369 20
4969 0
28689 7
24280 18
22740 17
21390 3
22159 1
31269 3
17580 22
22160 12
28420 13
19930 14
21380 15
17000 15
13759 3
102549 20
4500 21
33249 12
57250 20
4620 15
46560 5
16549 17
20769 15
17530 9
12470 19
12780 11
24960 17
13550 13
15899 12
15920 13
20229 7
21850 18
17560 17
12740 4
18740 13
22049 6
11750 4
41340 20
3880 17
29710 5
16400 6
14449 2
18059 18
27420 8
29010 11
17170 18
20690 3
19200 1
22280 7
28500 3
27050 1
27300 11
33269 16
12489 12
16200 3
29730 12
23060 22
15510 21
32559 21
21180 11
13359 14
19410 9
18290 15
16740 6
14000 0
16810 11
18389 5
25509 22
19780 19
18920 1
23830 11
18550 4
18970 9
44819 20
3850 23
31700 9
22060 16
16340 19
17870 9
18299 13
16420 11
29719 1
22560 7
12830 15
10129 17
11469 0
22360 2
12870 15
11850 19
17210 21
15850 12
16520 18
13260 10
11020 4
29119 18
29520 19
21040 2
25410 6
18180 10
26360 15
67300 20
3870 18
29810 21
20810 19
25171 18
21700 19
17890 2
26390 10
24490 6
23619 21
20480 15
28799 2
31910 18
21390 17
18040 8
17999 1
23960 14
31350 5
18000 9
43250 22
33059 10
21849 2
21410 23
16680 14
11810 22
11570 5
13330 14
14230 3
21269 7
73389 20
4790 6
40880 23
14850 11
9660 3
13750 16
20330 13
12700 9
18830 6
14940 10
12070 7
13520 5
12819 6
11780 19
18500 6
16140 0
16410 6
14070 10
16220 12
16900 11
13460 13
23919 20
3950 10
17120 2
12520 5
24070 23
13920 2
15440 13
24339 13
15129 15
16320 15
17980 22
20200 2
19450 14
12930 2
13280 9
26050 0
15570 11
33140 23
27170 23
25240 4
33259 22
28829 13
26240 23
20800 8
18400 16
45849 20
3940 9
21249 13
14220 17
14090 5
14430 4
21320 15
24880 1
12160 15
68100 20
3980 7
24020 2
14380 4
9890 14
18880 18
15120 13
16270 18
15990 1
16020 9
17449 18
21860 2
22220 9
21580 10
20950 21
15490 6
21109 12
31939 19
41880 20
3830 17
13910 2
14730 22
21360 16
39919 17
22180 7
19610 9
12360 16
12880 3
12570 7
11900 9
16180 17
15800 17
14089 15
14080 21
14160 14
25660 18
20690 14
21280 19
17739 7
18871 1
16740 2
20170 5
33750 5
35400 13
20670 15
27910 12
29690 15
24290 14
17890 14
11240 6
10400 10
18520 20
3960 22
41780 20
3900 22
12050 4
12180 17
12550 9
12139 14
10691 9
11740 14
11529 2
10780 1
11170 23
10560 2
10400 10
9970 16
10970 4
11080 4
10810 0
10840 9
11100 18
17351 15
10709 1
10990 11
45280 20
4200 10
16760 11
31459 20
4131 13
13191 9
12180 18
12490 11
11790 13
11350 21
13620 21
12540 21
12940 0
11310 19
10660 21
11109 9
10880 8
13620 1
13489 7
11000 0
12420 14
11930 19
11150 5
11130 0
10710 7
9980 23
10220 17
10390 11
11590 2
38240 20
4310 7
16300 17
13940 2
12470 1
11930 8
14590 0
11520 17
18320 21
18259 23
17680 18
19419 21
31290 9
68409 20
4980 6
68430 20
4780 23
21200 3
15220 15
17960 18
51840 20
4110 6
31310 15
16020 7
27970 11
23169 19
18239 11
15470 7
17290 4
17880 7
25330 22
18180 11
16229 7
21840 3
30229 3
24990 12
24620 13
26570 6
33069 22
17539 15
15200 1
16960 15
34720 20
25910 20
3880 7
17310 0
18250 12
18630 0
23100 16
24829 8
14710 5
20820 13
15800 22
17850 17
21880 13
18520 15
27710 17
19840 5
16510 22
15460 12
13000 2
15690 1
15000 7
11119 4
14429 14
20370 13
14280 22
13640 0
15210 14
44160 20
4000 18
32310 20
4139 5
18780 10
12960 16
14120 14
11750 14
13030 21
11970 2
13350 16
14410 22
11260 19
15129 8
20040 1
21820 21
23560 8
23460 22
16660 21
20300 17
11020 10
12269 11
16040 3
13240 9
22510 11
23310 7
19100 1
18550 12
11560 0
14330 5
36380 14
18180 22
22600 1
11920 22
12030 23
11820 19
14980 7
19120 18
19600 3
20089 9
17719 14
13540 16
26400 8
27230 12
18000 16
17379 15
16589 4
18939 1
12710 13
11250 12
17150 0
16660 3
15050 1
15780 23
21149 13
35029 1
25410 2
42030 20
4520 0
24600 23
23150 9
20110 2
23250 20
4060 2
31530 18
35020 11
21991 23
14559 22
14270 19
15300 17
28390 2
25160 4
14960 10
23571 15
41629 1
26110 5
