141708 15
89028 2
75789 7
79849 15
84048 13
102759 9
78808 12
75799 14
90359 12
83419 7
82198 11
86479 1
82398 7
88409 12
86019 15
79968 0
88679 7
89638 3
75508 11
80719 2
78779 7
74009 4
81258 9
71529 13
82029 0
81288 14
85068 5
76509 13
85929 3
109868 11
78769 12
77319 0
84419 3
80159 15
83728 6
81859 5
85159 4
77069 6
80368 7
84919 0
80359 5
147678 8
72819 8
75059 4
81029 12
77479 13
74448 8
74749 7
68969 4
55159 4
54429 1
52469 2
56850 13
47969 8
55299 1
67829 12
51889 3
55139 6
50500 0
56370 2
59828 3
68159 7
48539 5
49829 11
55719 15
55409 12
57839 11
57970 7
64048 12
65789 4
54999 3
56259 11
61550 10
64119 0
52980 8
56919 6
52929 15
51879 12
59269 12
56269 5
55899 12
55119 2
56369 13
57519 15
54539 11
60639 13
61819 10
46719 15
58609 13
57499 15
74769 9
53499 1
59469 0
53930 4
56889 12
66519 1
52809 1
56969 10
63449 8
61939 12
56669 1
60189 12
56549 11
54169 8
59649 8
52099 13
54829 5
71508 3
53450 2
58339 8
58489 14
62969 10
57549 4
48309 9
61029 14
55119 3
56780 1
55179 5
64659 1
62788 8
59168 4
58319 14
56949 13
62459 9
71808 12
54019 7
60699 5
62409 11
64119 11
58509 1
58969 15
60489 4
55239 10
60149 11
62029 2
58519 8
59959 15
56379 4
58019 4
55760 4
63089 3
62309 6
56529 12
59829 3
64189 6
59069 1
50529 5
51309 10
59129 11
65659 2
54030 4
59799 11
61439 15
61399 3
58939 0
56830 10
59419 7
65689 8
73829 0
57350 8
60629 6
56799 15
59979 8
59429 14
61849 2
60769 12
57849 8
56159 5
55539 13
57779 14
58039 1
62059 13
60219 13
54899 5
59659 1
76048 12
59029 13
55288 15
67368 12
59448 12
60539 6
57660 13
52259 9
60199 12
57529 8
58899 9
68169 0
61749 15
70249 2
57009 2
65859 10
79739 14
60569 2
60589 12
57639 4
61379 4
59089 11
55239 14
57329 3
59189 8
53250 14
64528 9
59289 8
57910 14
60210 8
57400 11
58529 1
143187 8
58210 6
58750 2
54380 0
57269 15
61939 12
68889 8
68699 7
64609 15
64919 5
57129 1
61139 9
59939 6
62479 6
57709 2
76909 5
60619 8
59249 1
56519 2
58699 6
58849 9
58789 0
62959 14
66749 13
62929 9
59589 2
65389 11
61899 8
57609 11
63759 7
63439 4
59079 14
73649 14
61329 2
59639 2
52399 0
67649 12
64679 9
57749 10
62889 5
64529 6
56100 9
67228 3
53480 6
64579 14
68919 6
57430 8
59570 2
73909 15
58079 9
63288 1
55599 6
61819 14
64779 4
60339 4
59499 14
63319 2
63979 1
61739 12
60449 11
64939 2
65939 12
64879 4
62999 12
74899 4
57449 0
61999 0
62259 6
56700 5
60899 5
61739 5
60549 2
64979 7
61829 15
67999 7
64449 14
60889 0
63879 0
61109 8
74209 10
63850 5
59710 14
52809 0
61909 9
62469 7
61739 12
61999 14
65999 4
63639 4
62859 3
54699 7
63619 5
60849 9
62859 5
64579 13
76239 5
59519 2
61819 0
60269 5
62189 11
62799 3
63129 9
63609 8
60489 1
62159 10
57699 2
62439 11
63309 14
65309 5
61739 0
60869 14
72359 1
60349 5
61709 4
48969 0
60309 5
55209 3
70629 15
67159 2
64309 10
60569 9
60689 15
64859 2
70079 6
59389 3
71559 13
65789 9
67909 13
62579 9
66329 3
64199 13
59879 5
68379 15
60939 9
62259 3
60879 15
57719 11
59889 5
61159 1
58899 3
63019 2
60799 12
62839 12
84009 9
58559 15
56609 12
55869 0
55809 4
54079 13
55830 4
58870 12
61779 11
66408 11
63428 11
67759 7
61999 6
59679 3
64919 3
60259 10
146248 0
60609 8
59009 1
61199 7
61599 12
62789 7
54939 4
65148 2
60168 5
63328 13
64408 7
61199 8
60070 3
60510 11
62699 4
76239 7
54169 5
58890 6
58369 3
62089 5
65819 10
66938 0
64799 10
61290 7
65188 8
55019 11
63309 5
54579 5
61969 2
64409 14
56479 7
58899 6
72609 3
56769 7
58439 2
54119 4
61789 11
63729 3
59929 7
60869 6
65889 7
66619 7
58739 15
64229 6
67259 1
69699 12
57139 3
60889 15
73989 6
60839 15
64109 9
61469 4
59209 5
70399 12
61809 7
59839 9
63529 5
61319 14
60349 0
64089 15
62629 3
63749 10
56569 15
79219 1
61749 12
58909 10
57009 14
62709 5
60489 12
62049 15
68609 8
59879 15
57329 1
63759 13
67259 0
68069 5
61589 11
65069 2
63979 8
72129 9
60519 5
61099 3
52539 7
74929 9
60379 13
62639 1
61499 5
55959 10
57409 11
58260 4
67759 12
59289 0
59259 11
61319 10
62279 2
79239 7
58199 14
57910 7
62299 12
61279 12
61139 10
55719 5
67868 14
57240 5
55690 4
61189 10
64159 8
62909 11
62849 12
59019 2
58969 13
60829 10
71529 12
58109 8
56939 6
65719 9
59499 2
58369 0
62639 12
67659 1
65299 1
63409 9
63529 0
64709 7
64889 2
58819 2
62099 14
74739 4
59329 1
58859 10
61409 4
60179 0
63099 13
60799 0
59629 14
60269 4
58369 15
60039 14
58059 5
69159 6
69879 4
64429 6
65239 8
79779 13
58409 7
63429 4
62179 10
59509 3
64439 1
67049 1
63089 12
66749 11
67099 2
62339 8
60949 15
62709 12
63859 5
64439 1
60329 2
88468 6
53649 14
53350 2
58429 11
55359 10
56599 15
58789 5
64599 15
58649 13
60049 7
60609 2
63679 13
59809 0
61829 13
60959 4
65419 3
72939 14
63779 12
57289 3
65359 10
61989 14
58749 1
54859 0
65449 14
62549 1
56769 12
66188 6
62408 10
54699 7
68110 1
65519 4
72038 5
74699 5
59679 14
56189 11
58059 2
61769 6
63519 15
66129 7
55890 7
56730 8
62750 14
61959 4
64039 1
62070 8
62248 3
67008 5
63399 11
71230 8
66419 9
53089 10
59039 12
63750 5
67910 8
56110 13
58020 6
58849 12
62439 7
54829 9
63329 3
61529 8
65059 8
61639 1
61679 3
71769 11
64349 15
62919 13
63019 5
60069 7
68519 11
60869 14
59389 7
61599 10
64639 5
58949 3
60049 2
53919 14
61089 1
62909 9
60099 14
68709 12
57209 10
53949 3
55240 3
62190 15
54120 1
60949 1
62829 11
59829 14
58949 9
64019 13
63909 6
56829 12
66599 11
67289 5
64889 0
67239 9
74578 5
69478 8
60339 7
60370 9
63519 7
66389 4
60709 2
72689 15
57399 5
57999 8
63369 4
62309 9
60790 3
58490 0
63079 12
78259 3
58929 8
54060 0
62119 0
61219 2
61070 15
63279 1
62848 12
61108 13
66259 12
55779 11
61319 15
59539 9
63609 5
62619 4
68199 0
75558 5
62148 0
57059 12
60209 15
59459 2
61459 1
63049 12
65879 13
65009 4
59509 13
62509 1
62549 6
62769 1
59129 5
64669 9
57689 3
84209 0
58470 15
61090 6
61229 9
63079 15
57989 15
64019 12
63879 5
63349 0
69659 12
53429 1
62109 12
63049 10
66239 14
66769 12
65809 10
121658 7
61989 6
55539 10
61079 1
57459 5
60739 3
55919 9
67479 7
58169 5
61759 13
64309 11
63479 3
61859 9
64939 13
65169 6
74219 15
62399 2
57429 2
56949 5
51259 15
65799 15
55839 14
62208 15
58528 2
60079 2
65459 8
71938 7
55950 0
64739 8
63179 13
66759 3
75389 6
59779 10
61439 5
56910 2
62650 4
60470 0
61039 2
60659 13
62390 4
58639 12
62879 15
62639 3
60568 14
60479 12
59969 1
70889 0
72510 12
60819 9
61339 14
60559 4
59328 3
57529 9
57009 8
59449 10
71339 13
59819 12
57439 3
61249 0
65369 15
60379 9
64539 3
56359 11
60829 9
70109 4
58749 2
58159 9
62409 11
63269 0
61029 12
63869 9
61919 1
62179 1
63689 6
63079 6
57719 13
61269 7
66709 5
63999 6
59149 4
71539 7
61549 15
59059 6
59089 15
60659 6
62189 7
64119 14
55409 9
56230 4
65790 14
62848 5
60928 1
60968 10
62228 1
68659 11
62130 12
74329 14
60529 3
56680 14
60019 15
64248 13
62250 14
65479 10
61388 4
65519 9
60539 10
73068 9
65849 1
74109 6
90619 8
71498 0
83508 10
71529 13
75939 13
73049 3
61719 11
96688 3
88559 4
69969 5
64119 15
69599 15
89319 12
120548 15
85429 14
66979 4
74479 3
72399 6
89199 10
111458 0
63619 1
64559 1
64589 1
68369 12
67479 10
68829 5
61659 4
66579 7
122238 7
81639 14
103888 12
65009 14
114528 9
96699 11
69129 6
55149 14
55319 2
52809 15
66359 0
56079 3
57609 14
75149 11
54219 15
64429 2
95089 8
91328 5
76489 0
132958 2
87948 9
96308 0
86849 0
98898 8
92139 3
74059 15
63139 5
81518 6
81569 15
80629 2
87179 5
66859 14
68149 4
67909 10
58169 9
61319 2
273586 12
64849 2
65029 9
67349 1
70608 14
57728 0
57869 9
67969 8
67519 13
65059 8
62750 5
63019 2
64068 4
58659 0
62309 4
71498 15
68539 14
58639 12
66999 1
62910 3
69598 15
65139 3
59619 7
67689 13
68779 8
64369 6
69079 1
72739 15
67489 14
63429 6
68849 14
50519 11
59729 14
66059 5
60879 11
61389 15
54259 15
53809 11
65469 10
59499 7
62419 1
60619 2
54790 6
67830 5
57810 3
58690 9
69938 4
62428 4
63719 3
65550 13
59679 10
56309 11
61599 15
63119 4
62419 8
54679 13
66079 6
63359 5
61819 2
62159 1
58689 13
60139 14
52279 1
63059 0
59799 9
59129 8
60179 10
61319 9
65989 10
60299 15
84679 3
74039 3
61329 4
76578 15
73089 6
70019 10
73379 12
92689 8
91209 12
65619 1
69489 3
71229 4
57999 11
82919 10
61769 1
62799 10
83358 11
79859 0
68489 2
59209 2
66299 13
79669 4
59539 3
62489 12
68989 9
68679 13
93538 11
74939 14
91558 15
81688 5
99449 6
90168 4
88569 4
175247 14
133928 5
97149 11
69459 11
72759 9
62149 3
59939 8
70279 13
60829 9
77079 7
61619 0
56489 1
59749 3
76369 6
63679 5
59259 0
52449 7
55369 7
50980 2
56270 9
54970 7
58199 4
53369 15
55259 5
55959 7
60379 2
59949 9
56789 12
50540 6
53060 11
73208 0
55639 2
54449 1
50849 0
51179 14
51939 0
49190 9
49550 12
55479 12
