173109 0
101439 0
99419 0
99309 0
101360 0
111160 0
102719 0
141459 0
100569 0
101139 0
101229 0
99110 0
99369 0
100559 0
120809 0
102679 0
99650 0
102399 0
100839 0
99239 0
102899 0
99190 0
102379 0
101659 0
107839 0
102749 0
100140 0
98299 0
102099 0
102359 0
99909 0
99210 0
99659 0
113739 0
101349 0
102759 0
103519 0
102370 0
99400 0
102639 0
100539 0
104709 0
99980 0
129370 0
98330 0
101279 0
100449 0
88200 0
67289 0
68369 0
69470 0
69779 0
66560 0
66629 0
66120 0
68209 0
76600 0
71629 0
68070 0
68889 0
66369 0
68340 0
72369 0
67180 0
68239 0
68500 0
68629 0
68869 0
67750 0
68160 0
72340 0
67770 0
64929 0
68659 0
65330 0
66099 0
64760 0
64749 0
66400 0
63979 0
64790 0
66989 0
67710 0
67509 0
68119 0
72500 0
66550 0
67459 0
67789 0
68090 0
67929 0
68260 0
67769 0
67600 0
69659 0
65110 0
65649 0
67640 0
69480 0
68449 0
74730 0
73479 0
69160 0
66269 0
67650 0
67099 0
71900 0
66409 0
68269 0
69280 0
66039 0
67099 0
66320 0
71879 0
73799 0
67800 0
67099 0
67960 0
68679 0
67479 0
66870 0
66279 0
66579 0
69629 0
67440 0
69710 0
66389 0
67909 0
67980 0
75519 0
69510 0
66849 0
68940 0
66070 0
68440 0
67429 0
67610 0
69429 0
68249 0
66660 0
68659 0
65590 0
68209 0
77489 0
69360 0
71410 0
68769 0
65290 0
66669 0
67799 0
66760 0
65659 0
65490 0
70379 0
66560 0
66069 0
67770 0
69169 0
78780 0
70569 0
68219 0
67900 0
67839 0
67780 0
71199 0
70120 0
64719 0
66719 0
65380 0
67189 0
68680 0
66179 0
69300 0
78079 0
67700 0
64919 0
65910 0
69499 0
69910 0
67499 0
67690 0
66869 0
69759 0
71519 0
70420 0
68359 0
67399 0
102280 0
66699 0
65049 0
68550 0
67329 0
66580 0
70109 0
68570 0
66499 0
67590 0
69039 0
67379 0
66819 0
67910 0
73709 0
70349 0
66960 0
67339 0
71260 0
67759 0
67810 0
66329 0
69570 0
67089 0
68999 0
68030 0
65680 0
68269 0
66470 0
75359 0
69989 0
66720 0
65769 0
65690 0
68389 0
64870 0
65659 0
66470 0
67479 0
66839 0
66479 0
66049 0
66580 0
68070 0
73989 0
69069 0
67050 0
67139 0
67270 0
68099 0
70170 0
67559 0
66709 0
66869 0
66449 0
68130 0
67349 0
68510 0
68549 0
76750 0
68569 0
66400 0
68149 0
67550 0
70679 0
69180 0
66299 0
67700 0
68709 0
68589 0
69550 0
67799 0
67470 0
74609 0
68419 0
66870 0
65409 0
66749 0
68559 0
67780 0
69540 0
67769 0
68269 0
67540 0
67789 0
69270 0
70869 0
69350 0
75949 0
66870 0
68229 0
68250 0
67129 0
67079 0
69580 0
70439 0
67610 0
67709 0
66570 0
67109 0
69779 0
65660 0
77249 0
69000 0
67179 0
65860 0
67069 0
65160 0
65299 0
66640 0
67399 0
68370 0
64229 0
66720 0
68879 0
67360 0
67449 0
72739 0
70580 0
66959 0
67720 0
67209 0
67520 0
66999 0
67160 0
65869 0
68749 0
68140 0
69330 0
68049 0
67260 0
67660 0
76469 0
66660 0
67469 0
68890 0
67399 0
68830 0
67239 0
66219 0
66580 0
67560 0
73529 0
65650 0
68429 0
67089 0
87930 0
67289 0
68750 0
67479 0
67779 0
68829 0
68119 0
67039 0
67409 0
67270 0
67859 0
70650 0
70359 0
66879 0
67080 0
76900 0
71700 0
68779 0
68560 0
68169 0
68080 0
67399 0
66990 0
66219 0
68690 0
66669 0
68559 0
69549 0
71159 0
74730 0
67889 0
68130 0
67439 0
67800 0
65809 0
67070 0
69189 0
66419 0
65949 0
65519 0
68410 0
68980 0
68509 0
67299 0
77020 0
71139 0
67990 0
68779 0
67699 0
68410 0
71529 0
66420 0
72559 0
65680 0
66369 0
67340 0
69279 0
70700 0
76739 0
65930 0
69839 0
66620 0
67610 0
67360 0
67870 0
68080 0
67809 0
69169 0
70010 0
66409 0
66380 0
65449 0
68370 0
75569 0
67570 0
69979 0
67840 0
67469 0
66559 0
67110 0
68679 0
66490 0
70999 0
68030 0
68849 0
67930 0
67639 0
68400 0
80559 0
68919 0
67400 0
68819 0
68730 0
68029 0
68410 0
68379 0
70380 0
67179 0
68800 0
68659 0
67749 0
66500 0
72769 0
69600 0
67999 0
68180 0
66349 0
65830 0
70849 0
67929 0
69130 0
67040 0
69139 0
68709 0
67490 0
66219 0
70030 0
76999 0
67229 0
71010 0
68660 0
69010 0
68109 0
66399 0
68659 0
68260 0
67219 0
68840 0
67229 0
70210 0
97259 0
81449 0
68560 0
66029 0
70900 0
68669 0
69450 0
68499 0
67100 0
70499 0
67519 0
65990 0
67009 0
67880 0
65979 0
89109 0
71680 0
68139 0
66239 0
67719 0
67780 0
68879 0
66610 0
69789 0
68970 0
68029 0
68240 0
69130 0
68580 0
75879 0
67619 0
68020 0
69919 0
68760 0
69909 0
68150 0
67839 0
69100 0
67399 0
68840 0
67889 0
69539 0
68530 0
67519 0
77290 0
68659 0
67230 0
67399 0
66670 0
67610 0
66309 0
66769 0
66730 0
65539 0
67679 0
68650 0
67969 0
67280 0
68279 0
75280 0
70579 0
67089 0
69019 0
67449 0
67849 0
69489 0
65790 0
67699 0
68530 0
66689 0
68330 0
68829 0
67060 0
75089 0
66770 0
66159 0
66860 0
68369 0
68509 0
71220 0
69389 0
71730 0
67449 0
68800 0
69119 0
65620 0
66629 0
65530 0
75729 0
67039 0
67340 0
69669 0
68780 0
68359 0
66260 0
66839 0
69100 0
66169 0
66809 0
66700 0
66850 0
68080 0
75719 0
69140 0
66919 0
68800 0
67229 0
67830 0
68149 0
72750 0
68229 0
70919 0
70940 0
66330 0
67080 0
67669 0
68120 0
75819 0
69110 0
68259 0
67679 0
67200 0
65839 0
67800 0
66490 0
67179 0
67849 0
68270 0
68659 0
67730 0
68199 0
68360 0
77639 0
68650 0
67849 0
70359 0
67580 0
69109 0
67180 0
67789 0
66790 0
66489 0
65860 0
68309 0
70140 0
68439 0
83410 0
70109 0
67759 0
69870 0
66089 0
67960 0
67569 0
69400 0
69259 0
68300 0
70279 0
67759 0
69760 0
65899 0
79940 0
69049 0
67700 0
67909 0
68379 0
68389 0
67889 0
66110 0
68110 0
73190 0
67409 0
66870 0
68679 0
70750 0
68739 0
73850 0
68920 0
70070 0
67939 0
68829 0
68420 0
67329 0
66840 0
67639 0
68390 0
69399 0
70309 0
66990 0
72289 0
76530 0
64949 0
67460 0
66489 0
67950 0
68439 0
68370 0
67149 0
67430 0
67079 0
66929 0
69260 0
68790 0
67070 0
66130 0
77969 0
67639 0
68520 0
66759 0
69410 0
68069 0
68389 0
67030 0
68689 0
67180 0
67059 0
66510 0
67979 0
70470 0
69249 0
77950 0
67199 0
67479 0
67440 0
65890 0
68979 0
68880 0
68009 0
66749 0
68760 0
68139 0
66150 0
65969 0
67760 0
76959 0
66929 0
68920 0
71259 0
66840 0
65110 0
65449 0
69379 0
68820 0
67079 0
66770 0
66649 0
68430 0
65639 0
67490 0
73809 0
69990 0
69579 0
67949 0
67770 0
68499 0
67330 0
65799 0
68350 0
68179 0
67380 0
66279 0
66590 0
67599 0
76409 0
65940 0
67230 0
65119 0
67879 0
64840 0
65519 0
65320 0
67069 0
66090 0
64829 0
67280 0
66969 0
66500 0
66299 0
75659 0
65960 0
65290 0
66579 0
69120 0
66339 0
67419 0
69060 0
67019 0
64960 0
66879 0
65820 0
67809 0
66590 0
69469 0
82860 0
67019 0
66900 0
66599 0
67949 0
67720 0
68789 0
67590 0
68729 0
68650 0
68039 0
66480 0
68109 0
65870 0
65419 0
82680 0
67279 0
65559 0
66060 0
68619 0
67940 0
70019 0
67830 0
70649 0
70560 0
70410 0
69289 0
68160 0
68109 0
78770 0
69089 0
68320 0
69319 0
70339 0
67860 0
66219 0
64960 0
65350 0
63959 0
65450 0
68969 0
66059 0
68320 0
65969 0
76210 0
65749 0
65780 0
65919 0
67740 0
66699 0
65069 0
66170 0
64200 0
66429 0
66199 0
65260 0
66710 0
64879 0
64859 0
71830 0
65939 0
64410 0
64179 0
65510 0
65779 0
66160 0
67409 0
67350 0
64809 0
66160 0
65669 0
64070 0
67569 0
66779 0
73540 0
69390 0
64890 0
70039 0
64610 0
64669 0
64700 0
67619 0
68300 0
65689 0
65910 0
66559 0
65090 0
65399 0
64730 0
77349 0
64269 0
65179 0
67020 0
66979 0
66119 0
64660 0
65699 0
67640 0
63799 0
66280 0
65809 0
66690 0
66339 0
64630 0
73759 0
67850 0
67169 0
66280 0
66709 0
68489 0
65949 0
65210 0
67719 0
67009 0
67090 0
65099 0
67100 0
66029 0
67010 0
73839 0
64420 0
64749 0
65569 0
65210 0
67869 0
69849 0
65610 0
63599 0
68169 0
64930 0
65089 0
64920 0
65979 0
65530 0
72609 0
65940 0
65469 0
65040 0
66359 0
63740 0
68099 0
66020 0
66289 0
67279 0
67780 0
65750 0
65019 0
66569 0
66150 0
88869 0
64530 0
66109 0
69010 0
65639 0
66980 0
65229 0
65950 0
68099 0
66289 0
69390 0
67020 0
66029 0
65519 0
114039 0
65370 0
66229 0
65689 0
65019 0
66240 0
67720 0
66969 0
67709 0
68010 0
66709 0
66640 0
70849 0
65190 0
66929 0
76690 0
70299 0
65449 0
66980 0
65499 0
65260 0
66469 0
65610 0
65189 0
65970 0
65499 0
66310 0
65339 0
66650 0
68319 0
73680 0
66479 0
64060 0
67049 0
67710 0
65769 0
66179 0
63400 0
67620 0
65500 0
66449 0
64870 0
68579 0
63490 0
64239 0
74450 0
65739 0
65970 0
64889 0
64080 0
65559 0
66950 0
64390 0
64960 0
65229 0
67410 0
66059 0
70409 0
67580 0
66539 0
72620 0
65979 0
65300 0
63859 0
64550 0
65829 0
66130 0
65889 0
65780 0
65249 0
64400 0
65339 0
63870 0
67129 0
64469 0
75300 0
68270 0
66679 0
64950 0
66899 0
65549 0
64880 0
