149628 18
224437 15
614160 6
109288 0
136288 22
86539 4
251287 7
115149 10
106508 13
251576 11
34849 16
62759 12
15450 17
177077 0
313755 23
170828 23
149897 2
108208 16
21309 17
151547 13
315765 12
191467 5
386154 0
122998 12
152578 9
161168 20
151208 6
141417 19
114689 8
797618 21
246546 1
195327 20
149288 14
284505 19
14580 17
93478 1
61439 4
106369 5
77779 14
398374 21
173878 13
215957 7
109758 4
94809 14
238376 13
99318 8
442463 21
118179 12
93579 14
88679 5
79389 1
117198 10
171218 8
5315676 11
11660 17
58039 19
79399 20
71779 5
66479 9
101788 16
128967 6
185388 10
133938 3
133818 15
92339 4
161817 5
356795 11
86898 10
66469 6
195647 20
112928 18
163418 19
185517 20
362134 20
285585 6
108418 3
190227 9
111158 11
279136 7
159557 18
74529 18
151938 5
116989 21
157867 2
218827 15
151987 11
86959 9
88029 0
64599 4
123607 19
190628 3
82599 8
62129 6
140758 11
9570 17
214276 10
146458 22
206777 2
77439 14
196937 23
233826 12
52629 16
247216 18
84739 23
191457 22
157337 8
98349 19
103928 1
147288 11
158947 14
127968 1
88049 8
21749 17
72569 1
122958 22
90269 9
297975 23
146858 14
118688 21
180517 15
152818 18
153147 11
153568 19
40909 17
182847 9
78629 0
23840 17
129098 3
113248 19
203737 16
163557 14
96878 3
298705 8
323135 16
118958 19
81729 18
125658 15
79088 14
77519 3
146998 1
128138 5
216736 21
44099 17
236077 1
149517 18
168298 6
97998 5
175658 9
204187 0
208137 11
125738 4
95518 2
100838 18
69239 17
211976 21
226806 11
222176 19
292556 22
156337 21
160138 19
146657 1
45670 16
147957 11
226977 5
165997 11
189457 11
145728 14
263606 21
215096 19
185497 20
137578 13
29000 16
12350 17
289006 4
32779 17
110798 14
10540 17
160717 14
106658 10
134028 19
77919 13
86489 7
214076 22
155828 6
186108 23
454223 20
181698 1
20489 17
168538 19
121328 21
144138 13
222187 6
82869 1
51990 12
165707 19
60939 7
201297 23
93758 4
51190 16
216276 3
292206 6
134898 0
191968 1
79059 15
112079 14
36360 17
120178 8
159047 11
77358 16
78659 12
179727 8
113738 7
98609 9
110708 8
165208 10
124458 5
69948 11
81479 9
113088 16
179487 16
75868 13
163868 2
137317 7
104658 19
53149 4
103858 14
202137 6
26290 16
146497 10
175827 9
300976 20
108938 21
195187 14
204447 4
123358 2
165727 12
172647 3
139617 20
247436 1
125958 8
82279 7
342465 9
292145 22
38419 17
107589 3
91408 23
113178 19
185628 3
187126 20
186377 10
98628 18
80809 7
254106 20
185067 4
222366 22
123908 5
459603 21
122798 18
240406 8
131608 9
166637 7
153847 23
459623 12
240376 21
81549 18
350384 5
165048 2
193546 2
130307 10
121338 6
112129 9
183327 2
162317 18
298205 2
182987 4
101398 2
165087 7
84739 1
78439 1
134118 15
165377 18
387824 10
168647 10
138568 7
135378 4
1259440 16
84509 11
13110 17
172397 8
74369 15
130358 22
197077 2
331484 21
74179 18
140148 9
307145 23
141218 5
210826 22
103219 3
303005 15
86289 0
113509 11
99838 0
77239 10
141968 21
120688 5
102788 19
128028 15
66969 1
200297 23
95078 7
115627 21
10789 17
79858 12
191957 19
63349 6
194357 3
172187 3
103699 1
89158 18
67529 14
126118 23
117878 15
30840 16
117458 0
80569 0
261016 20
111919 4
238236 4
176757 1
180837 21
167938 12
88088 6
76699 3
196647 5
156557 15
104948 7
145318 19
141568 13
193537 1
113468 18
142917 2
326865 20
39070 16
116418 0
214716 23
84699 16
108598 16
262326 22
112848 11
447733 21
287815 8
111938 5
60879 2
98478 11
130868 5
129248 15
244526 10
328405 21
192537 12
213367 12
136017 7
99268 2
229896 12
281796 4
73629 16
78508 6
273095 20
85979 7
180267 11
149657 20
30479 16
48329 16
156538 0
139298 18
430963 4
169657 11
102268 12
302526 16
179647 21
182217 1
136568 22
86578 5
203946 20
16150 17
179277 5
132718 16
196257 8
387884 22
130208 4
214166 6
10890 17
35829 16
103038 13
385544 22
109298 16
38899 16
83069 10
60679 8
141958 0
15200 17
119998 1
45559 16
117588 18
301595 20
72909 9
292606 20
35879 16
195207 12
178477 1
123388 23
161018 2
55119 13
198967 20
105858 7
199537 10
128238 11
163587 5
198647 4
102578 5
114908 2
225106 11
100068 20
175887 0
160847 22
151778 9
196877 22
248966 23
111128 6
101798 6
167398 6
186637 19
84179 16
107199 19
245786 22
78009 9
166977 6
54669 18
72529 14
171847 21
435543 22
145168 10
119158 15
207457 20
92648 4
121758 19
414243 23
190597 18
326175 22
93168 11
75549 11
31070 16
121278 5
101288 23
160808 13
174988 12
168327 9
181017 21
77049 10
199337 20
286195 9
105378 0
102679 21
183317 1
219516 21
95978 1
170988 12
205867 21
27320 17
138177 2
360744 21
253886 20
70339 12
403623 20
346015 15
151527 1
240027 11
143677 20
284546 6
166007 16
163318 22
127507 15
84458 3
84049 6
251026 6
131438 9
223886 16
167288 10
141177 0
143247 14
193657 23
67009 13
97828 15
100838 4
82769 1
163348 19
265616 7
263865 18
61070 14
227256 11
79149 6
115628 19
231966 11
25470 16
80739 10
139468 5
170938 19
99388 9
227786 11
177017 12
280815 21
146068 4
349875 7
111879 5
150667 10
219167 3
96288 9
159338 4
78709 13
146698 5
165378 18
336155 18
115539 9
152008 7
172957 1
158488 4
78208 5
64790 18
294606 20
85718 3
116718 3
71689 4
79069 19
169528 6
105198 2
17000 17
60109 6
61339 15
133757 9
74148 9
104068 10
106468 9
70889 0
142538 10
48859 10
98008 10
78248 2
72249 23
61359 7
57979 7
64899 3
63669 0
45300 5
49010 9
52229 2
76689 20
51759 1
51779 7
1373948 12
66349 5
144558 16
196507 8
77909 1
101489 1
60019 2
66449 12
152197 23
227216 23
142648 19
96488 7
78239 1
67329 3
241916 9
144738 13
321115 13
146917 2
131008 3
201777 0
116928 8
80239 16
115618 13
67699 15
138998 22
108258 15
146538 11
132938 0
94738 23
228477 21
70030 14
154558 5
121398 11
21580 17
331405 2
66110 19
190208 19
129929 1
112738 16
110038 23
153308 11
155408 15
104778 22
78459 10
523732 21
116938 9
28649 16
81078 12
78799 16
188787 20
93768 5
93058 2
93158 16
296746 21
167227 14
79789 0
92409 13
64919 14
135237 1
164348 13
89118 8
252926 8
149448 23
340785 21
73719 5
127428 9
77949 4
84249 10
132488 20
100898 6
119328 6
180667 21
101219 21
101048 8
279396 1
388833 21
9700 17
131388 22
583781 21
86289 10
15890 17
64219 14
67159 18
92618 13
134798 10
117838 23
64149 12
110608 15
64069 9
92759 3
148587 15
221687 3
175957 9
377374 21
69929 1
117458 9
219517 20
91648 12
19370 17
148987 4
146287 19
95189 0
8929 17
101118 13
145468 5
155527 5
24440 17
180917 9
153567 23
115768 11
149627 7
144748 5
196647 22
222536 20
12670 17
224476 10
102368 7
87818 0
178557 0
199927 6
412204 22
122758 9
86909 8
87748 6
268076 19
153138 0
384813 20
593980 20
645540 20
84459 4
33559 16
122878 22
164388 14
71670 16
116349 9
207486 18
233387 6
137368 16
58139 16
224026 6
208197 23
244496 6
427713 6
98488 15
19099 17
179667 22
139318 19
108068 14
71558 4
102629 11
181477 18
113208 9
162027 5
68978 15
82879 2
58409 1
18900 17
179087 12
12350 17
59929 3
103928 0
168488 12
67750 14
76499 13
401724 21
278846 5
173298 6
171167 3
113928 21
81809 0
92249 5
262146 19
130608 8
286186 21
101678 15
171838 20
23900 17
15690 17
126288 2
194117 8
233986 21
179497 9
129878 20
83059 9
120698 19
115948 1
260376 13
122558 6
253866 2
117628 19
169518 13
13609 17
253256 11
9140 17
69949 19
98898 23
114608 22
215717 14
139718 8
155337 20
165167 0
306695 14
101258 21
102928 2
92378 6
99019 10
293675 23
135678 22
17220 17
116048 3
160307 7
141708 23
193357 11
116008 23
297885 22
68139 12
511221 23
157828 21
123308 8
213556 22
127418 19
182388 4
499563 23
140368 11
140168 13
93459 1
78328 6
126378 16
199726 6
184327 23
11369 17
193587 14
65889 13
496462 21
117099 19
124898 4
118778 10
216256 21
80879 13
147687 6
305866 20
118598 16
139878 13
217096 23
126638 0
265326 21
151698 9
184637 4
14709 17
430803 20
85588 10
191207 13
103788 11
82349 14
144228 10
212237 8
62329 1
190467 13
171717 6
242686 9
234226 21
447402 21
61609 15
8910 17
64809 19
114288 4
91589 0
54319 13
96779 2
84899 4
91979 10
93278 19
86629 4
80049 3
74078 10
136837 18
147538 20
10750 17
69469 11
89338 1
222547 23
138417 4
103068 13
87568 6
295845 6
88908 2
122318 14
142547 7
86239 16
227506 22
124548 2
104089 12
125588 21
410573 20
272176 7
239836 4
80209 12
178307 4
163717 0
223376 12
108408 23
141058 13
148288 0
70119 7
236177 21
134887 1
214866 1
98219 10
87258 6
174798 6
98529 18
241436 5
90169 12
158397 23
162738 20
115648 15
167527 18
130898 4
119988 5
121848 13
117708 21
537272 22
75049 14
67768 7
83018 18
126968 15
131718 22
170167 8
84668 4
101339 6
118687 7
344294 13
278156 8
182127 20
356684 21
163138 13
219586 10
107649 12
100948 14
78959 4
142307 10
349955 10
128778 23
159957 0
174967 15
85608 16
154718 8
61529 11
198197 2
88059 13
15780 17
358524 12
96089 7
181107 0
99288 3
113519 1
96569 2
284066 21
75828 18
55560 2
276315 20
211237 14
103248 4
71999 13
88949 0
75139 3
88949 3
86819 6
129989 3
96859 13
113458 8
107838 13
97228 4
260106 4
217096 23
143677 4
107059 20
96969 1
77929 2
180247 22
1739102 20
109839 22
111408 22
88778 4
76619 8
119448 16
121648 3
61629 11
55280 0
87739 14
16470 17
27099 16
105889 2
137717 6
93349 9
75769 2
109998 21
98478 6
47589 6
90488 13
51419 14
110239 18
159147 22
97229 7
60419 18
158797 14
59269 0
109999 21
56439 12
151767 10
58419 2
47420 1
62249 4
53199 8
56059 2
50209 14
150588 22
52159 2
49529 2
152558 12
44149 19
138178 22
49149 10
44330 18
100878 3
75829 15
42339 6
22959 16
85238 22
45570 19
85359 15
9200 17
61529 0
172507 21
56809 19
22050 16
90789 21
90429 20
50219 8
50819 0
49029 9
112668 15
