204249 10
273378 2
128270 14
120516050 11
78030 6
61379 13
68130 12
93359 6
63839 0
13520 5
68220 14
67648014 7
72190 13
72780 0
79479 1
106700 13
113399 14
92570 8
12790 5
119209 10
258328 6
156519 2
89419 10
107549 13
137509 8
147579 0
401647 7
73160 8
9876805 11
34030 4
159649 7
77569 12
84120 0
86850 4
345897 11
157399 4
135699 15
85869 7
93680 0
58520 4
144939 2
391457 2
195468 0
84699 2
270698 4
156158 7
170879 13
12600 5
126159 4
47960 4
267838 0
70809 13
240768 13
95780 9
141378 4
197318 0
130439 10
124799 8
94199 13
88080 8
102479 10
332238 4
130350 9
351248 13
134529 8
87059 6
72529 3
98189 6
77679 9
89359 8
85730 13
160619 4
112159 3
73049 14
163889 13
80169 11
147789 0
204469 7
117179 15
184788 12
171239 7
12870 5
284188 3
77749 0
147479 7
309078 9
113379 14
228958 8
128989 3
113009 7
481167 2
234488 11
146359 3
107129 13
228288 7
165269 0
195378 2
97469 4
69759 15
88079 1
110360 13
84819 13
78659 6
100869 4
70450 13
129553962 11
104719 0
225208 5
166789 11
238918 12
175029 1
231268 10
237569 9
123608 2
74639 4
124209 12
75929 13
80710 6
112519 15
62419 10
154519 2
108569 4
153979 13
127169 15
80090 10
101539 8
141159 2
83789 14
275578 2
140189 10
205508 4
94290 0
76889 7
406197 4
177078 6
84429 12
158569 5
135899 8
183618 10
109939 14
93439 4
309997 1
138208 6
73720 14
98629 11
84560 12
75310 14
279468 7
186048 1
196409 8
111439 0
186109 6
136608 11
544165 2
151959 0
100099 6
163899 12
136939 5
244668 1
46210 4
83059 1
152699 3
355077 12
250459 6
261669 7
64840 4
93339 3
169139 6
93819 10
108229 6
52489 12
92619 9
180089 3
136289 5
54389 6
59109 7
9170170 11
218928 3
136228 3
154238 5
117199 6
114579 12
273938 0
120109 1
202838 6
365287 0
182819 0
249608 1
156939 5
81289 6
177649 6
356377 0
164399 4
99399 2
161659 6
171838 0
462057 6
69689 10
191979 0
64449 12
109169 10
92489 8
192968 14
70200 9
79159 13
188459 12
147969 0
69640 8
137269 10
216258 5
73460 12
92899 6
113319 8
105409 2
37040 4
124229 9
100250 2
145499 11
137569 12
51240 4
115879 15
208328 5
141068 0
175588 9
162679 11
118359 12
381947 0
181509 4
166489 4
70540 13
194918 2
53570 4
123099 12
133609 8
103869 0
170159 5
422877 6
299797 3
153739 12
78770 9
134070 5
69970 14
128529 1
82159 15
239299 0
75200 12
153559 5
8883922 11
98189 10
65300 10
484806 11
139869 9
219068 0
187969 3
116889 13
173969 7
217258 11
119289 14
41990 4
219778 2
79329 9
80739 7
55419 6
119579 0
80539 15
80169 2
127239 12
91690 2
185338 2
171289 5
165639 1
140019 9
122209 7
201538 5
200209 15
205388 0
262728 3
124929 13
163139 10
113489 0
196218 3
121499 12
233469 12
165748 14
122628 13
109209 12
90539 8
147209 10
71499 11
251678 10
218758 13
145509 10
257958 2
170138 11
125049 6
197908 14
85179 7
145309 0
91149 13
318547 0
87499 7
73199 14
108619 13
106929 7
274388 2
162399 5
150299 14
132569 13
138289 5
153089 9
10219802 11
91309 1
81079 8
187789 13
139939 2
322857 12
87860 8
137028 2
106200 0
518016 3
108189 13
84429 4
83370 4
134949 5
74679 3
180879 13
71299 8
133079 3
314828 5
315147 2
144539 1
179419 12
348317 6
253548 12
103510 10
67190 4
192938 10
220078 8
65149 8
282018 4
177059 2
79499 7
121429 1
188909 9
85309 15
285848 1
294548 0
80039 15
167419 5
78079 7
123879 5
65440 9
141189 13
104369 12
100579 8
153199 1
158199 12
118179 13
198449 1
192429 1
138619 14
363697 6
101559 8
238439 6
257718 7
100640 0
128859 0
104879 10
146789 5
599555 2
80060 3
83109 1
329968 0
84080 1
158089 3
34000 4
189689 15
76259 13
80370 2
82179 13
62190 0
58149 7
62990 2
65029 12
53140 2
104969 8
69939 0
57449 12
56640 10
140978 5
69050 10
57200 9
139728 5
46509 12
65370 2
46589 1
8163178 11
96709 1
72330 10
110409 13
185099 5
86139 14
113199 15
151319 6
59399 11
86480 1
152869 5
114929 2
85049 12
172899 15
126309 2
164399 6
142250 0
205528 9
310607 0
143099 2
245229 9
317228 8
272228 3
182089 10
143729 2
204298 8
62699 12
63849 13
99819 10
96409 0
147889 11
328808 4
106859 8
145399 6
68099 10
67549 13
76149 10
176929 7
139789 5
142769 14
108719 10
249188 1
160419 10
192348 9
123230 3
138359 0
90360 8
175638 5
107690 1
135470 14
113040 8
220968 3
103089 7
97289 0
83880 4
96439 13
217869 15
180549 3
679465 3
170468 1
30819 4
97959 0
132319 4
127959 13
64970 2
108689 2
219918 0
101769 9
122979 13
73849 4
99610 1
110289 0
57039 12
118999 5
69950 7
54989 14
44020 2
41680 10
50489 13
150609 5
73830 12
79089 12
51720 12
51689 14
82640 12
52380 15
88070 1
57450 0
57960 2
57689 2
50410 7
49949 2
55109 6
51480 7
62829 15
71750 12
51609 2
29430 4
48810 12
6843297 11
350838 11
90039 9
156859 5
103319 8
76289 11
168668 1
106579 9
189229 2
105269 10
140269 12
85849 14
106920 15
153399 13
96219 15
139339 7
173938 7
228058 3
308997 3
99710 6
113230 10
116789 1
431106 1
80799 9
90429 4
96919 14
73950 7
65439 9
213179 4
270818 2
149890 10
149038 5
174029 9
40960 4
363357 3
257778 7
107259 0
166609 7
72679 10
98260 9
262549 6
174169 2
70390 14
91169 14
191289 15
96040 7
146089 6
82499 4
157529 6
106829 11
268268 0
157599 9
174738 4
193218 0
107859 11
159899 6
80179 1
129139 1
64170 0
71249 0
88580 13
88790 1
11594132 10
447057 11
159959 1
72359 8
108319 13
257658 14
169578 7
95900 11
151070 6
185089 7
74609 10
70059 15
123619 8
120089 14
104769 0
76350 11
165108 10
110339 12
276147 1
110988 4
508187 1
210258 5
203508 1
225818 1
235898 3
138699 12
91539 10
94910 13
164649 4
144629 11
130189 11
176959 13
82389 3
125559 5
198969 10
121389 2
144509 4
244578 3
153909 15
186428 6
77149 12
68029 11
71269 14
148648 3
201439 2
195669 3
61780 3
64080 9
66110 7
241498 0
172149 11
128429 12
341047 7
78780 1
279307 4
330908 4
126149 11
171489 11
165629 0
169668 3
94389 9
66009 4
215418 7
178769 14
150289 5
69339 9
109630 8
70559 9
91109 7
94650 4
158179 5
94919 12
113249 14
67389 1
68080 0
76729 7
77799 0
60600 15
58400 14
65800 8
56739 13
63690 6
65390 10
87400 8
63199 8
59079 2
72290 10
96809 0
26030 4
66720 13
80829 1
85030 2
84999 13
53680 15
24699 4
51149 14
55750 10
183328 5
52670 1
121889 5
106849 12
58510 9
53129 10
63460 2
48829 15
54240 14
127729 5
6903797 11
94759 9
36699 4
252668 1
119800 8
106950 5
157568 14
106060 15
138469 5
128529 8
144888 6
232238 13
71439 12
89520 7
159139 12
222749 11
114159 8
148909 10
127329 0
293007 2
176648 7
63449 8
228848 10
711975 2
180278 7
73099 15
72549 12
183288 6
100309 8
175589 7
148048 5
223088 3
130728 2
190198 14
121819 9
147939 14
172149 1
100269 7
336958 3
63559 14
253088 1
101589 11
102729 2
397886 1
122429 2
122468 11
198269 11
70359 14
80569 2
144769 5
106199 2
33470 4
64739 13
200169 1
95629 11
69999 14
78369 4
108039 10
99289 11
113730 3
152888 7
240129 2
112528 7
10045043 11
67949 0
76410 13
135969 5
138679 3
108599 15
107689 5
122379 0
146699 13
78019 0
95449 13
100259 9
101879 10
282098 5
258068 7
165179 4
126729 15
164128 14
108290 10
161649 3
137299 2
234649 3
134939 3
247549 3
216028 0
151429 6
106899 14
245278 1
70990 11
62119 14
133649 1
120799 12
85389 8
117689 8
149339 12
271638 7
174159 7
287498 0
142909 8
147159 12
159249 6
255818 0
172298 14
85970 12
85409 7
34870 4
66259 12
207349 2
141219 10
118548 4
119270 14
125779 9
87009 2
80509 7
85200 14
114039 9
118289 7
72460 14
77680 15
78239 10
260408 0
81060 12
100889 6
120499 13
147819 1
157279 5
116839 5
111209 12
145229 4
209588 2
122959 0
203659 12
181028 15
115909 2
60170 0
210699 1
204069 5
59860 15
36990 4
148359 2
104459 8
66460 10
41979 4
178769 7
123569 5
96459 12
106319 9
82919 4
52050 13
120390 1
81169 12
64720 8
95030 1
70849 14
94250 10
54709 9
8059088 11
28080 4
1126772 7
43919 4
73260 12
41989 4
141559 3
79070 11
397847 7
193668 9
147909 10
134469 12
171749 5
150999 3
125049 0
216808 7
84220 8
67900 14
86279 12
56240 4
87389 8
143619 8
151789 4
51910 4
74850 9
77949 14
216039 8
76089 13
148189 14
184579 14
152378 5
96929 2
149368 1
147399 4
211589 14
117299 10
115539 15
186368 2
180889 0
114469 14
86860 11
135129 15
319217 1
85319 11
170778 5
131019 11
127799 9
115659 11
186429 2
210558 7
77740 14
63579 12
71590 15
130749 7
109739 6
111989 9
275478 3
281228 3
144229 11
195178 10
166559 5
116949 14
143619 13
123109 0
188649 13
114989 6
181338 15
78710 12
98719 2
59699 14
168848 5
183329 9
91099 0
172969 5
60329 12
69990 0
59119 14
65039 2
69849 2
75890 1
80559 10
72880 0
132549 5
87589 12
68590 2
38017330 11
82319 10
314277 11
124899 2
69390 9
128529 12
100709 3
85869 7
97440 1
126399 1
83999 9
55250 0
104669 3
294218 2
114789 10
120159 15
61260 11
386897 0
108619 6
202728 15
168089 6
75409 1
78090 15
94059 3
91279 0
133419 6
96920 2
174988 5
143319 13
170069 10
152478 7
96589 6
65909 1
109660 0
129930 6
98409 12
218548 7
128959 9
169389 7
205548 6
94399 6
88649 6
107409 14
82909 13
61660 4
95599 1
84930 3
160308 5
51649 15
60700 13
70140 3
84299 1
60310 14
151059 1
67839 11
74510 8
99669 13
69669 3
81750 3
62599 11
80630 8
117459 15
52859 12
50060 3
72509 12
169068 2
69359 1
92449 8
89469 8
82879 1
128179 14
213848 3
121329 0
177229 9
77369 10
119819 6
82480 2
98880 15
76579 1
149899 5
125529 4
131189 15
122429 9
62490 11
103069 14
71399 2
71250 12
140049 14
99259 11
58859 1
56819 8
60420 15
