240458 3
253109 2
133669 0
96639 10
75899 6
29597045 11
102489 10
162519 2
173749 3
148138 5
157428 2
217649 5
293987 7
114159 3
112299 1
146429 0
205169 0
553326 7
226768 1
352737 2
119819 4
229788 6
115989 6
106099 1
92889 7
85700 10
222518 4
104959 2
136079 0
233678 2
303438 1
149039 10
123609 2
115019 6
43020 8
271368 0
107179 7
181139 11
36980 8
137289 0
116829 3
135629 7
111789 0
263127 5
91720 3
103289 9
144509 2
167978 11
105369 7
204158 3
135449 3
35690 8
219788 1
78800 10
296157 2
97599 10
72479 9
68509 11
295957 7
112729 3
151078 2
94339 4
181378 3
89239 9
129408 9
164498 0
85519 10
195738 1
91519 0
62559 8
99659 0
125379 1
97999 2
72939 7
51730 10
43550 10
30730 9
9300539 11
89619 10
172018 10
228668 0
141468 2
281068 3
77040 2
86219 10
40640 9
489316 1
93209 11
150759 11
37700 8
119899 11
178738 1
163108 7
96180 5
134879 2
137619 5
124668 2
107749 6
70489 11
103399 7
105199 7
181848 0
95700 11
96980 3
146559 1
82069 10
41390 8
189518 6
214569 5
120889 5
141489 3
222518 2
222048 1
49650 8
129109 11
220068 4
100450 1
182619 10
210448 0
361378 5
195478 3
113869 11
328848 0
482226 2
55610 8
201828 6
158209 0
202119 10
116310 7
133110 7
223999 0
34189 9
188838 7
144169 0
29940 9
92449 10
220989 7
39340 8
99249 2
435797 5
122509 10
33180 8
69897288 11
176898 1
400797 11
319438 3
318078 2
51920 11
80500 10
697085 3
130759 10
76200 11
28430 9
312188 0
97709 7
665655 1
962663 0
57269 7
76590 10
558106 0
69750 11
34560 8
597025 0
143119 10
278598 4
85579 7
83459 11
312787 3
506545 6
831003 6
278268 3
254138 1
357678 5
270369 3
70430 10
452156 1
477016 3
263468 6
57310 7
226909 4
430136 5
8999781 11
86249 10
209339 2
82790 10
444996 1
92949 7
32960 8
780945 1
357817 4
230308 3
54360 7
73979 10
703625 6
210728 6
266298 2
270028 2
69220 7
823744 0
228629 4
388777 0
331977 6
4393767 11
303698 3
43229 8
123569 10
637885 3
49710 11
25400 9
471286 2
192289 6
27340 9
762325 4
601105 3
303038 6
61489 10
293808 3
253538 3
549606 2
67059 11
579116 2
456017 5
250019 6
223108 1
280368 6
673925 3
66669 10
211188 6
247018 1
29910 8
1323770 3
225309 6
73829 10
431867 1
79899 10
361507 2
9512087 11
27400 8
478886 11
245588 2
362008 4
232578 3
56719 7
551136 2
291378 3
55340 8
408707 4
85160 10
22030 9
207519 2
609205 6
195019 2
248378 0
113349 10
329798 2
317627 5
501046 6
135679 3
118449 11
223618 0
167249 3
65660 9
212408 7
201049 2
113039 10
119499 2
349467 1
161859 0
98250 9
133679 10
108330 11
128339 5
35019 8
343748 3
316917 1
134519 5
269858 5
201199 1
79709 11
75210 11
79170 11
209538 4
32310 9
153029 6
113029 2
95239 10
74900 11
153798 4
126539 3
194859 4
143029 2
66379 7
79909 2
70639 4
69790 6
136939 6
8549125 11
258188 5
124639 2
273228 3
147129 4
112489 10
123919 11
169349 10
315808 3
302498 0
275798 2
287727 1
141288 11
379737 4
110309 7
178528 1
115929 2
38789 8
4210648 6
73180 3
26891 9
274257 6
222449 6
66789 8
82759 0
55589 11
77380 5
29840 8
65970 11
108139 4
89819 6
72380 10
70179 6
72979 1
56129 11
35370 8
86239 4
86010 4
88299 6
79389 6
87590 5
87270 2
79319 1
61520 11
1204741 7
316467 0
109819 6
143399 3
94879 6
90039 0
53890 7
68579 10
29280 7
180648 4
92310 10
24919 9
65749 10
81589 0
30340 8
86049 2
26609 9
79830 4
80869 6
84770 5
65190 5
24350 7
66029 4
67840 5
55179 9
65140 3
78499 3
27830 7
71630 3
61140 4
62689 1
59979 2
81690 2
64330 4
60179 4
74829 10
26250 8
60119 2
23430 7
27540 8
65349 5
62220 5
62300 4
26230 8
6994547 11
207488 0
61370 9
98209 4
78889 3
68600 0
65549 6
63069 2
9196270 7
313028 0
35529 9
29411796 11
187139 0
388107 2
499037 6
28150 8
581506 0
215518 6
193369 5
8027808 7
76179 10
79629 9
168389 7
252478 5
216859 3
63099 10
77119 10
32489 8
188879 1
26440 8
8805293 11
201339 1
464556 6
511916 2
24380 8
487057 0
450607 1
34400 9
184899 6
26719 8
187069 1
164039 3
27394481 7
82570 10
300507 6
372287 3
26310 7
80270 9
274547 3
6804678 11
250898 6
33770 8
212129 2
390447 6
32510 8
82239 11
51200 11
327537 1
374337 5
324658 3
458966 5
285868 3
222279 6
69500 11
34300 7
245708 4
86609 10
349028 4
327688 0
420777 0
42680 9
540436 4
191019 1
58199 7
32860 8
212528 0
297007 0
117800 9
140829 3
444677 3
139969 1
90109 7
249828 2
194389 1
350437 3
286348 2
139709 1
70939 11
62660 7
363127 4
355217 0
361797 5
31470 7
330907 3
133159 1
483816 3
33750 7
29700 7
299127 5
71690 9
153189 3
325777 5
103099 7
37739 8
144699 11
283098 10
120639 6
116219 5
88670 6
92309 6
88629 0
19449622 7
92399 1
138449 4
280868 7
107509 2
25740 9
228148 5
110808 0
76230 10
24900 7
45289 9
83770 2
30619 9
136359 3
9088401 11
193709 5
119619 0
303957 5
95330 11
43290 9
63350 9
137019 10
31670 8
28909 8
126270 6
8577645 7
292678 7
241018 4
272188 5
90079 10
254358 0
104459 4
126909 6
69429 9
365057 2
71009 7
95569 10
111739 1
92580 2
83749 10
36880 9
177558 6
98789 10
99919 0
187958 2
125619 0
135108 2
25299 9
101699 0
37809 8
167129 3
6654459 11
123039 4
129299 4
113100 2
205619 0
39193482 7
190928 0
332928 7
286537 3
169779 2
116949 1
24980 9
63569 7
146079 3
146539 0
85780 5
99049 6
123869 6
31100 8
41039 9
6407881 11
302897 11
360888 6
387548 5
140358 2
497006 6
79259 11
134139 4
116909 3
90540 9
116160 0
9543377 7
322377 7
37969 8
149419 4
170619 3
128359 5
29205978 11
52050 9
422407 11
118569 4
170159 2
39450 9
149458 3
9039412 7
121419 1
133150 6
36320 9
235478 5
137510 4
32020 7
215979 6
29499 9
120559 5
142999 6
82479 10
126019 0
85729 10
124109 1
97310 1
130379 4
30469 7
8299357 11
427157 11
151619 3
95449 4
96519 2
72120 10
75789 10
106489 1
101610 6
51050 11
72980 11
55869 11
90459 2
105129 0
8453726 7
55380 9
9715136 11
88889 5
120559 5
327508 5
148759 6
146428 3
128439 6
44179 9
101210 6
161749 4
129239 3
110159 0
31890 8
85489 5
82170 9
133169 6
88039 0
89420 3
39759 9
101000 4
83980 4
59059 10
58920 10
77099 4
76840 5
80069 3
77649 0
60459 10
76669 6
25790 8
7511433 7
36540 8
116459 7
38570 9
9669166 11
119309 0
141959 6
199718 0
241028 3
139859 1
63059 11
9025581 7
177839 5
50960 8
124429 1
9557387 11
163849 6
371057 11
47360 9
33629 8
49450 9
85899 11
475157 2
323937 5
208489 0
175318 0
107159 0
233279 1
60429 11
206059 2
132129 0
59259 11
72290 11
112369 0
101969 4
28650 8
138419 1
139539 6
6919857 7
290258 7
254098 1
154829 5
314127 2
105020 10
136710 5
213519 1
112829 3
92149 1
74350 7
180508 1
104530 0
150399 0
70960 10
248038 3
60099 10
117439 5
7580392 11
213458 6
132879 11
193399 6
98209 10
136949 5
299838 4
144709 0
112500 1
121639 4
40530 9
200909 1
143179 3
95489 1
7816341 7
9792045 11
89710 10
192879 4
53989 8
149319 6
9481187 7
161419 0
221438 2
29515296 11
47319 9
488837 11
234918 11
145079 3
118249 11
211548 6
8910382 7
392577 7
43120 8
239938 4
8236497 11
206948 1
46049 8
234958 0
109249 9
117389 11
271478 6
289638 2
233978 5
163649 0
304017 0
249728 1
55460 11
97529 2
28100 8
108439 6
100459 5
232828 2
116389 1
55110 11
82590 2
79579 3
83689 10
51369 11
98020 3
7838591 7
184429 2
159039 9
33360 8
27820 7
527776 2
316457 4
38750 8
48150 8
427456 2
143629 5
56340 9
86599 9
132489 5
316508 4
26510 8
53129 9
428867 2
34700 7
345037 4
206079 3
492646 4
191678 9
231238 4
452836 4
148209 0
78819 10
72710 8
139049 1
50359 9
173469 2
47760 7
69899 11
54460 11
85289 10
350107 3
94939 10
38620 8
79460 9
34310 8
211439 3
31350 8
35260 7
890353 4
173918 11
101389 11
153659 10
278518 2
367837 5
560655 0
157789 10
556486 1
32729 8
141479 6
9549288 11
290088 1
352547 2
229218 1
331067 2
254758 6
162618 10
324248 0
257008 0
31170 8
418747 3
267089 3
275068 5
223379 2
131009 10
173108 6
325808 4
279548 3
157118 9
233088 0
201208 9
44840 8
367837 1
34830 8
349347 2
604955 5
191609 1
52850 9
389137 3
222618 4
124479 11
574006 0
66929 7
232679 3
70420 11
124059 6
613765 1
462667 0
188698 1
373498 4
97149 3
173809 1
61990 8
9581187 11
602686 6
228118 0
186708 5
55020 9
149809 4
412377 2
473606 5
233278 6
70720 9
48800 9
190599 1
150529 3
51429 8
485266 4
164878 6
75900 11
77829 11
168089 3
177068 3
176928 5
380057 2
31390 7
256928 2
386137 3
156509 4
269678 4
35730 8
149269 3
425596 2
93209 10
83129 11
47789 8
410888 1
190798 4
100959 11
362677 6
82979 11
76289 11
465057 0
172789 5
52299 7
45000 8
107409 10
246418 6
352757 2
289368 2
171859 6
192408 4
258278 6
62810 9
150649 1
45719 8
31050 8
147769 1
26700 8
81909 5
88869 1
32029 8
114260 6
111690 3
193958 2
366017 2
106670 2
207089 2
8287887 7
40580 8
142559 4
156239 6
106279 6
49430 7
34400 7
59009 9
104739 4
54620 9
149669 1
72739 11
124179 6
32400 7
113109 6
49270 8
166489 5
101729 6
123969 10
37040 7
101929 0
82939 10
227638 9
100370 7
119559 2
173649 1
196059 2
218729 2
114799 4
215849 2
44330 8
33260 7
114889 6
50540 9
27600 7
79169 0
88530 4
299127 1
189089 6
120499 5
109199 5
129839 4
118669 0
37150 8
163899 1
49589 9
96840 9
99490 1
106409 0
31230 7
98029 6
107409 3
87449 5
40000 8
95490 1
110120 7
33249 8
26150 7
63780 11
87849 6
84719 3
69760 10
110409 5
91979 2
102470 10
81570 0
149849 10
112869 0
136569 6
