37983903 1
132006471 3
3440 5
4950 5
9096090 3
4450 3
30887343 0
6820 2
9995131 3
440 7
10009221 4
59982985 0
520 7
320 7
590 7
60006975 0
9994141 4
91998978 1
4330 1
3960 1
16995121 4
1001130 2
80999847 6
18102841 0
20905003 3
270 7
9996131 5
69994636 1
3430 6
3490 2
4650 6
19994382 3
3200 3
19989131 4
40013914 0
271 7
38983053 6
21007711 2
110004559 3
119993500 4
2410 6
4180 2
19992551 1
3549 0
3410 0
2460 6
2380 6
2930 0
3060 0
2830 6
2820 6
2260 6
390 7
59971835 4
260 7
200 7
9440 3
2740 4
3930 3
230 7
2820 4
39985734 2
5000 3
70005266 5
49991445 2
9789 5
8309 4
27968102 3
32016053 2
1399 7
16711 1
19973751 4
6520 4
989190 6
5511 6
5789 6
5250 6
7450 0
18981472 3
5440 5
330 7
10010 5
4040 5
750 7
6030 4
5780 4
800 7
19966652 6
4460 4
7639 1
139991961 0
51985954 6
58006595 0
38998333 1
1006480 6
30002122 4
5160 5
39988054 2
10001860 1
5029 1
4940 2
4811 1
109984759 5
19990171 1
10002720 4
5290 6
5860 0
19994982 2
119998470 4
49996154 4
59001335 2
11007121 5
5950 1
19989862 5
27995782 0
11997761 3
6600 1
4660 3
5910 4
6340 0
18980892 2
30996532 5
460 7
40001014 6
90002287 2
4390 2
79991347 4
280 7
40008263 6
8991311 0
350 7
360 7
12998751 4
6170 6
6998370 0
10096480 4
50896876 2
410 7
9590 0
5070 5
8987811 2
11001031 3
271 7
9000600 6
4010 6
91991528 0
18999112 4
8480 2
19991532 0
5180 6
40002603 4
140036062 3
35259 4
30928704 5
15400 1
9719 5
59968006 3
49004114 0
20001422 6
19995281 4
49995534 2
6900 3
470 7
9040 3
370 7
8710 4
6800 3
8910 4
6050 4
8410 3
7740 1
8942571 2
530 7
6660 5
6170 1
420 7
120981460 6
730 7
40002824 3
20008221 4
989920 6
29006723 4
189991026 5
19999281 2
70014676 2
6530 1
9978711 4
31003153 1
880 7
19005851 2
121994060 6
38000743 1
20010671 6
19984142 3
72000906 4
6690 1
157990993 4
21009022 0
430 7
38997113 4
20008012 5
5300 0
260 7
59999265 4
79980037 4
70003686 4
8620 6
19990142 0
21998612 4
8005351 0
5670 6
6200 5
6691 6
5991 0
5680 1
6459 2
5650 2
4640 5
3590 5
4240 6
390 7
6240 6
4820 5
260 7
7040 3
270 7
6790 2
5280 1
5340 2
4220 5
5340 1
4110 1
3970 6
4850 6
5460 3
5080 4
5569 0
5930 2
8370 6
5830 0
3760 5
5160 3
3310 4
4510 0
4110 0
5730 1
5120 1
5390 2
3630 1
5170 2
3940 0
5070 2
4660 5
5280 0
4900 4
5029 1
5740 1
4649 4
4680 5
3680 0
3430 6
3690 5
320 7
5530 4
3490 6
3320 5
3770 1
3250 4
290 7
6000 0
3840 5
4530 6
260 7
5440 6
4490 5
360 7
4990 2
3050 6
3240 5
4439 6
289 7
5811 0
4240 0
3460 6
3440 6
5400 3
4250 0
3660 5
5300 1
300 7
7370 1
4670 2
7850 1
3310 6
4040 4
4180 4
4490 1
2870 6
270 7
3520 6
3930 2
4800 3
290 7
350 7
250 7
7650 4
5789 1
3911 5
5160 5
5789 3
5180 2
4300 2
3450 3
230 7
6370 2
5340 1
4590 4
4650 4
4790 6
3630 6
4940 5
270 7
4750 0
4450 4
4220 1
3320 3
3640 5
4010 4
4840 2
3080 5
4579 2
4960 2
291 7
9320 0
3240 5
5399 0
3160 4
4940 0
4860 1
8150 0
4360 3
3960 2
4560 5
310 7
6120 3
3420 0
4450 6
3310 4
3490 4
3180 6
240 7
260 7
5270 5
3600 2
4010 6
3669 1
3791 1
3489 4
4020 0
5440 3
331 7
7620 1
3740 6
5740 3
2730 6
300 7
4350 0
290 7
6460 2
4370 6
280 7
5190 4
4310 3
3970 0
3090 4
4980 3
3950 3
4290 5
3580 3
5590 1
5000 1
7870 2
5200 3
4071 1
3749 5
6270 4
270 7
4150 6
3420 5
4160 0
260 7
4330 0
3100 5
240 7
280 7
5990 3
3540 5
4140 6
270 7
4810 1
3830 6
4120 1
4080 2
220 7
7560 2
4230 3
4540 6
3960 2
2690 6
3789 1
4220 6
3769 0
3389 6
3831 4
3709 2
2420 5
4860 1
4760 1
3510 0
5940 3
3310 4
4650 3
3110 6
2880 6
250 7
6880 3
4110 2
5240 3
3990 0
4520 0
3450 3
280 7
3960 3
4880 0
3110 5
3440 4
3740 3
3469 1
291 7
4909 2
3660 0
4889 3
3090 4
4060 3
5380 2
260 7
4640 5
4640 3
3900 6
4940 2
5860 5
9012421 5
411 7
92001877 0
17104811 0
160902904 5
6450 3
9985131 0
31004682 4
17997621 6
4150 3
5550 0
20998582 2
991250 4
4940 2
5030 2
4460 5
500 7
6270 6
18978381 1
21999691 3
280 7
78000347 6
210016057 2
198984166 3
1005850 5
3900 5
4420 5
19981782 6
3380 6
8998221 4
3540 6
91004017 1
40002894 2
4460 1
370 7
87982697 3
4050 1
3530 4
4670 3
5740 1
51993514 6
39988583 2
350 7
28980 3
79974657 1
5060 1
17991821 0
34997613 4
5790 4
4170 4
6993471 6
800 7
20029421 5
21840 6
22940 3
7191 3
1919450 2
6559 3
8150 3
4030 3
6880 6
510 7
17972252 4
7600 4
9390 1
640 7
9590 4
6750 4
7210 4
18970271 5
100985099 4
191003076 0
6060 4
98995229 1
39997194 2
150006612 5
99992039 4
20002201 0
2002350 6
17995131 1
20001272 4
1997630 1
21001032 5
16998481 2
3730 6
19996922 2
330 7
80002796 2
9997321 2
4060 2
29998152 1
21996342 4
38999343 5
4790 4
4540 4
4770 5
5390 6
98992928 3
39986394 2
11620 6
360 7
20005691 2
7981281 5
352006080 1
20002102 0
17994062 5
31999163 3
340 7
20007131 6
109994000 0
9300 2
4651 3
79984927 5
560 7
7749 2
9990761 1
120009700 2
19989422 3
7730 1
3940 1
19990552 5
7998820 3
32011263 1
4710 1
3720 1
19979962 4
280 7
410 7
390 7
7739 2
21991373 1
59999435 3
16102250 0
3980 3
310 7
7220 0
21887733 4
997850 5
5250 6
32998763 0
135994071 3
60001115 2
20006972 2
39992833 1
19001822 6
5820 2
4460 6
40990413 4
79000197 6
380 7
21997742 0
38998233 2
5120 5
4700 5
47991064 6
12998601 2
29009793 5
5069 3
4740 3
6940 2
369 7
7180 2
5819 4
5870 4
5510 4
5070 4
5950 3
5640 3
19935822 1
58997735 5
21010912 3
6300 3
19986832 2
7030 6
320 7
5130 5
19987771 1
320 7
57994684 0
32005063 0
7998391 4
9640 0
4970 3
5031 6
1978371 2
10011291 1
360 7
830 7
6729 1
978070 3
139000232 2
39999224 3
140000722 5
19996921 2
20003021 3
20101901 2
139901962 3
409 7
331 7
69994666 6
29999272 1
4240 5
3840 4
50001624 3
5960 3
19983842 4
20008462 1
3649 3
90001908 1
19985982 2
400 7
60012795 2
99985578 0
5340 6
3340 6
29996502 3
4310 1
3660 0
5150 1
29993223 6
19987832 2
17999582 1
4830 1
4679 1
61993225 6
3630 0
20996202 1
58996835 5
3840 5
3610 5
60009564 4
371 7
39985793 0
60006005 1
3930 2
3300 6
3550 6
3460 2
390 7
5620 2
19076431 0
48896345 5
370 7
12004351 2
4600 0
5140 0
3500 5
19991891 4
369 7
5831 6
19979851 3
5869 4
3610 5
9995711 2
380 7
6270 2
39990664 0
199000366 3
4310 0
1002670 3
5251 3
3160 6
19983582 1
590 7
8003981 4
3600 6
11995731 2
100003278 5
3840 6
99987939 4
60025485 0
17975731 4
12003291 6
19998232 1
160009794 6
551 7
5940 2
39985184 5
350 7
100005299 5
12169 2
1320 7
9982171 6
20000952 5
26510 1
7190 1
39962143 5
29000483 2
640 7
780 7
18996921 1
102004339 2
60004565 2
6820 5
21983582 2
8006291 4
19995931 3
17999332 3
6710 1
7070 6
710 7
6520 5
670 7
670 7
10629 6
6580 3
560 7
9639 3
6450 5
4650 6
71941407 4
1200 7
219999498 1
267994073 1
400 7
7280 1
7420 1
5840 5
5910 5
31969403 3
2007360 1
510 7
7010851 3
6220 3
5511 5
81973147 6
118998980 3
20001581 3
80000616 4
140006072 2
20002232 4
8991281 1
10998960 2
6360 2
669 7
18993152 1
80998307 6
58001005 2
5230 2
2995620 3
50004274 6
7130 2
39005453 4
6380 6
7650 2
968531 5
5930 3
6440 4
8989090 1
29998892 0
38998433 4
709 7
31000222 2
41001573 4
791 7
5520 4
178991286 5
40997013 3
850 7
5130 1
98995779 0
9004101 2
11995721 5
5360 0
5870 0
360 7
4870 6
470 7
58986135 3
500 7
89993738 1
10000881 1
180009475 6
300 7
59999215 2
430 7
9210 0
5330 2
4960 0
59975975 3
4670 1
20992192 0
39995924 0
5240 0
138996592 5
59998965 4
189000926 2
5550 2
996111 1
60002025 0
320 7
6649 1
89994398 4
19997332 3
20005552 5
69988986 6
1001641 6
430 7
520 7
7180 6
4740 3
5029 1
6984451 5
32013813 0
19986502 6
480 7
8001380 2
52000815 3
4180 3
3580 4
4660 1
4510 3
4960 6
329 7
7029 2
19964122 5
20012271 3
3990 2
3200 4
2770 4
3400 6
4390 1
5060 0
5310 3
3350 6
4210 2
530 7
5310 3
420 7
8000 4
3700 3
3829 6
3871 4
4169 1
5200 6
3010 6
3460 6
4150 1
4710 0
4220 0
4590 2
390 7
4350 5
4940 0
4020 2
3340 2
4880 3
3740 4
2960 4
7440 1
3630 1
3490 4
3909 2
260 7
3991 6
3420 6
3180 6
520 7
4231 0
4149 5
4210 1
5380 2
3990 0
3990 1
3120 4
3770 4
3650 2
4060 5
4840 5
320 7
6240 2
490 7
4170 6
3830 3
3430 6
3500 2
310 7
3700 5
4310 3
4990 2
300 7
4270 5
4050 3
3700 2
3480 2
3380 4
4500 2
280 7
5251 3
3469 1
3930 0
3310 5
4520 5
300 7
3790 6
4440 5
3860 3
4270 3
3620 1
280 7
4490 1
4320 2
4130 5
370 7
3150 4
3570 2
4580 1
3760 3
340 7
4320 3
2970 6
2670 4
3750 3
3960 6
3560 5
291 7
4249 2
280 7
4580 1
2640 6
3520 2
3579 1
2960 4
3650 3
2850 4
2810 4
3610 0
3470 2
3330 5
3740 6
2790 5
350 7
4780 2
4020 0
290 7
3490 4
2780 6
4490 3
4220 2
2660 4
300 7
3100 6
4460 2
3840 1
3630 2
4700 1
3300 4
2629 6
142899 0
