93860 3
63229 2
19861412 0
27610 10
51859 6
19900952 11
19880 10
59994602 2
114629 3
19902031 5
20050581 2
19932910 5
100003843 7
20055760 3
19935811 1
65010 0
224437 0
99710275 7
10064910 1
61549 2
19878442 4
39997361 6
19998560 6
67380 1
63139 7
19859522 10
77369 4
59935392 2
59998741 0
20128529 2
109875695 1
19992151 10
20011230 2
100096382 6
29640 8
39864833 0
40251339 7
39736994 11
23969 8
20042871 0
20065269 3
75350 7
79499 0
59731384 5
61040 3
39926122 9
38112700 2
32072280 11
19816903 7
20015550 3
79999982 3
28500 8
103609 1
139845135 10
160010554 2
19989251 10
39999951 9
32460 11
20027000 7
49955882 3
20000950 2
50098761 4
66489 3
29820913 9
95629 9
67339 0
19832812 10
59012452 1
11060950 0
27770 8
63819 0
66430 1
61399 2
60570 7
39070 10
33400 10
39578525 9
19998740 11
20083469 10
36200 10
20124109 0
79760475 2
20005940 3
130003234 2
40419 10
61450 9
9941170 1
99938484 11
79998092 11
28900 8
109970973 11
90015922 1
40120770 7
116729 5
8965700 2
65190 5
61019 2
10715063 6
60151460 11
66250 7
64389 7
65409 0
34550 11
39619375 3
159953645 1
39990651 10
33010 8
40023311 6
68997222 5
251468 5
10708233 3
38995271 2
1052280 1
28289 8
19909021 11
20065089 4
64679 1
39965511 10
59680 0
62089 5
65529 3
8789503 11
67269 0
88709 2
32860 8
64639 6
96289 0
36600 10
110558867 7
17988671 7
90081292 0
39935372 9
11986671 7
19998651 0
57987312 9
162001584 10
68011622 7
31069 8
121970164 2
20004101 5
19985010 10
27170 8
40066771 11
63989 1
37700 11
39806772 3
40004832 2
19991781 11
119994773 10
20067890 3
42800 10
59892883 11
35520 9
59977322 0
65779 7
65259 1
60759 0
60179 7
59734624 10
40173450 0
19824602 11
33440 8
68839 0
19897402 10
40010751 4
70003662 7
8014280 11
61939 3
111921074 6
19998250 6
140118 3
62679 1
19797402 5
62489 3
37270 10
39906172 1
40002261 3
119993733 6
65769 7
40016381 4
39914122 5
139997433 11
69990622 10
62959 2
38430 10
59999 1
39850792 7
34100 8
58909 1
93159 4
69830484 3
59990932 7
59981922 10
40014490 6
67440 6
156568 2
59939 2
9875872 7
61760 0
69771724 4
80200550 0
39817292 6
19979991 11
120004773 3
25630 8
40114740 10
29866602 3
29014951 11
38779 9
10939040 2
20054440 6
89937043 9
40011190 4
69370 3
7965870 6
37240 10
65399 3
67940 3
64469 2
10716503 11
21072550 2
66619 5
129873115 6
19998791 1
135128 6
99874544 3
58977052 10
71203200 6
66809 1
30730 8
79722595 3
39982921 6
20088800 10
77439 1
36080 10
19803322 2
29988891 11
30190 8
7990670 11
67349 2
11980871 4
59639 3
39881393 7
20068289 2
61430 3
25620 8
39899553 4
19930192 10
19996851 9
90014292 2
120000203 6
9043720 2
50952782 0
19996130 10
138899 2
64639 5
19804953 6
77992702 3
11995810 11
20018031 0
39993181 3
35979 9
19965081 7
124339 2
9963811 10
60904523 2
62810 1
61190 0
18866042 9
39004051 10
1137338 11
63309 5
27020 8
119784436 3
82239 1
20492166 5
89422188 5
21137779 1
18852572 11
46110 11
112648 11
87890433 4
11948701 9
1122119 6
18885591 2
19989961 10
40166989 11
19852971 4
19992481 3
89046372 4
50959362 2
79989422 7
20005041 2
190728 4
39807022 6
63770 6
100033732 11
84150 5
78520 2
19746333 3
19992380 4
64190 10
19925231 11
39999281 10
20016171 3
40005741 0
17989611 2
12005030 1
39982961 11
20019630 4
37987851 7
64579 1
21951541 2
29329 8
66340 6
61989 3
59825803 9
69020 6
60779 6
27420 8
19854442 0
8011220 11
101983013 5
28789 8
9105189 11
80871033 4
69299 6
45379 10
68179 6
68290 1
19733233 11
30419 8
19979512 4
39998461 4
20082720 6
59840 6
69863783 5
60005011 2
89988683 1
39988101 11
60012792 7
68389 0
59999 6
57939 3
59899 6
58040 0
7739452 7
39240 10
60660 7
51858533 4
80879 10
59910472 9
37690 10
10009950 0
23950 8
30201599 2
19750653 9
72129 4
149468 6
39789033 5
174929 5
61060 7
59810 4
54999 5
59609805 9
40007811 3
61760 3
64539 7
73969 3
9986591 4
67812434 1
60980 2
59749 2
12011551 4
67960 4
19789813 10
30690 8
39979641 2
60004352 7
28880 8
129968294 5
100154652 5
19915511 4
26990 8
100007933 11
39893953 0
39993351 9
80719 4
60349 3
39865042 0
169992405 6
57189 2
55699 7
19900882 0
60939 9
19922522 11
20007460 0
145239 2
68904003 6
25540 8
10930951 0
20115559 6
49929763 5
19948691 7
141968 10
8174799 9
19724563 7
55040 5
11984401 3
34650 10
34330 10
29589 8
56079 1
25789 8
69732175 11
20107349 1
56840 6
39995371 2
25720 8
79821224 0
19998391 1
20021090 9
108981302 6
25800 8
51152350 1
119818665 3
9041880 7
34960 10
40967091 6
79960863 3
59996781 7
28022811 9
12025570 3
34090 11
57917642 6
26960 8
92016852 2
39956222 6
27950 8
37040 11
35620 11
130348 1
55139 5
19711623 3
100003493 5
19996150 3
40048281 6
3035330 11
17048070 7
56839 4
7860042 10
58739 4
56070 0
53959 0
33280 9
54729 4
51868033 1
79825384 7
28730 8
20017380 0
55310 0
8921811 9
57199 3
57139 3
70986852 1
139878236 7
57996261 2
54750 1
1996620 3
29150609 2
54229 1
330736911 11
40010851 7
70045541 4
39997691 0
119959273 5
39996390 7
80002993 3
9037820 1
10962650 3
18994111 7
57549 7
70951003 5
69984162 9
20012540 3
20003591 5
89994432 7
26780 8
32100 11
19929831 10
120006703 6
100056842 5
19947811 6
49991792 6
80002792 0
29003831 7
58319 1
1033980 4
59900192 7
59960 2
39931462 9
70011592 5
20000151 0
89988393 10
20008270 7
116759 9
19887992 2
189989645 9
20010530 3
72649 11
56889 5
19869552 0
20002740 5
8009660 11
71978762 9
8023160 9
30977111 10
29229 8
24520 8
60995562 6
39961012 7
10045699 7
18950261 4
81003132 5
19986721 10
101006483 0
28002941 4
130026494 6
1000910 9
123979 2
59843583 7
90000152 10
134429 1
61579 2
19797873 10
35139 9
9022459 6
80942103 10
94120 0
19917181 2
68609 0
39930852 2
19997511 9
50004181 0
29110 8
28109439 3
31850572 11
64219 4
59309 4
9949681 2
56610 0
159883985 7
19991741 0
16006600 7
58890 3
55950 2
43878882 1
10088869 9
109889 7
56559 3
55830 0
7929521 5
63119 6
58029 6
29800 8
34410 9
33529 11
32590 11
55950 6
55330 5
51471186 2
61540 6
59856003 11
159529 4
89844015 3
39995541 9
67299 0
39945472 7
18999400 7
27600 8
40974591 4
57370 3
59049 5
19871172 11
19999931 9
32669 11
19981111 4
50040571 2
19947361 9
19999751 3
20014691 7
101919 1
69891403 6
38550 9
101530 5
57360 4
27837172 7
71962813 6
19994250 9
70459 5
19938711 6
39986201 10
104479 0
28920752 10
20027020 1
52479 1
10904781 4
59999351 7
85769 11
34780 11
19880562 3
56909 4
59941552 2
19987950 10
79998932 10
40013471 1
20000121 6
59990711 11
40001532 11
79995282 11
56779 2
19956921 0
20000331 7
37986351 9
20077110 11
89927523 5
2186128 5
56530 5
19762082 6
39998471 3
19998261 6
40082121 9
9967590 6
19954711 4
87993943 3
142006963 0
25859 8
56960 5
39905672 9
99049 6
55199 0
89853204 3
33850 9
19973431 4
19998130 4
27984681 10
2030740 10
54530 4
54829 5
39870072 3
20005341 0
119986733 10
55400 6
23199 8
57099 7
25439 8
52859 7
69789704 9
19994211 11
70067061 0
59945332 6
69040 0
99934144 3
39992511 1
118994183 11
54900 7
50953262 5
27789 8
8041330 1
34140 11
54840 6
33760 11
11802462 9
23429 8
79975012 9
19997491 11
8080450 2
11932691 5
20003740 0
19998301 0
60000691 0
8032509 1
41961462 11
61839 2
19939221 0
80025191 11
288508 11
65930 0
19621344 4
27000 8
19973481 1
92259 6
19903551 7
40001081 7
72410 1
56869 5
54749 2
159810886 10
61899 5
79940633 1
20003710 3
86720 1
62439 7
54779 1
39790613 0
37998421 0
33690 10
41972262 3
78269 10
56059 5
99852014 11
20052960 6
19978800 11
149982705 6
19992031 10
157159 5
79850774 4
60759 0
39933322 1
40001931 4
99994793 9
64829 1
70260 3
62390 1
49871092 7
18175749 11
11748223 10
190017195 4
25520 8
9016310 6
30949102 7
120003114 0
20246208 2
34560 11
38710883 9
1031129 11
32380 11
77609 3
221938 11
9649334 6
107989363 7
2050719 7
25330 8
99926293 4
40228470 11
19772783 1
27950 8
58879 0
32900 9
33440 11
58839593 6
11010680 2
20000451 5
196548 0
55449 0
55350 1
59677756 11
61969 2
26169 8
59917262 6
40001811 5
59390 2
56320 1
19878442 11
79919 2
54829 3
29894581 10
34220 11
19951401 3
201288 7
19790583 2
9016200 9
23889 8
110956534 7
66400 2
39936942 4
27310 8
24190 8
89957672 2
19990551 5
109990383 9
42120 9
199964526 5
20055410 4
28210 8
29910541 9
30009731 2
68719 7
19975011 4
19956161 3
59993652 4
99996313 9
9051990 4
110149 4
62680 0
32380 10
24100 8
10726183 1
39990041 9
55790 2
17952831 7
34119 11
34209 11
39010 10
53669 3
32660 10
23660 8
32649 9
25050 8
54530 3
25860 8
57180 7
54159 4
31850 11
30670 11
32479 10
21440116 2
19997720 5
9038950 0
10952301 10
80010522 1
26029 8
73209 6
31380 11
19869773 1
66330 2
19933881 1
69849 2
56270 6
74079 10
19798963 0
19999331 0
25530 8
69239 3
53789 3
69849364 5
20094670 2
59989472 10
58309 6
79858883 4
156269 3
39832113 9
64219 0
19937191 9
25380 8
79991912 1
23640 8
19968091 2
19107469 5
60449 1
20851622 9
19981921 3
257007 4
32430 11
99803284 0
19910612 7
8029670 3
31580 11
56659 6
31878132 1
70130 0
148928945 1
54350 4
53979 3
53410 1
24560 8
880571 11
53449 6
59878343 0
57270 5
109933113 9
160018635 4
19989701 2
20005521 5
39995031 6
160008 9
32980 9
69949042 1
19866252 3
28270 8
20059100 4
59579 6
69871414 11
186198 11
55909 3
55760 3
53169 5
69745085 2
19878891 7
58749 2
19941821 3
99996003 4
20057160 4
24929 8
38126519 3
1890161 2
39901142 10
247628 11
25270 8
55179 1
59676195 4
99989103 11
80014142 6
9263418 11
31619 11
30712723 0
55660 5
89928353 7
25090 8
20000780 10
55940 6
18925211 2
56589 2
55579 6
926801 4
59956202 6
54869 9
9069420 1
26299 8
22399 8
52790 1
22659 8
30753213 5
109549 1
23820 8
54670 6
19807793 3
220002526 2
145378 2
53950 2
53869 2
55920 7
23389 8
19667404 4
39999241 6
38998422 6
56419 7
53369 7
34090 9
60946722 4
89902704 9
40006631 1
49993061 11
8045990 6
57499 7
56179 6
23960 8
923690 5
63109 6
10833372 10
20049420 7
61229 0
19885152 10
33720 9
40063510 7
53189 2
19894801 1
53670 2
52869 2
56029 4
55699 2
23920 8
69716845 7
119002153 6
1070399 9
55420 7
19873601 0
60000971 4
59997542 1
55229 6
109942244 5
54550 5
54900 4
19893531 0
24149 8
55550 1
34589 9
33190 9
55179 1
19797903 0
27999691 7
2043640 6
53880 3
56459 5
25739 8
39818633 1
54929 7
29199 8
53640 7
59856863 11
56259 6
19951101 3
19988331 10
40007511 5
20003870 2
18988960 10
71077212 0
19924822 10
59049 0
54250 6
