2090 1
10500 5
9740 4
8280 5
12990 4
12770 4
11990 0
12570 7
660 1
9420 5
14540 5
300 1
290 1
190 1
9380 2
6270 3
4112689 6
10640 3
16990 3
15910 0
7170 7
5510 2
9480 5
4180 4
6820 0
4750 4
64099 3
4510 2
3860 5
13480 1
12820 6
14060 7
5210 4
31540 7
260 1
4160 5
9260 6
5691 4
389 1
280 1
5360 2
5069 4
14359 3
9100 2
5120 0
14280 6
8150 0
4170 2
9110 7
5410 2
4660 3
360 1
10830 7
4320 3
6180 3
5269 2
7771 4
11960 7
4500 3
4260 4
3840 4
4960 4
10730 4
10760 4
15760 5
9630 7
3470 4
5910 3
4630 4
340 1
5040 7
4900 3
8160 5
5850 7
4710 2
380 1
2950 0
8900 3
5300 6
4371 3
460 1
4191 4
5379 2
5630 6
3820 4
830 1
6080 6
10090 7
4160 5
6990 5
5960 4
2970 0
5510 2
7240 7
9310 1
440 1
17800 7
15820 2
4389 4
12660 6
4470 3
15220 4
8830 6
3520 6
390 1
7050 3
4360 3
340 1
15350 6
14250 7
10400 4
380 1
280 1
4450 5
4309 2
5491 5
5431 5
7020 3
280 1
5469 6
8570 4
5350 6
17680 7
9430 0
9600 1
21230 7
4280 3
4000 0
3430 6
9310 6
7870 0
420 1
4969 5
5920 7
3831 2
27409 7
4860 6
5530 3
6980 3
380 1
16960 7
4710 3
6650 5
4330 0
5010 3
26330 7
7070 0
7709 4
2849 0
2580 6
3040 7
3991 2
4289 3
4220 3
349 1
4069 2
3520 2
4410 4
5760 2
4070 4
6440 4
9250 0
7800 3
300 1
8020 4
4920 2
3760 3
3150 3
6440 0
29720 7
3849 3
4651 0
3489 3
3369 3
4671 4
4049 4
3300 7
5200 4
5090 2
5100 3
7830 5
8550 5
5130 6
7660 7
5160 6
4230 6
4400 5
4010 0
3750 2
4680 2
9080 3
1020 1
3750 4
8610 6
4490 3
7210 2
5190 4
5790 7
300 1
10740 7
4670 3
4380 2
4240 2
13950 5
4400 3
8370 6
6480 7
6209 7
320 1
3740 3
5049 3
4480 3
3511 0
9239 5
580 1
3600 5
4880 4
12900 7
4490 2
3930 3
3630 5
3700 3
5320 2
3940 0
6680 6
3970 3
5060 3
4850 5
3510 7
4890 7
8090 6
320 1
4320 2
4040 7
6580 0
3109 7
6931 2
6951 3
4880 5
6200 3
3920 7
5800 3
690 1
5310 4
5930 0
6190 4
5500 2
4350 0
6440 2
17820 6
4000 4
3500 2
4190 4
3710 0
10860 6
3550 7
7700 3
6280 6
12360 6
17879 7
5930 0
4820 6
3980 5
300 1
5340 7
280 1
3570 6
510 1
740 1
6980 2
4080 6
8990 4
510 1
240 1
3120 0
3620 3
9230 5
7000 3
3890 6
12700 5
280 1
270 1
6290 2
6980 2
3880 0
9631 7
6051 7
6959 5
950 1
4130 2
6200 6
5430 5
630 1
5230 2
3810 4
360 1
8490 7
8640 7
4100 5
6230 3
4330 0
10240 6
4690 4
530 1
4670 5
5860 6
360 1
6650 2
2990 0
10479 4
5629 7
11769 7
4989 5
10600 5
3960 0
2920 0
3010 1
4130 2
5780 6
9560 6
13560 3
4300 4
3900 7
4270 2
6050 3
4340 5
6500 3
6230 2
4730 5
4729 0
9880 3
5500 6
3300 7
4169 2
15409 6
6370 3
6560 0
3630 4
21410 7
2900 7
5230 6
340 1
520 1
5830 5
3260 5
3310 5
6800 3
7180 6
5900 7
5800 0
4839 3
360 1
8700 7
4929 2
7149 6
7810 3
3760 4
14330 7
6400 4
4800 6
4270 4
12620 7
4030 6
3980 2
370 1
5430 3
9180 4
5790 5
12290 7
5650 2
760 1
3770 1
5379 2
4731 4
260 1
4389 4
3760 2
4491 3
5160 3
4649 0
680 1
9179 4
5940 4
30320 0
340 1
3990 4
3460 0
8960 5
2720 0
3950 6
2510 0
4050 5
3180 0
5380 5
3970 3
60724868 7
3450 7
8670 5
7590 6
7650 3
5060 2
5000 5
3370 5
4420 2
5390 6
7640 3
6091 3
2409 1
10979 2
3900 3
15730 3
4540 7
3020 0
6860 3
5080 7
5560 2
610 1
4960 5
5930 3
4470 4
4520 4
4520 2
6900 2
4600 3
7390 3
5360 3
5569 7
380 1
5351 5
9320 0
5060 3
740 1
4751 6
7489 6
6370 0
9910 2
5850 3
7140 4
4730 5
6780 3
6140 6
4010 3
11280 4
3720 7
6840 6
300 1
5020 4
3480 6
5230 5
5300 0
450 1
3669 2
4171 7
2291 1
589 1
2780 4
451 1
6440 5
4611 7
8509 5
5020 7
3860 7
300 1
4520 5
470 1
5540 3
300 1
6760 0
4120 5
3100 7
550 1
8280 0
3930 7
5310 0
7240 3
6950 0
980 1
5030 3
520 1
8020 6
6290 2
7960 2
2090 1
8360 0
5480 5
7031 0
11291 3
19519 4
4060 2
4550 0
3690 6
360 1
3610 3
4810 5
4580 4
5920 7
3880 4
5000 6
3070 7
3870 2
4780 5
300 1
6950 5
5900 5
950 1
420 1
4800 1
6570 3
270 1
6840 6
3840 3
3029 7
3869 0
2960 7
4709 0
4640 6
4400 6
4660 0
4670 2
2990 7
2780 0
9760 6
2830 7
5390 6
8300 0
3730 7
7360 4
8460 0
3680 7
3020 4
4510 0
6060 5
3670 5
28039 4
4240 0
4700 0
3220 4
4651 7
4029 3
6640 5
33140 4
350 1
19790 5
4080 4
4530 6
3190 5
3450 5
6550 0
2840 7
4410 6
5440 3
6520 2
2850 0
4251 0
4380 3
4560 2
420 1
4520 6
5371 7
5929 1
3540 4
5300 6
4670 0
5340 0
4070 2
4330 7
4590 0
4670 3
8360 6
650 1
760 1
320 1
5810 2
5510 6
5680 6
5780 3
5010 3
4720 4
4970 0
6490 3
16449 2
6251 5
5429 7
320 1
3771 0
4129 4
6489 6
5420 4
5340 2
3770 4
3690 2
390 1
6990 6
4530 7
4870 2
4670 0
4100 4
3880 7
4410 6
4240 2
4500 6
4010 5
23590 3
3860 7
5930 6
3489 4
6631 2
3200 2
4180 3
3700 2
3300 7
4100 7
5530 2
3920 6
3080 0
3850 6
6660 5
4140 0
4120 0
270 1
260 1
4790 0
3680 2
7410 7
5230 3
3380 5
3200 0
4200 3
400 1
6040 5
4060 2
4720 6
6580 3
4570 3
4700 3
4760 2
4660 3
45849 2
3630 3
3780 7
3360 1
5680 6
3110 5
3190 5
4280 7
3390 2
10000 4
330 1
4620 3
6520 3
5750 6
4920 4
7160 3
9890 7
7210 6
7911 7
5249 6
8120 4
4631 7
280 1
6019 4
4240 6
500 1
3670 5
310 1
6560 0
4580 7
10090 3
6830 6
3310 1
9040 6
11600 4
25889 2
6131 4
4569 3
4889 5
7720 3
380 1
309 1
3210 0
280 1
3520 4
3790 3
690 1
5140 2
4010 4
6680 2
5230 7
3190 0
3210 5
10340 0
3760 0
5680 5
25400 2
4240 3
7890 3
5690 0
6859 2
4480 4
300 1
14920 3
6899 0
5010 7
3590 5
310 1
13740 3
510 1
3340 5
15380 4
36890 2
3700 6
300 1
7160 6
5010 7
320 1
7830 5
10369 4
11169 2
5840 3
310 1
3230 0
3770 7
3800 4
9130 4
5530 0
4420 6
6410 6
4300 6
3290 7
6650 3
530 1
8410 3
3740 3
360 1
3700 6
9740 3
9160 6
5240 3
2100 1
3040 0
6300 5
4109 5
9640 6
3529 0
3209 0
7580 2
7710 5
3660 2
7020 2
4130 3
4880 4
6140 0
2730 7
5760 2
3940 5
6600 4
2950 0
5190 4
4610 2
25510 3
6480 3
4580 6
20739 5
5449 5
4900 6
7700 7
4929 0
7499 4
4400 7
3970 5
4450 6
4160 2
2900 1
3180 7
4400 4
13400 6
4200 5
3360 2
540 1
8330 3
340 1
4340 4
6070 6
340 1
5090 2
3880 3
2930 7
6780 3
5270 3
4200 7
3551 4
4740 4
3960 4
4980 3
9569 2
4830 5
7430 5
310 1
380 1
6650 3
10500 3
4530 0
5100 0
8150 4
10320 0
13370 2
6010 5
4900 2
4530 6
4270 0
12160 2
4189 3
2360 1
7420 0
3580 0
3031 4
7150 4
290 1
3840 5
5340 4
3890 3
9030 7
3130 4
9570 5
6960 3
3580 0
4590 0
4750 0
8390 2
4590 7
3800 5
4020 5
330 1
3710 4
4220 0
3280 7
510 1
5320 5
3430 5
7070 4
3900 6
3440 4
6671 0
3469 2
4400 4
15989 2
6300 4
4670 0
5020 5
5450 6
450 1
4270 6
5580 6
4480 5
5300 2
4780 4
4230 6
3280 6
730 1
3850 4
5710 6
4120 6
6690 2
4580 0
4090 6
350 1
4800 4
4100 4
6170 2
5740 0
5460 6
5909 2
3800 5
2871 0
6600 6
4779 3
8230 6
5990 6
760 1
4430 4
8390 5
5120 4
3320 3
4090 0
4060 3
10340 5
4920 4
320 1
4760 3
290 1
3790 6
3690 7
3010 7
4200 3
390 1
5100 5
3910 6
4090 4
3460 0
370 1
5189 4
3911 3
6489 7
3591 0
3949 3
3220 7
3720 5
3430 6
4540 2
3680 5
3460 5
4330 5
3810 2
5280 6
3510 7
7540 3
10420 6
3600 0
6090 3
360 1
5990 5
4600 3
4760 2
3320 0
5340 6
3590 7
5020 2
2290 0
4000 7
3240 7
480 1
4479 0
300 1
3460 6
4509 3
4920 3
300 1
3800 4
3480 5
4140 3
3730 4
3340 0
4960 4
4550 0
4370 4
4390 3
4790 3
310 1
3660 5
3770 6
