133449 0
73410 8
64080 5
64250 3
67579 10
64480 9
65799 2
65110 8
67049 6
64460 5
71789 10
65839 0
71869 8
83820 10
66230 3
59379 7
63349 13
50980 5
54000 1
46270 8
49670 6
50250 12
59270 7
53540 6
54890 9
50799 3
49150 8
49719 2
61840 2
50850 9
51539 10
67620 13
51189 2
46730 15
47030 3
47389 3
54540 13
47970 0
48350 9
49570 8
50510 8
50750 9
54400 12
54599 4
61520 3
52709 3
53540 10
48770 5
52920 12
57090 15
63699 9
51170 7
54319 9
50289 15
58119 4
51930 2
54560 15
52539 5
48680 4
52270 15
54500 12
51270 2
47490 15
46370 9
56530 4
56009 7
52530 15
55899 4
50660 13
66080 6
49840 1
57750 13
51039 4
56270 9
50649 2
49350 14
47810 1
48029 14
50140 10
47480 10
56160 2
52790 3
53869 3
50580 2
53730 15
56490 13
61780 9
49999 2
62010 6
50840 6
49460 10
50590 9
63079 5
54230 9
54919 13
54050 10
50950 7
48049 5
45290 3
47449 14
46899 7
52630 2
50989 5
53320 9
54870 3
54350 6
55380 1
64859 4
56410 10
58109 12
50280 2
52240 13
58660 8
53120 7
54699 14
50120 8
54610 3
50029 15
50700 2
46689 13
50250 2
54529 1
55540 4
54580 15
53129 4
62450 5
53429 11
55470 7
65320 10
58090 4
52500 0
54079 2
50310 12
52319 9
55659 15
53020 15
55739 12
52320 8
51530 10
49020 11
48230 12
54229 15
52530 2
56330 5
60519 1
54290 5
49710 3
54180 15
62639 2
60240 13
54489 15
53280 9
52650 2
51369 1
54720 14
59659 9
56780 5
59569 8
49910 14
49410 9
49529 15
52490 5
62769 13
50840 12
56009 6
58139 10
50950 13
50719 12
57760 15
58060 6
60630 7
54970 1
53130 11
51880 6
49299 10
51859 5
62010 8
55540 2
52160 4
50929 5
130959 14
53840 1
54989 9
60199 11
58340 13
52940 3
57270 2
50989 4
58890 0
52269 7
61739 6
61049 2
52060 8
53370 6
55099 2
60370 6
78119 14
62660 10
50419 9
57410 6
57749 14
57999 4
53470 9
52099 14
63170 2
52600 7
52930 13
54019 0
54720 15
54280 9
58609 10
68110 10
56559 3
54640 14
69089 7
64929 0
62709 14
54409 3
54839 3
51740 6
57130 13
53309 15
55080 11
56210 13
59900 15
53749 11
55789 3
59660 10
62289 8
52800 4
57269 13
88110 0
56989 10
54650 11
55939 7
64959 11
61999 15
58169 12
49260 9
57889 3
52810 0
49779 2
50109 8
58450 7
51309 12
53260 2
53810 10
56990 6
68449 13
51249 10
52360 9
62129 10
69400 13
53139 12
55480 3
64679 11
64340 0
55219 15
52480 5
55150 12
53050 4
58780 8
55859 6
59580 8
52790 3
59739 9
67879 14
64599 6
56899 8
58039 4
51690 2
62139 11
68920 1
57899 8
52860 3
70689 8
61640 1
55130 13
51790 8
56519 5
56099 1
62650 11
71669 14
59750 12
55359 15
55690 2
68969 12
53110 3
55189 8
51539 1
57120 14
69219 10
69519 7
55709 5
56700 8
68049 7
58760 1
50629 0
51350 11
67389 2
54739 15
53019 14
57649 15
59200 2
53279 2
60940 12
55970 2
57280 2
53009 7
56639 12
53940 3
58819 5
70960 14
58689 2
56240 4
72899 3
71130 10
53230 5
56339 13
52439 3
59209 12
57660 2
57229 6
55750 11
62969 10
57230 0
53020 12
51769 10
52230 8
54539 7
59720 0
58559 4
74750 11
69049 9
57870 7
64089 8
56090 14
53839 9
57070 7
50730 11
51839 0
62650 14
53519 1
55350 13
55020 6
62220 13
53470 5
56229 4
55790 10
56739 4
57190 5
10108773 1
70139 13
72640 13
73649 11
73929 8
74319 0
71630 13
72800 13
84809 1
94820 3
73030 5
80589 1
90980 12
88939 3
80069 10
70740 2
75199 14
82320 5
246569 13
69419 2
80879 15
78869 13
71280 2
103310 8
89820 2
95729 13
75540 14
75889 7
92789 8
77810 3
83639 6
72029 3
73699 12
72539 10
85340 9
89239 0
68070 14
74779 7
77220 0
90320 2
71649 5
75960 3
77849 14
73100 12
73330 0
79779 15
71590 12
76659 4
91219 9
77470 15
80179 4
77700 13
83369 15
79839 3
87409 2
96399 0
97809 10
98020 4
101409 10
101789 13
78919 11
73439 2
87289 3
87059 4
221538 12
85529 9
104859 8
105779 15
112480 12
107899 12
103359 0
112849 10
95090 10
124530 11
94540 4
109439 7
95309 4
90070 11
105600 14
80789 13
77120 5
100250 9
114299 2
91079 15
90350 7
86310 8
104319 1
102939 13
89970 3
121239 9
112449 5
90919 11
89340 14
98630 14
104029 1
100009 4
105789 8
101700 1
99210 9
133069 7
91099 4
109839 7
105380 11
93470 12
90799 13
81140 14
94850 13
89399 0
93899 5
10133403 2
88629 5
87909 12
106270 14
93289 9
106819 3
110709 12
106279 15
105889 9
134019 3
136789 8
98189 0
103759 13
83989 7
103840 0
81499 6
84389 4
96479 5
97169 15
112669 4
95809 1
89660 11
100739 0
96599 4
94179 12
84390 8
102999 11
94399 6
90820 8
108719 8
101049 3
96299 1
98399 5
94789 6
101969 14
103709 12
101299 7
102779 1
97279 1
84979 4
99629 13
80279 10
97259 11
88749 15
106449 8
100699 8
111069 9
114209 13
117459 2
130429 14
99549 8
91030 15
84119 5
89529 5
91879 1
101389 13
110269 3
105219 3
112139 1
108839 13
97769 8
113459 11
101439 4
106749 2
99849 6
97079 8
93089 14
94270 5
116759 0
119839 10
91249 0
92109 0
91600 13
85809 1
98409 3
126349 5
106099 1
97489 7
101619 8
114789 3
104679 2
95110 7
103420 12
99069 6
96229 6
89489 3
102599 15
93989 8
115059 12
134929 1
85220 14
104930 8
98919 9
90149 0
97709 12
106809 7
106299 8
104639 12
10149353 1
84249 0
62820 11
65360 14
72640 2
83950 14
74339 10
73420 10
69549 13
72399 13
78649 2
74169 5
66119 10
92649 12
76170 7
96459 15
72579 12
67770 13
74839 13
68040 1
81469 11
85150 2
84809 3
70149 2
77690 9
74519 5
79330 12
60109 15
68440 1
77419 2
82779 15
80880 10
73429 4
67340 3
63709 2
68440 7
81749 7
94289 13
80010 14
80009 5
86619 0
78520 1
75419 10
92409 12
80239 3
83199 0
76100 7
76339 8
74119 0
73979 15
73390 4
80489 13
94669 11
77749 10
69629 4
74279 8
72440 2
69489 6
78540 6
77739 5
68249 15
75050 9
71119 5
64089 9
68709 10
67349 13
65269 13
69630 14
71249 5
81300 11
72159 13
69240 2
68819 11
82050 11
72210 6
63669 8
57429 2
60570 3
71630 7
65590 6
70770 11
63779 13
54070 7
68960 10
65420 4
53050 9
50709 12
63470 5
74039 4
51560 4
51569 8
52310 7
49249 9
54400 11
51830 13
49739 10
51190 7
67700 9
59410 5
53860 14
49629 6
46460 13
44989 6
44659 5
46730 4
48579 14
44759 0
45500 4
51380 2
61190 12
51039 10
47709 0
48620 6
49320 7
53400 10
46110 15
44109 9
56010 3
52989 3
58159 1
49150 5
47699 3
49590 4
47480 12
51490 8
56730 7
43739 9
42099 1
46350 0
44069 3
51060 11
53320 4
56940 4
46670 15
49359 12
51749 1
50320 4
58309 4
43680 3
47440 2
54260 9
55400 0
48829 4
52190 13
47350 1
48559 5
44850 10
55090 14
44340 10
47550 1
48389 13
50350 15
52320 5
62979 1
55060 1
46929 12
51430 8
20070657 6
54429 3
55200 14
51580 1
55040 12
52730 11
56039 10
64210 9
48179 12
45919 0
43910 15
43999 6
45810 1
42680 12
40239 8
43440 10
41760 14
50719 10
51580 3
43839 9
50249 6
44580 6
40619 5
38039 9
38670 1
38250 9
39969 1
41240 7
41320 12
38560 6
41330 3
42370 10
41939 13
36889 0
39820 10
37900 2
40139 4
40330 15
44340 0
43589 3
39180 4
41040 8
43359 4
49189 0
54070 7
41879 2
45400 5
43620 3
39349 11
40340 7
38250 8
39759 5
39909 3
40840 15
42060 10
40790 2
40210 13
41499 4
40629 4
38840 6
39069 5
39650 10
39870 7
41400 3
41209 6
39540 0
39750 9
36770 2
48669 4
49290 3
46259 7
41140 7
42910 15
44049 3
39840 11
43420 12
39139 9
39189 5
42990 10
40029 10
39629 12
39860 14
43409 15
40310 3
39970 14
39600 10
37920 8
38939 14
41280 10
41920 8
40069 9
38250 13
49329 14
38169 12
41200 12
45079 3
52509 1
47490 14
44059 7
43340 3
43070 13
43459 14
42179 7
41920 5
40669 2
39039 9
41240 5
44609 13
39009 1
39280 9
39290 8
39070 9
39640 6
44930 3
38139 12
40380 11
46210 5
39869 14
37790 13
42690 8
41479 5
43720 4
52460 3
43239 5
41519 3
41810 7
43940 13
44880 10
44430 5
39460 0
40350 10
38470 1
43380 15
39519 8
41000 7
38430 3
39529 5
39030 5
42680 5
40079 6
48269 3
41870 4
40589 5
40489 1
42670 11
40319 6
38990 0
39260 5
50360 10
47619 1
39060 14
42980 4
41740 11
47710 14
41279 7
39869 0
38730 1
43100 14
41980 9
39030 7
39659 15
39039 15
40320 15
49020 13
41300 13
38520 12
40660 0
39379 4
40960 8
37510 7
43419 7
38549 0
40090 6
39089 0
48729 14
49040 3
44399 10
42809 13
43940 3
46019 15
39889 3
41130 14
38660 6
43740 2
37770 5
39320 6
41489 2
47520 9
37680 13
43059 12
38260 14
41420 2
43210 8
40400 3
39970 1
41940 2
40450 0
39500 8
41620 1
45640 11
48550 13
44639 4
40340 1
43090 11
44580 11
40060 0
40300 14
37730 8
43910 9
42200 3
40710 12
57610 6
38410 3
39840 0
44009 1
42050 1
38529 0
41709 8
38330 10
39690 2
44109 5
38350 9
39420 15
42110 13
43280 14
38660 5
50190 12
42550 3
41160 8
48009 13
43679 2
39210 15
38370 1
42090 7
41500 9
82799 7
44260 6
47320 6
49100 9
45950 6
56000 9
58810 4
55190 11
59149 14
60020 4
52940 8
59110 15
47919 0
61030 6
52010 8
51450 13
47660 15
47519 7
66570 4
48330 4
46790 12
44790 9
45979 0
43789 0
49230 8
48959 4
54040 9
55200 4
50529 7
54940 11
46379 14
45180 15
41870 15
54879 0
51680 13
53210 9
73359 6
97109 15
54510 12
49110 3
59650 7
54600 3
53919 1
51420 11
49830 5
46660 13
47130 9
48609 1
48410 0
42430 11
