231448 18
16620 9
15280 13
14890 9
12700 10
13050 1
12650 16
13750 17
15760 4
28909 18
19570 6
15250 2
19330 15
19740 5
14080 12
14740 18
33190 19
4070 6
13700 22
12330 14
13640 7
12910 2
11750 9
11690 23
15740 16
12980 7
35739 19
5370 5
40310 7
26570 2
35940 19
5889 0
22680 14
27430 19
5360 20
24400 11
40199 19
4111 20
38679 5
14160 18
12250 20
25610 13
42359 19
4129 13
16699 20
15930 8
16680 10
25450 21
16980 1
12730 6
10570 13
10750 21
10440 18
11190 7
11080 17
11900 5
12890 18
11930 0
11120 10
11820 1
12509 12
24759 19
4380 21
11610 7
11640 14
11680 18
11700 14
10760 17
11390 10
10760 1
11630 2
11620 15
11720 12
12780 6
12559 9
11730 3
12770 6
11220 11
12560 4
12500 17
12230 5
13530 5
14090 8
11660 10
12040 14
11990 14
12910 11
12650 23
11820 18
12070 11
10820 21
11310 0
12560 13
11350 21
12150 13
11300 15
10569 17
10909 2
11850 1
12040 15
13179 23
11611 3
14080 17
24769 7
17040 15
16430 17
14610 0
11930 8
13080 11
16569 4
25100 1
17270 1
14910 9
19470 13
17640 6
17160 3
14380 3
13110 8
13060 1
18289 13
18140 8
11390 9
10970 17
11170 10
11540 20
12930 1
13890 22
12850 22
12279 12
11989 8
11600 17
12200 8
11410 5
12940 4
14010 9
12980 21
14890 18
14560 11
11820 9
15629 14
18999 4
29480 19
4510 18
12760 8
15420 22
25790 23
11970 4
11589 6
11360 3
11240 18
33109 10
28260 11
26770 2
29190 9
27630 0
25829 13
25929 17
27039 7
25830 9
27150 0
25230 23
25070 5
26429 2
27470 12
26080 3
51620 19
4411 8
25470 15
25240 23
26150 13
24720 15
24319 14
26129 18
25879 7
25340 1
28550 17
26380 18
26560 5
24600 8
25790 17
26870 0
26410 7
34120 2
26480 15
51020 19
5270 17
26860 7
26409 4
25029 5
26180 23
26570 13
25660 12
25650 2
55859 19
5540 10
26210 0
25800 21
25999 18
25419 11
25190 2
33140 11
26769 5
30769 11
30330 5
28840 23
27860 3
28830 18
30760 22
29530 9
37480 15
33480 18
31450 21
30860 23
31870 9
29920 12
36689 0
47239 2
32360 0
38549 21
33599 12
30770 21
31480 18
27810 9
31519 1
34839 20
27340 15
37220 15
29229 23
29649 0
36530 12
27900 3
28040 1
28989 5
31129 13
26410 17
28380 2
37889 14
28439 13
41550 15
30090 12
30540 17
30011 9
31590 16
30240 8
34960 22
29669 21
30050 15
35110 20
33450 4
35759 1
29610 3
26489 15
27290 17
26760 11
26030 12
28699 16
31699 11
27400 20
27400 21
26340 20
26409 22
27759 18
29460 6
26650 5
29320 0
33509 0
26660 22
29490 23
28810 8
28940 3
30050 21
28670 7
27640 0
30320 3
30310 22
26110 21
30339 5
30520 1
28220 15
29079 14
36970 9
29290 11
27080 21
26520 12
26860 11
30809 22
30100 11
27270 5
28670 18
26289 13
26139 4
26460 20
27170 13
26060 2
26429 16
28139 15
25860 5
27670 21
28460 15
25969 20
28019 10
25600 13
25760 4
48930 19
4311 18
27710 20
26370 14
25600 18
25950 4
26240 11
25899 9
25260 7
25890 16
28240 21
26049 14
26109 8
25990 15
27220 3
26360 14
26150 16
37409 20
27270 8
25840 20
26420 15
25770 8
26070 6
25309 17
26160 11
25740 15
50009 19
5029 11
26049 13
25610 15
26270 15
25590 18
26020 7
26040 10
24720 3
25790 22
26960 17
25710 21
26179 6
25850 0
25850 1
27030 3
27100 0
26680 11
26440 2
26470 4
25850 15
28320 21
26039 7
26600 1
28140 7
37789 7
41090 0
28970 5
30790 6
34250 15
27689 21
29639 17
26980 3
27290 23
26890 3
27770 21
30610 5
34750 21
37760 15
35229 16
40189 13
27230 21
30390 21
33529 23
27539 18
26360 13
28180 16
27180 7
26520 7
28230 3
26690 22
26330 0
53129 3
35909 7
35740 1
34250 9
32450 20
27639 21
32230 21
36590 12
28340 1
50659 10
34060 12
27900 6
28520 5
34040 4
27250 18
26120 16
28700 16
27750 10
28219 20
30760 8
29270 20
27600 14
26659 1
25279 5
24950 21
25740 10
59900 19
4371 23
26000 4
26000 7
25290 13
25210 22
25480 12
25510 23
28600 3
27240 2
26900 8
26229 16
26679 20
26560 16
26700 6
26070 22
26760 8
25700 13
25629 2
29330 23
30310 9
33040 21
31859 14
33660 11
39800 16
36570 9
31049 4
27540 22
25830 4
32810 1
25880 7
25989 1
26460 0
26370 17
61519 19
4711 15
26260 12
53890 19
4420 3
26470 23
26350 15
26400 14
25200 23
26970 15
25280 20
26720 7
25500 16
25630 0
24709 16
25510 10
26280 8
28020 13
27940 9
26439 11
27009 0
26380 20
26150 13
26950 5
26830 5
27170 15
26560 18
25980 13
25840 8
25810 14
26351 14
25689 20
26080 14
26620 8
53590 19
4591 13
27310 20
26490 0
26150 16
26140 0
25510 14
26280 11
26460 4
25590 11
27160 15
34869 14
26269 20
25820 8
26360 20
26790 18
27169 18
27179 15
26670 5
27330 22
27430 4
26359 14
27160 18
27060 4
27260 4
