34520 13
10329 12
11780 13
10719 14
7810 6
7170 5
7290 12
6910 12
6230 4
14600 5
6280 11
6551 15
7871 10
7490 0
6610 6
6110 11
7390 14
11850 6
6260 15
6930 6
8249 6
6920 11
8089 0
8130 9
7760 8
13550 0
6370 1
6940 9
8910 15
6660 8
7189 10
7220 3
9699 11
7180 4
7070 13
5970 6
8100 5
9140 12
6660 7
6740 6
9229 12
8400 8
7509 6
7050 6
7070 12
7320 11
7520 1
7320 3
11130 0
7210 13
7229 9
8291 0
7350 12
7520 5
7340 10
7440 4
9300 10
7400 3
7210 4
6550 2
7949 6
7191 5
8000 10
10660 1
7510 9
8090 13
6300 8
7000 8
7750 11
7540 10
7050 13
10451 10
7299 11
9100 14
6630 12
7720 14
6400 1
7900 12
6200 12
10590 13
5709 12
8140 5
8351 12
6690 15
5990 9
7030 15
10000 8
6470 11
6560 5
8370 8
6850 4
5740 3
7540 8
6920 13
11520 4
8150 7
6690 3
5970 8
6220 5
7500 8
6270 3
9550 13
7811 0
19810 1
7160 7
6960 4
7470 15
6200 12
6820 14
11240 5
8110 3
6629 0
7140 6
7160 2
7480 15
6350 0
7250 4
10430 5
7500 12
7110 12
8960 5
6720 3
6111 15
8690 8
9840 14
6280 3
7910 2
6960 13
7280 11
6820 12
7930 11
6880 2
10840 14
6650 2
10400 7
6830 9
8660 11
7090 1
7850 12
8840 3
6450 15
8139 2
8140 0
8000 13
7040 11
6370 10
5960 14
15060 4
7400 7
6850 15
7580 5
7951 7
7129 15
6070 6
7570 7
10620 14
7130 14
7320 2
8530 5
8060 13
6730 6
7430 7
9880 7
7659 4
6510 6
6910 6
8520 15
6840 6
7620 11
6170 1
8910 4
6319 2
7651 6
6709 14
7250 4
9590 9
7470 1
6430 4
9490 12
7320 13
7830 4
6310 3
7289 1
7549 11
6709 4
10810 10
6470 13
7570 13
6360 15
7010 0
5470 2
9660 7
6810 2
9269 14
7529 7
6030 10
7910 15
6390 0
6640 12
9540 13
9620 0
6930 3
6020 7
7340 13
6929 5
6600 5
6750 12
7240 12
9970 11
8430 0
7560 14
6480 10
6450 0
7579 15
16289 0
7100 13
11050 10
6970 11
7060 2
5770 4
8150 4
5940 0
7429 1
11151 12
6189 10
6670 11
6530 0
8060 11
6700 5
6320 12
7770 9
9940 10
6190 14
6579 11
8720 2
6769 13
6450 3
7640 1
10280 8
7190 6
8450 13
6940 12
6240 15
6259 11
7729 9
6800 0
10030 15
7350 12
7030 1
7200 3
7530 0
8650 11
7090 0
7579 9
13049 0
6640 2
8160 3
6770 2
7650 5
6980 4
6640 12
11630 0
6990 1
6169 11
8089 1
6709 15
7330 15
6100 10
8660 12
10960 13
6170 10
7480 12
7520 7
6750 3
6180 13
7691 13
11070 8
7380 14
8010 9
6750 0
8890 4
7560 10
6850 7
7059 2
9829 4
7750 14
5630 0
6280 6
9210 6
7300 8
5730 2
6150 9
10840 0
7289 10
7431 4
6560 2
7729 1
6390 8
5790 4
10190 13
7930 9
6170 6
7510 4
6330 6
7779 1
6409 9
7680 4
10110 8
8340 15
7080 3
5980 5
7070 2
8170 13
6810 13
9040 4
5900 15
7380 5
7349 14
6030 5
7070 11
6840 12
8550 8
9310 11
7560 6
7260 11
24729 10
7970 6
6390 10
6700 13
7520 8
10340 15
6370 1
6650 8
7830 10
6509 7
6040 3
6749 4
12490 12
6070 9
6040 15
7480 12
6670 12
6290 2
7140 4
6430 4
11429 2
6450 6
6990 5
6350 6
6290 6
8210 8
7450 1
9460 15
7410 15
7250 7
7560 3
6520 0
6400 14
5870 9
6900 15
10630 12
8160 7
6460 15
7020 15
7380 4
7880 1
6380 11
7220 14
10860 3
7000 15
6740 2
7900 1
6830 1
6630 10
7830 9
10590 2
6751 5
7120 3
7830 7
8820 4
6140 15
7470 6
6510 13
12340 12
5810 15
7150 3
7691 7
7269 7
8379 5
7010 12
6840 10
11410 14
6890 14
6630 9
8360 1
8170 14
6409 1
7300 15
13329 6
6840 1
6390 12
6400 4
7900 1
7180 12
6390 9
7720 8
11449 1
6120 14
8040 0
7930 12
7970 7
6320 1
8290 6
10650 10
7020 8
6190 0
7480 8
6780 0
7659 15
7410 15
6260 0
8980 3
9250 14
6990 5
6220 1
6450 10
9580 4
6460 10
7129 7
9280 12
6310 7
6550 3
7050 3
6960 14
8240 6
6810 9
13510 12
15700 14
7299 6
6550 0
8030 15
7000 7
8540 4
7740 0
9920 15
6160 14
6259 2
8180 9
6150 3
6230 6
9340 5
10370 4
7060 6
6810 13
7040 2
6620 13
7829 11
7820 14
7551 4
9980 2
7280 5
6800 8
6700 14
6180 9
6760 10
8530 0
7970 14
16519 6
6820 0
6420 14
6380 5
7320 7
7200 10
7400 5
11130 3
8060 14
7929 15
6171 13
7091 11
7880 9
7080 6
7520 13
8590 10
7330 8
7300 15
6290 11
6790 5
6750 14
7760 1
6820 7
9630 7
8770 10
6290 15
7260 9
5970 5
8090 15
6930 13
10999 3
7571 8
7950 9
6880 15
6170 10
6770 2
7690 6
6650 2
13850 5
6490 12
8430 2
7020 14
6431 6
6220 14
6700 4
12590 7
7340 7
6430 15
8240 15
6430 14
7180 11
6169 9
8851 1
10989 15
7110 15
8280 5
8050 14
7470 15
7410 15
6310 7
11830 7
8240 9
8459 0
6180 15
6380 5
7710 8
7100 5
8030 8
11100 15
8480 10
6599 3
7880 4
6991 2
8130 5
6530 5
7360 2
11340 2
7330 8
6830 15
7080 0
15339 11
8771 10
6440 10
13010 15
6020 13
6740 10
7530 10
6210 6
6040 9
9020 15
7089 7
9869 1
7149 7
7230 8
7660 7
7270 7
7120 13
8880 9
8970 11
7040 3
7520 5
7220 10
6389 12
7680 15
6040 5
8830 13
9050 14
7720 2
6750 0
7580 14
8539 8
8900 13
7280 10
9320 7
11170 6
7200 6
7390 3
7700 5
6240 8
7920 15
8131 11
10360 9
6540 8
6560 4
7390 1
7010 1
6890 2
8560 0
6230 14
15230 12
6820 7
7570 10
6450 5
6510 8
7820 1
6770 7
6590 6
10170 11
8250 1
6240 0
8740 15
7929 13
6220 13
5990 14
10630 3
7470 10
7510 2
6860 5
8110 13
7160 1
6419 11
7069 1
9469 3
6450 4
9720 9
9130 9
7390 7
8100 8
8460 14
9300 11
7540 10
6440 15
8340 1
9050 13
6990 12
6760 5
7150 14
10720 4
8320 14
7159 1
7649 0
7579 1
7290 3
6860 8
6440 4
10220 8
6840 9
6460 2
8060 14
7310 9
6829 7
6380 0
11560 5
7660 12
7280 11
6870 5
7940 10
6170 0
6420 14
7930 7
18689 2
7549 1
6540 9
8410 7
7300 9
6490 9
6920 12
9760 14
7110 1
7069 0
6800 2
6531 6
7330 15
7410 4
6210 0
11110 12
7210 11
6350 1
7550 7
6670 0
7369 12
9920 10
7299 6
9700 3
6060 10
7120 10
7140 5
7180 4
6940 10
7250 6
10300 15
6400 7
8030 6
6270 5
7660 1
7660 3
7080 4
8380 6
10040 15
7110 9
7099 15
7689 14
5989 7
6299 15
7120 4
8400 3
9640 13
7730 7
6700 13
7630 9
7080 8
7519 9
6849 5
11589 3
7570 1
6870 5
7560 8
7650 0
7700 14
7050 14
8000 1
11559 6
6989 11
6829 12
8050 15
7740 3
6480 0
7000 10
10080 8
8000 0
7080 8
8859 7
6189 8
7419 5
6660 4
8260 13
9360 7
7730 10
8090 9
6880 15
7340 9
7649 11
6831 3
6309 12
13740 8
9810 2
7280 14
6630 2
6530 14
7170 3
7780 9
10309 4
7929 5
7939 10
6360 8
7340 12
6610 14
7450 8
6230 4
11660 12
7610 5
6739 4
8500 1
5820 4
7390 11
7470 7
10490 11
7590 10
7380 5
7390 2
8280 0
16799 7
7070 5
7020 12
9940 10
7920 13
7860 5
6260 8
8000 3
5980 5
7449 7
7500 2
12029 7
8650 6
7360 1
6600 4
8480 7
6660 5
6330 11
12040 5
8120 9
7300 11
7500 12
7660 3
7850 1
7370 0
6920 14
10250 10
7970 0
8340 7
9069 9
7169 2
9370 7
7340 14
11820 15
7450 10
7810 5
7260 0
7570 9
8009 9
7940 9
6870 1
10720 12
7140 15
7500 2
6620 10
6430 14
8240 2
7730 10
6450 6
9769 14
8039 0
6740 8
8150 8
9140 6
6230 8
6890 13
11280 1
6960 3
7640 9
6631 4
8320 7
6860 15
6720 1
7830 8
10140 7
7050 0
8550 15
7610 8
7380 10
8200 2
7319 7
10170 11
7820 10
6000 12
7840 2
6930 8
7610 4
7150 14
7449 3
12040 7
7829 12
8420 0
8560 9
7020 11
7110 2
6880 2
6330 4
11520 8
7811 5
7300 10
8199 15
7860 5
7530 13
6010 13
11410 1
6990 14
7920 7
7220 8
9991 1
7451 1
7600 15
9460 9
10930 3
7010 1
7590 10
7650 0
7030 0
16750 8
7810 13
10130 8
6900 14
8300 8
8060 3
6650 3
7080 10
6960 3
6410 7
9640 0
7051 5
7730 0
7250 5
6810 0
8370 8
7310 10
6330 4
11490 9
6589 2
6620 14
8131 13
8619 12
5970 3
7140 14
10120 2
6420 2
6330 10
7090 9
7130 8
8470 13
7409 4
7949 10
10270 5
7300 10
7860 3
7540 8
6690 6
8220 7
7360 11
7959 7
10920 2
6560 11
6510 15
5940 9
7550 11
8490 3
7520 5
9410 7
7060 8
7720 14
7040 6
6449 1
7119 9
9130 6
6370 2
10260 2
7240 12
6350 15
9630 12
5780 7
6160 3
8229 0
10489 3
6650 11
6310 3
6870 5
7940 4
7240 4
5810 15
10080 3
9279 6
7289 6
8690 12
5940 10
6190 9
6810 8
9380 1
7830 3
10190 11
7850 14
7210 10
7340 0
7690 0
7400 6
7020 0
10850 0
7750 11
6410 7
8120 9
9260 15
6699 15
6220 15
7340 11
13220 13
6320 14
6540 9
7180 7
6850 12
6660 2
7710 13
8160 11
13549 11
6650 11
7120 9
6610 14
8130 10
6340 2
6260 13
10910 15
6780 7
10980 14
6220 6
7230 11
6520 11
7420 11
6970 6
11380 2
6900 11
7930 2
7120 8
8131 14
6079 0
5990 2
10380 7
8470 5
6590 10
7780 3
6930 15
6930 12
7129 3
6180 15
13289 15
5610 8
6150 15
9240 7
6500 1
6520 14
6910 6
6760 1
11910 2
7151 14
7289 7
8550 10
7210 10
7140 8
7160 14
10570 0
7480 9
7350 11
5910 10
8419 11
7971 8
6239 6
6460 5
8300 9
8470 8
6420 10
6940 1
8610 7
6320 1
6180 15
10449 8
6869 13
7790 12
7340 8
7650 9
8320 3
6170 14
7690 12
8640 5
6640 1
7440 4
7811 8
6369 2
6920 3
7060 8
10790 12
5990 2
7070 3
6840 4
6630 15
6819 8
7669 1
7460 15
11420 2
6840 5
8030 2
6570 12
6240 2
8950 14
6120 6
7640 6
12660 15
7290 14
7930 0
6370 4
8670 0
6070 9
7510 15
10930 14
8100 11
6039 11
6460 4
7031 7
6900 4
6700 4
7360 1
10940 1
7190 15
6210 12
7230 15
6530 8
7509 12
6809 6
10739 13
7860 1
6590 14
7350 10
6760 15
7390 10
7140 6
10019520 4
15110 10
11380 4
8399 14
7350 14
7700 8
7280 3
6020 8
8480 11
11450 1
8030 12
7430 1
7680 5
8189 4
6200 14
7450 7
11290 6
7090 1
7890 1
6770 7
8710 15
7509 11
7491 11
8810 6
10050 0
7020 2
8030 9
8530 1
8720 10
7460 8
8739 12
7391 14
9640 10
9050 9
7420 3
8790 0
9390 4
7380 14
6680 14
11210 8
8380 6
7200 5
6819 7
8090 5
7750 5
7330 4
6820 15
13920 12
7060 5
9059 15
10500 7
9759 3
8560 14
7180 10
12620 1
8380 14
7320 0
7630 0
7400 5
9489 14
7079 4
7660 0
10210 5
9110 2
7770 3
7940 14
6470 1
9250 0
7771 13
7260 10
10579 12
8910 1
6630 5
7200 1
6690 10
10490 8
7050 4
12739 8
8889 4
8119 2
7120 2
8190 8
6490 10
9100 1
6720 2
11960 11
6729 0
8051 2
6900 5
7460 9
8980 15
9050 14
8920 15
11490 12
7230 12
9579 2
7280 10
7809 14
7269 4
11140 4
9930 2
6840 7
22590 11
8239 8
6971 11
6691 0
10759 4
10050 14
13490 10
7530 3
7280 4
8170 14
7770 9
6251 10
6860 1
12149 4
11620 5
6640 1
6910 1
7310 15
7010 14
9370 9
8159 14
12189 13
9220 11
7090 0
8350 13
6610 13
6580 12
6630 7
8630 2
10040 15
7970 2
8851 5
6489 14
8580 1
8400 1
6640 1
12260 10
7130 3
8550 0
7800 3
7131 6
9000 3
7400 8
6680 11
11590 10
8380 7
9280 5
7460 9
9520 7
8310 7
7880 6
10440 6
8720 6
7320 10
8130 2
7630 10
8200 9
6610 1
7660 7
11170 11
8349 2
7980 12
9890 4
8270 12
7200 8
11490 10
9000 2
12770 15
9529 1
9069 3
9410 13
7330 4
10210 7
7540 15
11050 1
7830 11
8539 8
7289 6
7930 3
9120 13
6340 5
7070 12
11910 0
10930 0
7870 4
7639 10
7640 8
9449 10
6140 0
6760 6
10780 8
9870 3
7820 14
7840 10
8360 14
8509 13
8649 12
12090 8
8360 1
7670 11
16750 8
9180 8
7430 3
9219 10
7591 6
14590 2
6600 11
7090 0
6910 6
6620 3
10290 4
7040 6
9439 8
6949 13
8571 8
7399 10
6390 2
8630 6
7790 2
10220 4
11580 12
8250 4
7739 0
8560 2
7269 8
7180 15
6870 14
12830 14
7700 12
6830 9
7760 12
8450 6
8860 14
8279 7
7020 9
10780 5
7190 13
8890 7
7330 6
6490 10
6940 2
7699 0
6820 12
11830 2
6930 2
8130 11
7260 2
9330 13
8070 12
6820 11
10670 12
9919 8
7329 11
8519 10
8170 4
9310 10
7340 8
8740 11
11710 6
8280 15
7600 1
6689 14
8830 2
7590 14
8350 12
11370 9
6420 11
6350 5
8990 13
6420 13
7440 11
8351 3
9839 1
10130 15
7000 13
7440 1
9070 14
7200 3
8000 4
8160 3
7751 2
12459 6
7660 3
8020 15
9210 0
7150 4
11730 3
7050 4
12230 10
8780 6
9490 4
8270 8
10400 1
7630 13
7050 5
6770 1
16959 11
7760 1
6369 10
9180 14
8050 7
7730 8
7550 6
19460 14
16090 1
7491 1
7800 10
7250 4
8650 6
7360 13
10690 11
10600 3
6810 2
7740 15
8360 3
6871 15
9589 14
8510 12
6410 3
13560 11
9350 11
7080 0
6590 4
10000 5
7960 7
6940 15
15670 12
9270 13
7260 7
8120 2
8040 9
7940 14
7660 6
11651 7
14380 9
8200 3
8440 1
9290 0
6590 8
7460 12
7270 14
7789 9
12729 2
6600 5
9110 10
8000 13
7070 11
9980 5
8070 0
13100 10
8480 4
8691 0
7189 1
6820 3
8650 6
6920 7
7250 9
11850 10
9710 10
7659 2
7369 7
9829 1
6590 13
8450 0
11450 15
9430 15
6770 13
7800 8
7550 13
9159 1
6789 8
6380 7
13090 8
9930 12
7070 6
9140 1
7160 6
6020 3
8969 11
7349 11
12930 2
9360 10
9430 5
6790 0
7670 6
9280 14
7690 11
13290 5
9140 0
9489 0
10460 1
8430 13
9110 3
8120 12
6710 0
11560 0
8489 12
10191 12
7419 12
9250 8
8240 13
19310 11
8220 0
12780 4
8320 7
9000 9
7790 12
7210 1
8430 6
9270 12
9990 0
8350 7
7140 11
8630 5
7280 10
6730 7
8030 4
6640 2
12590 4
8150 14
9270 6
6900 0
7970 4
8040 1
8111 0
14769 12
7830 14
9250 1
7020 14
6340 6
10140 13
7790 15
8199 13
12000 15
8180 9
8390 14
5880 7
8200 2
7790 6
8310 13
8520 15
13379 9
8160 5
8720 3
8280 4
6510 9
7960 8
10970 11
12040 14
8090 6
9639 6
9031 10
7169 3
6880 11
8220 11
7490 4
10370 5
10420 14
7090 14
8299 1
8931 4
10359 15
8600 14
11000 6
7710 3
7840 14
8570 1
8110 9
7300 11
7960 10
8939 10
15410 2
7750 5
8260 8
9280 6
8290 3
9260 13
8160 6
15380 0
7170 12
6850 13
9410 2
7840 9
7490 0
8170 15
9200 10
10950 12
8760 9
9329 13
9440 2
6970 13
8300 12
7820 1
7800 8
9930 5
8080 11
7369 3
8979 0
9000 7
10070 0
17670 7
11780 15
8700 11
10000 2
6409 9
9639 13
7000 4
7500 2
8420 12
11640 4
7110 6
9370 0
9290 15
7180 12
9279 9
8090 5
8480 6
10700 15
7540 6
9610 11
7060 8
8480 2
6460 7
9251 7
11320 4
7690 14
7300 13
8240 9
7790 7
8700 12
8440 1
7619 13
10920 0
8240 5
7590 5
8390 12
7800 7
7220 7
6810 13
11400 0
9190 7
7589 9
6160 13
9630 14
7750 15
9660 12
8160 11
11260 14
7090 11
7300 8
9380 2
8771 5
7820 8
7020 13
8320 12
12170 1
7910 13
8900 1
8830 12
7940 7
10909 1
8510 14
12280 7
6620 4
8810 12
7490 13
9090 4
8600 5
9831 2
8700 14
11060 15
7740 14
8080 13
7610 0
9910 10
8200 6
8799 15
10929 11
9900 10
6880 14
6910 10
7370 2
7540 8
7350 15
8280 1
10800 1
8360 14
7380 14
8470 7
8120 8
8590 11
8280 2
8480 4
12990 15
9150 7
8589 14
7749 5
7399 9
8880 10
6320 11
26610 8
7510 1
8440 14
8419 12
9400 12
8070 14
6840 6
8970 7
15570 1
12040 9
7770 8
6710 10
8620 12
6789 5
8850 5
8550 11
11400 7
8400 10
8670 14
7990 11
7960 1
7291 14
7720 13
14000 12
7890 6
8250 9
8760 13
6840 13
7640 13
9440 10
10189 6
13999 11
7540 3
9090 11
7840 5
8670 12
9230 14
8130 15
11619 12
8091 3
7369 13
8200 0
6540 12
9050 10
10380 1
8340 6
12060 3
7640 15
8589 15
8631 5
10710 13
7560 0
7820 15
7790 13
16830 7
9690 12
7490 12
11820 12
8600 1
7670 10
8980 10
11830 14
6880 11
7560 10
8510 8
10350 0
7369 6
10829 2
8050 5
10910 9
7080 14
9340 15
6480 12
8850 12
9979 2
8469 12
14289 9
8590 4
9070 6
6810 10
8650 5
9300 10
7490 7
8780 5
13370 13
7840 15
8470 10
9570 0
9120 6
10780 0
8250 15
9250 11
10940 6
7960 3
8010 0
9200 10
18860 4
8600 4
9120 8
11139 11
6849 11
7080 4
8080 5
8510 1
6970 7
11020 11
6470 11
10010 1
8570 14
8429 12
8800 6
6480 0
7910 13
8160 4
13880 6
7070 14
6910 1
10340 12
7800 4
6811 12
6740 7
6470 11
11230 8
6770 12
7720 13
9120 9
8080 7
8400 7
8691 0
8169 0
11960 1
9400 9
6960 6
7100 0
8240 15
10050 13
9170 5
12120 0
8239 10
8140 11
6380 8
9410 3
8180 1
7680 6
7440 13
10760 5
9020 1
7709 4
7500 11
9710 4
6600 9
6350 9
12150 14
8710 15
8250 14
6999 15
8260 1
9049 0
7260 2
8430 12
11880 13
8080 8
8590 11
7620 12
8590 7
8080 12
8200 14
9190 2
14130 2
6440 13
9320 0
8430 14
9680 8
8289 9
9211 9
11440 5
8410 8
8870 9
9730 14
8050 8
7280 13
9380 13
6539 8
9509 5
8259 12
7620 11
9010 15
14210 2
8960 10
6970 6
13209 9
7220 3
7420 6
6660 4
10210 5
7610 3
18820 0
7510 3
13839 0
7629 3
8620 14
7670 9
8560 7
9070 8
9130 4
7280 12
11410 14
6670 2
7819 3
7489 5
7430 4
9010 11
7020 9
13120 14
6880 5
8420 3
8560 5
8159 15
10189 15
8909 4
6650 13
11830 14
10740 11
8810 10
6730 11
8210 4
7819 9
11309 6
7389 8
14090 0
7430 2
7680 8
8510 0
8430 6
6910 12
9389 10
12240 8
7489 5
7490 2
9540 0
8540 11
6920 10
8500 10
10210 12
12419 9
9429 7
7709 6
7300 15
7770 2
8690 15
6820 6
14090 6
7060 5
10350 10
8409 14
8019 5
9020 13
7690 12
7500 13
20960 4
8750 11
10869 8
8220 4
8749 13
7090 14
7460 7
11280 8
12070 0
8210 8
7070 7
7490 5
6951 0
8511 8
9940 0
11750 14
7880 10
9780 2
7630 6
6760 9
7600 4
9259 7
11040 6
9680 2
7230 14
10670 15
8000 1
7360 14
11640 8
6860 6
13840 11
11549 2
7500 5
27510 15
9480 9
7390 3
6570 5
6940 3
13309 3
7400 12
8470 3
8390 0
8340 7
8090 13
7230 15
8320 1
10269 9
7260 13
6850 8
9730 9
6820 5
8680 11
8690 2
10980 12
7880 11
9259 10
10249 14
8630 1
7250 3
7700 3
7020 14
10130 8
8710 0
7290 1
8230 8
10259 13
9100 2
7860 11
9560 0
13970 11
7260 1
10920 2
9290 0
10329 3
6720 13
6289 9
12890 15
9410 14
9160 14
10360 2
10240 5
7140 2
9899 9
8511 13
11580 9
8220 14
9500 14
7530 4
7730 1
6400 12
8410 1
14940 12
7160 1
9030 2
9640 15
9770 5
6820 15
10550 3
9110 15
10829 11
8189 13
8170 15
8540 3
9080 2
8560 1
7060 5
11190 13
8960 6
7370 1
7400 3
11970 8
7110 0
7030 2
7250 10
12810 2
8940 1
7630 3
10470 6
8289 14
8940 6
8260 4
9570 4
12740 15
7280 9
9080 1
8280 1
6680 15
6899 10
12380 9
11110 3
10033240 0
13770 3
14200 4
16169 12
16919 2
15060 8
12880 12
17250 10
12430 2
11470 13
10860 10
12689 1
11910 12
10360 5
13330 5
10810 12
13120 3
9920 5
9030 5
12670 13
11640 8
11780 0
13040 0
9270 6
10151 7
10230 10
10270 6
10310 8
12650 8
10130 9
14220 14
7980 9
11680 13
9540 12
11310 0
17270 0
7510 15
12010 8
13959 11
11920 12
12230 11
14960 13
9480 11
10120 14
13330 4
15069 15
13709 15
9920 2
11800 12
13370 7
12690 5
9779 10
7731 15
20560 3
11960 2
10520 8
12410 11
10920 13
13839 8
15820 1
11290 3
9470 9
12360 10
11320 5
11770 1
10051 10
12510 10
12430 4
14040 9
11840 5
14020 10
11990 11
11880 15
28799 11
12100 7
16560 15
10100 2
10940 3
10459 13
8740 8
10240 8
7480 1
8700 9
12550 9
11510 5
9880 11
9060 5
15310 4
9790 10
10780 3
9070 6
10060 6
8230 4
11070 10
14399 5
6640 5
10440 7
8720 7
15350 7
12580 1
7409 11
10740 9
10149 8
8550 7
12340 11
11800 6
14120 5
9450 15
11439 1
8751 11
7800 2
9730 1
9510 2
11310 6
10150 1
9740 15
10990 2
9740 5
8939 11
10290 7
7690 9
14910 0
10030 13
10800 7
11099 2
10471 12
8880 7
9520 5
10070 2
11980 10
8840 1
6310 4
9839 0
10420 13
7740 10
10530 1
13290 3
8910 9
10540 3
8640 12
9740 2
7091 0
9560 1
9440 9
12550 15
11170 1
10210 13
9760 0
10300 5
8640 1
9829 2
8400 15
11420 13
8210 1
11320 7
6390 7
7830 14
8730 11
8011 2
28609 13
8290 1
9400 14
8740 4
10870 8
8280 6
7551 4
9180 7
10270 1
6570 4
9230 4
7690 1
10530 13
7210 9
9160 11
14480 7
8750 7
9880 15
6960 15
9410 11
7630 9
11230 10
8510 0
11769 0
10540 0
9090 7
10010 9
7580 3
9200 4
10910 7
8330 5
19899 13
7619 1
10590 7
9550 0
9240 7
8510 12
9690 12
16710 14
6900 14
7760 11
10300 9
6970 14
9160 2
10350 10
9450 9
10690 0
7579 5
8920 8
8489 4
7030 7
9340 5
13360 6
11170 0
6730 3
8920 15
7410 1
9029 14
8079 13
10090 6
10760 4
16750 12
12130 13
8160 0
9300 12
6780 4
10319 0
7750 12
10460 11
12810 4
7250 10
7260 10
11310 0
7260 11
7460 10
6590 5
13080 11
11620 6
7070 10
10780 10
7620 15
8599 15
7451 1
7050 14
10690 15
8950 14
9310 11
6550 10
8720 2
7460 8
7140 1
26820 2
9520 10
12910 5
7060 2
10220 13
8600 13
7720 11
8991 2
12230 11
9680 10
9790 14
7250 15
8810 5
8490 9
6310 10
8100 5
10220 0
9130 2
10060 3
10090 12
6690 1
7360 0
8550 2
11250 11
7799 5
8180 0
11240 4
7330 15
8120 7
9010 10
6710 13
15430 6
9750 4
9159 14
9280 1
6879 13
10070 5
8570 13
9430 11
6720 0
8940 7
7770 5
9869 7
7800 12
10010 3
8610 10
11630 0
11100 8
8240 8
6950 14
10550 3
6959 6
6829 1
10269 11
14660 3
8420 7
6340 4
8770 1
10070 15
8840 7
7619 9
14210 0
7090 11
8760 9
8250 4
9060 7
8990 5
11200 9
9959 1
12451 15
9539 15
8150 13
6980 1
9750 1
10120 2
9770 10
8920 13
10149 6
7789 9
7520 6
9090 11
6960 12
7920 4
8420 14
9890 15
8440 11
7320 10
8549 11
7180 12
8810 9
8420 3
11350 0
13150 2
8090 2
10320 14
10410 6
17240 4
8710 7
7860 14
11600 15
9090 1
7120 6
8130 9
6729 5
8080 7
8440 3
7040 11
12190 9
8640 14
10390 1
7480 15
7330 1
10489 12
8640 12
8940 14
14400 8
7870 14
9020 13
9300 14
7460 6
6870 1
6410 0
15780 3
9769 2
7330 7
11560 7
8040 15
10030 12
6880 5
9400 11
13539 0
7890 15
12520 6
7060 14
9820 9
7840 9
7570 2
11890 9
11300 9
7220 15
8829 5
6540 15
6660 11
9580 2
7550 12
13270 3
9980 4
6850 6
8271 0
9730 9
9600 3
8710 1
8070 7
17130 9
7180 6
8860 14
9590 0
10369 2
8260 7
6220 15
15710 15
8750 12
9740 1
8290 10
8080 13
7689 14
8629 15
8750 4
10890 7
8670 0
9320 8
9280 7
8530 10
9919 12
9460 7
11579 7
7790 1
10470 10
7700 7
8340 3
10340 15
8570 9
7499 14
10620 9
10169 9
7870 15
9230 4
7140 9
8140 6
7930 1
8900 0
21869 4
7669 11
8210 12
9740 10
8410 6
8880 12
8760 8
10140 1
8710 13
7111 11
9939 5
6900 8
8900 3
11820 12
9680 3
9440 6
7310 8
7740 7
7131 1
9249 1
8110 12
8410 12
7960 4
12430 5
7510 14
7730 1
9210 14
8980 9
7519 12
9070 11
10030 12
7870 10
7170 3
7640 11
8900 11
8340 10
7140 6
8540 3
12700 7
8740 10
7520 11
8260 13
8040 4
9320 0
8199 9
12720 0
8820 0
9490 11
7120 10
8010 10
8530 7
7030 14
9280 1
11039 15
8871 12
9339 1
8480 0
7200 8
9130 3
8220 7
15030 10
7270 13
9939 7
6609 9
7299 0
10630 14
6680 12
10960 3
10650 13
12220 13
8810 0
7000 2
7711 7
8830 10
6460 1
8970 11
13370 10
8950 12
8230 15
8220 8
7471 12
10440 12
7410 5
14260 8
9880 15
8230 12
11000 4
6940 14
7510 3
8011 8
7899 1
13840 13
8430 6
9010 7
6900 11
8590 0
10120 2
20500 10
11940 4
8860 2
8520 3
7370 8
7310 7
8580 10
8750 13
7710 4
13290 10
6760 15
10240 0
7130 6
8750 9
7570 12
8060 3
7100 0
11029 13
8209 10
6709 13
9470 7
6020 4
9670 11
9970 1
12960 0
8440 8
10260 14
8360 7
6940 7
11000 3
9710 14
8400 0
11520 12
9530 15
7150 13
7270 12
9300 4
10159 0
9240 13
7180 10
13350 8
9290 3
9700 11
9550 5
8771 0
6970 4
10380 7
12450 11
7680 2
7370 3
9230 8
8930 8
8129 4
7880 7
11650 12
11310 13
8980 6
10410 6
8920 6
6760 15
6540 2
9799 3
12249 15
7550 0
9320 11
7710 2
7640 11
8180 0
8710 1
8150 1
14499 4
10940 8
9610 0
9530 15
7250 14
8980 11
7950 6
7230 14
14850 2
8111 11
10130 11
9940 0
8900 7
7990 4
9070 3
11810 10
8550 7
8890 3
9931 12
9460 1
9060 1
6760 1
9550 0
9460 3
9690 9
10400 2
15560 9
7349 13
7660 6
7030 11
16400 7
9670 3
8650 11
9040 12
7940 2
8000 3
8470 0
6460 15
11570 13
7720 11
7220 3
8790 6
9050 11
9209 13
8180 1
6699 6
10550 11
7610 12
7740 0
7440 5
7900 7
7430 10
10380 14
10320 14
8380 3
8360 14
9060 6
7800 13
9740 4
6810 11
7510 5
10639 2
6280 2
9291 12
8270 6
9040 8
6350 8
8840 6
6850 2
9790 12
10120 3
10140 10
8540 3
10330 1
6810 7
9140 2
9780 0
9500 9
9330 10
6950 1
9200 3
8660 10
9970 5
8140 4
12600 7
8270 9
11100 12
11180 12
8740 6
8000 6
8249 13
10390 13
8680 6
6540 3
8030 7
8160 9
7260 4
6070 14
10290 7
13159 15
8340 2
11390 7
7660 7
6640 1
7630 0
9130 9
7829 11
11891 3
7679 0
7180 3
8590 4
8480 6
8260 9
7460 2
12310 1
10759 1
8549 1
8260 8
8210 10
6770 3
8100 4
8660 5
12100 13
7300 10
8769 11
16260 13
7500 7
7310 7
6610 14
10180 2
13350 2
6390 2
8000 12
7800 7
7740 1
7579 8
6330 11
10150 5
8780 12
7650 1
6520 9
6840 2
7570 12
6280 11
10300 15
10289 7
8170 7
6200 9
7140 10
8710 5
8320 13
6290 14
9870 6
6630 1
9009 4
9350 11
9490 1
6960 4
9370 14
8990 11
13640 7
7140 13
6490 6
8409 7
6369 15
7430 1
7660 12
11930 10
6360 1
7390 13
7260 9
8870 9
8320 11
7360 0
8220 10
10420 5
8260 13
7110 1
6720 9
8690 3
7790 11
6900 10
6880 1
11140 14
6779 13
7090 1
7650 7
9930 5
8180 4
7080 8
14110 0
6910 3
6580 6
6791 6
6360 6
6610 15
6990 0
7030 15
10500 1
8070 15
6600 11
11080 14
8360 10
8449 3
9200 3
9400 12
7690 3
6870 8
7310 10
5930 9
7310 2
9579 1
9369 5
11589 0
8380 7
7510 6
5680 11
7330 12
8360 0
8490 9
8730 4
9940 12
6569 12
6159 9
8370 8
7390 1
8480 4
6320 14
12350 9
8280 0
22950 8
8999 13
7510 13
7180 2
6520 2
8700 6
13140 8
6890 13
9969 13
6340 0
7740 8
7650 7
7420 15
13250 3
8400 5
7690 13
6810 1
7600 11
6440 15
8680 7
7710 12
10190 12
9710 9
7800 3
9050 6
8800 7
8040 6
6920 10
6611 6
12120 4
7390 12
6700 3
8200 1
8280 6
6920 6
6800 5
9280 6
6500 8
10200 1
8910 1
6400 3
6740 9
9270 10
6470 6
9020 3
7260 5
9230 3
6670 5
7969 9
6920 8
9600 3
6160 8
9770 5
8830 8
9180 5
6810 15
10930 8
7790 12
7469 10
15280 10
8300 3
7000 14
6910 13
9590 12
6090 6
6540 2
7650 9
11111 12
6880 8
9010 4
9260 11
6510 3
7380 6
6990 9
13340 12
7190 11
7490 11
8229 3
6459 4
9280 0
6020 9
7930 5
10260 5
6600 1
8000 7
6980 10
6369 11
10149 9
6970 7
8080 14
8850 3
6880 11
6490 1
6420 5
7490 2
9130 14
7660 7
9129 11
7600 13
8270 13
6580 13
9250 2
6820 2
7130 13
6710 13
10032770 1
16080 6
12370 4
11820 4
10370 5
10510 1
13020 14
9990 3
10689 7
10370 8
9870 0
9440 3
9490 9
8740 15
10230 13
8480 12
8589 6
10860 3
9309 1
7340 6
8880 14
9650 15
8710 5
8650 11
12500 4
9120 0
9929 2
10000 7
9470 10
8340 8
8670 10
9410 1
13800 4
8869 2
9040 9
8340 3
9240 4
8760 12
9470 6
7840 3
11730 3
8230 15
8671 1
8260 11
7760 4
9730 12
7610 3
11990 12
7880 14
9890 7
8490 6
8491 13
10110 6
8880 11
7000 2
13370 0
5810 2
7680 11
6840 15
6930 14
11009 10
8699 11
10990 10
8710 7
8540 0
8050 8
8750 3
7320 5
8200 1
8731 14
10159 15
7510 15
6920 12
9340 10
6410 1
8180 14
10520 12
6720 13
11389 12
12179 9
8210 8
8950 2
7220 15
8970 10
7350 2
9490 6
7980 15
9810 10
7669 1
6759 3
10220 1
8480 10
7980 13
19960 4
8980 15
7199 2
6180 12
7310 10
5920 10
7030 3
10890 4
7980 8
7740 4
7660 12
8130 11
8279 0
8851 9
9129 8
10910 6
7100 10
7770 15
8190 7
8040 11
6420 9
7370 13
8860 5
11260 12
7650 15
7850 0
8520 3
7420 4
8790 7
9160 4
11550 7
9070 8
7160 6
7259 1
6120 11
10510 8
6020 6
6570 1
9970 0
7210 3
7620 1
6869 8
6509 1
9619 3
6740 6
13730 2
7340 11
6100 12
6910 13
7510 6
6890 5
7090 1
6791 14
10559 9
6570 11
8970 10
7750 8
8560 12
6800 5
9270 4
7890 12
12750 7
8391 4
7480 2
7730 9
7510 12
8700 15
7050 3
11140 12
7300 10
6240 0
6589 7
7220 4
6770 12
5900 10
7230 15
10610 7
6670 10
6530 3
6510 10
6270 11
7449 0
8169 6
8249 7
9030 6
8740 10
9670 7
5560 4
9700 8
7050 2
8510 10
10809 14
8180 7
7360 4
7020 15
6350 5
7560 12
8280 5
8010 7
10600 7
9709 4
6091 8
7671 1
7109 13
8150 2
6420 11
10830 10
14560 13
8670 10
8270 14
8340 3
6420 1
6319 12
6720 12
12340 4
7780 15
8900 12
7790 6
7650 6
8869 6
6789 9
6880 3
8699 10
5670 4
10730 0
7640 11
6140 1
7370 8
8980 15
9210 12
6660 14
8591 14
7810 2
7720 5
8500 2
6800 8
6390 12
8690 13
8400 4
8150 9
7971 3
7740 6
7810 15
6970 13
8860 8
7770 10
7630 14
6740 3
7670 5
5810 11
7869 12
7109 6
9089 13
6900 7
5660 3
7880 6
8030 4
8580 13
7280 10
6650 14
9459 12
7431 10
8870 5
8590 14
8340 4
7490 2
6190 8
12190 1
7690 11
6400 0
6880 3
8060 4
7550 8
7370 0
8460 6
8750 0
9030 3
8220 1
6640 7
7930 5
6980 6
9480 13
7360 15
10640 3
7060 14
7660 1
7900 13
7700 10
6630 14
9309 14
11460 1
7370 5
8180 9
6370 7
6820 14
6760 0
7600 12
9010 12
9730 10
7829 8
6569 3
6399 15
6010 1
7930 3
5990 8
12210 4
6090 7
6490 10
5690 9
6660 11
7660 2
6989 2
7209 12
11650 12
7780 12
6970 11
7010 13
6830 5
8980 2
7079 9
10191 9
9170 10
7520 0
7670 5
8860 10
6320 0
5820 7
8630 9
11090 3
8520 10
7169 6
6390 12
6970 0
7330 0
7110 10
5800 1
10090 5
8870 7
7390 14
6639 3
6040 1
7520 11
7200 7
12110 7
6560 9
6840 13
6690 10
6900 6
6450 9
6820 12
7151 5
10051 10
5530 2
7440 5
7020 13
8340 7
6460 2
6920 11
11160 15
7330 1
6730 9
7940 2
8669 6
6530 1
6670 1
7430 13
10350 2
6280 5
7740 13
7110 8
8690 11
5671 14
6991 7
7820 1
9610 14
8020 11
6520 0
5940 5
8160 14
8690 7
6550 12
9680 12
7980 4
7520 10
7670 1
7670 9
8580 7
5730 1
6330 14
9310 12
8100 14
7031 4
7511 6
6169 1
7380 11
7180 5
8430 4
9020 7
6180 4
8800 8
7280 14
5789 7
7431 6
6671 7
9170 10
6650 0
7660 15
7250 8
6910 6
7240 7
7770 4
6350 0
9890 12
9060 0
6870 11
7200 8
7780 12
6930 10
8480 12
9280 15
7470 10
7200 9
7290 9
6420 13
6380 2
6720 1
6500 7
11900 4
5840 3
13620 12
8360 3
7300 11
6660 9
6180 12
6759 8
9330 0
6120 3
7930 5
5960 1
7190 6
6880 1
8830 7
9519 0
6329 8
8789 9
6870 11
7430 9
8440 13
6750 0
6710 7
9900 12
9410 6
6730 6
7800 4
8989 9
5810 12
8150 7
9120 9
7740 9
8130 5
5900 2
8390 2
6680 7
6629 9
6529 9
9770 3
5830 15
8270 2
7150 6
7110 0
7400 13
7300 7
8300 0
9179 6
7471 6
9349 0
6310 7
7060 10
7300 7
7680 12
8990 12
6870 9
7390 13
7300 14
8931 8
8111 0
5780 3
7180 11
10420 1
7080 5
6930 3
8150 0
7190 13
5890 0
7930 2
7860 15
10300 5
6140 0
7460 11
7920 8
7870 0
6800 5
7450 11
8830 5
6560 0
6800 8
6500 14
6180 11
7510 12
6740 14
6330 13
8340 7
7980 14
7520 14
7520 7
6529 13
7860 12
7129 5
10060 3
6450 10
8280 8
7700 0
5940 10
7730 10
7520 7
7540 8
9260 12
8319 4
6290 4
8220 1
7730 3
7020 2
8820 3
7250 11
12490 3
6169 14
6291 13
7129 8
7840 5
7830 4
8430 1
16860 12
6360 15
6360 5
7340 14
7089 1
8009 12
7479 15
8070 2
9270 3
7070 4
7260 6
6450 0
6850 10
6890 9
8139 6
10089 7
7320 11
6800 14
6240 15
7600 15
7800 11
7790 8
5930 3
10880 9
6800 5
6960 8
6320 8
7140 3
7400 14
7720 12
8890 11
12010 11
7910 14
7220 6
6889 3
7429 1
6499 6
6560 8
9150 8
6660 10
8380 12
6830 4
6600 5
7990 9
8350 15
5860 3
9571 6
6920 7
7640 10
7820 0
6180 14
7450 12
7640 9
8720 2
7760 11
5849 2
9509 14
9789 3
7430 9
6830 2
6710 15
9520 0
6990 2
6060 12
8560 14
6719 13
8689 10
7540 1
7870 2
9560 3
6310 11
7380 14
7410 12
6330 10
7520 7
9649 3
9109 11
6289 14
7350 13
7390 5
7780 8
7150 8
7770 12
7560 8
8880 8
8259 3
6260 1
6960 1
9440 7
6100 12
6920 12
9930 2
6780 10
6370 10
7820 12
9109 14
6440 5
7109 13
7290 6
11600 11
7300 14
6550 14
8140 12
6570 9
8060 9
6769 1
6949 1
8549 0
7000 4
6400 14
6660 13
6330 10
14460 7
8760 3
10110 5
6340 11
7889 1
6389 15
6550 12
7690 7
7390 1
8800 3
9420 13
6650 1
6410 9
8160 8
7631 7
6640 15
7310 15
10270 6
7550 8
6740 9
6430 2
8330 3
6910 10
6650 4
7879 10
11629 15
7310 1
6940 15
8120 7
6060 11
7310 10
7950 4
6630 13
12000 5
6310 12
7660 12
6379 10
6810 14
8600 5
6590 2
9220 12
8160 0
8080 4
6930 15
8039 5
8889 4
5689 8
6600 2
9120 8
7760 6
7230 8
6670 15
8060 3
6400 12
6530 4
6559 3
10549 13
8839 13
6630 3
8680 5
6820 9
5850 3
7750 13
9910 2
6730 5
9119 3
8409 1
5779 9
7920 13
9950 14
8040 7
8530 2
7270 10
9170 4
5520 0
6140 8
8080 1
7329 6
9320 3
5960 12
8070 4
5800 3
8120 1
7620 15
6740 1
7600 0
8700 5
7709 13
7380 6
7250 5
8740 11
7920 1
7440 4
7340 7
10010 5
5890 11
6540 14
8091 15
7759 2
6660 11
7300 14
10720 6
6310 5
7110 11
7050 3
6600 1
9209 8
6600 0
5800 12
9570 5
7350 9
7850 8
6100 2
7270 15
8360 0
6540 8
9809 11
6811 4
6549 7
7590 15
6410 14
8220 12
8430 11
6820 11
11880 7
5820 3
5939 11
6851 0
7729 0
7590 6
8420 1
7290 10
10880 0
5750 2
6790 7
7690 8
6340 2
6820 15
8251 9
9990 7
6730 7
7280 6
7520 0
7010 10
8330 10
7830 9
7310 9
10560 8
7170 14
7220 0
6560 6
6610 14
8180 11
6200 5
6230 1
13700 0
6359 2
6220 6
8420 7
6810 4
7930 1
6940 9
11260 7
7210 1
7840 10
7950 7
7819 1
6600 8
6780 7
7330 2
11560 0
8150 0
6750 2
8110 13
7440 13
6350 12
8949 11
9969 15
7209 2
8330 12
6540 13
6100 2
8090 13
7580 0
6970 5
9300 9
8299 2
8260 2
7610 14
6540 9
8970 7
7880 2
6670 7
10720 11
7670 8
7980 6
6520 8
7340 6
7410 15
8500 1
10530 12
6780 10
7250 0
9690 4
7210 8
5360 15
5949 15
7520 8
8399 2
6430 10
6470 6
8460 1
6530 15
5860 7
7000 7
11650 9
7420 2
6909 2
6749 14
7189 8
6250 3
8240 7
7080 0
17010 10
9120 6
6690 9
6480 4
7120 8
8139 9
8620 10
6680 13
11030 11
7710 13
6120 7
7630 9
7790 8
7070 11
6860 14
11069 3
7190 5
7350 8
9230 14
6890 8
6350 6
8770 2
9080 1
8120 4
7700 2
7289 2
6040 5
5760 4
7740 1
7570 13
6060 11
10180 0
9240 9
5960 6
6960 8
9269 2
5930 13
7320 6
10560 11
8630 3
6600 5
6060 7
6810 15
7240 14
6629 2
7729 8
10509 6
8180 2
6940 12
9170 5
7450 5
6130 15
6840 3
13229 15
7151 11
6269 11
6859 14
6400 8
6820 1
5700 11
7410 9
9950 14
8120 0
9300 15
7330 4
6931 12
6929 0
5880 15
5960 7
9550 11
8130 2
6790 13
7760 3
7940 8
6680 13
7620 5
9920 11
7359 14
9670 10
6990 7
7890 2
6110 12
7680 14
7040 13
10250 6
6031 9
7460 5
8019 0
5930 8
5980 1
5940 0
8700 15
9330 15
6080 2
9270 13
6279 13
6660 4
7171 1
6290 0
9680 1
