155599 7
61029 7
1962312 3
3254521 3
80639 5
77669 4
72760 9
64779 10
52370 1
53129 2
150229 5
55599 3
71120 6
60909 2
74820 7
88919 11
94799 11
69059 6
70049 9
45569 7
69399 1
84069 11
62709 9
69710 4
50350 2
44540 9
46679 2
43770 7
1429367 9
1840423 3
51550 7
46409 3
61100 1
56009 2
56260 3
46080 10
62760 8
46559 2
46879 7
44970 10
46759 2
43350 8
49529 2
57450 4
45770 10
51870 5
41289 5
46519 3
41150 7
385526 6
54060 6
44450 10
42979 6
50939 1
47200 3
49030 7
45109 8
43320 8
39410 6
55439 1
51599 1
45969 7
1514647 1
45020 9
54360 8
138179 1
118259 10
2147051 3
59280 4
51960 6
50150 7
666374 9
52440 8
934182 10
48920 6
92889 11
59390 2
58009 9
48800 3
50349 4
56240 10
54249 4
53020 5
47919 2
42180 8
48409 2
43820 9
50850 7
82709 6
44249 10
46999 2
2527687 0
49470 7
83079 11
76869 11
46280 5
51210 10
645224 3
52449 1
52240 4
45139 0
43960 1
55109 3
67559 2
50279 8
311467 9
142749 5
1542416 10
49940 0
47079 10
47030 2
86439 11
49340 2
43889 5
44959 3
163018 4
49989 9
64729 8
90539 11
62199 3
46600 10
57949 3
57400 7
46319 8
1366928 0
66709 0
44630 5
47410 2
484756 3
56789 3
51260 7
49260 3
60099 1
60569 0
47840 1
1667095 5
52650 3
61599 2
58339 6
77689 11
47729 6
61270 6
53099 7
45210 4
56889 3
49620 7
92619 8
50150 0
59879 5
109439 6
1891823 10
67479 4
53089 6
76459 3
95459 11
63319 0
45489 3
1825374 1
94329 11
109399 11
1596276 2
51329 0
50910 0
76669 8
44190 8
61819 7
47600 1
83209 5
84689 11
66570 5
63609 4
1326228 3
69959 6
56100 1
46590 1
57010 2
78629 11
46180 8
48729 6
43420 6
62220 3
60470 4
78099 9
58370 9
53509 9
53030 5
65059 2
52970 9
64130 5
1554036 10
49589 2
44819 9
51060 9
65919 3
1436277 5
730123 1
48749 9
66159 4
43280 5
46750 5
990871 3
48839 4
508316 10
65189 6
72079 7
115879 11
1549875 0
56519 0
59119 9
43760 6
70589 8
46000 9
496925 5
57899 1
41470 9
58730 3
65089 1
43410 9
82299 11
63450 10
59249 0
54380 9
64479 6
1027991 7
1590115 10
62930 4
70429 1
64380 5
71790 4
67819 8
1693385 9
52960 10
61459 2
53290 9
241028 4
1368477 2
51140 4
48510 4
51370 8
63389 6
57389 7
1657465 3
57630 9
52969 5
53699 0
59350 2
61070 4
87419 11
57220 3
49919 5
84680 9
54989 2
67270 2
62440 0
42790 2
43339 2
46270 9
47539 4
44130 4
44820 1
43640 9
91349 11
45870 1
54349 6
47370 6
87869 11
705974 3
51189 2
650134 1
49580 2
61549 7
63630 10
681393 5
47959 6
41220 6
43269 6
43480 5
51910 1
42069 10
46180 1
42479 7
48720 10
45640 3
52320 8
53079 3
373237 2
117469 11
70199 3
51739 3
65480 0
46930 1
53099 10
44639 8
81909 11
2235090 6
62930 9
48489 6
52650 6
46089 9
94989 10
52690 2
50960 6
87339 11
60179 4
49910 5
47769 2
1516107 9
47870 10
1382078 8
56469 0
392496 6
70210 5
58849 10
74059 7
83609 4
78609 11
59850 5
74279 1
121219 0
56250 6
47070 6
60899 8
52720 5
1568086 2
55739 7
49890 0
47130 9
1450067 7
48800 5
53970 2
53230 5
55240 4
76969 4
415646 0
48440 6
52899 10
44040 10
59089 3
47480 5
44859 3
1669314 6
58020 2
45809 4
46030 10
73339 8
54570 8
53859 2
60220 3
52429 2
83850 11
57239 10
60359 9
52060 3
50870 3
71480 1
51130 9
55959 0
45980 0
1438527 4
61969 3
109009 11
47430 8
83849 11
43759 2
45490 9
83229 11
829203 10
46859 8
43400 10
52189 9
55700 1
50180 10
48480 4
63960 10
60950 10
1661215 8
72439 5
96699 5
41850 5
41410 5
62869 3
47060 10
88929 11
83089 11
77069 11
79049 11
50119 8
66580 10
66119 9
66180 4
56209 6
48689 10
45109 10
1083910 2
53510 2
42869 4
1155569 10
47300 10
52430 7
51730 9
54029 2
1586846 0
79789 9
54740 6
50620 9
67749 7
66419 1
47759 7
53919 5
1356878 8
55569 6
65269 7
64690 4
81519 11
45880 4
44600 4
44420 4
45700 6
46509 4
46150 10
350287 0
48509 3
45570 5
42679 4
45360 10
995121 6
48780 2
52730 1
50640 7
337717 3
46670 2
61610 3
2703296 7
58730 5
50799 4
42620 6
54919 5
141149 11
77849 7
57770 5
49110 6
59350 9
65599 2
46310 1
47780 5
292177 10
62239 5
64320 2
56219 10
53690 1
79739 7
75139 1
88189 11
52749 6
66749 10
48930 2
46099 5
52719 10
56630 10
44469 1
54900 2
42379 2
44240 10
47040 1
44370 2
53909 9
52689 6
236698 5
48759 9
46259 8
39540 5
1048710 10
48110 6
82859 11
79229 11
75379 0
50570 3
54290 7
1399077 4
53679 0
102659 11
1511266 6
76199 1
57640 10
66379 3
114859 11
49970 3
100259 11
56479 2
48710 6
47459 4
41490 1
50900 4
44739 3
46060 2
54969 1
43050 10
703454 9
50839 4
66250 10
58590 9
121349 5
1961172 7
50150 10
84579 11
79809 11
49290 10
55609 5
64530 2
1736244 9
81249 7
62860 3
72349 1
2176400 3
78910 2
77939 10
1702555 7
74420 8
250868 6
193658 5
57830 10
50679 2
1399127 3
60600 0
1709544 1
54050 9
53159 0
56750 4
69059 6
58550 9
129849 4
51149 6
77799 11
1301548 8
67509 2
48269 2
62939 7
1991052 7
48489 4
51590 4
54399 10
44480 10
48770 4
49949 2
56360 2
46709 8
46560 7
50889 8
54979 3
909582 0
51469 9
46310 10
1419017 5
133379 5
43710 5
52940 8
107319 9
52039 5
69280 6
70949 7
67360 4
157488 7
100929 11
1681285 2
61319 1
55050 8
71919 2
51539 2
56220 2
1530706 3
65050 3
71639 9
80820 3
50189 5
92059 11
57660 2
80099 11
70959 9
71840 3
62629 10
1584826 0
62589 9
1868923 8
62909 8
86149 11
262448 9
76449 5
65130 10
53800 8
116979 8
42490 10
76309 11
1313308 7
78089 1
53700 7
77499 1
2216870 3
64489 0
1126120 10
84470 11
64060 8
78879 11
68400 1
55989 8
55660 1
54449 2
50350 9
42149 8
45330 10
52389 0
1345278 1
41980 8
61869 7
379067 2
69019 5
56880 5
48950 2
53179 2
84919 11
58470 0
61879 5
58699 3
41240 3
41290 5
48319 10
43860 0
88129 11
64660 4
57819 6
1041311 9
73139 6
59889 4
48900 2
54389 3
61729 9
44780 6
48679 6
51220 9
73069 7
53070 7
42489 3
45010 7
48069 5
53870 0
57839 10
1725575 3
67489 7
63389 5
85119 11
63609 6
63209 7
86019 1
57679 4
69710 1
223138 5
92909 11
965611 7
66080 3
53160 1
43400 6
45849 9
51440 0
81139 11
42969 0
42919 5
515846 4
70910 8
45589 8
963651 0
176498 9
1236319 10
47330 1
61669 3
75479 2
54280 4
90379 11
45660 2
1563645 8
53030 9
45460 9
71309 1
471506 3
66949 9
63929 5
49129 1
1365408 7
54809 0
54140 0
48649 3
1055481 4
59229 6
39700 6
50380 8
42980 4
62329 2
42339 4
53299 1
81340 11
45209 6
45889 5
43800 4
44379 1
44510 5
41830 7
44179 2
42660 1
52309 7
54320 5
61129 4
2981003 5
118759 2
45810 2
44709 8
53840 9
333597 3
216318 6
42840 9
51220 8
1141450 8
55669 3
46670 6
66879 10
52820 3
53649 5
88010 11
77429 11
57469 3
45820 8
70979 5
50150 7
70859 2
65079 3
69759 2
1360777 10
45410 8
262198 0
74919 8
42850 3
51209 8
74670 8
92889 11
48799 9
57670 9
52199 4
69450 7
61379 0
43190 6
843262 5
1617085 9
64840 4
78879 2
53260 2
50719 10
57810 6
51219 5
58670 10
59999 7
76689 4
47619 10
56119 8
58599 0
42790 0
65899 1
48620 8
56229 4
1090780 6
45330 4
50809 4
57239 10
39439 4
42430 9
111599 6
83590 11
49269 5
68629 10
2276359 10
83479 6
54290 2
53830 10
60030 9
54789 0
51429 6
75209 11
52949 5
41680 10
54970 5
52759 6
41200 6
54769 3
41950 5
62549 8
46250 2
52729 6
664844 4
57210 7
258728 0
197668 0
55659 2
77340 11
41699 8
411576 6
44810 2
42399 2
70140 10
59620 8
63709 3
48819 7
40529 8
48709 6
55749 7
69620 0
54400 9
60480 5
53049 0
66269 9
46330 4
48720 9
47969 4
79399 11
41420 6
45639 8
3036383 1
82459 11
61050 9
101159 7
58279 9
47750 8
201028 2
147079 2
59759 3
70690 9
84879 11
60029 10
67980 0
52909 0
60450 3
52869 4
958121 5
452025 9
46789 3
125749 3
66479 9
44380 2
76479 11
60470 6
52949 8
42920 9
45269 4
2098261 0
51269 10
79149 11
140479 8
161109 7
51409 10
42510 6
1463077 2
44249 7
54810 4
75320 0
45930 9
63029 6
89619 11
58989 3
58959 5
65560 6
62769 8
44589 9
1599406 2
77339 9
68770 5
61959 4
62530 0
206798 5
1369088 10
54769 9
66779 5
49530 4
51740 9
75459 0
43189 2
61480 0
55419 6
49530 1
57509 9
58590 4
74369 7
86889 11
57690 8
49559 5
45130 8
76869 11
49610 0
56109 4
44700 10
1741774 8
48300 5
56469 5
38510 8
61839 3
1580896 4
74409 2
1668305 0
1119850 6
45240 6
86789 11
55469 1
59660 10
51899 9
42890 8
55429 5
42410 10
47740 8
90389 11
54019 9
50810 7
59499 3
43239 9
64120 5
77839 4
47059 6
44440 9
48719 9
76870 11
50109 0
43730 7
1010271 2
51599 2
69140 10
71029 4
68550 6
46319 5
67840 1
71070 7
58409 9
2353079 3
86769 11
58770 3
73349 1
75309 1
82220 11
54930 8
69730 8
387087 10
101309 11
55459 6
62619 3
40379 6
42880 10
59820 0
47329 5
45310 2
45750 7
50520 3
1368677 7
74640 1
72039 4
69580 0
244178 3
67849 2
58199 2
60430 7
90099 1
70129 10
70650 4
172468 0
84699 9
58390 1
85749 11
72789 11
63300 0
2348879 3
74209 7
47129 7
56999 8
91519 11
1310248 7
47350 1
55280 0
72550 5
55069 3
1769994 4
55220 4
47839 2
56890 7
54149 10
82729 7
84340 11
82499 11
82729 5
47320 0
86139 11
67639 1
231758 8
1341107 1
73600 9
70589 6
52410 7
77520 10
64789 5
55800 7
