159758 12
100490 4
105189 14
111619 4
96409 7
97379 1
98049 9
99190 9
96459 7
108839 9
103619 1
99580 9
100559 5
109589 10
95429 6
109270 14
95849 14
101069 0
97649 14
103579 12
93770 11
92939 9
299328 13
95599 11
97129 9
95690 5
97659 0
101179 0
95939 8
95900 12
94559 15
111819 4
98959 1
97279 11
95489 7
95469 11
101669 13
101210 5
97300 10
93069 0
97439 3
104609 15
90770 14
95879 2
92929 6
95639 8
97009 1
124389 1
144329 6
133889 10
162538 13
155470 4
157278 14
152939 14
143549 12
153319 13
176458 2
156689 2
222318 14
164478 11
157479 2
153959 4
156089 9
139558 1
146279 1
146759 13
149979 0
149759 0
172549 2
187728 1
154869 5
159759 2
167079 10
159259 11
149339 7
175879 4
153629 4
153529 4
168249 0
178128 10
177869 8
176088 11
163819 1
156549 12
156789 0
160949 15
360217 1
154769 9
170369 9
199618 8
187158 14
168159 3
165609 9
174869 6
161439 2
163259 3
172809 13
193779 10
180599 5
197398 2
173649 0
186568 11
167659 8
185609 13
178418 11
180779 14
183339 1
185428 0
209849 8
186678 14
179089 6
167678 15
176468 7
169659 9
198468 3
179619 14
179678 12
186439 0
211438 15
211909 3
211118 13
207079 14
188898 2
173499 3
198848 13
196079 15
169249 6
187158 9
187469 14
245138 2
185318 15
178089 4
198479 13
181718 7
195049 4
167109 6
191119 1
185199 12
181129 15
196739 5
215078 15
179649 9
181658 1
170389 11
179669 3
187238 4
177189 5
172779 14
201308 7
198209 8
200068 12
163129 1
181328 0
193809 1
181488 7
197688 9
201929 8
173468 10
207118 14
195858 8
180859 1
197538 8
183319 8
197658 11
202379 0
182418 3
196379 14
199698 3
182719 7
177069 8
178289 5
175759 13
197468 0
182539 14
191199 1
178578 8
224418 9
209889 12
160789 8
187448 3
184809 11
183478 12
256128 11
168919 12
161259 2
180739 11
187118 12
192089 0
163588 14
164229 12
162729 12
175138 15
177409 14
190749 11
178818 6
181479 6
178849 8
161628 8
167009 12
177179 9
162229 6
168309 2
172849 8
164978 11
178799 13
190049 14
180809 5
172848 15
160379 15
164809 13
166568 13
192769 13
174748 1
172408 14
165989 10
194088 11
193308 1
163759 7
166139 15
170238 9
178869 8
184328 0
186508 2
166909 10
183788 9
187179 10
172969 11
182188 5
167089 14
173459 0
175618 15
177519 2
165049 6
192148 10
180569 1
185748 14
172699 14
170349 12
165348 10
239078 2
223818 4
217038 11
227149 9
263078 0
232239 15
211328 0
194119 12
224428 6
250608 10
204609 9
228419 10
235138 8
233968 3
222399 3
209419 4
229558 0
247488 3
214039 12
230548 9
239958 8
196488 10
234019 3
214898 5
223598 12
217939 0
268168 1
210468 5
226238 13
202649 7
226018 0
241498 14
227378 2
223899 14
229658 11
250158 13
218629 7
216308 4
216288 14
257458 2
216839 13
236209 8
205788 4
247618 15
263738 11
184689 4
214928 13
194209 0
204478 6
222609 2
189458 12
210729 14
205069 1
215088 4
182819 14
177608 10
178568 8
200168 15
218028 2
209118 12
208549 11
196898 4
213399 3
242748 9
188208 6
193319 10
198328 14
183039 4
207198 11
198949 13
188958 4
185268 4
203639 2
215979 5
191668 13
191549 1
183739 7
175378 3
196599 11
212749 15
182319 12
219318 13
195429 10
196789 1
197569 5
183308 7
183219 3
192359 0
186099 8
205738 9
199778 12
201358 14
182929 5
191318 15
287188 3
223368 6
221159 10
201658 2
249118 4
199889 6
206098 14
204718 3
194889 9
230248 8
208139 6
202898 0
230159 2
229039 5
219038 14
218478 0
199659 13
212068 3
221899 2
190738 11
218938 3
222689 14
205068 8
226918 14
187349 1
218048 11
195859 14
220998 9
244938 3
216318 10
235528 6
209128 1
248608 11
199749 0
185658 11
206599 7
222648 4
239108 9
201589 2
205138 8
191879 0
206108 7
227798 12
207239 11
207578 8
221629 8
281789 11
210839 15
189378 12
200869 14
216798 2
222048 4
188258 4
224338 9
212509 3
195808 1
209989 12
180259 1
209188 5
217048 9
187589 6
239998 12
217668 14
198559 3
204048 7
208378 3
205219 13
199718 6
196409 6
209058 15
228038 1
196799 8
198918 2
196719 14
206108 4
228519 7
195878 12
220518 6
204489 12
227738 1
215218 11
190909 1
200858 12
210199 9
203168 14
228188 0
208219 2
228168 11
196429 7
233938 13
198638 11
214889 0
219868 2
181749 14
284448 6
205018 0
190008 14
209858 12
206258 8
228829 7
216458 6
193258 2
212579 4
226498 0
215579 3
202789 8
187149 4
203429 3
249498 4
203909 15
201009 10
214748 6
225889 10
217488 11
201109 6
203728 3
214378 14
227959 3
196278 0
209579 0
213529 0
203008 2
206099 4
211798 13
205749 10
221188 3
186268 12
232669 7
198828 4
197649 15
209468 3
225238 12
204299 10
195978 3
215009 3
219889 13
201468 9
225449 11
228718 7
232018 14
212319 12
264109 14
205318 15
211378 5
197869 1
202078 14
228758 7
214929 1
220658 3
201489 9
226068 13
200528 3
203309 13
189059 13
200538 2
232638 3
193319 5
185248 12
183119 6
202588 3
228999 12
194568 2
184219 5
206318 7
227488 2
244128 5
198009 2
210018 10
209029 0
199578 0
214459 5
201418 0
228298 1
234828 12
212868 5
192509 11
218449 11
188708 1
201519 5
218768 11
313478 5
204458 12
186869 1
211818 1
220569 14
181339 2
195328 14
195358 3
199799 7
213219 3
220618 10
181319 1
195328 9
205459 13
207308 8
202499 15
204458 5
222818 4
245638 14
180988 11
205888 4
201128 1
189169 10
227158 9
192309 12
226698 4
215838 8
203958 4
227459 7
198008 8
182969 15
208118 2
196649 10
218948 15
207058 13
208799 14
188979 15
206018 2
220608 1
188439 4
191068 15
204759 3
220518 3
225948 5
192389 5
212758 2
206139 4
204209 14
194729 4
219048 9
189848 3
232818 4
227528 10
197328 8
205559 13
202248 8
187229 0
258038 9
181049 6
220478 9
213478 8
210809 12
205618 7
194529 4
201468 9
190919 1
426837 10
208308 13
211998 8
183309 13
195018 15
210989 10
180868 7
210459 7
210198 13
249188 8
227319 6
194839 12
202238 10
187009 8
212808 13
182769 13
211318 13
199629 6
219398 5
219978 5
195919 8
194488 1
196308 14
193588 0
246607 2
185339 7
209839 2
207969 1
195559 7
226839 14
195498 4
188239 13
195678 8
198239 7
223698 2
201588 4
207889 9
225288 1
267268 13
177199 14
196459 12
206738 10
200128 14
222559 0
234168 4
182779 4
220879 13
193528 4
220308 8
198528 13
198879 13
203218 0
235708 11
229009 13
196139 2
206278 3
229809 9
243028 1
178118 7
229769 8
217698 13
234738 0
249288 7
223109 14
219209 6
187878 8
212379 14
186009 2
203919 11
206368 5
190479 9
233508 4
215289 7
189568 7
197299 2
210308 7
219438 8
208759 10
203708 4
204749 14
209799 8
215568 8
200999 15
226258 13
221758 4
201289 7
261628 5
214348 8
194609 14
195728 0
217408 11
186218 4
205798 7
199109 6
210399 0
243678 13
203588 15
203329 12
196179 9
201968 8
217519 13
195488 5
192179 14
226578 1
208888 8
213449 6
207948 12
214279 10
203618 3
192529 0
216418 9
186258 7
236389 1
187948 15
189499 13
230178 12
185949 11
222198 10
202069 13
211119 3
215358 11
199509 7
197878 7
204199 2
220828 9
193708 12
196379 9
212268 5
207279 8
226698 7
166229 13
188628 14
210518 7
202048 15
271878 5
182998 12
190208 10
229389 3
179889 13
233978 2
218609 10
193888 13
198129 2
203358 1
199519 9
213479 9
218938 0
344867 9
219499 12
198279 13
194039 3
204909 14
229098 10
220688 12
218428 14
189999 8
228428 9
227268 15
185879 11
190829 14
226238 2
241378 1
211668 0
193149 11
215848 8
212908 7
206219 12
207048 3
214529 10
216478 5
196118 12
225669 1
193288 14
196578 15
204458 7
206319 4
276988 10
195548 13
189149 14
206738 10
219779 9
293277 7
200999 7
203088 4
237398 8
220469 3
183878 3
227488 9
202439 6
209048 9
213059 0
195228 2
230759 5
195558 1
213748 0
203719 9
175919 12
183418 3
185699 7
186118 12
214189 8
190068 12
180449 8
201508 2
198599 15
199008 6
179809 4
176179 7
194829 0
198329 11
196078 8
182929 10
186748 14
200309 9
202058 5
189259 5
202478 5
189639 7
199618 0
191529 14
188798 12
208219 11
188518 11
217088 5
179059 3
188539 2
223758 2
182799 13
200178 15
202458 12
189318 3
207218 9
207139 0
187428 2
209978 14
194289 13
232739 1
216248 9
180979 9
172998 7
175629 4
183908 14
167999 0
180699 3
163199 9
193328 11
205749 2
196958 9
176339 8
187898 14
179749 9
182309 14
198278 13
188449 5
191738 1
188219 15
188138 2
207519 12
198248 8
176359 7
190298 1
185878 3
212678 2
181039 0
192768 5
186359 6
180659 2
214058 7
176479 10
178148 8
189829 5
193978 1
194499 3
204378 8
182649 14
177899 3
203738 4
172049 0
214288 9
170819 5
175708 11
187118 5
191179 3
245328 8
148209 1
173528 13
155679 4
162479 7
171178 9
175868 3
160169 2
163619 15
169179 6
157908 15
163019 0
188138 3
157190 12
158379 14
163019 7
147189 6
164978 13
181768 11
165129 6
166089 7
154318 11
176118 11
164239 2
176658 10
154949 3
166679 3
164379 8
180518 6
165299 9
168859 14
143699 2
160008 3
158588 10
157349 7
155429 7
161499 5
178318 1
151659 11
173699 0
161068 1
161819 0
203489 10
146379 6
153008 13
173359 14
162409 3
179929 13
188648 11
162499 15
162049 2
157338 8
179368 11
159659 0
181348 1
158458 9
152969 4
161689 15
175798 15
172489 10
234259 2
155489 12
166599 14
159499 3
154519 12
155019 11
180599 14
149939 8
154579 12
175788 13
162228 3
154849 13
198839 0
159589 4
161139 6
165269 4
163028 9
163019 4
191279 14
159918 14
146748 13
159349 10
161939 8
162989 10
173268 8
159088 8
168749 8
170579 4
183658 3
167199 5
170069 1
153268 15
147908 1
151819 9
154879 10
167899 7
164258 1
174769 12
174459 12
145709 15
157209 6
171079 5
142599 3
159429 14
142589 9
148599 3
157388 4
211419 3
164029 4
153128 0
135990 0
156269 3
126289 7
125109 14
112030 14
128739 2
117428 4
162239 3
131859 5
130239 15
137199 2
125179 10
129939 10
150129 7
199489 8
128399 9
140469 0
147348 11
137368 12
146928 15
155729 4
148289 11
145709 14
159589 5
145889 5
171009 7
149939 15
152459 11
