87510 0
38919 0
33960 0
32750 1
32659 1
32370 0
33330 0
32009 1
33669 1
31850 0
33680 1
31709 0
33299 1
31750 1
33860 0
32980 0
36030 0
32540 1
30800 1
34319 0
32179 0
32290 0
31760 1
36480 0
31539 0
33790 0
34850 1
32309 1
30650 0
30840 1
39859 1
34139 0
32170 0
33140 0
31319 0
32640 1
32800 0
31190 1
32579 0
29750 0
32950 0
31930 1
31270 0
30790 0
31980 0
30520 1
31749 1
31430 0
33510 0
32390 1
33700 1
32710 0
34030 0
32140 1
31560 0
32089 0
30990 0
31500 1
35620 0
31969 0
38760 1
32100 0
29889 0
31750 0
32000 0
32680 1
34280 0
34159 0
33890 1
31780 0
33179 0
33250 1
31450 0
31730 0
32310 1
32160 0
32060 0
31070 1
32079 1
29750 0
33070 1
30220 0
35430 1
30320 0
32090 1
33610 0
34509 0
32380 1
32260 0
31950 0
33390 1
40650 0
33830 1
32139 1
32520 1
31560 1
33649 0
31379 0
32700 0
30250 0
31980 1
32770 0
33580 1
34010 0
32800 0
31359 1
32590 1
32880 1
30700 1
32309 1
31080 0
33820 1
37590 1
33030 0
32810 1
33110 0
31520 0
32600 0
36710 1
34070 1
33900 1
40430 0
32940 0
31390 0
33080 0
31550 0
32600 1
33400 1
32780 1
30650 1
33090 0
31179 1
32459 1
31420 1
32720 1
33140 1
35149 0
33770 1
32240 1
32820 0
35450 0
35860 0
36550 0
34159 0
33760 0
33110 0
31599 0
34419 1
32780 1
33700 1
33070 1
49590 1
33340 1
33680 1
34090 0
32010 0
33540 0
31070 0
32630 0
31670 0
34620 0
33450 0
32700 0
34850 0
32300 1
32429 0
35890 1
31830 1
33200 1
35499 0
34370 0
37240 0
32499 1
33640 1
32870 1
35910 0
32090 1
32899 1
31820 0
32350 0
30470 1
62579 0
30700 0
33690 1
30840 0
34070 1
33300 1
33379 0
34490 0
33060 1
33500 0
31870 0
32810 1
30510 1
31869 0
31480 1
32360 0
30710 0
33240 0
35160 0
34740 1
36950 0
35439 1
34659 1
34020 1
33590 0
32399 1
247038 1
33640 1
34480 1
32760 1
32830 1
32830 1
35250 1
32110 1
34250 0
34120 1
33280 0
33590 0
34019 1
34960 0
34270 1
35439 0
32880 0
34380 0
32800 0
34750 1
35740 1
32490 1
32489 0
35169 0
32840 0
34200 1
39760 1
34210 1
32920 1
36400 1
33600 0
33970 0
32800 0
35359 0
34359 0
32620 0
34340 0
32440 1
33639 0
31680 0
33300 0
32689 0
32709 0
33030 0
34530 0
33400 1
35400 0
35570 0
34940 1
38480 0
33830 0
33160 1
32769 0
33829 1
33180 1
41780 1
34079 0
37470 1
31980 1
35070 1
32810 1
35520 1
32760 0
33830 0
34910 1
36220 1
34560 1
31859 0
36540 1
32910 1
32829 1
31169 0
34700 1
37240 0
33549 1
33230 0
34510 1
33490 1
33719 0
35900 0
34870 1
34380 0
34800 1
33430 1
43170 0
34259 1
31570 0
32240 1
34959 0
33970 0
33050 1
34720 1
33820 1
33990 1
32540 0
33820 1
33870 1
37380 1
34150 0
35500 1
34529 0
33900 1
34520 0
34260 0
41050 1
33380 1
35450 0
31519 1
36770 0
32870 0
33780 0
32619 0
33760 0
41350 1
35979 0
33529 0
34560 0
36260 0
32959 0
35630 1
33880 1
34699 1
33740 0
34660 0
32940 0
33589 0
32599 1
35830 0
32970 1
35279 1
33190 1
34960 0
33400 0
34340 1
33950 0
36910 0
34579 1
35290 0
31220 0
33850 0
32349 1
32530 0
42260 0
33869 1
32469 1
34370 0
33160 0
34449 1
30709 1
32920 1
35250 1
34459 1
35079 0
33290 0
34180 0
33599 0
35260 1
33900 0
33869 1
32849 0
34130 0
33690 0
35669 0
33969 0
33170 0
32450 0
32540 0
37120 1
35840 0
34200 0
34169 0
44380 0
33330 0
32759 0
31780 0
34710 0
32730 0
35310 0
37170 0
36610 0
32699 1
35479 0
33640 0
34360 1
34190 0
33770 1
34690 1
34260 0
34329 1
34420 0
35170 0
34100 0
34909 0
34770 0
35580 0
34150 1
37790 0
32000 0
34590 0
33649 0
41680 1
34810 0
35669 1
34970 0
33720 0
32700 0
34299 0
33790 0
33440 1
34670 0
34609 1
34810 1
32560 0
35509 0
33380 0
34420 1
34720 1
34080 1
35539 1
33580 1
36189 1
31970 0
34330 1
32120 0
33410 0
35270 0
33900 0
33600 0
36449 1
52260 0
36070 0
33449 0
35160 1
33010 1
34710 0
34529 0
34059 0
36810 1
33860 1
33680 1
32910 1
34490 0
31920 1
33120 1
33180 0
33890 0
33170 0
34309 0
33180 0
34710 0
33039 0
34240 1
34020 1
34450 0
37089 0
33060 1
34110 0
34410 1
87489 0
33449 0
34689 0
33110 0
34750 1
35430 1
33780 1
33550 0
35240 0
33199 0
36369 0
37380 1
33340 0
33900 0
34850 1
35190 1
34479 0
36660 1
36060 1
39590 1
34700 1
34120 0
33030 0
36639 0
33740 1
37510 1
34460 1
50160 0
33430 1
35350 1
35089 1
32970 1
33770 1
33139 1
33619 0
33080 1
33940 1
34899 1
33469 1
32840 0
34460 0
32589 0
33569 1
32240 0
36060 0
35339 1
35099 1
34700 0
33350 0
33269 1
33290 0
35040 0
32529 1
34959 1
34340 1
33880 0
45029 0
34910 1
34410 1
32070 0
32299 0
35230 1
34180 0
34019 1
35089 1
33130 0
36600 1
31390 0
35800 1
31830 1
34129 0
33699 0
33430 1
32790 0
34540 0
32229 0
33200 0
32980 0
35949 1
33850 1
35460 1
33910 1
34639 0
36970 0
34630 0
44429 0
32069 1
33550 1
32440 1
34199 1
34580 0
33720 0
33820 0
35020 1
34620 1
39170 0
36979 0
36040 0
34730 0
33210 0
35189 1
32370 1
34220 1
33660 1
35159 1
34700 0
35190 0
32449 1
33700 1
34140 1
34910 1
33310 0
36520 0
46600 1
36519 0
34609 1
35640 0
35420 0
32339 1
34160 0
32490 0
34629 0
31409 0
34900 1
33720 1
34390 1
32270 0
34210 0
33440 1
33340 1
32370 1
34520 1
34520 0
41049 1
40730 1
34850 1
33059 1
35600 0
33040 1
35860 0
31849 1
34440 1
234148 1
33870 1
34750 1
33339 1
32070 0
32710 0
34010 1
34979 0
35640 1
34730 0
32859 1
33319 0
34660 1
32850 1
33040 1
34880 0
33650 1
31320 0
32969 0
31350 0
37330 0
32190 1
32230 1
33959 1
43810 1
32850 0
32900 0
32150 1
32110 1
33399 0
32619 1
33460 0
34600 1
33980 1
32950 0
33150 0
32560 0
32740 0
34909 0
35250 0
37709 0
36109 1
35180 1
33280 1
33149 1
31670 1
33570 0
32040 1
33199 0
32260 1
32500 0
32020 1
31830 1
30870 1
37670 0
32860 0
33829 0
33210 0
36400 0
33370 0
32699 0
32890 0
31050 1
32480 0
32059 1
32010 0
32320 1
30820 0
31049 0
32510 0
31360 0
32240 0
31540 1
32010 0
35260 0
32829 1
34679 0
35560 1
32550 0
33189 0
34470 1
34030 0
33529 0
31489 0
41670 1
31420 0
32429 0
32949 1
35230 1
33530 1
34019 1
35809 0
34210 0
36169 0
33190 1
32640 1
36510 0
33939 0
31960 1
35120 1
31930 0
33820 0
33929 0
34260 0
32330 1
34089 0
32339 1
32180 1
34340 1
33549 0
32500 0
33330 0
36600 1
50290 1
33750 1
32500 1
34029 0
35700 0
33700 0
31670 0
33980 1
31640 0
33580 1
32060 1
32890 0
32230 0
33670 1
32589 0
34480 1
33920 1
32770 0
33449 0
32230 1
33450 1
34690 0
33330 0
34750 0
33180 1
32889 1
32919 1
33380 0
33910 0
34260 1
53690 1
33530 0
32390 1
32579 0
32330 1
32220 1
31980 1
33100 0
30620 1
32670 1
33230 0
34250 1
32190 0
34110 1
33199 1
34890 1
33420 0
36099 0
33690 0
31960 1
34210 0
32929 1
33130 0
31430 1
34890 0
32870 0
34740 0
32330 1
34380 1
42449 1
32970 0
31570 0
35380 0
34159 1
34080 0
34170 1
31390 1
35300 1
32970 1
32970 0
31959 0
35049 0
32290 0
35710 1
30789 0
34090 0
31160 0
32890 0
31929 1
35750 0
33840 1
34110 1
32949 0
35210 1
33110 0
33339 0
32799 1
32180 0
34980 1
67299 1
34980 0
34580 0
34030 0
32510 1
33740 1
31510 1
34259 1
34090 1
34380 0
38560 0
35850 1
34000 1
32190 1
33779 0
31649 0
32880 1
34650 1
32639 0
32440 1
31980 0
31310 0
31430 1
30910 1
32690 0
36080 0
33379 1
35500 1
31980 0
41019 1
30650 0
34670 1
32410 1
32299 0
34179 1
33320 1
31670 1
34299 0
33220 1
34570 0
31930 1
33890 0
32260 0
33290 0
34579 0
36570 1
32410 0
32550 0
32690 1
32839 0
32190 1
33460 0
33600 1
33089 1
33900 0
32890 1
32290 1
33700 1
42130 0
33540 1
37439 0
33160 0
34470 1
31830 1
34159 0
32890 0
34260 0
32529 0
33510 0
31950 0
34630 1
31540 0
32860 0
33480 1
33369 0
32660 1
35590 1
35310 0
34939 0
34070 1
32250 0
31980 0
33319 1
34040 0
32130 0
31939 1
32939 0
33100 1
41580 0
32860 0
35930 1
35260 1
32310 1
33569 0
34540 1
35230 0
35829 0
33069 0
33560 1
33140 1
35080 1
33459 1
34590 1
32000 1
32409 0
30419 1
34060 0
34160 0
32440 0
31869 0
34000 0
35040 1
33719 1
33790 0
32090 0
33600 1
32469 0
42230 0
33170 1
34680 1
34069 1
33440 0
31420 1
34419 0
33090 0
34150 1
31819 0
31910 1
35650 0
33210 1
35399 1
33299 0
33480 0
31410 1
34280 0
32850 0
34100 1
32770 0
33020 1
33060 0
34370 0
33469 0
33619 1
33450 0
33090 1
34739 1
33900 1
50700 1
34130 0
34359 1
32080 0
34520 1
34549 1
33819 1
32010 1
34110 1
34279 1
32160 1
32900 1
36010 1
32100 0
33340 0
36850 0
33689 0
32339 1
32610 0
33700 0
31889 1
33290 0
33350 1
33380 1
31649 0
34350 0
32580 1
33980 0
32729 0
42610 0
31480 0
33240 1
33389 0
33310 0
33110 1
33349 0
33609 0
31520 1
34280 1
32780 0
34270 1
32790 0
34420 0
32050 1
