145929 0
96679 0
91029 1
84999 1
84609 0
86439 1
81769 1
84919 0
91839 1
107329 0
146388 0
93130 0
85650 1
84669 1
80939 1
79419 1
82989 1
84709 1
82019 1
83659 0
80789 1
79479 0
83559 1
91159 1
82769 0
80039 1
85269 0
82579 1
85310 0
98989 0
103139 0
89319 1
102229 0
102289 1
99379 1
102619 0
90930 1
86169 0
86429 1
91979 1
88079 1
83949 0
83460 0
85009 1
81559 1
86359 0
97170 0
103690 1
111539 0
112739 0
113128 0
116130 0
120699 0
105039 1
110588 0
108899 1
98599 1
103879 1
104860 1
104399 1
104379 0
105229 0
107769 1
107079 1
111619 0
103929 0
100679 0
104769 0
108079 0
109689 1
103309 1
110149 0
107459 1
101319 0
127759 1
104589 1
104839 1
85809 1
108849 1
107809 0
110219 1
97219 0
106739 1
118719 0
109499 1
106219 1
111779 0
117739 0
110599 0
115679 0
109729 1
116049 0
117479 1
109049 1
113109 1
115119 0
112159 0
113419 0
106039 1
104609 1
101049 1
119169 0
108629 0
104029 1
100859 0
105719 1
111669 1
106389 0
110669 0
118809 0
119719 1
93279 0
83439 0
85910 0
84669 1
81439 1
82479 1
82600 1
84909 0
81159 1
83289 0
83750 1
95119 1
82799 1
84369 0
86309 1
83429 1
86650 1
82499 1
90619 0
112129 0
112779 0
109829 1
111029 0
98869 1
87610 1
97388 1
96340 0
91709 0
90649 0
94389 0
88849 1
84439 1
95859 1
86309 0
85579 1
86029 0
91609 1
99460 1
88299 1
93369 1
111079 1
112349 1
101639 0
88389 1
92259 1
96329 0
88930 0
85439 0
85329 0
84919 1
86369 0
84639 1
85539 1
85299 1
90119 0
81480 0
83159 0
84249 0
87499 0
87440 0
119438 0
107330 1
86919 1
102809 0
96789 0
105189 1
104759 1
96379 0
84179 1
88909 1
93599 0
89419 1
85519 1
86649 0
85500 0
95568 1
91019 0
92549 0
108999 1
109049 1
113309 1
109069 0
119329 1
122409 0
127588 0
110090 1
104379 0
106788 0
108539 0
102890 0
105659 1
115219 1
103259 0
101779 1
106829 1
106059 1
106219 0
104559 0
102919 1
102999 0
104959 0
106549 1
100419 1
106949 1
95039 1
88759 0
105248 0
93769 1
90679 1
100079 0
115659 1
96669 1
107909 1
118129 1
108109 1
113879 1
112869 0
114699 1
119509 1
106669 1
118499 0
121059 1
127459 0
109519 1
98679 1
107410 1
112759 0
98620 0
107249 0
116449 1
104599 1
110679 1
105589 1
110549 1
110319 0
96329 1
111189 0
111119 1
111839 0
112069 1
113439 0
106949 1
107339 1
119398 1
106119 1
91660 1
101649 1
99209 0
87909 0
85559 0
99600 0
83119 0
87129 0
86279 0
84849 0
85209 0
84119 0
101779 0
111529 0
92879 1
109949 1
95279 0
103519 0
122019 1
120029 0
95219 0
99049 1
88610 1
95239 1
83109 1
87279 0
97489 1
85999 1
87279 0
87709 0
94489 0
95959 1
86419 1
94809 0
88070 1
88120 1
89219 1
107419 0
99189 1
113579 1
115359 1
108559 0
86759 0
83079 0
80740 0
285637 0
83009 0
83180 1
86209 1
86289 1
85579 1
84719 1
82080 1
82689 0
86649 0
82830 1
84659 1
100179 0
97949 0
83869 1
93189 1
86420 1
85808 1
84480 1
81619 0
82749 0
82220 0
83229 1
95049 1
81359 0
85219 1
81459 0
83509 0
80609 0
83829 1
80490 1
91939 1
101979 1
108539 0
117239 0
114259 1
116489 0
118429 0
108379 0
118978 1
109939 0
115788 1
106528 0
120688 1
113168 1
105630 1
106290 0
109159 1
108839 0
108050 1
108908 0
109379 1
115779 0
108879 0
104619 1
105699 0
104499 0
105019 1
104569 1
99469 0
97049 1
102949 1
107669 1
106929 1
101729 1
115929 1
106609 0
110769 1
117519 0
118909 1
112049 1
122379 1
113059 0
112459 0
112239 1
116599 0
130779 1
114559 0
115719 0
132959 0
121809 1
112479 0
110329 0
114929 1
105259 1
107619 0
115209 1
110329 1
170738 0
100819 1
105749 1
111310 0
103708 0
108139 1
107050 0
107199 0
115808 1
117188 1
110739 0
108190 0
123008 0
106809 1
81820 0
80609 1
257407 1
91379 0
83439 0
82179 0
89289 1
86850 0
84949 0
86799 1
82969 0
88159 0
84369 0
85749 1
84879 0
96499 1
88759 1
110310 1
109548 1
87159 1
82689 0
87189 1
83229 0
85389 1
84379 1
83309 0
87919 0
81589 1
83419 1
80369 1
86759 0
85109 1
80339 1
82319 1
83249 0
87219 1
85629 1
108039 0
108090 1
121450 1
107948 1
99859 0
96630 0
92199 0
104079 0
92019 1
90839 1
99869 1
89470 1
87140 1
86229 1
86229 0
83889 1
81959 1
90839 0
96929 0
112179 0
97689 0
98909 1
85499 0
85169 1
96719 1
131619 0
95059 1
96300 0
82249 1
86509 0
83509 1
84179 0
96329 0
83499 1
85269 0
81479 1
87210 0
96219 1
107849 1
115889 1
116649 0
118639 1
120330 1
105959 1
112350 1
116948 1
112439 1
111190 1
111168 1
113448 1
108060 1
109648 1
111369 0
110099 1
125049 1
108559 1
109679 0
111889 1
108379 0
105529 1
113559 1
102479 1
106599 0
113729 0
102709 0
107639 0
100479 1
101299 1
102610 1
111810 0
107539 0
104159 0
106339 1
96899 0
95589 1
104529 0
110119 1
109349 0
109439 0
113499 0
114119 0
115049 1
110469 1
106799 1
113789 0
113379 1
115729 0
113599 0
111939 1
110208 0
109539 1
102730 1
114319 1
111399 1
109539 1
111079 1
106399 1
113919 1
113608 1
116690 0
114579 1
104679 1
105728 0
96460 1
93759 0
91149 0
98429 0
86039 0
90090 0
89180 1
88949 0
94089 0
99669 1
86959 0
90460 0
83850 1
88219 0
99319 0
96709 1
112229 0
109979 0
109699 1
96019 1
86509 0
81869 0
81299 0
82539 0
82079 1
90629 1
85469 1
82519 0
82119 1
85609 1
83699 0
84009 0
83849 1
82779 1
86239 0
83019 1
82719 0
103349 1
107599 0
116409 0
110229 0
91729 1
99940 0
99888 1
107519 0
104330 1
101659 1
100619 0
96629 0
99349 0
93439 0
90119 0
88939 1
87659 0
99969 1
90829 0
93699 1
103479 0
96269 1
94390 1
87739 0
92169 0
95909 1
89809 1
92209 0
85159 0
84989 0
81109 1
87369 1
82349 0
85429 0
84960 1
84489 0
82649 1
92789 1
112688 1
117799 0
123589 0
123909 0
107059 0
110409 0
109159 0
105479 0
108449 1
112919 0
109809 1
108539 0
110489 0
98279 0
103979 1
110399 0
94579 0
103020 0
104468 1
111150 1
103499 1
117519 0
111899 0
114229 0
116489 0
109769 1
110419 0
110799 1
111579 1
111499 0
115429 0
114469 0
109049 0
112399 1
114669 0
114489 0
111909 1
106879 1
108329 0
112549 0
114999 1
112509 1
104359 1
111989 0
107159 1
113289 1
119769 1
109159 0
120159 0
104019 1
106719 1
108999 1
110219 0
114999 1
107019 0
85819 1
86649 1
95719 1
111899 0
90739 1
104340 1
106559 1
88769 0
103979 0
112269 1
103249 1
80879 1
96729 0
103420 0
89979 1
76869 1
78259 0
82920 1
93888 0
93699 0
89069 1
92679 1
95499 0
89859 0
99870 1
79589 1
75279 1
79839 1
84679 0
81349 0
88549 1
106739 0
92439 0
77729 1
91129 1
81439 0
86779 1
82699 0
76880 0
76969 0
105729 0
99649 1
81069 1
73150 1
74550 1
77799 1
76890 0
77140 1
86029 0
74689 1
76920 1
77899 0
82069 0
83749 0
82779 1
89839 0
82499 1
78979 0
75890 0
74219 1
76509 0
84820 1
83599 1
77509 0
79169 0
76339 0
72829 1
79359 1
83219 0
79669 1
76069 1
75479 1
76330 1
82109 1
82689 1
83210 0
98550 0
105690 0
84850 1
94879 0
84139 1
99159 1
96369 1
107319 0
111299 0
103949 1
85589 1
93919 0
99359 1
93739 0
96679 0
99079 0
99539 0
97249 0
105628 0
101068 1
102330 1
107709 1
93429 1
94799 1
97409 1
103829 0
89259 1
92219 0
107319 1
95710 1
93890 0
97659 1
95549 1
99189 0
107619 0
109279 0
110449 0
107419 1
120729 0
104259 0
101059 1
108789 0
99869 0
106059 1
101189 0
91719 1
99539 0
109759 0
108310 0
100530 0
98219 1
100549 1
102399 1
101149 0
107139 0
96909 1
103919 1
117119 0
96029 1
101119 1
96579 0
103910 1
93308 0
97520 0
99449 1
99399 1
99819 0
114029 0
101499 1
107109 1
101709 0
97519 0
83020 1
90430 0
82339 1
82679 1
81989 1
81440 0
91149 0
79049 1
83099 0
91499 1
83520 1
84519 1
78579 1
88179 1
81880 0
92979 0
101659 0
89089 1
107089 0
94089 1
87529 1
78209 1
75059 1
78149 1
76770 1
79229 0
78309 0
74619 0
81389 0
79659 0
88549 1
78149 0
78019 0
77219 0
78449 0
76780 1
79939 1
77409 0
78669 0
96660 0
100669 0
109979 1
111609 1
87099 0
98369 1
85969 1
85930 0
90950 1
80609 1
83009 0
84709 0
87370 0
88779 0
87159 1
83509 1
81010 1
80060 1
90479 0
83579 0
89390 1
82089 1
95399 1
90149 1
82359 0
93719 0
88619 0
85419 0
84529 0
79389 0
81860 0
84480 0
76029 0
77429 1
77470 0
82139 1
77199 0
79579 0
83749 1
75569 0
74109 0
77499 0
97080 1
98249 0
96999 0
102219 0
99979 0
98739 0
112399 1
100539 0
99459 0
107269 0
99590 0
98688 0
98149 0
100609 1
97769 0
99309 0
115499 0
97849 0
92649 0
141429 0
93699 1
94379 0
91249 0
94709 1
104010 0
91030 0
103109 1
96619 0
88549 1
87029 0
96169 1
101239 0
100079 1
100248 1
97460 0
106489 1
102609 1
100489 1
87909 0
91389 1
87740 1
95819 1
105430 1
105459 1
100559 0
102709 0
97249 0
101039 1
96509 0
108119 1
100109 1
91559 0
81450 1
79639 1
82929 1
79979 0
77449 0
76399 1
87969 1
77999 1
85680 0
82819 0
77629 1
81829 1
79369 0
100829 0
105889 1
89949 1
101789 1
86249 1
89589 0
100469 0
90059 0
84509 1
93949 0
83029 0
82060 1
81459 1
85249 1
90139 0
91649 1
97300 0
98469 1
102619 1
91219 1
95389 0
95089 1
77270 1
89789 0
92309 0
96659 0
108459 0
103939 0
113479 1
103449 1
82329 1
86499 1
84450 0
