168578 6
111819 14
122419 9
118349 5
129939 3
129298 23
116949 11
129709 6
120349 23
115439 19
121449 3
119599 7
124469 9
135678 18
114639 22
113448 5
112629 3
115729 5
110489 14
115969 8
119179 14
120289 2
106869 8
117139 19
118839 3
112519 13
118889 20
106449 21
113979 0
115449 18
123079 19
114349 3
119339 12
121829 17
118068 4
117778 0
115569 4
118669 13
130819 7
113239 7
113089 15
112349 14
125779 4
124299 5
116269 10
120199 22
121589 17
129268 16
140958 15
119659 21
121579 15
120269 18
125989 18
117399 16
130618 13
123330 12
123738 18
117269 3
132299 13
134589 21
130269 7
125249 21
126248 12
128059 8
137559 2
119479 2
319177 22
124049 20
130319 22
134599 17
121090 6
122278 2
126289 12
123019 12
130549 15
135309 16
128318 5
127219 9
126849 10
132469 7
127609 20
130429 5
123809 19
122339 22
127128 9
128989 9
120569 5
125729 1
127109 16
127979 22
117870 11
124569 3
123649 21
134719 9
187968 22
119139 14
126019 16
127259 14
128259 11
129558 5
134550 4
123269 14
128789 1
127589 3
120859 4
122009 15
123969 7
120219 15
134858 15
124278 20
128119 19
124209 3
127669 20
128009 11
123599 3
130029 5
126828 16
129449 2
122099 8
124669 23
116149 1
130699 14
129258 3
124498 5
138649 17
128279 11
128009 13
125959 8
130588 18
126679 19
123639 22
121629 3
132749 17
126389 11
127899 17
121348 9
115999 18
130509 20
127719 12
118909 7
134319 10
119509 3
127149 11
123670 3
122148 23
121669 10
125809 4
123289 22
142759 20
123168 23
124339 3
126419 7
118309 20
120849 3
115369 9
127129 15
143239 14
113699 18
115409 4
114310 12
122039 12
118629 20
130919 22
119629 11
130319 16
114529 21
120139 20
295157 3
125139 9
120169 3
123509 17
138659 16
123148 7
126388 15
123308 15
117459 14
127579 1
123409 12
117959 19
138619 21
115968 20
126190 16
118668 20
125269 9
119349 15
115279 0
134379 23
124869 6
115989 23
130859 17
122030 18
117049 2
129219 3
126829 15
125459 5
136809 23
117689 15
123309 4
123918 9
121949 11
124609 15
123669 10
124669 20
127009 17
120179 1
125559 16
123739 23
124729 22
121969 7
123739 8
119749 22
131069 11
120989 1
130158 12
123259 11
119098 1
122079 0
134869 11
121069 4
123849 17
121029 7
115019 12
125708 8
120799 22
132148 13
120899 6
127819 1
138379 19
120259 9
124158 12
118059 4
114099 4
126779 8
122769 22
120899 19
126689 10
110929 6
118779 17
120279 21
122589 4
121279 9
123878 16
126439 15
130098 13
114639 5
115099 10
124199 20
128819 18
129589 18
121918 10
128628 3
136368 9
120309 5
113669 18
117099 8
118309 6
120999 7
118949 19
120029 22
125229 11
130729 6
121459 11
123809 10
125119 0
119539 3
125689 16
121179 1
120609 11
128419 19
124308 16
118819 22
120659 11
121109 1
121939 1
123949 3
125569 4
126868 5
119630 0
124189 1
128169 15
119509 16
127059 2
120689 13
121929 2
126629 11
112890 9
125139 9
118629 21
124609 4
124379 3
133749 10
126129 15
127369 0
116059 23
123230 22
126548 19
123199 15
121489 4
121819 0
123129 17
136279 23
115798 4
118808 16
117099 14
116539 17
120889 18
126599 0
122839 12
137739 16
119449 8
128789 19
122189 20
129159 16
128849 1
124489 6
122669 11
171648 4
125778 15
116409 21
122959 16
117139 17
122629 20
127029 5
126189 11
135278 23
127328 9
116059 22
119129 21
125279 14
122629 1
123179 11
123989 12
134828 2
117519 19
123918 15
126589 23
132829 10
116429 8
123039 18
117329 5
131159 7
120450 0
117149 0
125219 9
127139 6
129659 18
121329 13
121179 14
129489 17
116959 19
124998 12
122279 12
122879 10
126179 7
127289 3
116329 11
133548 2
123048 3
119250 9
116769 9
114699 15
118669 12
126789 8
117839 1
133829 10
120819 12
122599 6
126318 17
124030 18
120869 1
117439 10
126659 16
118019 21
129739 3
120449 5
131489 6
121139 6
128410 20
119659 5
118769 3
148209 9
123549 12
118419 16
123219 18
121539 16
119679 21
122328 7
132639 2
118639 6
136879 6
118319 14
118529 6
125008 22
123218 18
123779 16
120179 11
128629 0
181328 18
113499 3
123509 19
122549 0
120909 11
129659 2
125999 19
135449 1
122219 14
119269 5
123729 8
113549 19
122759 18
129529 9
126079 10
125618 1
120199 10
125439 12
129089 14
128099 9
127969 9
123869 11
129729 8
136298 4
117279 7
118009 1
125309 4
126179 5
118409 20
122409 19
120699 5
131008 19
118439 13
113328 11
127479 18
129539 19
130309 10
123899 2
123629 23
132418 7
113230 0
126399 9
129819 6
122499 20
112289 16
126299 20
126099 13
131499 8
117769 3
121090 7
136468 22
130599 4
125199 5
126879 10
119109 19
130178 5
127048 21
122159 5
121659 14
129489 8
120249 6
119819 14
128099 3
136728 8
114719 14
119029 0
120259 19
129689 19
122809 17
126189 23
115969 22
139039 11
116259 14
114190 6
121268 4
124789 2
123689 21
122399 19
128179 11
121649 22
178948 9
125189 4
142779 13
118308 23
119979 10
129439 15
128009 4
138559 15
117849 21
115009 8
128029 18
122958 17
125749 9
124809 21
121489 23
138359 2
116179 9
113889 17
133269 10
121849 0
124290 3
133319 3
121229 6
131879 0
123479 17
117129 19
120149 15
117819 11
123778 23
126030 20
116728 12
138689 18
116369 12
122359 15
130449 11
124789 2
122329 15
128198 3
123599 2
126589 12
114789 6
118359 10
114509 11
123349 20
119779 8
129728 4
125759 6
122209 9
125639 23
115199 21
117859 21
113219 3
121839 14
122759 1
122329 7
112799 7
126169 14
117059 6
125208 10
124248 23
114979 10
126639 15
119919 20
113619 11
141519 4
123168 5
117899 7
124039 21
120068 2
121239 5
113439 11
120519 9
129969 22
165139 21
127718 20
126419 16
129459 21
131299 2
132019 15
123379 14
168838 8
117539 10
118119 3
124289 19
122379 5
128609 20
118719 15
117199 15
113719 20
117079 19
126649 17
115859 14
120359 21
127069 9
138908 22
121159 8
130538 13
122499 17
120979 22
120579 2
122099 21
121079 20
121659 3
120688 12
119599 9
121708 20
116039 6
118329 9
127329 15
126359 19
121789 15
128649 22
133888 0
110970 19
123249 13
121569 21
114299 8
116619 11
130209 19
127469 16
125759 0
120288 6
128039 3
120678 22
113299 5
138169 20
121629 7
125609 0
126699 23
114869 0
115449 8
123670 20
123428 1
123059 5
121739 21
127239 0
128319 8
116339 12
120889 14
124468 10
119419 6
135348 23
128169 22
116089 16
140949 6
115909 8
122809 12
125788 23
121799 8
121619 1
119089 6
124629 19
135939 16
112919 1
121779 23
121689 16
126558 13
119708 21
114799 9
128308 19
125229 5
162619 0
113529 15
125019 20
125390 5
127089 5
119619 22
125229 8
133219 1
117829 10
118079 9
121699 22
125750 5
134828 1
121599 18
122349 10
135009 0
122409 21
124269 3
126419 21
124879 20
118769 21
113439 8
126819 4
135679 19
123689 0
125208 22
135838 2
122769 8
124529 8
124819 9
119179 0
120209 6
116499 14
125478 5
122499 12
118508 13
122208 16
122249 20
120249 10
126269 18
126109 15
119129 22
118619 19
120708 12
123599 9
120758 23
120679 3
121019 23
128989 18
119529 15
120889 9
120439 22
125899 2
126888 6
122609 8
115329 7
140349 23
120399 9
113929 3
116149 20
120809 2
123819 17
119419 7
125879 11
129199 6
118109 2
120229 14
124519 6
121219 4
127149 22
116609 22
125569 6
156838 4
115449 4
117969 13
120659 7
121699 1
116509 2
119839 11
119789 17
125138 10
111319 17
119470 16
120830 19
122968 6
114769 2
123069 17
120319 4
118879 19
132709 23
115869 12
129338 8
118168 23
117348 14
123369 21
118079 23
125599 8
123849 17
111729 11
116849 0
115909 14
113769 6
120669 20
140648 22
125048 9
133709 19
121179 10
127659 2
126519 15
121699 2
128558 19
127489 3
129349 23
136759 5
118329 6
122149 10
122069 23
123298 23
126218 4
118169 12
117189 19
135129 13
115539 1
120459 16
125729 19
121219 3
121669 12
117299 21
130759 16
124788 6
109439 16
130459 18
124829 15
128569 18
123269 3
117899 6
124798 14
135189 15
122159 12
120469 1
132479 4
117989 11
123839 7
122229 11
116768 7
132479 21
114919 0
116209 8
126279 18
126189 10
124809 2
115659 18
119069 4
119739 19
136088 9
124679 6
121989 15
129909 11
124039 18
116729 10
118539 9
123929 20
114689 2
123839 3
136329 0
129499 8
123329 19
115489 13
124689 2
121319 13
130468 8
113548 2
126228 4
125639 10
114939 2
115269 2
124319 16
121769 13
133919 9
115049 21
125608 20
118288 12
124488 22
127029 23
130269 16
124389 6
125129 2
110959 12
114449 17
113499 16
122949 20
127679 21
117939 9
124849 4
127979 10
124199 17
117259 13
113819 22
120439 1
115719 19
125269 15
124448 21
120179 4
131539 17
120399 13
126699 18
116759 2
128019 8
136158 20
125639 21
118408 20
135399 12
132559 0
121339 21
117569 14
121279 23
113129 0
122359 14
120750 9
128659 9
118679 7
121339 19
123129 3
112739 4
123779 8
118329 8
120959 17
131599 7
121319 19
119878 17
116189 3
116909 10
117929 14
118009 21
119139 13
144459 9
120399 23
118988 12
119019 10
121608 11
119269 12
119689 14
122359 23
177379 19
120388 21
122518 20
120729 19
116229 23
116609 8
121909 22
119609 23
133129 15
116519 2
118429 16
117069 4
116188 5
120188 16
136719 21
116099 0
133799 16
122249 6
122339 15
122789 23
126279 1
122550 21
116928 4
117839 14
112879 4
126089 17
112199 6
126809 15
119779 23
119709 2
120619 11
124888 18
127239 13
138399 10
120619 23
113059 14
116909 3
116369 14
116469 20
121039 3
118799 4
132898 23
118159 4
112948 13
118348 20
130119 1
128049 17
118979 6
119189 23
128369 18
120639 3
117179 10
116490 13
119770 18
124848 3
114979 9
119029 14
123509 11
128889 14
117649 20
119379 9
116809 18
127578 12
118899 16
119768 12
123719 19
124909 11
105509 1
125019 20
121829 22
128649 1
122179 2
115789 0
119098 1
133988 18
104819 15
120539 8
110779 22
121039 23
118969 17
118049 13
122909 20
119389 22
175949 20
108390 18
115628 17
120799 23
121199 12
124159 3
120599 20
124269 14
126789 2
123279 4
321397 14
123979 15
124859 18
123879 9
128239 6
119349 13
113439 8
118479 18
120389 8
123279 17
114589 16
118119 0
131389 12
118119 4
117858 7
120519 9
126739 6
122719 0
121309 21
128959 13
133919 9
121059 16
116679 13
123399 21
127319 19
114509 12
