99771792 8
20016172 0
19976932 10
1840 10
37990714 1
1001270 3
10994871 8
108002961 4
2001250 7
8470 5
2930 4
9998531 11
3200 1
8987201 7
11006812 0
19996663 8
158005767 10
7699 5
21984853 8
9995591 11
4280 0
3300 11
6750 4
19991932 1
10997201 6
2271 9
4940 6
4049 6
108999982 4
40004185 2
19989752 0
19992942 0
330 9
19997042 3
8260 6
19991842 0
1009270 6
79018619 0
129989174 0
7460 1
39974854 7
3550 3
110015102 10
77989658 1
360 9
31989604 5
2970 3
30006623 6
98997131 11
51008765 8
79990189 10
59990286 5
20016871 0
99985642 8
7560 10
3260 10
400 9
18991203 6
1024969 8
250 9
49987306 0
20001422 3
370 9
58986877 11
3700 1
81011418 4
49982236 8
110005962 3
3749 4
60001237 3
3200 6
4000 4
3110 6
5020 4
3170 4
209966713 3
140036535 1
15940 8
23740 10
7230 4
18930983 3
993300 2
128999024 7
998130 6
170999088 3
169016648 4
5149 0
3831 8
3200 2
2779 5
460 9
79967909 6
1007630 10
79007539 3
19981242 3
79662042 5
120017023 7
985700 8
4980 11
2900 0
2690 0
2910 7
7990370 5
340 9
2260 8
3171 7
240 9
68987287 10
2390 11
2030 11
32008163 5
3271 2
59988376 7
89993940 4
11530 1
80001078 2
57989217 5
2014830 1
580 9
19997872 3
69991838 6
90992270 3
8109379 8
290 9
10916652 10
370 9
79986659 3
139998315 8
4030 0
2530 11
3190 3
59989597 5
20002962 5
19986482 8
10003531 2
14590 3
1150 9
2990 2
2190 8
320 9
2520 2
29987243 6
99984861 11
40002024 2
3880 3
20011162 5
20001913 8
3300 4
99977011 10
25859 0
2100 10
39984135 4
3670 7
98992551 2
995070 7
20010122 8
20000372 11
3340 7
300 9
3520 8
3480 0
159979357 3
3409 10
4600 2
2580 2
2840 2
2320 8
17981442 0
1000661 5
2700 8
2191 8
41007034 6
59984996 11
160044717 4
3580 1
140956306 11
48997825 4
3960 1
19996342 3
20009052 3
430 9
19993863 10
20997482 3
17998972 5
3560 0
41016794 7
19987772 8
20018342 3
2790 3
19969043 10
8727664 4
2810 8
470 9
31003233 5
4210 0
39992274 2
8995911 3
5550 4
41004415 7
460 9
49996635 0
19995612 5
79996099 8
100010351 5
10259 1
129982135 0
20010162 7
79983379 3
20013142 0
60000646 0
8992761 5
1210 9
4440 11
10997161 0
7998671 1
2970 0
12003262 4
8811 2
6099 7
39978195 10
996620 4
460 9
17997092 2
71005178 0
38993784 2
61012326 3
3710 4
39995075 5
2810 5
4000 8
29989533 2
4330 0
39993054 11
67996198 1
4690 2
42004254 1
8993811 3
12000292 1
2620 11
4200 7
7988792 2
31018753 5
49989896 0
20000672 11
4410 3
4810 10
2690 10
3020 11
3670 5
99978321 1
410 9
6540 3
119983603 4
158004127 3
32015954 4
3631 0
3440 0
3940 6
3591 7
3171 6
3189 6
2980 7
20959993 11
7001021 3
13997091 2
35996434 6
42008165 5
19999322 1
21997052 1
38004574 6
10004731 1
39990565 11
8820 7
10149 0
3200 0
3220 1
3151 0
3809 7
79974889 8
80000199 10
340 9
19991262 8
19998642 8
20006363 5
20992272 0
18693855 2
20002632 3
19990152 6
100001181 5
5400 2
39994584 3
20003923 10
19101631 1
30899784 2
10007471 0
19994782 4
380 9
20000982 11
2900 7
59988537 6
40007024 8
4010 10
19993072 3
10780 0
4530 7
440 9
3720 0
3480 1
3220 3
3240 4
129964104 10
20011582 10
19987563 4
1003120 5
19007202 8
39993084 8
19995632 6
20014322 1
139995815 1
52986916 5
4600 1
96005960 10
21992172 11
4210 0
7101400 11
3810 5
3660 1
3230 5
51901886 7
3860 1
3310 6
5960 10
99969862 8
80004709 11
2980 5
1994020 8
2120 8
3170 5
3750 8
3170 5
125990354 0
6140 4
3760 2
3610 0
32985853 8
560 9
3600 0
3300 2
3520 4
38988355 11
999050 7
490 9
18996132 3
40016704 1
3450 5
350 9
149988566 11
7690 11
7981831 8
92000240 4
3550 7
20996262 5
98999811 11
98002181 8
2590 10
3250 6
3390 3
42989495 7
3251 7
2430 10
3310 2
370 9
2400 11
1960 10
2730 2
3140 6
28978493 1
20004513 2
128998304 3
21012882 4
3430 4
99712934 8
40002744 0
3190 1
19997022 11
20000883 0
3631 1
2971 11
3480 1
59982267 5
20004742 4
19990563 5
18003591 0
42009135 7
39986344 10
40002254 4
9480 7
9992092 0
6070 8
40006735 7
3030 4
19990812 2
8993011 1
111009402 0
3470 1
410 9
3150 5
330 9
19981292 0
20010182 4
19998353 6
11020 5
420 9
19989542 4
38991984 4
1007180 6
39998514 4
996311 2
3489 2
19995113 3
2850 11
3220 3
58989766 10
4960 2
20003452 6
39994005 1
999281 0
138004935 8
3329 1
999981 11
19999502 8
28996563 3
11003721 7
8993001 7
2550 11
10995002 3
11849 5
8990802 1
2489 1
460 9
3880 8
90987480 6
40012685 10
69998238 8
330 9
38989895 4
2780 4
1012850 0
20984353 5
38999824 0
19999762 5
20009272 3
68995868 2
10995691 4
30000913 6
3210 3
118994973 0
41017455 10
14539 2
6910 2
19965183 5
5080 0
1950 9
8993901 5
3230 3
30990893 2
410 9
8000901 6
2001120 10
40006724 0
60007687 11
100983271 7
350 9
3200 3
3900 1
3300 3
98711374 6
10008671 6
27987323 5
480 9
2002170 0
19999892 8
12610 1
19995762 5
5000 6
3870 0
3830 2
3420 5
720 9
28979503 10
3740 4
3580 10
10995862 8
2940 2
10011341 5
2891 8
29971893 2
3040 10
1560 9
360 9
49996796 3
20009662 7
60003546 8
40988135 7
3709 4
3349 8
18989552 5
12001652 0
5860 0
8004051 6
10001631 3
59992446 4
89993880 10
3890 4
9160 8
8310 1
2650 11
19975092 10
2690 8
9003971 10
3330 4
3370 11
3760 1
360 9
159983247 7
3949 7
2600 10
3571 4
90988460 11
480 9
20021201 10
2910 0
4450 0
29969824 11
4200 11
20005122 2
90000930 3
3330 3
5380 0
79990129 5
18995552 2
80996839 2
4110 5
39997715 8
50006455 1
2910 2
19993422 8
49996886 0
99997331 7
20000022 2
20000002 8
4430 10
2170 10
2910 4
39989004 6
430 9
6690 2
99997461 5
1998300 7
2490 8
19003192 11
20990532 8
2389 8
138005915 1
5810 10
380 9
39994775 1
19998822 11
2450 10
149997156 7
3451 6
721013 5
26996592 10
4850 0
3330 5
2180 10
31995234 4
3200 0
2730 0
49994335 1
19991742 10
3130 0
4460 10
20001352 6
2471 10
119998393 3
60003487 5
3340 7
2540 5
19995172 1
2430 10
19982103 8
94005321 10
2849 8
371 9
76001738 6
19994192 0
6210 5
3240 5
6990 3
2780 3
2490 5
19979642 7
3040 6
19997392 7
180003440 1
2580 10
3060 4
3120 2
8986061 7
2900 7
2390 11
60998587 5
20003282 7
7994052 0
3400 10
3460 2
3320 1
3560 0
2400 10
121987414 8
3650 1
3399 1
3060 5
19981852 4
60001176 4
3171 2
2589 11
4971 6
2649 11
4330 5
2730 0
2770 2
127974204 8
3360 5
400 9
3130 6
1099089 8
90894621 0
20013393 5
360 9
59997686 4
4860 11
2560 6
48983175 4
62001087 3
39012344 10
27982573 5
3140 5
3180 5
41999225 3
7470 0
2850 0
19999152 4
19985992 11
21000462 10
2260 11
18995743 2
3359 1
20004413 2
3200 7
19996842 4
5820 0
19991622 11
3290 5
19726015 11
21370 0
19983822 4
2460 8
69999508 5
39996294 0
51993276 5
66003477 2
32007054 6
2360 10
360 9
2140 10
2700 7
59995406 0
9994481 10
70015148 2
19975953 8
240013416 1
39988835 10
100018541 3
2830 5
19982543 0
8759 7
20003462 11
985211 6
18999562 4
2700 11
2300 11
40007844 7
139985035 0
3001160 10
17004052 7
40003264 1
11993651 1
3280 1
3130 1
37995334 8
5000 3
12450 1
19979912 4
2720 8
40014455 10
9985811 0
10150 11
2970 8
61980396 6
1004591 4
3070 2
490 9
135994614 5
1001039 11
80005149 4
20009482 0
3630 0
89981050 10
100007391 5
3210 1
2210 11
1987380 5
19997413 8
17001312 10
2540 8
3520 2
29995943 1
3600 5
10992991 11
90001010 7
3440 5
3010 4
20008292 3
3160 0
2871 0
3200 4
19989572 6
19995092 7
390 9
280 9
69989148 10
19997922 6
40002184 3
2840 3
2840 3
2990 7
2740 7
3200 4
310 9
2670 3
3110 5
280 9
7981591 2
2850 3
31992983 8
20005163 3
10997201 4
3070 4
3040 8
8708214 5
3340 1
189987080 7
50020345 4
89975360 2
4850 2
369 9
1995381 0
2970 3
168004768 7
3530 2
2840 8
4840 4
18981392 5
41017224 7
59990756 0
3850 0
18989202 3
3210 6
3020 6
20990822 8
100008791 0
5390 2
80012969 4
39992094 11
350 9
39999385 5
60985546 8
3100 1
2710 1
350 9
2520 1
300 9
3400 0
280 9
3040 7
2080 8
2560 1
58978877 5
8999751 2
11010231 10
18985322 3
61014766 6
58985317 10
61006837 5
2990 4
19995092 7
3330 6
19995382 4
10003331 0
2960 0
118991265 2
3240 1
131003937 10
992810 8
3240 6
430 9
3230 2
3050 0
260 9
300 9
68987228 1
9999411 0
2870 2
50016486 3
39984465 11
180202080 2
39802095 4
8992593 7
99003913 2
3190 2
11994354 6
490 9
4190 11
40003723 10
19996677 5
2620 8
19988517 11
20000927 11
360 9
20005216 11
39994224 7
20001677 2
2729 10
331 9
380 9
280 9
20005367 5
3370 6
2920 6
18982657 7
1000920 0
19998077 7
20009307 6
19723199 7
40018944 8
2930 7
2982541 6
36993952 10
5740 1
89996031 3
18490 7
169980588 1
100014723 1
39988264 8
11997974 5
57997060 0
8520 5
3749 5
1611 9
56989599 2
34995752 3
138017266 4
20001097 5
29995580 0
690 9
9989373 1
700 9
39995584 8
3560 0
5240 4
4800 7
3860 4
19987486 5
20006107 4
40002134 3
60002150 0
4510 10
40002463 7
100977605 1
3609 0
4591 7
420 9
291 9
19991016 3
39000874 8
40011763 3
10007243 8
9989713 2
400 9
100000864 0
27992770 1
4080 1
31996320 3
4131 4
7029 1
159995874 5
3990 5
19994097 8
470 9
19999047 1
70003173 11
20006907 3
3510 1
3170 1
430 9
4120 1
4030 3
19967567 11
48998706 4
2791 11
3749 4
2680 11
3291 4
3859 3
3190 10
30988301 8
3970 2
30988900 5
3490 7
3350 7
9001373 11
1980 11
19987477 7
90013760 5
531 9
3389 8
38984334 11
4830 2
3080 2
992630 0
9001793 3
3750 3
10994474 11
101999064 8
38014273 1
20001227 8
12987625 11
3770 7
