161828 15
86350 2
80109 7
75979 15
78369 13
88889 9
90519 12
83759 14
90959 12
90199 7
87379 11
80269 1
101050 7
88740 12
104629 15
101159 0
115299 7
108229 3
110799 11
113099 2
116959 7
140299 4
108469 9
91859 13
90509 0
93579 14
88279 5
81329 13
76049 3
65909 11
84039 12
63009 0
67290 3
72689 15
84480 6
77199 5
68169 4
63560 6
59780 7
69990 0
79359 5
84249 8
107289 8
117309 4
109809 12
104959 13
118668 8
129288 7
111549 4
105719 4
91219 1
95700 2
74040 13
80139 8
68730 1
67399 12
86969 3
94429 6
96849 0
96160 2
106979 3
108459 7
92119 5
65189 11
61679 15
85190 12
73850 11
76299 7
101280 12
91000 4
105849 3
102529 11
109429 10
122399 0
93029 8
98229 6
69149 15
87439 12
98759 12
92169 5
86400 12
113599 2
91549 13
121439 15
116419 11
125159 13
113240 10
107950 15
101779 13
107629 15
109809 9
81380 1
106199 0
102099 4
94399 12
109549 1
105730 1
108119 10
116109 8
107339 12
122949 1
109639 12
116690 11
119659 8
10092243 8
93160 13
101299 5
90329 3
86710 2
73929 8
89250 14
89510 10
79759 4
90869 9
90260 14
140939 3
99089 1
89709 5
77670 1
85759 8
85929 4
103399 14
117650 13
110649 9
133349 12
120409 7
119439 5
120789 11
109519 11
86639 1
89789 15
96999 4
109529 10
145719 11
108999 2
97119 8
117009 15
127249 4
118509 4
119329 4
131919 3
106159 6
117609 12
112639 3
98050 6
101859 1
103289 5
107509 10
104109 11
104819 2
126540 4
136718 11
123679 15
127449 3
117399 0
125619 10
121009 7
106599 8
118609 0
142129 8
102549 6
92210 15
87889 8
87149 14
86210 2
78499 12
86779 8
86450 5
96049 13
96129 14
98090 1
85119 13
70349 13
90219 5
74039 1
117719 12
123729 13
120389 15
110870 12
110159 12
108119 6
93059 13
88090 9
96160 12
85179 8
80169 9
87029 0
82719 15
88679 2
100059 2
100929 10
148399 14
93309 2
85189 12
71739 4
77189 4
100950 11
122739 14
154599 3
123260 8
10091112 14
86350 9
88839 8
85720 14
95220 8
75109 11
107179 1
110390 8
113240 6
119369 2
134649 0
123249 15
109359 12
117479 8
124079 7
116559 15
109409 5
127239 1
108348 9
108529 6
96669 6
92179 2
90500 5
92789 8
75419 1
75890 2
99169 6
86479 9
84910 0
79669 14
105669 13
85669 9
81319 2
75779 11
90290 8
89099 11
118829 7
102339 4
108209 14
107299 14
123709 2
98679 2
104649 0
93970 12
90239 9
81899 10
67390 5
82489 6
79699 9
91270 3
77479 6
111899 14
87810 6
112680 8
105799 2
85759 15
91760 9
104490 1
108319 6
105279 14
104429 4
137539 4
118819 14
116180 2
116959 1
94519 12
90339 11
97149 2
101229 12
103589 4
133249 12
89729 4
100109 0
98530 0
117759 6
115569 5
122269 5
140559 5
109399 2
127999 7
94839 15
108520 7
112610 14
114149 0
101189 0
114139 8
96530 10
106840 5
132049 14
127489 0
113659 9
120139 7
115189 12
123149 14
117489 4
119539 4
10152113 3
99529 7
96639 5
83140 9
75869 5
68499 13
85739 5
85169 2
90200 0
80570 5
91919 11
118229 3
112749 9
100449 8
101729 1
93839 10
177929 2
124479 11
127249 14
129519 5
117989 0
127309 14
105839 1
85849 5
91299 4
96059 0
100709 5
94070 3
92649 15
129379 2
101149 10
115569 9
112759 15
120210 2
118570 6
115209 3
104389 13
93229 9
114389 13
87060 9
85629 3
105889 13
90700 5
103080 15
98749 9
137509 3
120999 15
137749 11
140659 5
126549 1
127799 3
121369 2
138989 12
126909 12
122729 9
142749 15
99989 12
92779 0
93190 4
95259 13
91169 4
88110 12
90779 11
104939 11
90150 11
104190 7
92149 6
94849 3
78060 3
80589 10
109199 0
80560 8
86909 1
122349 7
171289 12
121159 7
115699 4
89729 2
105350 5
100950 13
86609 7
82119 8
83870 3
80139 11
96180 4
81780 7
5456578 5
505336 6
154659 3
107319 5
100919 10
115448 0
111869 10
147988 7
141679 8
131710 11
179579 5
120979 5
107789 2
98680 14
98109 7
109659 6
113549 3
123259 7
168409 2
108019 4
99730 11
121230 3
121108 7
123939 6
141329 7
138390 7
150078 15
134279 6
113640 1
117239 12
133659 3
116729 15
112109 6
119159 15
95719 9
150639 4
139429 5
147669 12
148629 7
115769 9
116329 5
125469 14
197369 0
127390 15
123110 3
114050 10
183148 15
298578 1
128429 12
115959 10
112599 14
116009 5
118790 12
107779 15
115329 8
93789 15
119119 1
90220 13
96080 0
81809 5
82100 11
84259 2
84339 8
76969 9
75449 5
82299 3
87830 7
74559 9
93789 13
79060 1
74099 5
74820 10
93490 11
86419 4
80750 12
119339 0
162858 11
119788 10
115679 2
86609 7
91779 14
88020 7
72899 12
80560 12
83560 10
89229 5
80529 14
75420 5
97199 4
105039 10
130319 8
102010 11
74630 12
74630 2
74020 13
85389 10
110520 12
113179 8
111599 6
118329 9
123479 2
114819 0
114769 12
76470 1
83900 1
88829 9
85190 0
98299 7
82499 2
83480 2
99799 14
89999 4
117219 1
114359 10
113509 4
122579 0
85750 13
78769 0
74680 14
76649 4
72790 15
91819 14
85459 5
76430 6
77329 4
86359 6
80009 8
97009 13
98969 7
104480 4
103809 10
102309 3
130519 1
83669 1
30856875 12
73739 11
54940 2
43630 8
53850 15
62230 12
65359 5
65860 1
58879 2
46630 6
42380 14
46880 2
47020 11
39570 10
42499 15
53910 5
51249 15
51020 13
63920 7
57570 2
59379 13
64239 0
56590 13
49379 4
43910 3
45700 14
41940 12
41040 3
51510 10
54560 14
52730 1
48759 0
46090 14
52090 1
60539 12
84210 6
92670 10
73759 7
56320 1
53820 4
57299 5
58190 5
62580 14
57449 11
61039 2
58540 6
58499 15
51250 7
50269 7
50200 8
48160 14
49059 4
50980 1
50500 8
54190 3
54490 5
57719 11
53390 8
53720 9
59010 10
54590 12
61800 5
54590 8
57879 13
57120 6
55339 12
50789 7
49290 9
46699 3
45530 8
43200 8
43109 1
41970 3
49940 11
41849 15
37970 13
40720 5
41929 7
42050 11
40660 14
41639 7
38589 10
37110 5
37480 3
36970 2
42700 14
38520 1
58019 9
63940 14
78309 12
75309 10
66909 3
50080 3
50460 15
55930 1
51289 1
47360 11
50170 14
40369 9
38090 13
42210 6
41289 12
39940 11
38990 5
40929 0
38399 9
44910 5
48069 8
53519 7
59650 9
48769 7
42390 4
40650 2
45369 15
42990 5
43400 8
52289 4
48110 9
50810 3
52499 0
58080 12
67559 3
60430 8
62859 0
59230 0
48410 2
40919 15
43480 1
41589 12
42209 13
50230 12
51629 11
52170 15
53379 9
50469 5
65160 4
70149 0
76419 5
82460 0
70919 12
56970 15
53479 2
59719 1
60699 12
60389 13
60130 4
61209 13
55570 1
51349 6
50970 1
48109 5
50079 9
56570 3
54309 0
62640 15
57380 6
58990 9
56310 15
57119 15
63850 12
58169 5
54480 0
50440 12
56590 1
53690 12
58130 10
50620 14
49029 12
54120 10
49180 7
58529 6
41340 10
41340 1
39009 5
38610 3
36730 9
37839 7
35650 5
41130 13
43330 11
41320 3
42860 9
39549 13
37239 6
37640 15
37340 2
37509 2
39810 5
43350 15
53329 15
80090 14
79719 15
118249 2
62740 2
64689 8
55880 7
57249 0
64500 8
57400 13
53239 3
43450 6
43229 10
44890 5
46370 2
43709 4
38600 0
40240 2
40879 13
46820 4
56700 12
70049 15
53610 3
46309 14
42130 12
44370 1
42419 0
45600 12
39550 9
39669 14
52670 4
52400 3
50669 9
52430 8
56049 10
60890 13
60849 12
57220 3
50270 0
45720 15
47950 9
50740 3
38930 11
39840 9
48329 4
55210 2
52000 9
57369 11
58560 0
51529 12
64080 9
76179 1
78480 1
81109 6
54900 6
55059 13
56820 7
63479 5
61570 6
59369 4
59170 7
61540 15
54170 6
49760 15
51289 6
48280 7
51109 14
43339 9
44190 4
54149 14
50809 5
47960 1
62019 10
62200 1
57149 11
61890 12
69239 14
60110 3
56509 14
54279 15
58639 13
57299 14
53080 10
51889 4
48480 9
44920 10
45269 9
42700 1
41930 6
39199 8
37390 0
41130 10
43679 13
43310 13
40020 3
41849 11
39009 3
36150 4
46580 5
36199 15
45740 15
43990 12
48019 15
74880 14
80479 4
76500 3
76209 6
48400 10
51540 0
51070 1
54199 1
45090 1
47070 12
41439 10
43470 5
46660 4
44949 7
54400 7
46119 14
41360 12
38880 14
40570 9
54560 11
48680 6
56849 14
50520 2
44980 15
39319 0
43680 3
42830 14
42079 11
40730 15
45200 2
49709 8
55060 5
67349 0
60380 2
76959 9
59150 0
60309 0
50740 8
43950 3
42129 15
44630 5
40550 6
48289 15
50620 2
53779 5
53770 14
48460 4
51289 10
62640 9
74359 2
77520 12
83949 2
67980 9
56290 1
52830 14
53769 0
49440 9
59020 8
52790 13
58260 8
64209 5
57970 2
51219 4
47160 0
50799 4
46979 15
52120 14
54579 12
56290 1
47490 3
70440 15
63679 3
52109 7
60230 13
65419 8
56160 6
66519 1
63850 15
55649 14
60890 6
61559 14
54510 11
50980 14
48079 5
43190 11
43620 15
45489 15
45190 11
67689 10
43630 7
44140 1
45739 2
64590 6
58190 5
56019 3
55729 9
58330 4
50050 4
62649 3
63660 13
102039 10
83799 11
94239 15
105019 4
77129 8
88869 13
106239 6
88619 5
82100 2
69750 1
64290 13
53050 14
61039 1
56689 0
50460 9
51439 8
70400 10
84859 9
74910 10
85640 15
74389 3
48210 3
51649 4
50360 15
51660 6
51119 10
45009 12
51420 8
58279 12
76960 1
62869 3
65940 4
63049 11
84080 10
73100 1
66130 10
58600 11
50140 0
51169 2
44040 2
48590 13
49560 4
68890 3
64269 12
60150 9
46379 13
67070 11
87879 14
81160 15
92650 5
84249 6
59380 4
57549 4
65900 14
61769 5
65310 11
61919 11
61240 9
65569 3
64879 8
58100 13
54860 9
55300 7
54109 0
55740 1
59189 3
56260 6
54839 5
56779 0
58960 7
59339 7
55910 2
59309 9
55760 7
54610 4
58039 15
56100 5
53360 7
54750 2
50719 9
48950 12
47009 6
43719 11
43070 0
47929 2
83279 1
58510 0
111170 14
97349 0
154189 9
101409 12
68860 12
