111288 4
93079 20
120028 14
92468 20
260446 23
66779 9
61529 17
60119 9
60029 15
58149 9
62959 17
59719 17
59049 5
56839 2
60270 6
63179 6
52049 14
57269 16
55839 6
56639 20
54189 11
53989 17
54929 13
53860 19
56279 1
52189 13
54409 16
58379 0
55989 8
54670 4
62239 15
56150 12
71210 9
57590 11
58679 7
54520 19
57239 13
60619 5
64359 10
63119 8
63799 11
63329 23
66969 14
67749 10
67689 22
63768 8
64550 9
55459 1
67559 22
39110 18
44869 0
50299 3
47269 0
52449 13
55689 3
59209 22
61369 1
61139 16
59419 16
66269 14
57039 14
60139 23
63729 23
64139 1
62319 3
56579 6
61329 12
62489 0
59689 23
61160 11
63768 13
61448 6
65079 10
63299 3
66359 5
76979 23
60909 14
64099 9
65669 22
63159 10
63819 23
66749 20
63909 5
61929 7
58239 20
61069 6
61629 17
62879 12
57349 23
59289 5
57889 7
73079 17
54689 17
47059 3
51989 19
46299 20
46179 21
46170 22
38279 23
41479 16
47769 14
49829 2
48580 16
50850 11
50869 13
48189 22
108178 21
55040 23
56559 7
57379 5
58599 5
59799 13
60339 1
64669 14
61599 10
64149 3
64329 9
64739 15
63489 7
62169 17
67259 0
73238 16
57059 10
58529 10
58169 17
58929 18
61799 3
60679 21
59869 6
62069 0
58689 23
59559 18
57299 22
56559 10
57339 9
60408 22
60259 6
62990 4
74568 18
55930 2
58928 20
59648 3
53100 1
48299 16
49739 15
50269 8
51089 12
59128 22
60510 10
59599 9
46710 20
51869 19
50899 1
51699 14
50180 18
61710 6
64408 4
64588 19
61699 5
63359 4
62439 20
59999 18
63268 21
63530 5
59939 17
64119 23
74028 3
55810 19
60570 23
63728 20
60299 21
60199 2
62809 1
63559 5
61739 23
58969 11
65199 0
62609 16
59379 9
60259 12
59929 22
61449 5
77489 23
58459 3
60809 22
58599 10
48479 2
49749 20
50250 22
52580 14
52279 19
61409 1
64429 8
65359 6
64169 8
65599 2
66359 5
50599 22
46419 16
55319 21
48589 6
49669 14
48749 15
48099 1
57889 8
62419 18
60849 6
59489 4
60089 23
62339 12
59259 6
61489 20
68309 9
59159 19
61499 9
62019 4
59499 17
61789 6
60429 8
60089 2
61229 3
61269 23
62779 5
63909 19
62469 16
64509 18
65569 14
60609 14
74659 0
65179 6
65079 12
64749 16
66939 7
67059 22
53799 18
55369 20
53749 16
55749 11
54279 8
60979 4
63079 19
63019 12
66979 15
66879 10
77858 14
61189 18
64989 3
43999 22
42230 11
48269 22
47799 2
49529 16
51209 16
51309 21
50719 8
47149 1
50309 20
53459 5
50830 3
49560 3
50059 9
54259 21
51789 3
48250 13
50379 20
52679 17
51419 17
50249 22
34600 10
37009 6
40220 3
37219 7
36519 19
37560 10
33709 17
36880 1
35439 13
34489 16
37520 15
37049 13
35460 20
37519 6
36380 11
34960 4
33360 9
28030 10
27499 9
29230 20
28590 20
29179 0
28880 12
27769 7
28330 16
27809 7
28330 10
26689 2
28290 7
38859 5
27339 6
28190 23
66659 17
66529 14
65749 8
64369 10
63429 7
62239 18
60679 9
62139 23
72139 14
61379 12
64099 13
63979 16
60059 15
60079 18
61909 4
60439 9
63429 1
63299 5
59189 6
60069 12
57059 18
62889 14
64119 0
61619 20
75799 12
62629 5
60759 20
64109 0
62409 5
66219 5
68839 0
60249 19
63029 21
64119 2
65309 3
65299 1
64709 9
61079 15
64869 16
81358 5
57299 0
48279 23
49959 14
48879 22
50680 8
50609 6
50179 10
48329 19
43259 13
29010 9
56309 15
51599 7
65019 18
68889 1
68749 4
67499 1
77369 5
66870 16
66599 23
70179 13
69289 6
69149 23
65399 7
67989 5
67679 20
65139 2
63159 11
66349 13
64639 18
65139 2
63519 5
71659 18
60059 1
61409 9
61469 9
65289 16
63089 9
62739 12
62939 5
62229 19
60199 6
57209 10
52569 12
54799 14
50189 8
52310 9
52870 23
73389 11
62139 22
59330 2
63149 9
64409 16
62319 19
65908 8
65399 23
43530 20
43279 19
41410 10
43319 5
43209 12
48199 11
58429 19
60579 13
54309 19
62229 18
60249 2
65269 21
62659 23
59689 12
64569 11
62249 1
66399 0
61389 2
59399 14
58289 5
70299 17
28760 9
26219 17
46000 23
57070 12
57699 14
61289 8
61849 11
58089 17
66629 19
65909 10
62349 9
64519 16
68089 14
65439 17
61149 22
53189 5
58889 5
80409 9
56149 7
53999 18
55859 20
61799 0
53719 15
57819 17
60299 3
53990 2
59228 0
61479 21
56510 22
44820 2
47029 7
46199 2
42790 16
39279 13
67789 3
63749 0
62219 9
62469 0
63469 10
63079 6
64319 21
65199 22
61589 3
65119 5
78869 11
68469 23
67069 10
67189 8
68479 3
67749 8
63768 1
64128 17
68199 12
63559 7
67290 23
64868 18
64129 10
67379 12
64219 14
77279 11
63049 20
66869 11
65049 6
62529 16
64189 20
62459 21
63239 11
63629 21
52829 8
55249 4
56419 6
55800 20
50199 9
42649 12
39430 14
44350 6
50639 13
39259 10
40380 16
40409 18
43469 8
43100 0
39609 16
41139 20
