20067787 7
74950 10
69369 4
63730 10
57559 14
74790 11
59529 10
187419 2
73640 11
91359 1
261798 6
345097 9
80859 7
77399 11
397217 1
230808 0
113789 12
47710 7
684075 5
86839 10
85849 12
277288 2
52160 6
89809 13
82519 15
144979 10
253358 0
69750 10
801304 4
52089 6
210289 5
237548 6
346477 6
119560 10
232749 0
72079 12
49740 11
57249 11
242778 4
56510 12
58270 15
127359 15
32109 8
108729 1
61409 15
289298 1
490206 2
57370 15
95259 7
57580 11
419497 3
32360 8
273858 1
74759 14
60330 14
76180 14
413807 5
123619 3
87209 11
74409 11
203299 2
60040 8
104729 3
302938 5
54420 9
30890 8
44920 10
114569 13
45220 4
45669 0
50570 12
65159 13
44690 10
9257620 7
93000 6
55629 14
99949 1
58749 3
81410 14
77809 14
28590 8
58559 10
103819 15
137178 6
83810 10
174078 5
125379 5
61089 15
87349 11
208219 4
322437 3
219629 5
90029 7
134109 1
80509 14
188499 1
122129 10
227668 6
54970 11
129169 7
136999 3
66469 8
193039 3
75169 7
139669 5
59710 10
56719 8
93019 10
90639 1
101159 5
135379 15
139339 10
71929 9
163519 0
151459 15
30760 8
151889 1
96829 10
43709 8
163648 5
64430 15
141959 7
204588 0
129129 2
327128 4
102389 10
48390 8
169089 6
88619 7
149799 3
37680 8
108209 13
73520 7
57289 4
494287 1
129170 6
49890 7
32820 8
134619 6
257118 5
79929 10
139049 4
74610 7
239408 5
55580 11
65969 15
68489 14
157158 11
222489 2
102440 15
211298 6
66680 15
68919 13
39330 8
94879 15
140729 9
225588 0
371737 3
93189 10
55059 0
9584087 7
32780 8
81089 12
239788 6
173589 4
81260 7
170838 7
66540 7
81089 14
78279 14
97450 11
120249 13
161359 5
122899 3
164039 6
98880 5
289078 3
90709 14
81829 7
98979 0
192378 5
57690 11
115430 14
354767 6
79929 10
218159 1
67729 7
80979 12
343018 1
32880 8
70989 11
184989 7
122969 2
113689 2
172198 2
87720 14
149379 6
81939 7
34930 8
91069 12
137119 0
222619 6
69390 15
68059 7
192749 12
97369 14
127409 3
70170 15
33009 9
128379 2
90380 6
84009 13
29350 8
111269 11
68609 10
133539 6
69369 7
160609 7
94189 10
1859586 15
78639 14
155189 1
96989 14
84850 13
213298 14
176219 3
83969 10
63310 2
101870 5
60419 4
10704759 7
90729 2
116829 6
89220 9
83389 14
65769 6
59540 15
61189 12
203379 11
115979 6
147279 0
80039 11
67670 7
95399 2
70649 7
36019 8
96490 4
84949 14
44300 9
176059 14
58800 2
131869 2
29650 8
198019 6
134009 2
99919 1
80760 10
69569 11
63100 11
59030 12
80720 7
169729 1
53780 7
72989 6
51990 10
70929 10
26030 9
103329 0
6133914 13
126030 2
56619 3
164379 13
27500 8
29532545 7
131309 5
105819 5
85320 13
31409 9
172018 3
139489 7
63910 15
173309 4
313378 5
150939 14
106439 10
76290 14
190129 3
73549 12
85879 15
68009 8
125439 2
297198 3
84489 14
99520 4
358807 2
51360 10
63639 7
123849 9
163189 6
60609 7
149788 4
73710 6
105739 3
144939 2
147279 3
120279 0
165538 14
323827 13
148219 15
59140 0
66720 11
60340 5
68599 10
30630 8
97799 14
80459 7
76280 13
88719 14
66959 6
58249 4
36850 8
110529 3
141629 9
99239 12
121359 15
271818 4
139589 6
72290 14
171349 6
122559 13
63140 7
31490 8
198608 4
128929 4
133979 2
156109 2
96169 13
76879 2
110729 1
57719 11
444107 3
164729 0
162429 6
88830 11
117439 10
162379 4
77599 15
149449 6
147159 15
238578 4
110589 2
94529 1
90560 14
9926595 4
85389 12
141849 6
104509 5
371368 4
172769 10
63280 9
103239 5
106249 15
185969 4
67379 9
54370 9
200608 11
147679 3
78450 15
92479 15
46730 8
117259 5
100560 14
206758 6
186769 4
155819 0
225778 14
59620 8
146938 14
102280 7
38639 8
89070 5
125879 5
217589 4
225608 12
64640 15
123409 4
99009 1
104449 12
174469 7
206018 0
147909 2
262338 10
152779 3
100349 0
92560 1
100129 7
72179 8
276358 2
318148 2
160749 0
277387 0
90200 14
106819 9
115369 11
165799 6
82259 13
101239 11
109720 5
85930 11
104619 14
155059 2
123459 0
118009 1
55769 4
64759 11
122019 1
175579 2
148979 14
341477 4
153859 0
264378 5
241588 5
115689 10
10010464 4
184139 5
51380 15
50110 15
97819 6
77519 10
99833069 7
87829 11
68290 9
298328 7
59303938 15
46090 2
52469 4
61660 2
51190 2
114150 4
56730 7
97840 7
90880 5
109699 1
114489 15
95069 13
94019 15
136728 14
106929 7
341837 11
75440 12
95419 10
157929 12
28580 8
156389 4
63310 13
39019 8
83259 9
396787 11
68629 8
32030 8
168389 0
183558 13
188469 3
162239 3
147899 9
650475 11
88090 6
58230 1
73540 15
194118 14
172119 13
55330 7
455776 11
64470 12
75789 0
140169 1
62889 7
940232 11
136789 1
179569 3
1172471 11
89789 3
74150 13
51260 9
85150 15
57919 5
822704 11
73440 0
991702 11
99339 14
52650 14
163779 5
101789 10
86089 14
118819 12
54490 3
49889 9
30650 8
28966699 15
97639 14
100810 9
67119 5
55810 0
89619 2
197509 15
92200 13
82999 10
37370 9
54589 3
289377 11
127469 5
205049 4
66839 13
63290 15
54609 13
53200 9
77539 10
83750 4
82969 4
54489 14
100109 3
57979 15
124170 12
89220 1
77609 6
54960 8
27389 8
106099 10
24010 9
79050 10
57990 15
125919 2
61190 9
75139 10
77279 14
23770 9
108859 14
51490 10
50820 4
113829 6
30440 8
84460 10
86789 5
50579 0
48039 0
75599 11
47949 15
57780 12
46489 0
75990 2
73789 12
81829 3
114719 12
6034774 7
233318 7
92719 14
120229 13
23360 9
273968 3
68653016 15
32670 8
54519 13
96169 6
60019 6
26549 8
60300 13
360417 15
102689 15
141919 2
43960 9
158019 2
97599 6
69048183 7
74800 12
9648086 15
89719 5
149479 0
88960 11
603726 15
31010 8
94789 12
226428 11
66280 13
247068 11
98099 1
81820 3
72960 12
89229 6
69950 9
8311246 7
397437 7
185719 9
84639 10
125479 5
23750 9
73360 0
9055851 15
73139 14
47960 1
79890 13
108069 6
79979 14
87289 4
123599 10
112669 5
38750 9
26379 8
54199 15
58350 15
192958 11
9031731 7
26880 8
247778 6
146619 2
97329 14
101489 13
64970 14
8973572 15
59924523 7
1010992 7
138499 2
110189 12
401157 11
142649 13
166668 15
170668 1
45830 9
202588 5
129979 10
137949 15
189759 14
230558 1
207839 10
29060 8
102729 11
464607 0
120839 12
100539 9
79690 9
85219 14
102699 4
141489 15
95540 5
127019 0
103009 12
161239 10
147169 2
28250 8
88160 1
78310 15
311048 0
65680 14
274368 2
104989 0
336558 11
88820 4
693615 11
291808 1
110610 7
87160 12
78909 14
107789 12
319138 11
106439 1
214138 11
124819 3
64590 13
352028 0
63240 13
124949 7
147879 14
66789 15
248269 1
135148 12
159509 13
9972294 7
59190 6
79779 13
88239 0
115409 12
128568 12
75479 13
52580 15
112250 2
177778 4
76640 15
380767 11
228588 0
144979 4
134559 12
89919 13
127389 14
160109 11
103389 15
244549 5
157579 1
85030 14
55310 6
74899 9
101789 13
131299 7
68269 1
264368 3
27580 9
29440 8
92829 0
184619 14
223438 3
74030 6
29970 9
111869 15
144529 2
201909 11
87569 14
126209 10
132619 1
33930 8
75099 4
62170 13
29350 8
99559 5
122589 9
78439 7
101629 13
946822 11
304068 3
71619 10
119460 4
42030 8
80539 6
828223 11
131609 4
189789 14
50400 15
45710 9
55630 3
168868 3
103169 15
65409 15
108969 2
180329 3
147499 3
27139 8
91229 4
447087 11
111879 1
63899 8
88769 12
149589 1
9783306 7
102449 2
53209 2
175369 5
36740 8
76899 0
135139 9
64060 7
123859 2
76039 0
121629 10
199919 13
85619 10
272538 1
96059 3
126049 6
59610 15
107839 14
119289 11
62960 15
83569 7
159679 10
172759 1
57970 4
64440 15
169349 2
102659 12
34970 8
157389 4
88299 14
161159 1
69290 1
65610 9
123339 1
34380 8
206588 0
386047 5
63540 14
105389 15
80199 12
201199 3
200128 12
94959 9
94800 0
289788 4
394817 4
102919 10
36580 8
168589 5
93809 13
68229 14
218818 11
98530 11
134659 3
67059 10
165619 3
80429 14
108389 0
103770 13
26870 8
428877 11
113699 0
111580 7
38049 8
79060 3
53489 15
77919 6
163968 2
277618 5
78619 12
96380 10
50660 9
94710 4
268948 6
65639 15
137379 13
128889 10
147289 9
158859 14
119289 14
126589 6
102049 4
206209 0
306507 0
204929 3
129539 3
29740 9
118730 6
87749 6
70919 14
52910 0
8791043 7
49149 1
54979 0
48180 9
50899 12
47010 9
57790 0
52460 6
53060 5
82179 1
74740 13
55140 7
87419 4
83810 7
71799 12
54950 3
53519 7
39338700 15
60490 14
34650 9
82299 12
134839 5
187219 0
225308 3
102479 13
514806 0
63990 15
130679 14
170108 0
190989 5
91029 13
135069 4
144229 10
56020 9
111449 6
81379 13
90919 13
122299 5
93980 7
108559 0
32400 8
190458 14
69230 7
98589 3
76789 7
197828 3
122449 13
192778 10
93570 7
76489 6
87619 7
92819 12
49659 8
88000 12
215328 3
97739 14
302547 6
79550 15
60360 12
97499 1
34850 8
81199 7
72590 10
316637 11
61590 7
142389 4
118519 5
61359 3
115579 0
54799 6
401247 10
306938 10
92969 2
193679 10
120659 0
144779 10
37299 9
60280 9
31330 8
134110 12
104340 13
97609 12
92179 13
56780 9
189048 12
121119 10
58140 7
55040 6
58939 2
91959 2
100819 10
60149 7
42640 8
96719 12
110209 6
123408 14
56159 3
56290 15
139010 5
101129 0
46809 1
108528 5
9758895 7
77360 6
146909 7
215479 6
115209 12
60059 5
74899 14
119029 2
102919 7
31120 8
71629 14
118559 13
923962 15
79360 10
100369 1
115919 10
110439 2
158919 4
69880 10
71489 0
81420 7
196239 2
69199 5
107439 3
103569 4
34720 8
81330 13
149009 2
269668 9
84589 5
119409 4
106679 12
105529 4
74709 13
98669 5
139879 1
78970 13
197319 4
61929 7
98159 6
252918 11
88379 13
29350 8
28550 9
52209 3
25590 8
55690 15
70639 11
47260 6
51869 15
68199 10
55879 1
139948 6
60629 10
27930 8
57649 10
27150 8
142659 14
