19988387 4
20035026 2
19978206 3
38987903 15
111011396 4
460 1
10014553 13
19977027 4
4100 13
3290 12
5540 12
39991133 8
19989937 15
400 1
9690 13
8991193 5
3140 9
3240 9
200 1
3760 10
9986313 11
4080 14
3280 11
3100 11
40997473 8
20003267 7
59988180 10
30019869 5
59987970 4
2600 0
37990232 12
42010874 11
20015576 2
38991943 13
40985574 9
9070 14
11311 7
41981883 12
37012162 7
990541 9
270006048 13
18991116 6
81015496 12
760 1
130001713 9
39984393 2
10003543 4
20010576 11
59978910 2
120026149 0
8240 6
6380 0
49983207 2
6140 15
59983369 10
50013397 11
940 1
60013769 15
3040 3
3370 3
19981646 2
19969337 12
34680 7
19980357 11
78987756 4
1026910 12
10001003 4
5630 4
5880 4
39972273 5
4910 15
5720 4
6900 11
69998133 12
9983043 9
6230 7
5630 11
19974087 13
20013326 7
20004626 10
290 1
10810 8
19986827 11
6269 6
29991000 3
39999173 9
5680 12
39987824 10
33929 14
19974387 4
80007596 9
147983959 6
22013727 15
19995196 5
21983827 5
58033909 4
5130 0
4930 2
5680 15
300 1
9130 11
19976556 10
9149 10
90006869 13
39955724 6
9010793 9
11610 15
9984343 10
1021380 12
7630 6
18962717 11
1032640 12
19971307 14
6090 6
19991506 9
6290 3
5850 3
360 1
8900 6
19988477 15
4549 4
19997957 9
820 1
38984763 5
11002754 10
110005565 5
19990566 5
40009303 3
580 1
9220 14
18971287 4
141035395 6
41970964 7
7190 8
330 1
8270 7
78008765 3
39979684 8
150000880 6
60014329 6
19996437 8
6369 9
70003483 5
19991857 7
19988827 2
79999726 7
100005122 14
4040 3
4250 3
290 1
59984850 7
5520 3
40985683 5
6570 8
19003726 3
99987443 7
20006837 8
38996282 4
41006474 0
109996946 6
100012652 15
7390 2
8979013 11
9004533 3
410 1
12001804 10
20000127 10
19996617 4
19999096 2
59998460 12
20004117 12
18991036 8
1014230 3
4340 9
49979967 4
59005199 2
4040 3
3620 3
997570 0
150013399 15
7690 11
39974633 8
59995580 3
9000983 11
31008920 12
38988472 4
10999823 7
99002123 4
4800 2
91000870 11
19992997 13
1999780 5
16001865 14
12001084 15
98994493 6
81017376 14
6170 5
19974447 0
4970 2
5260 2
17993616 12
12019964 11
6069 15
59971850 10
14620 13
70984853 3
259 1
19014217 4
39990013 6
128996603 3
1002940 10
12460 12
9988823 15
4880 9
6100 7
5210 11
19990957 2
19987577 10
59000549 5
5180 3
1000301 14
30006070 15
19984816 7
10370 9
4200 3
5150 3
19991937 11
189997622 8
60020949 13
2630 1
79981996 5
9399 12
17870 7
19968277 10
19999746 11
18994687 5
6650 3
8200 2
30998891 8
19991856 14
39992604 3
19000266 3
91005899 13
19998827 7
5330 7
59995509 14
870 1
11997004 2
8003323 7
89998489 8
39991443 7
20003717 2
60009369 3
5350 13
19989367 3
20004306 15
19992397 3
890 1
8270 4
19993067 0
996151 4
5470 2
18999456 8
992480 10
19000586 6
40025652 12
29973121 2
60013719 4
18987176 0
1001401 6
29998609 15
5750 11
20006657 6
3920 6
19997276 15
10985074 0
4990 14
58994819 5
310 1
20016767 7
380 1
39991863 14
20003056 9
430 1
189998442 10
5010 14
60000520 12
280 1
19990617 9
7050 8
9987854 11
10005943 5
159999822 3
6240 14
6540 5
6750 9
4550 9
81972417 10
18015446 2
19978377 0
100002952 6
20012726 0
20005647 10
5460 7
19982577 11
80008375 7
19997217 7
7988243 5
11998754 9
60017899 10
99986683 6
20005896 13
49996496 9
4490 2
100008772 12
300 1
7470 15
5150 15
5770 13
9967104 11
20000526 0
89999290 6
19990576 4
80005836 9
40007193 13
9750 14
470 1
6860 10
49983797 0
49993956 12
10170 15
19984827 7
19998397 5
13140 13
19993826 0
81995997 8
340 1
100001993 10
5890 6
37994252 14
19993967 3
160008682 4
5470 7
19998597 10
19999786 11
18991787 5
40997224 3
20006696 2
20002707 5
20002706 0
79997526 3
7450 14
5420 15
19999657 2
5140 6
19984397 11
59993139 0
20001896 4
60010480 15
19988827 7
79989406 14
59005789 9
340 1
8080 5
31003120 13
39997283 13
4670 11
19987837 14
30998070 15
4150 0
29004459 11
19987427 9
120021829 15
19986136 10
4691 6
19992156 3
40009213 12
19989927 15
8440 4
7994963 14
11997614 12
20002147 15
20008676 14
60009579 2
249 1
8511 11
4600 4
8089 13
19959897 7
29989240 2
10130 9
310 1
20002926 2
6020 12
340 1
40008713 4
19975806 10
19001877 3
51001866 11
10006643 0
13220 12
89985349 10
119994600 15
6080 4
400 1
57991119 9
3890 12
2024080 4
19996067 8
119978389 9
40004853 12
19998917 8
5470 13
5471 0
4760 14
981880 8
5190 13
5560 8
4130 13
3680 3
17975056 7
60996850 15
10510 5
4340 14
20007796 3
19993307 2
12440 5
5369 5
159989213 10
39996533 14
3680 3
4820 3
1988321 9
57992389 2
6110 11
4220 3
6611 7
19988406 8
57985549 11
5750 15
42000534 10
20024476 9
57985479 5
991100 3
11025163 12
109990516 12
19996236 10
6251 10
139975996 11
5990 3
6620 11
20003237 7
70005403 9
8100 13
4280 0
59985079 11
640 1
39993423 6
9994884 14
168992575 8
6920 2
40988703 3
20013797 4
9680 13
19980376 11
49995317 14
22004047 3
68027972 12
29977950 15
39992043 14
330 1
39003513 12
5800 14
5800 5
990021 8
50009996 9
39984603 2
88003219 7
360 1
420 1
8100 4
300 1
32003390 13
7950 7
5300 13
5630 7
4420 7
5420 9
59977330 5
5840 9
39983513 3
60015789 9
1973721 0
17996256 5
20012046 15
391 1
39992322 0
60012009 15
4910 0
6200 3
30976430 7
5290 15
9017443 14
39999383 10
109976566 2
4560 8
4890 9
39993783 3
40013363 9
49999877 6
4780 10
4119 2
350 1
19981287 8
5000 13
3660 0
109992496 11
19988667 4
190001762 10
6380 0
20004796 6
310 1
27997719 3
6230 13
10986384 12
41000533 15
140023836 4
129987582 6
109995296 15
19986977 2
12110 13
400 1
79994376 5
5130 13
320 1
360 1
39992253 9
7370 3
370 1
19992117 6
10270 3
59993140 15
29007859 0
31010530 7
59986000 8
7991923 14
4500 14
47991755 8
23005517 10
6170 7
61004750 0
39996733 6
120002029 7
20011376 14
8980773 0
106993065 15
5029 4
3996291 8
7030 15
4950 12
78988356 0
10003243 5
70993303 13
80027196 4
19978466 0
39000973 8
21008377 12
159987362 7
20000897 3
2001561 5
4429 12
351 1
6969 5
177982388 4
7530 6
177998058 5
2024410 13
6190 0
19979317 15
8991483 14
10994263 11
9113162 2
2960 0
2920 0
10892465 3
59998919 2
20004857 9
39989673 6
60004320 7
8996704 9
31008480 4
15809 6
19972517 8
79998416 8
40013423 10
18996346 7
50994736 8
79997956 11
110022466 6
19989947 9
139987115 0
1008941 11
49018576 3
100969914 0
4780 12
79011476 9
110003215 9
3760 2
59998740 6
20005786 14
39992834 11
40009752 11
4700 4
19990397 0
19999236 3
4971 10
59978279 13
22640 7
4600 9
39965723 0
5170 4
40025363 14
99994573 4
79969736 2
40017723 12
990661 10
389 1
19022667 6
79997146 15
19982447 2
17993946 0
2025271 4
19997056 7
20006637 6
28976219 2
5880 14
11007924 5
11978374 11
28027379 7
39983413 6
19993137 4
20028036 10
17972486 2
32019060 11
39987213 10
50002886 7
4911 15
80011755 10
59967020 6
3189 0
4280 6
16210 5
109977466 8
20018126 8
11519 9
331 1
8700 8
19993686 10
7340 7
59989960 11
19989946 5
40009883 0
59985780 3
280 1
59989860 13
10010383 2
39995173 14
5000 11
4370 3
3510 3
78978616 2
3380 3
4500 10
3029 3
4591 7
331 1
20990737 14
23000538 5
4010 5
74982645 15
4180 2
11993733 4
420 1
20013137 11
20000427 11
5120 6
69990303 4
20009497 3
6070 7
5510 14
4010 7
49980086 6
39996843 12
119987910 7
380 1
6089 4
60008219 6
29998540 9
5330 13
5710 9
430 1
98978912 10
1013720 14
7830 11
5260 6
3860 8
69979713 7
39989134 3
40019503 14
5710 9
59994120 14
4900 12
4030 10
3520 12
5880 11
19968686 5
19992117 11
11870 9
350 1
28996379 8
131001293 9
79997986 4
5660 11
490 1
19988947 10
20004396 4
40013003 10
19983367 7
40020283 0
5570 13
61969030 0
68005302 8
19879 5
9983664 2
160991162 11
8340 11
60992510 0
38007593 2
18094914 12
331 1
1898631 11
118000358 8
4769 7
5951 13
101999193 9
20002376 11
20007167 9
4910 5
59977670 4
80022386 2
39980833 14
5349 9
39983774 6
20011216 15
580 1
29996060 13
25980 4
29973490 10
20000556 3
5880 9
39997693 8
4310 7
4500 4
4800 12
39983154 0
20017876 6
10659 6
4751 6
4871 7
3020 3
331 1
4449 3
5760 11
390 1
4700 6
3940 3
69944374 14
4690 11
450 1
6389 0
6171 13
19973646 5
6360 14
30002720 8
6420 8
19989807 2
59989539 5
100011723 2
160010672 2
18230 3
19981276 12
99985423 0
9570 15
19995577 10
17619 5
169979955 4
6070 0
119995309 12
20000607 2
40001513 11
6450 11
6690 7
5580 8
4609 8
39969573 15
20001616 3
5780 6
39989643 13
19919 5
10720 14
5980 15
5320 8
18957477 12
90996950 15
19001947 13
999730 6
20013036 2
420 1
19996317 7
5570 12
20007286 14
57974629 5
2024091 10
6130 9
5710 11
390 1
7971763 4
4670 14
4231 9
5489 10
3911 3
51991577 7
19991036 3
259997205 11
20004747 15
99988322 12
5760 4
6530 12
40002393 11
19998177 2
20008756 5
39976704 13
691 1
409 1
12180 3
7992063 11
52023746 8
4900 8
18970597 4
80998547 0
10400 10
19094395 5
900751 10
4970 6
40000713 0
4580 10
8994053 11
440 1
6360 0
3660 0
5090 12
5590 4
330 1
10988763 5
120012808 12
88969940 11
11004793 7
5659 4
39983983 5
170022965 11
980880 0
4830 0
3560 0
7993783 2
11014833 7
69990543 5
5600 13
350 1
19999547 4
90005539 0
79980056 7
20016327 9
8630 13
6260 5
79991656 12
4760 14
5850 4
18965767 8
51004667 2
5440 4
39997673 2
60996780 4
59014139 8
39991453 5
99993793 6
20719 9
19987677 6
20009127 6
39986364 13
49998706 10
59990350 0
24869 8
59994070 5
39988983 12
6120 14
7990903 4
52003057 6
6180 14
320009844 9
5230 4
4150 14
4020 14
39986793 10
20003097 0
19986896 14
11985764 9
48029666 4
4050 12
4049 2
19964347 0
90008939 6
20013756 10
4770 5
19973797 0
167996025 14
52008666 11
19998037 6
4130 14
69997663 9
4570 12
20001876 13
19993687 4
20016456 11
100001523 8
6050 3
19973017 13
3650 4
1020 1
79997126 11
99998842 9
37993103 14
2005960 7
7650 7
60985650 11
310 1
19009367 13
3949 14
49988367 12
19995347 0
629 1
240012918 12
149999860 11
4449 15
3200 0
3671 3
3680 15
19982986 5
79993056 14
30006650 10
19997657 13
39999622 5
20005177 5
4450 2
7982773 6
4420 7
3250 3
12019453 14
8974754 8
3360 3
310 1
1009860 5
19987777 11
3540 2
4829 8
19993447 6
4310 15
3260 2
19987807 0
5580 15
3869 15
4280 9
19986997 0
390 1
28540 6
17969596 11
51998247 3
20029036 9
19977987 4
40002733 13
19991997 3
20007857 4
5190 8
3790 12
4150 8
3750 4
3260 11
3680 11
39969463 9
9105192 5
31140169 6
