202058 7
78779 0
121699 3
66839 10
60650 22
74609 21
63380 22
2074131 8
79519 19
45210 13
63679 8
58040 20
74229 15
66710 1
41030 15
62619 2
40640 13
59660 7
58739 14
56439 8
16631330 16
1052750 0
576615 18
1630825 7
69299 1
58300 1
55779 19
62110 7
73709 15
50270 15
1688315 12
901932 22
59860 8
51929 22
2244700 11
48660 7
64889 10
50919 11
51639 15
52120 18
59120 11
57439 14
55510 16
47390 8
49449 18
1666155 0
63420 18
69650 3
1714794 7
74250 1
53789 11
57550 23
882042 13
47549 16
65720 8
57839 12
46130 11
73099 5
111989 15
61389 20
33040 13
61190 17
44699 15
1931973 23
63839 8
49390 8
760753 3
53220 8
56070 20
76029 12
90779 2
50239 12
52099 5
78009 22
88259 21
1779684 8
75769 4
19116227 12
48930 13
52090 19
58799 6
54000 8
56419 9
30480 14
57759 2
52090 17
54509 21
48299 8
54939 11
56280 3
45360 21
47669 11
59070 15
57079 4
36760 13
69539 23
46160 17
51319 20
47190 21
58539 16
43040 19
51080 18
55030 0
82979 14
55960 22
45089 16
44490 22
47749 2
43879 16
45500 17
51169 2
68930 10
45569 22
48310 0
58599 11
51190 4
59859 0
61810 3
53829 6
45950 13
43389 17
45390 11
46579 12
46280 18
43700 20
43529 16
45520 18
41489 3
69509 5
45249 20
47660 9
42650 17
51619 5
44210 15
55649 12
50310 10
47239 16
55140 9
51399 11
42889 20
48120 12
45419 18
46980 9
44269 21
50120 0
77879 14
44870 21
60669 1
46800 15
74609 14
42430 16
47079 1
45280 2
46559 3
57319 4
56139 3
50490 6
45880 5
46599 12
42980 21
44559 18
37770 13
46250 11
48329 5
38440 13
48440 10
45660 23
43260 17
46189 11
42630 17
46629 12
43889 3
47060 5
42980 5
45670 4
55769 10
45660 17
49369 12
53960 1
53319 12
51350 22
49539 20
44529 16
46240 22
48449 1
75889 14
49009 4
47030 1
45999 12
43530 16
43339 20
42860 20
45850 3
44749 18
37880 13
47009 10
55050 22
47210 11
56480 1
66580 7
47279 9
45230 15
41099 16
46420 12
49330 1
47900 7
46330 12
45370 10
76779 14
49409 19
53100 1
47299 12
47260 4
46439 4
46800 3
45289 17
53939 15
50090 1
45490 21
50270 6
49029 8
45910 22
43839 18
45700 4
43159 23
41809 20
45100 12
42779 22
45070 21
43760 21
48390 7
45480 9
46829 3
44470 23
78059 14
42310 21
47639 10
53870 12
50199 5
47570 23
50769 17
49279 17
47370 16
44899 23
42980 19
51269 0
42879 15
45580 21
49089 7
42400 19
41940 22
45610 12
42640 16
46009 7
43760 15
40000 22
51450 4
45500 0
11671514 0
59990 4
44959 17
46400 20
50359 4
44879 21
45230 21
52430 6
79899 0
40519 13
52969 8
42760 23
50370 5
49859 10
51980 2
49529 7
49260 4
42860 0
141368 0
46940 8
54619 0
48240 5
43429 16
46779 7
44450 16
45969 22
59830 9
49699 11
44260 17
48129 8
50679 7
47370 10
47990 2
43800 21
236538 18
44790 21
63810 22
49409 3
45390 5
48949 9
45550 9
43629 19
45489 5
56370 2
47550 11
46660 7
44999 18
90929 14
47280 15
54929 1
42820 20
46130 11
45279 18
42780 21
45509 1
41750 17
45410 2
46619 11
45590 2
44790 0
46479 5
43610 19
45299 2
43630 22
90539 14
45770 22
47819 11
43230 15
46589 12
46020 0
45129 5
41859 23
43120 19
46119 10
45610 0
74589 14
42410 12
42959 18
45040 17
47000 7
43699 7
48920 6
43150 21
49230 8
56090 20
45170 20
45300 18
44099 12
46070 10
74089 14
48940 9
43779 19
47439 8
237988 7
39410 13
51759 4
200978 12
42450 21
93089 9
73229 11
68420 15
610714 7
62770 21
42109 13
66220 16
52579 2
68809 23
46490 16
54830 9
50949 12
50860 16
48639 22
66470 3
241318 8
49450 10
331307 6
1692105 11
51159 18
70278176 16
71369 5
59310 6
88999 14
57369 8
46890 5
54729 18
51600 19
58639 11
46800 8
61869 21
363056 22
70589 23
75580 0
59829 2
59420 9
54109 11
72590 21
1369228 19
51240 5
70799 3
71200 1
59369 15
55589 12
56460 11
60029 19
49640 12
45340 19
51519 5
61249 18
60260 20
1432167 7
2824274 23
54969 7
59080 1
59439 8
66139 9
397587 19
53089 11
52400 9
58849 7
68500 2
72589 12
52729 20
61340 22
46589 22
68050 16
11131079 4
53450 17
41550 17
27929 14
51670 16
55719 15
44800 15
47660 1
1133989 22
58840 21
1651395 12
61009 12
67049 10
320057 11
57679 20
76339 6
51310 11
51990 6
57350 18
56139 22
58679 8
82449 1
49240 17
52069 1
46010 22
49579 8
47759 13
44330 16
725393 7
43910 16
49579 6
67200 10
54019 3
45190 15
50839 7
47450 18
55830 13
62440 14
53249 11
56750 12
1358768 22
85590 14
641954 19
60739 6
1092870 21
56080 15
644704 1
47670 1
35029 13
74890 23
61689 9
10233728 2
58019 0
54940 23
57329 3
55860 20
39629 13
60250 5
50690 15
58500 8
54790 21
50090 1
50150 1
43520 15
82599 14
54290 17
45079 21
67089 16
42009 16
58789 4
49209 3
46699 1
63639 12
48160 8
59589 11
240938 4
56760 19
44429 17
46480 17
60569 9
51409 2
46150 21
57739 2
61079 6
57869 7
45360 5
48499 11
43280 21
46369 12
42750 15
41680 21
48669 0
32520 13
45480 23
47220 7
35980 13
47409 7
42690 15
44640 7
43340 21
56410 12
45549 2
42090 17
72799 10
46210 23
47559 10
44420 19
81169 14
47840 8
47819 10
43810 17
47709 3
47539 20
44480 7
45009 12
44670 23
43210 17
47739 3
47379 4
49139 0
62719 18
48670 9
52200 22
58609 16
47480 8
46959 20
49370 0
42639 21
43530 3
42180 22
44419 4
46020 11
44459 18
42620 18
47660 11
44289 23
45600 8
47349 9
45300 3
5950426 22
72640 18
63869 8
62150 0
57340 21
59740 3
9284396 1
70299 10
62229 2
63490 17
68489 6
45050 15
56419 0
59730 21
77059 20
53190 10
78280 0
47949 21
53239 6
61699 3
46550 10
48629 6
42450 15
58069 4
31949 14
55350 3
43849 13
957601 15
67059 1
47680 0
49199 20
65330 7
47559 7
63680 2
44609 17
65490 15
58949 18
57350 16
100760 14
58709 19
44380 16
44639 18
47140 20
1022831 11
44699 7
49990 3
44269 15
43890 18
46910 1
43559 20
17202585 22
320127 3
39290 13
61159 20
58590 16
69959 2
56959 14
44030 22
43940 16
62649 8
43590 16
45179 22
42910 16
80539 14
60680 9
43469 22
38580 13
51960 3
68889 23
70099 9
76120 14
46770 22
60049 7
58459 10
65009 5
75050 14
43379 16
45880 2
56160 6
58920 1
48770 11
2309750 22
507085 10
40710 13
64129 2
693034 12
44179 2
51240 19
60399 10
1180370 8
56959 6
57410 23
376166 4
51010 23
760773 0
56359 17
11020331 9
919092 8
58319 19
64229 15
48079 15
67600 3
1438467 23
774513 15
57969 3
64489 8
64880 5
73889 2
53640 8
81080 20
51119 23
57749 11
58579 18
2868695 17
62299 8
71659 20
1884183 3
56610 16
50259 17
10137609 3
57629 6
166829 22
58749 0
52530 1
99829 21
60209 2
46320 22
56969 9
55820 2
1769154 23
60689 12
50710 1
26160 14
46200 23
62939 10
51539 17
62410 11
61919 7
48999 2
847702 8
57120 3
488846 12
157119 12
57709 18
42520 18
53889 21
35453550 22
43550 13
47879 22
61110 6
61749 11
126279 0
85659 23
68880 21
1330408 7
82690 1
52769 6
78740 12
63979 2
79819 18
76910 8
17715630 22
55949 18
57570 21
2057721 6
59460 1
58269 9
16829318 22
68079 18
67329 12
64289 15
27840 14
64570 8
62680 10
55509 11
50550 10
59090 7
107828 14
48089 7
45240 22
59199 4
64239 16
60529 20
59419 5
61420 1
46139 11
53359 17
46659 12
61439 3
54080 19
45609 16
57539 19
43240 16
61610 2
60420 23
46500 13
107699 14
48649 4
76690 9
48320 2
57509 0
47379 8
39150 22
48989 10
44540 1
45490 12
59820 21
45509 12
45319 18
46990 8
41719 22
48640 2
46779 4
45859 1
44740 17
44769 23
19228957 22
58050 16
65849 2
55440 5
43380 16
44569 5
55890 19
58769 21
52670 23
55899 1
48530 1
58969 22
53100 0
45039 5
45580 22
44769 22
47739 1
79149 14
54160 22
105169 14
45379 19
46580 2
61920 12
59280 4
55640 17
42979 13
32740 13
47329 17
44110 5
60370 9
56400 20
60389 10
48250 0
1743454 5
58450 23
44579 20
43710 19
59150 16
56100 18
52769 12
59119 0
104289 14
38150 13
46230 19
50680 21
65919 8
43650 16
48479 4
52430 0
43159 20
47499 1
44870 16
91699 14
43299 20
45540 12
48930 0
59449 7
47240 10
62799 3
44010 23
38670 13
56630 4
63229 6
51910 8
45279 16
49990 6
56639 5
44810 19
46890 3
59039 15
45850 4
45360 5
43850 19
49449 0
45160 22
49990 9
48280 3
43340 22
94099 14
43879 23
50590 1
45099 1
42030 22
47580 2
91839 14
42749 0
44129 15
47599 9
44299 15
43150 20
46489 2
93820 14
47539 6
46610 8
44039 7
43090 18
46970 2
46350 8
42820 18
44809 8
48640 23
43080 4
47520 17
64750 10
46270 6
44770 21
63810 11
42580 16
45209 8
40640 20
43719 1
44679 2
43060 4
46499 7
41640 21
44009 17
44509 9
43630 2
42009 21
41720 4
42730 21
45249 8
52960 16
40039 0
42390 15
43950 3
43050 17
46020 12
42689 20
46270 8
44580 18
40450 20
45510 10
41819 20
44260 11
44899 6
43289 9
46960 11
43049 3
44600 17
41789 20
44600 8
45220 12
40739 20
10078769 5
43759 3
43640 19
49679 8
44770 6
42420 18
44459 2
43589 19
44419 11
40670 23
42329 21
47019 19
43740 6
44779 9
46600 8
41800 0
42709 16
42670 15
43099 22
46130 10
42109 13
44139 16
52370 16
46050 0
49500 5
47119 16
109299 14
39620 22
45240 12
229098 6
91719 6
67059 6
63570 10
42440 15
51029 2
46300 2
68360 5
58410 16
71909 3
56120 13
55449 0
1069911 12
63129 9
47960 18
50759 1
789643 20
54100 12
85589 21
46710 3
87728 14
53439 9
45920 16
60769 8
86393710 22
45290 22
71909 7
69290 1
65880 12
63509 0
62070 8
55669 15
61590 10
61619 6
46660 6
68759 11
45590 7
67339 16
55799 17
46799 11
54680 6
58609 21
45370 10
60989 4
63569 23
44239 16
55320 5
49829 1
42660 17
