61609 1
104538 2
76689 2
15540 1
147007 2
79099 0
84629 0
14159 1
68488 0
72808 2
22260 1
41849 0
156528 2
70868 2
55710 0
63969 3
104438 2
74969 0
13800 1
54969 0
57619 2
115778 3
111138 2
74599 2
13720 1
58619 2
113378 0
63949 3
9710 1
95558 2
62190 3
23209 0
15800 1
73129 2
75978 3
97489 2
25170 0
57948 3
68008 0
111848 2
78909 3
64739 0
16619 1
18670 1
13770 1
14909 1
69859 0
69239 2
70209 2
74029 2
24690 1
69479 3
48629 3
99858 3
90689 2
50309 0
59339 2
23500 0
75009 0
39020 0
99318 0
63829 2
104179 0
81359 2
58759 3
51949 2
12229 1
10339 1
10270 1
36700 0
24549 0
77779 0
62389 3
105578 3
30470 1
69259 0
13540 1
59579 3
60368 2
69410 2
11790 1
35690 0
2075427 2
56669 3
35339 0
23750 1
69629 3
60279 2
119218 2
11020 1
57359 0
73389 2
16539 1
14950 1
92449 2
14809 1
66628 0
70489 0
96229 2
46019 0
64039 0
122539 2
15999 1
28199 0
38079 0
69009 3
51790 2
100528 2
73259 3
73688 2
14599 1
70559 3
48729 3
44130 0
66629 3
12249 1
61759 3
67978 3
11280 1
65639 2
106678 2
14279 1
99998 3
12100 1
106969 0
10390 1
12510 1
83449 3
52469 2
84499 3
59689 0
11400 1
48219 0
22979 1
15629 1
62779 0
73579 0
17960 1
118068 2
28239 1
22480 1
42899 0
17150 1
70239 0
30380 1
85398 0
102009 2
17029 1
82039 3
17370 1
38819 1
15399 1
40360 0
102298 2
13580 1
57999 3
55189 3
58789 3
67369 3
26510 0
86868 2
115389 2
82979 2
54669 3
118668 2
57139 3
61159 0
48670 0
51689 2
77769 2
79998 0
104819 0
64129 0
61039 2
12519 1
60488 2
98099 2
81649 2
241076 2
145088 2
24969 0
113698 0
84449 2
67109 0
49389 0
91349 2
93118 0
95519 3
92588 2
100039 2
12559 1
29140 0
14290 1
12839 1
90088 2
48499 3
30900 0
59739 0
58409 2
77939 2
26280 1
97888 0
70028 0
33409 0
80389 0
84458 2
56419 0
23310 0
13340 1
53169 3
26579 0
66770 2
15279 1
75549 2
52119 3
62709 0
98839 2
85008 2
53400 0
90258 3
115328 3
26770 1
39679 0
70019 2
49909 2
72789 2
72269 3
79859 2
49719 2
84129 3
25440 1
70619 2
11640 1
11950 1
109628 3
101578 3
23430 0
96868 2
58969 0
53250 3
69828 3
54209 3
96039 2
60539 3
13330 1
13319 1
11419 1
65189 3
14170 1
32560 0
97669 2
56529 3
49949 3
16240 1
52709 3
29460 0
146368 2
53839 2
12879 1
47380 3
95719 2
57419 0
51589 2
114368 2
88159 0
79529 3
70189 3
74848 3
80928 3
47149 3
46790 2
49029 0
63049 3
11570 1
10230 1
10180 1
27590 0
58829 2
10140 1
56279 2
19779 1
54779 2
58299 2
18970 1
57919 2
82938 0
52440 0
79499 2
48609 3
11570 1
46619 3
48359 2
69219 2
25730 1
13280 1
12530 1
13069 1
58049 2
15449 1
89579 3
78979 3
41040 3
12350 1
52279 2
11890 1
72699 2
50010 3
193896 0
41300 3
10900 1
44769 3
904866 2
30179 0
74469 0
98408 0
58130 2
75749 0
98859 0
48449 0
78369 3
27299 0
12210 1
64279 2
26870 1
28669 0
28260 0
64189 2
84319 0
54690 2
15730 1
88689 2
159307 2
14180 1
85939 2
67369 3
66919 0
69898 2
71479 3
49699 2
27269 0
66739 0
25580 1
63459 2
166537 2
84099 3
13420 1
107009 3
12629 1
28439 0
154808 2
136637 3
118818 2
17090 1
126038 2
89959 3
11819 1
10709 1
65429 2
84859 3
12590 1
34819 0
70189 3
58769 2
67949 3
51099 3
11300 1
111448 2
45159 0
65119 2
59670 3
23079 0
79409 3
31120 0
12020 1
23040 0
123738 2
30449 0
49490 3
99658 3
15130 1
85539 2
70208 2
97069 2
12950 1
146847 2
64769 3
15110 1
17040 1
13289 1
73968 2
91609 0
55999 2
109918 2
12990 1
106888 2
80449 2
76379 0
89429 0
17180 1
166527 0
45119 0
58169 0
59629 2
76949 2
10740 1
21049 0
75318 2
12310 1
21350 0
3565223 3
22710 0
14339 1
165917 3
120448 2
18680 1
11940 1
13470 1
35400 0
58649 3
74359 2
76188 2
175077 3
78318 3
118429 2
27620 0
123548 2
32179 0
38149 0
31520 0
14340 1
81869 2
131708 2
35299 1
31880 0
102568 3
19050 1
41519 0
71659 2
15340 1
104788 2
87449 0
112528 3
56129 2
84139 2
86608 3
29640 0
14550 1
26739 0
67479 2
125368 3
55249 2
196637 3
56489 2
100908 3
15860 1
115198 3
15440 1
65849 0
78858 3
48549 0
14489 1
80779 3
180867 3
17390 1
14200 1
15859 1
77428 3
134068 3
13000 1
85069 0
45019 0
77319 2
105358 2
62749 3
61479 0
21950 0
13800 1
51740 0
63689 3
109508 3
131318 0
81769 2
16130 1
60249 2
27250 0
24370 0
45190 2
11410 1
47640 2
21519 0
54840 3
42819 2
54449 2
9400 1
9470 1
40179 2
40609 3
20860 0
42159 2
10019 1
