144308 3
24940 2
25500 0
25330 10
24980 6
24340 11
25030 10
24639 2
12120 3
25580 5
26310 2
12690 5
25640 7
25229 3
25190 1
12520 0
24370 0
24729 7
24880 1
25330 2
24650 4
24470 6
24569 6
25590 1
23890 7
13389 10
25779 4
13670 2
26320 0
26230 2
28019 1
29710 10
13480 2
27050 6
61209 8
4920 0
20041382 7
25079 11
50739 8
3920 0
29389 3
12629 7
26639 0
25570 5
25180 3
25029 9
25549 2
12450 11
27450 7
26020 3
28199 7
24540 0
24160 11
23600 3
24619 1
23270 10
49800 8
27440 6
23270 5
23310 5
9800 3
24869 2
22750 1
28690 8
5640 11
24400 4
23989 1
24419 10
23500 0
10670 5
23000 3
24399 11
23620 0
23280 2
45280 8
4440 6
22960 0
23710 10
23830 7
24249 7
23660 0
23930 9
22810 7
24050 0
25299 9
24070 10
24600 7
48419 8
4380 2
24870 5
34730 10
52609 8
3940 11
25440 1
24010 11
11730 3
23840 2
23660 11
9960 10
23680 3
29900 0
23990 6
24159 11
24989 3
51400 8
3930 10
24949 3
24559 11
26540 9
24800 2
10690 6
23840 9
23300 4
23250 3
22630 6
23140 10
24059 3
24200 3
23680 2
23860 11
24670 2
25080 5
23190 6
24549 1
23350 6
9610 3
25260 10
10600 6
24019 1
48589 8
4260 3
23620 6
22579 10
10929 1
28489 10
23720 2
23700 11
45889 8
4020 11
23370 2
23590 4
22900 3
23120 7
23710 2
23290 3
48229 8
3840 4
23880 10
23000 9
24079 2
30259 4
23770 10
23460 11
23540 10
24450 3
24160 0
23450 2
10260 1
23230 11
22829 4
22880 7
9340 1
23370 2
51769 8
4010 6
22610 3
10680 9
10650 6
24559 6
48789 8
4240 0
23460 11
23640 5
48590 8
4200 11
23610 4
23730 6
23499 10
23740 6
22740 1
23570 11
48159 8
4060 4
23280 4
23840 6
23619 6
22569 5
23200 2
29720 1
23620 11
23159 7
22240 0
23720 6
23479 3
23419 6
23860 0
23070 7
23560 10
23039 7
23159 4
31010 0
28410 6
24840 5
28090 7
26250 10
24699 9
24910 7
23820 5
24720 3
23329 10
23840 10
50830 8
5669 1
47839 8
4250 11
25850 1
26249 6
24330 2
49450 8
4730 0
23689 1
23309 9
23830 6
50460 8
4131 1
25090 3
24010 7
24110 10
22760 6
24189 3
23610 7
24070 9
23369 3
23949 11
23840 6
56040 8
4111 2
24250 6
48250 8
4100 11
23399 11
23570 1
25780 5
24950 3
24189 5
23039 3
24080 6
24630 11
23590 7
24399 4
26559 9
23540 5
24140 0
26840 10
24200 7
24289 9
23550 2
23800 9
23950 3
23970 11
24420 5
24210 0
24040 5
24830 11
22900 9
25750 9
23250 10
50559 8
26950 8
5410 6
24529 7
24989 7
23690 4
23510 5
24770 10
24389 0
23570 4
23500 6
24040 9
24669 2
23320 7
23680 10
23420 1
10038960 2
25860 10
24420 9
26340 6
23680 10
23940 0
23680 2
24280 0
24259 2
23700 9
23530 0
49249 8
4230 3
23890 11
23970 4
23360 4
23380 2
28600 6
24650 10
24999 0
24890 10
26720 1
24180 1
25759 4
24690 7
24830 11
23880 11
23910 3
23579 4
23430 2
25030 10
23660 10
24760 1
23950 6
25070 11
25310 11
24689 11
23660 2
24970 0
24600 7
23940 9
24230 11
23990 5
23819 5
23979 5
23950 6
23890 3
26459 6
23460 9
23940 6
24490 4
23930 3
23810 0
56580 8
4100 5
23950 9
23370 6
23890 0
24770 3
24500 9
23329 4
25070 4
24790 10
24220 10
24180 4
24669 5
24070 3
29510 3
26209 1
24760 7
24350 1
23910 0
23499 0
24090 10
25460 3
23620 10
25150 5
24540 11
23940 6
23680 11
24680 6
25470 10
23340 5
24130 4
23880 0
23600 1
24010 4
24159 9
23489 1
25100 3
23660 1
24489 7
24439 11
23650 10
23360 4
49409 8
3980 6
23860 7
24050 0
24540 2
24899 11
23980 9
25550 11
24890 11
25319 3
25770 11
36570 6
24620 7
24380 7
50740 8
4540 4
23500 11
24069 1
48350 8
4530 0
24930 9
24600 11
30680 7
25240 11
26240 11
24420 10
23540 3
24870 10
49420 8
5100 9
49329 8
4671 3
47030 8
4370 7
24050 4
24329 11
24340 11
23420 10
23560 2
23860 5
23400 0
26210 10
24330 1
47159 8
4190 6
24340 11
23410 1
23960 2
23610 1
23780 2
24070 6
24960 10
24040 0
25400 0
47390 8
4630 3
23900 3
24050 5
26160 2
23940 10
23219 6
29559 4
23180 3
23900 9
24230 0
25680 9
47870 8
4190 1
44609 8
4350 2
23950 5
23120 1
29060 4
27560 11
25380 6
24750 11
26440 11
26450 0
25070 5
25410 7
49090 8
4180 10
25289 6
24330 2
25590 2
24440 6
25370 4
25129 6
24770 9
25020 1
48319 8
29480 8
4600 1
46979 8
4450 5
23750 1
51610 8
8811 6
30240 3
24310 2
24560 2
24719 2
23950 2
24120 7
49500 8
4731 4
24379 6
24660 6
24040 7
24380 7
23920 9
25090 4
24020 9
25110 1
25460 11
24790 6
24490 7
24599 6
49430 8
4860 5
24430 6
25970 10
