185339 5
107308 9
99569 6
93240 8
95039 9
97590 7
90930 11
94189 4
98459 9
99499 3
95159 5
105519 6
89629 2
99099 9
92639 7
104429 6
90559 11
91949 9
97789 5
108739 8
91179 7
94159 0
96339 3
93649 6
96339 9
97249 11
88520 6
100010 8
96539 0
105279 4
138428 4
90739 8
103919 7
100599 3
102629 8
101529 3
89439 8
97589 7
95359 0
109469 11
89719 6
90579 5
97179 3
90239 4
92099 1
101189 10
96599 8
95379 6
96479 3
109109 10
93759 8
93829 4
97279 6
97969 6
96839 0
103169 5
100709 1
98449 0
102719 10
109609 1
92389 6
100089 9
96289 9
97509 11
92049 6
87579 0
99059 11
95659 7
91630 5
96528 3
103559 7
94119 8
90068 5
95109 3
101428 3
97750 9
102539 4
94219 8
94959 7
93849 1
104529 10
88049 1
100759 4
95319 2
93709 9
94659 3
98319 7
92609 1
96169 3
92829 9
100209 9
109089 0
88419 1
97539 9
89990 10
95728 9
94630 4
95930 5
98009 1
105058 0
98648 5
10132260 7
112239 9
112179 5
115319 7
110310 7
120829 11
120549 4
113959 4
131919 9
104248 4
116279 9
116069 10
110709 10
109399 6
109019 10
125329 4
122019 4
128959 1
104729 5
113969 10
112909 5
115389 10
124348 9
109659 9
109590 10
120699 9
121599 0
109589 4
117019 0
113599 0
118269 8
106959 0
116759 3
107119 6
121549 11
111959 5
114239 1
111399 1
117650 3
107410 0
115489 9
110709 3
107229 8
118449 8
110079 7
109839 2
109169 11
109509 3
113919 9
114009 9
117779 2
117189 8
133168 10
116208 4
119558 4
103379 2
109289 6
119259 8
105559 1
111869 10
108739 9
123198 4
120008 10
113409 4
124169 6
119749 1
109149 3
118768 6
117129 10
130299 11
112399 10
106249 11
108609 6
106419 5
115808 9
114159 11
120858 5
115899 5
146618 2
119408 5
126638 8
115599 10
123139 1
123789 8
115718 10
122359 10
10155219 3
88989 3
88419 5
94260 1
93849 8
79479 2
81669 2
82829 5
96779 9
93680 11
92759 10
115158 8
87459 6
85369 0
96439 9
94019 3
85049 0
93959 4
93139 5
90429 7
84629 0
87099 9
95870 4
82099 5
86290 7
85599 1
83029 5
97319 0
90259 9
86599 11
89670 6
89659 10
93430 11
94350 7
87689 2
86889 4
94349 8
84779 8
87479 5
88599 5
86619 8
94359 0
90469 9
110629 4
106819 6
89199 7
93119 5
87499 5
90609 11
91989 1
88919 3
83099 0
87689 0
94030 3
91300 0
98289 3
89379 8
85769 4
102359 6
93379 1
87389 4
95899 0
88009 5
93849 7
94119 10
102079 9
89290 6
85330 2
83789 6
87329 1
81799 4
85189 11
88919 8
90679 3
90109 6
96489 2
92079 1
94439 5
77629 10
81109 8
80809 9
85310 2
80700 4
79969 4
81399 1
80049 9
78659 2
76819 3
94049 5
94609 6
78879 4
71469 9
74600 3
74799 11
73869 1
74210 4
75009 3
72829 3
77139 11
83209 4
81770 9
73429 4
84379 10
71149 7
73080 2
78619 8
74099 7
78679 6
71299 4
71420 1
73859 8
72009 8
72220 1
73299 8
82409 8
10110600 5
93649 2
89269 8
88869 8
85589 2
89379 3
91470 11
94608 1
91439 10
93520 1
98739 5
93229 5
82689 6
85599 7
81599 11
82599 7
88779 5
87669 1
92049 6
85339 4
96039 4
100519 6
98549 7
86399 8
89469 8
87309 10
87349 0
89908 2
83209 0
86709 0
85359 10
84689 9
83979 2
95070 2
83490 3
89699 2
96699 10
86329 3
85819 5
87329 10
89469 0
87639 11
97629 10
96339 7
96539 0
84609 9
87779 1
82699 3
85269 11
84399 6
86479 1
91439 5
87519 11
89979 3
89419 0
85039 7
91449 0
88549 6
87399 1
86439 5
86299 7
83920 6
87479 3
81529 10
82909 9
93559 5
84659 0
97599 1
83499 0
84299 5
84849 4
79239 5
82819 10
80809 7
79809 0
84099 0
87119 10
81879 5
85420 0
87668 8
87909 3
84999 10
89029 7
80139 1
78279 7
83659 7
85670 7
79299 8
83039 5
76510 2
79370 10
86409 4
78499 4
79249 7
80329 0
79659 8
80619 4
82799 6
80119 8
81829 8
79809 11
89429 3
96759 3
100059 9
83479 0
81169 6
83139 3
86459 0
87289 3
81939 11
83539 0
85189 9
80889 9
86339 5
97919 7
10104270 5
91999 4
78989 8
80929 3
80839 4
91419 6
84369 9
84319 10
83959 3
82119 6
84089 6
91220 5
84139 2
85339 10
78339 7
76280 11
83080 6
83079 10
80419 8
86729 11
88499 4
84159 4
90139 10
88289 6
82339 6
80539 4
86209 7
80489 0
81688 5
87740 9
86749 11
80499 6
85339 5
84999 2
94030 2
98499 5
85390 9
77970 1
81329 8
87729 11
83619 11
81049 10
83450 4
83139 1
84129 5
93099 5
84469 0
91169 8
81889 1
85459 9
84789 5
78419 10
78609 4
79050 6
81449 7
81999 9
83679 3
79969 4
88389 6
88450 7
79490 11
78459 7
91139 4
85409 9
79569 7
77490 2
84329 7
83739 7
81939 10
116749 3
86949 0
77119 5
78629 1
83159 11
89709 3
79829 6
80199 7
77319 3
88010 7
80309 5
83899 5
89449 3
93029 8
79539 9
79799 8
81509 4
82249 2
81959 3
81439 2
83000 4
87149 0
79989 6
84579 4
88719 8
99659 7
92299 2
79109 4
85110 9
81550 11
83649 4
91359 5
80119 8
87599 0
82160 9
85870 3
87039 10
92919 9
79869 1
79849 4
82140 6
86819 10
84919 10
85759 5
85239 0
82619 1
90569 1
99949 4
81959 11
10120590 6
88229 11
94669 7
92839 1
95319 8
89099 11
84519 8
89599 4
86869 7
88759 2
103259 2
83939 5
87999 10
86839 4
82439 11
86210 8
83179 4
86679 6
84859 1
80559 6
78129 9
81269 11
100599 9
79579 0
77539 10
85739 10
91959 2
92399 3
85470 11
80799 3
84259 1
81609 7
76300 10
79640 11
97349 7
93139 5
95009 8
84229 6
85639 9
77379 5
74920 0
74799 8
83189 8
81369 11
79199 9
77129 1
88629 5
77519 5
74439 11
80089 9
77259 2
76669 7
81039 11
82329 3
80309 4
74900 7
76089 11
74319 1
87949 10
78360 11
75390 5
75829 6
76649 2
75879 11
84049 3
76589 6
74209 9
79060 4
82820 1
76159 2
79669 11
86709 0
77730 1
80200 1
76149 0
76739 6
76439 7
75060 8
77379 7
78059 2
76289 4
71820 8
78329 9
76519 0
83669 3
78869 5
76530 9
74919 9
79989 5
81059 1
74549 10
76819 10
72969 6
75809 6
81450 4
80890 7
81119 11
83779 2
80929 3
81250 11
76420 8
77489 2
76709 0
78810 1
77820 10
77509 5
74779 0
73960 1
79339 11
80749 3
96099 6
76699 7
75349 7
75350 3
76689 4
84819 1
75949 2
79129 2
78600 2
79189 5
88929 3
83239 0
11091490 0
76189 9
69259 11
69809 3
74839 7
73769 6
73490 7
72149 10
72389 2
71189 6
69519 1
73409 5
78949 2
78169 10
70969 1
71409 5
75529 2
71520 10
68669 7
73349 1
72840 0
69190 3
72899 9
73759 1
72810 11
72809 11
68799 7
76910 4
72370 0
70609 3
73389 1
72469 0
72399 5
75329 3
70330 8
72810 5
71549 11
72009 1
69890 1
76779 11
82829 4
88429 8
71699 1
70560 11
70429 0
69399 8
69650 9
74619 4
70509 2
70110 10
72340 8
74589 11
82239 4
84560 7
81850 2
71040 8
72689 10
72169 5
69849 6
74929 3
74709 3
71599 5
70659 6
73609 2
70449 7
73880 3
82859 10
83729 5
86009 7
76739 9
70590 8
71219 2
72109 4
73020 9
70630 6
71099 3
73769 5
72770 0
72659 9
68779 8
71120 0
79850 6
73259 4
72199 8
73569 7
71739 7
70889 3
70480 10
69620 11
71889 0
71559 4
73150 7
81440 3
78529 6
76679 8
75130 6
72420 7
72089 11
72519 11
70820 8
74809 5
72959 0
71919 5
70099 8
70419 8
73289 5
71879 4
86189 3
94519 3
74909 10
72959 4
67910 6
72929 9
72119 8
73000 11
73520 10
74319 2
71429 2
68190 8
72439 9
73549 2
77539 0
10087769 4
79410 6
73530 10
74099 6
73559 11
74510 5
72339 7
74259 0
71599 10
72390 5
72109 2
73799 11
72580 3
76770 7
70919 2
71499 9
64890 0
61989 9
61980 0
61410 9
61109 4
63090 5
63720 4
62779 6
62210 1
62669 9
62940 8
61459 2
61309 11
68789 1
62809 0
62919 7
62299 4
62559 1
63099 7
63770 5
63079 11
62180 8
62329 0
64049 1
63120 0
63630 5
62389 7
61110 10
63669 11
67979 3
63379 11
63599 7
62470 0
63260 7
62599 7
61620 5
64049 1
62549 2
63659 2
63749 11
61700 6
62150 0
63249 8
60160 10
62999 4
70009 11
64099 9
63159 4
61910 6
62290 10
62039 11
62060 0
62039 10
61359 1
63529 8
63139 3
61260 9
60969 2
60949 3
61080 10
69559 4
62340 3
62900 6
63389 9
61669 10
61410 10
63699 0
61510 2
61819 11
62319 6
64329 7
62909 3
61810 7
61639 10
63029 3
62470 11
67719 3
61149 11
62420 6
62669 8
61719 0
61950 9
62789 6
60590 4
62529 10
61269 0
62689 6
62939 6
61240 2
63379 9
62510 7
63089 2
67059 8
62450 8
62600 3
61799 7
60980 3
63019 10
63260 9
61570 6
60489 5
62679 4
62250 2
62999 5
61100 0
61729 0
61160 11
62490 7
66839 8
62140 5
63129 8
63889 3
61400 6
63909 7
62939 4
63049 0
61529 10
62410 4
62110 4
64219 7
60600 8
64519 11
64600 5
61900 10
11080980 5
71089 9
73409 7
72350 0
73379 9
71899 11
71080 10
72500 4
71139 7
73219 0
70839 11
77069 2
79169 11
82579 2
88369 8
74119 0
69009 8
72049 6
69450 5
76219 5
72709 4
68739 2
105669 10
70159 3
85200 1
79849 5
85979 8
67999 1
73000 6
73349 5
71719 0
75979 6
70479 5
71899 11
70639 8
72970 4
70529 6
72579 10
73750 1
80640 5
89289 5
74599 10
70639 6
67920 1
71059 1
71129 11
72799 1
73139 1
70399 0
70480 2
73249 11
71619 0
75329 10
72070 10
76499 7
68409 8
69829 0
71850 9
70579 9
72889 6
71150 2
78669 1
69789 0
70599 10
74510 5
83009 4
79179 0
80439 10
71699 9
71079 1
70839 5
73739 1
69710 6
73589 8
69269 6
70070 5
69899 4
75249 7
69539 0
75599 7
81429 4
