1095067 10
791661 2
141649 6
104329 11
164618 10
155938 1
67939 4
57319 6
175617 0
1258265 5
141848 2
137518 7
156448 1
174088 0
51170 5
68719 9
129388 2
148859 8
126088 9
124989 2
112408 10
103509 6
129379 10
51669 5
78279 8
146048 0
79819 7
177288 0
52290 7
151598 0
113959 11
116128 0
65949 4
66559 8
53049 7
65229 4
63484295 3
217237 3
133208 8
3300201 0
155709 10
77959 2
2336133 0
58249 6
69099 8
66489 3
73589 9
151208 1
494154 0
248837 0
230697 4
126368 9
46650 5
49999 5
114669 8
108788 8
123589 10
61399 8
172458 9
104249 8
260237 10
3612368 4
62139 9
58379 9
55190 8
61379 10
102589 7
53959 10
46370 5
60959 8
87069 1
184777 4
64929 11
203118 6
432305 1
59450 7
93429 0
102559 7
74679 11
65380 4
117128 11
4975642 9
66149 11
97089 0
303117 3
52240 5
146318 6
266657 4
157208 7
126609 7
160978 2
81809 7
102969 11
54249 5
74769 3
88959 4
68373647 10
94399 4
63800 11
126168 9
59370 9
53560 5
164488 10
155198 4
72969 5
276247 11
89439 0
88129 1
275217 7
56129 8
48390 5
64789 10
60869 9
110539 10
67869 4
57319 8
86779 1
55600 6
56070 7
53189 6
51350 6
81219 0
56509 9
17976869 3
303226 6
169069 8
368506 6
114239 10
201387 6
72610 10
96019 0
299117 0
63549 7
334326 0
224987 6
512454 0
44929 5
132129 8
78650 6
102688 2
124399 8
73299 9
150738 6
213478 2
117148 7
66610 4
88629 6
157989 3
71829 9
79379 0
67159 4
107409 10
160528 7
110369 10
152508 8
136438 10
204598 0
68849 5
55380 5
328267 8
95798 9
102028 7
70060 4
57169 10
453935 11
118958 4
131098 11
87379 2
165767 2
57129 10
114508 8
324786 1
411745 7
46309 5
180718 6
101279 3
183488 7
105169 7
114278 3
51150 5
143058 10
10788744 8
120149 0
200958 9
19034906 10
115379 8
87659 8
163308 1
1238005 5
100959 6
161048 6
139249 8
130798 0
112559 6
8731897 10
152998 8
173387 6
93349 10
177588 8
130259 0
182078 10
184538 8
61379 10
222297 1
43759 5
129438 0
64919 8
103999 8
82319 2
111259 9
89399 4
54549 6
75779 8
54759 10
116949 0
43570 5
56619 6
57089 7
68379 8
81479 0
28460557 3
45409 5
146508 0
44940 5
104959 7
124618 0
69009 8
77379 4
60060 4
76449 1
64789 2
78019 0
107999 4
89089 8
69979 0
76139 1
64789 2
57029 3
52819 8
85129 1
70909 1
7217555 10
198358 5
124999 7
94270 0
105438 4
43320 5
9450279 3
110149 2
88079 2
57579 7
45319 5
73379 8
82520 3
64420 9
63359 7
79269 7
9719286 10
160598 0
127208 10
131978 1
79659 7
82709 2
69259 8
99409 7
131018 2
134319 8
63679 10
95809 10
100059 1
41950 5
39970 5
102749 7
125708 9
104329 7
96549 8
64439 11
58340 9
63239 6
156198 0
344056 11
75129 0
60459 4
56709 10
74149 1
132228 4
55749 8
52660 6
6732461 3
94549 2
68549 5
4587086 2
23961179 10
61249 11
76109 2
365326 10
30861758 7
247327 8
48809 5
344626 8
184008 3
106939 6
139208 1
91599 3
8466231 10
101299 1
361975 10
81469 1
203698 1
119349 1
9469588 3
49260 5
103109 0
208268 1
79298569 10
79819 0
84289 4
130069 6
75189 8
70179 11
142668 1
323817 0
295607 0
106949 5
197257 11
277206 5
127529 8
235537 7
49940 5
78459 6
199938 1
274707 0
417925 2
135848 8
84768 10
287666 4
549424 6
347266 8
151089 8
174948 0
181748 6
106798 11
60880 5
73659 5
198998 7
142869 9
285356 4
151119 7
58079 5
76699 11
91209 1
276917 9
157338 9
184788 8
164238 0
49129 5
155729 4
253828 1
49210 5
105229 9
110638 10
338216 10
234697 0
237107 6
60929 7
130278 8
153819 4
197547 6
170127 9
141008 10
74969 7
197868 1
176729 8
47260 5
109839 11
4057602 0
58109 11
102869 9
64379 6
152219 1
81230 4
56770 11
25438581 10
72480 4
81370 2
118579 0
82579 0
224927 0
333787 2
79580 1
354825 2
56209 9
78159 1
92859 0
102459 10
79859 1
59399 7
77849 1
60159 6
74829 1
56210 9
60169 6
52699 11
75860 2
77929625 3
89459 1
52479 5
63290 6
90550 4
208808 3
202828 6
151088 6
100339 0
45769 5
83399 0
11067420 10
89769 1
126349 0
138578 11
133029 2
112869 6
74039 4
70049 8
45700 5
110859 10
277226 0
96068 7
390236 4
75999 0
197388 6
81728 2
59120 9
118948 2
87739 7
91949 1
63859 10
76279 2
48149 5
86819 2
106009 9
5002411 3
66999 8
80099 4
49730 5
202938 1
159818 6
154619 4
176378 11
76819 3
410095 0
298987 0
188217 9
245197 7
66389 3
133208 7
119939 1
194048 8
102989 8
143339 8
44070 5
224617 10
145509 10
107138 4
63750 9
93219 9
258437 4
47240 5
229727 4
267947 0
43229 5
64889 3
96419 2
237537 2
56669 6
83769 1
45280 5
571254 0
291966 4
112519 4
130429 6
277297 0
200058 11
101669 9
163658 0
111489 10
100748 6
331426 7
329396 6
181278 2
209827 11
175308 3
64929 8
125419 2
94818 4
302007 4
212718 7
168598 7
128978 1
214688 9
157598 4
59299 3
47450 5
47619 5
104629 10
104928 2
146858 8
1592731 6
81629 7
44050 5
85170 11
114299 11
60650 3
104389 11
57859 11
73849 2
82299 2
95379 1
79059 1
64409 9
56609 8
72630 2
67130 7
74159 1
60869 4
16893672 6
128528 2
114329 9
45839 5
122818 4
29416455 3
63969 7
75929 0
64459 11
101239 6
59579 9
66990 2
69659 2
63719 10
52139 10
82079 3
81200 7
80770 2
66179 8
61089 6
53539 7
934250 4
42840 5
168718 0
285026 0
62760 3
58099 10
98969 9
48879 5
96168 0
298087 0
75799 9
227147 1
61169 10
54540 11
135938 1
82029 0
57050 9
69329 10
54469 11
56679 11
57280 10
60219 3
158838 6
96069 11
82649 8
96629 10
146588 8
96119 11
81549 6
188888 4
55309 9
132208 4
75059 1
119348 1
250957 1
44549 5
131879 7
74099 0
104218 10
47130 5
78629 0
96729 7
61049 11
47150 5
94410 11
143859 9
374835 2
421695 2
1561581 0
85759 11
74699 11
62299 10
606732 0
118059 11
104349 2
53789 7
117449 2
10236599 3
295467 11
105079 5
87189 11
314606 0
93909 3
113039 8
108188 7
45350 5
184028 8
92819 4
58219 7
66009 11
7999846 0
9820145 3
50230 5
68379 8
99788 7
215788 6
48969 5
169808 1
84879 8
108219 1
162418 3
114109 4
70219 9
370516 0
363685 10
64710 5
125888 8
268737 7
137298 8
116239 11
136008 10
248668 8
123259 1
256757 2
217218 6
166078 0
142008 0
152418 2
215307 2
247627 8
90079 4
185598 9
142398 9
121208 2
139369 1
73009 3
95639 4
75869 2
212107 10
114219 1
493244 1
100079 5
118909 4
310606 1
462025 6
217788 6
111799 3
120378 10
157538 9
147258 11
45910 5
438875 8
122599 1
91919 0
208788 1
679842 10
57829 7
45970 5
142668 4
102539 6
76239 1
174538 4
53619 11
141229 4
55159 7
69729 8
103049 6
62039 8
127059 6
56749 11
71479 8
71260 2
58550 6
54639 11
55330 7
115038 0
61969 6
60080 8
56239 11
81319 9
56929 7
71279 2
57679 10
106209 9
110248 10
59250 9
6234777 3
63029 11
135428 2
108259 9
143238 7
56320 10
69420 9
280057 6
88899 11
59760 3
123578 10
132879 2
133348 1
152788 6
81799 4
184738 1
51630 5
9917854 3
114089 10
119178 8
108478 6
461065 3
188127 3
117729 11
146018 10
85548 11
145169 7
166118 8
302246 9
50630 5
143559 11
96289 3
41169 5
168138 4
48610 5
110618 0
284757 1
44059 5
379995 2
50099 5
78679 11
199997 4
62839 7
105478 6
63009 10
58049 7
81649 6
61899 11
61549 11
79449 7
123958 4
89999 10
179918 6
201587 1
123238 7
160828 2
146518 5
86939 4
88169 4
113799 4
127048 0
59829 11
60189 11
129188 0
163488 0
124168 0
44090443 6
196478 0
57410 6
286956 0
9217481 3
135278 4
82828 8
130458 2
301337 2
97588 4
29468234 6
148339 9
63199 6
112259 11
102628 2
262026 9
66959 7
144838 2
58209 7
64009 10
79910 0
86970 0
84810 2
48610 5
43599 5
58840 9
78949 1
65989 4
63899 8
60540 10
80339 0
70710 8
6224407 3
2314123 6
58420 8
48209 5
164859 1
106398 7
180068 4
92369 6
114059 4
108038 6
114759 4
122849 3
148538 1
255817 4
126508 9
126389 0
63159 5
94209 5
124678 4
203057 0
205808 9
193357 2
226717 2
89879 1
87799 3
446044 0
64320 7
161669 8
178078 4
195897 8
139079 7
154208 11
105069 7
52009 5
172608 10
168168 8
46599 5
71549 3
231757 0
68869 7
110159 4
115259 6
118959 0
165438 0
128999 4
111458 0
142459 8
156548 4
178448 9
131858 10
141109 8
65020 5
150918 2
135419 6
53950 5
79099 2
83059 9
96999 8
227277 2
430115 2
109359 11
103358 10
186777 4
146409 2
54139 7
87689 11
47140 5
91869 11
141139 9
10395978 3
91739 1
164587 7
84339 2
115268 11
108089 10
65599 8
60779 11
64369 7
135098 2
108739 1
165328 11
62419 11
144859 3
61740 10
49429 5
121679 2
52659 9
84849 8
65729 5
77068 6
196847 11
117419 8
164528 2
196898 2
153499 1
241517 9
109859 4
83189 1
123968 0
155668 4
89339 6
147089 10
85279 6
49879 5
156388 6
185518 4
65189 5
79419 8
116599 2
69459 3
213408 6
106648 11
151558 10
93959 9
105758 0
158269 7
81179 11
45039 5
1546992 1
245497 1
92199 4
140458 11
114789 10
304196 6
64140 3
67160 3
145058 8
56509 6
79499 7
105859 2
78879 5
171098 7
149638 11
150079 4
154199 2
296406 2
365026 1
222307 1
75088 2
97648 11
124448 2
50369 5
60330 8
221927 2
180068 0
159188 11
54730 5
53840 7
69449 6
54429 10
63110 10
58969 10
80059 1
72119 0
48950 5
85659 11
72199 9
67929 7
56819 9
53479 11
56649 9
83359 2
93509 1
8003626 3
126478 0
221178 1
82599 3
127939 11
210388 7
157638 8
99429 11
93729 4
81499 3
124918 0
215468 2
63519 5
185858 8
141328 4
146039 9
124049 10
61739 3
125759 0
48189 5
70579 6
55020 6
112739 2
171638 11
91578 1
147409 9
192437 4
155588 11
50679 9
104939 11
84889 2
128608 10
103049 4
87439 2
62729 7
53170 5
72139 8
117828 3
