150649 15
93159 2
88969 7
84550 15
89489 13
87349 9
94000 12
104229 14
92699 12
87779 7
94519 11
89739 1
91639 7
88050 12
94639 15
92149 0
94920 7
117709 3
103629 11
75909 2
77690 7
78759 4
74919 9
72820 13
78009 0
83170 14
99919 5
101509 13
87809 3
153869 11
87250 12
85519 0
81819 3
83370 15
92929 6
89819 5
96880 4
97939 6
81519 7
105009 0
74680 5
67639 8
70700 8
80319 4
86379 12
92500 13
87329 8
74929 7
80580 4
90979 4
111879 1
122359 2
132079 13
104430 8
93749 1
92199 12
94920 3
88489 6
90229 0
79169 2
82550 3
96819 7
93999 5
85809 11
88099 15
89649 12
90939 11
90309 7
88759 12
87670 4
92769 3
85139 11
107470 10
93519 0
93729 8
90700 6
94129 15
89809 12
90439 12
91530 5
96869 12
90269 2
94960 13
100199 15
87529 11
76259 13
71850 10
77549 15
84210 13
78709 15
77510 9
94110 1
111329 0
104929 4
79609 12
89510 1
87239 1
92820 10
87899 8
82169 12
87730 1
92339 12
94789 11
94539 8
83460 8
92209 13
90559 5
69020 3
67349 2
75580 8
87379 14
86869 10
88780 4
82689 9
84079 14
80650 3
108579 1
116839 5
170649 1
104359 8
100879 4
100850 14
103760 13
91959 9
90719 12
78220 7
82919 5
102499 11
69600 11
72879 1
75490 15
74470 4
69620 10
80940 11
97879 2
98519 8
77970 15
68699 4
68640 4
70859 4
149419 3
87119 6
91310 12
94679 3
97969 6
83559 1
90019 5
81309 10
73530 11
68889 2
82690 4
118379 11
69980 15
58210 3
71209 0
94219 10
91890 7
95779 8
90329 0
77610 8
77369 6
75029 15
74609 8
83469 14
85010 2
77789 12
74799 8
78359 5
69349 13
63940 14
68329 1
74430 13
73119 13
76200 5
75580 1
78420 12
91069 13
74519 15
76169 12
78849 12
74340 6
75749 13
77519 9
72480 12
75839 8
75509 9
74059 0
77649 15
78779 2
84449 2
79659 10
79339 14
70120 2
75880 12
74999 4
78500 4
76159 11
76419 14
78139 3
87979 8
75180 14
69659 9
74450 8
54619 14
57180 8
68099 11
66920 1
61469 8
58210 6
64429 2
68650 0
77829 15
89579 12
92640 8
71529 7
60030 15
57299 5
80280 1
71949 9
76259 6
64549 6
56160 2
66849 5
84149 8
80820 1
86709 2
89920 6
80350 9
76319 0
74020 14
73099 13
68250 9
64879 2
75200 11
106059 8
95739 11
84539 7
84899 4
79309 14
92219 14
78049 2
83109 2
120259 0
113580 12
110908 9
121060 10
143819 5
120720 6
79399 9
84399 3
91229 6
102669 14
89489 6
80970 8
82759 2
85839 15
82350 9
82059 1
87559 6
97819 14
94779 4
88069 4
140559 14
92250 2
80140 1
93369 12
92119 11
113359 2
86500 12
86889 4
88410 12
96930 4
94949 0
110779 0
90220 6
97240 5
106679 5
92419 5
97569 2
95709 7
92439 15
95419 7
100989 14
115069 0
99529 0
90529 8
93379 10
99470 5
103739 14
95189 0
105519 9
108080 7
110469 12
142599 14
105039 4
105889 4
102449 3
87910 7
98489 5
87839 9
83980 5
87750 13
77219 5
120079 2
89389 0
84999 5
86419 11
98339 3
97619 9
101629 8
130199 1
135989 10
155499 2
99839 11
89039 14
97950 5
101299 0
118919 14
119409 1
113569 5
129789 4
151579 0
203028 5
142590 3
145428 15
132238 2
103419 10
96979 9
115849 15
93879 2
91600 6
99609 3
95479 13
108709 9
106440 13
181559 9
121569 3
137839 13
138389 5
141019 15
154519 9
177168 3
142438 15
114779 11
120908 5
112209 1
109309 3
110659 2
110639 12
97470 12
112970 9
133650 15
111300 12
142509 0
112729 4
114889 13
105669 4
101569 12
96679 11
96389 11
99259 11
99529 7
122529 6
98309 3
117569 3
115529 10
92129 0
97409 8
93270 1
101829 7
101449 12
100679 7
108920 4
110550 2
112799 5
115399 13
104939 7
116639 8
104950 3
108139 11
124019 4
138899 7
100970 5
106729 6
116469 3
111069 5
113259 10
112859 0
115050 10
100189 7
136199 8
121499 11
105649 5
107899 5
99439 2
102299 14
86929 7
90259 6
95990 3
120489 7
85629 2
83880 4
100620 11
93629 3
105899 7
100369 6
136389 7
130429 7
138249 15
99090 6
109780 1
98099 12
102389 3
102329 15
115729 6
119828 15
118279 9
141329 4
121760 5
122879 12
131319 7
148158 9
122229 5
97509 14
87639 0
103940 15
110699 3
88209 10
121229 15
118349 1
108159 12
121590 10
108059 14
121819 5
145508 12
129599 15
124470 8
132270 15
136539 1
106540 13
95899 0
106089 5
113979 11
118079 2
96120 8
101179 9
102709 5
98989 3
91570 7
84109 9
83259 13
83649 1
92389 5
83010 10
113130 11
89900 4
105629 12
124439 0
127559 11
144119 10
90649 2
90480 7
89670 14
118229 7
103399 12
127339 12
122789 10
133589 5
221289 14
143119 5
98420 4
94239 10
101229 8
108370 11
94040 12
93389 2
104499 13
100050 10
101500 12
124169 8
139209 6
130649 9
135229 2
156959 0
139028 12
99670 1
102499 1
89329 9
121789 0
96289 7
107100 2
99409 2
105119 14
114119 4
102540 1
92840 10
110079 4
129199 0
102119 13
106829 0
105829 14
104959 4
106899 15
104539 14
94289 5
106339 6
114689 4
110189 6
114549 8
109599 13
113509 7
106520 4
117659 10
123890 3
103439 1
139999 1
119479 12
100529 11
96449 2
93890 8
94680 15
99789 12
106839 5
103989 1
117889 2
119779 6
114119 14
118819 2
103419 11
93389 10
107009 15
101969 5
119799 15
119039 13
140869 7
95259 2
96519 13
101909 0
95089 13
88919 4
97489 3
87969 14
83529 12
87250 3
110310 10
94469 14
88109 1
109139 0
126668 14
145339 1
134990 12
97060 6
96329 10
114039 7
86590 1
105080 4
107579 5
114069 5
118299 14
110599 11
127459 2
126119 6
140999 15
123909 7
96679 7
100909 8
86839 14
90299 4
96590 1
113289 8
104229 3
92369 5
116489 11
93010 8
149848 9
144458 10
103690 12
119090 5
130629 8
142779 13
168389 6
130469 12
98100 7
83190 9
99469 3
98579 8
100729 8
104349 1
95899 3
104009 11
107669 15
108789 13
94239 5
95189 7
92589 11
97759 14
106029 7
105089 10
89670 5
116328 3
114129 2
113839 14
86889 1
88570 9
102350 14
97799 12
96849 10
110950 3
133489 3
99400 15
96569 1
88079 1
108499 11
102250 14
105250 9
87909 13
105239 6
115249 12
114910 11
93410 5
101609 0
100099 9
89160 5
97249 8
104559 7
104619 9
98029 7
117050 4
158498 2
94179 15
85009 5
80579 8
93409 4
102039 9
87649 3
85859 0
83329 12
88829 3
102789 8
86869 0
292698 0
94920 2
126769 15
184719 1
97330 12
129359 13
108869 12
103299 11
102819 15
101540 9
100369 5
104409 4
110219 0
109369 5
143848 0
135879 12
106930 15
108010 2
112979 1
118939 12
109709 13
99159 4
95879 13
124268 1
106440 6
104339 1
93759 5
98679 9
119488 3
105139 0
108019 15
94719 6
153939 9
123129 15
154679 15
133139 12
113399 5
108179 0
86439 12
94849 1
82319 12
122429 10
103990 14
99930 12
106069 10
93219 7
127929 6
110819 10
100630 1
103409 5
120249 3
101299 9
107859 7
98600 5
112220 13
110919 11
91819 3
122109 9
105049 13
106579 6
115859 15
112719 2
123959 2
94909 5
97340 15
109528 15
103599 14
93539 15
112609 2
130389 2
96339 8
93660 7
92929 0
87039 8
97060 13
98269 3
100259 6
107659 10
93609 5
147968 2
100129 4
91029 0
96289 2
90170 13
93010 4
108649 12
107659 15
104249 3
101140 14
141888 12
108169 1
78359 0
68069 12
84229 9
92049 14
90789 4
78279 3
96869 9
89270 8
87259 10
587925 13
97040 12
152819 3
97480 0
113899 15
109959 9
105249 3
97429 11
98059 9
104559 4
123379 2
117149 9
113279 11
121589 0
118009 12
114948 9
110989 1
94519 1
110649 6
108789 6
84470 13
92189 7
108259 5
127179 6
86919 4
118770 7
109300 15
108239 6
113819 15
103139 6
106290 7
107289 14
140279 9
104170 4
91369 14
84849 5
87229 1
97279 10
101219 1
81069 11
81789 12
89089 14
101420 3
72039 14
78769 15
77100 13
74419 14
81609 10
100860 4
108459 9
113079 10
87459 9
77219 1
78889 6
98719 8
90630 0
114949 10
108889 13
122049 13
123649 3
104599 11
112439 3
108110 4
114359 5
80039 15
79570 15
79759 12
82030 15
110650 14
93670 4
101579 3
96909 6
109400 10
172038 0
118299 1
138829 1
93569 1
85170 12
96619 10
103209 5
98460 4
106440 7
132059 7
101919 14
94509 12
110019 14
107169 9
86999 11
101069 6
99899 14
137989 2
111799 15
121259 0
103770 3
99169 14
92759 11
99509 15
83149 2
93969 8
105219 5
97360 0
99889 2
112909 9
97299 0
85760 0
123079 8
124829 3
130809 15
119389 5
103189 6
99789 15
121909 2
144119 5
191449 14
95439 4
117279 10
108280 9
87900 2
92349 12
113959 2
101480 9
95110 1
129769 14
106269 0
94079 9
109459 8
95590 13
120300 8
127469 5
95729 2
92709 4
79049 0
91029 4
85199 15
78940 14
80029 12
103009 1
95779 3
113660 15
122759 3
123579 7
114339 13
105829 8
92009 6
92899 1
100149 15
106999 14
96379 6
136959 14
103689 11
95789 14
111909 5
119599 11
118369 15
118999 15
119409 11
118449 10
114968 7
100060 1
73519 2
85470 6
98950 5
90459 3
93109 9
94820 4
117459 4
125989 3
183098 13
125050 10
89650 11
109509 15
120999 4
140039 8
128339 13
120039 6
115059 5
91599 2
92339 1
105409 13
113769 14
111319 1
91660 0
99329 9
101239 8
92339 10
124819 9
112249 10
108080 15
108699 3
95599 3
92089 4
104228 15
100819 6
95309 10
115719 12
125929 8
102649 12
93499 1
101499 3
109559 4
108859 11
98029 10
120359 1
127379 10
100169 11
104649 0
110729 2
95040 2
89040 13
114009 4
111119 3
110569 12
100290 9
118090 13
112009 11
98099 14
94469 15
107150 5
96599 6
97139 4
100719 4
101909 14
102789 5
113769 11
114959 11
102809 9
94889 3
101460 8
101239 13
96679 9
109469 7
82470 0
78169 1
88180 3
84990 6
83189 5
81950 0
83700 7
101129 7
107639 2
111820 9
81490 7
73579 4
73870 15
86009 5
74950 7
78940 2
84239 9
71140 12
77699 6
70269 11
79589 0
98159 2
123429 1
113959 0
102839 14
73059 0
95369 9
88770 12
95119 12
