39060 4
19070 20
18439 6
11020 12
11790 11
720 13
16130 12
26590 8
22210 8
23459 7
8640 4
13171 10
6199 16
4250 4
161689 19
16360 10
11760 16
9099474 23
5660 19
13179 9
20390 7
16970 21
8320 7
9530 0
14310 8
5980 7
21410 11
4969 8
8249 3
6700 22
8640 4
7410 16
9070 8
8190 5
7650 7
105830 19
16460 8
28310 11
4920 14
7610 7
4450 17
6610 2
8130 15
6480 6
7260 3
4740 2
4340 4
6320 4
5830 3
6189 3
4891 12
14909 8
10209 4
6070 21
20870 10
9180 0
6210 21
8210 1
15110 11
13830 20
4520 18
6890 21
4580 5
6350 0
9280 20
4880 22
9080 7
14040 6
7690 1
4800 23
5470 23
42600 19
1260 13
19040 17
7220 14
6350 5
4810 23
13709 15
5731 2
10009 16
5480 2
4420 12
10940 3
20260 11
10610 9
3340 9
5290 4
9270 11
15890 9
4770 1
23640 9
19070 14
6729 8
4760 14
6349 19
6990 20
14500 11
8340 10
52600 7
5870 23
7229 6
176769 21
7800 22
9140 16
24320 21
12360 19
5250 9
10830 10
6050 16
5230 4
6140 2
6680 5
13771 22
5060 6
8370 5
33470 22
5400 12
3830 18
5690 6
19050 9
16110 15
6540 22
8040 22
5010 4
6500 5
15080 11
6491 9
6019 18
4510 0
7330 12
8620 0
7460 18
8570 5
6510 15
11290 19
11960 15
8190 23
10980 15
18559 8
12229 16
22900 5
6870 6
8720 11
12240 20
5920 5
15230 11
15880 4
5790 16
25960 11
8569 19
11149 12
4080 6
6369 12
6900 21
6650 15
5760 16
4380 0
6860 22
390 13
4660 3
5300 5
4920 9
5390 1
5840 9
9250 11
3200 17
3170 7
4460 5
6070 8
17030 9
3490 12
4880 12
5820 8
4551 5
6251 8
4560 1
12099 9
19010 7
3890 23
9280 15
4440 20
6010 0
16030 21
21880 11
7230 20
3920 12
4850 3
4040 6
5470 6
6089 12
10430 20
4249 0
5300 6
4511 2
4640 23
6040 15
5210 19
2824760 14
21390 14
9240 5
860 13
12190 21
8730 3
9140 22
5109 1
11729 18
4889 6
25059 11
9050 21
12830 5
8590 4
5470 23
12150 20
5630 3
13280 9
11170 23
10260 20
3820 8
5620 16
7511 2
10849 1
4700 4
6150 15
7830 20
15110 1
5340 4
5920 20
8420 22
7100 0
390 13
5370 23
8740 12
7740 10
7750 2
5440 0
13770 22
13700 9
4269 14
6600 16
4870 0
25680 15
4220 17
14560 9
5930 18
11630 7
6390 20
12420 4
6270 17
6420 21
6680 16
6500 20
5131 18
6549 19
4440 6
6160 4
6489 4
5569 4
6340 3
6650 20
5360 3
4930 20
14270 14
10320 8
21690 11
12740 15
6390 7
4850 23
7110 8
4319 16
5051 7
4449 18
7320 21
26130 11
10790 15
4210 7
24300 19
6150 8
8930 11
5120 23
13870 14
5320 17
7650 15
5870 3
6400 22
8009 5
949 13
12029 19
17960 12
8260 16
5800 20
9050 2
1030 13
69760 15
11029 1
8220 16
5389 23
730 13
19120 8
8880 15
6220 22
6940 19
5700 11
4880 19
7780 14
5760 1
30270 16
17250 16
39439 21
9160 12
6600 4
33660 9
7300 5
10630 23
6240 1
4410 23
760 13
6480 23
8420 11
17951 18
6560 8
8339 7
5760 14
12220 9
6280 16
8970 0
9960 10
6410 15
5720 20
7020 15
21000 8
6320 8
14260 19
4549 14
28290 12
11880 23
4500 16
11140 9
15530 12
9350 5
13510 12
4220 1
6690 8
4180 3
3920 15
5440 1
27170 14
4969 0
6211 22
4400 0
14269 19
41740 11
35680 19
13920 21
8200 12
6729 5
8811 4
6740 18
11580 10
7470 20
9060 18
5440 20
5410 18
4410 15
6080 23
10220 14
4770 11
15620 20
18500 23
14219 22
8340 18
8720 5
28599 4
5080 23
5430 11
20220 19
3100 7
8550 23
12660 3
39310 15
17891 6
12980 1
3820 6
3749 7
20790 16
6790 5
17310 19
6400 22
13610 9
14380 3
18120 17
3700 12
12699 11
11309 14
4829 8
9719 20
7910 14
7660 12
9120 1
18490 19
6980 4
6400 16
11100 9
8210 20
11540 22
5830 2
640 13
9040 17
10639 4
5169 22
10549 6
9220 1
14230 5
12400 19
5580 1
3490 14
16370 0
8930 11
7860 3
21010 15
3890 17
11159 11
10020 21
4009 7
6451 21
10790 21
14870 16
7980 8
530 13
7130 5
5980 8
28350 15
6520 2
6560 18
11530 9
19709 17
8569 3
8249 23
8551 21
4760 0
530 13
3760 16
10690 3
8630 11
5160 2
5530 3
15950 9
7820 18
5470 1
4860 23
6230 16
11860 15
7850 19
20599 12
3809 18
14329 22
39080 19
7910 7
4750 18
15520 1
10640 3
6240 2
6510 0
8930 18
6860 22
9789 5
35880 10
800 13
12650 5
5730 17
7220 0
4150 17
19050 16
3830 18
4760 23
4590 14
7410 10
6050 15
5079 23
6060 10
6309 5
16180 19
11780 12
5530 9
13550 1
2730 12
10870 4
9620 3
13110 1
10940 3
5030 9
9230 20
7040 20
4790 5
5080 2
8340 7
4440 17
8251 0
9169 4
6480 10
3750 8
6700 4
3770 14
5020 7
4730 2
5120 14
4370 7
7030 17
13210 10
8630 15
6430 10
5800 12
8450 14
7150 3
4410 14
23779 15
11180 12
7739 22
14770 21
17190 19
4410 8
7500 5
5440 23
4620 1
5290 2
7970 9
6230 3
4000 7
6340 22
4470 10
4670 7
9419 0
6960 21
5500 22
5200 17
5349 0
4769 12
6150 18
4460 4
4680 0
3910 3
7900 10
600 13
7900 22
4420 4
5030 15
7180 5
5130 15
5370 7
6230 3
4730 2
6260 17
7430 6
21720 9
4679 4
12971 1
8249 21
7720 0
820 13
410 13
8920 11
4440 0
4870 4
7270 20
6320 1
5400 0
21720 0
15380 18
5990 1
7020 9
6240 14
5800 20
4860 20
9260 8
4190 0
196539 22
3820 7
4780 23
3790 3
7060 9
10770 12
4559 3
7169 1
3760 12
4340 6
24630 15
4550 20
10520 20
9340 19
3460 12
12620 11
4570 23
4230 0
4330 12
18280 11
5250 14
9080 19
4520 23
9560 19
10611 9
5080 23
3509 3
3680 1
4590 17
3550 6
4300 18
20419703 15
43270 19
6460 14
5990 18
9906959 7
1001802 15
7800 6
65160 16
6980 7
7400 8
9040 21
6359 22
3191 7
5140 4
1100 13
4080 7
6580 23
42569 11
13520 2
4350 23
7500 9
7250 19
6580 7
8080 22
7850 15
4850 8
680 13
8440 11
4329 23
6489 20
5049 1
31970 15
4230 2
5080 0
7250 7
5920 23
540 13
5530 19
490 13
22210 11
29440 9
11519 20
5500 0
4440 14
5920 14
14650 0
18893554 17
4190 14
4940 7
10400 4
9160 4
10090 0
7830 3
5430 3
11400 15
9690 11
16450 6
12380 23
18399 19
551 13
10440 12
9120 5
6120 23
6550 4
8920 5
4570 5
3890 8
10329 3
9840 3
10849 20
7020 3
4560 9
6080 2
7210 14
5530 12
4820 9
660 13
6370 1
25930 9
5160 0
5430 10
3890 3
10260 11
5380 23
4760 10
6320 21
3970 8
5319 23
27279 19
12190 11
6530 10
4490 2
7250 23
6160 19
30440 15
6770 10
8800 10
4760 17
9430 20
28979 22
4451 7
21679 9
4270 15
12980 8
21670 9
8070 15
9300 7
12250 9
7750 6
19690 4
8480 20
6020 6
600 13
360 13
3931 10
4251 18
4080 8
14869 15
9770 20
6500 21
5090 6
470 13
5750 2
4790 5
6310 3
12990 3
8760 22
21790 22
4980 2
5190 21
5300 23
23960 11
3990 11
12770 6
5670 8
28420 19
14500 3
4950 19
8440 2
5470 21
7770 2
5750 19
787794 0
6490 22
7750 14
60929 0
20110 9
8540 6
4010 18
31690 17
11730 21
8770 2
5020 12
8060 10
4570 4
12230 4
12939 16
5109 7
5211 1
14969 23
7800 4
79700 21
8800 6
6309 20
4451 5
4509 14
7100 20
6049 9
7109 2
12240 6
4930 0
7780 8
11230 22
910 13
9430 1
4770 10
13220 18
500 13
380 13
3450 4
5340 1
9380 10
14030 22
530 13
7419 0
4111 12
400 13
4860 23
10689 17
12360 16
15070 11
8730 23
8170 14
14040 5
35640 17
1260 13
27599 11
10191 13
8140 23
31890 19
7430 18
28500 15
550 13
9630 8
4680 5
6160 23
7880 16
3920 18
9010 1
4850 14
14680 19
8889 21
7559 15
5770 16
6860 3
6430 12
10110 5
15530 3
6410 22
10620 1
6300 16
5020 17
9530 6
4960 11
13310 19
4830 9
5811 10
3829 8
5749 4
9240 18
5500 14
4269 15
4880 4
9460 23
5500 12
7980 5
5400 7
4910 15
4190 13
5160 20
5430 6
5220 1
25390 4
10640 22
143899 20
12830 22
20740 6
4529 16
18520 20
6850 2
5610 20
740 13
4850 1
13310 11
4180 9
6070 5
5010 3
4940 22
10960 17
6120 9
11820 0
4970 14
14789 6
4200 15
7051 0
4500 2
7791 18
17580 12
4590 14
8300 23
6170 19
15300 10
7170 6
11890 5
7100 22
6370 23
5700 5
7880 10
12789 11
11080 22
9580 5
10760 18
8230 10
3330 3
4000 5
10400 10
4700 14
4470 16
14030 21
27880 17
9360 11
59779 3
6110 6
10810 21
12180 6
12820 18
17580 18
10070 20
18800 15
6180 2
10330 1
5871 20
4469 4
40740 15
3080 13
6960 17
6950 0
6120 18
4360 0
4170 4
6260 2
4380 16
7470 10
5000 0
11970 11
6460 1
5470 17
8530 23
10211 22
10440 22
5989 6
4120 14
11880 21
4050 14
4430 14
6620 8
5240 10
4560 16
25540 9
5720 23
6670 8
7440 11
12440 15
15499 20
6471 12
11620 15
3950 8
23250 22
10200 22
8670 0
15730 22
4990 10
8580 9
8440 14
5060 23
