299986 0
159178 5
109099 7
256037 6
8536768 3
151448 0
80859 12
78119 9
29740097 15
30707945 3
18935965 15
61080 10
200017 2
111609 5
111419 1
96028 3
9551817 12
97319 0
67559 4
78849 2
85899 6
32490 14
27069 14
124809 0
99179 2
9530456 3
93839 11
63519 13
9552997 12
64139 6
58859 5
199858 6
72419 4
66639 13
61890 9
71069 13
96698 2
63330 7
90219 0
70079 10
84269 8
122388 2
159278 2
82930 12
88779 13
74328 5
76719 10
75300 9
76319 12
43199226 15
91989 2
5533284 12
225318 5
9312800 15
79649 2
60849 5
121769 2
33289 14
71089 13
125579 0
94459 0
67439 13
201988 7
91059 13
104319 15
187328 10
43299 15
115169 2
101319 5
65899 10
123628 10
18592310 3
120359 2
120199 9
137809 13
175468 1
108268 4
133948 3
155848 13
147098 3
358556 8
46599 15
105669 1
89959 8
75809 5
32420 14
71619 7
85119 0
95889 1
62189 3
123969 8
87739 1
66939 4
105458 2
7580190 12
78250 2
84739 1
156208 1
107018 0
82539 9
157329 13
172767 8
95539 2
164278 14
90619 5
68769 10
63489 9
8750656 15
99749 11
89170 7
81430 2
9561817 3
76079 0
80149 11
9460177 15
106639 0
66039 8
79369 13
72070 4
717991 15
64859 8
9068982 3
71680 9
119268 0
72949 8
121759 11
71649 11
163578 0
65919 5
82289 11
33860 14
133578 10
97479 4
73259 14
100309 9
118838 3
90538 11
96369 3
64089 9
172429 12
109519 11
63049 4
66170 10
92859 8
8199813 15
81289 1
7635049 12
151918 0
245487 1
88319 0
73368 8
230647 1
74679 4
135158 10
73020 9
1242655 3
134578 7
89569 8
85449 0
82079 9
64109 14
82109 9
76759 11
86629 12
73730 9
221918 6
85069 1
93339 3
83159 5
68219 3
129428 3
62319 5
75720 12
73859 12
76569 11
117089727 15
20764953 12
102469 1
649782 12
65639 11
78880 13
29425080 15
9760454 3
82939 1
62889 13
120349 12
66580 13
93489 8
63300 12
69359 13
9389718 15
32880 14
833460 15
111829 2
91278 11
74300 4
69459 9
218057 6
8798966 12
104148 3
155479 1
205167 9
111219 8
97709 2
67399 12
263147 2
101649 1
174398 11
79248 12
80859 9
8686926 15
19594907 12
79309 2
10279418 3
219877 0
65710 8
102729 5
155768 4
323627 3
73470 3
151278 10
91889 8
99268 1
18716937 15
98009 0
77949 5
71149 9
67609 10
421985 15
102299 2
68319 11
69239 14
121499 10
66499 10
87989 1
122259 6
63469 9
26579 14
109078 1
86039 2
30330 14
63259 9
8950143 3
159809 6
60949 7
61829 9
262657 6
63779 3
83259 4
95839 6
8534289 12
66659 9
96529 11
67499 5
77499 10
9607246 3
503464 3
184198 6
66240 4
8950523 15
68169 9
250548 1
138509 1
89299 2
348686 0
30208020 3
67610 10
39779 14
108529 13
85279 9
110058 0
145328 1
30889 14
72319 7
104089 1
97389 8
171658 6
109609 3
59939 3
137628 8
67480 7
60209 3
61689 5
84969 2
77409 10
88969 7
33100 14
104058 9
90119 1
88288 2
65789 3
114248 6
28050 14
98339 0
97679 0
94818 11
62890 5
76929 11
64379 6
99689 1
87189 1
73669 10
63809 6
67110 13
64020 10
67239 10
84209 2
67669 13
28500 14
64119 11
91029 1
71099 10
69709 11
63769 13
60079 9
83429 1
3617107 12
557183 12
299866 6
204007 7
121139 13
304596 2
124088 13
9644755 12
69359 8
80939 7
70659 5
42748232 3
58619 9
59600 7
7047636 15
67140 10
70569 4
83819 8
83529 2
168988 6
63919 5
79089 13
46640 15
101259 5
82039 15
9076721 3
9852703 15
64359 10
67579 10
80829 2
95019 2
132478 7
93749 8
105479 4
107098 9
9253410 12
495714 3
256686 3
125578 7
123409 10
194048 6
71529 4
64449 9
66949 10
69269 5
65669 11
106929 11
109838 4
26733362 15
393725 15
101029 7
93679 9
87399 13
110879 0
86789 11
88089 1
30601786 12
107759 9
223217 1
94339 7
109069 11
135678 12
91389 1
91919 9
181748 10
88789 11
107498 0
76740 7
126058 12
75459 8
270807 2
89569 4
250417 5
62509 14
129719 12
231397 10
366356 1
288086 13
82629 5
198638 8
96809 9
199507 12
29910 14
139788 10
146488 11
166558 9
157508 12
68429 5
130128 13
37920 15
92259 4
74619 5
85449 11
86669 5
80049 4
86759 0
91259 10
103678 9
98958 6
135849 14
113418 3
42900 14
81109 9
183608 5
184738 7
234158 1
146098 7
181758 7
104329 12
84970 4
69149 5
79849 13
112649 15
96438 15
149119 9
323207 0
85499 2
143728 14
105059 8
126268 7
230398 0
252757 6
174497 1
517234 6
70239 8
93739 7
87039 9
66599 10
96148 4
121639 2
10031500 12
92450 5
63570 3
91519 13
192157 10
185148 13
133858 13
81339 5
90408 13
145278 10
166968 1
90619 1
103988 1
83679 12
72450 13
32279 14
31490 14
71079 13
246867 8
138818 11
91619 9
165088 6
114679 11
63179 14
92899 8
114579 6
74169 11
102589 13
103099 4
88339 9
56270 14
87929 3
137268 3
184398 1
76159 5
236917 0
67209 3
185938 10
132308 10
66509 8
161908 10
171528 6
202118 8
161529 15
58240 14
116339 8
67579 3
335436 10
80079 6
84430 12
115018 8
186078 12
239007 2
474605 2
229827 1
186337 4
52229 14
122038 1
117658 4
112249 6
127378 0
149889 12
99388 8
149608 1
295956 5
126998 8
68479 8
260456 10
103538 9
125099 9
225207 4
149228 13
110569 5
90889 3
88729 10
159608 13
71449 7
26080 14
70659 0
26220 14
52539 11
92459 7
61989 3
51239 7
70479 1
66039 9
85759 9
44729 5
46370 11
62839 2
63849 3
76609 0
63489 3
30749 14
3282761 13
5902370 15
19959343 12
86669 7
81619 15
97329 1
89639 11
70819 3
70069 10
53169 4
68959 9
22730 15
67749 13
121089 4
113379 7
81059 0
133459 14
195307 6
91179 2
164958 11
79760 0
104238 0
150408 0
203238 6
105429 9
136718 8
93699 2
154908 6
116499 3
229737 9
123569 2
85619 7
92999 1
123129 10
72829 12
133859 4
168448 8
13639 14
13709 14
59720 7
11631 14
138829 3
68199 4
142508 8
47010 3
49319 3
141718 13
10140 14
89419 11
133309 5
59949 12
72299 7
94799 9
85449 10
69899 9
80589 7
82389 11
162478 3
200948 2
67369 12
177708 5
160238 9
98469 0
46310 3
166458 0
69350 0
76430 7
102379 9
233408 11
155418 7
63109 9
98239 3
72449 7
254257 8
62219 10
278767 6
130098 5
61900 7
63829 13
87219 4
47069 3
93229 1
52379 4
161998 11
44759 3
66079 2
94689 15
238257 12
65989 0
104668 0
81839 1
86509 13
56970 4
145188 13
59029 10
10010 14
19350 15
102099 4
117148 15
143368 9
115929 1
111539 14
80299 0
8631217 12
95369 0
73539 1
70899 1
51090 13
1066947 3
91329 8
129339 8
179968 12
96729 10
61830 4
230277 10
10419 14
11109 14
56809 4
77709 2
105008 0
82019 10
76290 7
84089 4
75659 0
32839 14
102858 3
98589 1
47760 12
49790 8
59879 5
51140 8
111939 10
104269 0
10100 14
49709 3
78849 7
49230 10
48459 8
69089 0
59270 4
18714447 15
46330 7
61730 6
11999 14
47049 7
49270 10
129139 1
103359 1
85179 5
21144698 12
90379 11
68799 5
10130 14
72159 0
72089 0
46769 12
114959 1
47330 11
57259 4
24170 15
17680240 3
47059 13
54769 5
71109 7
65699 2
52609 5
101239 8
166918 5
107119 13
90399 0
85879 9
132698 13
105539 6
230047 6
114269 2
162958 1
108749 11
53560 9
67699 9
49089 7
17679779 12
122049 11
46369 5
17743699 15
42310 12
44929 9
87379 7
56519 9
95789 10
76869 2
50879 5
57039 11
67079 10
54650 11
81669 5
9970 14
21760 15
103369 6
49949 8
48189 9
70719 7
54100 13
55510 10
130558 6
284597 6
112639 3
127349 3
204057 6
10719 14
50830 5
73009 11
51079 3
51590 3
24230 15
23950 15
77949 0
16827770 7
1818288 15
107489 0
54149 11
382705 15
143138 8
543814 6
107418 4
67450 8
93750 12
197568 1
116539 8
85879 11
134898 1
225257 0
64759 9
56759 5
78409 7
247447 9
13140 14
55699 3
78879 12
99879 7
82409 5
65670 3
118349 1
124448 11
310896 12
147198 1
25130 15
56539 8
54509 13
127378 0
51109 11
60610 12
44169 14
113729 2
81989 6
13970 14
69419 11
89909 13
168458 11
52319 3
172348 4
81029 12
105489 0
72999 2
74159 2
103409 5
33329 15
104108 13
305306 0
54720 11
93319 5
50069 5
70759 6
97889 12
126179 12
83719 15
146488 6
81159 6
29359 15
61759 11
122549 1
120838 0
67719 13
251427 0
70779 13
246668 0
15520 14
58290 11
113959 13
50789 3
106138 10
48790 4
91419 11
84529 2
133488 12
119539 2
52519 7
60319 11
91829 10
129119 11
118228 4
81729 14
102989 2
70379 4
66669 7
52689 11
85449 12
263247 0
54349 12
48669 3
91859 2
54600 8
47409 5
89649 11
141738 13
54620 11
10820211 3
102339 2
89359 8
97529 1
84419 12
76960 13
73449 1
67869 9
64249 13
94879 12
100379 2
90899 0
60249 12
220418 6
78859 7
83008 11
69109 7
118508 11
71879 1
117229 8
64789 2
52630 13
119768 13
96829 13
80189 11
60779 12
52400 12
50929 9
47779 5
82870 6
63049 6
28469 15
13700 14
3659117 4
62429 8
72339 8
102679 5
84229 12
68079 1
69139 1
127489 11
65009 9
61959 4
55860 9
47689 3
160988 4
122209 13
49429 5
93279 10
108129 4
48259 4
56029 12
74589 0
52839 10
55549 10
10450 14
64940 9
48769 11
45239 4
208768 1
97449 0
185868 6
68970 5
338426 6
65869 13
54699 9
133059 1
92969 4
99279 2
46940 4
47759 5
66929 6
53330 13
9424668 3
48869 8
177508 6
19891853 7
52680 9
167808 6
76939 1
87749 5
57279 3
60699 4
59463643 15
266267 15
62889 6
90459 11
127759 0
130718 7
19346940 3
46930 11
53660 8
16560 14
90170 1
112628 3
70999 2
131839 0
75379 10
89889 1
50519 10
83789 6
50519 5
98799 0
96229 0
46990 5
67289 10
98059 0
58289 9
24800 15
71429 2
47789 5
113199 2
50100 3
50280 10
97819 0
50149 8
63059 11
11070 14
51409 9
330745 1
29670 14
90759 2
51879 10
56739 15
66449 6
46230 12
87450 1
57689 4
53319 10
21870 15
92729 1
46549 11
23870 15
61049 7
49129 10
188968 1
48530 12
52619 13
51429 13
47019 12
50260 10
81870 1
83179 0
57700 11
50829 13
