124468 14
11647182 3
480384 12
143218 6
98749 12
68489 7
134539 6
103558 5
133438 12
17560631 15
38769 4
83568 14
65499 9
159528 9
109669 8
114588 13
114739 1
33979 4
128009 2
100759 3
82629 14
103049 9
8931964 12
102749 7
9594106 3
54271444 15
58879 11
65119 9
77059 10
145378 6
610273 15
99059 8
86209 9
192988 13
82839 13
141038 14
300317 0
4425848 12
195427 5
32880 4
85709 8
78609 11
60639 14
259127 9
84109 8
86209 11
109379 13
82879 13
61299 9
93789 7
97889 10
56779 5
25520 4
66899 5
100389 8
8191303 15
103869 13
510374 15
19027104 3
57989 10
58489 10
60729 12
61559 13
86279 14
130238 0
75468 10
83679 11
227737 2
69669 7
114609 2
202907 7
84029 2
77369 11
82329 2
99839 1
80469 14
69189 7
95609 11
63820 3
134039 10
29709 4
8048455 12
67549 1
128549 7
83850 8
84919 0
68649 14
75669 9
62009 9
99069 9
84449 13
109938 7
113019 7
119699 7
59269 11
80819 3
70709 11
66909 10
8849474 15
9616296 3
58009 9
86319 6
91819 2
30960 4
64849 6
68899 14
64059 7
165808 6
62989 14
62750 14
87199 0
70089 13
33280 4
82550 8
65320 6
69109 10
27570 4
8898254 15
147038 2
9623476 3
58839 8
37870 4
144309 2
190597 1
83408 2
68009 5
9440167 15
29120 4
63509 10
863660 15
59179 7
96499 15
80609 7
7124275 12
67960 11
63519 7
204158 6
94849 1
88029 10
118019 0
92359 7
165768 6
98369 10
1369633 3
67870 9
123998 0
84139 14
230217 8
75349 7
68469 3
81849 10
123568 8
69119 8
177108 11
93759 3
114299 2
29879 4
180118 3
94039 7
69119 11
71020 5
75079 9
110689 0
63080 11
69589 10
103138 1
81408 14
235727 1
116178 5
84039 6
101079 3
100899 5
96119 1
74789 5
92039 3
100849 2
74949 6
84109 2
193737 0
64709 7
63589 10
64969 11
63309 8
60300 12
115068201 15
68109 10
67239 6
70668 7
104779 11
130999 3
170768 10
62499 3
160968 7
58990 4
88718 3
71889 8
63930 10
82979 9
113968 1
124508 1
325456 8
66079 5
71900 14
91169 2
8461840 15
66939 13
10444476 12
59119 5
117289 13
100588 7
88569 2
63789 12
76039 14
89188 3
73700 8
60529 11
67709 13
75419 14
97929 14
99369 7
61699 3
73689 14
78429 14
84828 0
65879 12
96079 12
76908 14
70009 9
173558 6
93389 0
95819 1
58360 12
59019 7
58219 6
27872919 15
41509 4
120739 0
9400458 3
329466 3
93479 2
69989 9
86019 9
47120 4
68859 12
75889 9
9097921 15
127918 0
78329 14
60709 8
70030 9
76620 14
62819 7
76149 14
89489 13
116609 13
271797 15
71909 10
33260 4
61399 8
329976 6
120079 2
63719 13
80799 14
127389 14
29590 4
8118013 3
198957 3
260876 12
174668 9
44280 4
61089 6
60389 7
222498 2
103658 0
76888 8
66120 11
8919174 15
107558 1
260577 0
131719 0
131948 8
160698 0
138039 13
93039 9
28842916 3
68499 9
77239 7
595383 3
246397 6
139018 7
91189 2
105379 9
163018 1
67229 8
117948 5
91699 1
72799 13
92939 2
63989 9
80169 8
33759 4
82899 2
18006255 15
91499 14
95409 5
70149 9
86239 1
162768 1
103319 11
19060633 12
9974392 3
156488 6
72349 5
9739654 12
355236 15
124638 8
107329 15
88499 9
97699 6
139748 2
158418 1
30151512 3
138608 14
91979 11
269107 3
70889 15
69549 5
66379 14
58939 3
152928 2
69639 9
73759 9
59709 7
68110 14
5994408 12
186788 6
487854 12
124779 5
127698 15
178638 8
184278 11
37999 4
10097889 12
104569 8
68999 11
142858 13
126278 1
138709 10
9647876 15
37859 4
33157836 3
86209 2
83249 0
62459 11
81779 9
32620 4
74939 3
143918 14
60389 9
64279 11
80839 2
16082948 12
86108 2
62650 10
64619 10
100849 5
78939 6
60429 9
68849 10
28210 4
60139 5
58929 5
111688 14
30380 4
57489 11
65159 14
82619 7
64979 14
25709 4
62700 13
84399 2
65279 14
64149 14
84659 12
88809 14
61819 14
107739 5
61419 13
59049 9
58829 3
58639 10
158028 6
8401910 15
9347649 3
104139 1
137528 13
111839 1
102159 5
85049 7
81059 5
72499 7
61289 12
76519 5
188168 6
160658 1
118459 2
76620 3
62859 5
60519 3
150388 11
138009 9
96839 2
26620953 15
368136 15
133808 9
103359 8
121158 8
138529 2
66459 6
600033 13
27589 4
61099 5
89299 10
89479 1
57939 8
10005671 3
28260 4
99528 14
19735036 12
76579 9
116628 13
126119 2
203318 12
153849 7
121999 14
78629 14
108499 3
73069 12
66869 3
64840 14
59319 13
250477 2
119318 7
11670 4
10370 4
181378 5
197008 10
158208 14
314416 1
48880 5
57480 15
109268 2
80799 11
227028 0
14360 4
134588 1
165168 5
97729 6
85979 10
168168 1
212667 11
13220 4
58750 7
60830 9
67699 7
107589 12
117628 9
58760 11
65809 15
94209 10
70710 3
51839 3
70399 2
70539 1
62880 9
140008 13
86389 1
112359 11
52779 11
196268 6
248877 6
113939 13
47730 3
106529 7
11500 4
85039 7
89159 0
62180 10
11109 4
87019 1
110309 12
85189 1
143318 3
77548 3
321526 6
65789 12
84749 2
70489 10
69799 10
112879 15
10860 4
172988 6
213777 14
65399 2
278657 7
271417 2
58979 4
146288 2
73979 14
50850 5
97819 8
50479 5
43019 3
84050 8
47249 7
43209 3
50619 9
40910 3
69230 1
48460 13
76989 1
75679 12
10185959 15
286937 12
89149 8
143478 11
136898 0
122829 14
70569 7
79339 14
151708 13
71149 8
109649 15
110299 5
50079 10
83369 7
126419 11
136648 11
11330 4
53409 15
112579 1
219507 8
95159 11
12010 4
122138 8
79099 1
141039 11
85969 5
124248 2
77970 2
82688 14
205037 2
58090 9
132719 8
72029 8
170458 1
49979 3
117869 12
189078 5
100859 11
75900 1
91728 12
76649 3
29559 4
91819 5
73439 12
51940 3
66079 10
65489 7
129949 12
84748 14
72670 7
65849 8
73229 13
239097 10
12440 4
52409 15
51610 3
124948 12
143119 5
56029 12
157258 10
101439 5
125498 14
87489 6
73939 0
55309 11
53949 5
50489 9
197887 11
45200 5
298386 11
245637 14
142029 12
103909 3
111309 8
63389 9
123689 5
267707 12
209938 11
172368 0
11130 4
61829 3
42610 3
86858 12
91508 14
90739 6
66529 13
334805 1
190407 6
430475 4
4107081 1
65520 11
85479 12
92459 6
5876530 15
19943253 12
49640 0
98829 8
42100 3
75179 6
69339 6
146009 11
68709 11
151718 3
49969 3
15970 4
90469 0
67299 3
79879 11
154547 0
57430 15
87759 11
88019 5
82259 3
102689 13
11660 4
116549 6
107629 6
119898 0
76608 7
198217 0
99509 11
49939 12
77430 3
210027 0
88319 0
69059 11
97439 5
152138 14
159348 0
73639 0
102289 10
109679 13
129868 9
238667 1
174008 10
118699 1
302916 0
157349 13
95799 11
204808 15
131398 2
12120 4
254307 6
190438 6
10950 4
67809 6
148958 0
161888 1
82909 3
183558 1
274677 6
77129 14
96639 3
76259 13
76119 7
62079 10
179468 10
11070 4
76109 0
122348 0
127048 8
223077 0
104529 2
73729 10
106879 7
10080 4
10400 4
93859 13
87199 1
123419 10
12570 4
82899 12
82329 0
106809 10
107598 10
87519 1
180518 3
257817 6
182468 9
74679 2
96569 12
96839 9
87169 7
59939 3
11360 4
345406 6
51229 15
134759 2
47329 10
74369 6
83359 6
59599 6
256057 6
9474988 11
16089 4
55669 9
56899 5
83819 10
57229 11
105289 3
74269 14
75849 14
409535 6
68479 6
130208 0
52219 8
67790 14
100379 6
51189 8
81879 14
91369 1
78569 2
55779 5
47830 12
49679 12
49229 12
99259 10
67160 9
48589 11
75309 0
16200 4
67799 6
18899605 15
82569 10
47890 11
91749 13
69249 1
71449 0
52429 8
89629 9
65659 6
52290 5
68609 2
65319 14
56789 5
187658 6
76359 0
62579 6
44329 13
72509 14
45230 10
50559 9
74579 14
58450 6
44309 10
15420 4
65259 14
69579 0
47319 9
46119 11
47440 8
19927303 12
125738 14
43339 7
70119 9
81130 0
67439 6
47359 9
17791979 3
86209 8
13159 4
15030 4
118809 5
107629 1
98808 12
122879 12
212818 1
132168 1
64879 8
105929 10
68479 11
104769 0
181138 15
152568 11
119748 0
115729 1
99999 3
53799 5
51170 7
55939 15
12120 4
50749 15
17574521 12
17775989 15
15539 4
108768 6
61589 6
60519 1
47069 5
50460 8
46839 11
107229 7
50119 11
150668 1
106879 15
46560 12
405975 3
308906 0
84579 2
50200 5
89658 0
72910 14
104489 5
17186816 12
87739 14
50029 8
62569 14
83108 12
47250 7
72869 9
43359 5
99669 9
54040 13
43259 10
1279345 15
174848 1
672472 6
94749 2
54149 12
100749 11
165868 11
92649 14
245067 1
111158 11
167298 9
190218 0
63039 9
13420 4
113329 2
217868 11
53250 5
100989 7
70949 13
71109 13
56739 11
87789 11
67370 5
98649 0
418705 0
58950 13
146498 6
98959 2
123538 10
47960 8
71579 1
13090 4
148508 14
73579 14
123828 10
297787 6
105119 3
141528 14
100769 12
88199 15
15340 4
128628 15
73569 3
174178 13
161788 2
20580 4
134108 0
53920 9
67129 3
62109 7
91449 12
100109 15
15100 4
86559 11
71509 8
68269 2
125399 3
86470 7
147829 0
79049 3
55499 7
13670 4
56269 11
79049 12
151738 14
79370 11
53589 3
103129 1
136048 7
81899 6
89279 10
150928 12
105369 10
58969 10
12700 4
135229 10
79039 11
55239 13
11590 4
55339 12
105969 1
53319 15
132879 14
138348 1
48629 10
49199 7
56759 9
50260 9
103309 9
10150 4
102959 3
72519 2
67439 11
78789 15
46200 3
73109 6
58669 7
179048 9
92659 13
10900281 12
89808 15
49409 11
81069 5
96239 0
224697 14
12250 4
60649 10
106409 0
163268 9
89439 2
226647 6
12020 4
119258 14
72550 1
109218 14
116678 6
17760 4
53249 9
47989 12
76029 13
46479 10
82249 1
952389 0
69329 3
58649 5
46620 9
76869 2
50699 12
92459 14
45520 3
48499 3
49050 12
74160 14
24919 4
53760 15
64719 2
44209 3
49760 9
49629 13
43730 7
47259 8
53559 9
45090 7
65599 14
45330 9
43569 8
43740 3
44040 7
47900 5
46369 10
43029 10
64880 1
61689 6
44799 8
44270 8
50399 15
49529 15
27239 4
46800 9
53699 9
46059 10
68809 0
29099 4
65730 2
