165138 5
120449 9
124909 6
144069 8
119969 9
135828 7
128199 11
132849 4
131859 9
127759 3
127879 5
145568 6
122869 2
131829 9
129299 7
122799 6
122519 11
128238 9
124688 5
130419 8
120879 7
124019 0
118709 3
116069 6
119899 9
127169 11
124539 6
122839 8
327787 0
107129 4
104388 4
110210 8
106619 7
110879 3
112479 8
105459 3
104759 8
107879 7
107290 0
97949 11
110099 6
107869 5
106219 3
123629 4
102169 1
111799 10
106429 8
107699 6
155779 3
110988 10
117118 8
110399 4
125839 6
113749 6
111669 0
107029 5
102909 1
103819 0
116809 10
111729 1
112339 6
121709 9
108689 9
108839 11
109409 6
119459 0
113969 11
116229 7
108769 5
110639 3
121999 7
106909 8
111299 5
116039 3
107429 3
111969 9
122969 4
113559 8
207548 7
103979 1
118019 10
112569 1
109649 4
113079 2
114629 9
105569 3
113949 7
124779 1
117209 3
110939 9
112919 9
106699 0
110549 1
108109 9
116569 10
124248 9
114028 4
111239 5
117759 1
111419 0
113499 5
110128 7
109619 9
106619 5
126948 7
109869 7
117049 11
108779 4
109729 4
113769 9
109489 4
115489 9
121779 10
125229 10
107349 6
110859 10
118749 4
113799 4
106859 1
118249 5
112749 10
127419 5
126958 10
114490 9
110190 9
108728 10
117199 9
113190 0
118808 4
120328 0
132719 0
113199 8
112489 0
115169 3
115069 6
116619 11
113089 5
114749 1
116419 1
116129 3
111399 0
111179 9
108209 3
107879 8
108739 8
113039 7
116409 2
118439 11
126149 3
113839 9
116959 9
111930 2
114788 8
113079 10
121468 4
110869 4
133899 2
107009 6
109389 8
109649 1
108499 10
113499 9
109089 4
106739 10
109469 4
200178 6
113130 1
113159 3
116598 6
108529 10
108949 11
110828 10
125918 11
122939 6
115199 5
110179 9
114619 11
115129 5
106249 5
121869 2
120019 5
124149 8
119839 10
105369 1
114079 8
114609 10
120718 10
110519 3
109899 3
114759 5
123839 1
111489 8
113779 2
110319 2
111569 5
108089 9
114229 11
114909 10
120709 8
117929 6
102629 0
104809 9
117609 3
111079 0
113419 4
115999 5
114729 7
112589 0
123429 9
104189 4
107629 5
106689 7
113349 1
113059 5
112649 0
107649 9
110699 11
125289 6
107179 10
107889 11
119249 7
111969 2
110079 4
106339 8
110199 8
106309 5
121679 5
109739 8
115199 0
106509 9
111819 4
114659 6
107979 7
116819 5
110069 5
121999 11
102749 1
109339 3
115779 0
116419 0
108419 3
118409 0
120299 3
127879 8
127018 4
111899 6
119279 1
103019 4
114439 0
108749 5
114889 7
111069 10
132739 9
104549 6
111189 2
112909 6
118629 1
109869 4
113599 11
112089 8
107579 3
122649 6
289447 2
110019 1
109789 5
117839 10
113279 8
112329 9
125449 2
105399 4
118829 4
107519 1
116489 9
111379 2
112029 3
114789 5
112009 6
123199 4
112989 9
104039 3
117319 11
111009 1
112729 4
111819 3
116409 3
109339 11
124438 4
117368 9
112439 4
119448 10
113289 7
111259 2
111179 8
118079 7
120489 6
116909 4
109759 1
105859 8
118219 8
119039 1
114789 8
107179 8
113609 5
119599 2
110339 8
118079 8
107959 2
110879 3
111709 11
114689 1
109919 10
106599 1
118499 5
110539 5
104739 6
104879 7
115069 11
109169 7
114819 5
111579 1
111849 6
121059 4
107919 4
107929 6
110519 7
107599 8
111209 8
101759 10
108369 0
105439 2
123199 0
102509 0
103039 10
108779 9
106579 2
117169 2
107199 3
116189 2
114649 10
162978 3
102419 5
100719 10
114999 0
112119 11
104649 10
114608 7
117459 0
110159 9
128119 1
108959 3
111749 11
110669 6
108249 1
117879 5
105359 11
104729 3
114789 0
128119 7
100779 0
111499 6
113339 1
113569 5
109919 7
110119 6
112949 3
116559 10
124459 9
104889 5
116839 0
109619 1
108329 0
108359 5
111749 4
111349 5
113629 10
113379 7
110659 0
111969 0
113469 10
110459 5
115919 0
115669 8
110499 3
116489 10
121519 7
106799 1
108739 7
113389 7
110459 7
113459 8
108229 5
113689 2
125359 10
102480 4
107679 4
105689 7
107569 0
122769 8
115789 4
112309 6
113279 8
120478 8
101869 11
106829 3
114999 3
106999 9
113469 0
106759 6
110599 3
108209 0
124778 3
114959 11
124239 0
110610 9
117548 9
109489 5
117229 7
119009 5
104899 4
120689 8
112719 3
113299 4
119349 6
110499 9
106489 10
113869 3
106479 6
110699 6
172829 5
107139 2
108559 10
110719 7
112899 11
114539 6
103028 10
111899 8
130648 11
114958 4
112979 4
114309 10
112329 6
105839 6
116129 4
113679 7
110329 0
123709 5
105019 9
104369 11
114359 6
111009 5
113769 2
118829 2
116979 5
104229 9
122669 1
107569 8
111309 11
109389 11
104599 10
115219 4
113839 1
107599 5
110329 5
117869 0
110389 8
108619 1
115439 9
105339 5
114839 10
109789 4
112959 6
106359 7
124079 9
100199 3
109139 4
112659 6
116389 7
108049 11
110459 7
111579 4
114019 9
120809 7
108499 2
109119 7
109799 7
108059 10
113199 3
109189 0
117209 5
113589 1
125839 11
101889 3
117039 6
108939 7
103619 3
112399 7
108759 5
113219 5
107949 3
119739 8
101669 9
107469 8
111729 4
157068 2
111169 3
112059 2
112049 4
122079 0
105569 6
110369 4
111109 8
110639 7
108469 2
117609 4
117209 9
115059 11
137419 4
106389 5
108999 8
113799 0
124059 9
111209 3
113219 10
114529 9
110819 1
119319 4
107419 6
110689 10
110709 10
118198 5
111130 0
106200 1
109879 1
111869 4
117999 11
115299 6
109188 11
111448 7
107610 1
109230 8
110859 11
106839 8
112828 4
120068 7
107819 2
109479 2
110868 5
109839 10
115090 4
116730 11
111888 8
112308 4
119759 6
106849 1
113229 6
108739 9
116799 11
108509 9
111169 0
115189 10
112399 10
118089 2
112939 3
108989 11
107879 3
109969 1
110439 7
112769 10
113279 11
113639 7
121829 5
103939 8
108809 6
116289 9
110609 5
107849 0
106699 8
109549 8
111129 11
117329 9
111129 1
111869 5
103999 5
114289 11
115059 9
116109 2
122159 7
124719 11
112709 3
113389 4
116659 7
112579 11
104689 1
108499 10
114259 11
120059 5
130929 6
103650 2
111419 11
107619 3
109999 6
107628 9
116548 4
113148 1
106630 2
144239 11
115129 0
110079 1
110229 1
105339 0
118279 6
109909 7
117009 8
108189 7
126989 2
114419 4
118069 8
110939 9
110459 0
113119 3
112579 5
112199 9
118969 9
106859 5
111169 1
112229 10
111479 10
117789 6
116149 6
108119 4
117289 7
127408 11
109350 2
107250 3
113059 11
112939 8
113968 2
109380 0
114388 1
110939 10
111889 5
104979 0
115849 1
118959 11
116139 3
111519 6
109369 7
110409 7
111819 3
122609 4
108219 1
108579 2
110859 2
109029 2
117649 5
109039 3
113429 0
107259 0
129159 9
102079 11
102699 3
113749 7
113639 6
117139 7
110279 10
112229 2
114769 6
119949 1
113739 5
110739 2
108949 10
107899 1
121819 5
112669 2
111739 10
121699 7
115599 1
111439 0
112749 3
109929 9
111739 1
105929 11
113079 11
109139 7
118909 4
105230 0
110529 3
109969 1
109739 0
123899 5
108350 3
109599 8
111279 5
137479 11
109739 1
109489 1
114069 11
109199 4
117039 8
106549 1
113349 11
105979 0
121319 8
102719 9
112329 4
125689 2
113869 10
105939 8
110319 11
99639 4
110329 7
117029 2
105739 8
101789 10
113539 5
113269 6
111019 3
106139 3
115609 5
108689 6
123179 2
108179 7
106779 3
108489 10
111839 5
104019 7
112049 9
113769 8
115079 2
125569 4
103219 9
113039 6
117189 3
118139 5
111309 0
112239 9
111619 8
105669 0
124349 6
111199 4
113569 8
108759 7
113139 7
111879 3
117279 10
115459 11
111739 0
115139 4
107479 7
117669 3
109939 6
117009 8
110419 6
113449 7
109379 11
113689 11
119319 8
117450 5
119869 0
110339 5
106290 8
109379 8
114359 5
113119 4
122609 3
110009 3
108659 10
108269 4
111939 6
111859 9
114939 8
108539 11
106159 10
129239 2
104399 2
108879 8
111119 9
114059 2
121989 0
105419 4
111549 6
115199 10
161748 6
106090 11
104949 5
105599 7
109879 0
112859 10
113189 5
106559 2
110299 11
112619 3
99379 7
106589 2
110299 9
115119 0
123639 9
113909 0
125549 9
111008 4
115568 5
109088 4
111399 6
110068 1
111230 9
107010 8
112508 2
101539 11
107759 1
112128 0
111910 7
107319 4
105719 1
116969 7
111519 5
101699 11
110089 8
109979 0
119939 1
105539 0
113609 5
113809 7
105849 10
108789 11
107509 3
111199 11
118199 7
126649 0
113588 7
108959 7
114559 5
110679 1
104890 2
108059 2
109419 11
111639 6
124079 0
104799 8
111188 10
105210 4
103488 11
111519 9
113219 4
110588 6
119199 10
120770 11
106599 0
111128 10
116318 1
112669 8
114739 3
114499 9
115509 2
108619 3
120109 10
111379 4
115419 3
107629 6
119859 9
111649 10
112239 10
107879 0
120969 2
101559 11
110409 6
112649 7
111049 3
106219 7
108609 10
118339 3
98619 11
107289 3
142269 11
110359 6
118579 8
110539 0
108809 9
108289 6
111079 4
109019 10
117549 0
104259 6
106299 6
112719 2
112469 9
111769 7
107529 2
102859 8
110799 8
115669 3
115889 7
114589 3
116069 10
108429 9
108109 6
117149 5
113009 4
117849 2
121179 5
107819 0
117150 0
103728 11
105320 7
105139 8
110019 5
111519 8
111329 3
120909 6
106149 7
110579 4
107949 0
117409 10
112239 4
107129 4
109109 7
113039 8
123949 11
107208 5
110150 10
109059 5
110119 9
116570 7
113330 0
107910 9
107499 11
117139 10
110939 4
112739 7
113879 0
108199 11
114010 2
110668 11
108039 2
114839 8
116409 0
106099 8
121278 6
117209 5
108629 5
112669 4
108299 2
108989 10
106629 3
128349 1
104739 5
100349 8
108869 1
113109 6
116629 5
105919 0
116919 6
110619 5
130269 11
106489 8
108799 4
112229 6
111429 10
115779 1
168619 5
111299 5
141498 10
111019 6
110369 1
109009 1
104839 11
115349 1
112479 1
112019 0
111119 2
121879 11
106639 0
110799 10
103469 10
109029 7
108409 8
109789 0
116289 9
109909 9
117129 6
107759 2
96879 1
94840 0
95510 10
93059 5
89539 4
89769 0
87749 10
89669 9
88909 1
103399 5
84989 1
91089 6
83930 8
88299 6
86759 5
90299 4
82759 7
88830 0
86990 7
82459 4
