151319 10
97209 4
147888 23
102459 17
60679 14
137199 18
27750 6
80120 12
57150 8
52510 8
58199 1
141458 23
88250 13
70599 18
72740 9
182978 14
75030 12
96789 0
63820 16
116619 2
58369 4
134930 20
74080 17
142659 11
127359 11
342787 19
66299 18
59299 9
92620 23
58720 10
62520 8
63940 7
212079 22
55390 8
31300 6
102860 21
83829 10
98379 12
58260 12
124799 17
84099 11
166179 19
25180 6
56160 10
180638 19
133130 8
52560 8
9727020 7
49780 16
88889 8
48799 2
62590 16
82819 7
63180 17
115889 20
76190 12
19493660 21
55610 17
31260 6
51099 10
39741205 7
58299 9
177350255 11
145349 0
81180 20
61519 10
54300 17
69929 14
31420 6
60050 4
95649 20
56820 5
78080 13
67040 14
241199 11
81749 13
109319 18
97120 19
199778 23
48650 0
122949 14
169559 23
176419 19
97940 5
106079 15
113379 13
472227 16
91009 21
70240 12
81359 19
86329 17
89849 12
75529 0
169889 21
75579 5
82879 20
109549 22
87150 1
225129 19
109319 16
145270 20
88050 19
57930 6
121039 5
88989 15
176169 0
208118 11
72680 10
90349 9
89719 8
123680 16
135888 1
238288 20
137919 4
111439 12
170559 19
31709 6
130239 5
30910 6
115890 2
72560 1
148779 19
117799 19
119509 18
169299 11
172249 12
120889 1
123359 17
116119 0
144349 7
121159 15
320198 8
194639 23
143109 9
114170 18
71909 2
92359 15
324508 7
72100 9
226718 23
90399 16
77609 14
73349 7
128160 2
93140 23
118779 9
106289 23
105299 16
97039 1
81129 21
64510 9
53410 9
58340 13
28260 6
7403597 7
70179 2
181519 1
100459 19
125259 5
241219 18
171289 13
84590 18
64199 16
134759 9
163569 22
81569 17
123159 1
178529 13
71190 3
126699 22
153499 3
84899 18
97630 13
94880 13
112129 18
85079 3
136689 14
104159 22
213048 4
89929 2
225539 23
263198 17
150299 11
179949 20
30330 6
96639 0
60739 7
57770 14
63679 12
53230 2
69139 12
63380 17
82819 0
77260 3
57969 9
49800 9
65629 9
55859 14
55250 12
59599 7
242838 18
97089 12
200169 19
74679 1
75360 15
91319 22
53660 16
91749 3
80270 0
132679 2
212178 22
93569 5
100090 22
105819 17
322867 8
124709 1
139349 23
85599 22
95569 14
131780 10
82510 22
125459 4
80759 19
79970 20
91529 22
88469 10
60940 3
217788 8
77240 1
99949 23
28660 6
104559 21
102280 22
135739 5
9587322 11
175619 19
87890 7
155578 1
179788 2
311508 12
130199 14
33530 6
250938 17
180729 21
111809 15
83519 11
153449 13
106599 21
89990 15
75739 15
324027 12
151129 18
223409 13
72520 5
60040 8
96459 11
73849 2
76090 10
102319 22
199349 20
172318 5
91279 14
183389 4
137019 15
37209 6
179669 15
322598 7
29930 6
158229 23
32650 6
151559 9
79279 21
126239 10
125159 2
89109 0
28430 6
142299 16
116559 18
93199 2
58770 4
102339 18
84649 4
150009 9
213439 3
90209 2
1846687 21
8226171 7
142229 8
93909 19
77380 14
93300 21
99909 11
128829 4
94349 9
226638 15
134359 2
157789 20
155588 19
132928 19
134610 20
27010 6
142659 14
26020 6
114960 22
47129 1
75920 20
16747919 5
74500 18
93169 20
82609 1
120079 19
96569 16
179129 8
178369 22
167089 19
187999 9
171619 4
99079 17
136989 18
80629 11
78830 18
91819 1
178559 10
117729 17
84560 7
131499 15
101139 22
285238 1
87809 9
283068 0
57660 4
197598 0
182569 22
314738 19
103219 11
72219 5
74280 10
64429 15
206119 2
93779 14
71840 10
107709 10
73010 17
31920 6
75600 2
313767 21
123619 22
125768 10
216688 7
298578 3
403407 20
2492092 2
44778338 11
246268 3
62630 6
161749 22
306718 1
67839 13
40027143 7
189808 3
82799 19
69909 15
57590 11
931643 7
81389 19
52020 11
90699 6
86450 13
1423080 0
112419 20
47259 13
117180 15
101530 18
470217 5
1007752 0
228878 2
69630 21
72550 10
44560 7
477217 2
69429 14
65720 14
199378 19
81230 10
72989 21
101170 12
166238 0
101899 8
201858 5
196389 0
214178 3
101699 23
252709 19
216929 0
73799 17
200728 19
295288 2
86089 10
165569 19
38220 6
84230 16
85269 21
332528 3
77849 14
290868 5
569356 2
404057 4
244168 0
229058 3
105199 8
79609 17
7098029 11
220079 12
388427 5
275128 0
69619 12
365178 0
70499 18
70630 18
80119 10
135369 16
79500 17
56419 13
86250 10
70009 11
7275028 9
9471742 7
115499 19
73329 11
137449 23
78860 12
93609 21
510147 7
284378 1
118288 18
90080 19
190579 12
346507 3
392537 0
131039 18
262089 1
83189 13
91209 22
267028 1
64650 11
394767 6
89059 23
549917 6
6204106 9
195588 10
101540 12
79170 16
251108 3
271488 2
6208586 13
100919 8
100159 20
79720 18
279569 1
76150 17
196698 6
326017 4
87959 23
8390779 9
169369 0
66860 18
31436185 7
675315 3
221908 5
88959 18
73250 8
68179 12
57410 13
98459 23
226259 2
54219 7
96229 22
182488 1
68090 12
89069 8
212009 6
70420 12
291708 1
44260 7
181058 0
53190 7
77730 21
116907619 11
592796 11
403547 0
77449 18
162779 21
111239 20
109150 20
219588 5
72009 12
449267 4
822104 3
58790 11
84869 8
