69230 8
46620 18
57079 0
57900 9
55239 19
54269 12
54720 4
55889 19
55100 7
54019 20
57239 15
58730 12
57709 11
53880 1
66759 6
50960 4
54339 2
52760 9
57300 7
57059 8
51510 10
59490 20
55599 19
59420 20
60139 14
60600 16
61279 9
54039 3
53700 20
54469 23
55380 7
53290 2
68730 8
54850 16
62529 20
57380 23
55049 12
54280 7
55769 18
52700 6
57880 10
53459 17
57539 22
55740 18
52250 6
52650 21
54099 9
51240 22
56770 22
52229 7
68620 5
53840 22
51770 10
55630 21
56709 22
53500 4
59089 4
53200 17
52910 12
55469 18
58980 13
53769 16
53060 2
54549 14
56689 8
55470 19
55669 2
54900 12
65100 1
54600 0
58160 2
54639 19
57640 18
56329 6
59309 1
61739 18
63230 0
59870 19
60339 21
57600 18
59170 3
61710 0
55959 13
55089 2
55400 23
59879 22
51690 0
51940 15
51499 0
55580 14
52979 3
54030 12
52830 13
55769 13
56390 13
59550 17
51600 16
60850 18
64049 18
60330 6
66739 19
59820 6
52939 21
62960 16
54350 18
57689 11
52580 15
53650 21
52480 7
63560 5
61089 20
59860 9
64789 15
56550 4
229518 1
59820 6
52709 10
74259 8
53019 5
56469 1
50170 3
62939 12
53500 2
57080 4
54170 22
59230 0
58229 1
54380 7
62379 11
61830 15
57050 14
51280 13
57070 3
56339 17
75050 13
56569 7
64320 6
59979 17
56629 23
56150 4
59849 18
56150 0
55689 6
61839 20
52939 12
57119 22
59310 2
47670 11
62649 15
58959 15
52419 13
129149 11
53350 11
59969 15
57400 10
57290 20
50759 18
56990 20
54389 20
50609 8
56620 4
57289 10
55880 12
58549 22
57569 7
60009 22
59810 5
52420 9
78239 17
64730 20
66129 8
60290 4
55719 11
54040 3
65260 5
57019 8
52630 1
57930 19
55470 6
53320 22
54849 21
58940 16
53700 6
62390 3
59419 0
70649 9
54340 11
53919 18
59400 14
55199 9
58350 8
51910 14
58950 21
59590 5
56479 18
56790 1
56590 0
56590 12
50180 2
54989 12
58750 17
62050 16
70690 9
59209 17
54780 15
59770 10
56689 15
55510 23
55580 3
53610 23
54290 15
47619 21
61430 3
60430 1
59500 3
57020 20
57149 21
65180 12
56809 14
68440 17
50579 12
54369 21
58410 18
52899 6
51330 10
60079 14
54390 17
59470 15
56949 15
55480 20
60200 16
53630 22
58630 23
67159 7
62730 15
59199 9
54450 3
71290 4
58900 0
56769 10
57989 18
52950 22
57699 8
57190 2
61709 9
58999 22
59270 0
61199 16
59320 16
58739 2
56320 12
59239 10
60589 21
71270 16
56030 8
53840 11
54229 10
57760 18
59580 7
59530 6
62490 1
59239 3
57930 3
61569 12
57120 11
58889 13
56899 11
55690 23
62619 17
64380 2
64889 18
55750 17
56710 23
58040 21
53250 12
53549 9
57330 17
58380 3
55840 10
53100 15
64509 12
58790 13
52610 16
53580 21
57900 21
58760 20
61720 20
57459 13
66600 10
55319 17
53279 17
55350 0
62169 17
59370 16
54899 17
58709 16
66019 6
59699 21
53700 15
61689 1
61000 17
57210 22
63089 3
53200 9
60430 1
72950 16
55149 17
58170 16
53190 11
59380 16
62049 4
61379 3
59960 19
55229 12
54130 17
60100 6
57990 8
53360 20
57119 8
53630 18
61010 23
56810 16
86759 12
55219 10
54850 6
56850 10
51390 15
53579 23
63199 9
64520 18
58810 6
59199 8
58749 12
54910 9
55559 22
61170 7
59410 15
67240 15
75449 2
57199 20
62160 1
57459 18
60950 8
54999 1
59460 8
58170 0
61480 2
61070 19
55149 22
52670 16
57129 1
55029 9
57830 8
55039 18
57040 13
57929 23
67969 15
62820 7
58480 15
56090 12
60299 14
55250 10
63189 18
63540 15
63479 2
65990 3
62930 20
56310 16
54220 10
63269 18
64490 0
58160 12
65960 20
60300 10
56290 9
56810 22
55689 2
59480 18
60020 22
52360 10
57860 16
58909 0
56990 22
61579 8
62190 0
56909 18
61349 8
60980 11
60219 18
74280 14
59569 9
58060 12
53309 5
61239 1
58069 10
57989 19
58670 8
59369 12
58430 6
55690 10
61940 14
63789 10
59199 19
60310 16
57749 6
57650 10
66619 12
58230 3
58380 8
63800 11
59529 18
59929 22
53770 18
65229 0
52300 6
59890 9
62100 20
57860 13
60289 13
53310 20
62179 6
59310 0
80749 19
55370 23
66990 19
56290 7
57700 5
56049 15
59980 18
59399 17
56479 12
55060 16
60859 22
51960 0
56079 8
56579 17
58259 18
57599 20
58060 12
76109 5
56010 7
70839 10
57930 12
58940 18
60370 21
73430 9
59550 15
58750 21
58009 4
58790 3
55410 9
59629 12
60820 4
61000 4
58500 16
82179 10
59980 16
57619 20
60750 21
57539 19
61860 4
56379 22
58990 9
62600 22
63539 11
58420 4
59809 18
61680 14
68369 8
61110 11
53200 7
65199 5
76119 20
68619 14
56729 10
61249 6
58290 23
55349 18
56370 2
58660 15
59870 1
58320 2
55879 13
58910 21
60179 19
58690 19
58739 0
64279 10
139299 0
56200 3
55529 23
56020 19
62150 22
59470 7
62759 13
58369 9
55500 5
59579 23
61230 13
61889 4
62149 15
58509 3
59619 7
64270 7
70259 16
56030 16
55509 14
61700 19
60109 14
60779 2
52210 3
57989 15
54430 8
53019 6
55729 9
63980 12
58339 6
60280 13
54850 19
57760 17
55969 20
62589 16
57360 19
61899 11
59760 18
64189 10
60790 5
61619 22
56350 19
51420 5
54299 10
66230 7
61229 12
59360 3
60829 21
62949 4
58429 4
57129 11
72790 12
62649 8
62150 18
54279 4
58950 14
52039 17
57129 9
56300 9
59319 23
62290 16
57229 16
59469 6
54190 18
56479 11
58590 19
59519 21
53070 7
74160 8
54070 18
57610 6
51899 9
62320 3
49720 22
61640 0
58210 6
59479 18
56000 12
55280 23
56489 11
56200 19
60430 19
57100 19
53159 6
57450 16
69369 3
57080 13
52910 5
54739 13
57810 0
56980 2
53090 13
55710 6
56719 5
59220 14
57039 18
57359 13
55230 14
57669 8
54290 4
53639 2
53950 15
71499 1
58699 3
72849 18
58350 6
63650 13
59629 5
54930 21
57860 17
61670 10
56599 5
58289 11
55100 7
56259 21
58500 4
50990 7
58529 14
55570 11
73759 5
60570 5
62349 3
59640 23
54509 5
59329 8
58720 8
60049 23
60230 16
61709 11
58360 10
50530 21
54720 6
52570 17
61339 9
64630 5
49820 4
70390 7
56219 22
64089 0
55810 22
61819 10
63090 23
60970 3
56080 9
55369 15
54269 14
56000 22
55660 11
54970 3
60890 14
59160 11
58700 14
58779 1
78090 13
62349 18
57020 20
55740 14
62930 18
56590 12
54729 6
55050 4
59180 5
68760 15
54069 23
61230 23
58550 21
57989 10
56500 13
54569 18
55549 15
107589 4
56870 23
57510 21
55640 19
57700 14
55449 0
55570 16
59469 12
60180 14
62880 0
57730 16
56360 0
56679 11
51430 20
52859 5
56659 2
53310 5
65299 0
49900 4
51899 14
54739 8
60480 18
60209 9
62210 2
62639 6
57560 1
56230 2
60930 11
54710 8
61259 2
52530 19
55159 10
52029 20
57370 16
65619 5
56110 2
55259 6
52199 7
55140 17
58659 19
58730 13
62659 0
54480 6
54440 0
53160 1
51890 15
61219 6
55310 12
55660 13
49590 11
51630 0
72579 14
82090 14
58539 6
63340 15
62909 22
58400 11
64119 13
51359 3
61250 8
63769 6
63300 2
77619 19
92570 1
87179 5
93439 21
104199 12
139930 2
153369 22
104509 18
119149 5
108889 8
101339 19
100699 21
117088 6
94800 4
98639 9
89080 4
104750 21
105469 19
114059 0
99830 8
99790 1
97399 13
110029 20
101600 20
103289 8
99989 5
103369 11
105599 7
94449 12
102199 12
97009 15
102759 11
111339 2
101129 21
101130 18
104500 11
102489 1
108489 1
101160 10
106880 3
103229 21
109039 20
108829 3
89419 14
84989 19
92900 23
93550 21
101829 22
97959 20
109959 18
127370 7
143809 12
124879 19
118419 4
123579 17
119649 4
108819 6
111189 4
102399 11
85619 23
168209 9
120369 18
119729 6
120459 14
131468 9
130739 6
143259 19
112959 21
114109 21
110529 21
100889 14
111969 8
109829 14
103119 6
100669 13
114550 2
130570 2
175559 12
142069 16
150869 9
126569 4
133939 17
124459 21
107519 8
128990 11
111750 16
118819 12
108649 5
118329 20
113470 21
115480 1
122219 16
144969 12
119739 0
118279 3
117689 11
136769 5
122909 15
128279 5
118459 22
150350 6
123859 15
125049 23
117769 3
111269 20
127089 12
132029 19
128879 21
143009 6
140129 13
116879 0
133080 6
127130 9
126279 15
124139 4
114849 12
137979 7
133239 17
125649 14
115889 13
111839 20
112339 13
116869 9
112549 10
137229 15
112469 11
116189 3
104649 16
104839 15
120069 6
118539 15
108199 12
120580 4
154629 14
129709 22
195019 1
121429 20
146019 2
117379 5
119089 8
211239 19
121659 0
129519 17
190469 3
175808 2
153489 13
160449 9
132629 9
158599 8
125259 11
126619 10
123619 6
135299 11
110029 23
139570 6
115030 8
123939 14
115209 0
102839 16
129479 8
127989 5
134049 18
175758 22
191509 21
160789 12
125500 7
127479 17
115209 16
100119 18
122209 13
97880 14
84629 0
99729 23
107180 10
104839 6
137139 23
132109 8
142639 17
138249 16
128469 6
96399 11
102400 15
118830 3
132139 4
131900 17
140409 14
152628 20
144830 4
140279 11
134699 23
100890 15
100569 21
135789 21
129119 1
145649 22
134659 13
155169 6
148989 18
144769 2
140949 4
145609 22
149229 19
125699 21
122449 10
115739 2
112329 3
113270 4
108540 8
148059 5
113869 21
102339 15
118219 20
115339 7
117808 2
109099 4
117089 5
116599 2
140129 17
126279 8
151499 15
181819 1
148489 2
176859 20
198078 1
136909 12
179059 6
219238 9
165479 8
164579 9
156079 10
131559 14
121619 2
131759 15
154989 18
127209 7
124209 5
110229 11
153559 5
135029 0
123809 23
117089 12
116940 21
105330 7
92339 7
112469 13
134639 1
116339 9
127059 15
112079 15
116599 17
124119 4
132249 0
163939 2
160029 10
130589 7
125269 4
138839 4
109469 17
119599 16
127939 15
158119 11
147179 20
137129 6
141359 5
141839 18
122209 0
124129 8
122850 14
151089 9
110530 18
115350 12
120809 15
134399 22
107209 14
108929 17
150509 21
152899 14
141799 7
148169 8
160579 10
110279 17
