93980 16
48699 21
44190 12
42400 10
45129 17
46029 18
50800 2
40349 5
45860 21
46250 0
42649 8
48540 13
47420 10
44739 7
56030 21
43830 12
49239 3
50640 10
45909 13
44539 20
49380 22
46409 14
45060 7
42610 9
46999 21
44270 13
45060 23
46519 14
46200 10
43370 5
44239 1
45360 5
44839 11
46990 18
48170 23
56539 0
44260 5
42000 13
47449 13
45140 8
50340 5
45680 9
46430 1
42919 14
47580 20
45680 21
47029 12
46930 12
45450 17
41400 12
47789 13
45290 9
49330 22
43960 3
44880 6
42880 2
43820 6
56160 13
49449 23
43010 11
46649 2
47460 9
44470 15
45099 11
49010 15
47360 17
46350 23
45400 1
47510 18
41359 2
43749 22
46470 3
46749 22
48450 8
48910 22
48770 3
45150 10
43799 20
57159 3
51420 7
49779 16
47580 16
41320 16
45589 4
45260 2
45499 18
46809 4
51330 22
43999 8
41310 18
46760 16
51459 10
43120 12
48140 17
48740 10
49480 12
42760 21
49769 19
47020 15
62269 12
45430 10
45620 8
50749 5
49810 22
46470 18
44809 17
48210 16
49519 14
46690 8
46630 0
43320 15
47440 22
45690 8
45149 8
45700 18
48260 9
47009 16
48430 14
41490 0
47639 8
59720 7
48620 23
46619 8
49950 21
47159 15
46460 7
46850 23
47109 7
49330 14
46359 15
46489 6
47140 9
48889 20
48740 2
50530 3
47930 10
47220 0
45370 4
44939 21
50010 7
47920 0
57809 0
48140 21
46209 9
45360 2
45510 15
48569 23
49760 3
47330 22
44199 21
47020 2
48949 0
49490 0
54020 15
51049 14
50660 9
51509 16
46870 11
47550 19
42639 9
50089 5
47480 10
65239 19
43220 21
46169 13
47229 6
48970 9
43160 17
49190 17
47630 7
45730 12
47740 20
51080 5
49759 9
46660 18
45310 6
47759 21
50080 12
48210 12
48489 19
46200 13
44089 6
71469 12
44149 13
46179 20
53510 7
46500 22
46860 13
45020 14
56149 15
52560 7
47170 15
47510 11
47480 3
48319 8
47409 8
45990 22
45849 19
46530 14
46810 11
44689 14
41470 8
44830 12
107599 20
46619 10
50060 23
47020 11
45349 22
46850 21
47200 5
45129 12
47750 23
49419 7
45629 22
43150 3
44729 2
46689 10
48300 2
44590 6
47150 2
49470 16
48499 19
47799 1
61940 3
46259 10
44090 12
46710 10
44829 8
46510 20
48830 7
49480 6
45670 22
48759 12
46660 12
45730 12
42990 16
47740 7
48599 6
43000 3
47980 6
52130 2
43689 14
47730 19
48629 15
59520 7
46320 2
46140 5
47400 17
48049 10
51039 16
47050 16
46959 14
47000 3
47280 8
42949 12
48620 4
50720 22
49869 6
49530 22
44939 10
52789 15
43420 3
47719 18
47149 13
51580 15
58019 14
47390 5
45810 18
51430 20
61959 13
49659 1
46840 10
52729 20
46110 13
48390 20
48679 21
48300 21
47230 21
50849 10
50260 12
46530 1
46140 22
46740 18
47189 8
43320 5
63319 23
45129 5
49170 8
45129 7
46720 18
49380 11
43649 18
50329 16
44110 4
46620 19
47809 4
44450 7
43569 1
47570 21
47020 4
46009 17
48790 23
48319 21
48740 11
46290 11
47459 5
58019 9
47780 11
48749 10
48320 3
44119 2
47350 5
47000 1
47620 14
46179 15
47080 9
50569 15
49040 2
46160 7
47239 12
44310 13
49619 1
50139 8
49870 4
48410 23
45020 15
48330 10
56299 1
47410 6
44970 18
48110 3
49240 4
46849 14
48249 6
49540 22
47139 2
47680 16
50020 4
48199 6
46300 7
43789 7
47969 6
50360 3
45749 1
49050 2
47400 15
47130 2
45400 12
54290 20
42989 9
41460 4
43860 22
42699 12
49250 19
45600 14
45110 10
44090 0
44639 22
40459 11
46400 6
45819 0
43650 7
41000 4
46390 12
46399 23
43590 5
46530 6
37539 17
48470 12
47389 6
57579 1
43360 20
47279 19
47310 4
42950 17
44429 7
42780 17
47400 15
45339 7
44080 1
45260 10
47720 14
44560 0
43320 22
43089 0
50270 3
40689 22
48939 17
44870 5
49309 9
46050 23
46070 10
67639 18
48400 7
47349 20
49459 17
45360 5
48859 15
48949 22
45710 9
46679 3
43320 21
45370 20
39929 14
41090 3
46230 20
47669 15
39770 22
49159 9
48689 0
46490 10
49470 1
42290 11
107839 23
40270 16
46560 19
46309 17
53210 8
45590 4
42049 20
48500 2
47559 12
43130 8
48740 12
44110 9
51040 6
46230 12
42499 4
45140 14
46680 16
50119 2
44820 16
46340 10
54919 12
44620 22
49690 18
44260 2
42570 14
45689 3
47540 22
50510 16
49829 11
44230 15
40840 10
51309 22
48080 18
48059 20
46659 14
46000 1
40580 11
40040 13
47610 21
47749 0
43219 3
64620 15
43179 23
46240 3
48470 23
43749 19
40910 15
48150 20
49209 18
41600 3
49849 7
44839 1
47480 3
41619 8
46919 18
44560 19
43020 15
39690 11
43910 4
44000 18
47620 17
45660 13
49810 15
54450 18
47030 5
49019 1
51380 23
47590 15
47820 20
50370 11
47600 7
44509 5
45790 1
46799 19
45020 12
49260 19
43649 8
47790 17
48999 13
49470 22
42930 2
44770 4
52019 22
42320 10
60409 12
43060 5
45980 19
46199 14
47990 17
47529 21
46709 9
43670 13
45729 6
45089 3
45650 2
46099 20
47889 2
44460 19
53329 11
54010 1
41110 10
49209 21
47600 14
45540 12
42700 20
57870 17
44769 2
44639 21
40940 14
43529 17
44799 21
43240 1
44159 0
46479 16
40630 18
46440 10
47119 1
44910 3
48379 11
45690 6
43850 23
44829 11
43950 21
47670 14
41840 10
46650 14
42640 13
59750 0
52950 5
48809 8
49540 22
42970 16
47089 12
47610 21
45780 7
53240 20
46460 18
50890 16
44770 2
46260 1
48709 18
48280 14
44430 10
47349 12
45050 1
42650 15
42819 21
44210 19
45340 7
58739 9
43770 3
41239 14
42760 0
49430 3
48090 22
45410 6
43750 3
50979 9
50789 20
44090 5
51469 3
46000 1
47410 19
48589 21
42650 16
49299 4
49169 18
46710 3
46169 4
45810 14
55429 0
44239 8
47560 19
49070 9
51859 14
48870 15
40940 15
49169 10
45030 6
46769 16
39740 10
46710 17
46429 16
40840 11
40160 5
50449 11
54710 12
46850 11
45449 17
46890 3
49230 10
67109 10
45910 3
46449 11
46470 21
45700 13
47670 21
46020 22
45600 14
42760 21
49670 18
46149 6
46089 21
41740 11
39699 22
46669 4
44320 4
43470 3
41920 23
47840 15
45670 23
42580 16
42310 13
69799 3
45570 11
41249 11
44819 23
43490 17
43919 0
41319 11
45780 16
44119 16
46210 7
47980 11
47660 22
47680 7
49160 2
49799 0
43690 4
47220 23
42109 22
48260 17
47460 12
44759 0
56310 18
47260 19
50340 20
46810 9
42009 7
50439 11
47320 5
51379 2
46310 2
47480 3
46000 20
51730 21
42229 22
47190 13
45870 9
55039 6
43770 22
50660 10
43649 0
48140 0
50619 14
62070 10
47660 15
43139 1
41700 2
46820 3
46049 1
44090 12
47720 13
45239 23
49270 11
43729 10
44610 14
43000 14
46679 23
46240 23
47940 2
47639 23
39410 13
41050 19
52379 14
46139 7
55870 11
47209 20
42750 21
48030 11
42189 11
46040 23
46529 15
45499 9
43880 0
41489 11
45549 14
50720 13
46380 7
49329 5
46420 6
41870 20
44849 6
48210 12
41699 14
46510 16
45810 5
48139 16
58210 21
45559 21
46780 15
43770 7
40750 12
46570 19
50040 12
44389 22
53139 4
45990 11
43439 2
39370 16
47440 5
45129 0
50520 5
45890 12
44149 5
47030 10
46279 18
44820 23
47510 19
54049 14
45290 0
45070 13
47529 2
45010 10
38870 15
46709 3
46340 13
40730 20
44289 20
48460 20
48699 9
46389 17
48320 20
47729 8
44409 6
48630 10
41559 13
44280 16
53740 7
53369 10
47050 14
56769 15
42520 13
44570 9
48520 12
38320 7
45500 0
46379 14
45790 1
45070 15
48639 18
52560 23
47160 2
46139 2
53070 7
50039 11
41809 4
47200 18
47149 8
46410 9
45320 1
49979 23
55640 2
45419 23
38839 5
44630 12
44470 11
43859 7
44910 2
51099 9
46619 22
43500 1
48190 8
41200 0
44880 11
42759 17
46489 23
47810 4
53460 11
47730 3
44570 10
47459 18
47780 14
45890 3
61819 17
44450 9
46249 23
46600 16
46380 3
48129 16
48460 23
47310 22
41299 8
42720 21
45010 12
46939 13
43790 0
46740 13
40500 0
46370 13
46170 13
43750 18
39210 2
49000 11
46050 0
59570 16
51819 15
46850 11
44680 13
40519 22
51040 21
48109 12
44819 1
46150 7
45469 13
46430 12
46740 0
45709 12
41789 13
40530 8
53789 14
45359 15
44100 17
44979 11
44009 2
49220 0
47679 20
112950 20
38610 4
45630 15
42219 14
47180 16
41920 19
42060 18
46790 20
43630 0
42479 10
48719 1
41800 9
45370 22
46479 21
54620 19
49349 12
44940 13
45650 21
41600 23
47540 8
57199 8
46610 2
41500 7
46969 0
47540 4
48370 3
46119 4
48020 21
45650 18
42849 16
45700 14
44550 23
48459 21
47490 21
51640 3
43099 18
49600 23
43969 12
44279 14
44500 10
48610 20
48460 7
61280 2
46449 6
51070 19
46419 23
48350 14
48090 7
51329 8
47080 8
46960 18
55799 10
49100 5
43709 0
43010 8
46190 7
43990 20
45480 4
48160 16
49799 21
48530 20
49369 22
53269 14
48560 6
47800 23
48390 22
46620 17
45669 7
51099 2
40990 8
42659 14
46550 15
54660 17
45749 10
49670 15
49140 0
46599 1
39740 21
47340 23
47250 9
50480 3
60259 7
47870 23
62500 8
51560 10
45460 11
40279 10
46920 2
46820 10
43529 22
45880 4
45490 8
45629 8
48050 7
46119 15
47699 5
42600 11
45430 12
46590 15
47260 22
48539 23
42210 2
43580 16
43069 23
46960 4
54150 4
43139 16
49920 9
48370 9
45299 3
50620 21
42369 0
45800 23
49140 20
48030 10
40430 8
46680 0
45159 16
47599 1
46750 11
40879 14
46799 9
47890 23
52449 12
49600 12
46209 2
55640 12
44990 20
46460 22
41990 3
44350 10
46579 13
52009 17
46280 18
48109 22
48950 13
47240 11
46740 10
46830 6
50729 14
47050 19
49930 23
44769 16
44200 5
45590 17
54379 7
43520 21
57519 22
47960 9
43990 4
45649 17
47839 6
46380 15
46219 17
53620 16
48210 15
44119 15
42130 5
44570 18
42700 5
