163769 4
85479 4
82999 6
89099 4
84849 7
82939 1
87239 1
82619 1
88079 7
87559 1
95789 1
79349 1
81489 5
82649 2
80430 6
85770 6
82779 6
88879 0
85539 6
80929 4
80799 3
87699 1
95659 5
86839 3
88889 1
82139 5
120609 0
87039 0
84229 0
89879 4
93819 7
85649 4
85679 1
93099 3
89190 7
94919 3
85309 5
87579 5
83959 2
87029 0
85859 3
80659 7
79039 6
84459 2
97539 6
84409 0
87369 1
88389 1
280367 6
92759 2
92769 5
88789 4
101439 6
106139 6
87059 4
90990 5
89999 2
92959 2
84120 6
88749 3
92849 2
92669 4
84639 1
91759 1
103719 1
91269 5
90799 0
278028 0
89250 2
86800 1
78349 5
83269 2
84759 2
95309 3
85249 7
81159 4
88288 4
85860 4
84649 0
86269 2
79889 0
79549 3
81069 1
85480 4
83819 0
96559 7
78219 1
83599 1
80119 1
88410 0
79259 6
88259 3
81119 1
84379 6
82679 2
84319 3
83989 5
103638 2
80279 5
84599 2
82849 0
81759 3
82339 0
83079 5
84070 3
84000 6
86549 1
95319 0
81349 0
9213366 6
80970 6
88188 7
80109 7
76229 1
80629 3
82159 6
75469 4
81750 0
77699 7
85559 3
80029 5
76609 6
83990 2
78089 3
78339 5
78079 7
78240 6
78170 1
80639 6
78789 2
80019 7
82019 4
83848 5
75829 7
75199 4
76049 6
75630 1
75850 4
83839 7
74529 5
79579 7
77180 1
80588 1
80939 3
75619 3
86199 4
85559 5
80729 6
78349 7
77269 0
79679 4
81759 1
78420 0
79469 1
81179 7
81649 1
82119 0
91519 2
78669 6
77759 0
77389 1
74429 0
77449 0
82330 3
77260 0
79719 3
73999 6
76909 3
75770 7
78149 0
81899 5
79909 5
78309 0
76850 6
77060 1
75829 0
73929 1
74089 4
77319 0
83199 3
80019 3
86089 4
84649 3
75289 4
80749 2
78829 3
75409 4
76569 0
74700 6
84429 4
78139 4
82059 7
78419 6
74320 3
83850 6
99299 6
86409 0
77999 0
75099 4
79810 1
74510 6
76699 2
74459 0
74919 3
75220 5
77880 6
84429 5
85429 7
82659 7
73840 5
76510 5
79759 5
81349 1
76119 6
78299 2
83639 3
76069 1
75979 7
75539 7
76269 1
12111197 0
90709 0
83000 2
84580 2
82549 1
79729 2
84049 3
85339 5
91689 6
79359 0
82739 7
84269 2
91819 6
80349 2
85159 1
82309 6
81919 6
85369 4
82719 2
78469 2
76829 4
81240 3
85950 1
80999 0
86459 7
85199 0
84059 4
82619 6
79940 2
82439 1
86479 2
88749 0
85469 3
79839 3
82109 4
86830 0
93050 3
78169 4
80489 1
87109 0
85219 2
91379 3
81949 5
83939 4
81819 0
85359 1
91249 5
100299 5
78409 7
78089 0
80300 6
83239 2
84160 6
83309 3
87879 5
81769 7
83579 4
86159 6
81939 2
84609 5
76359 0
81159 4
83529 7
84559 3
78500 4
91989 5
86509 0
79729 6
81709 2
81319 4
93939 6
84539 1
83299 4
81249 6
81849 2
83439 0
86309 7
78829 2
85499 4
86880 3
83979 4
88009 3
79459 1
87919 6
77840 2
82259 6
79529 4
85619 3
85289 5
85479 4
79110 4
85579 2
79239 5
83849 5
81319 1
93969 7
77339 3
83949 3
80640 7
80099 4
79319 5
76399 2
91459 1
81650 5
85439 7
84839 3
86009 0
103609 0
85719 1
84019 4
81009 6
83669 5
86868 7
83780 3
85459 6
79909 2
83329 2
78979 4
89930 6
10147886 6
86799 3
94439 1
94219 0
91268 6
88279 0
86209 2
93829 5
86989 6
90009 0
97839 5
86459 3
81499 2
78579 3
86379 3
80349 6
87989 0
80599 6
81289 1
83069 3
86359 6
77379 1
89219 3
88649 2
83699 6
88289 1
87729 3
82009 0
79719 3
84909 7
85939 4
79789 1
87649 2
83879 0
93859 0
76430 7
87430 4
89599 3
82509 0
81719 0
87199 3
88679 7
81719 4
83899 6
82939 2
87399 4
87719 4
84519 1
81869 3
81430 1
82808 4
83839 1
81129 5
85329 1
84229 6
87669 4
89729 6
84208 3
91569 7
81059 3
84679 5
85289 6
79959 6
87739 7
82860 1
85890 0
81929 2
82039 6
88859 4
85049 7
79109 4
83899 6
84889 4
79849 1
85499 3
84499 1
85529 4
80469 1
81979 6
80959 0
83639 2
87989 3
88909 7
81799 5
87280 3
83330 0
80499 2
84219 6
84609 6
88459 0
87219 6
84659 4
95599 0
91779 7
76689 6
85769 2
84819 4
82439 0
87619 3
77949 0
84490 4
80520 3
77339 4
85149 7
82259 2
101929 6
86969 2
83299 3
83659 6
85759 3
85089 6
81259 3
79599 0
80299 0
79640 0
81789 2
82009 4
10110607 5
81499 2
85120 3
77569 4
78189 7
83189 4
79499 7
78559 3
77479 4
78179 2
78459 3
74649 3
86519 5
76370 1
78379 3
76359 7
78319 6
78049 4
76850 6
79840 7
77649 5
80989 1
80419 6
82600 7
84750 1
119438 3
76699 1
76539 5
77539 3
78219 5
85629 5
74129 2
78199 3
75699 5
73669 4
78590 6
85350 3
88299 4
83269 2
75129 5
76809 7
79519 2
78280 5
74349 2
78579 2
77469 0
75500 0
74089 5
78269 0
79069 1
88059 4
79219 5
77779 3
77969 3
82519 1
76970 5
78350 3
76859 5
77419 4
74299 1
77460 1
80509 6
81669 2
75609 6
73599 3
73160 7
72729 3
77319 2
81209 1
80940 1
75509 5
75759 0
77319 7
74469 5
81029 4
97110 6
85420 3
84459 4
74069 1
75759 2
77849 1
76639 4
83999 4
77539 0
77019 4
78580 7
99799 0
98039 7
73520 2
73469 2
76359 7
77249 5
76329 6
77430 7
77799 2
75829 1
81099 4
85619 7
77840 3
80149 3
90599 5
76089 5
71729 2
76929 4
72739 6
78089 4
74090 1
76180 3
75199 4
75729 2
78049 0
84489 5
85410 0
93689 0
74119 1
75619 6
74199 1
79059 0
79299 4
75409 7
71529 4
75279 1
73789 1
79169 2
76059 5
78109 0
10119927 5
81439 7
85099 2
87169 7
84979 7
93129 5
89239 0
83269 6
85809 4
79520 2
80650 0
96359 5
77389 5
86599 5
85839 6
79849 5
79010 5
85359 0
79839 1
82119 6
80749 0
86880 2
82048 7
96748 2
87000 1
80209 7
80769 6
86509 4
78059 5
83149 0
79150 7
79029 2
79899 4
86739 1
91009 1
91929 5
81459 6
85010 4
80679 2
79549 6
77489 0
77870 4
79119 4
81079 5
79289 4
90969 0
82189 5
96729 5
95629 0
86219 3
79628 5
84509 2
85379 3
82509 1
78749 1
82599 7
79980 0
87730 5
90979 0
94989 7
80859 6
85479 6
79179 0
83610 6
83099 2
79679 3
80259 5
84579 1
81109 4
81259 7
93459 7
98279 2
86809 7
90429 0
82289 2
85039 4
84209 6
87289 0
82979 0
85408 7
82510 5
92329 4
100079 7
86339 5
81019 0
82819 6
78199 0
89630 3
79020 4
82149 7
80569 6
83689 0
86699 5
89999 7
95789 4
94960 1
75819 0
76349 5
75229 5
75909 6
73559 1
79980 0
76429 6
86249 4
75649 2
77020 3
88439 0
79319 1
77019 7
74639 1
73309 7
72099 5
71789 4
73569 3
69500 2
69659 5
68779 3
72130 3
76210 7
83979 7
10086377 2
73600 1
73310 4
72599 1
74759 5
74680 0
72989 7
73709 5
71469 6
71850 7
70659 7
71919 5
75169 4
79319 2
71210 3
70229 5
73009 2
71340 2
71779 5
71959 2
72180 1
74960 1
72189 1
72579 0
68210 1
71330 4
71809 5
84909 3
72509 6
70230 2
70009 4
70449 6
68860 0
74239 1
69589 7
71189 3
72040 6
73179 2
69989 1
72550 0
70229 3
77249 0
72139 7
70719 4
73649 3
70949 2
72289 5
71920 4
70819 1
69649 6
73819 7
73629 7
74449 4
75929 2
74859 5
75120 6
70279 2
71739 1
76379 7
69370 7
70799 4
73489 0
71999 3
72320 3
68179 1
70559 6
70859 1
77250 0
89129 2
82639 5
78739 1
71980 0
71680 1
71359 4
70829 3
72319 7
69230 4
72089 0
74010 4
70529 0
69929 2
84019 7
82979 6
71619 4
72249 7
75599 0
73029 3
71449 0
72569 2
70429 6
73279 1
72309 5
69109 5
71909 5
73099 7
89359 0
83110 6
79719 4
73919 3
70299 3
72670 5
71979 3
71159 2
73999 2
72450 5
75239 7
72089 4
71749 3
72190 1
79649 0
75779 2
75189 6
72170 5
79199 1
75479 1
72610 1
74560 7
79169 4
73579 6
78619 0
78289 3
84199 1
9089147 3
76379 2
72740 1
73079 0
74329 6
73349 1
72049 6
77699 5
73369 5
73839 1
68019 7
70149 2
71349 4
81649 0
71709 7
70629 1
72009 3
70509 2
70229 0
70659 5
73579 6
71930 2
73229 7
72719 2
72399 0
74569 5
76790 1
106919 3
70569 0
73969 6
75009 3
69629 4
69779 0
68909 1
73120 5
71979 3
74569 5
70949 3
65120 0
64349 1
62729 5
72679 4
62669 7
65469 1
63629 3
63299 2
63869 7
63849 6
62559 7
62040 0
63389 3
65419 4
62539 6
66379 7
72839 6
74449 5
74850 3
63079 6
61869 7
62210 3
63039 3
64429 2
63700 2
62319 3
63109 3
62450 0
62589 6
63910 1
63060 6
64129 2
63310 3
79099 2
73679 7
71429 7
69640 5
63559 1
63039 3
62759 0
62729 1
63199 0
62120 2
64579 6
61140 5
64079 6
69319 3
75040 5
79349 3
65439 7
61639 2
62860 0
64499 3
62459 0
63550 1
64819 1
62240 4
64659 7
60199 7
61520 2
63460 2
62249 4
65269 6
72940 3
80009 4
73419 3
65710 6
62859 0
65129 4
63390 5
62719 3
69919 5
63160 0
63069 4
87949 6
62420 4
62970 1
66189 4
65090 6
68120 6
62419 5
62479 2
61430 0
62469 2
63850 0
64309 0
63429 0
61960 4
62859 3
64029 5
62109 1
61879 7
64530 1
63439 1
71659 2
64009 7
62499 1
63609 4
62230 4
62519 7
63569 6
64340 5
64069 3
62419 6
64290 1
63419 3
61089 4
64750 3
62289 4
63859 0
68590 0
62679 3
63749 7
63439 6
62569 6
62570 2
63159 4
63149 3
63450 5
62449 7
62319 2
63219 2
61529 2
65289 7
64249 0
63119 1
11095287 0
73610 3
70779 4
62619 7
64749 4
62789 3
63889 6
64249 5
63030 5
63469 7
64140 7
61789 3
