10700 22
8580 9
20000 14
7750 16
16620 19
19110 4
4309 16
94040 0
90329 1
18670 6
29880 19
9420 4
6590 4
8210 9
14349 22
5992766 23
9300 22
4140 0
4909 6
20090 8
6660 20
7230 3
6930 14
6060 4
15070 21
420 18
16460 10
6940 17
4250 10
7880 8
22499 9
8360 13
5811 21
8050 23
5780 18
6540 20
340 18
30280 13
10970 13
8500 20
5380 10
6370 13
300 18
4060 6
9330 12
5680 12
8690 16
65419 19
5460 6
13620 16
5360 1
18990 11
10171 10
16510 15
4560 11
8410 21
4350 21
9670 17
4310 12
8240 13
16110 17
5870 12
6800 12
12210 11
4790 2
21600 19
8200 10
13051 1
6190 20
37509751 7
11090 12
9820 6
8810 12
13169 12
5451 3
3240 14
30319 19
11500 9
10980 0
52440 19
13860 1
4509 7
5480 23
5389 11
6760 11
5349 4
5200 8
8179 11
5880 15
6190 20
14590 11
4600 20
9940 22
5040 4
6800 6
7230 0
11560 11
4460 14
330 18
5640 8
29740 3
12211 21
480 18
15220 1
6620 9
8350 6
5160 10
4920 23
8080 11
3670 17
13100 0
7620 15
4170 8
2990 15
27030 19
5680 5
3219 17
8060 22
48229 11
4750 8
4620 16
23450 0
8840 4
240 18
41159 22
19649 2
6691 22
18010 3
7360 13
5140 9
5640 11
8010 2
10230 1
7270 5
7060 0
2960 17
6730 17
4990 7
6000 3
12350 11
4650 17
2540 17
11010 7
2340 17
2349 17
10020 19
11829 7
4190 14
5230 13
3980 14
13589 1
5280 12
4511 1
6720 20
11429 9
6110 1
17210 2
6690 20
8530 9
6860 6
16710 21
5810 0
7590 23
4950 16
5840 15
7010 11
58369 19
33530 16
3380 14
13460 2
5620 11
61109 9
349 18
7059 9
15020 10
5450 22
18170 19
6940 21
370 18
7420 23
320 18
16490 23
7430 23
6120 21
12680 12
6309 10
3640 17
5351 13
8920 3
17199 20
12880 3
8880 14
8760 21
7560 4
29900 1
5170 19
10110 20
16430 3
5629 6
7820 7
14130 5
8200 17
4260 14
16750 4
20289 15
17180 19
12490 9
7000 20
5400 6
12430 14
4850 15
7650 8
5556440 16
15270 19
4800 4
10070 17
9240 8
42965851 7
5100 23
5340 14
13950 22
16110 9
6480 22
4990 7
10940 10
9091 1
5820 12
11809 9
7120 9
4510 17
6610 19
5360 8
5560 6
11210 1
580 18
11600 6
10330 5
11460 21
5270 14
4780 12
5150 1
12410 15
6299 5
13620 15
5500 17
7710 13
6250 17
60010 0
6710 5
11370 14
12150 3
13300 1
10710 0
11000 3
11420 9
5480 15
14240 5
7430 6
5780 13
7759 4
9560 16
6909 19
14810 1
15900 21
4800 10
16580 9
8240 11
4240 12
7120 11
27420 23
9380 3
10220 2
9900 20
12580 21
5780 19
7950 21
4780 13
8410 5
18490 13
10250 7
7540 3
4670 23
4650 8
12580 0
21460 19
6300 23
6291 11
86929 9
5340 14
11920 3
12740 5
17999 5
12020 13
7249 21
10760 17
6350 6
7710 1
9160 2
22210 0
5220 23
14220 19
5720 9
15240 12
6290 14
16800 22
3660 12
6271 9
18809 23
5990 9
121530 1
25629 0
9550 2
16150 0
13530 2
9140 1
4990 10
4910 23
4440 14
4910 19
3900 19
21999 14
15929 5
20490 4
14960 13
7740 11
4900 13
7780 21
12640 2
8240 15
32400 3
5520 13
23850 0
4590 12
10050 9
5310 16
4500 10
9270 22
6620 7
19050 12
9580 16
5430 9
4110 10
4350 10
8580 3
14889 2
19431 3
12339 21
6070 7
11130 13
400 18
6540 10
9680 8
7460 5
9320 0
5480 6
410 18
5730 8
6440 1
6780 14
7734284 7
10940 9
6830 19
8110 11
19240 20
7540 4
5070 13
5380 0
4650 11
9550 17
5400 4
3870 7
49942021 23
23689 20
7040 13
8229 11
11871 20
9319 2
9480 21
5840 2
6360 21
8750 8
6920 10
97479 11
6460 10
5490 4
3850 2
10990 2
19310 11
14260 22
13320 9
7710 10
9370 5
9682630 7
6130 20
24090 1
16640 22
17960 6
7870 15
540 18
3214686 23
7500 8
6480 8
730 18
12290 9
4350 7
6910 3
20910 13
6970 20
6710 20
5030 2
4820 9
11459 19
5860 12
5460 22
7329 10
4009 8
6990 11
6060 17
5010 5
6060 20
3570 3
6540 11
5790 5
16970 4
39640 22
6810 13
9630 4
9120 6
5960 11
4480 9
7909 19
11700 21
11570 9
6480 21
5090 15
7490 5
8290 19
4300 17
11450 4
13860 16
7130 15
5380 0
64419 1
600 18
4520 0
15510 4
4070 7
10130 21
79959 12
5579 15
9020 2
8500 4
470 18
490 18
5510 2
6250 12
6230 22
610 18
7890 10
5880 9
9950 1
13060 5
22419 9
5389 17
5940 8
4691 3
13970 12
4050 3
7540 23
15980 1
26097103 11
39069 11
4860 2
8110 21
41650 17
5210 22
5580 5
4960 4
5300 5
7060 23
10539 6
12129 14
77350 19
5860 10
8450 23
5820 21
10600 23
12940 22
28329 13
10039 22
6190 20
8590 21
7360 3
3640 10
6490 0
8070 7
44890 13
8580 10
4380 10
9820 19
