82040 14
99259 12
102169 23
89560 17
153599 6
170019 16
137988 6
173209 14
218108 14
173598 3
144189 8
181779 12
173028 9
181828 0
158249 2
159889 20
161939 19
164528 2
223639 19
216329 21
183079 9
182459 21
176269 1
185649 16
201369 11
164638 2
217398 22
222628 21
221689 17
203878 2
159219 1
187299 9
214578 4
178349 9
180229 4
176669 19
183619 23
158389 13
172349 3
114449 5
109339 21
87160 21
89690 23
84279 6
61720 15
56520 6
55429 20
57110 3
57609 22
52530 13
79100 12
81760 17
106990 3
123419 7
160868 10
188468 23
163849 8
124519 0
128339 10
144379 17
195849 12
202508 13
133949 23
140699 14
172529 1
174879 2
129049 10
129689 23
186429 14
182029 12
196549 20
203188 21
212919 3
212848 20
173109 6
184439 12
165639 8
151650 19
134879 1
139390 15
101790 1
108039 16
104949 22
94859 2
77370 2
100309 12
110769 22
161448 12
164279 19
136479 17
143699 5
131709 20
136989 10
140949 22
173649 7
96349 3
93659 15
88489 7
97929 16
118969 9
57760 0
61960 15
77010 18
81259 5
81180 23
156408 7
156219 6
154749 2
145139 3
121199 5
83159 10
71249 17
82880 23
100180 10
100029 21
88979 21
97180 7
93239 4
81249 10
95010 14
142449 21
80589 18
78740 1
99020 9
132989 11
113359 8
113269 14
120599 14
127669 0
140679 13
131060 11
139388 1
121939 9
119210 16
104209 2
115559 5
112799 22
108839 5
87680 4
89909 15
99200 0
64580 7
59160 22
55799 0
56780 1
61920 2
53759 18
57349 4
59070 18
63410 20
64980 15
104769 20
131669 1
158399 18
140649 16
132989 19
140299 15
146588 2
144259 11
164629 16
151059 22
157939 23
154719 23
156399 16
164879 9
176648 6
157819 8
141929 20
167479 17
159599 1
122749 10
168409 12
179189 21
167369 7
157359 1
164709 12
149949 8
146619 20
146659 5
111799 7
125239 18
130119 15
125099 21
128329 9
130179 23
146230 8
159559 11
85240 19
73489 14
64940 16
73639 21
63950 19
68129 18
67270 6
81869 0
109849 19
113819 7
121150 3
93059 23
91059 17
88119 15
44400 16
39789 3
35850 17
30630 4
56559 2
45749 11
45960 22
73719 9
112550 18
174629 15
175279 4
168639 19
196719 9
141999 5
135689 11
128979 21
140308 19
133610 19
146379 14
244279 0
155370 14
159449 11
133389 10
114010 1
122180 7
134789 10
158219 2
136899 11
152210 22
143879 13
133539 16
147219 4
153629 22
188719 22
161719 5
172249 8
184409 17
157229 4
98110 22
126070 18
92120 6
65930 11
68400 0
69500 7
71819 13
65430 11
65980 19
61529 1
59619 23
461087 15
303378 4
317838 21
612745 0
369707 3
313568 20
374528 15
382727 13
410677 19
547406 2
515397 15
334197 8
391867 9
477517 2
327727 17
312248 7
317708 7
607276 14
314818 14
381408 2
317588 19
305158 3
378467 13
64700 18
60319 14
61679 19
61710 18
58810 7
57930 16
57009 5
58090 6
68760 20
56950 22
55690 19
58329 1
56890 3
99189 10
60030 4
60249 15
56270 3
58239 10
59500 14
60590 18
58379 9
59330 11
59589 3
58780 12
58689 9
57270 15
56699 1
59139 12
66200 0
69359 17
62330 9
145779 2
418557 1
107169 2
264268 6
57629 22
59220 4
58180 3
61469 23
62130 0
58100 20
59059 0
58340 14
58130 10
60430 16
71469 20
63950 14
63139 15
62380 11
64689 0
63569 19
272628 18
577976 23
730505 10
455846 11
413098 8
434576 12
782685 16
465946 5
564166 14
501407 5
570796 2
430537 4
627146 17
340377 12
483847 20
483217 12
388337 0
345167 17
341068 16
631775 4
379638 22
325957 19
456157 12
464826 7
362808 23
572556 19
531466 15
492926 22
684176 16
690215 19
491116 7
512136 20
755624 10
529356 23
578756 13
600616 23
684475 18
825164 15
459776 7
519376 3
570296 8
626245 18
503237 1
843654 21
596595 22
638526 5
381347 10
100639 0
100050 12
92829 9
94419 9
92120 5
93629 22
82469 14
79800 19
75749 3
71260 23
78369 22
67420 20
67969 12
70880 11
73649 22
71099 9
77530 2
75019 16
73520 2
84779 6
63970 4
66429 14
69640 2
87479 7
72190 11
62209 19
65280 2
66259 15
60880 16
60759 18
57880 0
68189 0
60019 15
61529 4
58500 3
60200 4
81979 3
80129 7
80970 6
79999 13
508857 16
409937 19
735894 23
492917 17
560586 14
628225 6
405847 8
427136 11
699335 16
462287 15
563936 20
589476 0
449686 3
674745 16
528796 21
569006 19
577636 22
488607 19
671425 10
501677 4
461446 18
392498 20
490537 6
338987 3
646665 20
343767 0
483156 17
494536 22
397817 22
314587 22
59550 11
56520 10
58180 7
59570 15
58599 9
56880 7
57909 16
57160 8
57119 0
56400 9
58539 4
58849 21
60370 7
59939 14
57740 13
56229 18
58080 7
57110 10
57829 8
56810 16
57470 11
56360 17
56029 7
66299 1
58490 23
65819 6
55910 10
57869 16
57260 6
57920 20
58060 23
56700 15
57669 23
399097 11
313077 18
409607 9
382927 6
321318 11
375697 6
410477 8
394657 4
306977 13
263459 6
242848 0
246288 12
329528 13
260288 2
223098 23
213469 22
254258 2
197618 15
231228 8
237988 6
220259 9
211119 0
353197 5
270387 7
226458 4
231128 14
