107789 5
106309 7
105329 15
96970 7
120039 20
117990 17
128729 5
149539 10
183318 8
149719 1
176119 11
125029 5
133239 9
148039 13
186679 18
149669 17
172138 21
122128 15
127319 20
156079 17
175178 16
175099 13
159759 20
137039 0
144299 23
154009 5
176248 17
182069 18
159759 20
166839 17
166809 7
151168 12
187638 17
167629 15
166549 13
155849 3
136139 3
104959 20
105799 10
149849 6
124239 4
102879 8
101420 16
91459 12
81150 1
83830 1
82219 3
81070 13
79109 12
76100 12
69450 3
58270 2
54059 9
87830 12
109820 0
182578 7
193869 16
184679 16
120779 4
128239 17
157989 12
187458 12
174639 19
173029 12
158219 12
181488 18
158659 23
172909 13
180209 11
168799 18
169459 17
159519 9
155239 17
176379 5
185278 8
155109 3
172329 19
173879 19
165978 19
195939 14
163889 17
166169 23
160619 13
157799 10
120819 2
126189 9
127649 15
100119 12
110309 5
120000 4
82920 18
76629 1
73410 0
80549 12
76150 4
125619 17
152139 20
165428 15
145030 12
132988 23
75979 18
104130 3
92779 13
81369 19
84950 2
74789 17
108519 6
119250 3
118210 18
119899 17
127709 9
143739 20
109509 0
125599 3
124449 16
145129 0
175779 23
264808 10
158499 16
165989 16
170779 4
163458 0
165079 9
191239 0
162498 2
187509 20
172599 17
164099 17
161099 14
194278 18
170249 1
166329 18
130569 8
110599 15
122159 5
128489 10
105890 0
69380 20
67900 20
68489 14
67490 21
66199 20
64899 3
59840 10
53600 18
50299 4
54960 0
48680 0
45749 16
49590 2
63189 17
87880 23
83789 0
95989 22
109289 19
118829 6
151209 14
148568 21
104230 6
118929 0
89649 3
91100 19
98909 20
101159 3
106390 11
95539 13
96409 21
126699 3
130919 1
150829 15
142269 14
169219 14
185038 15
192358 3
130979 17
123659 21
143769 8
162899 11
172299 23
173529 9
176238 12
162099 20
173139 5
160399 15
162759 16
154468 0
178528 10
105489 13
101789 8
106079 8
123499 14
168519 19
157819 20
157479 11
153418 19
175229 14
172209 19
169059 6
176528 7
158608 6
100789 23
88290 4
85699 0
109320 12
116030 17
69089 19
79880 16
98959 3
112289 6
131859 7
136239 4
164789 15
146349 2
184768 4
139639 2
112149 12
104289 0
116469 23
124029 7
147169 21
228088 3
152210 17
152829 22
137039 13
160569 10
144049 4
111159 10
118539 7
94800 19
94139 6
96389 18
108890 17
104929 15
88349 9
89370 0
101329 7
116789 17
114809 9
133119 11
108729 21
116399 5
105659 21
119599 20
110289 21
128349 6
128979 5
120699 19
99279 13
84799 10
86350 1
146339 6
95020 11
101989 2
116019 18
130109 10
90089 2
86780 16
107269 10
85089 13
118239 19
120779 3
122159 3
130179 21
127469 17
94429 13
92309 12
109119 14
126339 7
114499 7
88129 5
84940 11
85989 13
86039 16
109940 5
109009 14
110919 14
102739 22
110690 2
107810 3
131659 16
112179 9
104869 13
103669 12
104750 1
96609 14
113979 10
101320 15
100909 11
115789 18
121489 21
121019 16
131599 6
110519 22
97249 22
87619 11
77810 21
76449 0
77930 23
81330 7
76419 5
77499 12
71440 15
70169 12
66830 5
70299 4
87549 2
98690 18
93909 9
143259 15
83659 13
82689 5
72840 22
80619 15
79409 6
83580 19
78469 13
83439 11
95999 10
103769 14
100129 21
77090 4
73569 12
74860 13
78329 21
82060 1
93190 3
94769 2
98880 22
100760 14
107169 12
90679 21
90940 22
75549 9
95210 2
104549 3
108409 0
80599 5
73570 12
69769 9
72140 14
69459 14
68370 8
70639 16
101590 18
85899 18
95919 16
91229 6
95649 5
89499 4
104119 2
78830 19
96499 18
85240 1
69590 22
69350 21
70750 7
71439 23
76010 3
75179 5
113949 17
130709 19
115249 16
116629 18
116689 13
111019 6
119699 17
101249 1
95219 21
94240 18
96210 1
110329 12
94179 17
98030 6
97060 4
93829 20
99480 7
102129 5
108239 9
107789 9
96769 2
115480 6
102729 11
97199 20
86110 3
84639 2
76750 9
77170 7
85899 20
94460 16
90499 5
79330 21
79789 8
77209 19
76290 10
72669 1
70160 5
72209 3
67930 2
74199 12
72780 13
78229 20
67870 4
71209 13
79310 6
84579 2
74560 12
82629 8
82750 20
91890 5
91189 6
85009 10
91059 7
81839 21
74050 14
73399 18
82230 14
85289 23
87369 0
79480 21
89029 13
87490 17
84629 23
71949 17
73790 16
88779 19
106379 10
96739 22
84299 4
69390 13
66249 11
67750 20
63749 14
68250 22
65179 14
86860 2
111409 15
111149 14
100309 4
102299 7
96919 17
101969 7
100019 4
86710 4
83459 9
84549 7
87959 12
81059 0
105589 22
85910 7
92029 12
91040 18
91219 8
96099 6
132699 1
77830 8
81349 10
75600 16
67839 21
73410 0
85269 21
80310 19
72690 23
69439 5
71899 0
66950 21
78640 23
66070 3
69799 13
74209 2
77900 19
78919 10
70780 1
100959 23
101669 15
106000 18
79730 1
84309 11
68460 1
94319 15
81140 6
71479 13
82000 12
88450 14
94459 1
100969 7
83300 5
75019 17
80850 19
74019 8
88320 15
96759 8
111589 4
110359 21
103439 4
107040 6
107559 23
91789 19
86990 12
97439 20
110719 14
