50121686 0
3850 1
14220 0
3069 1
11800 0
2740 1
9399 0
3610 1
1850 1
10570 0
2810 1
9310 0
10570 0
8070 0
2680 1
10150 0
9631 0
2811 1
8770 0
9150 0
2650 1
8910 0
3240 1
10950 0
9010 0
2740 1
2750 1
8600 0
3169 1
2960 1
7220 0
8200 0
10370 0
11900 0
1860 1
8250 0
10350 0
2370 1
2640 1
3150 1
9480 0
2819 1
2140 1
2469 1
2340 1
2920 1
2249 1
2720 1
7030 0
1930 1
6420 0
8310 0
7530 0
2710 1
2440 1
2240 1
9510 0
2990 1
2900 1
9200 0
1890 1
2069 1
3020 1
2529 1
1709 1
8759 0
11240 0
2510 1
6960 0
1890 1
2810 1
1700 1
5160 0
2110 1
7680 0
6130 0
1720 1
2400 1
2310 1
2210 1
6509 0
2891 1
8371 0
1980 1
2460 1
2060 1
2020 1
3000 1
6010 0
5390 0
2050 1
2060 1
6880 0
5720 0
2190 1
2650 1
2430 1
2080 1
1690 1
1720 1
6050 0
2120 1
6289 0
5200 0
1880 1
8071 0
2480 1
4480 0
4760 0
2070 1
5720 0
7700 0
2580 1
2330 1
2380 1
8760 0
2130 1
2210 1
1740 1
2500 1
2090 1
7180 0
7580 0
7191 0
6650 0
6180 0
1970 1
6070 0
1730 1
1760 1
2220 1
2010 1
2130 1
5800 0
2170 1
2090 1
5890 0
6900 0
4640 0
6850 0
2190 1
2910 1
5380 0
4969 0
5470 0
1810 1
2630 1
4030 0
1870 1
2550 1
2000 1
5440 0
1590 1
2100 1
2310 1
5670 0
5590 0
7450 0
4200 0
2120 1
6750 0
1600 1
1760 1
2631 1
9429 1
7520 0
1840 1
2360 1
1550 1
6430 0
2300 1
2030 1
1980 1
2810 1
5550 0
2190 1
6850 0
2120 1
6630 0
5970 0
4250 0
2510 1
2239 1
5431 0
7280 0
6659 0
6660 0
2460 1
2410 1
1740 1
2380 1
4690 0
1830 1
4000 0
2240 1
4010 0
6360 0
1960 1
1960 1
5570 0
5510 0
2290 1
1950 1
1960 1
2300 1
2680 1
5431 0
4160 0
2400 1
5660 0
7640 0
7000 0
2350 1
2130 1
7160 0
1890 1
5540 0
2100 1
2330 1
1850 1
6120 0
5180 0
7010 0
2549 1
2211 1
2220 1
4960 0
5840 0
2320 1
1810 1
1860 1
2590 1
2600 1
1780 1
1880 1
2440 1
2310 1
2430 1
6180 0
2930 1
2100 1
2400 1
2140 1
5400 0
2620 1
1870 1
2470 1
6289 0
2600 1
6880 0
5171 0
2229 1
6990 0
7390 0
4290 0
2070 1
5750 0
1760 1
5770 0
5770 0
5790 0
5830 0
1980 1
2140 1
5639 0
1951 1
4300 0
6711 0
4720 0
7100 0
4660 0
5740 0
1900 1
2150 1
6800 0
3070 1
1940 1
7340 0
4260 0
1860 1
1380 1
5040 0
1570 1
2110 1
6790 0
5260 0
2780 1
2289 1
6149 0
2350 1
2020 1
2370 1
2110 1
2630 1
5450 0
2820 1
1800 1
6110 0
6900 0
2920 1
2070 1
6120 0
2450 1
7090 0
5930 0
4129 0
5909 0
2309 1
2050 1
1910 1
5560 0
4900 0
5340 0
5090 0
5200 0
1950 1
2370 1
6820 0
1940 1
2710 1
5560 0
2060 1
5320 0
2610 1
5191 0
2020 1
1909 1
5680 0
4790 0
1750 1
4810 0
2130 1
5520 0
6550 0
2100 1
5360 0
1590 1
6270 0
2170 1
4160 0
2030 1
5100 0
3860 0
2110 1
4829 0
4280 0
5629 0
2240 1
4889 0
5630 0
5230 0
1720 1
6540 0
6490 0
6170 0
4740 0
1750 1
4560 0
1570 1
4750 0
2180 1
5990 0
5910 0
2009 1
4500 0
5680 0
1980 1
6069 0
2010 1
4180 0
6590 0
1710 1
6010 0
4720 0
6230 0
5950 0
6130 0
2060 1
5700 0
1790 1
1590 1
9569 0
1720 1
1680 1
1989 1
7350 0
1930 1
2020 1
4670 0
4700 0
4280 0
2320 1
2870 1
2000 1
5430 0
7080 0
2040 1
1960 1
2530 1
5150 0
5710 0
2220 1
6559 0
2640 1
5340 0
1871 1
4630 0
2350 1
2510 1
5490 0
5940 0
6460 0
6750 0
1600 1
5400 0
6500 0
4460 0
5770 0
5910 0
5579 0
4451 0
1440 1
5060 0
1640 1
5580 0
5230 0
4540 0
7330 0
4330 0
6490 0
1830 1
2800 1
6270 0
2040 1
5380 0
5470 0
1830 1
4860 0
2450 1
6920 0
5911 0
4960 0
6310 0
5340 0
3930 0
1560 1
1510 1
6350 0
4600 0
1920 1
1620 1
4870 0
2170 1
5680 0
4540 0
2340 1
6350 0
6390 0
4980 0
1791 1
1689 1
1500 1
6210 0
5340 0
5950 0
1590 1
5180 0
4480 0
5340 0
1750 1
1930 1
4480 0
5740 0
7230 0
5450 0
1470 1
4100 0
2090 1
4889 0
4840 0
6691 0
1690 1
5880 0
1930 1
2060 1
1490 1
1620 1
1450 1
1470 1
4560 0
2440 1
1750 1
4400 0
2280 1
5360 0
1690 1
1930 1
4700 0
1760 1
1800 1
1900 1
2120 1
5320 0
1760 1
4280 0
2471 1
5989 0
1780 1
2109 1
4670 0
2410 1
2140 1
5280 0
4230 0
5150 0
2000 1
2510 1
1600 1
1540 1
4100 0
1790 1
4960 0
4940 0
4620 0
2030 1
6089 0
6129 0
2371 1
2589 1
5980 0
2120 1
1920 1
5150 0
2240 1
2170 1
5760 0
4740 0
1460 1
6750 0
1850 1
5890 0
4980 0
4650 0
5600 0
4950 0
1780 1
5520 0
5080 0
5389 0
1800 1
6720 0
2050 1
6170 0
4870 0
2610 1
4890 0
5360 0
4980 0
1490 1
1890 1
1360 1
4830 0
4870 0
1420 1
5320 0
1739 1
1480 1
6220 0
1860 1
4511 0
4950 0
5540 0
1970 1
1480 1
4970 0
5930 0
1600 1
2210 1
1870 1
1720 1
5240 0
2150 1
1550 1
5180 0
5860 0
1460 1
5950 0
4730 0
7389 0
4691 0
5460 0
2019 1
4400 0
4510 0
1480 1
5990 0
5140 0
1610 1
2010 1
5260 0
2410 1
4370 0
12640 0
4640 0
1650 1
2070 1
4880 0
5269 0
1749 1
1760 1
5600 0
4800 0
5700 0
5160 0
1830 1
2320 1
2340 1
4640 0
5460 0
2610 1
6910 0
2170 1
5860 0
6500 0
1980 1
4590 0
2199 1
2351 1
1980 1
1829 1
6091 0
5599 0
2000 1
2030 1
1730 1
5590 0
5080 0
1420 1
4530 0
1840 1
5560 0
4430 0
2420 1
1570 1
1950 1
5950 0
1780 1
1890 1
4760 0
5430 0
1851 1
4100 0
4420 0
2060 1
1720 1
6130 0
1760 1
2450 1
5460 0
1920 1
2010 1
4730 0
5030 0
4260 0
4650 0
4960 0
5510 0
5210 0
1560 1
5070 0
1570 1
4829 0
1649 1
1780 1
2800 1
2120 1
2031 1
5479 0
4840 0
5800 0
1800 1
2380 1
4920 0
5100 0
5050 0
2130 1
1540 1
4860 0
1430 1
1500 1
4670 0
4580 0
2110 1
5440 0
1860 1
5329 0
4971 0
5810 0
5010 0
6690 0
4460 0
5130 0
5050 0
6550 0
1800 1
4890 0
6130 0
5410 0
5310 0
2650 1
4639 0
4420 0
6931 0
6149 0
5420 0
5150 0
2240 1
5980 0
4780 0
2230 1
4400 0
4230 0
1920 1
6000 0
4780 0
1720 1
2210 1
5710 0
1700 1
4910 0
2251 1
2191 1
6451 0
1569 1
5039 0
2140 1
1970 1
2590 1
4660 0
1540 1
1370 1
4700 0
5290 0
1520 1
1950 1
4260 0
1750 1
4180 0
6540 0
5240 0
2670 1
2000 1
5390 0
5360 0
1649 1
4580 0
6560 0
4450 0
5510 0
4780 0
5040 0
1740 1
5200 0
1790 1
7210 0
4550 0
1890 1
1650 1
4960 0
5550 0
5170 0
5379 0
2080 1
1911 1
5320 0
1640 1
2220 1
6089 0
1750 1
4590 0
4810 0
1740 1
5400 0
1960 1
6630 0
4360 0
4800 0
1850 1
2000 1
4250 0
5100 0
1790 1
1470 1
4350 0
5560 0
4700 0
1900 1
4890 0
1750 1
4850 0
1960 1
6870 0
4800 0
1820 1
4060 0
5060 0
1890 1
4730 0
1730 1
2150 1
5030 0
1920 1
2150 1
2050 1
4560 0
2010 1
1749 1
4531 0
5380 0
4760 0
1999 1
2390 1
1500 1
1550 1
5110 0
5520 0
4830 0
1580 1
1680 1
13230 0
4520 0
4450 0
2470 1
1570 1
4790 0
1830 1
2450 1
4719 0
5740 0
5031 0
1811 1
4999 0
1670 1
1470 1
1550 1
1460 1
4330 0
4520 0
4330 0
4880 0
1610 1
7100 0
1810 1
2110 1
2060 1
1960 1
1270 1
5110 0
1320 1
1440 1
3870 0
1940 1
4709 0
1811 1
4929 0
2091 1
4669 0
4190 0
1690 1
1860 1
4960 0
4470 0
4920 0
1630 1
4500 0
1340 1
4380 0
1700 1
5070 0
4750 0
6400 0
1440 1
1800 1
1580 1
1469 1
6771 0
1689 1
1551 1
5569 0
1719 1
1480 1
1610 1
6650 0
4480 0
4620 0
2120 1
4390 0
2270 1
6630 0
1630 1
5560 0
4640 0
1800 1
5700 0
1880 1
5590 0
2360 1
2171 1
2031 1
1671 1
2020 1
1960 1
5840 0
1690 1
5210 0
1790 1
1900 1
1730 1
5270 0
1770 1
2630 1
4800 0
1900 1
1720 1
2290 1
1970 1
1850 1
2110 1
4380 0
1780 1
6280 0
6070 0
5580 0
4111 0
5691 0
1679 1
2000 1
1800 1
1820 1
1760 1
2060 1
4750 0
2360 1
1700 1
2040 1
1820 1
7550 0
1850 1
5390 0
4620 0
1590 1
1410 1
6310 0
5310 0
1540 1
1600 1
5200 0
5011 0
1660 1
5959 0
1930 1
5460 0
2830 1
1900 1
1810 1
6730 0
2050 1
4730 0
4830 0
4730 0
4580 0
2130 1
2150 1
1690 1
4550 0
4910 0
4550 0
2031 1
1820 1
4840 0
1731 1
1849 1
5729 0
4820 0
4580 0
4890 0
5560 0
1760 1
2250 1
1870 1
4650 0
4310 0
1890 1
2020 1
4950 0
4280 0
5930 0
2060 1
5169 0
2889 1
6751 0
5030 0
4720 0
2670 1
2090 1
2540 1
2370 1
4930 0
4620 0
2080 1
4480 0
4330 0
4310 0
4780 0
4490 0
1970 1
4910 0
2290 1
4670 0
5240 0
1511 1
1629 1
1851 1
4239 0
5600 0
1820 1
1760 1
5850 0
4900 0
4570 0
5760 0
1830 1
4100 0
2180 1
1840 1
1830 1
1820 1
1400 1
5570 0
1750 1
4930 0
5059 0
4460 0
4271 0
1660 1
4989 0
4510 0
1640 1
4850 0
1780 1
6200 0
1910 1
1650 1
4740 0
1540 1
5650 0
4630 0
2330 1
4790 0
1880 1
4890 0
1570 1
4659 0
5680 0
1700 1
5400 0
5270 0
1760 1
2030 1
1540 1
5480 0
4480 0
12960 0
1550 1
2060 1
4530 0
4270 0
5030 0
4510 0
1950 1
4620 0
2080 1
2259 1
2000 1
4469 0
4589 0
4289 0
5540 0
1860 1
1930 1
1470 1
6420 0
3070 1
1870 1
4710 0
1800 1
5200 0
1890 1
1670 1
5780 0
6770 0
2150 1
5580 0
2070 1
2509 1
1991 1
5909 0
4871 0
4639 0
1780 1
5380 0
1830 1
4270 0
2010 1
2010 1
4530 0
1720 1
4420 0
5610 0
2120 1
2090 1
2270 1
2100 1
4420 0
1900 1
4730 0
6090 0
1779 1
4660 0
4760 0
4820 0
1629 1
1770 1
2140 1
1750 1
1990 1
2250 1
1850 1
5640 0
1700 1
2080 1
1510 1
4510 0
5270 0
2200 1
5780 0
1740 1
1650 1
4670 0
1610 1
1920 1
4960 0
1950 1
1609 1
1800 1
5440 0
1809 1
1740 1
1671 1
5309 0
2200 1
4920 0
1810 1
1550 1
1850 1
1880 1
1880 1
5030 0
4460 0
1860 1
1600 1
1810 1
4920 0
4490 0
6630 0
1900 1
5910 0
5400 0
4829 0
1911 1
4131 0
1749 1
1731 1
5200 0
1850 1
5040 0
5600 0
1690 1
1790 1
1720 1
1570 1
1880 1
4980 0
2190 1
2170 1
2340 1
1860 1
1990 1
4510 0
5700 0
4820 0
4169 0
5291 0
4160 0
1920 1
5580 0
4320 0
4520 0
5480 0
6110 0
5610 0
5750 0
1910 1
4970 0
1390 1
5340 0
4840 0
1900 1
2410 1
4590 0
4350 0
5220 0
4560 0
1980 1
1891 1
4999 0
4480 0
4310 0
4250 0
2220 1
1850 1
5470 0
4900 0
4700 0
5010 0
1990 1
4660 0
4610 0
4440 0
1710 1
1840 1
4489 0
1980 1
4900 0
2300 1
6429 0
4980 0
5380 0
4550 0
4500 0
2210 1
1960 1
4710 0
2150 1
1910 1
4770 0
4460 0
1770 1
4760 0
1850 1
1800 1
2070 1
2010 1
4960 0
1709 1
5051 0
1889 1
4571 0
4880 0
4920 0
4060 0
4690 0
4700 0
1510 1
1730 1
1770 1
4180 0
1840 1
5160 0
1840 1
4230 0
1820 1
4820 0
1810 1
4100 0
6100 0
4650 0
1860 1
4900 0
1791 1
5349 0
1889 1
4410 0
2140 1
2150 1
1940 1
1960 1
4670 0
5250 0
2090 1
4490 0
2150 1
1770 1
4690 0
1830 1
4090 0
4470 0
1770 1
4620 0
4629 0
2729 1
2009 1
5520 0
4649 0
12459 0
2310 1
4920 0
4880 0
5150 0
5010 0
4750 0
1780 1
1740 1
2300 1
4440 0
1600 1
4920 0
5100 0
2229 1
1991 1
2069 1
5511 0
2080 1
2020 1
4490 0
4310 0
1690 1
5580 0
4500 0
4610 0
4500 0
4730 0
2030 1
4310 0
1770 1
1960 1
5210 0
5400 0
1730 1
4620 0
1819 1
1720 1
4269 0
4191 0
1869 1
5070 0
4230 0
4430 0
6070 0
5900 0
4400 0
5200 0
5460 0
1830 1
2200 1
5130 0
1870 1
1730 1
1500 1
1900 1
5190 0
4329 0
4011 0
2229 1
4480 0
1860 1
5760 0
1830 1
1710 1
1610 1
2110 1
1620 1
5610 0
1530 1
4090 0
1610 1
4700 0
4560 0
4330 0
2220 1
5140 0
4710 0
5640 0
1930 1
1840 1
1860 1
1880 1
1760 1
4889 0
1640 1
4891 0
2120 1
5050 0
2210 1
1510 1
1820 1
1940 1
5990 0
4630 0
4720 0
4520 0
4730 0
4550 0
1830 1
1580 1
4360 0
4250 0
2310 1
1810 1
1900 1
4780 0
1869 1
5520 0
4600 0
1590 1
4320 0
1840 1
1840 1
4960 0
4140 0
1870 1
2180 1
2250 1
1770 1
5820 0
1900 1
4490 0
1800 1
4740 0
5290 0
5280 0
2570 1
5080 0
3891 0
4769 0
1989 1
2030 1
1540 1
4340 0
5070 0
4310 0
1740 1
2220 1
4370 0
1680 1
4550 0
4990 0
4950 0
1650 1
1940 1
2190 1
2330 1
4760 0
5300 0
1560 1
4600 0
4480 0
1860 1
4311 0
4659 0
4340 0
4680 0
1540 1
4540 0
4960 0
6230 0
4010 0
5150 0
4900 0
1740 1
1660 1
2250 1
5010 0
4360 0
1600 1
6210 0
1900 1
7071 0
1680 1
4259 0
4380 0
1750 1
1770 1
1620 1
1630 1
7120 0
5510 0
1570 1
4550 0
1800 1
5030 0
1510 1
1590 1
5320 0
4730 0
2260 1
4950 0
2089 1
5289 0
2591 1
5371 0
2120 1
4390 0
5110 0
4690 0
4670 0
1790 1
4380 0
1780 1
4410 0
4760 0
1650 1
1760 1
6330 0
5230 0
2560 1
1970 1
2270 1
1740 1
4880 0
4820 0
4240 0
5090 0
4850 0
4960 0
1730 1
5240 0
1640 1
5780 0
2170 1
2140 1
5360 0
5760 0
1840 1
4670 0
4390 0
4550 0
2480 1
5139 0
5420 0
4780 0
2549 1
10520 0
2170 1
1860 1
1680 1
4450 0
4180 0
1640 1
4860 0
1890 1
1880 1
2120 1
1900 1
4850 0
1780 1
1910 1
2910 1
1930 1
2200 1
1620 1
1750 1
1750 1
5730 0
1829 1
5220 0
1951 1
1929 1
2529 1
2450 1
1750 1
1930 1
5550 0
2270 1
5680 0
2270 1
2000 1
2170 1
1650 1
4490 0
2200 1
5980 0
2060 1
1830 1
5240 0
1880 1
1830 1
2440 1
4319 0
2191 1
2109 1
1700 1
1691 1
4749 0
1969 1
1840 1
4760 0
4490 0
5250 0
5490 0
4130 0
4680 0
2100 1
4470 0
1800 1
5060 0
5190 0
2680 1
4850 0
4700 0
4369 0
1760 1
1700 1
2340 1
4420 0
1900 1
1600 1
5300 0
2170 1
2030 1
4870 0
4590 0
6050 0
5230 0
4410 0
2230 1
2060 1
4610 0
4950 0
5540 0
5130 0
1780 1
1840 1
2471 1
6751 0
2009 1
4591 0
1940 1
1860 1
4680 0
1720 1
2140 1
2010 1
2040 1
5210 0
4550 0
1800 1
4930 0
1810 1
2180 1
5130 0
4650 0
5620 0
5030 0
2030 1
1769 1
4929 0
2231 1
4671 0
1811 1
4749 0
2190 1
1770 1
5790 0
1880 1
1960 1
2050 1
4910 0
4620 0
4510 0
5000 0
5540 0
1760 1
5900 0
2450 1
2000 1
4870 0
4369 0
3920 0
4580 0
4340 0
4930 0
4610 0
1770 1
4070 0
2160 1
1880 1
4700 0
1720 1
4470 0
1540 1
2020 1
4240 0
3980 0
2130 1
1840 1
5060 0
2230 1
1780 1
1780 1
4390 0
2389 1
1531 1
5869 0
4820 0
1500 1
4790 0
1840 1
4330 0
4790 0
2350 1
5090 0
1880 1
7260 0
5020 0
5240 0
1770 1
2160 1
1850 1
4840 0
1720 1
5340 0
1830 1
2109 1
1520 1
1780 1
1720 1
5520 0
2149 1
2171 1
2200 1
4620 0
1650 1
2460 1
4350 0
1750 1
4220 0
4970 0
4350 0
4230 0
4650 0
1710 1
4210 0
1970 1
4930 0
1930 1
2160 1
1900 1
1890 1
4780 0
4500 0
4680 0
4320 0
1850 1
5830 0
4550 0
2000 1
1990 1
4700 0
4270 0
1940 1
4700 0
1790 1
4800 0
2070 1
4850 0
5310 0
1960 1
4550 0
4660 0
4440 0
4869 0
1629 1
5311 0
5030 0
4350 0
2120 1
2190 1
5210 0
4620 0
4580 0
4270 0
1920 1
2230 1
4760 0
1760 1
2180 1
4460 0
1880 1
4840 0
2020 1
11540 0
1780 1
5131 0
1989 1
5460 0
2240 1
2330 1
6800 0
5060 0
1980 1
2250 1
4540 0
2240 1
1910 1
1900 1
1540 1
4520 0
5230 0
5770 0
1670 1
5650 0
4560 0
4760 0
2091 1
1840 1
1709 1
4729 0
1820 1
1880 1
4520 0
1930 1
4810 0
2030 1
1930 1
4420 0
1740 1
1970 1
4550 0
1840 1
4290 0
1730 1
4330 0
5030 0
4210 0
2300 1
1820 1
1680 1
4840 0
4640 0
1740 1
1449 1
4560 0
1900 1
2100 1
4820 0
5140 0
1670 1
1690 1
4520 0
4680 0
2090 1
4620 0
5080 0
1760 1
1620 1
4800 0
1710 1
5320 0
2029 1
4891 0
2769 1
2011 1
1769 1
2000 1
1951 1
1849 1
2430 1
1700 1
1800 1
2060 1
1870 1
1720 1
2060 1
4620 0
4630 0
1680 1
2050 1
1920 1
5370 0
4700 0
1560 1
1610 1
1890 1
1720 1
4890 0
1500 1
4819 0
1660 1
1620 1
1880 1
1891 1
1871 1
4480 0
1651 1
1580 1
4280 0
1960 1
2030 1
4880 0
1990 1
4710 0
1860 1
4860 0
1730 1
2160 1
5080 0
1770 1
2340 1
4460 0
1930 1
2100 1
4290 0
1880 1
4490 0
2000 1
4840 0
1649 1
4640 0
5190 0
1820 1
1820 1
4230 0
5220 0
4880 0
4790 0
1800 1
1970 1
4970 0
1600 1
1590 1
1700 1
4610 0
1630 1
1750 1
1960 1
1990 1
5340 0
6009 0
4520 0
4731 0
4580 0
1549 1
1600 1
1400 1
1660 1
1850 1
5520 0
5290 0
1640 1
4790 0
1990 1
4330 0
4290 0
5520 0
4300 0
1850 1
1980 1
1550 1
1840 1
4990 0
1739 1
1700 1
1780 1
4620 0
2271 1
4609 0
1930 1
2040 1
2100 1
1380 1
1400 1
1350 1
4440 0
5340 0
1970 1
4480 0
4970 0
1660 1
1690 1
5010 0
5520 0
1830 1
2070 1
4280 0
4520 0
1690 1
4299 0
2000 1
5231 0
1820 1
4590 0
5020 0
2000 1
1830 1
5730 0
1790 1
1690 1
4810 0
4440 0
4460 0
1580 1
5920 0
4780 0
1560 1
1830 1
1830 1
4900 0
1740 1
1870 1
1499 1
5071 0
4151 0
4360 0
5540 0
1620 1
1930 1
4870 0
5160 0
1720 1
1830 1
5580 0
4920 0
1920 1
4640 0
1810 1
5460 0
1930 1
1940 1
1840 1
4630 0
4430 0
2160 1
4520 0
1580 1
2140 1
2040 1
5289 0
1820 1
4780 0
2050 1
2320 1
4590 0
5790 0
1980 1
5100 0
2080 1
2060 1
1960 1
4770 0
4370 0
1630 1
1810 1
5120 0
14149 0
5189 0
1860 1
5080 0
4730 0
4970 0
4470 0
4910 0
1840 1
5330 0
2050 1
5270 0
4910 0
4480 0
1830 1
5880 0
1920 1
4450 0
4120 0
1789 1
6589 0
2571 1
1980 1
1791 1
2509 1
1770 1
2200 1
1790 1
1580 1
4720 0
4660 0
1970 1
5420 0
4500 0
5330 0
4740 0
4680 0
4490 0
1820 1
4310 0
1840 1
4820 0
4791 0
1800 1
4500 0
4760 0
1920 1
4240 0
1840 1
2010 1
2090 1
2340 1
1830 1
5360 0
4500 0
1890 1
4700 0
2130 1
4400 0
4230 0
1840 1
2270 1
5050 0
4620 0
1720 1
4539 0
1700 1
2020 1
1909 1
1740 1
4500 0
1920 1
1789 1
1870 1
5560 0
5330 0
4670 0
1700 1
4860 0
4480 0
5040 0
2100 1
1920 1
1750 1
4410 0
4950 0
1740 1
4440 0
5390 0
5329 0
1849 1
1880 1
4760 0
1771 1
5589 0
4810 0
4490 0
1850 1
4590 0
4900 0
1820 1
1630 1
4530 0
4900 0
2150 1
5710 0
1980 1
1880 1
1830 1
4860 0
1960 1
2240 1
5909 0
4560 0
1969 1
5031 0
2020 1
1890 1
1810 1
1770 1
1840 1
4140 0
2230 1
1970 1
3650 1
5730 0
2120 1
1790 1
2040 1
3250 1
1750 1
4690 0
1820 1
2000 1
5210 0
5030 0
1950 1
1940 1
2229 1
2191 1
4371 0
1691 1
5500 0
5020 0
1910 1
4770 0
4850 0
4860 0
5500 0
2210 1
2210 1
4800 0
4840 0
1850 1
1920 1
4720 0
4640 0
1910 1
1990 1
1820 1
5009 0
1920 1
6300 0
1760 1
2180 1
4540 0
1850 1
1700 1
1800 1
2020 1
5190 0
1590 1
1890 1
2180 1
5320 0
2310 1
4590 0
2240 1
2040 1
4900 0
4200 0
1620 1
1590 1
5510 0
1730 1
4309 0
4631 0
1831 1
4649 0
1860 1
5230 0
4790 0
4530 0
5290 0
4440 0
2030 1
4520 0
1560 1
1960 1
4380 0
1790 1
1860 1
4460 0
1820 1
5080 0
5800 0
4630 0
5149 0
4791 0
1689 1
4500 0
1680 1
4970 0
5320 0
2250 1
1880 1
5980 0
5240 0
5110 0
5480 0
6210 0
5500 0
1870 1
1810 1
4970 0
4480 0
1580 1
1951 1
2149 1
5351 0
4611 0
4940 0
1930 1
5090 0
4560 0
1720 1
1890 1
1830 1
4670 0
2350 1
1470 1
4660 0
1760 1
27840 1
1550 1
1891 1
20978543 0
49004618 0
1998178 1
17001925 0
6820 0
1760 1
1810 1
2050 1
5940 0
5720 0
1889 1
5809 0
5860 0
5609 0
5960 0
1840 1
5110 0
5040 0
1640 1
1660 1
2220 1
4890 0
2000 1
1570 1
5110 0
1450 1
1630 1
1500 1
1750 1
5000 0
5710 0
5309 0
1991 1
1800 1
6069 0
5230 0
1970 1
2700 1
4950 0
1530 1
4970 0
2330 1
5390 0
5910 0
1850 1
1660 1
6330 0
5260 0
2280 1
5950 0
5020 0
1740 1
4799 0
4331 0
5311 0
1669 1
2280 1
1910 1
2260 1
2170 1
5200 0
2230 1
2350 1
5330 0
2210 1
4640 0
2620 1
1800 1
4280 0
5510 0
4980 0
1590 1
2020 1
1840 1
5240 0
4730 0
1909 1
5180 0
5451 0
5159 0
1730 1
4740 0
1890 1
5640 0
5200 0
1920 1
2240 1
1950 1
2300 1
4990 0
5340 0
2030 1
5470 0
5840 0
1610 1
1460 1
2070 1
5519 0
1931 1
6220 0
1769 1
6280 0
5390 0
1910 1
5360 0
1740 1
5460 0
1880 1
2040 1
4550 0
4890 0
1520 1
2020 1
1910 1
5020 0
1660 1
1830 1
2210 1
1960 1
1670 1
5429 0
1829 1
4900 0
5311 0
5280 0
5100 0
4640 0
4830 0
1920 1
6040 0
4640 0
1950 1
5700 0
2120 1
5500 0
4520 0
2200 1
5110 0
5300 0
5170 0
5069 0
1720 1
1911 1
2520 1
5309 0
4520 0
2140 1
1940 1
1880 1
2290 1
2240 1
5740 0
2100 1
5120 0
5200 0
1840 1
5480 0
5330 0
2210 1
4900 0
4660 0
5999 0
1829 1
4960 0
1960 1
5600 0
2050 1
5470 0
1860 1
1640 1
5170 0
1560 1
4590 0
1850 1
2010 1
1860 1
4570 0
4460 0
1610 1
4550 0
1730 1
2260 1
4740 0
5220 0
5530 0
3200 1
1880 1
5171 0
1689 1
1951 1
2179 1
5180 0
1740 1
4610 0
5650 0
5320 0
5110 0
5210 0
2520 1
1880 1
5090 0
1830 1
1850 1
1600 1
5840 0
4950 0
4740 0
4969 0
1731 1
1520 1
5789 0
1550 1
4820 0
4970 0
1440 1
4720 0
1560 1
1740 1
2000 1
5800 0
4680 0
5420 0
1950 1
1630 1
1680 1
5020 0
4730 0
1480 1
1760 1
5150 0
5229 0
1380 1
4640 0
1920 1
2120 1
4670 0
22310 1
2010 1
2190 1
1580 1
1880 1
4610 0
1620 1
1400 1
5590 0
5470 0
6070 0
1450 1
1800 1
2400 1
5011 0
1820 1
5311 0
1751 1
5930 0
1970 1
5510 0
1790 1
5220 0
1800 1
2060 1
1940 1
2130 1
5280 0
2210 1
1800 1
4840 0
5070 0
5400 0
5340 0
4880 0
1909 1
1871 1
5260 0
2149 1
1531 1
1649 1
5000 0
4660 0
5270 0
5580 0
2020 1
2850 1
5660 0
4860 0
4990 0
1970 1
1650 1
2220 1
1740 1
1830 1
5030 0
4939 0
1711 1
4449 0
4611 0
4840 0
5319 0
5540 0
5500 0
4920 0
4950 0
4760 0
1950 1
2380 1
5080 0
1930 1
1700 1
2110 1
5390 0
4890 0
1790 1
2280 1
1580 1
5171 0
5300 0
5069 0
1540 1
1670 1
1540 1
4960 0
2100 1
4970 0
5220 0
1880 1
1380 1
1620 1
1360 1
1970 1
4440 0
5290 0
4490 0
4790 0
1410 1
1890 1
1690 1
1750 1
4280 0
5171 0
4940 0
4909 0
4790 0
1870 1
4380 0
4720 0
1740 1
1770 1
5170 0
1840 1
5440 0
4420 0
1700 1
4860 0
2060 1
4540 0
5050 0
1690 1
1580 1
1720 1
1370 1
1990 1
6160 0
1671 1
5380 0
5219 0
5320 0
2070 1
1500 1
1770 1
2110 1
4460 0
1280 1
1920 1
1900 1
5000 0
1710 1
1730 1
1750 1
4990 0
4740 0
1810 1
1540 1
1690 1
5480 0
1840 1
5689 0
5671 0
1680 1
5091 0
4679 0
5170 0
5700 0
2360 1
5810 0
2080 1
5060 0
4990 0
4970 0
1740 1
5030 0
4300 0
2630 1
5170 0
1740 1
1839 1
2200 1
1909 1
5669 0
4580 0
1651 1
5719 0
1550 1
5780 0
4910 0
1700 1
5170 0
4560 0
5350 0
1820 1
1550 1
4300 0
4810 0
1870 1
4810 0
2080 1
1630 1
1850 1
4440 0
1520 1
1591 1
1600 1
4889 0
2040 1
2029 1
4770 0
2200 1
1840 1
5120 0
4990 0
5530 0
5350 0
1780 1
1810 1
1710 1
1610 1
5870 0
1810 1
2220 1
4730 0
2190 1
1720 1
5059 0
2011 1
1940 1
4731 0
4951 0
6009 0
1700 1
4810 0
1730 1
4900 0
1820 1
1840 1
2440 1
1840 1
1700 1
1550 1
1390 1
4540 0
5310 0
2020 1
4870 0
5260 0
1710 1
1870 1
5379 0
4711 0
6300 0
1591 1
2100 1
13599 0
5030 0
4670 0
5760 0
1840 1
6030 0
1670 1
1870 1
5100 0
2450 1
1810 1
4850 0
4670 0
2080 1
1760 1
1859 1
4480 0
6760 0
1540 1
1571 1
4529 0
1940 1
2060 1
4670 0
1660 1
4670 0
5040 0
1560 1
2280 1
1640 1
5370 0
5110 0
4010 0
1910 1
1600 1
5230 0
5380 0
5380 0
2651 1
1689 1
5140 0
4691 0
4459 0
4900 0
5040 0
1450 1
4990 0
1820 1
5360 0
4730 0
4850 0
5230 0
1870 1
4610 0
2300 1
5100 0
2200 1
1949 1
1860 1
5069 0
2411 1
1980 1
1729 1
1720 1
1830 1
5610 0
1500 1
1660 1
4650 0
1590 1
1790 1
2160 1
5600 0
1570 1
1610 1
4680 0
1570 1
4790 0
5500 0
4550 0
2080 1
4510 0
4239 0
4920 0
1560 1
4729 0
4871 0
4860 0
1950 1
1690 1
4750 0
4510 0
5100 0
4650 0
5170 0
1670 1
5000 0
5600 0
1930 1
2360 1
2120 1
1650 1
1610 1
1640 1
1790 1
2209 1
1940 1
1931 1
5411 0
4909 0
4900 0
2340 1
1870 1
5470 0
1790 1
2050 1
4890 0
4260 0
5010 0
1690 1
5210 0
4470 0
4120 0
1790 1
2050 1
1430 1
1760 1
2050 1
1810 1
1720 1
5419 0
1620 1
2000 1
1629 1
4969 0
1460 1
1859 1
4990 0
1790 1
2140 1
5400 0
1770 1
4800 0
4900 0
2020 1
1490 1
1830 1
4790 0
1790 1
4750 0
1510 1
5340 0
5770 0
1590 1
1790 1
4489 0
1920 1
4960 0
1911 1
2529 1
4559 0
4580 0
1960 1
2390 1
5150 0
1870 1
1980 1
4890 0
5220 0
1680 1
1850 1
2380 1
1860 1
1780 1
1740 1
1480 1
4670 0
1890 1
2300 1
2070 1
4290 0
4800 0
1740 1
1971 1
5040 0
1871 1
1880 1
1790 1
4510 0
4740 0
5100 0
2190 1
1860 1
1720 1
1870 1
1810 1
5110 0
5060 0
1750 1
5120 0
4860 0
5900 0
5190 0
4819 0
2111 1
5389 0
6180 0
5010 0
2300 1
5200 0
152089 0
10199 0
4409 0
4589 0
1750 1
1750 1
2390 1
1850 1
5320 0
1810 1
4460 0
1700 1
1720 1
4900 0
1730 1
5850 0
4670 0
2290 1
4710 0
1950 1
1960 1
1950 1
5240 0
4510 0
2389 1
1980 1
1960 1
5820 0
1860 1
1600 1
5200 0
5480 0
1710 1
4840 0
4220 0
1800 1
1900 1
5500 0
4970 0
1670 1
1780 1
2610 1
5130 0
2000 1
5410 0
4559 0
5140 0
1551 1
1820 1
4871 0
4419 0
4770 0
4900 0
1800 1
5440 0
4600 0
1960 1
1750 1
1860 1
5180 0
5690 0
5000 0
4440 0
1950 1
4770 0
4670 0
1920 1
4920 0
1909 1
1980 1
1989 1
1771 1
1829 1
5320 0
2040 1
1490 1
2150 1
2180 1
5440 0
1630 1
2010 1
5560 0
4630 0
1470 1
1500 1
1680 1
5210 0
4910 0
2130 1
1610 1
1540 1
5730 0
5200 0
1620 1
4660 0
1900 1
1809 1
6610 0
4940 0
6110 0
1650 1
1750 1
5230 0
1620 1
2360 1
1780 1
1850 1
2030 1
1870 1
4640 0
4610 0
5190 0
1940 1
5050 0
5519 0
4729 0
4720 0
1509 1
2251 1
2050 1
4580 0
1730 1
1810 1
1690 1
5850 0
1730 1
1910 1
5640 0
2140 1
5020 0
1960 1
1420 1
1940 1
5640 0
1820 1
4710 0
4860 0
1540 1
5180 0
1609 1
1560 1
2411 1
1680 1
5049 0
1920 1
5690 0
1910 1
2100 1
5440 0
4340 0
5370 0
1680 1
5330 0
1550 1
4520 0
4050 0
1890 1
1710 1
1870 1
4910 0
5860 0
4850 0
4480 0
1831 1
1489 1
1631 1
1880 1
4389 0
2120 1
5230 0
5220 0
1970 1
4710 0
4650 0
1770 1
5340 0
5070 0
1660 1
4950 0
1900 1
1990 1
5050 0
5470 0
1569 1
1700 1
4651 0
2060 1
1840 1
1980 1
1840 1
4700 0
2150 1
5220 0
1690 1
5300 0
1650 1
1810 1
5240 0
4730 0
5350 0
1680 1
5100 0
5030 0
4220 0
1840 1
5020 0
2210 1
4900 0
1980 1
5371 0
5319 0
5200 0
4980 0
4750 0
4660 0
1730 1
2000 1
5070 0
1620 1
1490 1
4930 0
1890 1
2190 1
1590 1
5320 0
1700 1
5280 0
1990 1
1890 1
1829 1
2049 1
1609 1
1740 1
5351 0
2309 1
5670 0
1860 1
1590 1
4270 0
1810 1
5220 0
4880 0
2050 1
4920 0
1770 1
5000 0
5010 0
1570 1
1600 1
4480 0
12019 0
4589 0
2080 1
5220 0
1711 1
5350 0
2020 1
5060 0
1800 1
4500 0
1470 1
5160 0
5080 0
1620 1
1830 1
1840 1
2030 1
1810 1
4610 0
1940 1
4730 0
4480 0
2020 1
2200 1
1890 1
1869 1
5371 0
5309 0
1920 1
1660 1
4680 0
4650 0
4880 0
5010 0
4710 0
1490 1
4680 0
1410 1
5000 0
5510 0
4910 0
1550 1
1810 1
5090 0
1970 1
2180 1
2320 1
4749 0
4749 0
1691 1
5649 0
5060 0
2050 1
1690 1
4820 0
1600 1
4120 0
4840 0
4880 0
1850 1
2110 1
1890 1
4840 0
2380 1
4550 0
1580 1
4760 0
2010 1
1830 1
4740 0
1750 1
1829 1
5369 0
2069 1
2231 1
5189 0
5630 0
4780 0
4550 0
2010 1
1980 1
2000 1
1540 1
4620 0
4950 0
1950 1
5250 0
1500 1
5660 0
5430 0
5130 0
1840 1
1999 1
1560 1
1851 1
5400 0
4731 0
5160 0
5390 0
4800 0
5390 0
4590 0
4760 0
5590 0
2050 1
2830 1
4500 0
1870 1
5270 0
4390 0
4760 0
4739 0
5260 0
1660 1
4660 0
1480 1
1980 1
1770 1
2070 1
5020 0
4860 0
1790 1
2060 1
1800 1
5620 0
2010 1
5320 0
1920 1
5110 0
4200 0
5050 0
1860 1
2090 1
4930 0
1880 1
5279 0
1729 1
1691 1
2089 1
1711 1
1671 1
5010 0
4710 0
1840 1
5070 0
4960 0
1920 1
1740 1
4840 0
1610 1
4540 0
1620 1
2050 1
1810 1
4400 0
4560 0
2230 1
1630 1
4430 0
5200 0
1829 1
4900 0
5331 0
3949 0
4730 0
4710 0
1720 1
5470 0
1910 1
5220 0
2020 1
2070 1
4950 0
4570 0
2120 1
5270 0
5040 0
4760 0
1860 1
4220 0
4330 0
1489 1
5391 0
1840 1
5151 0
4779 0
5750 0
4650 0
5030 0
1610 1
2080 1
1880 1
1850 1
2070 1
1890 1
5070 0
4770 0
1730 1
1910 1
5110 0
1880 1
4480 0
1620 1
2300 1
1839 1
5220 0
1600 1
1789 1
1751 1
4909 0
1830 1
5420 0
4500 0
1600 1
5630 0
2000 1
1960 1
4500 0
2040 1
1660 1
5720 0
4570 0
1820 1
1350 1
4990 0
1880 1
4930 0
1290 1
2090 1
1779 1
4891 0
2011 1
2149 1
2151 1
5189 0
4900 0
1720 1
1690 1
4380 0
4580 0
4490 0
1600 1
4970 0
1520 1
5620 0
1710 1
7660 1
4930 0
4430 0
4620 0
1740 1
4989 0
4720 0
5500 0
1800 1
5029 0
4640 0
2080 1
1480 1
2010 1
2120 1
1590 1
4820 0
1740 1
5570 0
1800 1
5510 0
4540 0
4820 0
4410 0
1830 1
4650 0
1970 1
1780 1
4809 0
5111 0
4880 0
1760 1
5050 0
4650 0
2830 1
2070 1
5010 0
1880 1
2520 1
4820 0
4890 0
1840 1
4870 0
4640 0
1700 1
1630 1
1610 1
1990 1
5240 0
1710 1
1860 1
5750 0
1709 1
4089 0
1860 1
4971 0
1790 1
4520 0
5370 0
1700 1
5470 0
4370 0
5280 0
1730 1
2320 1
4470 0
1870 1
4770 0
4760 0
5900 0
4660 0
1600 1
4229 0
1820 1
6160 0
1951 1
5439 0
1430 1
4570 0
1760 1
5440 0
1500 1
5040 0
1870 1
4920 0
1700 1
5690 0
4250 0
1990 1
4390 0
1830 1
1570 1
1880 1
4750 0
2320 1
1610 1
2089 1
5100 0
4720 0
4711 0
4770 0
4810 0
4830 0
1840 1
2020 1
5490 0
4780 0
4540 0
5370 0
2030 1
2140 1
2640 1
4600 0
2100 1
4490 0
4630 0
2220 1
4849 0
1871 1
5380 0
1871 1
5049 0
1720 1
1460 1
5030 0
4640 0
4950 0
5030 0
5170 0
4590 0
5340 0
1580 1
1640 1
4800 0
4660 0
1850 1
2400 1
1760 1
2039 1
5069 0
5171 0
2309 1
4630 0
4100 0
1630 1
4820 0
1880 1
5460 0
4780 0
1640 1
1910 1
1760 1
2070 1
2170 1
1910 1
1600 1
1890 1
1820 1
1940 1
1890 1
1840 1
4430 0
1990 1
1810 1
4649 0
5051 0
4969 0
5040 0
2051 1
4459 0
5240 0
1940 1
5770 0
4830 0
4730 0
4290 0
1990 1
1860 1
2070 1
1640 1
5330 0
1920 1
1920 1
1920 1
5440 0
4590 0
4670 0
1520 1
2140 1
4931 0
1780 1
5430 0
4460 0
5200 0
1680 1
1540 1
1970 1
1410 1
5120 0
4990 0
2080 1
1660 1
4920 0
1630 1
2090 1
4530 0
1930 1
1660 1
1930 1
1540 1
5890 0
1629 1
1920 1
1380 1
5489 0
4740 0
1809 1
1720 1
1810 1
1350 1
1740 1
4640 0
4910 0
3990 0
4520 0
4940 0
1820 1
4560 0
4730 0
1890 1
2150 1
1660 1
4680 0
5200 0
1900 1
1850 1
4809 0
1669 1
5491 0
1551 1
5020 0
4790 0
1810 1
4640 0
1880 1
1570 1
2820 1
11250 0
4790 0
1780 1
5410 0
2080 1
1890 1
4950 0
1890 1
4570 0
4400 0
4239 0
1760 1
4920 0
1749 1
1700 1
2691 1
2340 1
2340 1
4500 0
1920 1
1800 1
4970 0
1910 1
1940 1
1900 1
5540 0
5210 0
6220 0
2120 1
1890 1
4620 0
5860 0
5220 0
1820 1
4649 0
1860 1
4960 0
2180 1
2209 1
1740 1
1560 1
2190 1
5520 0
4440 0
5090 0
2000 1
3910 0
2090 1
4940 0
5000 0
1690 1
5570 0
1680 1
4650 0
1830 1
2210 1
1950 1
5199 0
4600 0
5111 0
4589 0
4780 0
1740 1
5300 0
2200 1
2000 1
1810 1
2030 1
4470 0
5170 0
4850 0
5030 0
4200 0
1690 1
1900 1
2200 1
1630 1
5170 0
1660 1
1620 1
4420 0
4400 0
4949 0
1880 1
4539 0
4960 0
5480 0
1700 1
1760 1
4910 0
5390 0
1650 1
4560 0
1570 1
4650 0
5110 0
4760 0
4640 0
4310 0
1859 1
2171 1
5009 0
1800 1
2151 1
4760 0
4930 0
4680 0
1870 1
1790 1
2260 1
4410 0
4340 0
4790 0
4500 0
2190 1
1960 1
1680 1
5150 0
1690 1
4710 0
4920 0
4050 0
1799 1
5471 0
4780 0
1911 1
4200 0
1540 1
1560 1
1700 1
1860 1
2140 1
5220 0
1920 1
4760 0
1780 1
1700 1
1730 1
5200 0
4820 0
4970 0
4770 0
1870 1
4870 0
1690 1
2060 1
2060 1
4511 0
1860 1
4580 0
4680 0
1820 1
5210 0
1750 1
2220 1
4770 0
4980 0
2270 1
2670 1
1970 1
4700 0
1610 1
6000 0
4550 0
5720 0
1730 1
4760 0
1570 1
4819 0
4571 0
2280 1
1789 1
4940 0
5169 0
1790 1
2160 1
4840 0
2390 1
2190 1
2060 1
1890 1
4860 0
5080 0
5550 0
1990 1
1820 1
1720 1
4600 0
4780 0
4960 0
2440 1
2060 1
2000 1
1820 1
4540 0
4780 0
4430 0
4360 0
1470 1
4800 0
1590 1
4630 0
4550 0
2280 1
4490 0
2090 1
4460 0
2370 1
5030 0
4420 0
4830 0
4930 0
4679 0
1720 1
1620 1
1720 1
1451 1
2200 1
4420 0
1939 1
4710 0
5040 0
5560 0
1770 1
1660 1
2090 1
4490 0
1860 1
4560 0
4340 0
1350 1
1520 1
1540 1
1770 1
4430 0
5210 0
1890 1
4140 0
4491 0
4611 0
1700 1
5140 0
4660 0
1570 1
5150 0
2170 1
4130 0
1910 1
4410 0
5090 0
1840 1
1890 1
5540 0
1940 1
5030 0
4810 0
1620 1
