73040 0
36220 0
36510 0
33540 1
33299 1
32330 0
35450 0
33050 1
33729 1
31280 0
33670 1
42610 0
33060 1
33359 1
32780 0
32680 0
36299 0
35050 1
35290 1
36000 0
35310 0
34630 0
31020 1
34500 0
33259 0
33009 0
31580 1
33430 1
33709 0
33380 1
33890 1
34109 0
35460 0
33760 0
35090 0
38300 1
35680 0
34479 1
32020 0
33960 0
42810 0
32880 1
33659 0
32930 0
32770 0
31369 1
32300 1
33980 0
33959 0
33520 1
34140 1
35379 0
34610 0
34040 1
32619 0
33860 0
32800 0
33419 1
33550 0
33860 0
32429 1
35850 0
34400 0
34359 0
39210 0
35400 1
32739 0
34060 0
34720 1
48139 0
33860 0
33339 1
33060 0
33070 0
32449 1
33090 0
34000 0
33379 1
34300 1
31650 0
34409 1
33070 0
35420 1
31919 0
32680 1
36320 0
33979 0
36520 1
32710 0
33789 0
32620 1
34930 0
32259 1
33970 1
34970 1
33439 1
34540 0
33570 0
32369 0
51890 0
32080 1
33080 0
34700 1
33999 0
35570 0
32600 1
34359 1
33769 1
33660 1
32989 1
34629 0
34590 1
33059 1
34180 0
35850 1
32780 0
35569 0
33590 0
33799 1
34310 1
36090 1
33350 0
32800 0
36440 0
33009 0
33610 0
34160 1
63979 1
31840 1
32929 1
31380 0
32550 1
31670 1
32359 1
31270 1
32169 1
31720 0
32690 1
32049 1
30949 0
32640 0
31320 0
31880 0
31850 0
31910 0
30589 0
33180 0
32250 1
37929 1
46520 1
47429 1
46890 1
46980 1
51579 1
49880 0
56190 0
46109 0
47710 0
47489 0
49780 0
46239 0
49480 0
46570 0
48059 0
45640 1
49159 0
46560 1
47499 1
46460 1
51229 0
49570 0
49539 0
47860 1
45479 1
47870 1
55739 0
48710 1
46489 1
47920 0
46819 0
48200 1
46349 0
50760 0
45620 1
47569 0
47449 1
53290 1
49820 0
50509 0
48750 1
46399 0
50049 0
47220 1
48789 1
45720 0
49070 1
54869 0
48030 0
46609 0
48919 0
46990 1
47780 0
46579 1
50240 1
49989 1
48050 0
48589 1
49610 1
48139 1
46690 1
51679 1
48820 1
47059 1
46910 1
47669 1
46330 0
55309 1
45920 0
48359 0
45770 1
51679 0
50440 1
49089 0
54640 0
48259 0
48170 0
46800 1
47749 1
46679 1
48030 0
47720 0
47390 0
47600 1
49009 1
46630 1
48279 1
48300 1
62729 0
51559 0
51960 0
52419 0
48230 0
47409 0
47050 0
49249 1
46110 0
48609 0
46810 0
48080 0
47649 0
48480 0
47129 0
46970 1
46159 0
49180 0
47109 1
48700 0
65589 0
52280 1
46729 0
48360 1
47279 1
47910 1
46369 0
48460 1
45749 1
48380 1
45629 1
49210 1
49179 0
48860 0
48310 1
49169 1
49530 1
49739 0
51989 1
48190 1
56759 1
47820 0
48029 1
46659 0
47220 1
47049 0
47939 1
46000 1
48920 0
46540 0
48950 1
45299 0
48830 1
47809 1
50940 0
53689 1
46160 0
48349 1
46570 0
48399 0
47790 1
56659 1
47270 1
47979 1
46350 0
48609 1
46860 1
46269 1
48690 0
49740 1
50269 0
49929 1
50979 0
47189 0
48000 1
46870 1
48799 0
46079 1
49360 0
46930 0
47929 0
45760 0
64409 0
46399 1
47779 0
46460 0
49409 0
48720 0
53359 0
51099 1
50550 1
48540 1
46549 0
49230 0
46329 0
47720 0
47439 1
48460 0
47429 1
47190 1
48260 1
47559 0
10078139 0
39930 1
35520 0
33659 0
37470 1
32430 0
33680 0
31870 0
34469 1
32029 0
32050 0
32239 1
35489 1
32150 0
33410 0
33409 1
32640 1
31160 1
34829 1
34600 1
33760 0
34919 0
32040 0
33340 0
32389 1
32940 0
31620 1
31599 0
33090 0
38780 0
31329 0
32720 0
31650 0
32099 0
30860 0
32730 1
34080 0
33209 0
32470 0
32000 0
32889 0
31440 0
33540 0
32269 0
32830 0
31749 0
34220 0
33730 0
33360 1
31990 0
32530 0
31739 1
31789 0
32080 1
32990 1
32140 0
31830 1
32320 0
31050 0
39310 0
32390 0
32429 0
31710 0
32960 1
31819 0
33480 0
30950 0
32839 0
31600 1
33020 0
34499 1
33700 0
32310 0
31149 0
33050 0
31150 0
34369 1
31640 0
32800 1
31120 1
31620 0
32540 0
36769 0
30930 1
32740 1
32190 1
34170 1
34130 1
33290 1
32759 0
39090 1
32269 0
31650 0
32190 0
31439 0
32360 0
32170 1
32389 0
31419 0
32800 0
31929 1
33600 1
32390 0
33830 0
34479 0
35410 1
31729 1
30569 1
34380 1
30919 0
32279 1
32540 1
33119 0
32470 0
32550 0
32009 0
32619 0
31160 0
32340 0
32920 1
42140 1
34480 0
33440 0
32410 1
33580 0
33199 1
30840 0
32939 0
30990 0
32380 0
30310 1
32529 1
31940 1
33160 0
32379 0
32510 0
32100 0
35179 1
33340 0
33760 0
36919 1
32930 1
32430 0
31880 1
33030 1
30620 1
34009 1
31900 0
32980 0
31569 0
38870 1
31000 1
32879 1
32040 0
34740 1
34999 1
33810 1
34000 1
34379 1
33530 1
32050 0
31839 1
31700 1
34570 1
31499 1
32180 0
30760 0
32809 0
30970 1
32720 0
32319 0
33739 1
32030 1
32209 0
34129 0
34920 1
32399 0
33410 0
32140 1
32680 1
31009 1
40220 0
31019 0
33389 1
31820 1
33169 0
31149 0
33090 1
31970 0
32439 1
32300 1
36050 0
36750 1
33210 0
33749 1
31149 1
32620 0
32120 0
33270 1
30920 0
32969 0
31779 0
32820 0
31800 0
33960 1
32010 1
32870 1
33000 1
35620 0
33619 0
31999 0
41170 0
31249 1
31830 1
30820 1
32810 1
32210 0
32200 0
31629 0
33010 1
37460 1
31960 0
33510 0
31960 0
32859 0
34300 0
34360 1
31879 1
32059 1
31550 1
32080 1
30929 0
34250 0
30910 1
32729 1
31330 1
32920 1
30769 0
32890 0
31290 1
32789 0
39580 1
36520 0
33899 0
32380 1
32900 0
31489 0
33270 0
31340 0
33999 1
31720 1
33400 1
33339 0
32700 0
31280 1
32379 1
32290 1
32980 1
34199 0
31890 1
34280 1
32069 1
32750 1
32490 0
32100 1
32310 0
33290 1
30640 1
33150 1
31210 1
32560 1
31480 1
42520 0
30819 0
33059 1
32440 0
33340 1
35149 0
31430 1
32750 0
33980 1
32770 1
30900 1
31860 0
32720 1
32620 0
31200 0
32340 0
32129 0
31679 1
30650 1
34009 1
31989 1
34450 0
34049 0
31469 1
32320 1
31500 0
32609 1
31440 0
33740 1
33459 1
10047670 0
33770 0
36069 0
32399 0
33850 0
32399 0
33629 0
33880 1
33560 1
34259 1
32590 1
33319 1
32140 0
34520 1
32790 0
34239 1
31240 0
32599 1
31570 1
33870 1
32739 0
34119 0
32330 0
33340 0
33939 0
33600 0
32910 0
32500 0
32650 1
32300 0
44300 1
31260 0
34929 1
30849 0
33090 0
31150 0
32690 0
33770 0
33630 1
31420 0
33740 0
35720 1
32659 0
32700 1
31880 0
34300 0
32220 1
32259 0
31629 0
32730 0
32650 1
36909 0
32230 0
32879 1
32559 1
34480 1
32490 1
36569 0
35640 0
40150 0
34260 1
32470 1
33049 0
30859 0
32380 1
32560 1
34249 0
31300 0
33429 0
31879 0
32560 1
31410 0
33199 1
32090 1
34600 1
34559 0
33880 0
34440 0
33640 1
32330 1
32129 1
33659 1
32320 0
33620 0
32249 0
32910 0
32630 1
32619 0
32280 1
33620 1
38169 0
33310 0
34879 1
34599 0
38050 1
33950 1
32400 0
31120 0
32130 1
31909 1
34100 0
32250 0
32990 0
31440 1
33289 1
32029 1
33640 0
32190 0
32799 1
35760 1
33910 0
34310 1
32360 0
33529 1
32649 1
32440 1
31640 0
32069 1
31440 1
34400 0
46279 1
31640 0
31029 1
32689 1
33700 1
32549 0
31729 0
33880 0
35399 1
35039 0
33580 1
32059 0
32109 1
32320 0
31389 0
33760 0
32580 1
32979 1
31179 1
33700 0
32120 0
37889 0
33040 1
32630 0
34179 1
34010 1
33430 1
32280 1
32010 0
39399 0
33479 0
31350 0
33540 1
32450 0
33120 0
31909 0
33179 0
33130 1
34349 0
32649 1
32250 1
33119 0
33480 1
33950 0
32439 0
32510 1
31950 0
32460 1
32219 1
32030 0
31610 0
33159 0
31740 1
34100 1
32009 1
33030 1
32200 1
32429 0
33580 0
34710 1
42129 1
31430 1
35030 0
32769 0
33850 1
32560 1
32549 0
31350 1
33040 0
32989 0
32180 1
31380 1
32819 0
33450 0
32460 1
33749 1
37220 0
34170 1
32309 0
32080 1
31270 1
32859 0
32130 1
32370 1
31979 1
34159 0
32540 1
33739 0
31739 1
33440 0
40889 0
32190 0
35430 0
32649 1
34590 0
32380 0
33559 1
32700 0
32360 1
30749 0
33470 1
32390 1
32120 0
32129 1
32180 1
32229 1
32070 0
32090 1
32380 0
32589 0
33480 1
35379 1
32180 0
32870 0
31970 0
33049 0
32300 0
34429 0
31000 1
32860 0
38209 0
33630 1
31870 0
32480 1
33860 1
32080 0
33079 0
34669 1
32590 0
30880 0
32539 1
32540 0
32070 0
32309 1
32710 0
31230 1
32990 0
31650 0
32970 1
32020 1
32790 1
34139 0
31969 1
33210 0
33180 0
32779 0
31590 1
31830 1
33289 1
32740 1
44130 1
33260 1
31460 0
32419 1
32960 0
34040 0
31300 0
32100 0
32330 0
32180 1
33709 1
34730 0
33190 0
31879 1
31560 0
32570 0
33519 1
30530 1
32910 1
31739 0
32490 1
32140 0
33300 0
31909 1
33010 0
31469 1
34350 0
35460 1
33790 1
34590 0
9066270 0
42419 1
33210 0
33829 0
32779 1
33010 0
33100 1
32679 0
33000 0
32980 0
32619 1
33870 0
31960 1
36289 1
34010 1
34700 1
34349 0
33640 1
34740 0
33859 1
33990 1
32500 1
33420 1
34050 1
34329 1
33449 1
32650 1
32439 1
33639 0
43470 0
35430 0
33510 0
33900 1
34219 0
32799 0
32970 1
31650 0
33849 1
30890 1
32579 0
32319 0
33020 1
31420 0
32339 0
33150 0
32590 0
31739 1
34110 0
34439 0
35049 1
36830 0
36970 0
33459 1
33360 1
33440 0
33230 1
32800 0
31790 0
34020 1
