122718 15
51339 8
47939 8
42130 4
48289 9
42100 4
53469 10
49080 15
45950 14
46719 12
51710 2
47109 8
47830 8
57789 3
52729 4
47300 6
47309 13
48710 7
48169 10
46580 7
46459 4
44730 14
48000 11
47009 1
45029 14
50439 6
44620 7
43209 14
51030 10
48259 14
50779 4
48989 5
50660 9
55379 12
45459 13
44350 6
51269 3
59609 5
46830 8
49259 12
48200 14
47649 8
48449 10
47549 0
44449 12
46579 11
44499 10
48349 5
45969 10
44560 1
48509 10
44940 12
46989 7
46370 9
55449 6
51629 10
48050 14
52979 4
46040 0
45549 0
45800 1
47279 15
39979 13
44610 10
44969 9
45490 14
46719 12
52969 8
47809 8
48230 2
52769 12
46570 4
46780 1
43460 3
48740 11
60769 3
51159 2
44120 1
50349 7
55040 10
51329 0
44010 7
47889 14
46149 8
49580 14
46789 13
49720 2
49529 4
48200 12
49179 1
47419 3
43130 3
45880 14
45610 10
48540 3
48000 8
69609 8
52750 7
48649 0
49019 8
46200 1
48149 2
52010 0
50499 9
47390 15
48149 4
45729 1
48600 2
52549 11
47450 13
48040 4
48169 7
50489 9
52819 14
48740 10
47519 14
65629 2
51190 9
51799 11
48879 14
50060 8
47359 8
47640 11
52429 1
49000 7
48219 11
48639 5
49609 7
47689 10
49800 1
44199 2
47250 0
47249 4
50180 15
48650 4
48059 15
55639 13
49299 11
43100 6
46719 3
46620 1
58000 4
51039 13
47150 6
49049 4
45250 0
49069 8
47090 4
48140 1
47869 0
50320 10
53239 0
65269 15
63239 9
63519 12
81459 12
64539 5
47880 9
45669 6
49109 2
51899 15
50239 1
48100 11
46479 8
51260 12
49859 2
48690 1
50689 14
52759 6
48240 12
50199 4
49470 13
48750 13
48479 6
66129 3
49329 13
51949 2
49179 3
50559 7
48600 8
47929 6
46390 15
49049 11
53639 5
48200 15
48649 5
49390 0
47519 13
50090 12
43450 3
49249 1
49820 12
53449 8
53039 13
116559 5
53850 4
51869 14
54569 9
49700 3
50969 0
52049 0
52240 1
46019 10
51080 11
49469 6
53269 4
50480 2
54069 7
52770 14
50329 7
51189 7
54560 7
69339 9
62279 15
50260 12
53380 14
50739 12
51820 14
51769 1
54369 13
54149 4
49379 3
52070 2
50869 12
54560 8
54440 1
56059 3
58129 10
47439 8
54729 13
49430 5
66229 11
47839 3
48260 2
55309 14
54959 7
52390 5
46929 11
51040 6
54899 4
50289 12
48720 4
54819 15
52940 15
53679 2
51729 10
50169 8
52999 15
54169 1
49460 2
63409 4
51790 11
54279 14
50869 5
54700 7
53549 0
54039 3
49080 2
53329 9
52090 8
51339 8
53430 9
51180 4
54799 12
52130 12
57750 3
52119 6
51420 13
63389 14
56799 2
54530 9
54519 11
47240 3
54310 2
53589 11
50610 4
54849 9
53849 9
49880 0
55629 15
52209 7
53169 0
53819 7
51539 1
52739 10
54389 10
58020 15
68389 15
52669 1
53430 15
55139 8
52159 6
55080 15
59609 10
52719 15
54650 1
48309 7
55670 0
57219 1
61769 13
68779 15
59010 0
53929 7
63009 15
65720 14
63279 14
50189 13
54550 8
52680 6
54239 3
52770 14
45379 8
52490 9
52189 3
54999 8
52340 13
53619 6
51679 1
46270 13
52009 13
53280 12
53359 11
53399 7
60090 5
54219 5
51609 14
50269 11
53339 4
51459 6
54889 13
51569 12
52670 3
53029 1
51780 9
50720 13
52109 7
51840 7
54259 9
57289 4
57480 8
52359 8
58169 3
64360 3
51959 11
49059 6
56850 0
50639 15
46860 0
52599 11
53599 8
48300 9
51129 9
51600 13
53440 14
51139 15
48150 10
48199 1
49750 3
54709 13
55059 10
46380 13
71189 2
58409 8
45160 1
46919 14
52060 9
51159 1
47999 13
53749 11
53909 6
53769 11
55589 2
53199 5
46670 5
52469 10
53210 11
54449 14
52099 6
52230 12
57919 10
112779 15
50589 9
49489 3
50180 12
48069 14
49620 8
49279 7
46350 14
49769 12
49780 2
46830 4
49639 9
45450 0
47909 11
44540 9
48179 1
49280 1
49090 14
47059 12
56449 7
45689 0
45960 9
50639 9
44219 11
45190 7
50569 8
47329 11
48269 6
47180 10
48929 10
50339 2
47240 1
52720 11
50519 7
54299 8
48400 2
49570 13
50659 1
48039 1
46049 11
59750 14
47839 9
43010 7
48300 0
50609 4
48639 7
49039 10
50030 11
49129 9
47359 0
50910 5
50789 8
51010 3
43589 6
49910 10
47519 1
48940 9
47200 14
49849 3
48570 11
62829 0
49159 15
48410 5
48159 6
48160 12
51179 13
51399 13
52589 10
53259 9
49060 9
45449 2
49620 12
46659 3
49049 9
44430 7
63309 6
62029 8
58690 11
45129 8
58540 2
45979 14
61049 13
48280 14
46709 1
60970 0
56049 1
56329 15
47780 14
51969 14
51269 10
49930 6
48979 12
55710 3
46600 4
50820 6
51719 10
47369 3
46460 8
51939 1
60529 15
49429 14
48149 13
51030 14
51449 5
44640 3
50490 11
47250 15
52689 1
56839 2
63120 4
63270 14
58109 6
59109 9
59060 5
53719 15
55249 3
55440 13
64729 5
45699 7
50730 15
47979 10
46800 11
53549 8
52370 10
52670 11
45429 0
47670 15
49389 12
47279 5
42790 14
49169 11
45929 4
43279 3
51700 3
52609 12
48700 2
53849 11
59859 0
54080 3
48809 14
50700 12
50030 8
44579 10
47020 11
45569 14
46720 10
44639 2
50660 12
48439 15
47040 6
49969 15
51579 11
47270 15
52619 7
46360 1
43540 7
48500 14
50080 5
61659 8
50810 5
46759 13
45839 12
49099 7
49059 13
45510 1
47329 2
46520 11
48289 2
48140 3
46779 5
51060 12
51679 10
41499 5
50410 5
50919 0
48080 3
46360 2
45310 2
64680 14
51549 12
43540 13
45889 14
50699 12
56780 7
47799 6
53390 15
51039 7
51690 14
48850 15
47899 6
45410 9
46439 5
49610 10
52219 2
48759 8
49559 6
49069 8
48280 2
72339 10
58149 4
61989 2
45760 12
61769 1
63990 11
58670 10
64429 5
55359 7
63160 0
59959 3
61759 14
62439 5
66380 11
78529 12
61169 1
74579 7
56590 10
56720 4
61369 11
62300 11
60900 4
60139 9
70319 9
62380 12
62510 13
60439 7
60449 6
63459 2
63859 1
58729 1
68289 5
75530 11
61619 13
59709 4
64929 6
66469 15
63609 8
56739 4
60469 9
65940 8
66590 7
66619 15
69709 11
61929 2
64540 1
64759 9
75579 2
55969 4
63580 0
58599 1
63159 7
59329 14
58699 3
61249 13
58119 5
71779 6
60209 13
70729 15
64379 9
58039 6
67990 3
64319 3
88399 1
69009 4
67029 2
71539 4
72900 0
83589 10
80699 4
78509 3
73889 13
80579 14
83509 14
68019 14
78529 6
91769 1
78869 12
74639 13
72599 10
73740 4
62949 1
67679 3
54879 0
63590 0
60369 14
69269 3
63539 1
51809 4
58569 1
59220 10
82279 11
63680 10
66209 9
62249 2
58199 1
58199 15
59969 15
63379 14
65139 1
78829 9
59699 8
72479 12
64559 0
63449 14
61079 3
75529 3
72649 5
64959 10
70909 7
59699 10
61299 6
58970 2
68250 10
65659 9
60959 6
65250 2
60710 5
57379 6
60439 2
53890 15
56149 3
77199 4
63370 4
58699 7
68819 7
70049 7
57679 4
66879 2
62169 0
51939 0
64779 13
63180 1
60289 4
70399 10
64159 8
60469 3
63139 8
82729 0
60749 3
57470 6
59019 14
62989 11
55630 3
59719 1
59589 8
57770 7
57449 6
59719 12
56590 5
71179 14
66069 10
64059 1
59600 2
118028 13
49849 9
51889 14
54629 4
55799 2
57939 10
56509 6
247147 1
68119 3
67239 2
67829 5
65469 10
63119 10
83370 1
63630 5
60769 3
65429 10
65299 13
64289 12
70609 10
70489 11
246297 11
55060 14
63979 6
57329 1
65979 13
53880 7
50059 11
49350 3
60020 15
57649 11
60909 15
57300 11
58559 3
66589 14
71540 13
71199 8
60680 12
62969 5
58690 7
70759 10
78819 13
63799 0
57709 10
51890 13
68369 10
59879 7
67269 2
58910 6
55249 6
56399 3
70690 2
58310 5
67299 12
69819 0
68229 8
54619 13
76969 8
60329 11
61969 7
58560 3
55489 0
61659 9
55100 3
66749 2
56359 2
52270 11
58709 6
55329 11
52370 1
55499 15
56370 6
58799 14
52479 14
49089 0
58990 9
57119 2
49969 15
52769 8
50029 12
53920 1
53819 5
51249 14
52590 12
49289 13
50550 0
52869 13
52579 2
53739 7
52179 14
52850 1
50799 6
49079 12
54109 1
62569 12
50349 12
49299 1
49819 8
55960 8
54659 4
55919 4
45140 14
51289 9
46880 10
55829 4
48470 2
56419 12
51919 10
56549 6
53359 8
44699 4
51010 15
52849 5
64559 14
52360 13
56979 15
57170 14
58349 4
50319 0
51140 5
51910 3
52869 14
54960 13
59349 2
49459 12
51559 0
53499 11
50069 0
50820 1
53899 11
49610 12
66089 13
49999 0
55010 4
45549 0
50710 10
55639 10
48050 2
50880 8
49039 9
50820 13
53749 2
52010 11
45739 1
52329 7
53930 11
52729 11
51490 15
54290 12
48779 5
54199 7
69359 9
56149 10
45640 3
53320 12
47479 3
50490 0
49749 2
53769 1
56200 5
52619 14
58120 9
54710 3
55169 14
48870 7
50629 14
53679 1
55309 2
50479 15
87079 11
60970 12
58409 0
58079 0
58580 14
63390 9
68339 8
67169 3
61059 10
57829 13
56029 1
60219 14
65439 2
56979 2
55969 4
53390 10
81869 10
60849 9
46560 11
50920 2
55379 5
60769 14
56129 5
58549 2
59300 5
62850 10
62259 0
65779 5
68309 9
75160 13
74739 14
67489 13
91069 3
68019 10
55299 8
58250 6
58749 15
56589 8
54980 1
56309 8
58719 7
63799 4
65749 7
59689 6
56880 0
62969 15
64569 10
65179 7
45339 8
66159 12
53139 8
50120 3
51769 10
56879 13
56420 8
60189 4
62059 10
58879 1
57870 1
56429 6
53129 4
59379 7
55699 9
51650 0
52759 10
54479 7
71550 3
56760 13
52889 10
52940 0
56129 12
61019 5
59730 15
53500 10
59939 7
55050 6
54239 9
50819 4
56120 0
53769 6
57679 4
63460 1
50829 15
53089 8
68459 7
52489 13
49049 3
54769 3
59929 0
59809 10
56710 5
52189 12
51129 4
61699 5
57839 4
254637 4
225237 11
49749 11
130078 0
