6190 3
13950 11
4240 12
13100 9
4600 15
7670 9
4349 6
4129 10
6900 1
6370 7
3400 6
4600 7
3750 5
5860 9
4420 0
4230 11
11780 4
5389 3
7879 10
8600 9
5030 11
6890 2
620 8
270 8
4450 4
7830 4
380 8
4940 11
3450 15
13380 12
9850 11
6230 4
7910 11
4890 4
4590 7
3220 6
3500 13
3160 15
4130 4
3120 5
3460 10
3770 4
3771 2
7929 11
6960 6
7960 0
7630 4
4730 2
3730 14
4430 0
4640 1
3330 9
6230 4
8369 2
7150 13
3820 2
4690 1
2370 9
4300 3
3690 6
340 8
6160 7
6940 7
4340 13
6200 7
4320 3
4731 12
4169 5
3140 15
6650 3
4850 9
3930 0
3190 4
4250 11
2990 9
4030 14
3480 1
3840 4
3500 6
3980 13
5730 7
3080 3
3089 5
3440 11
3900 5
4510 1
3130 0
4350 9
4460 13
3370 10
3530 13
4890 12
4590 13
3020 13
3350 0
3800 3
4380 3
3160 12
429 8
3509 1
4519 0
4710 13
4150 10
4040 2
3550 2
3410 14
3300 0
3260 12
3910 1
3570 13
3960 14
3530 1
5790 2
3299 9
3031 5
5409 2
3130 13
2830 4
4940 12
340 8
3500 12
3360 4
3930 0
6250 7
4430 2
14160 3
2350 9
4290 13
4180 13
3740 11
4130 4
3180 13
3960 11
330 8
3230 12
3380 11
3700 2
3500 15
3380 11
4110 5
8780 1
4140 10
3780 12
3030 10
3460 12
240 8
4140 10
3860 10
2730 4
4670 1
3390 14
2300 9
3350 12
3900 6
2970 12
3180 2
5950 1
3740 3
3450 2
3690 14
4400 7
3390 2
3809 15
4911 14
5029 1
8420 1
5160 7
3120 13
3820 9
3150 6
3650 13
3590 0
3240 6
3090 1
4690 12
3150 2
2910 6
3500 7
3969 15
4370 1
3400 13
4440 4
4730 2
2830 2
3380 1
4700 9
3070 7
3570 10
3020 12
4560 14
5470 13
2930 11
5790 0
3760 1
320 8
3290 13
5579 11
3380 9
2620 9
3520 4
5880 13
4380 11
4780 10
3230 2
4390 15
4090 7
3400 14
4210 0
3540 0
350 8
4920 1
3340 5
3300 0
3360 12
3800 9
3489 12
3340 10
4489 11
3880 1
4270 13
3840 3
2910 5
2890 3
3810 12
3640 12
3830 11
3140 4
5400 7
4280 4
4169 0
3611 14
4391 5
4520 12
3160 12
3200 5
3110 3
4570 14
3730 13
3990 2
3320 10
3650 10
3780 1
300 8
3030 15
2930 4
4190 3
3180 6
3490 14
3340 1
3751 13
3000 14
2989 4
4050 13
3210 10
250 8
3350 12
5230 13
6060 9
3140 6
3570 11
5310 5
2880 2
280 8
3280 9
3850 15
4159 7
3460 1
3460 12
5120 15
2949 15
3650 3
240 8
1980 9
4330 0
3360 2
2890 11
3370 2
4070 4
4830 15
4240 6
3260 0
7150 9
310 8
3439 12
3011 5
350 8
3860 2
3920 3
3620 3
6039 13
3209 6
4169 9
4449 1
3180 9
3410 10
3310 15
3490 15
4720 11
3160 13
8260 5
5850 14
3130 0
3510 4
3830 10
3989 15
4100 12
3489 0
3290 2
290 8
3270 10
3240 12
3740 4
3420 10
3640 9
3220 6
3610 14
3680 7
3280 6
3450 14
3710 11
3230 13
2990 2
3829 0
4731 15
3589 14
4080 11
4910 0
7750 9
4560 1
3760 15
16110 7
3810 10
4190 13
5159 5
4489 7
4151 11
6199 0
3170 15
4080 0
3850 6
3810 5
4550 9
7050 3
6080 14
4300 7
4780 2
5180 9
6620 9
4200 0
3639 9
3200 12
5080 5
4920 12
5550 5
3140 6
5170 11
350 8
4520 12
7440 6
23839 9
3990 0
3540 12
4450 11
5410 6
3820 15
8540 1
5230 3
5800 11
6610 11
4760 0
4711 13
6469 14
3460 2
7180 12
4230 12
4490 11
440 8
23880 0
4680 12
4671 2
16229 9
450 8
45919 6
4711 15
4239 0
3790 15
3300 7
16490 8
3130 9
15530 1
10589 9
3780 11
5490 5
530 8
660 8
3650 11
4800 0
8210 2
6260 5
5040 14
8020 11
10050 2
3320 6
64250 5
5580 14
11000 2
5030 11
3560 7
7530 10
5380 14
7460 4
11120 11
6980 4
360 8
4809 6
5620 6
7150 2
550 8
4390 3
5860 4
10230 9
3040 9
12040 11
10769 2
3720 1
6500 2
16350 2
4500 13
3930 13
3060 9
320 8
5210 7
7520 7
7829 10
3949 12
8040 5
5080 13
2940 13
7530 4
4370 4
4660 1
4670 9
5260 1
7040 10
3700 0
5760 10
3771 15
6160 5
4960 3
320 8
6160 2
4880 7
6590 7
4490 3
430 8
4800 1
7660 11
8940 14
4409 7
3009 11
5009 10
7920 15
4600 0
3860 5
5930 1
14310 7
5670 15
3350 2
5140 15
5889 11
4720 11
6849 13
3020 9
4410 11
5780 12
5780 6
730 8
4040 12
12120 6
4300 4
360 8
6990 3
7330 6
3850 12
7931 13
9310 7
430 8
3250 13
5400 0
5410 12
5970 1
5070 7
6340 2
3560 5
3290 5
4820 4
5680 2
2960 10
3120 14
5000 13
3390 8
7530 5
4490 9
4420 0
4040 7
3020 14
10360 15
7339 3
3200 13
7909 4
4929 11
790 8
3710 12
6260 15
6210 6
9090 6
8200 9
4970 10
7229 12
4511 3
6340 4
10459 12
3930 2
8720 13
5110 10
3670 5
3390 15
4520 13
450 8
4380 2
7849 6
4100 2
4409 15
7240 3
4060 7
7120 1
5830 11
4580 6
10700 11
5740 3
6820 1
5189 12
3540 14
2860 9
16080 13
3720 4
4210 12
15270 0
8430 11
8099 9
4000 9
4411 1
4820 1
5310 7
9940 9
4620 2
8530 11
3940 3
4110 7
2370 8
5510 7
5949 7
5600 5
7589 10
3400 3
3470 13
4590 2
8910 14
9980 7
9480 11
5990 15
4889 0
3980 5
4029 9
6310 0
5850 6
3880 11
580 8
6520 15
6310 2
3860 0
7750 0
4560 13
6279 4
5349 3
7789 13
5670 1
5820 1
8150 1
4500 13
3480 10
4520 10
4540 10
4760 14
4469 4
4940 7
9079 3
3290 10
3610 15
4030 15
5270 4
4860 10
7660 4
9740 5
4300 6
9530 1
5611 12
6310 1
4090 7
8870 11
7570 14
6640 11
8190 11
6560 11
1860 8
4249 13
8160 14
3449 6
6630 10
4040 5
9090 11
5160 0
4240 12
3930 1
4160 3
5250 7
9509 7
6080 14
5120 7
7279 2
5370 10
3140 6
2990 9
5470 13
2910 6
2810 6
4440 13
4390 5
4350 2
9429 6
5780 11
9350 9
4220 12
5260 15
2710 9
11100 5
8700 3
5580 11
4100 3
890 8
7680 12
4949 11
8670 9
2130 8
3140 9
5130 7
4440 0
12090 13
4510 3
3060 9
7580 13
12819 3
4979 12
3510 4
5060 1
4529 14
4169 14
4930 12
4310 15
3690 0
12230 3
4400 10
6680 4
5569 6
3100 5
3991 10
3860 15
9110 7
10920 13
5830 14
7100 2
3940 3
4210 7
3590 10
3120 13
4299 11
3140 13
600 8
4340 6
4859 0
6660 5
4700 6
10480 7
5980 13
380 8
4430 9
280 8
280 8
6660 2
340 8
8999 12
5740 7
10250 11
4440 7
3570 14
4260 11
3730 12
5010 12
7380 15
5940 7
4820 2
520 8
4469 6
8160 7
7260 7
12180 15
5050 0
5380 13
3160 12
4370 13
7530 0
5810 12
5040 1
4731 12
4480 7
5360 15
8460 6
6090 0
6630 2
4280 1
440 8
3450 3
6410 6
8980 6
7480 6
7689 0
4650 9
8230 6
5590 0
4010 4
12100 10
6230 10
5010 14
6789 15
3931 1
5749 15
4680 0
18400 10
4830 5
4490 10
7090 15
6080 3
4559 11
4789 14
8389 13
3530 12
6030 13
380 8
8050 9
4160 4
8000 0
7709 14
6600 15
7500 1
490 8
7940 11
10750 12
8630 1
4120 3
4920 9
5090 3
391 8
4531 0
4291 1
5460 4
6210 5
8490 15
4160 10
3160 11
4310 15
3580 11
6070 3
13990 12
4129 15
5760 7
4159 13
5810 13
8070 14
10660 14
22129 11
5049 14
580 8
3931 4
3451 10
459 8
5400 3
5610 5
7920 12
3740 2
4020 10
6900 11
5240 0
8610 14
4989 9
5100 4
4560 3
6619 1
6670 14
4130 3
10830 14
6070 4
3860 7
3550 6
5060 13
4339 10
5180 6
4660 0
4889 10
9380 7
9720 2
4800 15
5130 3
4130 11
8430 6
6100 15
7460 11
6959 7
4230 3
4630 14
3530 4
3640 12
4590 13
4150 2
8220 0
4800 2
4240 12
6459 14
5640 14
7229 6
4770 13
4240 3
4130 14
4870 12
7920 12
6180 7
3090 7
12300 15
9220 14
5580 13
7120 14
4090 13
4100 0
6560 14
5510 5
11910 0
5390 4
5640 3
8450 6
6090 3
4930 4
4410 0
5560 14
3390 8
4070 4
8720 15
3360 0
5520 7
7730 1
8450 6
3970 1
4090 5
4230 15
3470 0
9050 1
6440 15
3960 14
4420 12
6220 3
7450 12
7370 3
7220 2
6590 11
5550 2
410 8
320 8
5260 12
6050 10
11319 13
6451 9
5060 4
5280 14
2930 10
3460 15
3140 9
4070 9
17860 0
17569 5
4439 14
7440 5
430 8
3800 10
8070 9
7230 3
3900 0
7740 0
4420 10
6309 2
5020 13
7091 5
5010 5
3720 2
5140 10
11930 5
7730 13
11120 3
5050 1
4009 1
340 8
5389 10
12399 15
7820 0
4540 14
4900 2
13810 15
4240 0
410 8
3550 9
2459 9
6160 14
7449 6
4700 13
340 8
4140 10
24050 9
5370 12
350 8
6190 10
5180 9
4311 1
2580 9
3389 1
3149 6
4220 12
4630 14
2740 9
410 8
7690 11
290 8
10460 3
370 8
