76219 0
44589 5
40989 7
41390 6
37229 3
39629 0
38520 12
37269 9
43840 15
43509 3
45449 15
38520 10
43139 2
46310 5
47619 1
45640 3
48170 12
45919 0
45710 4
45760 2
43820 6
49929 14
44960 14
42929 0
44550 2
41529 3
44149 11
42150 13
46649 12
45060 6
46289 5
46720 6
47069 4
39490 13
49300 9
40120 13
44330 2
51319 7
45300 0
44549 10
39710 8
48080 2
39669 2
52249 12
39720 13
37430 5
44849 10
43320 9
40160 12
42520 15
38690 2
40129 12
41880 5
45159 15
47079 2
45380 5
45669 2
40210 14
40540 13
35069 0
38540 0
44309 13
45900 7
47639 13
44960 15
44999 10
43639 15
53539 2
42029 5
39890 10
37029 10
35159 3
46110 2
39819 9
44620 13
40960 1
38690 4
36900 3
36909 13
42670 3
45439 8
51029 15
43989 1
42240 8
43830 5
42639 14
43840 7
45490 0
43459 1
44510 3
50399 8
48870 1
39489 4
45530 2
43239 12
46560 2
43929 1
46020 1
45010 0
37459 9
40270 13
38230 8
46709 2
44840 14
44869 5
43840 10
44389 9
44090 15
44550 11
41300 7
40340 2
37879 3
41290 0
53890 11
47939 15
40179 0
41699 8
42520 13
45529 4
47990 15
44749 8
45320 3
44729 9
44469 0
45060 8
47169 11
40930 11
44669 0
46760 5
47370 11
44720 14
49790 10
45559 4
43910 14
43059 9
48140 3
37029 11
35429 3
40700 9
45749 12
47520 11
45979 4
40930 10
41699 8
44539 15
45010 1
43109 12
40260 0
43129 1
47409 0
45580 8
45660 1
47740 4
41629 10
44830 9
45140 3
44249 7
44509 8
48830 0
38340 9
38289 14
37080 9
43309 11
41110 12
39510 9
48109 6
46770 1
40720 3
44820 5
43070 3
40449 3
38220 5
39380 12
44129 12
44240 11
39699 15
43440 12
42369 1
45230 12
43699 11
41420 13
36980 15
47399 3
36040 1
39140 13
47040 12
48620 13
39199 8
43470 12
44600 13
45289 15
47499 14
43950 15
45090 2
42129 11
41970 4
43049 9
46800 6
44619 12
42789 3
55819 1
44449 9
42130 8
44209 2
50580 12
42009 2
39430 1
37970 11
36079 12
34140 9
34360 15
35849 12
35880 2
36519 3
37090 0
44340 8
43529 5
46900 4
39959 3
37589 3
36930 10
38980 8
36899 1
43240 15
41679 0
41450 5
37039 9
35279 10
37930 15
35730 2
69870 11
42919 14
34859 10
35270 10
36869 1
38670 6
41219 9
41910 14
47110 1
45289 2
43620 14
41499 9
41259 3
43100 6
38749 7
42610 9
43099 6
43540 3
45520 4
44209 6
45290 12
45629 9
44620 11
59089 5
48960 10
46569 3
44550 3
46100 6
48679 4
48079 15
45040 9
43509 1
49459 1
52790 2
46819 0
52600 3
47419 10
47780 14
45919 13
44190 9
44509 0
46849 1
50069 14
40600 7
53929 1
44730 8
41200 6
46659 3
47320 3
48829 8
47520 7
47070 3
44530 5
46719 2
43469 10
44680 7
47289 14
46890 9
49349 1
48230 2
47360 3
49379 6
46330 14
48830 0
46399 0
54030 11
48540 5
46369 11
48700 6
46989 1
40140 1
46279 10
46139 6
47230 13
44659 10
44960 10
43549 2
47110 13
52189 14
52580 11
49929 1
46810 10
48929 11
45150 13
48089 9
47860 1
58939 12
46050 12
42659 6
44510 7
51590 13
48600 2
43830 13
46049 12
44290 8
48969 7
46300 5
49199 3
42380 9
45480 7
44470 15
50079 10
47910 4
47130 8
48709 2
45640 6
47689 5
49570 13
47289 15
44310 5
47390 15
46430 3
47069 15
46660 10
48860 10
46319 2
52250 2
44339 7
43710 8
42140 4
47449 9
46850 12
49370 3
47990 3
47499 7
48790 10
46069 6
49200 4
40559 9
56320 10
46709 5
46660 11
46599 11
45350 4
43840 15
49989 15
44930 7
48599 9
52760 13
50399 0
46630 11
44989 1
50200 12
49999 9
53760 1
46759 7
49879 11
46119 12
45689 1
51809 9
47270 10
43940 11
45339 0
45380 7
47589 12
43050 8
48599 2
40360 4
40969 5
52319 14
45350 12
41189 10
45820 1
46449 13
42870 5
45820 8
48309 9
47510 12
45970 14
46740 10
52419 11
56320 9
41690 12
46540 5
44319 13
43710 15
42089 4
47640 5
46080 11
44730 5
43660 4
43859 0
44840 10
42670 9
45839 6
47080 14
41690 3
43000 14
45919 9
44200 5
45209 7
43160 1
46200 7
58719 7
50270 12
45589 4
46879 5
44960 13
47220 15
47039 15
48560 9
43479 0
48430 2
48439 14
47999 8
45379 7
49299 0
45300 6
50309 1
44100 6
48519 8
51070 7
46879 9
48200 10
10059672 4
59169 2
54890 12
52319 5
53449 3
50680 13
53329 10
48390 13
54899 13
56010 5
54039 13
57500 10
51659 1
55800 1
59919 1
54770 12
52870 13
48699 14
71989 14
52699 13
52590 8
54339 11
55320 9
56979 6
51970 11
51819 14
54900 8
58209 6
52560 11
57009 13
55820 4
240797 9
53980 14
66819 3
46270 3
51559 1
51020 5
57899 0
54580 3
55750 10
58200 10
56279 8
57339 10
54850 6
49639 8
55160 15
63079 14
56200 8
57779 3
54539 10
52880 6
67589 12
51109 8
54839 12
55630 2
51379 2
54450 1
50699 4
55260 14
55559 1
53410 4
47869 6
56310 0
56949 12
58569 8
57540 1
55759 5
57850 8
58869 8
67270 10
45959 9
50010 9
50439 4
57320 13
53459 5
52310 3
58959 10
55600 13
53410 7
51170 14
53640 0
58710 14
59330 11
54499 7
54840 3
54629 7
56330 1
60229 9
50680 9
53159 5
56020 11
56159 2
52300 3
57599 0
57089 3
54539 14
50270 13
60660 15
54139 12
47940 7
56079 15
57630 1
55209 11
53670 3
55739 10
71789 4
53639 9
52679 15
53209 13
56029 4
55879 7
54989 0
52960 14
53139 6
58160 2
51449 11
53340 0
54659 0
50510 0
51429 6
56690 9
53259 8
55830 2
61109 6
58789 3
53699 9
54380 2
49570 7
58689 1
53290 10
59779 12
48910 4
57419 8
47440 14
64009 14
57559 7
50329 14
55630 3
54519 4
56879 8
60469 3
63059 3
47300 13
49409 14
48440 11
49749 5
49789 12
52199 7
46559 9
50419 10
48870 9
49239 7
45489 11
49420 3
56399 2
50820 12
53359 5
49560 9
47259 0
50640 3
50409 0
78249 0
50149 7
39600 9
48790 11
45410 7
48849 9
45560 3
44229 7
45180 8
41450 10
45640 6
41629 5
40559 7
45260 13
41269 4
41620 3
46509 1
46390 4
48470 11
48429 3
45140 2
40359 15
65230 12
63499 0
52869 0
52469 1
57149 13
55819 4
60259 13
57570 10
62499 14
62890 15
68050 4
62239 15
60720 9
62009 1
61459 14
61369 0
78619 12
58580 0
50950 1
48890 1
58539 13
61609 3
63649 8
55539 8
58320 12
54549 10
59540 4
59159 10
62239 14
57120 14
61389 4
58410 2
65569 0
78610 10
61470 7
60929 4
58240 0
61799 14
61199 3
66520 1
58209 12
62270 8
61419 5
53389 8
60799 10
59369 0
57820 14
58789 3
62010 7
76209 10
57769 8
55430 0
54879 4
57090 15
63229 7
60750 6
58950 14
64569 7
59540 10
64429 1
58760 1
63099 5
58929 12
56830 11
64349 5
55569 14
70879 0
60909 0
68030 12
59009 1
60469 11
59260 4
58409 15
62959 3
58939 13
60670 5
63409 7
56920 2
63149 5
59689 8
72410 5
60269 13
69779 0
65900 9
61599 13
63950 6
59669 6
57929 2
57610 1
60879 11
58710 9
63389 9
60090 7
66249 12
61459 11
64690 5
55980 15
67489 12
84680 9
58880 7
60529 9
62060 10
53849 2
59550 5
61019 11
63260 10
59610 11
62629 5
67770 14
61499 15
55739 6
59859 8
64209 9
65300 7
73469 13
61099 10
63920 6
60919 6
60610 3
61510 3
56419 6
54770 14
60709 5
60830 11
58139 3
56790 3
74999 15
60899 15
61790 0
63899 7
12107553 15
76949 0
58530 11
63009 15
64630 8
72170 6
72809 4
61629 8
70800 12
64179 1
73170 8
71829 11
59429 1
67539 0
74040 9
63259 5
62590 7
62570 9
67139 14
60220 3
63769 12
61980 7
65879 5
66509 3
69070 1
66960 11
66099 12
66219 1
66840 15
80989 8
55570 13
62379 0
62740 11
64560 12
65319 14
68470 2
66960 6
65409 14
64969 11
66709 13
67819 11
62720 3
64559 4
59359 12
67900 0
74869 2
68670 2
66740 5
57019 15
66219 13
65919 0
68059 11
68000 5
63809 5
64520 6
72419 12
67069 12
64360 15
65600 6
63829 6
77580 15
61180 11
61079 1
71269 0
57559 13
61619 0
68980 13
69419 0
62489 14
65169 11
62949 13
65979 3
57409 10
67599 4
59080 11
76789 2
64599 12
59589 2
67299 7
65429 11
70139 10
59519 11
62470 4
63779 14
67940 2
65339 4
63909 7
61579 11
64490 12
62009 0
68260 12
79879 3
61319 2
65610 8
62869 5
65749 11
58770 13
60939 11
67440 3
71140 2
69509 8
67380 1
65810 12
66299 13
63130 1
57199 9
72709 13
65310 12
56749 2
61550 0
59599 12
74079 6
61660 7
65369 11
63259 7
62869 11
66319 1
60840 8
60259 2
62569 13
63450 13
60079 13
76539 11
58309 12
60770 12
58930 9
61379 5
65230 6
59069 6
63580 15
59879 14
59909 4
53880 8
62399 8
53690 5
67089 12
66059 1
63300 1
74319 11
59140 9
59799 4
56969 9
58010 3
71519 4
60550 13
68980 5
60499 10
53950 4
56629 4
58069 12
58720 0
55700 10
60499 10
55949 14
10126962 9
83230 11
81720 4
74779 1
66489 0
72950 6
64359 5
69729 6
69880 13
78449 9
72509 1
70949 4
69229 2
92839 4
57229 5
58849 6
66859 13
61030 3
73899 8
73339 6
68980 7
68429 9
64439 6
72249 1
68360 5
66699 3
65819 4
65930 15
68379 15
61390 6
50439 11
64950 0
56380 7
66619 3
64970 11
57459 8
66290 14
70999 1
59409 3
58970 2
71229 0
68309 10
66770 1
78599 10
74509 6
62330 5
59919 0
66619 0
66469 5
61079 10
59560 0
66819 9
59489 15
66940 2
68479 5
64190 2
71069 3
68739 10
63219 0
65420 8
62149 11
59950 14
67509 9
68380 1
65590 14
57769 2
66110 10
66449 15
59289 6
61330 12
64069 1
69100 4
60290 10
64569 15
79130 1
70850 11
61379 15
61149 7
66680 10
64149 1
63870 12
66279 13
70329 13
65100 12
57539 10
68160 1
61439 0
64999 11
68870 13
