1659355 23
455506 7
691284 1
64339 8
57959 18
70499 4
55269 20
58410 6
874292 12
62629 11
119489 13
55190 12
58539 8
54900 8
51429 7
528966 4
61099 10
71499 16
62500 4
64779 19
53590 10
55889 16
67949 23
57159 19
3086872 9
121329 7
98639 21
74760 7
290738 0
129959 8
63799 7
77859 11
45760 8
74099 3
55930 22
67399 4
875132 16
50220 8
69289 5
485396 7
58839 19
97249 8
58120 11
61719 14
52670 7
60609 17
72990 2
79479 15
64820 6
71519 3
61269 2
697904 4
62569 4
53200 3
61799 3
74999 12
56539 8
53079 4
52780 21
55750 10
1643725 0
62849 21
65159 1
58279 11
58499 20
1182840 18
47680 21
70589 5
56319 0
471746 20
435726 22
299947 7
59140 6
52819 1
888162 23
57630 23
118009 19
102509 13
57859 17
54700 14
49129 5
45560 23
9973700 15
67549 2
60830 16
47639 2
67620 12
59409 3
55390 11
83989 9
80339 9
58860 4
61919 11
67740 9
62760 1
47620 9
45660 14
61439 8
46440 14
49880 19
58379 21
59909 8
58480 18
59020 18
47590 1
55729 20
48200 11
59810 10
57989 7
50100 23
60279 6
57989 21
331188 22
60899 16
67739 21
62980 19
55339 9
1584116 10
48500 16
61029 4
57580 2
71200 5
50609 22
67630 6
116499 5
54969 22
48870 12
55539 18
55720 6
55389 9
69040 15
67409 22
3068043 22
61050 4
47680 5
552155 11
50280 9
47680 18
88629 0
60099 12
60150 0
44119 18
51540 5
55169 15
57990 19
46569 15
52570 23
45120 15
55599 8
53910 16
48749 5
245488 6
58789 11
52460 20
2611786 5
67060 11
64490 4
51509 16
55850 11
57630 19
57629 12
66909 6
54580 12
55459 21
48640 15
46319 16
44290 0
11064050 22
162269 13
70509 3
53740 5
83869 9
64139 1
1596186 9
71149 11
76919 17
61550 7
88579 5
71329 8
52620 9
62040 12
46879 12
52320 8
1245238 5
55210 8
67019 1
64480 9
49129 7
55510 23
2771175 15
62369 20
70789 0
61550 21
53769 11
1896252 20
52100 12
59169 3
76090 6
52669 6
77559 12
60019 19
2139601 8
64809 8
57369 1
65260 18
54659 20
60069 0
46779 6
61219 2
64829 23
59050 15
48869 19
54630 14
43719 14
68919 5
84189 13
50350 21
51799 3
4532079 22
61280 1
45619 18
58900 6
85219 11
63459 21
1146739 5
1244499 4
57239 23
54450 20
61569 3
80030 9
46920 23
54650 20
55660 8
57160 16
55310 2
48340 1
46499 4
1500167 15
53719 20
51010 1
52999 4
61550 20
73929 22
1636695 0
98519 13
55260 23
64859 12
55830 10
233498 2
1152409 0
12729345 22
75329 9
55030 14
206698 16
61350 0
9924750 15
75099 17
87960 9
81329 18
81649 7
81219 20
2913534 4
59509 17
68390 21
56879 16
48740 20
72799 18
58380 19
74589 6
56809 4
47979 4
48200 4
68519 3
1616785 20
47430 3
48230 20
48879 14
66820 8
123758 11
60159 15
1914573 7
84409 23
68139 8
55940 16
64459 7
59900 18
50709 21
55470 11
54649 15
68849 7
59549 19
714013 8
59630 11
49299 23
47419 14
58110 17
1024941 15
53420 3
9946510 22
300717 5
9087808 15
81130 9
79089 12
71839 7
80399 3
93329 13
80039 19
1401017 12
63380 16
64999 20
58770 2
76920 13
68189 15
90380 1
64380 16
76759 23
83590 13
74050 8
57449 15
56940 22
57049 19
68659 11
47410 19
70140 14
66180 1
62579 16
52100 16
2790005 21
51089 12
69749 4
63200 9
62940 5
64410 23
74209 1
49400 23
91099 13
67219 23
282158 11
61709 18
74449 8
118108 7
53240 14
58809 9
69239 16
66859 0
60380 10
56529 15
52180 20
51459 15
5426741 8
220068 8
100789 19
48370 14
80269 12
66569 23
52639 16
49620 9
47349 12
75129 5
140549 12
52900 1
57269 8
77710 3
47099 15
1138020 1
54719 14
59920 0
14837096 22
109619 0
71899 19
69019 11
1488796 19
61530 21
57840 12
425626 5
261828 4
56139 18
53970 10
55809 20
45290 18
68299 20
1307459 18
42977552 15
60020 23
59939 14
65549 11
66939 20
54380 23
69629 22
63980 18
54390 5
80259 4
47250 23
69319 11
998911 19
63990 7
46819 23
59430 3
33104791 15
843892 6
62590 12
62790 2
61180 6
97230 15
71249 8
1645055 1
66599 6
61299 7
78599 16
74389 5
64979 19
54899 22
61549 9
54999 3
541265 17
63909 12
76179 11
55970 14
165198 8
66250 20
41439 14
45940 12
59869 1
47990 19
1104910 4
57049 16
59050 9
57009 20
7269095 22
51879 2
93139 13
50410 17
47830 4
47360 22
50150 6
62589 1
51210 5
48329 19
57469 1
53829 14
60760 0
51879 11
51789 3
2863105 15
49849 17
74430 11
55469 21
61430 7
60739 21
64410 21
694353 16
55270 8
83839 13
99069 5
69810 8
65720 15
63059 2
1343828 18
73459 9
54440 17
66689 3
814523 23
72969 21
2718116 0
91049 13
54719 16
422507 3
71240 11
68399 2
58290 3
59719 9
50330 18
699473 1
46419 23
82590 16
58270 15
1099750 19
59269 12
698224 18
10124849 22
66859 19
106819 7
297938 18
67360 1
68839 3
174969 2
1549977 0
50620 18
63820 22
78349 5
76909 10
96839 13
57730 5
64819 17
61030 0
72060 17
303347 16
51130 18
62389 23
62720 14
59550 14
41920 14
75499 10
50660 3
765962 19
55200 10
68540 15
61940 23
3432789 10
10229448 5
59019 19
69610 12
978051 9
240829 1
53239 12
58540 4
55169 3
41579 1
50779 3
64019 9
57069 20
40810 20
59470 5
70020 2
57859 7
57190 17
66189 0
46159 4
50460 10
71609 8
48110 4
1289818 14
62540 7
52570 2
45500 14
45459 7
44420 17
62739 10
874362 15
775933 10
48619 12
61590 14
63820 3
44120 14
56949 15
47410 12
13857765 22
65740 21
56249 19
89050 8
65620 5
65549 23
96419 1
59340 2
63969 9
211159 3
61340 7
72729 22
66770 10
69509 7
61510 0
48869 21
46640 22
782393 17
49929 0
70780 12
9199317 18
77440 4
64239 0
1024451 3
64749 10
89249 13
57190 22
53519 4
72530 15
72009 5
61170 15
3219511 7
109299 3
1994933 2
73879 17
81889 6
68160 9
67329 4
79829 1
54010 21
68089 0
93969 13
88289 13
68879 11
46880 0
62390 4
56629 20
49170 1
107069 0
54880 0
53060 18
45939 1
240828 9
50740 14
664124 10
9874791 20
81749 3
51619 3
66040 9
5252543 20
108119 20
92390 8
92159 0
2163020 22
63760 7
65859 23
62719 3
70430 9
59549 12
49559 3
60249 1
63610 12
63019 6
59820 15
165688 20
54350 20
269447 19
52000 12
62569 11
45770 23
63459 0
66230 12
62089 11
41040 14
55429 19
55450 23
116069 19
63989 9
2333869 23
53870 3
61339 1
131329 17
59909 6
7726790 18
55790 15
46939 19
45759 14
176148 18
1628426 7
10252837 15
70210 6
52269 16
59440 7
60189 8
79520 21
8901649 22
59610 7
78390 4
29889 13
67779 7
246328 23
82359 11
103049 2
67549 23
70720 9
70849 19
46400 7
62279 22
9855081 15
89019 8
88660 13
62860 11
56570 23
52729 20
1364957 1
49220 15
55570 2
61449 0
58389 7
49820 23
78399 13
58110 19
79709 13
73459 11
49259 9
48829 20
58950 0
64299 14
50590 14
49540 0
58560 17
45890 14
575324 7
60270 4
48280 4
47819 0
58170 3
48099 3
44560 15
47639 11
57690 6
43239 23
42640 19
81649 13
47340 4
49919 9
49150 6
59879 12
52180 1
51179 12
77220 5
45909 23
46680 4
48419 5
47310 5
58400 8
48959 3
50940 3
57320 20
50260 3
48460 9
43660 2
46269 14
573415 12
73530 9
79810 13
47299 1
44130 9
44270 0
61600 10
52049 3
46919 11
44510 23
46869 10
61770 21
46459 8
42780 23
45150 19
47510 11
63489 10
50190 2
41290 23
73829 19
54919 15
64359 10
45389 10
56979 17
46790 20
191568 22
63829 7
78539 9
48639 15
55480 8
65009 9
1670075 15
61680 7
92779 9
63110 6
1576936 4
46999 20
83589 6
87110 13
82909 13
61859 10
96750 18
63209 8
59819 15
48430 20
70769 21
58810 6
79129 13
52400 2
48589 5
6565981 3
91529 3
55480 22
530755 22
58889 2
44800 21
55939 23
63850 11
45989 11
50250 6
54060 8
172098 19
59159 3
56470 19
53979 2
292938 21
75959 2
45569 19
63430 0
49510 22
66109 14
80699 0
63530 9
51699 6
61470 18
56459 17
50920 21
61629 2
66900 12
67680 10
1654525 4
83589 7
65160 23
72579 11
73029 15
62810 1
48369 4
1548736 16
55870 7
50769 1
669233 23
50280 4
51019 21
289227 6
62679 20
77460 5
44810 14
47680 20
50119 9
65400 2
46659 6
53380 0
110429 8
55509 22
99889 13
121259 1
74789 10
97460 18
95019 13
86409 13
63269 4
51109 1
45400 10
55519 22
88979 13
49530 0
87519 12
86059 13
103789 23
66690 17
157528 16
65460 11
48209 23
118209 14
55280 5
45729 17
79049 13
50629 11
80419 13
49360 23
47130 19
66550 18
49860 15
79269 13
51619 8
47490 5
45250 23
44730 16
43380 18
1680495 1
46070 14
65250 19
61910 21
45560 15
47440 16
77669 3
55180 12
47789 5
53619 3
8572373 22
150998 1
67789 16
74819 17
1102960 6
51040 11
49590 19
59690 9
48499 10
50210 8
79159 4
9233847 18
55269 14
75039 15
58250 4
72389 23
58960 12
73859 5
59299 7
47240 15
88019 13
53600 20
51629 6
69950 1
71119 4
7774600 22
51999 20
64780 22
79059 6
133039 16
1512096 20
62310 2
62779 5
55709 19
80679 11
1525326 8
99509 20
69460 20
79899 13
66089 1
48730 11
57879 9
55910 5
730243 3
45440 22
53599 17
57590 9
81749 0
77969 14
69219 6
108650 15
54580 0
73360 2
5095274 18
71850 12
78919 14
53690 23
52179 19
87409 10
67420 6
49269 5
8802501 22
72379 23
44350 5
56059 10
171829 11
53029 22
44470 5
53749 18
47310 10
83729 3
51540 5
47909 10
43270 14
52619 16
54610 21
51780 17
47410 11
60860 3
45980 6
57809 21
45069 6
45130 18
54219 18
65249 20
68489 15
88429 2
69899 1
74899 20
58079 4
1708395 15
105309 13
78639 17
77089 0
661485 18
48779 0
55620 4
855862 2
48209 16
49319 10
56569 0
553426 11
74979 1
45709 17
1004811 23
50600 22
45740 22
57559 6
275047 14
79119 21
59799 14
49170 14
64319 8
57760 10
73749 16
58829 9
48409 23
45480 8
49789 11
45730 15
980911 20
58200 12
63850 15
60579 8
11354728 22
54629 22
74369 0
48590 22
48110 10
52849 9
45460 14
49849 23
