80790 0
37950 0
34580 1
32190 1
34679 0
32740 0
47790 1
32190 0
34190 1
35680 0
33620 1
33319 0
34110 0
34130 1
33879 1
34579 0
34830 1
36340 1
34749 0
32549 1
33260 1
34180 0
32739 0
32809 1
31500 0
35070 1
31599 1
33409 1
31580 0
33440 0
32379 1
31750 0
31410 1
31990 0
33189 0
32990 0
43590 1
33370 1
34850 1
31320 0
33070 0
30280 1
33040 0
31170 0
32450 0
30639 1
33249 0
30920 0
32910 1
31900 0
33570 1
30850 0
33520 1
32159 1
32059 1
31930 1
31630 0
32149 0
31200 0
31910 0
30630 0
33019 0
30040 0
32350 1
32769 0
35640 0
71290 1
32369 0
36289 1
33440 1
33750 0
30020 1
32679 1
30740 0
31940 1
31269 0
32399 1
32380 1
33360 0
31439 1
33839 0
31020 1
33200 0
31590 1
34290 1
30490 0
32070 0
32379 0
31660 1
32240 0
31070 0
32039 0
30899 1
34960 0
46379 0
58790 0
46780 0
49039 0
46090 1
48190 0
47799 1
48990 1
47389 0
48450 1
48710 1
45859 1
48220 1
46449 0
47650 1
45510 0
47749 0
47290 1
48069 1
45479 0
47890 0
52419 0
58130 1
47380 1
48949 1
48760 1
49560 0
47229 0
47600 0
49339 0
47310 1
49230 1
47689 1
49080 0
47629 1
49189 1
45160 1
50159 1
46790 1
46069 1
44729 1
49790 1
56619 1
48460 1
48570 1
48409 1
49520 1
46290 0
49409 1
46600 1
47569 1
45270 0
48450 0
47029 0
49360 0
47409 1
47500 0
47580 1
49579 0
50110 1
47949 1
53640 0
53710 0
58299 1
47920 0
54629 0
48050 0
47880 1
47309 1
49500 1
47229 0
50030 0
46540 0
48999 1
44610 1
49150 1
47749 0
47490 1
47760 0
51089 1
48520 1
48299 1
47300 0
55879 0
46870 1
48680 1
47379 0
47800 1
45500 1
48349 0
47230 0
54549 0
45000 0
48970 0
50189 1
48460 1
49650 1
48149 0
48410 0
45940 1
48199 0
46630 1
48409 0
45870 1
55390 1
46589 0
47190 1
46889 1
48720 1
47690 1
48729 1
50320 1
50579 1
50070 1
47860 1
49779 1
47400 0
48980 1
46689 1
47320 1
47099 1
48970 1
45629 1
46700 0
56710 0
48769 1
45240 0
49659 1
50400 0
48320 0
50679 1
47240 1
50530 1
46709 1
50000 1
45810 1
47259 1
45690 1
50250 0
45310 0
47360 1
46189 0
48100 1
46190 1
47540 0
60450 0
48319 1
49050 1
49959 1
48550 0
48350 0
48619 0
47820 1
48820 1
47009 1
50270 0
47070 0
49059 0
46610 0
49100 0
45249 0
46490 1
50119 0
48280 1
53240 1
60399 1
49250 1
46439 0
48200 0
48470 0
49219 1
47290 0
48089 0
45580 0
48729 0
46190 0
48130 0
46219 0
49990 1
50170 0
48169 0
50070 1
46369 1
48909 0
47640 1
47689 0
90480 1
48589 1
46010 1
47390 0
47089 1
47550 0
46989 0
49470 1
50990 1
49249 0
50480 0
50239 1
48750 1
47070 0
48179 0
46060 1
48879 0
46460 0
42510 1
34899 0
32899 1
43610 1
32260 1
31759 0
33909 0
31080 1
32550 1
34000 1
33960 1
32370 1
30980 1
32549 0
32690 1
32970 0
30930 0
34169 1
32290 1
35290 1
33610 1
33749 1
32700 1
31190 1
31229 1
34279 1
32510 1
34500 0
32890 0
32659 1
31700 1
31960 1
35710 1
40019 0
34900 0
31879 0
33770 0
31540 0
34590 1
31169 1
33099 1
33710 0
34760 1
34100 0
35499 0
33000 1
33320 0
31879 0
32600 0
33430 1
32620 0
33299 1
32060 0
34830 1
32329 0
33410 0
31320 1
33720 0
33049 1
35289 1
35290 1
38890 1
43249 1
31710 1
32940 0
32970 0
33369 1
32060 0
33500 1
33030 0
33830 1
32670 1
32880 0
31960 0
36299 1
32210 1
34200 1
32819 0
33829 0
33540 1
35480 0
32530 1
32549 1
33310 0
31690 1
33019 0
30920 1
32280 1
30990 0
33749 0
33810 0
34690 1
38749 1
34550 1
34280 0
33780 0
35590 0
33100 1
32560 0
32380 0
31830 1
30590 0
33040 0
31990 0
33879 0
32050 0
34410 0
32200 0
31540 1
31990 1
32690 1
31589 0
33889 0
35470 1
33030 0
32129 0
31160 0
33520 0
31120 1
33759 0
34809 0
32860 1
39720 0
32230 0
30780 0
31030 0
32509 0
34969 1
31700 0
33500 0
35799 1
33950 1
31180 0
34340 0
33329 1
34380 0
31480 1
34670 0
31679 0
32039 0
31060 1
33390 0
31790 1
33940 0
32300 0
33440 1
33569 0
33730 1
35010 0
33570 1
35889 1
35070 0
38680 0
30789 0
31310 0
30360 0
30780 0
31510 0
32319 0
31750 1
33080 1
31340 1
32900 0
33540 0
33960 0
33400 1
32409 1
33700 1
31780 0
32659 1
30250 1
30540 1
31940 1
31199 0
29340 0
33750 0
31749 0
34119 0
32630 1
33620 1
35289 1
33899 0
32980 0
41200 1
31590 1
31600 1
32780 0
30020 1
33269 0
31719 0
32940 0
33020 0
33289 0
30450 0
32210 1
31490 0
34159 0
33690 1
33570 0
35870 0
31980 1
33830 0
29970 0
35649 1
30850 1
32150 0
32850 0
35839 0
30259 0
32970 0
31970 1
33270 1
31690 1
44040 1
32960 0
32929 1
35910 0
32030 0
32209 1
32820 0
32150 1
31600 1
32499 0
32589 1
31120 1
32870 1
33029 1
30840 1
32360 0
31380 1
32099 0
32769 1
34630 1
33610 0
32340 1
31980 1
32210 1
32840 1
32130 0
32459 0
31030 1
33890 1
37529 1
45910 1
31740 1
32880 0
31060 0
32990 0
33390 1
34360 0
31820 0
33000 1
32200 1
31809 1
34900 1
30560 1
33240 1
31610 1
33319 0
33200 0
32410 1
32169 1
33910 0
30930 1
33500 1
36019 0
34700 0
31750 0
32610 1
32820 0
31560 1
32430 1
32670 0
63740 1
31180 0
34869 1
31189 1
32220 0
32670 1
32019 0
37299 0
38700 1
33920 0
34919 0
32990 0
32990 0
33200 0
32269 0
32940 0
32910 0
33960 0
32909 0
33030 1
31870 0
32210 1
34450 1
33020 0
32790 1
34370 1
33450 1
32170 1
33310 0
44939 1
32990 0
30930 0
31159 0
31730 0
32190 1
31680 0
31870 1
31360 1
33010 0
31040 0
33559 0
30510 1
33440 1
32460 0
33849 1
30999 1
30840 1
34120 1
29320 0
31890 0
29900 1
34770 1
31020 0
31419 1
32160 1
32950 0
32350 0
32390 1
31620 1
34220 1
40929 0
32190 1
31980 1
33400 1
30530 0
29790 0
31610 0
30969 0
32399 1
30640 0
31730 1
33309 1
33139 0
30790 1
31950 0
31940 1
32540 1
33200 1
34250 0
37789 0
35330 0
37070 1
31970 1
36909 1
32500 0
34160 1
30740 0
33479 0
34240 1
35020 0
38749 1
31410 1
31220 1
33910 1
32189 1
33330 1
35050 1
32480 0
37329 0
36889 0
33680 1
30350 1
32909 1
35150 1
32660 1
31179 1
34619 1
31270 1
31570 0
31789 1
33869 0
34000 0
33930 0
36229 0
34700 0
34970 0
33940 0
36929 1
33190 1
32580 1
42129 1
31810 1
31990 0
30750 0
33240 1
31629 0
32970 1
31260 1
32410 0
34350 0
34500 1
33940 1
33609 0
35879 0
30050 1
31270 1
33269 0
33770 1
32430 0
34279 0
30830 0
32090 1
32140 1
32080 0
31580 0
33540 1
35770 1
32929 1
33830 0
31360 0
44460 1
32919 1
35070 1
31880 1
33230 0
35250 1
33170 0
35120 0
34200 0
34820 1
32340 0
32380 1
33959 1
34279 1
33840 0
37120 1
31800 0
36260 1
35350 0
32430 1
30159 0
33780 0
33830 1
38010 0
33309 1
35140 1
32120 0
39639 1
35670 1
40770 1
33450 0
33500 1
33480 0
34970 1
33119 0
34270 1
34400 1
32490 0
35620 0
36090 1
36640 1
32640 1
34880 1
33670 0
33190 0
35559 1
32730 1
35360 1
34629 0
36740 1
33550 1
33310 1
33630 1
33239 1
35270 1
32040 1
33040 0
32679 0
41560 0
32700 0
34169 0
34220 0
35120 0
36279 0
37069 1
33970 0
37829 1
32749 1
33170 0
34600 0
33410 1
31110 0
33790 0
31250 0
33769 0
31029 1
34850 1
32740 1
33330 0
32560 0
34230 0
36050 1
34210 1
36260 0
31680 0
33470 0
32279 0
40560 1
31180 0
37059 1
33579 0
34810 0
34800 1
32970 1
32020 1
33790 1
38470 0
34209 1
33570 1
35080 0
32479 1
30950 1
35660 0
31690 1
32099 0
34899 0
36090 1
32530 0
34129 0
36410 1
33440 0
33170 1
31369 0
35260 1
36120 1
41039 1
46309 0
33350 1
31090 0
34379 0
32180 1
33320 1
33129 0
33419 0
35850 0
33480 0
31400 0
37319 1
32250 0
33060 0
32589 0
37150 1
35370 0
32250 1
33660 1
32340 1
31810 1
33990 0
35250 1
30890 0
32020 1
35129 0
31009 1
36010 1
33390 1
35819 1
58880 1
37930 1
34789 0
33240 0
34560 1
32019 1
31820 1
36080 1
30790 0
32149 1
33109 0
34650 1
31260 1
33409 0
32260 0
35750 1
33970 0
32790 0
33819 0
33730 1
41969 0
34299 1
36070 0
41230 1
41440 1
35700 1
34070 1
33439 0
44459 0
29750 1
36790 0
34199 0
33199 0
33300 1
35190 0
32590 1
32380 1
35760 0
33180 0
34629 1
34370 0
30790 0
33019 1
34339 1
30900 0
29670 0
33870 1
38000 0
30380 0
30520 0
32239 0
33229 0
29910 0
34230 1
31329 0
37120 1
36560 0
30799 0
38519 1
34210 0
31640 0
29730 0
35350 1
31740 1
39990 0
54899 0
51250 0
44089 1
60189 0
36410 0
49949 0
42900 1
51100 0
42390 0
42800 1
41319 0
62919 0
44210 1
60689 1
43340 0
62850 1
37070 1
58310 1
34090 1
42920 0
42820 1
47319 1
40400 0
44090 1
56669 1
42790 0
60549 1
38980 1
58290 1
37560 0
68699 1
40450 0
41879 0
39540 1
59710 0
34829 1
68390 0
41859 0
68000 0
37709 0
64170 1
65909 0
44480 1
68970 1
38930 0
41100 0
42140 1
51980 0
40610 0
61579 0
38210 1
64089 1
34149 1
38500 1
41120 0
48790 0
35240 1
68049 0
62810 1
41169 0
48419 1
39020 1
65399 1
41270 1
37030 0
32659 1
54560 0
36360 1
