26480 1
20460 3
14531 5
7560 1
10109 3
620 7
14210 8
16700 10
8250 11
4100 3
5630 8
16470 8
10860 11
22989 11
560 7
4949 8
7531 8
69793828 9
60002903 9
19997308 9
6690 8
7270 2
5890 2
4900 8
39973996 11
549 7
7231 1
5309 5
4640 2
6160 6
5619 10
5100 3
12030 11
4810 0
8150 4
500 7
5050 6
3880 6
590 7
4660 0
5150 2
5140 6
22956335 9
5530 8
5540 0
5310 10
3140 6
5160 8
3760 8
5310 2
5010 10
4230 10
4740 3
5180 4
13300 11
6830 11
6300 11
4220 4
4060 3
5420 11
5131 4
4160 6
600 7
7649 5
4390 6
4760 5
4310 4
7870 11
4010 10
6970 11
7220 9
4280 0
4230 4
3760 10
4700 2
3770 10
4310 6
7270 8
4130 3
4020 1
5520 3
6500 9
4220 5
4780 11
4380 4
5020 4
7951 11
4049 6
4180 4
8170 9
3990 4
3970 6
5310 8
6440 9
3170 6
3900 8
3730 5
4450 10
7100 9
6210 9
7520 2
4100 1
3850 5
3800 1
4560 0
4050 6
3690 0
4600 2
4210 8
3790 0
2930 6
4829 1
4360 5
7231 9
4660 4
5800 11
6059 9
5630 11
4490 8
3680 8
3780 2
3920 5
4900 11
3690 10
4900 6
4590 2
4770 0
4570 11
4140 10
4090 0
530 7
6570 11
3980 0
4160 2
3410 0
4350 4
4690 2
5710 11
3900 0
4290 5
4000 2
5460 11
3580 3
5020 2
8360 6
3779 4
4260 4
4790 2
4380 4
4500 2
4040 4
530 7
5250 0
6530 9
4080 1
6680 9
5580 11
4610 4
3040 6
3800 4
4020 10
5240 11
400 7
5630 11
3920 3
3640 0
420 7
3970 8
4230 0
430 7
4660 1
3620 10
400 7
6880 9
3980 5
409 7
8300 2
4300 11
5230 11
4420 4
3890 10
4530 0
4110 1
3770 10
3860 10
4390 5
3450 0
5650 9
620 7
3590 6
3550 10
7400 9
4300 10
4320 11
11790 4
7040 9
3880 0
4510 8
5150 11
4160 0
3759 1
3491 8
269 7
3771 4
3340 8
3900 8
3509 2
3731 0
3629 0
4230 8
3730 6
5840 9
5560 2
4240 8
7870 9
3040 6
3970 6
6150 9
4200 1
4030 10
4260 3
3800 2
6460 9
4130 11
5770 11
410 7
3480 6
4440 9
3530 6
3960 1
3730 5
3580 5
4719 10
3500 2
400 7
4760 4
4391 0
4231 2
4400 6
3889 8
4280 1
4060 3
3580 8
4220 4
5660 0
6160 9
3360 5
9230 6
7640 9
4980 2
3670 8
3460 2
11990 9
3960 0
4390 0
5460 1
4230 5
4590 8
4780 9
3109 0
4040 10
3420 9
340 7
3789 0
3771 6
4129 5
3791 9
3759 0
370 7
7000 4
3380 5
4830 10
5100 3
3330 2
7760 1
3400 3
3050 6
2910 6
3810 5
3290 2
370 7
4660 8
3850 8
3420 10
3540 2
6160 11
3980 8
3550 1
3690 5
5740 11
3770 5
3030 6
3720 9
5180 10
4591 4
3720 4
4269 5
2811 6
400 7
3200 6
3879 10
310 7
840 7
5000 3
6500 11
4980 0
4060 9
3410 1
3860 1
4020 3
3450 2
3760 2
410 7
3760 3
6230 2
3590 5
4480 4
4280 8
3470 6
3540 6
4460 1
4570 11
3210 0
3710 8
4920 9
270 7
3760 5
3570 4
2539 6
4420 1
4100 10
3229 6
6060 11
4060 4
4409 1
4090 4
3280 0
3670 8
4940 9
4050 0
3580 3
4470 10
4100 9
3410 3
4790 11
3990 0
3160 6
6510 8
3980 0
3640 6
3020 3
4510 11
3420 5
4560 10
3880 10
5540 5
4030 9
4140 8
3780 0
3909 3
4511 11
4189 5
4780 10
4311 11
3980 2
369 7
4090 8
3460 3
4310 10
4470 2
300 7
4070 0
240 7
3910 0
3180 8
250 7
3550 11
4210 1
7700 3
4000 1
3960 9
5180 10
300 7
4210 5
6130 9
3520 0
270 7
3710 10
3740 1
4390 4
4490 11
4370 4
4250 9
250 7
5080 11
4190 11
3969 9
3680 6
4660 3
3329 5
2751 6
4460 1
4129 10
260 7
5240 2
270 7
3870 10
3410 2
4030 2
3580 1
3250 10
4160 8
3360 10
4010 4
3940 2
4370 5
3220 5
3990 1
3290 0
3570 3
3670 0
310 7
4800 10
4340 10
4630 3
400 7
9330 6
3760 3
3700 0
4030 4
5039 3
5320 11
240 7
3820 8
3200 1
3580 0
2960 3
3960 5
4059 3
5090 2
3860 8
270 7
3840 8
4070 11
3850 6
5540 11
4180 9
3750 3
3190 6
3790 10
4890 9
3880 1
4990 11
3790 8
3790 8
4130 1
3710 3
3660 4
3200 0
3150 10
4010 11
3650 0
2600 6
3720 0
3050 2
3380 6
4071 9
389 7
4340 6
3729 1
580 7
360 7
4091 6
2689 6
400 7
3891 9
3799 1
4580 5
4820 10
3470 2
5800 0
2890 6
3740 1
2180 6
3610 5
3480 3
5910 11
3260 5
4410 8
3850 11
5120 9
3540 10
3260 6
3380 3
6140 11
3730 5
4050 9
3520 8
3550 8
3590 0
3600 4
3069 6
3711 3
4349 9
3140 6
511 7
349 7
3871 10
340 7
4471 3
289 7
10480 2
4030 11
4260 8
4140 8
4060 9
580 7
4060 4
3560 0
3570 0
3940 1
3230 4
3760 0
4330 4
3540 1
3280 2
4210 1
3580 0
3940 4
3750 2
3960 5
3540 4
3710 1
7380 1
4000 10
3410 10
3569 2
391 7
3469 6
2929 6
3229 6
3651 5
3700 0
4060 1
3469 4
3690 0
4280 5
3510 6
4280 11
2900 6
4290 2
5250 11
4510 2
3970 1
3490 1
3970 0
3560 5
570 7
4800 11
4740 2
3530 4
2740 6
4810 11
3630 5
4400 11
5660 10
3350 5
3410 10
4580 11
3750 5
4320 9
5950 9
4489 11
3420 1
5000 9
3420 1
3660 8
4309 3
4310 3
290 7
3440 10
5360 9
4490 11
4580 8
380 7
360 7
3480 0
3370 0
3480 5
4060 6
4110 8
290 7
3890 2
3940 10
3820 1
3650 10
3230 2
3150 10
4120 8
3620 6
260 7
3760 0
4110 2
3550 1
3440 5
3250 6
4160 2
4710 1
250 7
390 7
3500 2
4789 11
4811 2
3809 4
4031 4
3629 8
3600 8
3431 3
3579 11
3770 1
3500 1
4140 11
4020 3
7470 2
4900 2
3410 11
3730 5
5180 9
6220 11
3520 4
3720 0
3620 0
6420 4
3810 11
3840 10
4700 2
4010 1
3600 3
3360 11
3370 1
4260 11
3360 10
3109 3
4349 1
3680 2
3651 3
3500 10
380 7
3260 3
291 7
3060 6
3589 1
3700 5
3470 4
4410 3
4300 11
4580 0
4030 9
380 7
4830 1
3550 10
480 7
3310 10
3470 8
3470 10
3500 10
4010 11
3550 5
3940 0
5680 9
3200 10
4380 2
5550 5
4190 1
3890 5
6160 6
3600 0
5930 9
4189 9
3520 1
3949 5
3789 4
3791 11
3609 0
3691 1
3300 2
3520 10
2680 6
3180 2
3500 11
3430 10
3570 4
3470 5
5420 3
3090 6
3600 4
3590 4
3530 5
3870 4
3810 3
3690 10
360 7
3800 8
3960 1
3260 6
390 7
3800 2
5060 8
3630 3
4160 0
4750 11
270 7
3350 10
4080 9
3340 11
3370 4
3819 10
4180 2
4220 5
3380 10
3269 0
3709 8
4329 4
2571 6
3599 5
3270 10
290 7
3380 6
3590 1
3340 11
4640 5
3890 10
460 7
3660 2
3560 5
3480 1
3480 9
3490 1
2560 6
6060 11
5670 11
4430 9
3230 10
2570 6
6010 1
4540 10
4190 0
4890 11
3730 11
4150 9
3120 6
4959 11
3180 5
280 7
4860 11
3591 10
240 7
3231 3
4440 11
3720 1
3431 2
4089 4
4080 3
3130 5
3600 9
3860 3
3400 9
3400 9
3790 1
4070 1
4100 3
3520 1
370 7
3470 3
3700 11
4240 9
3710 6
3890 3
320 7
4860 0
3560 10
4390 8
3830 1
2800 6
3470 6
4010 3
4420 1
3150 6
4091 2
3689 2
240 7
4320 10
2631 6
3509 4
3129 6
4429 2
3540 9
3850 11
3550 0
5360 9
4020 8
3690 8
3680 11
5200 2
4100 4
3710 11
7590 0
4030 5
240 7
260 7
3970 5
3470 0
3530 2
3410 1
3470 8
3780 0
5450 11
3820 2
3640 11
4040 3
5260 11
3430 5
4180 9
3889 2
391 7
4189 2
4111 3
3640 0
3080 2
3660 0
3960 11
3650 9
3740 8
3380 8
3500 4
3400 1
3940 0
4200 10
3320 6
3420 1
3600 8
260 7
3970 1
3610 0
380 7
3560 5
4830 2
3290 6
3780 3
360 7
3810 10
250 7
3880 5
3530 5
3500 0
3830 10
4970 11
3640 10
280 7
390 7
3940 4
3790 9
400 7
3940 6
290 7
4089 10
4311 9
3789 3
4031 6
3600 0
3389 4
3731 2
3789 1
3950 8
3070 3
4140 2
2830 6
3920 11
3050 3
3990 11
3480 8
3600 3
2650 6
3380 8
3350 5
6290 2
2440 6
2880 6
3310 5
3720 0
3900 8
3650 2
390 7
3240 1
3500 8
5560 6
2930 6
290 7
3870 0
3430 8
4850 9
3250 1
3269 0
3460 2
4040 3
3020 2
3040 2
3540 6
4980 11
3271 4
3649 5
3380 1
2460 6
3720 4
3230 1
3730 8
3430 4
3920 10
3760 9
3490 1
280 7
3740 10
3280 3
3410 2
410 7
4110 6
3280 6
360 7
3500 5
3890 11
3290 10
420 7
6300 9
5690 11
3010 6
2760 6
3700 8
3100 2
290 7
3450 3
3720 5
3160 0
3400 1
3609 5
3200 3
3351 10
3840 9
4329 11
440 7
3800 5
240 7
3380 1
3450 2
3460 1
3820 11
3600 4
2420 6
4000 1
4600 3
300 7
3820 3
4620 2
3760 8
690 7
3970 2
5710 5
7340 3
3080 2
3490 3
3560 5
3280 2
2700 6
3900 1
4140 0
3910 3
3750 8
4380 0
4210 4
4620 10
3809 9
4100 2
3991 5
289 7
3491 6
3600 4
269 7
3600 8
3689 10
3240 3
2630 6
3550 8
4090 11
3990 2
2850 6
3610 9
3520 10
3640 1
3390 8
3820 10
196409 0
