94670 15
63059 2
52400 7
53729 15
56180 13
54119 9
56750 12
55710 14
53459 12
53550 7
55449 11
52079 1
65380 7
53360 12
52220 15
53029 0
59410 7
58129 3
55850 11
49670 2
55810 7
54990 4
55529 9
52750 13
50039 0
51469 14
60860 5
52879 13
54680 3
53609 11
69810 12
55970 0
55440 3
57330 15
57140 6
50410 5
53769 4
52320 6
55140 7
53690 0
50430 5
57169 8
53890 8
51739 4
54010 12
53500 13
58319 8
58120 7
67089 4
53300 4
55749 1
53009 2
51550 13
50249 8
57050 1
54110 12
52880 3
55259 6
52819 0
56790 2
57989 3
64110 7
57249 5
54320 11
53020 15
53180 12
65020 11
59699 7
55560 12
56899 4
59870 3
52450 11
52540 10
55570 0
54169 8
56880 6
52150 15
57160 12
56460 12
54100 5
60380 12
57099 2
59340 13
67629 15
55460 11
56259 13
58840 10
52240 15
52040 13
49170 15
58749 9
49110 1
53149 0
50780 4
55260 12
52639 1
44590 1
51480 10
55730 8
54060 12
48979 1
47700 12
63729 11
50090 8
48550 8
46509 13
48010 5
50590 3
49589 2
50420 8
44060 14
50530 10
54320 4
50059 9
53330 14
51369 3
59959 1
47550 5
50979 1
62499 8
51410 4
60419 14
48070 13
41889 9
52490 12
48690 7
50799 5
46930 11
47519 11
52560 1
54610 15
51759 4
55010 10
57749 11
51490 2
51269 8
48919 15
48740 4
50429 4
47199 4
52650 3
58129 6
47470 12
47259 3
47809 6
52160 1
51299 5
49450 10
56240 11
54240 2
55740 4
50909 11
55720 15
49430 3
51350 0
49820 10
54199 7
51290 8
55309 0
53390 8
65850 6
46719 15
50540 8
51719 14
48559 2
51870 12
57729 8
55760 5
50120 13
54409 14
55260 1
52699 13
53210 13
54020 5
55020 1
48149 12
51630 13
48480 15
52829 12
96560 12
48499 6
51230 13
56529 9
52559 12
58800 8
46509 9
53470 0
51619 15
48439 2
46510 2
53169 10
51820 14
48100 2
49009 12
54040 4
48590 4
45280 11
51890 14
61189 3
49460 8
56229 14
54879 9
54870 8
53640 14
49170 8
52239 11
52919 1
54519 8
49799 6
49420 2
48140 0
46940 15
46640 12
49699 8
57050 7
47969 15
51700 5
62530 1
51089 9
50620 6
54730 6
51600 2
50960 5
46759 8
47690 1
51089 2
50809 6
47450 9
51880 0
47320 14
53060 13
50669 9
55070 2
54269 11
51279 8
59380 11
57979 7
51970 4
50350 14
48309 14
45620 2
51259 2
53890 0
50850 12
49690 9
50190 10
50749 5
52330 6
47330 9
52930 3
52370 6
56749 14
57440 6
52609 8
53640 2
61220 15
49899 9
46860 1
58019 6
50990 14
51589 4
48609 4
48670 14
50609 2
49830 1
55910 12
56669 11
54650 2
56060 12
50570 4
53490 12
50619 4
48610 0
45890 0
50420 6
63620 5
50689 5
48980 5
50699 2
51819 7
52600 15
54729 7
53120 14
54840 0
55630 0
52140 8
50200 10
51500 5
49910 14
45670 0
48670 9
53679 7
51660 12
50660 14
57600 4
51200 4
49489 3
49640 7
53459 5
49900 9
55290 5
55889 13
55040 5
54710 2
49450 0
49800 5
51259 11
51500 3
50439 9
58129 8
49770 1
52279 10
51650 2
56280 11
51779 14
57170 5
51519 0
57760 14
56770 1
49520 5
52210 4
48389 0
46400 5
50489 3
54289 15
55410 2
51269 10
47410 9
47649 15
49210 2
49300 6
49249 3
64100 13
48739 9
59569 13
56030 9
55059 3
51760 13
52710 5
49509 15
45060 9
58179 3
49670 15
50139 11
50809 5
50040 1
50139 3
58780 2
53879 12
52629 12
54630 9
72869 15
55570 12
49839 0
50060 4
50989 13
46199 4
57370 12
56469 11
50510 11
47409 11
47799 7
46610 6
49420 3
49239 3
55030 10
54109 0
60740 8
57039 1
54510 7
87569 12
53030 7
49640 4
47150 2
55010 5
51619 13
54470 7
49589 8
46609 3
51930 11
55589 4
54150 7
54320 5
56969 6
57410 3
53189 5
56410 10
56170 0
66359 10
60399 7
58249 8
54110 11
54689 5
58620 5
57399 2
57730 14
59649 7
61910 6
62619 3
62860 7
59190 2
56959 4
61310 11
58260 3
62239 7
70909 6
61099 7
58710 7
64490 15
56149 6
58870 1
60689 12
63700 3
61089 15
58310 6
57379 15
58179 9
62729 4
62079 5
61550 12
69379 7
71080 9
59170 5
60090 14
60419 0
58170 15
60869 3
60860 10
60469 15
62090 1
60000 12
63630 10
63150 14
57360 5
58039 12
62820 15
65500 8
71409 15
62949 1
62319 13
66199 0
57150 5
63980 11
56859 2
62550 8
63319 9
63670 5
56219 3
60780 7
57860 9
65640 13
59159 1
63789 5
74260 10
61260 11
61900 4
59100 12
54290 0
58289 11
63170 10
57689 2
62200 7
61539 14
59910 7
61499 12
60980 12
57170 10
57230 5
60359 14
60689 5
68259 4
57389 10
58320 8
58259 11
55450 12
57219 2
59590 13
58749 10
61009 12
58409 8
59640 6
57540 9
60399 2
56950 0
60589 12
59000 1
55839 1
65579 9
62519 0
62400 7
61870 2
65630 2
62929 14
58329 4
57670 1
60290 10
58940 4
63279 0
58520 13
57829 0
60660 14
57109 4
57130 15
61559 14
54309 5
64000 6
62380 4
59090 6
62269 8
60270 13
64389 7
55200 4
61699 10
58060 3
66229 1
57889 1
62420 12
59630 11
56060 2
55719 8
71690 15
57249 12
61150 5
62809 1
60690 2
60579 6
56070 14
65369 2
62770 11
61050 10
59500 15
58619 5
58029 15
63769 13
59529 7
61910 2
99309 13
59549 0
61259 13
64599 4
67649 3
65480 14
67470 12
60219 3
68850 10
62639 14
60359 1
64200 0
69110 14
63839 1
64709 12
66409 6
65699 10
64650 7
63850 1
64059 4
67399 5
63530 5
64920 14
62309 11
73049 2
60390 6
66269 15
64969 7
66319 7
66610 8
71210 14
67379 4
61329 1
63789 8
68159 3
64590 5
63780 11
70589 8
63159 9
59319 10
65259 12
60429 5
62859 8
66650 13
66169 6
61320 12
69959 7
63790 9
58949 3
60630 8
68729 8
66360 1
65679 3
63530 11
66449 15
60380 13
58689 5
74050 7
64329 11
59770 14
64809 7
75050 10
62029 5
63230 3
65399 2
64280 14
63229 1
66310 9
87569 14
74069 12
82849 10
79359 3
97010 3
79760 15
90219 1
86099 1
77270 11
93289 14
82240 9
102979 13
86779 6
87720 12
80370 11
82999 5
82130 0
84419 9
91499 5
82240 8
88679 7
83000 9
82690 7
84129 4
83799 2
82299 15
82309 5
84899 8
81260 4
78209 9
91450 3
74489 0
77969 12
82969 3
88199 8
87119 0
87209 0
94759 2
88449 15
88939 1
84709 12
103979 13
80810 12
87219 11
89199 15
81990 9
83859 5
100209 4
88740 0
88839 5
86769 0
89550 12
87680 15
100879 2
89329 1
87989 12
83719 13
97120 4
96260 13
95329 1
93879 6
84280 1
94199 5
91549 9
100620 3
77690 0
71829 15
81220 6
85629 9
88989 15
83720 15
86429 12
89849 5
83820 0
85529 12
96689 1
87680 12
86379 10
79039 14
81990 12
80019 10
84389 7
85069 6
83349 10
78050 1
93309 5
81399 3
93479 9
80669 7
94139 5
79750 13
85999 11
84889 3
82820 9
81819 13
75409 6
87369 15
81439 2
82090 2
106389 5
81649 15
85229 15
86219 14
80979 15
91199 2
93699 2
85199 8
93420 7
94039 0
86859 8
93559 13
94850 3
90279 6
83289 10
81090 5
88949 2
83849 4
90340 0
80009 2
76879 13
84139 4
96959 12
98169 15
89980 3
79469 14
77380 12
85950 1
88019 0
81200 12
88200 9
88499 14
86269 4
84169 3
92239 9
84099 8
83419 10
87239 13
83889 12
84929 3
93859 0
85479 15
86389 9
86929 3
78960 11
83970 9
92829 4
91159 2
88269 9
83519 11
86290 0
90250 12
91679 9
102729 1
99890 1
97279 6
87009 6
105610 13
102769 7
87769 5
83579 6
81390 4
84749 7
85589 15
86950 6
82209 15
85370 6
93310 7
101779 14
87899 9
90990 4
83650 14
93159 5
90489 1
87509 10
83349 1
85860 11
81090 12
77389 14
95090 3
76199 14
83270 15
81410 13
87329 14
101619 10
108480 4
106170 9
119449 10
94649 9
102489 1
110739 6
97209 8
98699 0
98949 10
104739 13
101920 13
95299 3
284098 11
111569 3
111679 4
102059 5
97669 15
102869 15
102249 12
102589 15
106089 14
93669 4
115230 3
86679 6
91469 10
87330 0
97159 1
99519 1
112409 1
107970 12
91030 10
139629 5
121259 4
96199 7
101209 7
106149 14
95269 12
98309 14
87379 9
99169 11
95970 6
117589 14
120719 2
94999 15
92550 0
96230 3
101489 14
100649 11
102499 15
104229 2
114959 8
94859 5
107429 0
100840 2
97520 9
102999 0
116289 0
96030 8
127719 3
114850 15
243938 5
109839 6
110919 15
91489 2
105800 5
112810 14
123079 4
118709 10
96929 9
108879 2
89360 12
87619 2
97219 9
93409 1
102459 14
107140 0
109579 9
104769 8
93309 13
130188 8
88810 5
94769 2
85709 4
100190 0
96679 4
92819 15
112579 14
96859 12
93409 1
120779 3
111049 15
95469 3
105260 7
95760 13
95599 8
81680 6
96850 1
82449 15
82259 14
86089 6
97829 14
88629 11
88340 14
87089 5
81510 11
82010 15
81789 15
88530 11
84719 10
81199 7
80490 1
106099 2
91199 6
100319 5
88560 3
90489 9
149039 4
353737 4
113139 3
109420 13
85029 10
81609 11
87540 15
95250 4
99049 8
95189 13
108540 6
99230 5
98799 2
115059 1
88700 13
86830 14
86789 1
92679 0
83890 9
89009 8
88559 10
76950 9
86089 10
79909 15
90459 3
82939 3
88349 4
87949 15
84869 6
82340 10
86260 12
93989 8
86080 12
93250 1
87759 3
92109 4
86189 11
86899 10
80770 1
86519 10
89669 11
82990 0
83500 2
88379 2
97359 13
87579 4
88939 3
98879 12
82310 9
82039 13
87060 11
89989 14
86599 15
85470 5
87740 6
91549 4
93709 4
79060 14
91249 5
85970 11
78190 11
77419 9
105129 3
88450 8
83339 13
87539 9
78350 7
83359 0
80159 1
84289 3
106439 6
83339 5
76509 0
88609 7
82049 7
86169 2
92829 9
89200 7
77009 4
84639 15
93099 5
132839 7
85559 2
85479 9
99369 12
90639 6
113829 11
93669 0
123809 2
122919 1
110719 0
112408 14
89299 0
79689 9
83580 12
75659 12
