142709 18
162988 15
200498 6
135859 0
130339 22
105209 4
69424400 7
61010 10
57659 13
76390 11
48769 16
95649 12
21560 17
184679 0
91149 23
118029 23
81309 2
58090 16
18820 17
90089 13
118209 12
2390742 5
158479 0
128589 12
89999 9
132679 20
171679 6
224298 19
113029 8
134129 21
109460 1
249849 20
86890 14
128449 19
22030 17
96409 1
79299 4
167019 5
76609 14
231108 21
139839 13
147309 7
99580 4
86929 14
79939 13
2682579 8
750794 21
100269 12
117759 14
80350 5
160579 1
67259 10
67360 8
79699 11
15790 17
98159 19
100469 20
95589 5
98279 9
37750 16
1721846 6
133790 10
242188 3
169048 15
86860 4
97769 5
113779 11
80120 10
108780 6
169108 20
60190 18
232408 19
116359 20
223608 20
170479 6
79199 3
82669 9
75819 11
6692809 7
267848 18
52890 18
170299 5
154039 21
136289 2
133619 15
113409 11
75950 9
93719 0
194188 4
103400 19
82019 3
90339 8
116079 6
78809 11
19030 17
115449 10
180308 22
115799 2
100109 14
1584948 23
84209 12
164489 16
293768 18
583675 23
388627 22
150939 8
204208 19
109429 1
99819 11
129319 14
153669 1
257808 8
12020 17
108999 1
189879 22
118010 9
560136 23
120889 14
401397 21
175059 15
121279 18
154039 11
154059 19
22469 17
117508 9
133710 0
13780 17
175899 3
266998 19
124589 16
124069 14
384837 3
8181578 8
119219 16
115129 19
76429 18
163909 15
213398 14
147269 3
190739 1
218398 5
201989 21
28870 17
326698 1
159439 18
189098 6
79810 5
296818 9
119268 0
410657 11
92909 4
82360 2
156939 18
77239 17
169439 21
224058 11
335268 19
374857 22
182628 21
273518 19
129279 1
81630 16
152179 11
160668 5
124689 11
113639 11
146368 14
142119 21
267108 19
161779 20
74909 13
64579 16
34890 17
98419 4
22900 17
149389 14
65850 17
208499 14
199099 10
156049 19
145289 13
174249 7
245009 22
131859 6
363777 23
104039 20
323427 1
21140 17
368357 19
190329 21
89529 13
154669 6
90019 1
59300 12
136659 19
10710498 7
80509 23
60099 4
143839 16
104429 3
187569 6
120569 0
117519 1
106619 15
86109 14
103360 17
177808 8
164639 11
249608 16
133879 12
90499 8
151999 7
88580 9
105399 8
187658 10
87919 5
68419 11
124669 9
240958 16
154229 16
76359 13
145268 2
345088 7
182049 19
102709 4
109499 14
154829 6
99259 16
111359 10
167329 9
193138 20
261518 21
95109 14
124168 4
106539 2
109889 12
142429 3
150089 20
199078 1
175559 8
180548 7
128509 9
337658 22
16620 17
82259 3
196598 23
96209 19
346427 3
148269 20
194028 10
222298 18
215018 7
121709 20
180129 4
432536 22
114599 5
207048 21
137999 18
183069 8
4252997 9
88239 7
142759 23
98000 12
410767 21
127510 18
81830 5
107009 2
192959 2
75619 10
105449 6
803314 9
125329 2
173679 18
264178 2
295878 4
99839 2
158879 7
112150 1
108319 1
85579 15
124989 18
426627 10
334197 10
222258 7
124429 4
139959 16
481726 11
134539 17
166199 8
135289 15
155679 22
191868 2
166959 21
165049 18
161829 9
129239 23
72660 5
341267 22
80690 3
97980 15
104939 0
90909 11
81290 0
104889 10
146789 21
70469 5
98329 19
74829 15
101259 1
110899 23
97040149 7
97849 21
15040 17
68479 12
141599 19
107869 6
86279 3
201599 3
92319 1
75689 18
103499 14
96820 23
142649 15
198588 16
190979 0
193868 0
167989 20
116429 4
85909 4
109959 1
114859 21
82690 12
85239 6
81130 3
364657 5
119359 15
275378 7
163029 19
174378 13
166079 1
175829 18
167008 2
167358 20
62480 16
134359 0
215078 23
47509 16
49549 16
283458 22
127379 11
117189 21
117949 8
148329 5
237738 2
118570 11
118188 5
328438 15
149249 10
226518 21
2845809 12
586896 12
9218110 7
67790 2
171159 12
61899 4
46510 16
106429 6
182599 20
834473 7
287488 11
130489 20
90859 16
117359 16
220598 0
180278 18
316167 4
192099 11
99759 12
82279 16
225708 21
125079 1
191689 22
110459 5
129199 20
51940 17
92679 5
125579 16
159719 8
165999 22
161068 4
95520 6
82779 17
120549 16
103609 13
139329 22
164269 16
115979 16
146899 10
101059 8
404987 0
37150 17
115979 1
143139 16
65479 18
421677 20
97739 9
400277 20
62880 16
105629 12
118229 1
234368 23
121629 2
68590 13
243878 20
269208 7
278388 10
208048 11
180969 5
255458 4
297077 5
141959 2
140139 11
117970 20
146199 0
117719 22
170248 9
106559 22
126119 23
140650 6
219869 6
270978 6
139448 19
66719 16
389707 19
268498 22
149789 9
84969 6
103419 18
118499 14
147679 21
361047 22
100729 10
87049 15
100680 20
106489 4
119879 19
156289 23
135199 18
95660 22
103619 11
115759 11
46900 16
113459 5
125599 23
106699 13
62010 12
74189 9
120619 21
73780 10
94810 20
136859 9
133279 0
98899 21
77989 1
92719 21
95729 1
78089 12
85350 21
36280 17
82979 2
96049 21
85479 20
95080 12
88769 20
84649 15
84169 1
77119 11
185469 20
111809 6
34969 16
85729 22
56069 15
55219 3
60100 6
57319 6
65070 9
53819 16
59960 10
52589 0
57429 14
84099 23
53660 13
62479 15
58899 4
59879 1
86420 19
102982103 7
296858 18
135739 14
117739 11
87709 6
603396 19
92619 11
163319 16
72379 10
291018 5
517326 19
139339 9
201789 11
193389 12
140109 21
189489 4
200219 7
179469 5
94270 10
128889 3
306377 9
82949 4
81869 13
201349 5
82419 18
108639 18
162219 9
159739 7
153809 1
177138 4
206469 5
71299 18
107409 20
125659 3
351558 3
247648 4
167749 19
123310 6
237708 2
44779 17
212579 6
201798 15
139739 9
74289 9
108869 10
116689 9
106659 0
139199 10
153699 10
174249 10
61469 2
106819 23
9911054 7
692335 7
130619 3
199759 0
137108 5
135059 9
75629 2
117969 20
105299 1
86769 7
92739 12
81569 5
59260 16
133989 8
184788 1
335058 1
142859 2
83159 12
239548 23
130779 23
201429 19
85669 7
326708 1
143308 3
100339 9
150678 13
205968 13
122959 2
379757 3
351537 0
146848 8
101529 16
114029 13
131369 15
284907 22
126348 15
192438 11
143709 0
555186 23
233638 21
85319 14
83569 5
214758 11
38720 17
130189 2
239518 19
99039 19
299308 1
201868 16
292538 23
204148 11
132750 15
369707 22
175448 10
488977 21
158038 9
93500 16
85419 12
33410 16
209818 20
167569 5
92079 2
85140 16
127759 21
58120 14
54610 0
83679 13
58400 14
63530 1
48420 13
61959 8
111589 8
96650 23
84709 21
62110 5
59270 9
54450 4
60489 10
67290 20
55479 6
57240 6
113229 21
82829 21
75190 8
62149 1
78480 21
33430 17
74410 22
107809 21
75080 10
31020 17
58430 14
33579 18
56769 13
54290 10
69819 23
78140 12
69540 15
69710 9
52260 3
62900 15
54829 3
53210 9
64809 21
55490 1
51689 9
68109 20
57169 12
29670 17
62500 4
87369 19
49490 0
28930 17
54250 13
47610 5
46779 5
27970 17
55990 9
75089 23
5979135 11
167829 7
178729 5
108039 22
236238 20
49500 17
103019 10
130819 7
115199 0
118589 0
168209 6
97509 22
141619 9
159939 8
73649 6
132629 19
107829 0
109409 20
218168 20
293328 20
219298 4
66499 16
169258 22
197679 14
151679 16
116979 9
57999 18
145389 6
189729 16
89169 16
269648 6
138549 23
251848 6
324708 6
358388 15
48079 17
235108 22
201838 19
428347 14
100719 4
413487 11
135119 18
203658 9
305648 5
118359 15
336577 2
101470 1
42179 17
166299 12
32960 17
75559 3
299568 0
276998 12
159889 14
75669 13
95599 21
64810 5
74779 6
93120 3
105910 21
59399 0
121279 5
303298 19
81469 8
81020 21
66499 15
82460 20
30590 17
31530 17
82619 2
72419 8
77649 21
55980 9
69220 20
60450 9
79729 19
66390 1
54139 13
57829 6
57680 2
100880 19
49039 13
29300 17
8162658 11
85189 17
145019 19
121179 23
183449 22
198758 14
135179 8
148189 20
102599 0
124179 14
156299 21
372487 2
199589 6
120629 10
309668 23
138989 22
48040 17
119109 3
177049 7
102869 23
117799 11
105909 23
147469 22
161999 12
195438 23
231548 21
153498 8
149438 22
253668 19
112210 4
95899 23
84549 11
121239 13
101860 1
151139 6
90849 16
138228 6
228728 23
72869 17
113229 14
73900 13
105099 21
156019 19
146019 4
179668 10
232219 21
100039 13
103779 6
109889 20
44310 16
53359 13
242749 23
149779 0
210149 21
67819 9
60550 4
34729 17
122039 20
77320 10
54570 13
118820 11
83419 14
74090 10
95830 8
59449 1
50900 13
169089 6
101289 9
133559 21
196648 21
187679 15
59099 17
104109 19
140889 4
89479 0
60149 13
65699 2
66850 4
92220 10
77349 19
59680 4
54309 3
55980 10
38389 18
73200 20
32870 17
9453728 11
94389 1
214948 23
88069 4
72999 13
146589 6
191198 6
104519 2
111559 14
109219 7
110239 16
139249 22
149109 2
74689 12
148369 21
264918 20
91059 7
80720 4
84599 12
104569 4
93559 0
153238 12
140279 23
179399 13
144109 0
161519 7
353097 21
116979 1
117319 1
194669 10
99680 6
165239 6
290697 18
127929 5
83499 12
208368 23
112619 20
69360 15
37070 18
112639 4
106930 5
65669 13
380607 21
176709 22
239638 14
117239 7
170489 18
226758 15
197539 22
153208 8
68010 4
123819 6
121969 7
233758 13
102430 8
109999 20
283448 21
263688 13
207088 10
151629 12
156929 14
139699 4
136839 10
340617 10
295668 23
132909 0
128629 15
133349 16
76969 8
9455248 11
66689 2
90100 13
29039 17
71139 12
9533997 7
54610 0
61669 3
80099 1
61329 2
75460 21
40050 18
93219 2
92649 20
46260 14
79600 4
52920 13
201708 0
96789 3
92040 3
81379 6
93509 3
71320 13
145448 8
109470 13
81499 4
117719 4
447827 23
110559 4
144279 20
133079 1
108799 2
265528 22
159639 20
316917 22
118769 22
199409 4
104149 8
134239 16
67579 3
101260 11
85359 0
63369 14
43140 17
104309 16
108339 2
83729 6
207329 9
131559 2
140629 21
99099 6
137510 6
124750 13
88649 14
62349 18
192379 22
157229 7
48739 18
166489 14
141069 0
297978 21
171038 12
118019 10
162279 2
171319 1
155449 4
199928 8
247678 2
122689 14
220609 22
75799 2
88459 2
78890 12
142939 19
226418 22
128649 10
64269 18
132259 3
71639 15
86249 6
258318 16
201299 22
423856 19
202619 15
36110 17
76829 0
228858 21
135789 19
72560 16
138109 21
94899 20
143619 8
77139 0
67680 9
52419 15
