366007 6
115929 3
450117 13
179899 1
272157 19
76130 4
113219 17
112529 17
77410 6
102929 5
98099 10
99529 13
62980 6
93629 3
50959 12
122270 19
326037 23
79990 18
44430 12
69520 1
107379 20
86459 21
70880 5
59139 1
66660 0
260118 1
37119 12
77730 21
59529 3
52820 2
47949 9
93059 19
39160 13
55959 14
69039 21
38929 12
59500 15
51519 16
57179 6
71939 23
57869 3
53920 9
36489 12
13330 11
72720 19
14540 11
72369 21
46459 16
70790 21
53080 3
94679 19
93459 2
52170 2
51209 6
56210 6
53419 5
51779 4
70230 22
42909 13
69700 22
106669 21
69390 21
54080 1
58349 0
52529 10
31100 12
56239 8
58289 0
53220 6
105919 2
57020 1
34230 12
77119 13
53909 6
51890 0
33649 12
54849 10
12400 11
30210 12
46749 15
74490 23
11990 11
52559 6
69610 5
52459 8
64516578 7
87719 8
69870 16
1937196 20
257178 20
102099 20
86539 7
132309 23
237778 14
90660 6
140639 0
130599 4
88989 9
151649 23
220298 19
165029 4
236348 23
148929 3
65869 13
255689 0
69080 5
141579 13
124579 13
108759 19
108099 13
92359 7
114209 21
104429 19
88269 4
106519 1
85010 23
84129 22
2139844 12
68839 10
283608 10
89379 0
206399 12
281668 22
131668 19
137139 17
75320 8
105649 12
142929 20
17410 11
41519 13
85350 1
73659 1
121009 17
131848 8
62979 12
60409 15
81799 22
1460259 3
39159 13
82040 1
28779 11
88539 5
65189 17
60020 17
16980 11
94419 15
174889 15
116209 8
149229 10
156139 16
133519 16
154428 19
100529 13
139919 17
61450 9
59000 10
98940 0
6890127 7
107229 22
145579 14
112799 2
2615190 23
66110 4
66019 8
144139 4
96329 16
78439 1
76399 17
73520 10
82989 9
258108 19
181589 21
718724 23
169459 13
180518 20
175568 15
177739 17
133919 16
178419 3
248169 19
153878 13
185368 21
142279 14
143739 22
92789 4
198039 5
103279 3
190888 18
197599 1
283238 3
80419 3
78079 7
72549 16
83589 16
134109 0
25600 11
214358 19
94689 12
150448 0
231658 0
129509 22
160649 10
146159 9
145759 3
110220 15
86319 3
46949 12
75320 0
384507 3
8205337 8
68210 16
101849 17
137769 15
446366 8
74979 10
194478 10
152858 11
130829 17
94030 13
147628 6
266398 5
145598 18
134089 22
108360 17
250249 0
336777 21
243138 10
196309 20
144250 20
128839 1
166658 23
136989 0
318858 21
81989 8
111129 7
157989 21
124469 15
156359 14
151999 4
190568 5
145439 14
307098 19
31850 11
206109 16
259858 5
163679 2
200028 18
148319 23
208298 20
184718 22
217228 22
161099 16
17560 11
181569 21
435717 10
282008 21
196239 19
121849 15
146298 20
131659 18
154990 5
194459 22
134019 7
146449 13
115759 15
174489 16
26970 11
13290 11
147639 0
316888 15
93719 15
175319 17
65549 14
63330 0
62329 18
77249 5
82620 11
103329 13
101369 0
160739 20
121799 22
43910 12
85519 2
58290 15
58579 13
57730 4
112229 15
14990 11
54379 10
132268 5
319907 22
62619 13
373367 22
56159 8
108900 19
59010 14
79390 21
52310 5
33440 13
55419 3
50370 5
69709 21
13359 11
58390 9
12530 11
8359386 7
81889 12
239319 20
77119 4
46440 13
172879 4
232008 9
156699 6
242498 6
98870 0
118349 18
127939 5
150258 2
109719 5
179108 1
196279 5
109949 12
96969 19
94330 10
67869 6
329198 19
160258 12
127149 8
36050 12
102639 14
114989 14
170719 22
149019 19
162819 15
519896 6
123089 3
410037 21
131849 14
120539 21
99329 17
172529 1
74019 10
431447 18
270278 16
106979 15
173968 0
132750 10
106120 14
354227 19
231808 19
32250 11
317848 22
106210 16
169018 3
250647 1
480236 22
226758 8
91509 7
120690 19
88680 1
4115618 9
66619 17
39590 13
124189 4
101019 5
268048 17
100149 13
189669 18
102299 15
21550 11
85689 3
137739 4
115839 6
130739 22
131219 7
164499 7
123509 22
284258 20
113649 12
287038 18
201268 2
414727 23
212558 0
52390 12
102659 20
95339 21
99999 5
83359 17
117199 17
238468 3
111480 17
258558 17
206999 1
156419 8
159288 20
132999 11
150469 12
68790 15
177808 23
139359 21
162879 23
89589 5
137239 19
174489 9
163429 9
128019 20
135969 19
99349 6
485226 22
149529 18
97657404 7
74859 15
75849 8
78430 14
75240 3
197018 18
112169 0
200659 3
106939 8
207698 19
177238 13
110659 18
214489 4
172159 0
138549 23
78240 5
276267 21
214018 18
195449 16
277197 14
45560 11
243548 19
156609 18
225108 0
142069 20
120889 2
214958 19
194169 17
226558 17
126209 12
16620 11
190349 18
215218 10
209079 21
194668 7
253328 13
276938 21
280058 2
146169 6
20839 11
173128 23
115109 13
255738 0
111839 22
378928 12
122059 16
95489 19
305088 4
54979 14
115889 9
76040 14
1972385 12
85429 15
33640 13
9272779 7
67760 4
80849 20
45269 10
77850 6
56570 14
100700 21
1033882 7
129349 0
155948 18
179719 13
215999 5
177348 14
138479 22
114239 15
114109 6
202448 22
189358 2
146139 17
95050 9
268018 20
102470 5
228788 12
221918 20
81080 16
135469 10
166139 8
212049 15
153659 21
192568 13
133199 1
240528 10
146249 22
44400 13
88539 17
277868 19
126519 15
78120 10
220459 16
115769 4
138519 19
153719 2
122279 0
250288 20
129149 4
113739 0
374457 5
143379 13
44780 13
47789 12
90850 10
319017 5
118369 16
236429 22
135879 0
205249 15
176369 13
130750 7
382957 12
175778 2
101930 20
128519 16
342858 2
116139 6
111799 14
255188 6
184659 3
155499 2
397797 20
103289 4
193718 23
305208 16
125669 12
143659 17
160039 6
66719 15
247458 19
226169 21
101850 18
203168 21
160449 19
125699 6
60679 12
100199 8
74479 6
39930 13
118249 9
159289 22
115239 8
83059 13
104929 16
86799 6
81829 5
141689 6
88659 0
103040 5
61750 18
17010 11
65129 0
65629 14
116629 21
131819 14
59849 17
70529 1
81379 8
80129 1
70589 2
80900 8
89649 23
72889 16
57259 9
72339 1
44140 12
56710 9
39630 13
58199 12
64409 17
77000 3
130109 20
56439 14
77769 16
67459 8
57810 17
80199 21
74170 19
54979 5
48470 9
52700 9
85880 19
78359 23
65730 6
36970 12
61260 1
76280 20
60360 2
74649 22
52550 18
71389 21
65640 6
29770 12
47899 4
30380 12
47230 3
50589 3
47690 18
102940084 7
352247 7
528796 14
152479 4
818214 19
184008 3
230768 6
107470 2
150649 11
176669 15
93279 9
86590 14
122470 0
114639 21
104979 1
235168 23
199389 9
127139 9
240168 7
170409 8
235259 6
217908 3
146219 4
112399 2
46780 12
103229 6
299238 13
43889 11
161879 7
120509 22
266918 19
200039 16
159649 6
114090 10
103950 20
228958 19
190419 16
106510 5
72649 5
73969 11
85320 10
255348 23
166939 2
181508 16
86890 18
73179 14
72300 16
10113613 7
74150 1
116489 10
147519 15
120879 23
204818 2
176229 2
308567 23
167539 22
216008 4
135399 0
237168 4
261438 12
79389 16
151349 19
226028 19
127339 7
234888 15
124790 14
68050 12
318928 2
134879 3
67310 10
196108 2
246747 3
232629 10
107069 12
194978 1
34179 11
36200 11
122399 13
106409 15
464977 0
191388 10
170149 14
105799 5
123569 9
52550 10
81969 12
289098 10
221898 2
111939 2
149259 4
234838 14
66470 17
89949 7
440997 22
148659 23
98229 12
126589 17
176229 16
191828 18
156009 4
174319 18
137709 16
218848 8
198308 10
76499 16
185738 5
151989 9
63900 16
10122183 7
142699 18
145419 6
125989 8
215629 23
200428 19
325648 10
115699 12
230968 4
280288 0
96519 14
213558 12
97519 1
367557 3
138239 10
74709 13
132499 8
196749 9
180228 9
101870 6
192328 8
380517 8
252058 23
185179 5
187558 14
124439 22
111409 16
111999 3
378747 20
158299 4
220598 5
220718 6
106620 2
113639 14
48849 11
94509 18
384717 14
50310 11
169199 21
226018 15
210648 10
96270 18
210038 13
85970 13
119430 4
217808 17
50329 11
225248 16
131259 15
192998 14
353988 2
162108 0
39420 11
75640 15
184979 18
696475 11
69933875 6
139359 16
91160 1
142209 0
90759 19
203169 21
142319 12
178819 21
89109 22
74490 15
76749 0
56490 2
74109 23
58920 14
58549 14
52770 18
58789 0
49369 13
52980 18
23270 9
48050 3
48740 2
67839 8
69470 21
71569 20
7963829 11
130482963 2
198128 6
78739 18
87659 22
180968 2
67560 12
72309 23
199430317 7
92819 19
239529 5
204228 0
206548 1
108119 21
81269 15
215808 4
48168242 7
70080 15
89759 19
183048 0
173149 4
174379 0
80099 19
169719 5
60149 7
209708 3
183839 5
59230 12
168379 5
79959 8
164889 5
31520 11
175388 5
164349 5
172819 3
167839 3
162038 1
75220 14
168078 5
79530 17
71449 9
70290 13
29620 11
83259 10
53619 7
195078 6
68750 18
79630 8
94969 22
61479 13
52109 13
70200 7
75029 8
66509 18
72750 9
173059 3
180218 0
172509 2
65810 12
32820 11
65890 9
73429 13
46250 13
86479 19
159939 0
63409 17
174669 2
173339 4
164598 3
60319 10
164959 0
75209 8
60530 16
29109 11
90739 22
92359 22
53450 7
54239 13
159599 2
64110 17
71709 15
57670 7
45709 12
37030 11
28570 11
97569 23
98889 20
70780 8
164738 5
110920 21
74879 17
63230 13
69439 9
157599 4
76199 8
63220 13
173848 6
63319 13
68170 16
55870 9
87969 23
169879 0
62600 17
49089 13
165419 2
84219 16
66720 16
65619 17
66290 18
76019 19
64810 16
174388 0
67650 17
164628 5
90079 23
70179 8
89230 19
146059 5
169939 3
65730 10
64009 14
166079 1
71820 14
98560 23
80629 8
199439 4
166718 4
150139 5
73759 16
84139 13
176638 6
68299 8
87630 20
77799 15
56129 12
123110 23
76899 19
162589 3
159888 5
66620 13
87339 19
87930 23
73160 14
101859 22
163579 2
61569 9
171858 2
77930 19
159408 2
178279 6
71900 9
28330 11
196809 6
65579 17
62440 9
95639 21
91259 20
172389 0
58240 12
149548 0
67429 12
29470 11
114999 21
155739 0
68319 9
72399 8
171519 6
157899 4
58370 13
66459 17
74319 19
175379 3
87209 8
60550 17
158609 4
158628 3
96519 22
25710 11
64909 10
152799 3
90179 22
181859 2
148349 2
65639 14
163729 4
60070 15
74019 12
29060 11
160369 4
149979 3
78779 10
27469 11
98609 20
172508 5
68599 16
166089 0
184868 5
66580 13
156219 0
175758 1
172959 3
163719 1
