120569 14
49900 3
45379 13
44340 9
47309 3
64210 12
68160 1
62109 1
60509 6
58190 5
63670 2
74529 13
60179 14
59790 3
56550 4
58139 11
59500 7
62709 2
60400 12
59619 1
63550 4
62819 5
65009 5
60610 9
61740 0
57190 9
57779 12
72209 13
58640 3
57420 2
58569 1
61980 3
68249 5
56220 14
66079 13
58820 12
61259 7
60440 8
59900 6
55999 15
59160 3
58179 9
57420 12
67639 3
59170 3
57669 3
61970 5
54740 8
61719 13
56220 3
60399 3
57760 2
62409 10
59580 6
60609 14
62080 5
58249 12
61150 6
60550 5
62719 6
74129 5
58140 5
63790 1
57990 0
54900 10
62119 4
59230 8
61079 0
60480 14
61789 2
64450 9
62579 12
60640 5
61049 14
58770 0
58939 12
75780 10
62209 11
62420 4
60819 7
58440 7
59099 3
59840 14
57720 5
60659 8
56310 7
66979 8
58990 8
62309 4
66560 12
57309 4
64490 15
66619 15
59110 6
59850 14
59570 0
60200 4
61109 9
59459 7
59480 11
63750 12
60189 15
59240 3
68069 5
69970 8
62219 5
62160 13
60979 5
72410 11
56829 5
60540 15
59159 5
63410 3
63159 4
63330 1
57940 15
62659 6
59509 12
60560 10
57680 2
63669 8
66350 12
65379 14
62620 3
77259 9
59940 8
62569 12
55480 12
55349 3
56020 5
61250 9
60229 9
60090 1
55959 0
58680 12
62099 15
61410 14
54889 3
58810 13
59829 9
62050 3
73299 5
55620 1
57370 1
57640 3
62170 7
55019 15
60659 0
66890 2
58290 8
62139 8
64440 3
63269 13
66250 1
59489 1
62020 2
65849 8
10132603 15
61470 6
49920 14
50230 10
52869 7
50450 4
50889 0
48459 4
50280 8
50829 1
50319 9
50320 10
51439 1
50780 3
52759 5
54019 7
48980 13
50939 12
60510 7
50829 9
53309 8
49170 11
50679 11
46650 5
50979 13
48600 6
49510 14
47569 4
50309 5
48640 11
48819 2
51020 1
52219 3
51469 3
54220 15
46449 8
49390 0
50820 8
59099 11
48190 3
49659 12
50009 0
52230 8
52289 14
49860 2
49759 1
44999 3
49020 15
47479 3
49340 4
48210 0
54999 11
46410 0
53899 0
50179 1
48710 7
49799 0
48400 2
57699 2
42069 3
52340 9
50159 5
48290 14
49299 5
52459 2
48970 14
49379 9
50639 8
47960 13
46629 10
50180 4
51280 12
48430 9
48760 15
46720 8
47890 5
47780 8
54949 7
60540 13
47889 15
56760 14
50040 12
50639 13
50750 14
50150 3
49370 3
46230 8
46749 5
46419 10
45600 2
45259 7
48009 4
57100 6
49039 6
53200 8
48069 11
51269 5
48250 2
59609 5
47610 11
47869 15
47789 4
50790 2
48999 13
42740 14
55240 15
50109 5
51180 7
56270 8
51749 3
49900 3
48749 8
45030 15
46770 15
48240 1
49300 14
48749 8
51250 2
60650 5
50999 11
49730 13
45370 0
47460 12
45690 6
47419 4
50159 2
49760 15
51249 13
47540 12
48350 15
45480 3
49950 10
50600 13
50520 14
51980 5
47759 14
54170 0
49509 3
64129 14
53240 13
49069 5
51120 5
47789 3
50959 5
51280 13
48639 11
51420 1
51400 11
49649 15
51190 4
49759 4
50050 4
48540 13
50389 4
52730 1
44970 6
53440 6
48030 8
58189 2
45140 5
51120 2
41709 5
42550 9
46520 5
49200 4
44860 11
43659 2
46979 14
48240 3
40220 4
47540 8
48970 12
46249 14
46810 6
44340 6
42589 11
45260 15
44920 6
40999 3
60320 13
46309 14
44719 5
39290 9
46860 9
46180 2
41200 2
42920 8
45640 7
46380 8
44809 10
43620 6
47840 3
45559 11
48899 3
50190 14
43089 8
45520 11
50799 1
46019 14
50710 0
41899 15
10059334 3
56690 9
44540 9
48160 9
49909 13
44950 12
42050 13
46969 1
46580 5
43780 10
43879 7
46180 3
47699 11
39490 12
49880 14
43629 14
47989 15
39470 15
248878 6
48700 4
44379 12
45840 10
51960 10
46029 7
53750 8
51989 4
49830 12
48120 13
47379 5
48110 1
47529 9
42749 3
45570 1
45739 1
47499 1
40860 0
45810 4
49810 11
59099 12
43279 15
47410 7
47299 5
45089 7
46260 5
48270 3
45019 1
43310 1
46989 12
46149 11
48780 6
47870 14
45460 2
46490 15
42769 7
50090 0
45960 6
49059 11
44280 10
47309 8
59829 11
44670 0
42720 11
48929 5
46190 2
42579 12
43720 8
49780 7
42529 5
48380 13
45250 10
44259 0
44210 14
49690 3
45870 3
47180 2
47390 8
50160 12
44290 2
46489 3
45350 1
42480 9
58249 4
44440 3
47059 2
52629 10
49660 13
46980 7
51060 5
50430 13
43269 10
47650 6
47670 3
42719 7
42910 5
48179 8
46180 14
47510 4
49369 0
46339 11
45500 4
56580 6
51429 1
54970 6
43080 4
50900 7
53339 5
43179 15
43190 12
45790 12
45980 10
44540 6
43119 6
46520 13
46480 7
44319 8
42570 2
45540 5
46369 13
44380 14
44719 6
46959 7
48350 6
48060 6
60140 2
47750 1
40659 1
43550 4
46590 13
47289 4
41110 4
47570 0
45199 2
46870 8
46150 7
61449 5
46390 13
47300 9
48979 2
47140 6
44129 13
44190 9
49810 3
47049 7
41510 10
49819 8
47989 12
40550 3
44320 2
43869 0
50900 4
47690 4
43210 0
43770 13
42149 13
42760 5
48450 12
43400 2
41889 5
51560 8
46399 6
49209 0
43750 7
43740 5
45090 7
46130 4
44939 10
48840 4
38360 8
47379 10
46090 6
46880 6
45539 14
43480 11
46050 2
50110 12
48470 12
47610 15
43970 8
40630 4
41109 1
42209 14
48870 7
49700 11
44130 5
46230 10
47589 13
43280 11
41180 6
59119 12
42850 0
47169 6
47610 5
42110 9
40410 14
39720 0
40760 5
46680 8
50869 6
48340 5
44279 6
51249 0
56710 5
46329 10
46260 11
45620 8
47379 14
50280 5
55700 14
41840 1
10061273 1
40490 8
39220 9
40669 2
42119 8
38700 7
39800 8
35240 9
41250 9
46259 4
36549 1
39900 13
39970 12
40420 9
39690 11
43210 4
42940 14
44530 0
39990 8
45949 1
36259 5
42010 3
38050 13
43130 1
39640 9
47990 3
40180 15
37010 14
41400 12
44339 1
36290 12
42910 2
39669 14
40230 10
39770 13
38999 6
43939 4
36340 4
41530 4
36779 3
39550 3
37810 2
37940 15
41260 15
38980 14
36390 12
39399 3
40100 3
38110 14
35649 10
51239 11
37180 15
38219 1
39920 6
36650 8
37750 5
36619 1
39900 15
36600 1
36310 9
36530 15
37210 0
37809 14
38620 11
37620 4
39010 2
39339 12
43860 6
37680 13
38309 3
37479 7
38440 14
38299 11
35750 0
38190 6
38680 2
51389 12
36550 11
37420 8
37729 13
38489 13
36300 11
38439 10
36339 15
38390 2
38350 8
37550 10
37650 14
38050 8
38199 7
38009 1
39080 10
35680 15
37150 15
36279 2
38960 10
35910 15
42089 14
40000 4
37750 8
37390 12
38760 12
47550 8
39040 3
37289 3
41850 7
37970 15
36250 14
39920 4
36700 10
37549 3
37519 10
38510 2
38219 11
38990 2
36670 12
37980 9
35419 3
39520 3
39160 13
37780 7
39610 8
36970 10
40499 6
35599 13
38390 9
36770 10
37870 4
43859 10
36830 10
35259 10
35939 12
35610 14
34870 9
33989 15
37499 6
35610 15
35180 12
35239 9
37239 8
35170 10
35039 4
33019 2
34920 8
34570 0
38620 2
34759 0
35460 5
34780 9
34020 0
34099 15
33940 2
32950 6
35149 8
34880 15
34090 11
45060 2
34740 4
34230 4
33840 0
35709 6
35179 4
34680 1
34310 11
35690 2
34039 13
34350 8
35829 9
34889 1
33120 6
36470 0
36750 0
34320 7
37050 13
32330 6
34210 6
34480 8
36690 3
34940 4
34409 4
33060 13
35390 14
32849 10
33709 6
42830 11
34110 2
34600 14
33439 3
37740 13
34100 15
36489 2
34140 10
37980 5
33529 5
34530 12
34730 9
35410 3
32279 0
34469 15
33070 14
36220 10
37720 8
41159 3
38030 7
40629 2
37949 11
35020 6
35420 8
34580 1
35200 0
32850 3
34080 5
41699 4
34709 13
34240 6
34680 7
34119 8
35070 2
34350 15
34529 14
34670 14
34340 10
39280 8
34100 13
36919 2
34580 9
34580 3
32940 10
34499 8
37310 13
41079 12
40560 3
40820 10
39890 14
39209 2
34020 6
36780 10
34429 12
34750 7
37370 15
48760 3
36379 5
33330 8
34810 1
33859 5
35799 15
33770 4
34730 15
33749 7
34789 3
34680 8
35990 12
34709 8
34779 11
33660 13
34920 15
37799 3
41330 13
40540 12
38720 13
39659 0
33200 5
34020 3
33020 5
35330 13
33280 3
35170 3
10107974 9
37040 14
36550 5
35700 1
36979 9
35120 13
40190 3
37569 10
35019 7
38270 14
39499 10
34589 0
40930 6
34400 13
39789 13
34959 15
39820 0
37650 2
35260 1
32960 3
39210 0
33840 10
36669 4
34460 11
35330 1
35749 13
44610 5
34720 3
35319 8
34630 1
35060 2
35940 4
33330 11
35089 2
34910 8
33620 8
34130 0
36610 3
33380 14
37229 14
35639 15
39870 13
35180 10
37169 9
36890 7
35850 15
35190 4
33960 11
34859 3
34530 7
35250 4
33899 8
35870 5
36560 5
47070 9
33639 13
36880 1
35920 12
36249 8
34860 13
33580 14
37009 5
33280 0
34270 1
34260 7
35509 0
33839 1
35130 13
34240 2
36180 0
34970 8
40720 9
37070 10
36670 3
35940 0
37140 8
34820 1
35739 13
34710 7
34250 0
35170 11
33300 13
41070 11
34029 2
35590 6
36580 1
36450 14
34390 15
35659 8
35730 4
36490 12
35810 13
36950 8
38200 5
34580 14
35450 8
34560 12
35810 7
33149 4
36120 7
36930 3
36340 11
34119 5
35940 13
35150 3
36259 7
35180 6
36360 6
34190 2
46879 1
35930 10
35500 11
35549 2
35619 14
34910 1
35560 3
36360 14
36729 9
35080 9
34050 5
36569 4
33400 8
35560 12
34350 8
34969 12
32800 11
37980 5
38820 8
38080 1
38890 8
37060 14
34939 4
34619 13
40360 1
37079 3
33549 3
35770 0
42600 1
34949 4
33269 3
36110 6
34970 11
36669 2
37810 3
35560 6
37570 2
35469 10
35490 6
34330 4
37129 15
36089 12
36430 11
34610 12
36090 11
34440 2
35170 11
35909 12
35829 13
35320 8
38250 0
35939 13
35310 13
35720 8
33299 1
34349 3
47410 9
