197619 11
109379 10
105809 7
105949 22
111049 14
119399 23
101179 1
103529 8
103150 18
112329 6
119539 8
108419 6
116679 23
105030 22
119670 11
103710 14
112419 21
102019 10
115749 10
111440 21
106449 19
297348 9
113699 6
107489 20
102120 0
106290 21
104899 6
101209 8
104239 16
103060 23
107939 16
114819 20
106509 0
107629 18
111299 16
104589 14
113059 21
111050 19
104380 4
109189 7
116809 5
105739 15
111360 12
106069 0
118419 19
104639 6
109739 23
106050 18
107610 12
123759 18
108059 4
102810 4
117899 1
111870 5
108869 3
106059 3
113599 8
111909 9
115289 19
104399 6
105779 19
111879 9
106630 8
115449 13
104359 8
112919 15
112879 1
120340 1
105589 19
111619 17
107169 22
110649 20
108090 5
114629 3
111809 2
106429 2
159939 22
105489 18
117050 2
113349 15
113759 6
114189 14
115349 21
107449 18
117450 12
118979 14
109519 9
111779 13
105109 6
114890 6
104509 5
111199 17
113209 19
113560 19
119119 23
160110 11
115999 4
107669 20
111119 8
121279 22
109489 14
109540 16
118050 10
111209 13
107029 19
111649 5
115750 18
109679 6
108409 17
126169 22
113169 7
124589 7
111080 19
110600 6
113489 3
105449 18
110849 19
112488 11
106659 0
114199 20
119989 10
106709 19
114100 21
112469 13
117489 12
114209 9
113799 10
125319 22
107720 2
120649 12
106039 3
111189 15
112189 1
114710 13
110299 19
109439 5
115419 22
118329 14
108720 5
115689 19
110259 22
111169 21
116339 19
114429 20
112370 9
108499 17
123149 23
108459 6
113999 6
110950 8
103040 17
115799 23
110849 21
108380 18
120319 16
130510 0
111169 9
118409 18
112119 11
122859 11
110770 16
105039 15
110529 2
106169 14
143389 16
107269 4
111110 15
113989 23
124879 6
114659 21
118169 10
108590 6
118099 5
114350 1
112489 20
111719 23
115109 11
112019 2
117968 19
108940 6
105189 11
119929 19
108949 5
110968 14
111410 7
122069 0
110689 1
113959 3
107749 14
127309 13
124189 9
102319 9
114759 16
113469 1
110139 21
110020 11
113989 22
108659 7
114709 13
125449 2
105899 14
111269 8
112339 10
115189 9
111060 5
111119 9
116259 8
117439 3
113049 7
112839 8
110760 0
112590 16
107889 6
115659 4
108260 3
111770 4
115859 23
116059 22
118819 3
116279 17
119070 6
108599 16
111039 5
112649 9
114649 14
123189 18
109879 23
114689 5
109949 0
105629 2
108539 11
109429 23
124819 16
125379 2
125729 7
116119 6
111889 17
102310 15
108429 3
108929 23
105799 3
105599 17
113990 23
126039 9
113429 10
102319 8
108519 20
107370 11
112169 14
104279 0
111599 4
106039 10
160078 15
99380 7
103349 12
104459 22
119119 22
107579 18
108390 12
109369 20
111699 23
115049 2
117820 18
111750 17
107939 9
118529 18
108969 5
112809 8
113568 22
108619 15
119679 11
108529 4
112429 3
105860 9
118190 12
105159 23
112549 9
100840 13
118508 14
112379 9
109259 2
116459 20
113529 10
112189 14
106380 8
114669 9
107929 17
104089 23
112160 13
106749 9
111239 7
106419 14
106410 1
116449 18
108299 12
110269 5
111279 18
121179 9
111820 21
109849 2
109699 5
108449 9
113170 0
105290 13
109189 3
109329 21
121349 5
108669 6
108070 18
120629 5
116829 9
109699 2
108350 10
116809 6
109609 18
116949 8
111479 8
113069 19
121499 10
107050 4
102129 2
111599 10
113079 1
107659 12
122509 6
123229 20
111209 23
105169 15
114840 15
105529 7
108289 14
110109 5
108549 11
104439 12
111069 3
110969 18
105209 19
109729 3
108359 21
112679 6
107649 21
103999 10
152039 11
102590 13
115810 17
106339 2
112969 14
108269 0
112619 14
108750 0
116799 17
107259 20
109459 2
108690 1
110770 20
120609 2
114249 17
109149 19
110189 5
118739 11
110379 1
111409 14
114999 1
107079 8
105030 21
105629 21
103889 6
113059 4
117920 22
97649 21
115389 22
115669 9
117169 19
113619 9
106820 20
106420 16
109009 7
118559 2
103589 20
115220 8
110339 14
118789 4
113849 20
105880 6
102709 7
105789 3
115499 19
110869 6
107799 3
108699 17
112879 7
109579 7
109009 15
110890 20
114149 15
124729 7
110699 17
115809 8
109890 16
106710 14
110569 22
105789 16
112129 17
111339 14
113200 17
105749 21
112749 10
115729 10
113549 15
105509 21
111679 15
115739 4
110239 6
119880 19
106289 23
109399 3
116689 13
113519 13
120529 2
114489 23
107230 10
111999 4
125849 17
101759 1
114369 6
121359 22
114119 13
107909 0
110119 15
109690 13
102240 16
155989 19
118839 21
102319 16
111279 3
112910 11
112870 5
107409 16
114099 18
125199 21
112079 7
105849 7
112970 13
109209 22
109039 7
112989 5
107020 5
113819 13
119259 3
108489 19
105859 6
106609 16
116860 19
109479 9
105149 19
110349 11
103570 10
124399 0
109119 23
111329 18
101810 8
110979 20
111119 16
113229 12
113859 22
112379 11
121380 22
108570 7
112329 0
107239 15
112209 8
109960 7
108840 13
111159 18
110419 10
122799 16
114300 20
111719 4
129119 5
124059 21
120989 22
126179 18
121519 6
127059 9
122569 14
113840 17
117489 18
121449 4
122959 15
116179 23
118069 20
123060 10
124579 10
118339 6
122889 16
123829 10
119939 11
119989 18
115509 1
126599 17
125519 0
103099 8
119739 20
128949 6
125859 13
122409 10
120150 1
116528 9
138588 19
118180 12
115219 3
125459 3
123789 14
117349 17
119349 17
119930 14
122360 2
152728 7
113010 16
114979 18
113599 5
124779 19
120179 19
115430 23
124379 5
131009 8
116029 4
111979 12
126119 6
114519 2
123080 6
118789 5
114229 12
127979 23
107479 1
113799 16
118530 5
114850 21
120870 0
116619 22
126279 4
136609 16
124699 11
118489 20
114659 11
116640 8
117439 14
122169 19
119959 12
118729 12
124069 18
173669 18
110299 13
125929 2
116879 16
123999 21
122829 0
122349 22
123099 14
112189 20
113549 14
113230 4
117460 14
124069 15
111449 4
121679 14
130249 14
109459 15
118080 15
113449 22
127669 10
117789 20
125869 22
112989 23
114479 8
131850 12
118070 13
116869 21
119989 8
125209 13
114329 15
115749 20
116630 7
123479 14
109249 13
120999 2
134129 10
123169 15
121619 11
108569 16
121079 13
131669 17
112689 21
118919 21
116619 20
116959 19
116549 18
112399 9
114479 3
110689 21
163389 14
122669 16
129989 4
131079 12
121159 5
120059 7
117499 18
125319 4
134139 2
112279 13
119859 9
124549 1
122319 18
123719 19
125310 11
116870 5
138109 12
125789 12
115569 13
132049 11
142469 17
123509 15
120179 6
115939 0
128200 3
113279 12
131759 22
125719 5
124349 22
120019 16
130019 3
119259 19
135229 19
120989 21
117190 5
125599 11
124549 8
120919 21
127919 22
125719 15
130039 22
115089 4
121979 11
133039 17
115350 20
121379 19
122859 14
132469 20
138539 15
119299 18
122849 10
130929 0
129909 21
128449 5
128179 10
153859 22
131159 19
130509 6
138810 18
128119 18
140239 9
130499 21
163728 7
142399 3
132100 20
127890 10
126928 20
129820 14
128719 21
128209 5
144979 10
121059 22
135359 9
136839 5
130199 13
130199 18
128709 10
121269 20
172099 23
101639 21
103970 19
107050 10
112489 15
107029 10
114980 1
102069 0
111699 11
109449 8
112169 14
109740 16
108059 23
107579 14
113459 12
116039 15
100549 2
116399 16
119619 21
111259 21
110069 3
113830 5
110630 4
109069 1
113069 17
110189 20
108559 21
119560 13
115569 6
112419 7
105269 1
110040 10
109809 21
111289 16
108169 0
123079 3
108709 17
113449 23
117699 1
115379 10
114849 21
116259 8
106560 12
113239 23
120909 16
111899 4
111009 21
116189 15
107579 22
111279 19
111739 7
109219 5
113809 16
123479 5
107280 11
109629 12
108379 3
107669 6
114230 8
112910 5
105959 16
105879 2
132969 1
111029 13
107339 1
111489 12
116299 2
117089 3
116829 23
105160 5
107269 15
115489 21
112189 16
111890 22
109360 10
103229 4
107419 12
106859 20
110020 11
106209 6
137939 11
108719 10
120589 10
128529 20
122589 12
127970 18
115050 8
125959 5
174859 11
125479 8
140608 19
136379 10
138539 14
132930 10
138819 14
145788 8
120779 5
128989 1
145689 14
134359 17
126029 23
140619 9
135609 19
141149 12
125709 11
136489 15
132819 17
123799 22
141529 1
136749 15
146359 1
134529 8
131619 12
127219 9
134959 0
129159 7
135039 15
148869 21
123839 7
131459 15
145289 2
128689 23
136188 0
144979 5
134428 19
143008 4
129299 1
131679 19
137508 8
136610 21
140088 16
138559 12
152249 17
132088 8
134568 10
132720 6
144339 21
132299 4
130909 22
164688 22
124209 11
133239 11
122449 1
134299 13
144329 17
128699 14
132689 6
134609 16
125009 8
124299 9
127749 5
124560 15
121368 19
119099 5
131949 10
128339 14
116119 23
122509 17
129299 9
116059 22
128529 2
122239 15
124490 22
167668 9
124299 1
115619 12
112619 10
110769 4
119159 1
123289 18
120469 6
130439 13
117139 19
120719 21
112309 11
123109 0
132099 1
122539 19
120440 9
124659 0
116020 1
111119 13
121879 5
119719 20
115730 20
121590 10
116650 3
124869 10
110459 23
120059 3
125259 23
112150 10
314347 8
116369 14
130939 12
111090 22
111590 18
109899 1
126649 13
114619 22
118249 6
114309 17
114419 15
132659 16
122859 8
118449 13
115939 14
125879 23
120969 0
115388 1
120370 18
123549 14
119459 19
117489 12
123019 10
111379 19
140339 15
119448 12
114589 4
123019 15
116439 9
109159 5
121490 7
115879 8
115520 17
124079 6
112509 9
112409 9
116049 2
127299 23
118079 3
124129 0
120739 9
116529 17
116729 3
110570 17
130328 17
112580 3
118669 2
121289 16
115029 23
118919 21
114199 14
111179 11
122379 10
168679 18
115509 2
121619 16
124529 12
123269 6
116899 20
116729 6
117248 11
132690 6
114339 14
126269 19
128259 8
116519 1
120649 11
113419 11
118599 1
128629 20
114639 2
120949 21
129429 3
119669 11
123809 6
124300 5
124890 9
133219 6
111169 8
115749 22
126169 0
119159 2
137419 15
123759 19
125059 5
133128 10
124599 3
116769 6
131399 11
124729 12
126279 4
117019 10
126599 2
136769 14
115779 15
115399 18
122679 17
118749 23
117539 22
123239 18
111869 9
132109 7
121269 7
123748 16
116700 2
130629 4
126209 11
118459 9
127769 23
148009 14
125539 3
116929 6
121499 6
124928 0
123628 17
118659 23
124639 14
146689 3
127489 16
126409 4
118289 2
130719 22
127889 16
129129 21
119250 0
131408 20
106760 4
111689 3
101709 0
108390 0
