126608 1
103008 3
122878 5
133729 13
130438 3
131467 19
109989 8
121898 10
149467 11
177208 15
107069 20
134218 8
149127 23
151798 23
166387 7
167988 8
139809 20
285626 9
80959 9
84148 9
91789 20
103008 2
104808 14
114588 8
100418 11
118958 7
104149 13
122969 17
98208 14
124878 18
93129 22
111538 3
105068 11
92979 12
97918 16
103768 7
102908 6
102088 18
101469 19
115788 12
103448 14
138988 18
88149 9
82068 8
66449 0
58999 22
58200 6
57939 8
57788 8
68068 14
54889 2
57709 1
61489 5
59669 1
72159 12
62719 6
92079 0
93608 2
125198 20
101749 12
111669 18
110108 13
112108 17
101049 21
117548 16
103108 11
115858 9
101229 11
112278 20
101648 8
122467 2
101109 5
118408 23
107168 22
115849 18
105308 2
111558 12
109369 23
105759 22
114308 0
121478 7
105678 23
110249 12
103508 14
110428 0
103429 4
109719 2
104998 23
125528 0
98288 5
112899 2
116058 11
99958 15
111888 14
95538 6
117508 16
97799 4
134757 2
94248 16
78679 14
84929 13
69119 8
63829 7
47459 4
49249 20
75149 20
87859 14
110628 0
103918 12
110139 8
111308 6
116888 21
112918 14
107789 8
106408 9
107418 18
123798 18
100919 21
103458 13
110868 22
117338 15
107289 14
88979 21
98399 23
95578 11
217207 7
99428 18
104308 9
109248 18
105959 13
111168 17
103698 17
110248 22
104658 14
124508 19
103928 4
110639 0
108848 2
112548 6
105989 8
109799 13
107918 3
108328 20
110639 16
108158 0
101178 9
116208 17
103859 18
113208 9
96548 2
79659 10
76229 19
63059 7
55839 15
68039 23
75069 12
87468 9
97349 13
87608 13
107899 3
137657 2
109788 2
102038 19
115308 15
106159 2
111508 17
98528 4
99369 20
106888 6
124478 6
104299 13
109169 23
123998 0
115888 20
119038 9
114038 19
113329 5
99609 4
134448 18
103298 13
121698 10
106478 18
117638 23
102708 16
111458 13
97039 16
112278 12
113838 8
106569 9
107488 0
109708 3
103919 10
110818 21
101598 15
109368 11
99339 0
126958 6
84219 20
67408 12
65469 6
93078 6
98498 1
106148 10
72829 7
90909 2
76169 19
71388 22
80109 2
79839 14
69819 1
83779 22
56368 8
57610 22
57509 4
60239 2
61799 5
65509 17
63219 1
144568 0
79628 3
82269 12
85678 19
99278 22
108328 22
120118 15
119788 19
118378 18
171268 3
155327 0
109068 16
114738 3
94658 23
104199 19
99479 8
114018 13
98679 12
120938 3
102198 17
106508 15
107549 2
111838 8
107068 19
92029 20
84959 11
89508 18
87769 23
86078 21
103308 3
107418 6
103468 10
98698 4
108988 6
126498 15
105639 21
100618 6
114158 19
97259 19
122448 10
106408 19
119928 3
91249 19
128618 14
93378 23
114758 20
80099 20
69929 9
94949 7
79438 4
90839 12
99648 12
108129 13
117929 4
110259 0
104578 4
107899 1
109188 2
103178 13
109489 12
105769 16
106038 14
108508 17
117969 4
111458 1
105818 13
116948 10
107778 22
119838 2
103918 7
115938 18
104129 18
118247 18
104189 17
97878 12
84019 13
79559 4
81558 12
102998 5
107178 6
103798 11
110208 18
102769 7
87498 0
71359 2
65729 13
78629 5
79349 6
76588 2
64228 13
133098 19
97169 19
84509 2
99968 23
110088 2
97268 4
108678 4
102398 20
120288 20
86869 3
93748 11
96569 1
102578 13
116328 11
106239 3
110468 2
111748 14
110568 23
105459 5
116328 9
102938 23
105739 16
106478 0
106968 12
108489 16
106768 11
108828 22
107748 2
120879 1
100728 15
106628 23
103359 1
100948 11
92098 10
89598 3
88689 13
115098 2
103388 3
128598 10
93919 19
96198 15
82649 7
102958 22
100189 19
122908 20
97988 13
104488 18
98218 7
89659 2
86698 8
71979 3
89839 0
99569 11
87778 19
82479 22
115798 9
112118 23
98409 4
122618 22
100898 2
113248 5
86949 22
96208 12
103129 8
127128 4
103808 6
111218 17
109538 22
118769 7
109598 18
107768 13
103278 23
107469 5
125638 10
107248 7
105468 14
106318 5
105908 1
105498 9
105888 13
93278 18
80129 23
80679 23
128868 9
105138 10
119808 18
131128 13
114468 10
108439 12
104739 11
108248 11
106288 9
90078 8
84579 20
100199 23
107418 2
100408 4
73269 23
67179 12
71019 5
53459 19
75379 7
91949 17
78539 0
112548 2
103148 13
114848 8
95109 0
76698 23
81679 14
102668 23
93149 3
76419 23
96548 17
109248 9
107029 14
116578 7
108678 2
111368 15
111619 0
121639 2
110248 0
108758 11
105568 9
109929 8
108568 8
111748 16
107258 13
110289 12
117948 10
109018 18
90619 1
85569 8
90479 7
90219 1
71968 12
88859 19
92958 5
84969 14
77529 6
100088 15
95689 7
94668 9
88759 1
91179 12
119108 2
96379 15
124898 14
68769 14
67609 6
51629 23
52189 16
51629 5
50689 1
61370 18
58839 16
59168 1
53559 20
53959 4
51179 10
51429 21
50310 13
47519 7
39009 10
44839 15
35110 14
38559 19
34700 6
34869 18
36100 7
36370 5
38769 11
42590 10
46959 7
43249 21
43899 11
45430 18
41839 18
42140 20
41999 2
43509 7
41679 3
44190 17
42649 0
42909 13
46020 5
44039 15
44819 22
51999 21
42930 11
43009 19
42489 17
