14751 9
8389 5
15730 12
10120 5
4640 4
3410 12
6210 8
30900 15
13560 17
15250 13
6760 21
15420 9
980 1
44599 17
3600 10
3960 3
8260 14
5450 19
5250 3
5330 0
13180 23
7950 18
14580 13
18430 12
6729 8
6220 4
4250 3
4660 10
8220 13
10320 9
3810 6
18670 15
6450 20
6560 7
23930 17
9070 21
5110 22
4050 4
400 1
299 1
9891 18
3049 4
40007582 11
4540 2
6030 8
4580 6
9070 16
5700 10
3900 15
10510 10
5640 19
4980 9
4920 23
5860 3
8550 19
7720 10
3820 4
44959 15
3940 11
4850 12
5920 4
6130 20
4320 4
11810 12
91849 13
8900 15
6340 20
35760 19
6350 20
420 1
57860 23
4229 3
11720 21
8940 7
16350 10
8220 17
13090 8
4320 19
4000 22
11880 3
600 1
11110 20
3760 18
7300 6
5770 20
14390 17
3560 6
6130 23
214559 13
101989 21
5860 20
6080 8
5630 2
8480 23
5330 17
24560 17
19150 7
3991 2
11309 12
3711 6
7269 3
3840 4
8830 14
5910 14
340 1
5940 19
3490 3
5900 9
9350 22
5340 15
14750 4
22940 17
7550 9
4090 5
3740 2
4840 5
95869 21
9050 3
18480 9
9310 14
3740 4
4689 14
40550 23
3820 8
5790 17
3900 15
3860 11
3340 16
7650 6
4460 6
3050 8
6170 9
16430 13
3880 15
5510 2
6720 7
8800 22
4460 11
5150 11
331 1
4280 15
4580 3
31529 13
4240 0
5850 3
5990 15
2890 0
5320 4
4810 8
9020 14
4420 23
6280 10
4250 3
6010 19
360 1
6870 10
5100 10
4040 4
4000 2
9760 20
6030 20
7709 16
5051 3
5080 17
5520 4
6400 2
3540 11
4390 3
6800 8
15640 23
5540 3
5630 0
14540 19
33620 19
6430 12
5620 12
6139 23
12429 20
10351 10
52149 19
4360 13
21200 21
10030 6
7310 7
12200 14
9510 22
6940 5
8969 8
4011 10
5659 18
3510 11
3880 1
10550 12
4020 14
6670 3
3860 10
10340 4
12429 7
5740 17
10020 7
16540 19
3760 2
3720 18
6920 5
15980 3
4930 6
9220 15
5330 7
17630 17
3960 11
4350 11
4160 11
3940 0
5549 13
5940 17
3940 5
3151 12
15779 23
5100 10
11780 3
8080 21
6800 19
5170 10
9790 0
4450 22
8580 19
32000 19
5470 5
9849 23
10240 23
5960 14
391 1
10480 18
7329 7
3880 16
9550 7
3730 10
9930 19
8030 13
3280 11
5270 15
8490 19
2200 1
4010 4
5200 0
4440 4
8990 2
3280 0
11800 10
3390 6
12299 20
4040 18
4349 12
2431 0
6469 14
7589 15
7640 3
3700 6
2700 6
6170 15
2380 0
8270 22
3930 5
11180 17
5530 7
10200 9
4820 6
320 1
240 1
6920 18
7090 14
5490 12
21579 17
480 1
13971 8
6349 19
5131 5
3869 11
6760 22
3220 13
15700 9
3890 17
12180 2
7200 18
5480 16
9520 7
6880 15
4640 13
310 1
3559 18
5191 6
3880 5
13660 17
7659 2
6860 4
300 1
20930 23
6830 23
10320 21
44510 19
4400 8
5290 22
5340 12
24390 17
8549 21
10060 22
19490 17
8880 10
4730 0
11320 20
4370 15
8230 15
4780 5
17410 21
2560 0
2910 0
11880 17
6180 2
5729 14
4020 14
4331 11
3609 4
6369 7
7800 2
5310 3
7170 13
4370 11
5490 2
9350 21
4500 0
4120 3
7700 14
8660 23
4890 18
9360 6
4330 3
4290 0
5730 12
15850 7
13979 7
6391 22
5280 17
4589 17
3530 5
7220 13
5730 21
21480 19
6020 14
7450 7
5050 16
3230 11
22450 9
14360 15
4180 18
4430 6
5479 3
4220 4
14940 23
6789 20
4739 6
5320 12
15500 23
6080 6
7570 2
360 1
5300 19
5720 4
11550 21
4840 23
12100 10
320 1
3890 9
6830 10
13710 20
320 1
4400 20
5130 18
4269 3
9891 19
5200 16
7150 17
4840 20
5540 20
4320 16
4820 17
4180 12
4510 16
14020 13
8600 16
26240 14
6490 8
22679 13
6620 0
5431 5
28069 19
4860 15
27260 7
3250 5
5610 6
5190 3
4010 10
4130 5
11270 21
4250 10
4560 14
3510 11
9270 3
4591 9
5300 2
5060 11
3789 11
39910 7
13650 8
4820 19
2814600 15
6470 10
5240 17
4180 5
7320 19
8760 12
3671 12
3280 18
4420 2
8080 19
13240 19
6510 19
7960 23
10430 17
7280 5
5130 8
5610 3
3370 9
6820 22
4130 6
7020 8
12680 10
3570 11
8820 20
7190 5
5651 19
8360 22
5169 11
4900 12
7079 15
3340 6
350 1
4860 12
4410 22
4960 5
6230 8
32210 9
3820 2
17680 23
8060 9
570 1
7490 4
20770 17
3249 5
5011 23
19589 21
10640 23
6990 23
380 1
14330 21
370 1
14540 19
8900 1
5240 16
20510 21
4300 15
300 1
4360 0
6520 7
2640 0
3880 3
4410 0
6010 9
7930 3
5230 9
9250 22
5090 2
4770 18
9680 9
9050 16
4660 13
3490 16
3390 11
5460 4
4590 18
4791 16
3731 14
22299 9
19620 19
5370 13
8090 12
11840 23
8550 12
4570 22
8600 7
6860 18
4490 13
390 1
3870 5
14040 13
18800 9
9389 9
340 1
7711 3
360 1
6689 14
3970 11
17710 15
3280 0
12020 7
24520 0
5570 22
6030 22
5190 16
4650 10
4620 7
4920 0
5420 22
990433 23
5520 14
3984101 16
6070 15
4470 4
30289 16
5220 15
16760 20
6530 8
5440 13
3650 5
10480 12
5890 8
6030 8
15370 12
6910 23
5220 19
5370 5
8010 4
5360 9
7220 5
6349 20
14220 14
13370 13
5510 5
9750 8
6250 23
4070 22
3280 11
6080 18
3760 0
3740 8
5260 11
3860 2
2240 1
10080 14
44910 7
5736748 17
3250 4
6420 22
8080 16
5820 0
9210 10
10090 7
5700 16
4660 19
4590 6
8460 9
410 1
31770 9
5180 18
6110 22
11490 22
7910 19
6640 3
13020 20
4280 0
9683260 11
17090 18
6180 21
5140 23
5880 9
3680 0
6860 12
5530 22
4640 12
4050 10
4800 4
3720 10
400 1
3610 6
11020 7
8410 18
4809 16
20080 12
7299 7
4830 22
3580 10
7580 14
7890 5
3970 11
4190 23
4120 14
84129 4
13689 18
9280 18
8170 3
7490 18
4970 7
6910 7
8640 2
7280 22
7070 16
4360 6
14690 21
13600 16
4820 0
4450 9
310 1
3610 0
4670 2
5931 7
4091 11
5209 21
3560 0
3520 11
6360 9
5690 5
5740 2
4420 6
5630 3
2860 11
6920 3
4830 2
3440 11
5390 18
3240 11
23540 15
9525301 17
5650 22
9900 13
14640 21
7170 15
6060 10
4280 12
310 1
7620 3
7922683 11
5470 6
10300 20
3060 11
2993229 23
4930 6
7400 15
5260 14
9210 12
4400 23
8960215 17
3660 4
5190 22
13890 9
3880 5
5970 17
13970 16
270508 23
4650 11
7630 6
10640 9
5740 14
4660 4
3890 2
9800 20
3000 11
37939 21
12160 19
8570 9
410 1
5730 8
10720 9
6890 20
3640 11
15660 9
6280 2
9250 20
9730 10
20749 7
3860 0
16671 13
8390 16
5240 8
5260 5
6980 2
3920 3
15970 3
5010 16
4010 2
8460 4
3130 17
3990 3
4140 16
48050 7
4940 13
4431 9
12599 19
380 1
19200 13
6880 12
16650 18
7760 14
340 1
5020 22
5130 7
4740 17
4890 5
3200 4
3220 18
6820 19
11520 9
6180 16
7040 15
6200 4
3840 12
9849 16
11670 22
10990 22
3520 14
23450 15
12840 19
380 1
4610 3
4760 11
4590 9
4380 14
3310 11
5740 14
24270 19
5809 17
7540 8
15960 13
11259 13
6030 6
3270 16
3750 16
4660 18
6800 5
3800 10
5520 18
3840 11
5990 12
2540 0
4780 23
7100 2
5540 21
5100 4
4420 8
5600 20
4780 10
10080 3
3689 11
9200 6
5350 21
35530 13
7340 22
6020 23
3440 0
4720 4
30240 7
22440 13
7909 22
5080 18
4971 9
9319 7
4150 4
3770 6
15810 21
5040 18
370 1
14770 19
12990 9
4850 20
5130 14
4340 17
5920 18
30749 19
11591 7
3729 11
21840 19
5820 7
21040 20
3790 12
3380 12
11420 19
8670 10
13010 13
5310 5
360 1
3710 17
11010 19
13490 19
16220 8
4511 16
5409 20
4490 0
5730 10
7960 21
6360 18
3610 6
8620 16
5030 18
12560 19
4340 9
9860 8
5750 16
5610 12
6760 4
4510 17
10020 13
10619 20
4320 11
10440 7
11040 12
4989 13
10380 11
7580 16
3460 0
11180 8
8120 18
21820 23
24610 13
4470 5
5320 9
8709 20
3571 8
4200 15
11360 9
7200 13
7620 5
4780 4
4930 6
4990 12
4110 16
7130 10
10900 20
3860 2
14070 20
4180 0
10610 13
13740 14
4180 9
6700 14
9050 14
3229 5
7140 18
5289 4
30800 14
15830 14
3270 17
14950 20
7940 22
5200 22
5120 10
5210 0
7320 22
5570 17
6630 20
7930 20
4180 2
6730 8
9839 22
4011 18
4100 5
5709 16
5180 14
3409 3
6140 14
12140 22
470 1
3510 4
4440 13
3610 4
5370 19
4780 0
3770 11
4120 13
3400 4
310 1
5300 11
5530 17
10810 22
7980 23
4370 15
7910 3
5100 17
3810 5
5350 6
7389 20
4591 0
3429 17
5260 4
9000 19
9560 15
3850 16
3210 11
46090 23
5390 5
7440 22
4620 10
11030 5
12290 13
9070 13
5120 2
4571 6
26300 7
4010 11
3670 14
4700 16
4670 11
8200 17
14560 21
5300 3
3590 2
6400 0
3840 6
4760 15
4630 2
4120 16
7890 23
7420 15
400 1
5130 8
6670 9
5609 14
4020 11
7171 19
3500 17
9520 4
11490 13
10040 19
4870 20
6130 8
3760 4
3070 0
8880 20
20510 19
18860 3
2140 1
8700 13
10349 14
