40454739 11
11249 21
19240 19
36060 17
850 15
4810 3
5340 18
7070 12
680 15
8890 10
19139 7
34770 21
4440 18
4640 3
5450 3
12450 0
22370 23
19980 9
10010 19
6600 9
4140 12
7130 9
139309 23
5230 13
9320 7
4580 8
9500 4
7360 19
17760 8
11410 18
4360 10
35030 23
18380 7
8770 19
16799 17
920 15
629 15
6851 1
5489 10
22110 9
10940 16
4110 0
11900 19
370 15
3950 6
7530 11
470 15
16350 16
11260 10
59899 22
5000 1
9080 7
12020 10
4450 10
14980 23
169159 13
5690 17
13860 10
7900 10
4230 6
13259 2
18920 0
5379 10
4430 3
7950 22
4560 16
11230 10
6550 20
8270 0
5510 0
5570 5
18840 20
6320 19
9890 4
19749 16
15560 12
12620 7
17790 19
18840 7
7020 4
11880 22
18260 3
6950 9
17610 3
14200 10
10851 8
9629 6
14250 0
26460 9
7050 11
7340 22
11770 22
7080 20
18450 23
11449 13
19800 7
16380 10
23190 17
3970 8
5030 17
7500 3
11940 10
12259 16
16250 23
24010 19
7100 11
3810 6
6990 5
8630 8
8390 5
33210 19
10571 18
9889 0
760 15
3479 5
4320 13
8250 5
6440 3
4480 9
4460 13
4810 3
10480 22
5090 11
5720 14
9870 9
5840 3
8300 5
8600 23
8630 5
6240 18
25829 7
18440 9
3870 1
24820 6
430 15
5520 3
6060 23
15910 17
8430 6
9640 16
6740 10
9310 22
12509 3
6740 10
11280 20
3610 18
3350 18
4090 12
3750 11
12500 10
9890 13
18900 14
18940 19
28290 22
9720 0
6360 12
6220 2
11971 1
9409 6
11020 18
12290 3
7260 5
6740 12
6080 3
9500 2
6820 13
10130 9
6010 0
25620 21
11389 22
6340 12
28500 23
4990 8
5620 2
6300 20
6650 18
8430 18
30630 9
760 15
6430 17
6900 7
6860 1
7710 7
11511 7
14860 20
8079 12
5780 14
7740 16
5410 3
4090 6
6040 8
7820 21
4250 16
6660 5
15420 4
8610 12
7870 20
23080 7
3860 13
8260 16
14379 4
7490 22
6380 21
8520 22
9800 2
16130 23
13200 4
11090 23
660 15
5860 22
3180 11
11030 6
10809 9
7140 4
8869 16
5500 5
6360 21
9730 20
26060 21
6270 18
26120 0
4600 18
18980 7
8290 2
13149 4
5011 11
13800 7
4889 4
1111 15
8459 0
6850 18
11760 20
9130 22
3740 14
14980 13
470 15
4190 12
60879 19
8091 7
12569 13
8020 11
4560 16
6980 14
7560 8
8100 3
5740 5
5980 3
16710 21
4540 4
8140 12
10090 4
13400 14
10359 10
8800 21
4971 0
14779 8
6540 22
6100 21
3370 15
18690 20
15130 7
5470 10
9330 5
12240 2
3310 14
5840 16
12170 14
21800 8
16020 21
7110 3
7770 20
6100 18
5760 3
20480 19
12030 12
5850 13
6060 4
3330 11
7670 3
21200 21
7930 18
10889 5
41720 7
10140 4
14580 6
8110 3
6780 6
15640 6
10940 23
4570 6
700 15
20399 14
889 15
10111 10
28309 9
4950 6
23040 7
6270 18
7690 12
20830 3
14880 10
17190 12
11649 2
6689 3
10340 22
14250 9
5420 0
16480 22
13620 18
7280 4
5160 8
12870 23
17630 23
10879 0
9240 17
10400 18
4509 0
3740 19
4850 2
4980 19
4250 10
7560 2
8990 5
5040 9
720 15
4240 6
4280 1
12840 18
10910 17
9100 8
4920 8
14250 9
3640 8
3691 12
41000 7
7460 5
6540 5
4170 9
8370 5
6670 21
4030 4
3050 8
5110 23
4510 2
3630 1
5460 12
4340 11
3500 14
7110 22
710 15
12080 7
4589 3
3960 4
5100 0
6220 13
5191 21
3409 10
5480 19
3560 14
5930 1
10510 21
12410 9
4100 13
4240 8
6160 22
17440 12
6930 19
6630 12
15020 12
6370 17
4410 1
3379 13
2889 11
3611 8
6660 19
5949 1
4789 2
3380 1
6059 6
18510 21
7270 8
8400 18
3560 13
23320 8
7780 3
14930 9
3830 4
13560 13
4290 3
7099 8
10060 5
18820 21
8880 20
8240 10
20680 21
3360 12
5650 22
11030 21
3580 10
3110 0
28350 23
3870 16
4000 6
24080 22
3429 2
3780 4
4010 1
11480 7
6380 14
5940 20
10490 14
3440 4
13350 12
4140 1
6360 20
490 15
3260 3
3590 18
4510 9
3620 17
4030 0
3590 12
3640 17
6510 22
5980 21
5340 22
3600 1
3860 6
4689 8
3671 18
6340 18
369 15
3009 11
3819 0
7650 14
3780 6
28380 9
27040 21
4330 4
35420 21
4490 3
3909 2
5000 22
4271 19
8911 7
400 15
3209 12
9939 22
4180 0
3470 14
4660 22
5590 2
5820 20
3760 6
4990 19
5410 8
18540 22
27210 13
3900 5
3050 12
5000 7
18309 10
8271 16
4380 22
8039 17
4430 18
42820 7
8510 20
440 15
4360 6
7830 9
4010 22
5380 21
3710 0
13350 18
6010 22
6850 5
4160 4
4830 3
3759 3
4280 4
3320 12
14649 10
5800 9
3049 0
5090 14
4020 22
3280 12
9020 10
3680 13
4140 18
4800 23
2870 11
5530 23
450 15
3450 16
3780 0
5560 1
4830 18
7170 22
3540 18
9700 13
17020 9
25239 13
3209 16
8989 18
3649 14
10300 22
10140 16
18670 10
3440 5
3810 12
3640 6
8750 17
5260 20
3850 18
7300 10
4360 20
3850 5
4570 3
3670 18
3070 18
3870 1
3420 0
5129 19
3380 12
4920 2
7369 16
4600 1
4431 19
440 15
3839 18
12400 0
2580 11
3600 4
6110 5
3520 18
9260 9
4290 16
4010 1
12290 14
34560 21
3990 3
4040 1
4740 10
11939 9
17531 7
6490 23
4320 20
17510 17
2460 11
580 15
2920 17
10630 14
5440 18
5770 21
16110 9
3240 8
4060 18
3380 6
3770 3
4440 2
8080 5
3900 18
8210 22
2910 11
25740 13
2529 11
4190 5
4840 1
5459 21
5130 3
5940 20
4030 18
3730 5
4380 16
15110 7
19790 23
7440 19
12350 13
12840 17
4370 22
5560 22
25680 13
3669 6
3171 2
6499 12
4300 0
26010 21
3390 9
5580 17
3920 6
4940 5
12300 23
37730 21
3200 5
3160 6
20859 17
30100 7
16500 13
52680 13
3000 2
16880 13
10350 13
3589 8
3471 0
3680 10
3760 3
3971 2
4450 19
11830 20
5210 21
4370 19
3440 2
5900 1
480 15
3950 18
2520 11
4300 6
2590 11
3410 2
6210 4
4060 2
5270 4
8570 7
5990 22
3320 2
12460 9
3830 16
9559 8
4511 22
6029 3
3291 14
4889 20
18470 21
3600 5
5190 20
3850 5
12300 21
5140 8
4380 1
9070 7
3050 18
3330 3
25710 13
34539 21
23539 17
52990 8
5730 4
12570 13
6170 0
7790 20
6660 1
10150 8
8840 8
5800 3
20529 13
17170 6
5980 22
16140 5
8500 11
17850 19
17440 14
7970 23
8270 10
5380 11
8100 3
6920 22
29920 7
4190 11
5740 17
9450 19
13330 21
5950 8
8570 14
7630 9
6600 6
15170 5
27509 9
31410 17
9530 14
6460 7
15400 3
8140 4
6240 19
8890 6
6030 13
7050 6
29779 7
4151 4
629 15
8449 20
6170 13
6450 0
6620 5
9170 0
4530 12
6120 7
12410 22
8140 21
3830 16
6360 5
23410 17
9780 23
6440 0
11349 21
5609 18
5491 20
3931 1
5660 14
10679 16
28570 19
700 15
5600 20
21380 10
11720 20
1017732 23
9239 18
3989532 16
940 15
8149 10
6731 0
19310 12
4470 11
15640 9
12240 6
20660 12
11450 19
11010 13
23350 10
9810 7
8291 1
10649 2
13240 5
5730 21
400 15
8920 21
10090 4
3560 3
3790 11
23080 5
17540 19
4410 10
19670 20
480 15
12869 0
5129 13
5931 9
12009 9
5150 13
14140 20
13540 9
4650 18
5960 23
14960 22
5700 18
6330 12
31440 21
22619 12
5040 19
9070 16
11510 21
8380 21
5110 12
9140 22
4190 12
5440 19
3700 8
10940 2
5560 6
10270 19
4160 6
23289 13
37519 21
3460 3
4790 1
9680 3
10050 22
3750 6
3720 11
5940 7
3670 0
11690 21
11400 16
37560 21
16100 22
11950 11
1840 15
4330 5
4670 4
9090 12
490 15
4850 1
6200 4
5123643 17
6940 18
8930 16
4390 6
9933258 11
8150 16
5880 2
6620 9
6840 3
3900 3
7020 5
4980 12
9590 13
4870 3
5150 10
10120 8
17240 0
5870 14
11029 19
9971 22
6911 1
5880 2
3690 18
7190 13
4050 8
4490 1
6130 14
450 15
5630 22
5060 0
4790 12
3700 8
3360 0
16770 6
6390 19
9798849 17
7410 7
9980 17
4850 12
7030 8
8780 7
21980 14
23240 19
10901121 23
8970 8
12230 21
8979405 11
5650 9
16820 14
12200 6
5650 10
76949 4
3760 17
5719 8
18360 22
17270 7
13690 3
23780 18
16040 13
4460 6
8530 3
3580 11
11349 8
7320 20
17629 21
4500 2
18500 11
5240 22
16020 7
5690 1
12600 0
7020 16
10660 16
10640 10
14630 11
19660 19
17410 5
740 15
8240 7
5960 18
5380 5
10530 23
14370 7
10790 8
10390 7
7260 4
9310 20
8430 23
45109 23
6570 21
8330 21
17410 21
13370 7
5920 22
4820 22
3660 2
4380 2
5520 1
6410 18
17250 10
7359 1
3660 11
7580 5
5071 12
14409 19
13160 9
3200 11
10310 10
20090 23
7310 11
4770 5
3910 18
9120 3
5770 16
9610 0
6820 20
7760 10
6200 5
5960 8
11411 1
15710 23
12040 19
16800 23
6410 12
6680 13
5100 8
10590 10
5590 0
5950 14
4530 2
5770 8
5100 3
6990 20
34719 7
1480 15
8550 5
6020 19
12060 3
5510 18
8650 8
5320 6
3850 16
8090 12
4320 10
6400 11
7820 21
4150 10
6100 3
15030 9
14559 13
3811 6
15180 18
10460 21
12930 18
8960 2
6500 18
