255677 18
80689 9
195798 13
99319 9
111669 10
222557 1
179778 16
192967 17
115229 4
85999 18
89149 6
198947 2
310317 15
79129 5
547194 12
50829 18
33700 19
150818 6
90498 22
75279 14
106778 7
128648 2
188508 9
85289 23
124708 16
135979 7
35820 19
144848 5
265777 7
99309 2
27070 19
128318 0
124129 14
33969 19
230408 20
101488 11
30540 19
123758 20
96090 5
57060 18
165458 20
313846 13
50720 19
234178 13
109918 20
171798 8
165618 10
154489 21
205788 1
76919 6
88309 3
152018 5
63630 18
207337 20
42459 19
115158 3
108929 11
110238 2
132278 8
173488 0
49699 19
143659 1
37710 19
92619 14
122889 6
175438 17
146308 10
249647 15
129018 15
213048 23
87169 17
224327 0
86669 20
82239 17
110509 15
180667 0
221137 22
101739 21
111179 7
96039 8
172698 21
188268 6
139488 17
389236 1
244757 21
1018148 22
96759 14
109639 16
72710 15
158569 3
251417 13
77880 21
87808 18
147238 23
75059 6
261057 1
85749 14
300046 2
91499 5
123618 7
102119 13
65360 21
54719 18
69639 7
77629 17
85449 5
54290 18
96279 0
95189 10
144399 1
6908898 12
32099 19
68059 21
89289 7
96439 14
173188 18
109579 14
66659 17
224427 10
289427 1
89449 2
85899 15
84519 12
18064855 6
66979 9
85299 3
1144347 6
183478 11
100989 4
74059 17
114169 5
154588 5
88959 8
121749 10
104628 14
156208 14
183318 11
117049 23
96789 18
103609 11
101529 21
242988 0
137818 13
82019 21
216978 13
188357 15
157358 17
124119 2
221477 1
103449 15
148338 21
113089 1
134478 3
101639 7
101229 17
413605 2
174058 23
120128 5
250566 14
123228 1
188708 23
297946 6
137989 11
136969 7
141928 9
95179 12
116479 8
113028 16
134369 17
95479 16
310586 15
91029 23
173588 13
118868 10
129278 9
132698 7
147698 21
85070 11
89339 10
124158 16
154578 16
135428 1
89488 0
11123058 6
80109 5
69360 5
574913 6
150318 3
129238 5
74008 6
1015628 16
106548 8
631663 16
127038 14
86019 14
94899 22
143198 9
144619 12
92899 7
206778 20
90529 23
75299 3
107999 17
104399 7
73820 15
204867 17
499144 0
88599 8
202068 11
118338 4
181907 1
126469 1
109879 9
147199 13
167278 6
261926 3
131248 3
159718 8
414425 1
97509 13
100059 8
113798 9
227318 17
135898 10
108549 20
169038 1
107139 22
274036 22
88878 12
233017 8
144019 17
173148 8
105609 5
11066099 4
63599 9
56480 21
60410 18
87309 11
79779 9
100099 14
169589 4
30689 19
120989 18
116469 8
78588 22
70479 23
81359 4
158391828 6
123528 3
93229 18
107829 9
142318 7
107079 20
106989 23
230647 1
584123 6
105939 5
236647 6
243457 1
108969 5
350236 23
79430 12
99889 13
77850 19
138509 6
186058 9
198297 18
139819 13
153788 5
61789 21
79699 9
123569 12
94739 20
142648 5
62169 22
87409 8
543174 2
90819 8
95110 10
93439 8
106549 6
130699 21
76839 18
98719 8
189147 10
85039 8
109689 12
22329 19
111708 17
99099 10
13930 19
246317 10
68569 8
301656 11
47719 20
44230 17
164358 7
54529 9
78099 11
2711038 18
56619 10
60859 11
71849 2
146748 9
121998 0
62319 13
59459 17
63339 7
164818 9
137039 0
65670 23
197277 5
84739 2
8625998 12
53199 3
16070 19
51549 8
72130 15
67310 23
52479 13
48769 15
54549 14
9401758 18
48550 7
51939 1
75729 17
26210 18
49109 5
49980 8
46549 17
67919 0
51020 7
66479 2
50419 15
10470 19
43909 17
56549 7
54729 4
46420 5
52689 23
49760 13
8957933 12
87769 2
19020 19
71929 10
134678 0
47560 21
9685565 18
48479 11
52040 2
44290 15
52919 15
49210 8
50049 10
63519 2
92258 13
53020 5
74829 17
133668 0
109749 23
94859 11
96569 2
179148 16
122208 9
171938 8
54239 18
136539 16
8575998 12
49649 23
54999 16
66179 0
58709 23
52780 5
161629 15
112949 1
73149 7
63289 7
74919 23
64249 4
58799 5
59320 5
42969 19
109139 9
49729 5
60329 3
49230 20
8706806 18
43570 15
84899 3
53129 3
58120 22
52630 11
58569 23
99709 8
30143362 6
647962 6
176378 5
88029 15
71709 22
61049 3
70070 11
76290 5
99458 11
80479 5
76630 23
97058 3
103758398 18
55929 22
46790 9
55530 15
1051128 18
64689 21
69069 23
65429 9
2942345 12
132208 0
200487 2
123279 0
64480 21
321546 12
106219 21
118028 18
60300 9
262937 1
180868 20
77399 15
129628 15
8729366 23
85539 0
28915186 12
105178 3
63139 1
94728 5
126888 13
86849 17
95619 2
82709 14
122678 13
91509 15
643983 12
75630 17
61909 9
121729 16
75910 8
95898 22
83399 21
119109 15
73649 20
202668 4
105689 1
97559 8
105969 10
68629 7
140879 8
138298 11
63629 8
50890 12
73099 13
71579 15
27234416 6
56320 8
10415596 12
49909 15
45770 8
72109 1
61539 23
62519 23
48569 5
49379 4
108319 14
63799 10
83289 10
74529 11
138719 13
132398 8
191908 16
75439 5
284726 1
175409 8
105139 5
116719 10
140948 12
104359 4
87009 15
131198 5
108889 4
103939 3
58139 14
264817 0
58059 5
79239 12
89669 3
79899 11
52619 16
53070 7
52309 14
61290 4
7412551 6
87728 11
314796 6
118568 3
117829 15
95179 17
80029 11
7661479 12
53289 16
55620 11
78410 20
54550 21
52079 20
73659 22
153127 18
10086230 6
52099 5
118199 0
79049 0
58279 22
57230 23
146729 8
124268 3
79889 21
89469 7
136399 0
63030 3
84529 22
71909 21
75499 5
282597 1
120388 15
102969 14
157728 9
64829 11
59980 21
7369992 12
93169 11
53749 22
120429 11
72559 5
103079 18
87339 13
120978 4
64060 20
64350 13
127838 2
154839 16
82270 15
68030 5
84189 21
130508 15
88179 20
153838 0
85719 8
68949 3
69279 12
67179 21
84989 9
165688 0
60039 12
72269 23
62049 22
174287 0
23059 19
111249 16
74109 18
58599 3
76979 1
164718 1
228648 1
84839 2
55419 12
56249 7
56230 15
59319 10
89009 5
74209 16
58629 7
59470 9
17259 19
53649 21
128598 15
70110 7
59580 20
31200 19
62410 8
140338 18
54949 23
56160 17
44679 22
111989 0
58219 21
56280 23
75010 2
58540 10
6365654 6
79739 17
158668 4
174438 0
178448 4
83809 23
12400 19
119368 10
137538 13
80619 4
11260 19
49179 18
90229 20
186638 14
162888 18
113769 4
92968 11
62710 9
97329 7
119958 16
63970 21
146239 14
77029 8
99059 15
120438 3
70909 14
51550 16
57399 20
79079 8
63039 20
126959 15
98339 8
64249 6
49739 17
92489 11
82569 15
14780 19
83529 11
58410 13
58379 15
52969 15
55410 18
59859 7
74189 10
73069 3
60809 22
61360 17
66510 21
66709 6
84919 0
81749 1
71369 3
90499 0
68489 11
80669 2
62819 4
67229 15
64809 8
64449 13
91999 1
5176969 12
192527 20
98309 12
132709 4
124838 13
57469 18
183488 14
165058 8
92039 2
90649 18
101859 17
45199 19
27165838 6
92879 1
53219 17
68929 4
548244 6
88639 18
89858 13
94619 9
95789 15
74239 13
70670 15
8644648 12
49730 4
48250 17
58599 13
260197 14
49376913 6
69329 3
108489 17
120539 3
151828 5
103029 22
95949 21
130899 11
129328 22
149928 4
255677 4
69040 17
112528 0
66229 20
264267 22
77319 9
75499 17
87468 6
18020 19
64090 21
84319 7
112008 1
78039 7
90299 7
242017 0
103129 5
304426 6
144129 15
88309 21
114198 17
66210 3
79428 23
79679 3
65390 21
323726 5
59789 21
55990 15
64370 16
62849 13
55320 21
96638 21
86519 23
99059 18
61269 13
78679 16
71150 7
67189 7
68459 3
52239 22
73390 0
54619 3
68499 7
71459 1
57009 9
45000 20
46240 21
76159 21
5046400 12
158718 1
77060 10
433465 12
8546069 6
65559 5
75819 4
46130 18
47709 16
92669 16
55569 10
61370 20
93808 5
71989 10
126568 4
65999 15
146229 8
118238 5
171568 22
79449 21
102199 1
61299 23
128699 0
76409 9
80119 13
91839 20
104849 16
8354661 12
77499 16
57860 5
94309 2
69900 11
31559 19
68980 14
76210 8
108829 0
89269 13
132339 8
140958 18
166928 10
105949 23
127208 9
56710 13
64639 7
90649 21
28939 19
8239812 16
590282 6
85179 18
104338 23
180908 17
41000 19
94618 0
102228 5
123749 9
70649 8
83549 16
71419 8
69809 8
119109 11
155988 4
73569 4
164238 8
103639 20
62529 14
93559 1
73899 5
80999 21
96009 10
13170 19
153088 23
114039 4
113298 7
71268 13
91228 22
7262223 12
55639 23
92568 3
115719 2
65709 8
58180 16
58170 20
74219 16
9090212 6
42109 22
46239 8
52829 13
106399 2
69949 23
71820 9
143069 21
135068 14
185738 11
77029 16
78029 9
78739 4
90209 22
116899 4
90519 1
100288 7
184458 1
176308 0
156888 17
26580 19
103759 15
68020632 12
22170 19
118979 3
116388 23
171467 15
152989 14
110739 23
159708 11
8861445 6
55239 23
12710 19
81429 3
48380 17
56139 13
82969 22
76939 2
101519 0
9364509 12
51659 8
63909 2
65410 13
106839 22
17260 19
54630 7
68759 8
72199 11
96069 1
120328 5
74219 3
90849 16
101749 11
116759 10
79409 14
74729 9
9015393 6
74850 5
147878 0
66799 16
62519 13
13080 19
53690 17
139848 2
126328 3
66159 3
49879 21
71399 16
151559 11
45900 15
49519 22
79659 14
116279 21
90969 14
61419 7
49250 23
115419 8
9583876 12
139778 11
79409 15
75379 20
81479 7
79419 16
206538 0
91470 16
186548 10
79909 8
60380 13
98839 9
59920 11
249426 0
55009 20
119968 13
137508 5
64119 5
58050 15
58300 18
98728 13
72939 8
53979 14
55280 14
48799 20
53249 14
63620 8
17370 19
53630 13
48050 20
84189 0
50750 16
72150 0
49540 14
53779 11
54650 4
52029 11
48899 15
48869 14
48589 20
49940 8
50509 20
50330 18
48430 18
48730 15
58190 5
51599 22
50649 4
46399 14
54019 18
61549 4
55639 4
48719 10
50910 17
76159 0
48699 17
11170 19
50199 5
49769 10
48939 16
47190 15
61129 23
47310 14
46550 15
70499 2
63719 23
49400 11
49419 4
10510 19
45909 22
79028 17
80289 1
80899 14
11819 19
48390 9
4126731 6
68599 13
58679 12
61750 10
122188 21
75239 23
111359 0
52299 18
52740 4
52939 7
10350 19
47429 14
85319 22
70179 9
8546888 12
67259 0
44630 10
100849 4
93010 17
57060 8
87959 17
45139 20
84409 3
49080 23
50920 6
81139 0
51729 7
