18680 0
14691 0
19499 0
3830 1
4210 0
720 1
600 1
380 1
330 1
350 1
9480 0
4200 0
720 1
6880 1
3580 0
2610 0
3730 0
12590 0
2710 0
3530 1
570 1
6180 0
430 1
2980 0
470 1
370 1
510 1
250 1
260 1
4410 0
370 1
2940 0
520 1
2959 0
351 1
249 1
14651 0
5149 0
3680 0
2460 0
230 1
2610 0
410 1
380 1
240 1
2700 0
3360 0
4080 0
490 1
200 1
640 1
2250 1
350 1
6540 0
290 1
400 1
2860 0
3330 0
3771 0
3411 0
260 1
2769 0
480 1
640 1
460 1
25400 0
2670 0
6820 0
13360 0
2250 0
3720 0
4840 0
450 1
670 1
12630 0
2420 0
400 1
410 1
2540 0
230 1
320 1
2040 0
320 1
330 1
4820 0
3090 0
340 1
3790 0
2300 0
500 1
290 1
350 1
3070 0
250 1
3240 0
1930 0
210 1
2830 0
2790 0
4029 0
2071 1
10360 0
400 1
560 1
411 1
369 1
760 1
6130 1
3010 0
3400 0
2560 0
4620 0
14340 0
4820 0
4620 0
2310 0
2720 0
2430 0
3550 0
2770 0
780 1
540 1
2680 0
3190 0
600 1
2670 0
4000 0
390 1
400 1
310 1
450 1
2410 0
390 1
280 1
3530 0
3790 0
2400 0
370 1
390 1
3320 0
380 1
370 1
220 1
2830 0
370 1
360 1
330 1
2520 0
15409 0
3380 0
510 1
13979 0
469 1
6011 0
2751 0
649 1
4671 0
2649 0
660 1
460 1
3130 0
360 1
290 1
350 1
480 1
400 1
510 1
4020 0
300 1
3560 0
390 1
440 1
630 1
2580 0
2840 0
410 1
4130 0
280 1
2420 0
2790 0
4340 0
400 1
3090 0
3740 0
300 1
530 1
5150 0
510 1
380 1
2480 0
460 1
320 1
3320 0
2360 0
240 1
3780 0
3440 0
250 1
540 1
2780 0
860 1
760 1
620 1
260 1
2614329 0
440 1
280 1
4330 0
14450 0
23860 0
3230 0
400 1
3290 0
320 1
580 1
2300 0
360 1
3129 0
460 1
19820 0
489 1
2559 0
2010 0
280 1
2680 0
650 1
3610 0
520 1
370 1
280 1
3000 0
240 1
330 1
350 1
440 1
290 1
550 1
490 1
240 1
270 1
400 1
210 1
14900 0
360 1
260 1
270 1
3030 0
260 1
2520 0
490 1
8530 0
3260 0
560 1
3740 0
5620 0
460 1
15690 0
3190 0
850 1
3110 0
2690 0
400 1
270 1
7120 0
3700 0
3300 0
4190 0
610 1
430 1
290 1
2850 0
280 1
390 1
3580 0
3940 0
320 1
610 1
2640 0
440 1
3620 0
460 1
2630 0
2710 0
2690 0
350 1
2700 0
390 1
15989 0
411 1
351 1
3000 0
4220 0
4720 0
4229 0
17090 0
400 1
2450 0
270 1
2090 0
250 1
5840 0
400 1
3370 0
5100 0
380 1
410 1
3270 0
2470 0
420 1
350 1
9170 1
3110 0
320 1
390 1
450 1
3780 0
3140 0
380 1
330 1
500 1
4300 0
260 1
2829 0
389 1
271 1
269 1
3660 0
220 1
520 1
911 1
2409 0
3349 0
360 1
451 1
229 1
2511 0
2729 0
280 1
429 1
3060 0
249 1
4180 0
2890 0
310 1
340 1
2610 0
2250 0
260 1
330 1
260 1
11220 0
880 1
3780 0
530 1
360 1
260 1
2810 0
3200 0
340 1
300 1
3260 0
340 1
2730 0
5340 0
2660 0
2850 0
2920 0
3710 0
360 1
310 1
230 1
220 1
310 1
410 1
3110 0
250 1
3390 0
250 1
310 1
5230 0
300 1
220 1
3590 0
4060 0
2300 0
3320 0
350 1
12880 0
3720 0
680 1
2380 0
4030 0
329 1
3371 0
329 1
13860 0
3940 0
2680 0
3080 0
300 1
4760 0
649 1
4891 0
5840 0
3650 0
3530 0
620 1
350 1
3820 0
3860 0
2940 0
4080 0
700 1
370 1
3140 0
420 1
320 1
3570 0
300 1
320 1
2970 0
3390 0
3530 0
3200 0
270 1
560 1
350 1
220 1
5200 0
4260 0
390 1
850 1
300 1
450 1
4130 0
4760 0
3190 0
3860 0
4190 0
4220 0
3880 0
4940 0
7390 0
309 1
4840 0
500 1
2989 0
4049 0
271 1
3960 0
4580 0
531 1
840 1
4330 0
360 1
410 1
280 1
3220 0
4280 0
490 1
370 1
290 1
6010 0
4550 0
320 1
330 1
4530 0
4330 0
270 1
290 1
310 1
230 1
5080 0
3120 0
4610 0
370 1
3690 0
5090 0
410 1
450 1
290 1
3880 0
320 1
3560 0
410 1
320 1
300 1
3810 0
320 1
260 1
5490 0
5170 0
6490 0
4070 0
5700 0
300 1
290 1
250 1
200 1
4860 0
