368677 4
224578 11
227488 1
221008 11
235208 8
238998 4
218648 11
215678 10
232068 7
217189 3
201888 9
216978 6
224689 10
214378 5
210308 0
206599 4
228248 5
246648 7
229228 1
205049 4
233698 6
212178 1
235039 6
219678 1
241928 9
207708 4
205658 10
220328 0
224208 6
225478 8
216108 11
209849 2
227318 9
235198 3
218288 6
226948 7
219918 10
228318 7
230718 2
206659 11
322177 8
211788 2
258438 8
211588 10
220008 10
228369 10
231858 3
233298 3
229688 9
207529 5
211158 4
227778 10
211238 5
218538 1
226178 1
229118 0
225958 4
219498 2
212269 4
206268 7
245488 1
208079 4
206938 1
255558 2
233968 10
223209 8
230458 4
214488 2
233468 4
217548 11
221638 10
207878 2
232159 8
246258 7
225398 10
207279 1
229479 0
221478 8
251448 5
207468 2
220198 5
230048 11
219849 1
204379 5
203209 8
239528 5
217778 3
277208 6
218668 1
241808 0
230069 9
224989 10
234618 0
258768 5
232888 3
239199 0
238768 8
229438 4
216818 6
242558 9
229309 9
232828 7
230388 7
231708 8
236738 2
235129 9
211518 6
248128 11
239149 1
251918 9
228268 8
215408 8
240628 3
232848 3
221149 5
233998 3
228218 6
232249 7
242158 1
232048 8
248818 9
205378 8
227208 4
246028 5
260478 9
245028 1
220408 3
231559 6
226519 7
281318 0
215778 0
232498 0
232108 11
225458 6
237888 4
224578 11
227798 7
213379 2
252958 10
223098 10
242468 9
238089 7
257267 3
221559 6
221618 8
215349 8
261129 0
216299 8
217568 0
215119 5
209948 3
239678 9
219799 1
223329 4
223338 5
252528 9
214648 2
217449 1
218668 7
240488 4
224558 11
224608 10
237078 8
204368 10
220759 4
210508 10
219679 0
227708 8
201678 6
222039 2
214318 6
242368 6
232828 7
229219 2
201228 1
218728 4
221148 1
226948 9
237368 1
213919 1
214238 4
200839 3
227298 10
212178 5
206798 2
209388 5
235188 7
223478 7
207619 3
204228 8
208199 8
198908 10
242468 1
248019 4
224378 10
220318 0
231908 0
221819 2
218448 4
214988 4
221169 7
266649 11
202669 0
233758 7
207399 1
254808 3
204068 10
233869 0
220178 9
242138 2
223388 10
247888 6
219949 5
232238 3
249228 1
204888 1
209739 11
210998 6
265768 5
183159 9
192918 5
237788 9
212759 0
231858 5
222648 5
215099 5
240528 5
258308 8
243568 9
217969 6
221869 7
214528 10
266378 2
235288 9
239388 4
246727 8
232968 8
236738 8
243948 3
247298 3
236349 5
226068 11
220448 0
211268 7
240839 11
239268 7
221758 10
207128 10
235769 9
233028 8
212128 4
224808 0
211948 5
223058 5
215169 4
207738 5
206289 4
225819 10
252728 9
199908 7
216249 0
220638 4
277128 5
241188 8
215738 5
221029 9
236218 5
225998 1
214278 5
238678 3
218308 10
216348 4
211069 10
227588 8
213529 10
199299 6
216618 9
202549 1
224108 9
228258 3
210999 0
203148 5
195038 6
213318 10
231648 1
227269 0
224878 0
244198 5
249598 10
256558 2
237958 11
234368 0
246528 9
252758 10
245029 6
241278 0
235208 7
250988 3
226138 6
257078 1
240738 10
256158 1
246738 9
244068 5
258128 5
274148 11
243798 10
235178 0
256668 11
287288 9
232728 8
259138 8
235669 11
235688 10
265048 7
246838 5
255978 5
256128 4
243038 4
237278 0
246869 8
281868 8
234548 4
247047 4
274698 5
245359 3
255248 1
257268 9
231668 9
248578 7
208389 4
216518 10
215398 5
209249 6
216229 0
207178 11
208789 7
217648 0
195269 1
203708 5
223788 2
208129 7
204088 7
212869 11
213149 6
200598 7
198449 1
207928 3
234998 11
196259 6
186699 0
193658 5
177099 3
206908 0
174539 2
218018 1
226998 3
229079 11
227628 8
199888 11
221448 8
235028 11
251968 7
215098 6
213108 8
221988 6
223478 10
256998 3
277937 10
320098 9
277398 1
247518 6
248818 5
202998 7
233618 7
247478 7
229858 3
225518 5
217059 9
206618 2
190469 7
193008 3
197559 7
175718 9
203809 11
182668 7
214769 6
261248 5
248478 3
269428 2
209258 4
173549 8
175319 9
197588 7
289188 10
179888 4
211509 9
227048 10
249788 8
217838 9
202299 1
196188 1
253718 5
239158 5
301797 5
282948 6
247629 5
209028 5
211738 0
234128 1
228068 6
235678 10
213698 7
226088 1
203849 7
238598 4
199809 0
186418 0
196849 1
185508 7
174909 6
200878 11
251918 1
252167 6
248928 2
210598 2
185029 10
189438 9
206079 5
242858 5
176678 5
165058 7
216998 9
265698 4
246898 0
206778 4
191208 4
206549 2
225538 11
267858 6
271438 11
281838 5
254538 2
204459 1
186319 3
198678 4
215368 11
243088 4
255148 11
222978 8
224499 1
228638 7
205818 3
195908 9
200188 10
204889 0
225318 10
179719 3
169338 11
226838 5
270178 4
263128 1
231138 3
213548 4
206929 2
179698 10
243519 9
194618 6
176759 2
223628 7
250698 6
227628 11
224288 1
210799 1
225598 6
264468 9
276588 9
274898 4
298288 5
232788 11
233468 2
197659 6
220448 8
255258 8
241028 1
222968 2
218918 8
248678 0
214688 3
199119 11
178439 11
184859 1
201159 2
167399 9
213358 0
360357 7
260478 3
241958 1
209258 5
177849 6
178859 3
230388 2
211478 5
182599 7
212608 7
242448 4
257338 0
248089 0
203688 1
244308 10
237839 6
248469 2
247907 9
244278 7
234348 1
207608 7
213849 6
226368 10
238328 9
243988 8
243908 4
213669 7
214778 0
225308 2
190278 6
202329 6
173549 4
173729 3
237918 4
172339 4
208728 10
255628 4
278208 0
239708 11
201549 4
186398 1
195979 6
232918 10
208758 2
198968 3
227618 10
221468 0
250709 2
246239 0
212698 4
248408 4
213068 3
240179 1
285397 3
266678 1
227918 7
209628 6
199209 3
222388 10
261098 8
262978 8
213988 4
220889 1
236039 1
212168 3
185659 11
175909 1
192288 8
189748 3
179708 5
197049 10
256168 10
276548 8
291278 11
200038 3
191749 8
190748 4
228128 6
252738 7
174339 0
196438 7
226189 8
253048 10
254698 5
221918 3
221989 10
263909 0
234499 5
280128 10
282457 6
237919 2
215069 3
198589 3
216748 5
222388 3
250878 3
237468 1
250389 6
212139 3
218228 11
202088 1
188509 8
178489 1
196558 11
191369 3
169198 2
209308 8
265438 3
248188 8
258828 7
195119 9
190988 6
207539 8
257198 9
186179 1
172029 4
218828 2
239059 1
249018 0
213768 7
190308 1
221109 8
302067 0
264738 2
274518 5
261178 0
265038 1
219518 10
217729 2
219568 7
237618 2
234629 0
258619 5
224828 7
192439 11
222889 4
179158 8
196268 11
158469 0
181308 0
188009 3
178008 8
219519 8
254198 5
245818 7
233148 1
173659 2
182588 10
184438 8
183659 11
240138 5
178039 1
181819 6
269068 2
251338 6
224969 11
191709 0
183139 1
209558 7
245628 6
291698 7
255568 6
217878 6
220139 8
192938 8
202679 3
223258 2
229308 5
323318 8
186018 1
217549 1
219148 2
201489 7
179389 6
172189 5
182629 8
181729 6
170389 4
222328 1
278038 8
266608 5
253338 2
198188 3
180149 5
242488 7
240738 1
191729 10
217338 10
238909 0
244467 10
255207 4
224129 10
227238 6
224929 6
238439 2
324627 9
263318 1
236558 4
245809 4
252147 4
231038 6
236818 6
236568 11
238988 9
220139 0
213198 4
209479 4
216538 3
192028 3
199029 7
186118 0
170529 4
206329 8
281757 4
284688 9
244978 11
179909 2
201008 3
179819 6
230328 9
209899 3
182498 9
247499 9
245127 11
237189 7
247178 5
210478 0
213369 8
233608 7
233458 2
321108 1
247958 10
219588 7
210368 5
235038 1
226708 11
219618 5
222379 9
235618 4
244818 8
203118 4
219759 1
215528 0
219179 3
179219 6
199758 3
213769 1
214518 5
190799 3
185638 3
247119 4
249809 1
267369 0
209838 11
186529 5
179389 5
201309 2
287748 10
166639 3
193958 1
219198 0
263508 6
229478 8
159049 11
211898 0
216308 7
258788 8
269048 2
263908 6
253158 2
239978 8
199918 2
206709 7
220138 8
213769 7
264827 11
234409 8
203238 7
200139 11
182728 11
182749 7
180449 7
186049 4
175509 2
172158 6
238668 3
270487 0
266878 4
239118 2
188208 11
163559 5
178949 11
175538 3
211009 10
204388 11
176029 3
219928 10
223328 5
237599 4
255559 1
183908 4
216779 2
224678 8
237558 6
350547 7
270918 11
221629 5
231438 6
182509 9
206959 2
232608 9
218418 4
238238 4
211418 1
201919 3
200198 7
186739 7
185489 5
179229 7
169278 7
177099 5
191339 11
245568 7
318317 3
275598 3
193039 7
179448 3
184968 0
186579 0
220729 3
182029 2
231299 7
225408 2
228528 9
236238 11
195178 5
235688 4
230879 9
312328 7
288628 2
246908 3
200048 2
205918 8
212088 5
212149 2
197588 3
227069 5
194488 9
196559 10
225909 1
177718 4
173679 6
188389 9
181919 0
181559 5
170209 4
171688 2
191759 5
240918 1
275538 7
231308 3
210849 10
165649 6
180609 10
196558 0
205199 5
175288 3
174649 7
205309 2
253358 8
221689 0
229288 1
197409 10
214548 6
224498 2
214339 2
249438 10
265618 2
247418 4
207318 4
186189 6
197668 4
209349 8
234608 5
253058 3
202629 3
216719 10
205038 9
181449 8
184119 7
173119 4
209818 0
201128 3
195859 5
196779 0
261058 9
272798 11
252048 6
164419 4
167218 3
182988 10
214959 9
225659 8
179628 11
228139 0
230288 1
283198 7
215668 7
200998 0
235929 11
242388 7
305438 7
289497 8
235509 4
236748 9
227068 9
268518 2
220438 8
224099 2
226098 4
207858 3
210849 6
209098 11
202088 10
167338 7
186309 8
175948 3
169288 2
217929 9
284698 6
275248 10
254408 2
195569 8
211878 4
228318 2
203828 9
177419 9
198559 3
244698 11
231769 2
247747 7
203979 2
250578 0
232278 10
230128 9
279937 5
301438 3
187479 7
201678 4
173369 11
182669 7
216778 4
202308 10
201579 6
207228 6
281568 2
175999 5
161738 2
141388 6
138249 9
174729 3
176419 1
133390 9
152879 0
231028 8
232528 10
266108 5
156449 1
142609 7
151899 5
157669 2
194059 4
146079 0
170349 10
193899 10
210648 11
222649 2
182019 2
205928 7
181299 1
211088 11
234139 11
266218 1
199628 6
174739 9
176849 7
203609 4
208038 0
171529 1
184349 6
187768 8
183819 4
193429 7
228319 8
159699 6
147459 7
152649 10
143119 11
155749 9
168239 8
132428 3
153799 4
206789 5
240548 11
258688 0
