176198 2
208478 4
160408 5
70389 1
69689662 6
96849 4
80559 3
14869 0
1999287 1
561843 2
256197 1
190368 2
87249 4
42420 1
120509 1
74559 6
123179 7
87969 1
91889 4
162318 7
97049 7
161469 4
87699 6
140178 5
96989 6
91319 5
2309613 3
289846 5
73830 6
123748 4
71479 1
165778 4
46450 1
102369 4
140589 4
111358 6
69289 3
212497 3
78089 7
104039 2
29400 0
147368 7
107069 6
26509 0
170998 4
105778 3
122919 2
95729 6
74839 3
78539 2
130938 1
64299 0
43579 1
120009 1
49921733 7
84189 5
28630 0
109589 6
24670 0
24370 0
101239 2
74669 2
142178 2
92108 1
69640 6
25480 0
147029 7
92259 6
164609 1
93010 7
25440 0
167758 5
201748 5
38299 0
98849 5
98519 4
90589 7
81479 5
75839 2
140328 3
182457 2
105499 3
227467 2
96828 1
154899 5
26759 0
75489 6
69459 6
92268 1
99299 4
113869 6
25490 0
72759 3
96058 6
140088 2
237157 2
73029 6
28320 0
77359 3
26210 0
112599 7
88699 5
120768 6
110209 5
126928 7
116949 3
44089 1
101909 4
44639 1
126828 2
26950 0
100988 1
121528 7
120359 2
216697 2
176438 2
206697 3
84419 7
165009 1
99218 5
90128 2
35359 0
225777 2
120939 4
97919 5
166638 7
210647 7
107089 6
100339 1
96159 5
88909 5
41609 1
39770 1
89029 7
101619 1
94459 1
107188 3
84869 5
73339 3
148139 1
79839 3
167548 4
103139 5
43239 1
146768 3
80829 2
27470 0
75749 6
202328 2
180648 5
203637 4
113899 5
84459 2
82969 3
47219 1
101809 2
39560 0
174838 5
74409 2
9291381 6
113708 4
157298 1
97648 1
39030 1
162298 2
123878 6
26379 0
95869 7
100799 7
110349 3
292986 4
91829 5
136229 6
122009 3
84359 5
120829 5
89569 6
99328 6
128698 7
98269 3
105478 4
106768 5
100209 1
47500 0
152208 2
97679 6
69269 6
123778 4
82069 3
48960 1
87699 5
90499 6
207007 2
86269 1
186228 2
111239 5
80729 2
76929 1
41789 1
76899 2
99708 5
74249 3
94608 7
50960 1
133168 5
145109 1
68630 1
85759 7
92619 7
47970 1
122879 4
98639 7
85739 3
76329 1
97338 5
63419 1
101219 3
92209 4
77730 2
123809 7
118469 4
70350 3
27419 0
28330 0
95219 7
151268 7
132089 7
80139 1
107748 3
41319 1
42330 1
55160 1
260977 2
152138 2
91789 5
104369 2
108259 1
118889 1
94699 6
65329 6
70099 3
87049 7
104569 7
87599 2
27910 0
96829 4
98908 1
82369 7
233148 7
285906 2
29780 0
69239 6
93659 4
228527 2
31010 0
215747 1
1112487 4
41339 1
81479 5
13464632 7
140478 5
130559 2
29069 0
25150 0
246687 7
221388 2
28000 0
190708 2
356246 2
102139 4
74480 6
138428 6
152408 7
199298 2
79899 6
120949 5
112828 5
29480 0
189718 5
27269 0
96169 1
77419 1
83679 1
102999 6
95399 7
93729 4
189018 4
73389 3
181538 3
128898 4
73129 6
173468 7
110759 3
26020 0
71519 6
55969 1
95499 4
181718 4
83669 7
27179 0
107999 5
69099 1
141879 5
30335384 6
104369 4
130759 5
77249 1
115808 5
173767 5
198988 7
176148 5
213178 2
42836927 3
92488 2
373485 2
107859 7
131238 5
268677 5
228917 5
86228 3
197328 7
280727 7
135168 5
86229 3
87929 3
386396 2
93489 4
111848 3
103519 3
94949 7
98039 5
69679 6
71219 6
27410 0
155148 2
67109 6
139919 5
134459 5
122689 7
65780 6
118319 7
120479 2
93289 4
128439 1
135459 4
241527 2
94279 4
83569 5
124079 4
181998 3
122209 6
88049 5
31740 0
115738 4
99099 3
114138 4
109678 1
130529 5
191208 5
91268 1
80539 7
129798 5
9723276 6
109098 4
206567 1
30600 0
105249 3
155798 4
85619 5
135058 5
27550 0
148038 4
72219 3
42850 1
93730 5
93849 6
190528 6
99349 5
30490 0
220017 5
92909 7
91129 6
66519 3
118129 4
119158 3
47950 1
120098 6
119399 4
49079 0
189898 1
86989 7
163968 5
26980 0
25849 0
28329 0
81339 7
87249 2
197498 4
116749 7
82570 6
130578 4
31330 0
26989 0
162818 6
226477 4
176928 2
90959 7
96048 7
108948 3
101119 6
71209 6
46100 1
116858 4
26340 0
184328 4
124929 2
106348 7
128059 4
104298 2
117059 5
150308 2
105599 4
27160 0
347786 2
104059 2
129678 7
29460 0
201427 4
103589 7
107479 5
27169 0
177788 4
91609 7
159058 2
96459 7
96309 6
165858 4
29680 0
98008 5
172107 2
107949 3
278327 2
114239 4
135208 5
27410 0
154588 7
90579 4
44829 1
107669 5
87649 4
8494450 6
175928 6
98859 2
30280 0
71869 6
68559 6
26460 0
94329 5
1362474 3
100928 5
28779 0
135989 4
203638 4
179818 1
181418 7
127549 5
90599 2
139069 7
108919 1
153219 1
147228 7
93549 2
28149 0
179129 4
30709 0
154808 4
124229 3
166588 5
75589 3
109859 4
32759 0
95339 1
85179 3
80249 3
100459 4
105329 5
58149 2
28480 0
27459 0
65729 2
62879 2
222897 4
89849 1
120539 4
119169 4
92959 7
127979 4
104638 4
156928 7
88139 4
101518 4
106618 5
95759 3
26350 0
110779 2
28940 0
130669 4
33499 0
167788 1
110869 5
98839 7
158158 5
68619 6
74229 3
100809 2
26090 0
94138 7
239187 2
103568 7
161928 5
27709 0
76979 3
192558 3
97829 5
95359 7
80799 7
32030 0
121779 1
76049 6
143438 1
97119 7
95169 6
94439 5
123909 3
109438 5
79168 1
26950 0
142119 2
99759 5
126528 7
89789 7
171758 7
85489 1
47609 0
137549 2
70669 2
105869 7
70979 6
72569 6
74649 3
142938 1
102689 3
70979 3
10177351 3
87949 5
119498 3
28479 0
119859 2
118788 3
176988 7
29110 0
139328 5
92479 7
179888 2
30070 0
30399 0
148358 5
96519 4
116438 3
161048 7
33590 0
88609 5
31869 0
101699 5
41510 1
91179 6
78439 3
58139 2
91099 6
80379 7
84489 4
134518 2
84848 2
33020 0
33330 0
32719 0
27330 0
112909 6
81629 6
83519 6
87419 7
206677 6
29460 1
69859 3
84219 6
75079 7
111499 3
99729 3
145829 7
28850 0
161159 7
89149 4
68839 6
72679 6
26170 0
31349 1
26660 0
69559 3
79659 5
28190 0
58509 2
28780 0
75959 7
89539 7
87979 4
197538 3
158698 3
66629 1
119488 7
62480 2
69579 6
81549 1
74719 7
27570 0
124798 3
87219 3
176928 4
27690 0
77509 1
144078 1
88149 3
27600 0
161358 5
93619 7
219117 7
27109 0
204618 4
31399 0
148089 2
98808 7
147388 4
113048 1
117969 5
27530 0
102798 3
83810 2
93609 5
90329 3
145929 7
69500 6
56059 2
93459 4
123448 5
273106 5
30070 1
89409 2
116909 7
69420 6
123818 2
106459 3
28160 0
126238 1
100639 3
13166556 3
70750 1
76820 7
74179 5
70569 5
186268 2
133208 2
31930 0
101939 5
73059 7
135698 3
29620 1
118079 5
77990 5
141658 5
59799 1
48200 0
95099 3
31639 0
27740 0
160038 6
162588 2
102669 2
101459 4
146228 4
87019 5
108509 7
81749 5
135698 5
144318 5
143929 4
171758 4
132738 3
27730 0
72809 1
190808 5
261927 4
81889 2
90648 1
112728 7
26590 0
26380 0
71369 3
85289 7
197768 6
34010 1
225557 4
28659 0
27020 0
109949 7
105899 7
140049 4
120618 6
148828 1
89019 5
96218 3
103399 6
88289 4
81589 7
125648 7
76669 5
75399 7
66979 2
93809 5
209397 2
31230 0
74989 4
67679 3
102289 6
186098 1
76719 3
25010 1
73389 4
73749 7
30110 0
27429 1
9739156 6
27940 1
71689 2
132038 4
71319 5
36659 0
89759 3
120099 5
53910 2
129138 3
158589 7
18981508 3
74499 2
304536 3
105589 2
25890 1
127368 2
131658 5
25299 1
25550 0
28315318 6
81199 5
29050 1
78659 1
139609 5
149318 6
99949 4
71999 3
102649 5
143008 1
164628 6
9864774 3
24480 1
49069 1
101499 5
77979 7
101469 3
74599 7
71299 4
143919 4
126259 2
9305961 6
281267 6
80199 4
243067 6
66189 6
74689 5
170998 6
67879 5
28110 1
69039 6
127239 2
121078 7
69309 6
50429 2
29780 0
27650 0
71329 7
68349 7
8453150 3
62750 2
28260 0
131019 4
75239 1
27749 1
61359 2
122128 4
28120 0
9359880 6
29650 1
32199 0
9871375 3
9908464 6
72509 4
76289 5
202988 5
141518 5
80819 1
74769 6
31629 1
24400 1
97029 4
90759 7
9203252 3
9996962 6
99529 5
78619 4
69339 2
89705707 3
9972933 6
37089 0
100109 7
28000 0
73929 7
9754125 2
40269198 3
221978 3
130379 7
84819 4
77759 3
25679 0
54549 2
89459 5
76290 5
58319 2
123839 4
98349 4
18905148 6
248427 4
39652245 3
26880 0
73888 6
133528 2
82219 3
119299 4
78239 7
87989 5
106059 1
176487 1
146459 4
80679 7
25849 0
77808 3
87179 6
57230 1
29550 1
84988 5
27530 1
166668 1
85809 3
176838 6
124219 2
74169 5
89629 7
331876 5
83619 3
213267 4
197008 3
145918 4
81589 3
165498 3
78030 6
27909 0
76699 3
28870 0
105449 4
160848 4
77199 3
273997 4
81909 3
84689 4
30599 1
70200 5
107748 5
67820 7
121159 2
26020 0
150468 7
27360 0
69139 2
27120 0
85279 7
71760 4
69309 7
74209 5
98209 6
25660 0
126369 3
26410 0
67849 2
52489 1
87519 3
83869 4
125849 4
74599 5
74869 6
125078 4
106368 4
84479 4
59439 2
84308 2
83569 3
59229 2
80259 3
70679 6
27130 0
71429 7
145368 4
26920 0
133989 6
89399 5
129299 5
103489 4
133188 2
87639 2
69379 7
191808 4
30250 0
234388 4
74489 7
26070 0
72779 6
84419 1
27039 0
37340 0
23600 1
75709 7
26999 0
69149 7
72149 3
107529 5
68189 3
57709 2
71089 7
149369 7
60170 2
59289 1
94579 7
26300 0
39039 1
67430 7
9976443 3
67499 2
93348 5
26600 0
74909 4
69069 7
70849 4
77929 1
95699 2
115118 6
55640 2
55279 2
110249 5
64859 2
69429 3
68949 7
55340 2
70679 4
67749 5
116549 4
70369 4
69689 4
68789 3
25980 1
67079 5
121359 3
81049 4
72269 4
69049 5
26320 0
68589 5
71159 4
26520 1
122188 3
67439 7
25879 1
73739 2
110799 5
99429 4
70239 7
