90002654 6
7270 4
40002326 7
19995913 1
20993933 6
5180 0
3210 6
3740 6
4400 6
38980856 3
4620 0
4820 4
79989352 1
110001857 0
480 2
4480 4
2820 3
400 2
3260 3
19986973 5
2960 1
39996786 5
3060 1
40006366 0
19998163 3
850 2
19992893 6
9003352 5
10999361 1
470 2
2640 1
2590 1
3670 4
4670 1
4730 4
19989603 3
28991705 7
60996219 5
20004113 3
3550 5
3150 5
3760 5
79994172 7
4960 6
139985192 7
4220 6
19994983 4
2550 3
3410 6
40009416 5
440 2
340 2
239998906 5
14070 0
20006573 3
39969207 7
19003793 5
1022901 7
80972323 4
158998924 4
20007313 1
19992653 7
340 2
20003703 1
80019822 6
350 2
19977744 4
6660 3
20025023 6
5779 6
4270 3
6460 6
4850 1
6040 6
19941734 0
4960 0
23999344 7
7769 7
4050 1
5550 3
95989485 6
5720 4
7870 1
80001982 5
4400 1
4930 3
460 2
6840 3
5270 5
7949072 6
5980 5
62022399 7
49979488 0
4400 3
400 2
4580 3
291 2
7759 4
4690 0
8968812 6
5350 4
30994725 1
10520 3
7479 7
340 2
6531 7
4580 0
4169 0
251 2
99981875 1
5890 4
9984752 5
12650 7
40009137 6
4540 1
1040 2
560 2
10230 7
5550 6
148949823 4
5270 4
51017528 5
5070 3
39968736 4
79996702 6
20028103 4
4060 0
29993435 3
8981442 1
131012199 7
20016332 1
19976224 0
20005393 6
460 2
351 2
19989413 4
70027550 6
6620 4
20020623 3
39971796 1
470166 5
16480 4
1340 2
39507891 6
39973387 7
20017923 3
20005803 7
9400 7
8280 0
19976364 1
7760 0
19998253 7
19983163 7
229991385 4
13420 7
9210 3
5650 7
39971006 5
30024555 0
410 2
10949 4
59964720 5
19994783 6
9006512 1
451 2
7250 3
5880 3
987280 5
30017125 3
19980143 7
5240 0
5680 0
80011462 7
19988704 5
39990637 1
80028162 3
149977223 7
13880 6
750 2
189999849 4
27559 1
19959744 7
19989093 3
4760 1
410 2
300 2
9910 0
7988921 3
12024082 7
20009033 6
19993883 5
19967653 6
14410 4
550 2
19996393 6
18670 7
19973483 5
80022662 1
330 2
6750 0
3750 0
964861 7
320 2
69004580 5
30028494 7
5409 7
19964213 6
330 2
20012093 3
19983813 5
320 2
40010396 1
8995921 7
331 2
71002340 5
27992615 5
4679 7
101992786 4
390 2
19998343 6
5400 5
260 2
20000693 1
20006143 1
4980 3
19986144 0
20001963 6
5660 6
9993632 0
118998108 5
5620 3
4350 1
3570 1
3970 0
360 2
987221 5
19999072 6
19994243 5
6040 4
179998117 7
9020 0
5670 7
218984384 6
4111 0
4789 1
550 2
220 2
7070 4
550 2
7090 4
5670 3
3700 1
5970 4
610 2
70967981 5
5690 6
5400 6
5850 5
320 2
59975690 7
4431 0
3069 0
5031 4
7319 5
310 2
6330 3
19972834 7
998220 1
4190 0
4240 0
18996763 5
5540 3
4480 5
139992631 4
680 2
30990475 7
18998393 3
5950 7
160001714 5
410 2
19993333 1
320 2
11740 4
11010 6
810 2
139974582 5
39996886 5
60002499 5
8000681 3
280 2
8110 0
7040 5
6550 5
11975262 7
61005149 0
48992028 1
6750 7
5550 7
19992513 3
19999473 3
49999048 7
19996453 4
160001584 1
400 2
59003589 0
10995182 3
40008336 7
390 2
149994943 3
4080 0
17993213 6
12008341 7
27995555 7
11995912 0
20008683 1
5840 6
48989657 0
130996930 4
60001760 1
99997915 1
420 2
39997516 4
80010762 5
39988637 7
20006463 1
78997542 4
999540 0
20006243 4
239989367 5
5700 7
320 2
7540 7
129992900 5
9000231 1
10999351 7
58994300 0
41004066 3
5140 3
19999253 6
39992716 0
20000183 5
6940 3
380 2
111992957 6
18013693 0
19998653 3
5300 7
19985803 3
79993073 7
8499 1
4500 1
4430 0
8990232 7
50992308 6
10009151 6
5600 7
39994166 1
39995676 5
7210 4
5910 5
5930 0
5270 3
4730 3
5520 4
5660 1
99959626 7
5250 6
5530 3
4930 0
4540 6
8983581 5
161001225 4
19995863 3
39996556 4
5570 1
330 2
7880 4
38991816 3
1005760 1
149986193 7
4390 3
5060 7
8996301 1
4439 7
4810 5
110994218 6
59995919 6
79996892 1
41002196 0
99007075 3
49990848 5
340 2
20870 4
4150 3
19978853 5
560 2
7310 3
1000 2
19996053 6
100019625 7
6210 7
19978934 0
29991914 3
37991756 1
12009002 4
340 2
40008366 3
4540 6
5170 1
330 2
147969583 7
11108080 4
894842 3
21002423 1
6010 5
166991016 3
5139 5
3630 3
5190 3
6340 6
11988802 0
19988763 6
5160 3
320 2
5860 1
99987956 7
380 2
290 2
19004742 3
5500 6
129991551 5
1009440 0
19996873 4
59999759 6
4900 6
37987166 5
12005232 0
170002746 1
9919 4
19992224 6
450 2
4850 6
3960 3
59991869 0
20011183 7
5540 5
89986854 3
8992831 3
30999895 1
6200 7
3560 3
6960 7
5420 0
5630 1
4320 6
4360 0
6139 7
3580 1
7329 1
451 2
5660 1
119957999 5
270 2
310 2
6290 0
19975443 4
19997004 0
6179 7
9995872 3
4520 3
5000 5
60981750 1
77010931 4
3993341 6
7190 7
37995806 4
99999915 1
5360 1
18220 4
19977323 0
21992214 7
7500 4
2509 1
6889 4
18011312 3
59980680 7
19997243 6
60011640 1
4910 1
19974783 4
5200 3
4090 1
4380 1
19994943 4
19999683 4
7260 6
30004794 7
7600 7
7370 5
7290 7
6450 7
49973628 4
7850 5
79991353 0
59979840 3
60008979 4
59993619 7
19997223 5
9080 3
640 2
19989893 7
19997603 0
9840 1
460 2
10939 1
59985320 7
87994063 7
2012921 6
6010 6
540 2
99988916 3
20013903 3
99987395 5
720 2
1999161 6
9995191 3
500 2
10390 7
4290 0
7998701 5
4970 6
6040 4
4600 6
19980133 3
40013526 1
19976354 3
350 2
23299 4
6189 7
17967963 3
430 2
2018640 6
640 2
100979956 1
9010072 3
6080 3
5649 4
8890 1
17968364 7
12003881 1
6830 7
8190 6
7120 7
19969943 4
20017503 7
167990306 1
10998532 5
21011123 6
139984932 4
39998356 6
111000487 5
29008724 3
60005189 1
460 2
7260 4
5650 3
19973864 0
30006135 0
9997752 3
550 2
4880 3
9998431 1
6370 7
4790 6
5070 6
6030 5
19971173 4
78998652 0
6280 0
3700 7
5010 7
80982573 5
5590 3
19995373 7
61003299 1
56996289 4
3350 3
590 2
32014845 6
39981236 7
20004793 6
6050 3
19985203 4
4991 3
4969 7
180001338 0
5740 7
20000273 5
19995723 1
99990336 4
19999644 4
60002019 0
169997996 1
170019576 1
310 2
81981473 1
570 2
8470 6
4890 6
78982662 4
4920 3
138993062 7
40003315 0
16540 4
3709 0
4360 6
680 2
5730 0
3880 4
4940 6
5010 7
5580 3
4030 0
4380 3
390 2
5680 7
310 2
5150 3
7510 0
6570 4
4780 0
69910911 5
19999133 6
6850 5
790 2
8880 4
9993262 1
127987000 4
12004082 4
20001163 4
5240 0
5111 1
5609 0
9989352 4
6030 6
130984240 3
19007173 4
109995147 7
4520 7
49992078 3
320 2
60004829 3
4540 4
3850 4
59997379 0
60988360 0
4500 6
3420 3
2920 3
118992738 0
10004412 6
79994022 5
49998978 3
600 2
60012089 5
7020 6
19980263 7
1000 2
119005708 4
2000010 7
5950 1
18987214 6
5910 0
360 2
20002723 5
19988253 6
21003374 0
5830 0
860 2
28995784 6
6660 1
89200542 4
20789725 6
219997384 5
40009526 0
50994558 0
9007221 4
5970 6
410 2
4420 0
5300 6
410 2
6730 7
29970735 1
19998463 7
48006198 3
4771 5
4409 3
290 2
10980172 1
61016859 7
39995527 6
4570 0
20001693 3
4670 7
19985633 4
560 2
5520 7
79993862 5
19989943 7
460 2
140001161 7
100009275 7
6280 3
47985278 0
430 2
4980 1
62005629 5
5400 6
19982013 5
411 2
57999069 0
5080 4
1994911 1
5420 1
4500 5
39998817 6
39987986 6
38000306 3
4730 3
12997532 7
9001401 6
40006336 4
37992056 4
34000436 3
58000718 6
4940 1
369 2
19993863 0
400 2
5709 6
20003252 4
4420 6
351 2
5669 7
89980454 3
20016743 3
460 2
19982464 7
89999833 0
4300 6
7199 1
59988350 3
350 2
260 2
20005333 4
3210 1
19993753 6
3880 3
3440 3
330 2
280 2
210 2
4350 1
39988476 0
460 2
6940 1
19991213 4
19995903 0
3980 3
40000777 0
3980 1
4129 6
19994244 3
4230 1
5050 5
40000206 3
19984243 1
39999406 7
71003991 0
5430 7
5470 1
470 2
8991901 3
19998553 4
19991363 3
9109 6
79999512 7
4340 4
59303316 0
4320 5
20678926 7
60005489 3
14180 4
5180 4
5150 4
320 2
19973943 7
10000452 7
4570 7
380 2
19999613 0
5540 0
4140 7
39994986 4
3180 3
3560 4
3860 3
4480 7
19972424 6
9005762 5
11005021 0
3400 3
128986060 7
1000121 1
8769 6
4990 6
69982671 0
3120 3
20999553 0
18001373 7
160998695 4
3590 0
69996041 3
10009942 0
9993401 5
3400 3
4900 6
3170 3
370 2
5330 4
250 2
4300 4
4440 6
4150 3
4150 4
19962473 0
10090 1
3850 6
3570 6
4230 6
978500 3
370 2
39011286 7
19993333 7
9993982 1
60002799 7
20003253 0
79997753 0
39998856 0
37994676 6
3629 6
471 2
6180 7
12000742 3
3940 5
19988764 0
5140 5
3491 0
3749 3
3909 3
3890 1
520 2
1977621 7
3780 6
440 2
19993833 4
3200 1
330 2
18002033 3
370 2
430 2
108995727 5
329 2
5000 5
51000288 7
4060 0
3360 1
19988804 6
21997483 5
7840 1
370 2
37994216 3
19994753 1
400 2
20004093 3
58997569 4
450 2
6150 4
4980 0
5170 4
430 2
4960 0
3470 0
5000 1
70973781 3
550 2
10992022 3
4140 3
10994092 1
4280 1
8006632 4
69995401 5
29995505 7
118002868 6
94999475 5
780 2
27997114 7
580 2
59014699 0
40003716 0
19980674 3
60998299 1
57005019 7
8100 1
10510 7
5270 6
670 2
61982019 0
20000313 6
59996319 4
129999810 7
4900 7
4900 7
79982842 3
790 2
6740 1
20007123 6
88986594 3
9350 6
999540 0
19993733 4
49997268 5
21999713 6
5869 0
8000 4
6200 5
520 2
5994141 7
8920 6
450 2
9360 7
6340 0
8670 6
10948702 1
71016631 0
39983926 5
60000889 7
100007585 4
20008183 6
99987545 6
14079 5
9830 4
11420 4
39968357 6
8500 0
9750 1
12390 6
4890 6
19953964 7
7360 6
540 2
9960 1
9739 5
7220 1
8590 3
4770 6
12450 3
19953744 4
660 2
19992873 7
40001606 3
630 2
18994263 7
7790 3
5750 3
1984770 6
490 2
6680 1
12050 1
6130 3
690 2
6220 3
6270 0
8966272 5
19990973 6
21002723 6
760 2
6560 5
18999713 6
4900 3
21985194 6
37999896 1
39999446 1
20009163 6
551 2
5491 3
99987835 1
5500 3
20068712 7
