564193 11
116169 5
389815 18
202528 7
17932058 23
130378 19
120389 12
179617 12
150098 5
90389 14
1376533 3
161748 21
81748 5
78108 11
1623530 22
83849 11
134499 15
82279 14
123508 9
167148 8
155218 4
76859 7
64380 23
74720 14
107128 1
67250 20
74009 19
105688 1
66449 7
63679 20
95559 8
79449 4
60449 16
69209 14
71349 3
88779 4
144948 2
71589 18
4837083 12
9768504 3
94179 1
86409 3
75559 4
83799 17
9497338 23
101688 2
9878793 3
10015231 23
77229 4
136428 13
126188 0
1045828 6
177178 18
75239 23
90859 13
175438 23
71749 13
129908 1
200477 14
149698 14
81599 20
10128730 3
117198 22
143028 5
146548 6
81669 14
118798 6
72619 5
99409 18
96039 6
85219 19
73869 17
154288 21
26342067 12
98869 2
108059 10
74739 4
145439 10
128999 22
410965 23
97039 17
175588 17
119418 23
154078 8
77439 20
135079 18
152958 10
164098 14
132258 19
82370 12
99008874 6
160998 21
9485257 3
39058226 23
142478 22
157938 14
136679 21
117418 15
108139 4
140538 0
127499 14
148318 21
8992023 6
80089 23
134459 11
180561765 3
82929 21
92179 9
126738 21
130949 20
75079 11
242397 3
75979 5
8342501 6
68409 14
118959 22
74919 4
76999 13
146638 7
129383093 3
212907 17
130029526 6
81709 16
163828 1
128778 22
1059877 16
129198 15
114999 14
136728 21
28035917 23
113229 2
63059 16
97079 2
30671926 6
93529 17
39651760 3
131869 12
87609 18
85359 18
177918 1
90609 7
165948 4
153028 10
134008 21
153958 22
383065 4
89269 17
88419 2
76139 11
19679816 6
139558 22
147168 21
219167 19
487914 19
118519 12
86149 3
264427 11
255207 23
162828 9
173158 0
184618 17
219817 16
188248 2
68629 23
84819 3
177528 7
58139 22
63249 16
105239 10
348686 0
147628 11
161838 20
630573 2
284096 0
63220 3
76250 14
76529 9
148838 2
144518 20
457225 0
124888 1
191868 10
131189 2
548974 0
112519 13
227747 5
220667 8
513864 1
310457 0
71860 18
10056140 6
121699 19
149528 13
176808 17
74459 23
211958 2
121898 7
79469 7
2020346 18
136428 22
220678 12
154548 11
242447 2
229407 11
201697 19
145928 20
184198 0
185098 14
349976 0
120748 9
195588 3
926849 17
65929 13
267777 18
81929 8
626493 17
94469 12
68180 3
73779 12
82109 10
131348 0
126519 7
123058 5
115739 12
10478145 8
83868 19
700702 8
95969 13
368755 23
71549 22
246037 9
112109 19
102538 6
220288 8
359056 7
152249 4
106289 17
246808 6
94989 18
153149 0
127579 16
247017 12
197678 6
354796 8
141548 10
123798 1
143789 10
54769 16
70699 22
65759 23
61970 23
75689 10
124348 19
124329 2
140118 12
184328 17
184668 19
5608143 5
128449 19
64169 21
89559 8
63529 22
81069 19
1212405 23
64529 10
55849 23
75549 2
18946485 18
77539 10
9126682 3
312786 4
79499 7
225948 5
153748 2
76429 3
122078 7
122129 14
92419 9
74949 17
123798 3
105618 10
63730 20
84179 19
8943453 18
77439 22
78359 1
84019 15
71379 8
65470 9
61950 11
84359 4
64229 10
61699 16
124249 8
76319 4
489854 7
80439 5
73649 1
77600 19
74979 8
73710 22
17668180 23
106809 10
86290 4
61570 20
146638 5
58159 10
63510 11
59310 10
103079 10
76449 18
29631528 6
141038 4
73699 1
87819 0
104139 7
123258 2
110528 21
81029 9
116439 9
8926044 18
89479 0
91968 0
77909 11
50659 16
68939 5
66609 21
96929 15
92379 19
130778 8
148048 11
8905534 3
88479 0
86299 2
70939 11
126119 4
69139 16
130728 14
115379 14
62409 9
51170 16
61000 10
80339 2
126998 5
54530 16
72739 12
80479 0
92459 1
82289 1
8372530 18
69440 18
656983 23
88699 8
86929 2
73649 7
72199 23
158868 4
74309 14
62890 14
81459 17
85350 8
67840 20
63349 22
81919 1
73339 5
70969 12
58870 22
56080 7
65009 12
61389 18
59750 8
93119 4
69780 18
51079 16
64029 13
50970 16
77796925 3
133938 2
171218 8
83379 2
49369 16
165898 17
168038 19
120459 9
70149 17
29350011 18
98569 20
88149 6
80019 11
66970 4
105909 2
263427 8
74869 14
128409 14
8799345 3
101619 15
49542351 6
94349 21
182018 9
159578 0
71059 10
187188 17
2043786 4
141688 2
89889 7
285527 15
209787 7
131749 11
113838 3
108779 9
443775 5
246187 4
123598 10
244677 1
340796 18
375326 0
85459 6
137908 6
462525 19
165538 22
269696 17
2322762 14
181528 6
171978 20
1149806 14
8736266 1
56110 22
56139 21
22670201 6
80829 11
65029 22
106409 21
130398 5
66190 17
113139 18
70019 9
158268 9
108949 19
115699 4
88609 14
120288 5
76399 16
728802 0
69519 12
74739 6
56361210 23
56210 16
83249 12
82319 8
155338 17
90789 19
101298 19
85570 14
208177 20
113399 12
146948 7
122819 14
74170 5
133758 11
136828 17
57379 21
84859 0
121478 12
123599 21
70319 9
127408 17
138248 0
102719 14
162048 7
79589 0
98608 16
64060 16
86209 22
84639 22
146558 1
68889 19
82639 17
90659 12
75519 5
75360 2
47270 16
53919 21
63899 13
111968 14
84789 17
60809 21
158418 5
102859 19
78409 5
120089 15
72329 18
78719 2
71289 14
61929 17
69399 5
62759 10
54779 7
59040 22
13930934 6
151410532 3
113248 23
69229 17
93909 14
312387 7
66030 20
76459 14
135988 9
143818 10
101678 13
59639 16
198837 2
72089 9
189308 15
169488 1
314266 0
101729 9
68729 21
71339 5
155348 4
55539 20
6742980 6
94059 11
388205 6
111929 9
192248 8
71548 16
115019 21
196508 20
119249 13
8878165 3
128288 0
9549736 6
113999 14
102479 0
400106 6
119048 17
398705 17
9174091 3
62479 9
49626950 18
77330 15
68870 10
68179 22
86719 17
67199 13
66009 11
71869 21
122959 13
82309 0
170088 15
77939 10
8983323 23
109139 13
9885993 18
95159 7
10814922 3
238677 11
240477 3
155248 8
72309 13
69419 6
86949 9
72269 12
153698 12
147258 15
98089 7
64399 21
8208773 18
75729 21
67779 22
86979 21
52010 16
643173 18
236547 12
52509 16
118507553 23
77359 17
69889 22
78929 5
118398 13
83179 20
121748 3
107259 13
390345 23
80059 4
70109 20
61869 11
122729 2
135938 17
65349 23
95518 9
10423777 6
93058 11
79369 2
73149 17
73999 8
77279 19
84209 22
68569 11
97639 21
61969 13
81129 22
129459 15
53479 20
66389 10
132739 11
53089 21
54740 22
93070 2
71610 6
59140 12
99879 4
16578573 18
70299 20
65119 10
102639 11
69739 10
89679 8
68599 9
30826784 3
139468 2
128134148 23
83549 14
69290 6
156798 1
68609 22
111958 9
238588 9
81440 5
78419 21
121118 0
150749 1
141099 13
282707 2
371355 2
104939 9
129688 6
271837 1
115069 14
104488 14
347346 0
91069 20
164928 8
125649 19
174528 8
341016 19
67839 6
87329 15
167698 19
179898 12
67249 21
70429 18
61219 6
72269 14
156819 2
95668 23
66729 11
133018 15
69749 18
90439 8
190948 8
57789 22
98349 8
78099 2
74969 22
78369 10
155258 19
59880 13
59539 23
60929 9
4681764 3
95219 1
57400 22
161178 14
89269 16
100729 19
60280 11
144298 11
68249 20
207398 1
131938 1
70649 11
87959 19
57560 15
67529 5
70399 4
7865077 23
121318 10
108199 17
155808 19
256377 4
121749 11
187258 1
76679 4
109249 0
62350 16
47060 16
106479 22
127018 14
158638 0
268977 0
83399 7
65859 9
109659 10
83109 13
73889 6
66859 6
117639 0
65679 21
125059 5
289216 17
146798 2
151229 12
64439 5
91189 17
97239 13
83329 7
74169 5
84399 22
63979 13
126169 0
68400 6
99169 0
55720 22
90929 2
119949 0
65680 11
68510 13
67009 10
60759 6
47710 16
84909 2
179867 2
69710 23
61639 13
59479 22
64550 10
65909 17
5126649 3
80189 2
75629 11
78719 15
73039 17
9451428 23
81109 13
61449 9
64719 17
107098 19
9872663 6
205917 19
70939 3
148099 2
94319 13
171227 4
128968 11
58649 16
74590 11
99168 21
61429 22
105958 20
183948 21
97889 19
70969 11
58089 16
93028 6
207488 15
77149 6
117868 5
82648 17
125688 2
76949 12
382786 18
120678 9
129379 6
70569 6
117568 3
147748 9
172318 12
64909 14
69229 5
124839 13
82788 2
111549 4
127979 3
104998 12
131418 8
69479 17
100659 11
65929 22
66849 5
133309 18
147798 13
82279 10
136519 1
139809 0
67649 14
87019 15
98179 18
24186672 23
29770947 6
75599 13
70809 19
140068 21
88239 9
75859 18
124139 12
100309 18
72529 10
112868 4
65970 20
349086 18
141038 14
128048 0
459415 18
69989 16
152108 11
93199 5
265897 10
118038 13
64540 22
61829 15
324826 4
268577 4
37525714 3
67900 17
65959 12
78159 6
70539 20
111609 20
291626 0
182148 0
123009 12
237837 2
69769 18
61119 17
124899 6
111758 22
56720 20
91649 13
122598 18
228057 12
125868 5
135458 0
270407 1
113959 21
107178 3
120788 4
68319 18
66109 14
122218 7
60269 23
99979 20
77449 2
66039 13
71309 11
88479 5
117358 17
113229 11
94848 23
132018 0
63209 21
74419 3
69330 5
140918 19
144258 4
105859 23
210937 10
109239 6
64689 21
146298 18
109198 6
54449 21
86068 3
85148 11
206788 6
87139 3
107099 6
56789 21
70139 21
131529 22
174948 14
62809 19
144588 20
116609 1
92549 3
106528 23
89618 21
3039664 18
76349 22
9656765 23
94928 1
40119703 8
69939 20
110699 6
123988 19
151378 1
140788 6
95899 5
173528 0
59249 16
81989 7
133538 4
70709 5
87648 13
54969 21
93219 9
81179 8
73979 10
305216 13
123629 3
67659 11
58019 13
69249 15
60859 9
6771109 23
74370 14
125308 2
102349 12
75769 17
84679 19
85349 1
63619 10
81499 2
74689 17
125689 14
64109 10
62539 9
106469 19
67639 9
61739 13
8518079 6
65600 12
56969 22
852329 3
61419 12
68169 18
58889 7
863300 8
178788 8
104559 4
129478 14
55230 16
284367 0
87409 22
107349 18
44119 16
57760 23
63639 13
89519 15
213147 0
74910 7
96879 6
91039 2
117979 10
201907 1
152909 9
63170 20
77649 5
151198 15
106019 19
76629 17
93339 0
76509 3
72619 4
78129 19
134899 0
62350 8
111969 20
63360 9
99018 15
75390 10
91259 1
62970 23
60959 20
63509 20
85169 14
151079 1
72790 14
59609 21
67239 4
110079 5
76639 4
56959 16
71949 2
63099 9
63549 10
73879 3
64169 21
65949 21
66969 23
57829 21
63399 13
66390 11
108179 9
64759 8
64530 7
81739 16
81219 6
86329 5
161698 15
