189078 8
83329 16
77479 7
73020 19
76449 7
91380 23
80029 14
77649 6
83749 19
78099 7
78200 9
83219 19
76960 7
76759 17
86020 22
77129 9
76579 21
97820 4
80919 9
78470 13
82759 4
84109 9
82190 2
80859 16
73640 15
79609 23
83869 1
77149 18
73799 6
98360 5
83009 21
80799 7
85559 22
79239 5
76920 9
84129 13
81989 22
80880 18
81539 7
87050 5
83729 14
97009 21
79920 21
79839 8
84679 7
81009 6
84949 17
81860 18
78589 5
79610 0
80299 21
84739 21
84520 20
95819 2
85419 8
81520 20
85199 16
78550 23
79659 22
78770 16
85619 22
80960 4
83750 13
76979 3
85730 10
97569 9
83579 3
84099 14
85759 22
79020 7
85039 9
84339 3
84859 16
72469 8
87970 7
81419 21
88290 17
87800 15
91299 20
82590 6
90479 15
262108 23
84049 6
79930 3
84209 14
77790 19
79080 6
108329 1
85720 20
86679 2
80139 0
90450 19
88259 19
86149 4
75470 11
85209 19
82100 16
74869 10
78400 14
110019 15
83539 1
85550 7
83899 1
83099 21
79319 4
80519 15
98160 2
75410 13
90450 13
84410 8
10097267 11
58950 8
71599 9
67730 19
61659 0
60620 2
67899 8
67380 7
65709 10
67830 13
71559 0
66660 8
69119 3
67240 20
68629 14
85160 8
61509 18
68490 18
66489 13
64810 12
63189 11
67869 18
66480 18
74039 1
61630 2
82109 22
72479 4
71300 23
63669 4
84910 3
66439 0
68570 10
66249 10
65190 12
71019 13
63730 6
69539 3
63499 12
69439 10
67579 0
73109 12
71559 14
71039 0
70750 22
75479 23
70270 15
70999 2
65780 16
67040 16
65240 9
65680 8
69429 6
60180 18
69890 8
77409 16
66959 11
64670 10
67129 23
80759 19
62570 4
65380 9
67980 23
68269 14
67760 22
65159 22
74050 13
72610 5
63480 3
72459 18
69740 8
80090 15
67370 7
64949 4
77409 5
70569 3
65990 23
57769 20
69570 3
72560 5
64760 6
60840 5
63069 7
65250 11
70749 23
69680 21
69679 16
75039 18
79609 10
72639 21
67260 21
59910 11
67940 21
66640 9
69399 2
68600 15
66769 13
70930 18
66279 20
76480 4
68979 17
73070 2
67620 6
78929 7
64260 11
63720 2
66389 0
70630 13
66319 3
69990 23
61189 0
71770 8
60149 7
76530 14
67599 0
65860 12
64199 9
74360 15
65989 0
62500 12
65059 12
66730 2
65250 7
73360 22
72859 21
66770 6
67469 8
62960 6
67310 3
58970 10
63570 12
70770 18
86499 10
54640 12
73060 2
68069 16
67069 12
71079 6
63190 23
65630 15
72470 21
69379 20
73770 1
69710 11
66839 4
68849 8
62320 10
10104908 19
69229 23
69660 7
69169 1
72820 8
73269 0
67350 14
76409 1
69130 17
70409 4
65910 5
72529 0
65710 1
89869 2
68500 19
68059 17
64240 4
65259 16
64540 1
67529 16
64430 18
68219 20
61370 6
63429 4
80559 1
70079 10
60520 1
70429 23
86830 16
70699 23
62250 12
70019 0
65030 9
64059 11
68940 17
76279 16
64860 12
74049 5
72390 21
65649 1
71530 6
67079 1
83730 8
58349 6
64520 16
66609 2
59880 17
68040 23
70490 11
70469 18
65550 10
69609 13
65410 12
67579 13
76199 14
72860 3
78219 23
79129 7
64110 17
67959 18
69260 0
70049 3
64850 13
79569 15
68350 11
65549 20
66540 19
70089 11
58290 19
67370 18
69160 8
78069 12
70169 13
70949 0
63170 2
65599 21
69620 10
65250 11
65100 3
67000 5
71249 15
66720 10
64490 3
70569 9
71979 4
64699 8
81450 19
62909 2
62869 19
66539 19
68650 3
66510 6
67700 6
69029 12
66340 17
71010 22
69990 4
64090 1
61149 14
72070 10
66029 6
81320 16
65289 2
69610 11
66969 17
66080 1
72049 11
69710 23
67859 16
63840 9
64459 3
75510 18
70219 8
58950 20
64229 3
72320 21
71409 6
65260 6
65759 5
66400 4
66919 11
68839 11
68739 9
67270 16
58020 1
69340 21
73039 17
74620 3
74200 2
69369 17
85049 5
68420 18
63639 20
61940 7
60579 18
76190 23
65309 23
67039 21
68459 18
70120 2
71229 12
71839 21
64349 13
67320 15
10131207 20
64660 4
75500 20
62009 13
67070 18
66860 11
64609 3
61690 22
61699 17
56240 18
65659 14
57720 21
57329 12
71759 6
74030 5
82290 8
59699 12
66010 23
49200 21
55019 13
61930 23
61999 10
58860 17
59289 14
57419 1
58830 12
54959 4
63810 0
63949 15
59200 18
58800 19
78210 7
58910 22
55090 16
52870 9
68189 9
51890 16
62480 4
66960 14
57720 17
54710 22
64410 20
64819 8
67160 17
61209 21
56550 3
54959 15
53500 22
84009 14
58740 15
66990 7
57280 18
46490 15
60489 10
55600 15
62239 20
59589 2
56660 2
58609 9
70850 19
56199 17
66720 5
64949 0
58070 12
72999 16
56049 16
57250 2
58049 20
58330 14
57479 9
59040 14
57719 10
56960 10
53180 12
58879 1
56930 8
63809 10
69090 20
61909 3
76840 19
55900 20
69910 15
56280 10
64189 20
51460 20
55580 14
54469 6
63349 3
55619 15
56440 19
51780 2
56440 15
52890 3
53249 1
49940 2
52270 22
47110 16
48510 3
50019 8
67130 8
47630 23
46459 8
46810 3
45880 13
45729 18
44440 2
51580 22
46669 16
52650 23
43540 19
41710 6
45880 19
43830 13
41939 17
40500 9
41400 17
42070 11
43200 4
44380 18
42899 21
40139 21
52590 6
38060 19
38090 21
38610 23
40510 2
40839 4
44970 23
42430 17
43210 2
42470 6
48590 17
48670 5
45810 9
42930 17
42090 4
36440 4
40900 17
38390 11
37309 22
45670 10
40490 11
41149 3
41509 6
56130 3
38639 3
39939 19
37250 9
39130 23
39929 17
42690 8
40900 3
40860 6
37000 13
38370 1
37660 11
35969 16
37490 21
37180 23
36290 1
35030 15
37460 17
37160 7
36829 17
37019 5
37990 1
36980 7
39469 7
36620 9
37870 0
56949 17
36019 0
40270 7
36350 0
37900 12
36129 21
37570 9
37820 23
38620 21
36420 0
35700 9
36589 18
35199 23
35690 1
37200 13
37230 12
37469 6
38010 8
35500 7
36440 13
34370 23
35830 4
34260 6
36110 16
35179 4
35230 16
37770 19
20073855 7
36540 4
42159 10
38869 7
36400 0
35470 17
39130 22
37840 5
39610 4
38810 15
34850 16
34920 3
34170 4
36640 10
34019 13
35410 10
34320 22
37510 8
33959 19
35440 17
35870 4
40219 20
34269 0
40300 0
35050 19
37089 11
45849 13
36860 22
36970 1
37020 12
38270 17
34110 15
35470 14
36319 7
35920 0
34520 20
35599 21
34489 23
36670 14
35050 8
37139 23
35289 2
37270 19
35810 20
35869 11
38739 20
35140 13
34920 1
35239 8
37899 22
33180 1
34930 9
36950 0
36840 7
48020 18
35899 14
36169 10
36570 20
35500 7
37139 21
37019 14
37700 18
34780 6
34529 13
36299 14
35230 9
36380 23
34199 20
35269 11
35260 12
35380 3
33340 3
35280 5
34040 23
34900 0
35119 21
39159 16
39820 4
38559 2
36619 2
37760 15
47390 17
37939 23
33970 18
35380 1
34800 20
36279 4
36200 18
37800 6
35570 16
36740 23
36490 4
35600 3
37829 3
37509 23
38890 1
36650 7
36330 11
33590 21
34420 8
34930 14
36550 10
35410 2
36160 21
33570 21
36310 11
33610 17
35060 20
48680 11
41580 2
45180 14
44090 15
43569 0
39630 12
38360 16
35060 4
35000 14
35760 18
36130 6
35479 16
34859 5
34830 4
35640 14
34210 19
37370 12
36360 6
35470 13
37009 7
36890 3
37480 7
33390 2
36289 9
34239 8
36950 19
34200 14
45909 7
33340 15
35220 15
36419 19
37159 1
33770 17
38170 4
34330 14
35809 4
35360 12
36710 19
37079 21
34639 3
35380 14
34160 11
37250 12
34840 18
36030 8
34690 7
37419 8
34210 3
36060 8
34800 2
36569 20
35959 8
35850 18
36390 15
36899 2
48169 17
34370 15
34969 15
39130 11
38680 4
35200 4
35240 2
34999 10
35790 5
35530 12
37790 6
35420 10
35680 3
35430 5
35020 11
37030 11
35960 3
36880 23
34910 10
37440 23
35440 21
35400 14
33719 0
35830 5
34590 9
35290 4
34450 14
47930 21
35470 8
36379 12
35780 20
37080 8
37970 13
34690 18
37820 23
33900 14
33890 23
35260 0
35390 1
34990 0
34160 2
35060 19
36160 12
34000 1
36070 7
34109 21
38820 23
39150 23
35359 2
36219 5
35250 23
37560 2
33680 10
35520 9
34990 14
48460 16
33030 20
34190 20
35060 20
36460 10
35029 11
35760 20
35840 6
36100 14
36749 8
35560 3
37780 14
37520 13
36060 18
34450 7
35030 4
34429 20
36939 22
35960 13
38480 18
36059 3
39089 5
38730 9
36450 16
34289 1
35119 1
40370 9
57450 22
37620 23
40080 23
39420 2
36709 14
35500 0
33050 13
37040 8
889003 17
78590 13
71579 12
73100 8
68029 12
70600 20
70519 4
72510 18
68579 17
71040 0
69349 5
70080 13
87499 4
70819 6
72019 20
926163 0
73910 8
66599 4
64850 11
64829 13
68940 17
67119 21
71490 3
66459 4
69150 11
63369 13
67640 17
63069 4
75119 7
63880 23
67150 22
69719 20
1833736 19
72280 21
68379 12
69750 1
67359 14
64760 21
60829 7
64130 16
62000 14
66300 5
60860 16
61590 14
62959 19
64470 16
60990 2
1084802 22
64499 13
65860 19
66559 22
254098 8
67459 23
61900 21
65709 14
62570 0
63359 13
61050 21
64680 22
1087083 10
62459 15
60580 0
64709 11
61260 18
63769 21
62140 1
61429 15
64139 15
63890 4
65490 19
59310 5
63640 11
60900 0
62349 17
59690 17
1097292 15
64339 4
70019 20
44940 13
46370 23
46600 18
41780 10
42499 0
46650 17
41210 0
41440 19
53800 15
46810 22
56189 17
52830 18
49460 1
44300 12
50270 11
46340 4
1073553 13
43949 3
52449 0
56420 6
45940 17
42050 9
48750 14
51470 4
43870 14
38320 19
38890 21
41350 10
41850 16
43660 20
35109 14
35090 20
34260 18
36989 3
36509 4
35830 6
35730 6
32989 5
35329 3
37600 22
2063155 12
39500 21
37589 11
35559 18
33680 14
34380 4
36439 7
33659 5
36360 1
36810 13
36290 8
33700 22
36810 18
32340 18
37830 8
34230 9
34780 21
33770 10
34360 20
34639 13
35000 11
33090 7
35669 9
34119 15
33110 2
33800 23
34899 10
31909 10
42250 7
34910 0
49270 6
34590 6
