128459 9
64719 13
107559 2
46319 12
51020 13
2072621 3
65830 11
1397497 12
59559 9
10443786 15
49020 9
75179 6
64170 10
85550 1
42529 7
50389 6
33920 7
55549 5
49220 9
67089 0
46620 11
53619 4
46990 3
49119 10
53780 9
46589 11
53319 2
80879 8
78970 8
46680 4
45720 4
84449 8
45550 11
54130 15
58979 12
44929 11
44820 4
47039 11
44430 4
40039 7
47400 6
63690 13
50600 15
43340 4
48579 5
45110 10
44160 4
44569 2
44830 11
44239 6
52220 0
43219 4
57400 2
3560798 14
407596 0
48430 1
54090 9
58540 4
489976 2
70870 13
50289 2
2088941 1
53830 9
70910 3
66779 6
75230 8
39499 7
29660 7
52829 13
31429 7
48480 3
50389 12
43920 5
9596323 15
58760 3
49389 9
55979 0
47410 4
54650 11
62519 9
6440982 14
1682295 1
52749 4
51369 6
68480 13
36969 7
52340 3
59529 5
53050 11
44449 5
57220 1
61709 0
57190 9
47749 13
62360 10
50459 13
62090 12
44459 13
47230 13
58269 0
47800 13
43490 3
47970 13
42640 9
29539 7
65779 3
48179 3
41359 12
79619 8
45030 1
42909 0
57559 13
45099 10
60060 2
44150 2
816052 14
43150 0
50849 12
44170 1
47799 13
48540 14
49040 1
46059 2
45660 9
51809 5
44899 2
869082 13
44880 4
44229 12
74570 8
41719 12
799623 4
44520 0
32929 7
45280 2
45519 3
44339 9
47330 13
48489 13
46480 11
45879 4
46430 13
40820 11
83339 8
50230 12
54039 11
52709 2
4780157 15
62470 11
56669 5
66310 1
43929 10
52160 12
60219 10
42850 12
252347 8
43979 10
60580 10
55049 4
61480 1
13992853 14
85649 9
65330 12
53139 6
52020 12
81099 2
63180 1
12034671 3
81429 2
1451097 14
41950 7
55409 2
80459 15
51099 14
2374959 1
50360 1
48030 7
771324 13
60789 9
56249 6
56479 13
57059 0
43659 6
53580 1
58419 12
50040 2
49309 6
37350 7
56659 15
52020 1
48480 13
4760086 4
65980 2
65559 2
52710 1
115539 9
43200 7
71979 10
61709 12
1092110 14
57250 0
725243 1
13456279 15
54879 12
71780 0
820612 13
53170 11
54559 0
48310 1
25880 8
112439 13
48129 11
58680 9
43729 9
59980 4
47619 13
43800 11
1662225 10
414996 2
10730603 15
45920 7
325037 14
97109 0
201918 0
88509 8
68470 1
53349 5
43340 0
1229939 12
52939 9
62430 12
56340 10
60080 11
49000 1
58330 13
72109 3
52460 5
51599 3
49309 12
44210 12
43480 11
55219 4
36180 7
50969 4
47609 0
408527 14
53940 5
56150 12
50559 12
48330 5
41719 3
47980 14
44069 13
46930 2
903172 10
187308 10
50680 1
79929 8
1079460 15
83649 4
44740 3
67639 6
53650 14
1605005 1
86580 13
52419 14
58450 4
60819 13
61429 10
90330 8
290247 12
1128570 13
60469 9
570865 6
56509 11
52409 5
53350 2
82189 8
52010 9
9912571 15
41619 7
51999 1
101719 12
50700 15
49279 15
50270 3
76589 8
43830 9
68869 0
66480 2
60149 11
84979 2
71810 4
1414487 15
46330 6
64149 0
43619 9
78630 8
48049 12
57250 5
68739 12
4154263 0
73979 1
272298 14
165898 0
101249 8
63750 2
62410 3
52039 3
1150530 13
63820 6
96430 9
84839 1
49569 9
74430 10
101869 15
61459 15
64180 11
57289 13
1768184 5
8621752 14
64530 0
73859 4
49860 10
8834310 15
92899 12
127599 0
2294509 2
106539 8
74619 10
1992693 12
77629 4
67749 10
608085 9
56909 6
72209 14
47279 7
1309158 6
51530 14
60929 11
76280 13
548316 2
2112111 0
81680 15
55859 14
73870 11
62539 0
56040 9
56270 1
11244758 15
70450 7
70189 10
74609 13
76849 5
1442987 7
70669 11
54690 0
62109 15
52080 0
1770854 6
61959 5
55479 9
63310 3
58779 14
27520 7
75260 2
50029 9
42980 9
378276 0
59110 9
1169049 12
635335 5
52960 12
60359 5
2774695 6
57549 11
88419 8
46480 12
43799 6
52750 9
563635 0
58739 12
58930 11
60329 6
67829 15
68900 1
69249 3
47970 11
41679 11
53179 0
66239 13
464986 14
92519 2
95869 12
67799 12
49369 11
976481 8
50320 0
46970 12
868162 2
51709 12
76709 0
62969 3
36910 7
68039 15
2708206 9
88679 8
54780 6
56630 15
67599 0
54910 15
34640 7
84390 8
46439 9
66680 1
39319 9
799933 11
62099 5
78380 8
80159 8
54089 11
45100 0
48850 2
43139 5
1884593 14
70580 11
58789 2
57590 6
153778 5
61780 14
61559 2
62100 11
49419 7
60019 10
112099 14
64489 4
45769 11
1624395 4
79769 8
54040 6
54819 6
80849 2
85439 8
1513326 3
74919 4
44450 9
44829 9
43759 11
45970 2
56359 1
43070 2
45010 2
60259 13
48450 13
42059 9
75910 8
35780 7
29980 7
52469 10
55500 12
47239 5
60659 13
48350 13
43029 4
43280 4
43999 1
326427 9
45880 1
43839 10
44420 0
44260 10
5465601 15
71319 5
51529 3
78539 8
49159 2
39410 7
38940 7
57649 3
79239 8
143049 1
55179 11
70630 14
38110 7
45280 11
57329 10
50179 15
101039 0
46610 5
60619 1
56900 7
47399 15
44610 2
46049 15
42370 11
49109 11
674125 13
100499 9
111410 11
64230 12
66269 5
52770 12
44350 12
53619 2
53569 15
1220869 6
95690 8
48100 12
67580 6
57110 4
78239 8
58540 3
54349 6
45510 12
56199 13
36520 7
73649 8
80510 13
60639 0
43530 12
1098320 1
44459 7
83029 2
62060 5
61719 5
538796 4
56809 2
51350 10
53379 14
48160 13
106109 8
59629 5
826063 9
56399 0
33840 7
50590 14
10348357 15
73589 3
58429 13
67709 4
65060 11
134418 8
55009 12
57749 15
70050 6
44599 6
53389 9
54029 10
57789 12
66839 3
7703091 4
47969 12
58640 2
56679 13
69100 10
52909 5
1650255 15
72810 13
84759 8
1558906 2
6669129 6
57949 2
13194341 15
60309 3
44970 7
71259 1
65160 11
51249 6
48620 11
56229 3
42930 1
50229 12
13614728 14
80389 9
55589 13
61880 4
67499 12
481276 0
2453778 11
53520 9
1030801 9
60219 1
85480 1
45190 7
224348 9
73189 2
59100 11
1113890 3
72789 7
48230 8
47859 7
1659435 7
58570 5
1591646 10
65040 3
70389 13
63200 2
86389 14
37870 7
75849 11
59649 6
67570 1
84159 8
45279 5
45329 10
64710 15
51699 0
57590 5
57029 9
55589 0
42840 6
51540 11
84680 8
51449 15
53530 2
39250 0
43189 0
586145 13
100849 4
50940 3
56210 13
44120 1
53070 1
48050 1
60769 13
54889 10
53069 10
42190 10
59609 14
45300 4
36430 7
56659 3
42600 10
11965232 15
71360 15
61869 4
66520 10
95169 4
83939 5
345297 6
55579 1
61450 12
46920 1
1223909 7
84879 11
76989 14
47979 11
59100 11
55610 11
82939 8
55079 13
55700 14
66669 6
60730 10
1434727 5
88579 11
56799 0
1305898 12
55849 1
108039 3
41970 7
38059 7
56550 14
1612705 7
71549 2
55180 10
69430 6
161979 9
73359 13
42380 6
55490 6
56990 13
72299 5
44190 2
51049 6
589754 11
56240 9
53999 12
11135560 15
65200 9
1801654 5
64229 3
73400 11
55519 3
82959 8
43630 12
52639 11
55770 9
78209 8
45420 9
42789 7
55070 0
56979 13
49390 3
45299 9
48449 13
47699 3
43450 12
381357 4
344587 1
56129 15
76180 8
76380 8
53829 13
75779 8
17678831 14
3249450 14
60029 12
393637 15
74120 0
80339 3
173229 10
730873 4
51619 6
62390 5
1377538 10
2149671 15
96099 7
81519 13
10854502 14
78650 2
60589 3
39330 7
47569 10
60550 13
1378427 11
79710 13
83499 8
50609 6
53419 0
60979 5
49060 6
39670 7
47620 13
78759 8
60009 9
73079 8
69579 8
50019 2
70970 8
53089 12
26350 7
46719 11
25860 7
47800 14
39419 11
42690 12
42400 12
8986670 15
32969 7
95579 2
86729 8
1346488 6
76000 7
46419 7
62560 15
68409 0
525565 13
54740 12
49880 13
59940 0
56079 12
66150 1
79279 12
934642 7
47960 15
281188 6
47879 0
48530 2
343627 1
80239 8
92129 3
87439 6
114619 6
76259 6
53729 0
55960 9
41170 6
1918943 0
280247 4
896562 10
71490 10
617034 14
12733945 15
66899 1
70399 15
80509 0
55939 10
80539 5
86849 10
57980 15
57170 3
60780 11
4344611 14
69699 13
69320 12
55680 13
89050 8
75720 9
170948 4
52950 1
42470 4
1017462 10
68390 13
61539 1
637395 0
53629 14
669824 15
67379 1
82589 8
109610 11
70540 12
342407 1
74719 3
259078 9
65709 3
83149 8
1479926 0
88739 1
86690 4
118710 5
70640 15
57029 10
1583586 11
61690 15
56529 11
80179 3
48910 12
48979 15
1314468 7
62750 13
56579 13
54140 14
45720 14
43610 11
9281796 14
77800 8
65650 4
62609 10
71880 8
48239 3
79800 5
51129 12
58980 2
43339 10
41740 11
62159 0
49740 14
67359 9
65370 4
49169 3
58410 1
51589 14
44470 3
69389 14
1454547 4
58679 7
74959 6
83319 13
96189 10
46000 6
77279 0
44260 10
38269 7
48990 2
56079 15
53640 3
1348628 11
44339 6
47580 15
286177 11
38570 7
47889 3
686504 14
86500 4
64720 12
65819 13
75680 2
61109 0
53040 2
48500 12
48790 14
46849 14
653454 6
46260 13
64139 3
320557 14
792762 12
271108 12
51419 7
1537917 7
90499 15
68779 14
697464 13
8916579 14
53990 13
90759 0
62590 14
56060 5
46839 0
43479 12
2178191 3
69170 15
88079 8
63020 9
89520 4
45119 3
62700 6
315917 3
51569 4
50870 0
1062220 14
86409 8
54329 4
60250 15
1163699 0
1625015 7
71290 1
73599 6
86229 1
1459407 5
92109 15
88280 0
76959 1
70089 15
48580 14
63509 12
130729 3
43030 12
45219 3
72179 2
375336 11
123509 2
90669 8
81549 8
44120 12
52999 10
53889 13
42420 9
70249 4
3407479 14
47350 10
76759 15
52919 9
77159 9
76759 0
62000 5
46719 14
50170 5
85569 8
64439 10
60250 9
99089 3
48619 0
49099 0
41580 10
53769 2
48940 13
56369 5
59990 5
58969 2
43230 10
42719 5
47380 13
1709295 3
64619 1
87439 1
86389 8
64220 10
57549 15
2509618 0
52409 14
1894453 2
214268 15
45060 0
79289 8
1092470 9
62809 9
6615870 14
57499 6
57880 13
79089 8
44640 10
44419 9
49690 12
75939 8
46710 10
48739 9
59950 1
72209 9
72270 1
53319 6
62029 12
820373 14
40629 9
83219 8
48469 11
71470 8
67889 3
75840 8
