148039 20
216868 11
55319 16
41840 9
66749 10
102510 17
818494 2
153710 4
120888 17
24689 1
209069 6
8935346 23
65559 17
72090 12
78840 23
1492599 7
77740 12
83199 22
67779 13
89199 22
68120 21
310747 19
74310 5
72879 14
273588 4
253318 1
52260 12
60900 9
75849 12
106329 20
566556 6
73050 11
226348 19
76819 7
73440 10
116569 8
82010 23
110930 22
41459 0
76330 12
67589 11
600046 2
72300 14
255268 3
94999 10
211878 1
91920 0
65609 9
65710 9
108569 7
86989 21
102979 16
568785 6
43270 0
53420 16
72629 10
107129 18
257348 2
654795 1
91949 14
66860 16
75399 15
190159 22
237568 1
54990 7
238128 0
73930 21
71490 13
84539 0
66410 13
222618 4
64750 15
55320 5
57660 2
48170 11
322777 2
197759 3
85959 18
68970 17
119739 13
39020 0
406897 6
193468 22
65550 17
224488 20
85110 14
76339 8
403007 3
99710 22
190928 2
77700 10
91600 22
37759 0
107499 19
67179 16
67940 11
64400 17
172768 4
64789 17
261158 2
65700 8
40400 1
6357655 7
159339 18
145929 18
285108 2
65970 3
50699 7
70910 17
83979 21
76560 10
116299 8
68570 10
74910 12
92069 21
68840 23
43549 7
72010 14
48939 17
171568 21
138659 21
137029 17
73380 17
51649 7
171879 1
62970 17
67649 11
207159 5
139299 19
334187 1
124349 19
86260 20
363227 5
60040 9
223028 19
276838 2
77479 8
500506 6
64790 18
69529 21
72300 12
259489 5
462227 2
796274 3
484946 1
78350 18
49009 0
72119 13
92800 18
92079 22
246809 4
69140 17
872414 1
79269 17
73860 10
48169 14
71460 8
66159 15
148169 23
318478 3
96879 20
73329 13
182579 14
52970 11
91979 21
71970 21
53579 6
169259 22
9839679 23
73290 19
83099 12
72160 13
48670 9
103599 16
74359 18
257278 6
51290 6
85539 4
52010 19
67119 9
158549 5
198369 6
62459 10
59600 9
289648 2
190138 5
53050 2
67269 17
62810 17
78389 10
122829 1
140669 1
70199 23
66660 15
152159 1
49749 4
66500 23
52910 11
55119 9
61200 13
131939 1
110499 19
64609 12
48670 2
64540 23
74929 12
134679 3
42090 0
70529 8
67800 15
15212150 7
363498 7
234609 1
491516 3
48330 9
49820 9
23279 1
67410 18
60620 10
88160 21
270348 2
102599 17
111589 17
267578 6
89910 22
61879 19
76700 7
112999 15
116189 18
112219 0
260808 4
85030 17
83419 15
126189 7
61830 18
60110 8
407317 6
776624 4
71579 18
96330 8
87299 17
569566 4
68579 9
518177 5
62969 23
759095 5
75409 18
91339 0
116530 16
74019 23
70870 18
64819 16
365807 2
468897 2
140669 12
74400 14
1085972 6
138279 15
247758 2
82820 14
232919 21
1194071 5
108339 16
456616 5
171919 0
75039 17
53770 17
510396 1
199169 6
126219 15
249378 4
89879 20
63209 11
49510 3
214048 4
86629 22
27183035 7
231998 3
74309 16
69930 6
56909 9
87940 12
68489 12
83670 15
64080 0
159779 21
55710 9
88449 21
109419 21
139999 7
410268 5
95069 18
489716 3
67769 18
81889 10
65410 7
795574 5
76000 13
99539 21
58940 11
114475435 23
1550539 7
442707 5
58120 11
357788 3
928813 2
128849 20
122899 11
259528 19
97790 23
77439 13
1094522 6
80440 22
78119 16
105629 18
101650 22
94589 21
68589 13
102139 23
92199 22
66899 15
578556 2
66460 12
1259931 1
119449 12
66570 10
742635 4
127209 13
414357 4
109439 19
1015782 6
76070 21
96499 16
74069 12
48909 11
368667 4
67659 17
153289 13
278608 5
111959 9
9742470 7
185109 5
2162384 6
109259 20
1451500 1
82870 16
607945 3
633675 4
123879 21
68460 21
470366 0
119780 20
655835 3
120689 17
104269 13
938563 6
173879 14
95279 21
82720 16
71969 13
59820 7
121499 14
61750 11
98360 20
884513 3
83330 17
71049 14
86849 20
27600 0
94650 17
58429 7
209149 21
114319 8
109809 8
76400 16
10637714 7
68460 10
55109 12
432147 7
213119 22
75560 2
57430 7
197039 15
53129 11
530206 6
96219 22
435967 1
68360 12
72000 16
107299 12
77199 18
175298 23
153069 20
70470 18
91289 21
74999 10
185349 20
106659 16
58750 10
118249 18
74310 7
69939 16
104459 20
220089 15
82289 13
88040 16
82240 12
77289 7
73389 10
61769 7
1257030 6
197779 4
87469 16
657285 5
945363 2
131559 19
623735 2
1222051 4
76929 13
27910 0
40190760 23
98699 4
182909 1
163289 13
82539 20
344198 6
64349 14
511337 2
31820 0
49250 6
73159 22
74529 16
52220 5
194339 19
189749 5
203978 0
80830 12
65799 12
24110 1
67229 15
76500 5
229358 2
62450 15
24480 1
135579 1
73719 15
65100 10
29630 0
74090 20
55259 8
87679 20
146299 3
53849 5
141079 3
153479 4
33770 0
67930 17
172109 3
230909 3
65929 20
151359 5
66770 18
23820 0
94520 8
64760 10
45729 18
64800 12
64289 17
82709 20
188938 4
5623120 7
70969 12
850594 4
6368664 23
219498 4
195368 0
234049 4
157318 0
839205 1
69629 13
73949 15
71190 13
83569 22
181239 19
854564 2
78849 8
91510 15
1814276 2
85030 23
96409 21
218059 0
56749 19
299588 3
57599 13
17242695 7
670406 7
124939 8
82180 17
114759 14
1213191 1
95349 15
94199 22
1198322 5
393728 3
1118161 5
135139 17
171608 0
140409 18
120710 13
100399 7
139109 15
52089 7
252959 9
62930 8
65000 18
133390 10
118589 15
96769 22
1190142 6
126019 19
136859 9
103290 19
299708 3
141689 11
77459 13
67529 19
341757 0
107099 10
75400 19
73789 15
26990 0
202079 5
75099 7
267438 2
103259 16
64099 0
111999 13
152959 12
523196 11
67530 15
98189 0
77809 13
74740 8
72169 21
169169 1
157899 6
84829 3
115319 18
481956 6
79440 15
66319 12
70890 18
90609 10
211258 8
50539 16
202469 0
56379 8
138709 22
106609 14
60550 6
4920095 23
365668 6
117979 17
763145 3
92210 14
101749 23
182009 19
757214 3
87643819 7
66800 8
115970 9
191648 16
349268 3
79599 21
162989 0
65649 18
475047 0
72479 15
47739 7
203919 4
336087 11
550396 3
115299 17
51610 7
52150 18
269748 6
182629 1
97920 15
137789 0
263718 3
89689 19
163079 4
65979 8
169028 17
69360 17
88559 19
66430 16
68219 21
45624321 23
563736 23
73980 8
80409 12
53230 0
72509 10
136419 15
80560 4
75679 9
66870 13
69199 16
89430 3
189689 2
70359 13
129639 19
2724480 7
129089 22
122129 18
378958 4
73140 13
74050 21
72400 17
85259 10
112539 15
101330 22
88769 10
438927 11
61060 0
72240 9
173579 19
212668 3
83390 9
125639 23
94639 5
201729 21
93759 10
109369 2
75390 0
132409 21
107389 15
852074 11
181228 17
81250 21
84139 21
70010 21
74859 9
57080 0
53629 3
50240 0
71590 8
95769 6
75079 10
68750 18
94999 4
108529 20
66870 21
70589 15
69120 21
65499 21
88790 5
90319 20
79550 20
85469 3
45280 0
115099 17
61999 13
79000 4
133049 11
7876033 7
86989 22
124669 17
111029 4
49739 0
49270 16
138899 23
85329 15
111569 4
258889 6
73149 17
67790 5
204058 11
324098 6
96149 20
81319 7
80559 15
91119 5
321528 15
64470 2
166749 5
93680 2
120729 0
245518 20
121909 3
152339 6
86369 1
117168 19
58070 1
252458 4
54360 7
55050 0
71580 1
239238 6
66280 17
58519 10
74980 12
85439 13
104320 16
1323141 11
95189 5
94429 18
1688548 11
61020 7
1484139 11
55580 18
281688 19
290618 2
93369 9
269038 2
64470 13
60849 9
72370 0
199008 6
107560 13
116309 9
69609 1
74270 13
98320 6
184319 4
53859 3
105259 21
79310 17
51629 14
85449 3
46740 17
67329 1
69280 13
65750 15
93759 3
67270 15
48599 12
74849 4
74869 10
76310 6
64479 14
91539 20
60759 14
78320 22
65279 13
44970 14
44710 5
58359 1
63010 14
47150 10
70160 15
66319 22
63179 18
45430 16
62159 16
6938300 7
304828 7
118769 19
84760 18
125369 12
99629 16
129390 6
154209 17
67540 8
60409 3
257828 6
73530 12
83779 13
126390 21
81299 13
147459 1
125429 6
69880 9
164579 1
88790 12
124999 23
95509 19
233558 6
66660 13
82529 20
79600 10
120729 3
109879 6
85080 0
214249 23
89749 16
52470 7
79489 18
942054 11
105730 19
111979 23
175049 12
1515459 11
100009 0
179099 2
123309 21
98619 5
101640 10
118299 4
137279 4
111619 14
90709 20
84559 3
178628 16
170279 22
63059 2
91219 3
94109 20
96330 15
52640 13
75020 17
1419719 1
96550 4
153388 15
139328 8
262438 11
51179 14
106220 17
111869 17
109389 5
99799 1
126759 9
121109 19
95380 6
123159 10
103299 13
85309 23
114659 5
95450 19
191368 4
135419 3
148050 20
243659 11
151639 3
232858 6
63769 16
191578 19
83770 16
144999 12
89769 4
543236 11
127139 20
265748 11
95259 20
88030 17
82679 5
67760 13
85396984 7
177689 18
59859 0
104879 15
158719 16
65409 10
63760 16
59589 0
91990 19
111639 16
72120 10
98800 17
480076 11
160509 20
159439 4
60879 5
140770 14
96860 20
93509 12
136329 4
57490 18
77439 10
166409 3
167469 10
597165 11
77309 22
60569 0
68179 15
78210 12
52370 0
117609 14
66560 13
96499 5
91829 4
131739 2
46559 2
4809385 23
69459 12
66390 8
151148 4
56459 7
96639 8
115779 6
107949 9
148949 16
54329 0
82070 9
293978 23
56830 8
44730 7
296927 19
113020 13
491606 19
142139 10
112190 23
98860 7
162159 10
80210 17
88689 23
149519 16
92329 1
84109 23
232198 19
135919 10
161369 5
119419 16
202969 20
140839 15
231858 4
125129 1
133739 2
233128 22
90129 18
227828 10
362888 13
159148 10
371577 19
134429 23
622346 2
133579 20
94790 13
122399 4
73480 12
248159 4
195778 3
130039 1
263108 5
153529 19
104159 4
259987 4
65329 13
61570 0
126199 5
189518 4
177029 9
128149 19
61290 7
27610 1
107510 2
186558 13
85899 4
19859027 7
