90989 18
29650 13
107719 20
77970 8
913673 1
634026 2
85940 8
39380 13
352597 6
216708 3
81629 11
224038 4
193369 2
74139 8
260688 3
249138 3
45030 14
327918 3
62140 12
24136966 7
90570 20
138329 19
65610 11
511076 5
62329 14
124830 9
294497 3
130149 21
1420710 23
87139 18
612046 2
1069132 3
1045003 6
293718 4
244638 19
100309 7
110249 22
750845 5
111999 9
1141512 5
1401230 0
407347 2
205818 17
127179 22
85280 9
183539 22
566036 2
444336 4
103370 8
29663236 7
86359 22
65980 11
96519 20
92599 8
59970 11
287018 4
284848 1
351147 6
81510 19
78429 17
109649 21
87790 18
242629 19
91879 20
99960 8
76889 8
132039 17
80789 8
578785 6
250308 1
70000 17
893503 3
64410 9
66670 12
60180 15
86949 17
54419 14
78000 21
59560 14
101539 10
116749 19
68579 15
58230 14
225999 2
470736 5
197539 4
88929 20
55939 7
69539 15
107789 19
256048 1
56690 15
452007 5
494567 1
111637655 23
393607 23
222648 17
61420 15
887314 5
108790 21
1672428 6
70609 16
75310 17
49869 14
26790 13
59660 14
113849 18
100999 20
100129 9
1017363 3
101379 23
64930 7
60389 11
46470 14
96369 9
590696 0
334328 4
97719 20
865094 2
43459 15
82959 19
152869 9
1365320 1
156599 16
95639 8
64209 12
88420 18
51690 14
74430 17
27760 13
85609 21
1045653 3
416857 5
884583 1
69450 16
230808 3
88959 21
394698 0
60809 11
79930 8
70169 21
88240 21
88129 22
8005172 23
73250 19
522406 4
348867 0
577096 0
799654 2
58720 14
83009 17
98600 21
331627 5
85720 20
59679 14
86069 10
111519 21
111589 19
69099 16
76410 19
102939 23
80999 15
98000 20
127559 10
286908 2
552086 1
99319 22
781385 3
821384 3
374317 2
69239 19
922334 6
65449 12
198169 0
61069 11
66360 17
54020 12
76479 21
68149 21
119369 11
1230541 4
156109 20
590106 4
145739 10
35219 13
67710 19
206808 6
77860 8
88539 20
485896 0
185568 2
61780 18
298458 5
168528 3
301498 5
102340 16
75729 10
173169 2
7958973 7
356238 4
63440 15
103320 11
84539 18
221768 23
157658 20
111800 19
73659 12
1112152 5
590076 1
92339 19
146819 23
86769 11
102310 22
426456 1
84099 17
47440 14
59389 13
87029 21
105629 7
1048472 6
90430 9
54890 7
119479 20
259908 1
63799 12
276948 2
65109 7
81770 18
324417 1
341917 2
66370 7
124199 15
112439 22
870564 3
1208311 4
3516694 22
68490 12
30070 13
201709 3
55310 12
79139 16
187879 5
93170 17
264109 3
548887 2
78099 21
170729 3
74669 17
83619 8
71169 21
72290 8
147630 19
154238 1
97150 19
90259 20
47650 12
228628 6
72789 8
59759 13
181429 0
155469 5
158388 4
142810 3
84010 21
146439 0
78309 9
26300 13
71960 10
56070 15
43245878 7
170949 10
428487 3
96739 20
503207 2
413097 5
148449 9
81199 9
95800 8
139879 10
128648 12
760034 3
119429 20
754715 2
70679 7
94830 10
88519 17
74960 9
86289 21
72829 21
64630 17
73220 8
66719 17
193549 3
178198 4
189559 0
92299 20
75970 16
88509 9
64390 11
98929 21
291358 22
98829 18
73259 16
480827 6
219398 2
227419 4
205818 2
71630 18
60209 15
182068 2
323338 1
315398 5
331328 0
97089 14
149218 16
242809 5
172859 22
75360 19
74589 10
82000 10
69099 9
1535519 1
1802147 2
188559 1
18005640 7
108949 20
327028 11
357777 6
342648 11
47149 15
383887 4
63289 18
74860 7
107459 16
160589 8
462427 6
219278 20
1005713 0
105930 20
64849 16
319308 4
432227 0
809434 5
718145 5
235868 17
36250 13
1110462 2
144219 19
116949 20
105529 21
88300 10
73569 21
9466112 23
79139 8
105069 22
71619 12
89899 19
295108 5
88230 21
142030 9
574856 1
481837 3
153339 20
28690 13
919453 2
566586 6
190228 5
87313150 7
48904377 23
78919 8
102859 10
163159 4
79200 18
112319 20
143669 2
116769 22
184508 6
3919411 7
70580 21
100929 3
924693 7
61259 12
127629 10
94690 19
148419 22
116619 22
320338 2
97470 18
344667 20
196169 21
309428 18
118349 8
579006 0
62069 15
120009 4
168369 21
106829 12
210689 3
1077092 11
126579 21
84120 8
9448472 7
84320 9
32329 13
167478 2
123019 0
86729 15
138749 15
99359 9
69420 12
116049 9
139289 6
111349 22
424367 2
288308 2
83859 15
122989 2
122870 0
236368 0
110239 12
168669 3
270998 6
973573 11
1387520 11
85369 23
95919 8
82499 16
65259 14
327358 10
175499 2
39990 13
131228 10
120620 12
112929 5
221968 3
201689 23
86069 12
108160 10
168029 20
160059 3
179109 1
110319 8
201649 4
112730 23
117699 2
87899 17
195179 5
149879 6
102929 4
138599 4
121459 17
354918 6
58569 7
127529 5
77550 12
99799 9
143339 0
115029 3
92540 16
163149 3
138679 0
140479 4
8445869 23
87720 6
227338 11
101199 22
84920 19
110039 6
103889 2
121319 4
896254 7
130969 1
188838 22
216928 22
92129 7
242578 14
354658 6
61149 13
87820 12
167978 23
254898 2
113149 20
1543719 11
151899 18
204918 1
87009 7
205588 5
106779 4
29100 13
112139 16
123349 20
100480 8
121649 1
278578 19
144009 3
129869 23
82149 16
92679 12
99890 16
144089 7
153309 5
267558 2
213958 16
80860 21
35340 13
133399 2
116700 10
175048 19
267728 19
102009 21
155208 12
1850517 1
188149 4
129339 2
101409 0
119869 6
89353756 7
66690 15
126529 4
156449 10
101929 1
160929 8
34460 13
97839 16
171789 22
53480 15
462627 0
140849 6
299298 1
79010 12
134119 8
169469 19
140819 1
164209 4
59599 15
143709 1
145069 17
87220 12
127499 0
153339 8
123720 4
103819 8
150669 3
6111146 23
81489 15
125359 15
1002623 23
147249 17
308178 2
115909 14
331208 11
397548 4
268839 11
108369 10
160089 17
127279 18
111059 1
79729 9
83599 18
281028 19
100209 0
227509 4
43310 15
215488 1
152159 20
177249 10
126689 7
940273 11
122770 18
61589 14
247538 2
391708 10
463647 2
117009 6
403367 2
156919 1
110889 17
205098 0
100839 8
122479 22
78520 15
7576985 23
80299 10
87080 20
88679 21
105419 6
89349 10
123529 4
94619 0
105500 1
99790 4
220318 21
129289 1
303588 11
86700 15
109919 17
145848 18
149590 4
117050 4
45979 14
122170 12
115010 23
95569 1
66539 15
58169 12
68979 15
50659 14
48240 15
104679 1
153929 3
72029 12
95770 0
111379 21
198769 4
78100 16
92849 8
100160 12
93469 9
147139 3
11165709 7
412217 20
176429 14
306168 19
150369 5
164389 4
152639 9
335587 18
127589 9
136609 14
87969 17
251468 8
131059 4
153089 22
160768 16
65199 13
129569 2
151899 14
284468 7
132429 15
126119 23
155009 0
163979 9
268188 5
251678 18
63540 13
170288 1
111630 8
123909 5
259388 11
150679 7
119379 19
100799 8
230568 7
410586 20
100370 19
111929 7
238528 1
163849 3
233488 2
348857 19
129689 18
190439 21
151628 17
133139 19
145750 5
226278 8
507797 11
110629 22
169659 15
143648 2
87250 2
10418685 23
636485 23
115200 9
107470 0
96839 3
179819 2
153588 0
95260 1
305688 8
132489 15
161648 9
148159 15
341238 23
95299 18
260238 21
93049 7
240998 11
109359 20
113150 3
302027 9
210949 18
89089 4
82989 7
192959 11
328848 11
328507 12
114819 3
101959 17
101819 14
194359 3
211648 3
80880 14
183119 8
111079 3
93150 18
149759 21
179928 9
176179 11
199849 18
120079 1
193869 2
107489 4
166069 12
121139 6
266689 14
191548 15
145439 12
173239 2
101619 20
96989 2
146918 23
164059 20
93570 1
226668 10
107999 9
231958 15
64810 12
342127 15
134968 20
78509 2
150519 12
235828 11
77490 0
132029 14
1795227 23
120459 12
132249 6
138129 22
77029 5
115819 20
132599 5
117989 23
120889 15
118369 16
96989 12
150679 8
30420 13
75740 4
96370 21
238168 11
79599 10
72989 17
122519 22
59990 12
131419 6
100649 22
78519 10
54429 15
242908 11
69190 4
62470 14
59970 14
190889 11
93669 19
70509 16
46850 14
89940 23
91620 4
2504322 7
102409 6
155139 17
306838 6
72869 2
79549 2
10871502 23
93480 22
91080 17
213338 2
100200 10
88999 12
408547 11
136639 12
524136 11
112019 8
101319 23
86219 11
223688 19
166439 0
166409 3
94279 15
181338 6
91169 17
93730 21
7306567 7
10381865 23
100649 3
747304 23
99579 21
107230 21
87110 10
146249 5
98449 0
134569 1
98140 22
39440 13
218159 6
91059 17
98369 5
382168 11
94149 3
81029 8
90330 12
177279 2
78189 18
35020 13
80800 18
5160743 7
123719 12
88789 22
68440 15
325838 8
80080 10
67649 16
143889 2
109239 12
95009 20
169479 14
248268 0
77879 8
79020 18
87059 10
48290 12
158588 3
56749 12
83009 20
102629 7
82979 22
159729 0
49860 7
342397 11
73470 8
101839 21
94729 15
104919 21
70079 8
156699 0
62199 17
82289 16
72909 16
175959 1
93149 14
64150 7
89009 20
69430 10
144699 21
80919 22
87310 15
83900 22
89259 2
208939 19
102009 4
9842129 23
140209 21
92029 16
91760 9
69499 14
99169 16
115199 20
98619 1
206389 1
98350 7
210018 11
99699 20
52089 13
106099 18
117389 2
99820 11
119269 16
130179 2
109739 17
73630 12
110859 3
86379 20
54970 12
101379 21
98599 4
53640 12
70669 12
89739 23
100039 10
55570 15
98379 22
56700 15
96920 22
51930 13
96110 15
66609 12
215829 9
102819 10
92429 20
79719 8
104329 6
36340 13
108669 8
67939 13
76130 14
115029 1
77510 9
104039 0
92149 11
59380 12
77289 9
153149 0
83800 14
82380 16
88679 17
35190 13
96509 20
85790 8
85609 10
120909 20
147499 9
94929 17
118270 5
121000 0
106339 10
88899 6
8432450 23
52679 14
106079 2
60280 15
93939 1
241469 4
74550 14
123249 3
52280 7
36920 13
120319 0
90009 3
32280 13
101579 23
94849 0
66690 15
167078 4
81779 12
125659 19
230708 11
100309 1
83179 16
