33770 5
13350 3
12840 18
10790 11
12640 8
16240 10
9209 5
14189 12
5820 8
5160 10
12840 10
6800 21
13190 6
7530 20
870 9
7300 12
15740 15
10220 21
8999 23
102260 1
5580 16
9030 20
4010 15
8830 16
25639 3
11669 18
16200 4
8830 6
9400 4
8060 16
99419 3
9840 13
7880 8
17880 22
5730 16
13090 3
11110 2
13220 19
7630 18
5570 15
4920 16
14430 0
6320 8
10320 14
6680 17
10620 21
11030 6
10860 22
6850 15
5370 15
24280 14
17970 18
4615347 11
11140 2
15590 3
7769 5
16239 8
8990 4
9190 10
6200 12
5460 10
7070 4
16980 7
11340 14
8130 7
7380 20
5610 23
6420 7
6700 21
8891 8
5660 0
8740 3
4590 10
13350 14
7140 14
9430 14
4510 8
7620 12
5280 5
10760 8
7990 20
2733060 18
8850 23
10320 16
12170 1
5180 23
99949 16
12060 1
16740 15
22630 3
1120 9
5230 10
12870 15
4860 17
6579 12
25911 19
14349 8
5020 3
6570 3
9180 10
26240 13
121239 15
100919 1
97979 11
10600 19
6000 14
8794157 17
8310 12
2015665 11
11720 15
12869 22
11010 22
4670 11
7010 5
7480 1
8928676 21
18850 15
11400 4
11660 15
5010 4
6910 12
10539 12
10520 18
6689 7
17219 6
4580 18
17000 19
10540 23
9800 3
4680 2
8100 18
18866624 17
7470 1
11420 13
8660 18
16100 13
21430 23
7840 7
8610 12
4040 0
6330 13
21259 12
116589 7
134909 8
6860 10
7050 9
8760 20
11109 20
5300 17
11410 12
22180 6
12650 10
5460 8
6730 23
5750 17
8810 8
16550 8
22200 5
4340 8
7600 17
13839 12
10060 16
27949 14
5520 12
7360 20
860 9
6100 0
8870 2
5440 4
6850 23
10970 19
2380 9
5720 3
5200 13
5280 17
710 9
6200 11
7270 11
6339 8
10960 16
11060 7
5749 17
6479 23
11340 20
10340 10
6400 6
7870 3
10790 19
8040 7
14840 22
9020 2
640 9
26139 23
6220 10
12920 14
9340 18
40850 13
7360 2
29720 15
6680 4
14431 13
8551 12
9520 8
28550 13
6350 11
9790 20
13620 3
7730 19
19360 19
5330 11
6200 3
17109 5
7169 1
5651 1
2411003 21
11120 8
14130 18
4450 10
5620 20
1040 9
4490 4
6270 4
8370 0
5119 5
10209 0
6131 5
7831 3
16110 14
66620 16
18300 6
5950 15
10910 0
6629 10
16689 2
8980 2
7734785 17
13030 12
10018138 21
10830 5
7739 3
22351 2
9719 21
10620 6
6980 22
12740 0
17890 23
9680 19
1140 9
19160 3
30540 13
8940 4
4574617 11
21620 13
6860 21
7220 19
7490 7
6670 22
6290 4
8240 11
5120 21
7830 22
5190 12
8050 12
3380 11
3609 11
5289 2
10820 15
14200 15
5370 0
5470 5
5250 2
5470 14
9610 5
16590 8
19260 1
12140 14
4080 8
4710 12
13470 19
9990 2
13571 8
7520 10
5589 22
16600 4
5480 6
890 9
3510 2
9990 5
9410 19
10700 20
16830 23
6120 20
7450 20
7660 13
5920 10
490 9
4120 1
9469 23
6569 22
4660 19
16290 10
9731 2
17150 13
7540 0
17130 10
15100 20
14770 13
13920 13
5960 5
9810 4
5470 4
13730 14
15925256 11
21470 6
417827 11
7760 5
7360 0
6570 14
8170 8
15300 5
2071 9
7011 6
11990 8
16280 12
131329 17
1200 9
7300 4
9930 23
10020 6
8070 4
3610 3
14160 22
5390 5
7160 17
5120 5
4020 3
5720 0
6050 0
4500 4
100911954 11
6000 22
7440 23
6270 2
6880 1
7870 14
8760 7
9650 4
5520 0
294598 23
29636547 17
21370 18
8410 16
15000 14
12840 21
5760 17
6981030 11
5840 4
7409 12
11871 0
5640 10
7690 5
7940 1
6000 11
6730 5
4660 8
9360 22
13640 20
5250 14
7070 13
9865509 17
7770 23
12840 19
4720 17
4940 4
12220 15
9009 12
6411 12
4531 4
6240 18
19965856 7
7660 21
11290 21
9930 22
6780 18
6110 3
3810 3
4590 3
6389 7
20280 19
912293 4
10340 21
53199 15
8249 5
7510 21
14640 2
9230 15
8250 8
11140 3
6190 16
7340 16
10010 5
11300 4
8020 19
7810 6
6000 16
14129 0
5640 12
7700 2
8200 13
10450 22
9950 20
13370 18
1180 9
5660 14
10570 0
780 9
1260 9
71780 1
6409 0
5720 14
6590 15
5230 23
3780 14
7860 4
5780 7
10840 2
4940 14
7980 18
8650 21
7630 23
7060 10
13060 5
7700 8
5480 11
11840 23
509 9
8860 11
10959 7
10940 2
8750 22
7480 21
7040 21
280 9
8790 5
4920 6
11070 18
4880 7
6990 0
6000 7
5300 18
880 9
10060 12
6640 13
5780 13
6580 15
9709 4
12080 1
5460 5
5360 17
6910 8
7090 21
6310 1
8810 11
8620 15
16530 1
5840 1
7040 21
6310 1
6130 15
4010 11
12340 4
4530 11
7240 4
4520 11
4920 16
5640 15
13340 10
4910 8
6360 14
4050 17
9420 7
7210 19
14120 11
3920 11
12860 19
4160 17
440 9
9520 20
11140 11
4190 14
4220 14
6960 0
6559 15
10189 15
4249 11
10389 8
6000 1
4980 8
6360 23
5690 19
