40440 6
32309 2
31730 9
33680 5
31860 3
32480 11
38310 11
29590 6
31430 11
32640 7
29779 3
31999 7
29260 9
30969 6
32549 10
31610 5
32960 3
35910 5
32850 2
32980 8
32440 2
30960 2
30080 8
34229 7
34120 3
33870 1
34409 8
33390 9
33050 0
39629 6
34540 7
31120 3
31129 0
34890 5
32490 4
32459 0
32590 4
36510 1
34069 7
28450 7
30900 3
33989 2
33360 4
34080 5
33179 10
33700 10
35110 5
35179 4
41350 3
30729 9
88469 4
57699 2
54310 1
55869 3
54700 4
58270 3
52780 7
50980 3
53249 3
52770 8
58029 7
52570 3
51159 8
54220 11
57789 3
77569 5
57699 4
50000 2
55659 8
55729 11
53320 1
52539 2
52890 3
60429 5
53479 5
52930 11
54209 1
57789 8
58029 6
50890 7
54199 10
48640 3
57809 5
57430 11
65599 5
61169 9
61570 6
59619 8
51990 0
56449 7
55869 10
54999 3
55630 11
57960 3
51730 11
54720 10
57929 4
53320 10
56479 8
57580 11
81179 3
54289 10
55920 8
75209 5
57179 1
56500 4
55559 11
56320 10
56139 7
51110 8
54039 10
54379 11
58769 1
48989 0
55549 11
56109 1
64489 0
56959 11
49860 4
58969 5
53330 7
56490 0
50569 8
54099 10
50709 1
53879 6
54729 1
56620 7
49509 9
55690 0
54739 4
53180 4
54359 8
51770 10
56039 7
61900 10
54030 6
58619 5
52320 9
56209 4
53960 9
55359 4
55860 3
52139 1
59920 5
54509 10
54630 8
55669 6
55699 6
49700 10
65189 11
54900 4
57809 4
55129 2
67470 5
55039 6
53760 0
58279 0
59900 4
58780 8
58809 7
63949 8
59959 4
56210 1
58969 6
65099 11
72500 4
66539 3
62860 9
59540 4
56519 5
60140 8
58919 5
58880 11
60080 11
54549 9
59490 10
53389 9
61050 2
57109 1
66539 11
61060 0
72459 2
60970 7
246107 3
60250 11
55880 10
62339 8
55970 6
62609 5
60769 7
56139 0
59819 0
57840 9
60719 6
59059 6
67760 1
57299 2
64450 5
53889 7
62430 0
52739 11
54809 2
55390 7
56719 1
50950 2
65839 5
54930 8
56729 7
54899 6
52009 9
57120 10
56070 1
55749 10
55540 0
57639 2
59590 9
59239 9
55729 11
56819 8
256907 4
55230 7
54089 1
56090 4
57589 5
50870 8
51839 7
56339 5
52139 7
52700 1
53570 11
61999 6
54880 7
49819 10
55460 2
52969 11
54510 7
52499 0
50990 9
53949 6
54340 8
55670 4
54039 8
55749 1
55420 8
51440 3
54489 7
55430 10
56989 4
62320 5
85579 0
58550 5
58169 7
51859 3
58440 11
56019 11
57860 8
58239 0
56780 6
55930 0
52369 3
58519 11
54459 2
59070 3
56599 3
55919 2
60809 0
55650 6
50490 10
54390 11
56450 8
56969 8
55960 4
56529 6
57880 9
56040 11
52180 9
59490 9
50319 3
56890 2
54879 1
57040 7
58229 7
55770 2
58149 6
56090 10
51209 11
56899 10
56070 3
55899 8
55570 11
55589 4
53600 5
54199 7
53919 9
52009 2
58969 5
53340 11
51109 9
55460 10
58350 10
64679 5
56700 8
50699 7
56780 0
54889 11
56470 0
51729 8
57699 8
55330 1
57289 5
52400 9
56529 0
57229 8
58239 0
58259 2
58209 10
62129 6
54830 11
53739 10
55540 4
55659 6
55590 8
55010 0
56279 11
57679 8
52099 1
55370 6
56539 7
56280 4
56299 1
57749 11
55069 4
56610 1
50960 9
60809 9
55890 7
59359 5
51350 0
57939 3
50180 8
58170 5
50700 5
50389 10
53969 8
57710 1
49370 10
55059 9
53599 10
64480 5
60379 7
56710 11
57090 6
57829 2
57939 2
54330 6
57359 4
60499 10
57519 10
57430 6
54430 4
56169 4
57710 1
57749 7
56870 1
56989 2
57900 11
68220 5
56319 10
54930 5
50489 4
54030 7
57659 6
54909 2
61560 5
53780 4
50760 7
55869 11
51730 0
57199 8
53370 11
54899 2
54700 9
57969 11
51149 8
67709 5
50549 11
51090 0
56319 2
53100 6
55099 8
51770 10
57889 9
52970 7
56399 10
52479 2
57160 3
54720 2
56920 7
54579 3
88739 2
53869 3
56940 0
50459 8
56690 7
53279 1
55910 2
55929 1
55559 8
51070 2
53350 4
56760 10
56320 2
54620 2
52859 4
57490 1
55969 9
63890 9
55470 8
56100 0
56219 10
54810 11
52540 4
55519 6
57250 2
57219 0
63449 5
51959 4
49299 8
55520 9
52029 9
55539 4
54609 10
60580 5
49989 1
62530 10
58819 1
51400 7
56259 3
52380 9
56350 4
68539 5
49600 1
56749 6
53540 2
56919 8
58470 8
57709 9
52930 8
55859 0
61779 11
55479 1
54470 9
56509 4
55150 2
58379 4
62929 5
53279 6
51469 3
57940 11
53799 2
53840 11
53209 6
58409 1
51859 10
56169 11
55760 2
61609 3
52100 2
54759 8
55440 3
57519 4
51060 11
55899 4
55090 1
56920 8
54059 1
58219 5
57409 6
57010 11
51699 6
55260 3
56789 10
51580 1
55219 6
59100 3
57180 9
53729 2
55699 11
52739 2
58170 8
52159 9
54940 6
51529 0
56620 4
53919 0
56309 7
53030 11
56300 1
50170 8
