129030 7
22830 10
28420 4
45280 10
30449 14
42090 11
53130 10
40209 2
34260 11
35500 1
44449 6
29439 9
36770 7
28030 11
30899 1
32970 0
39090 12
33840 7
29800 5
25660 10
18630 12
22890 2
30390 6
24599 13
24130 15
21950 10
20390 0
39570 10
44910 4
49490 6
44340 5
46389 6
29320 6
28870 10
32100 0
33700 12
35710 11
31500 11
36139 4
37169 12
37730 15
37920 15
65119 8
4860 1
30780 15
29310 1
28219 2
28319 15
32130 7
31710 11
31820 3
237708 8
5170 3
29680 7
41689 5
46439 10
78080 8
5440 10
46289 1
62150 5
69479 15
106369 10
89879 9
105869 0
72869 15
123129 8
4910 1
64140 10
138879 8
5390 5
82139 15
69999 7
74120 0
72429 2
102970 4
76049 10
192209 8
5309 6
62519 7
68939 3
127859 8
5889 13
59480 7
53300 4
65689 1
65420 6
66689 7
164589 8
5570 6
54390 5
42430 10
42950 4
41290 7
48419 5
50380 11
49999 15
42870 14
48300 11
50799 2
59730 15
64559 0
71189 6
63700 15
57390 7
40439 12
65220 14
51619 3
61620 15
87559 9
62020 2
71659 6
63050 13
138559 8
5140 11
51869 10
51630 6
55220 7
40740 7
31140 10
39930 15
31139 14
32270 1
29570 14
44200 13
44139 14
40890 3
42680 10
58850 2
67019 5
62899 4
44810 7
53999 2
49580 6
65730 9
59760 14
62000 6
52170 15
50930 12
52530 11
48589 6
48210 0
58089 11
51540 7
60269 2
64650 7
127009 8
4810 4
51909 14
49440 9
37420 14
76900 4
71309 6
68189 3
64440 2
87969 3
81200 0
63249 14
67510 13
68639 15
73810 0
69960 11
51140 5
54169 10
145209 8
5770 14
49830 7
53009 13
59220 14
54019 6
71489 4
108609 8
65499 3
80449 9
77609 12
71730 15
69409 4
63150 6
60099 14
71600 6
44290 13
38749 7
96549 8
5390 4
7450 4
52600 2
60569 2
61650 13
84879 2
54100 1
51870 11
49590 3
58100 0
66039 6
71660 11
54689 10
46600 4
42560 15
69870 6
44560 15
47349 4
59759 0
57819 14
52430 9
61009 11
62250 6
53769 13
72790 11
63409 5
72900 11
64679 14
66860 2
58549 0
54460 1
45220 4
57919 11
49820 1
58409 2
68290 14
58419 4
70700 0
52119 5
47400 5
69669 10
54850 4
49759 5
74110 15
73320 15
59820 6
55459 10
56100 7
74370 11
57929 9
59400 7
55039 15
50550 2
47330 4
58470 2
54120 2
41960 4
39130 7
50610 7
56579 5
57710 1
53310 15
54880 13
43810 15
65719 14
67650 7
58859 11
49520 12
76139 9
76800 5
70709 0
62320 2
68250 15
65769 13
55289 10
54230 9
49839 3
60430 11
71029 5
57800 4
54160 13
58100 15
57649 13
61339 9
58250 10
63709 4
56830 4
46440 14
41650 3
37520 15
48389 12
65939 1
55089 6
114039 8
74100 8
6250 10
67619 9
57209 10
66409 15
55079 2
47760 9
60339 10
41560 14
54600 9
42680 14
41680 10
47079 4
49300 6
131179 8
5900 10
50330 5
58879 0
58990 0
52990 11
49290 15
51190 12
62879 0
68560 2
60529 6
52690 14
68919 4
75489 10
61419 5
55920 9
115659 8
4940 15
49129 15
50530 11
59419 7
123308 8
6660 6
61420 2
56240 14
51600 13
60750 14
62989 15
86110 7
71329 7
65989 2
73260 12
89659 11
87670 13
95659 15
95299 1
80750 9
64299 5
65020 10
67689 15
46590 14
50579 1
51070 10
102459 8
5340 11
62150 0
56259 12
52480 9
44759 9
42640 14
50260 4
45270 15
44060 5
118169 0
64310 12
67789 10
76540 2
118120 8
5070 1
53039 15
64119 7
53630 1
47330 3
50990 9
106409 8
5340 0
51120 14
59390 3
50130 6
62610 9
54819 15
55610 2
61229 11
58890 14
67099 10
75060 1
150959 8
6060 4
68110 13
147479 8
5430 5
68629 9
58810 7
59369 13
52199 11
50520 3
54909 10
62410 4
118889 8
5080 6
51979 11
74130 4
61769 14
47790 15
33250 9
33790 3
47869 3
68059 15
79429 15
44960 2
54409 3
55690 3
161468 8
5689 4
77679 11
55139 1
99450 8
5200 12
75169 1
45580 7
45830 11
48229 11
48190 3
49320 10
46699 3
44720 14
62930 0
79880 13
205018 8
5600 11
65240 0
62279 7
120159 8
5940 3
50050 15
42529 6
50930 2
47780 5
56920 12
68840 10
56069 9
66850 4
68089 6
69929 15
74889 13
85060 10
63749 9
57490 14
58469 14
62040 6
75709 4
61770 0
63629 0
61600 3
73719 3
85409 9
132259 6
76040 6
71100 14
59140 0
56100 7
51059 1
48590 0
53209 9
49479 12
47150 9
47359 0
74720 6
53839 5
48370 1
70219 8
5170 7
30950 10
40140 11
35539 7
27850 4
31470 5
29350 3
30309 0
28480 6
28220 10
29580 10
31470 2
31850 10
32929 0
32460 10
33180 9
34349 9
81550 8
5310 12
42719 13
37429 12
36830 13
36219 9
37599 12
40000 10
37830 7
32019 6
31399 2
30030 2
29210 10
28440 7
61670 8
5110 12
35110 6
38839 14
39250 3
38260 15
40080 5
33859 0
28240 1
29510 5
27480 7
25869 6
26759 7
26110 6
26830 12
25950 5
26710 14
26200 2
