261746 4
141938 11
153208 1
141578 11
151557 8
156348 4
145528 11
165757 10
141388 7
166507 3
141098 9
143688 6
138158 10
136049 5
207036 0
133408 4
141828 5
133118 7
137557 1
153018 4
139868 6
122188 1
106298 6
110698 1
106069 9
109688 4
117118 10
117278 0
116979 6
124247 8
106549 11
105348 2
126968 9
122618 3
106339 6
109388 7
107158 10
116948 7
130518 2
107209 11
114538 8
114698 2
122588 8
161267 10
117179 10
120927 10
116499 3
114918 3
115348 9
119738 5
121288 4
117848 10
125218 5
123248 1
114388 1
122947 0
107518 4
121588 2
117528 4
119908 7
108018 1
117268 4
135498 1
121759 2
115798 10
111728 8
112228 4
111509 2
119767 4
117008 11
109058 10
117228 2
128818 8
105148 7
109009 10
126098 1
111078 0
120608 8
110778 5
118468 2
132018 5
105859 11
120829 1
111928 5
122198 8
112018 5
116188 3
119268 6
122167 1
129087 0
113339 9
112048 10
117298 0
112788 5
111419 3
117738 0
119979 8
179667 4
106078 6
111618 9
120279 9
119709 7
131098 7
115678 8
114578 2
123418 9
116658 6
116148 11
131228 1
123238 9
121078 8
127448 8
123698 3
131998 3
111338 5
127458 3
129847 6
117799 7
135667 1
114928 8
124209 9
137118 8
121259 4
125498 5
122849 9
118849 1
120358 3
122788 6
120568 7
116958 0
128588 0
122028 0
126858 11
131148 6
119518 4
118278 11
128868 7
125828 2
130888 10
120598 10
123498 9
126328 7
117108 3
126018 6
123958 8
133367 8
128018 0
119158 8
131838 0
128108 5
125568 3
118818 9
131168 1
116438 4
124067 5
120509 9
120978 2
118369 1
126098 7
118538 4
122528 11
118578 10
129838 8
114568 10
126048 4
127568 10
118278 0
124798 8
123578 6
113459 2
127998 6
109848 6
120228 7
121348 2
121738 1
124138 4
125218 1
120468 9
173957 1
112669 1
128718 4
116959 3
121568 10
124078 5
119328 2
114948 5
137088 7
114338 7
117408 3
122208 8
116059 8
129898 10
119949 1
121609 4
134568 10
122569 0
120869 0
120578 2
122788 4
124468 4
119318 7
120148 11
142088 0
115498 7
124098 1
120978 3
123108 10
114278 0
118078 9
119959 2
128669 10
121998 6
123938 5
119219 3
121418 1
117808 1
120988 11
116408 6
117068 5
121278 9
112519 5
124727 9
127027 0
119128 5
118118 5
123618 5
130538 5
139517 8
114739 9
112008 6
116278 7
113838 10
128158 2
122448 9
124068 4
132618 8
117458 8
128718 8
121769 3
115678 3
122048 5
120288 11
116568 0
115518 7
133688 11
122088 7
134528 10
130078 10
121328 9
124418 8
122218 4
146438 0
111178 5
123608 5
122338 4
124128 5
126728 4
125928 10
121778 9
174157 7
115128 0
111848 4
120938 5
121888 8
124528 5
124298 9
124568 5
142388 1
125518 5
121888 3
114958 10
118868 4
134978 10
118868 8
128638 10
140138 6
125918 9
108038 1
120738 9
118278 3
120409 0
119967 5
119698 6
137407 10
114338 1
118988 0
121738 0
119128 5
124778 10
125528 2
122858 11
120718 0
137018 9
115008 10
118788 6
118538 0
115988 7
120189 3
129448 6
121039 1
136868 10
111619 1
119178 9
123578 5
126458 5
122498 11
129388 10
130548 0
131498 11
119088 9
120328 8
123468 8
118058 11
119608 10
126118 7
124288 5
138198 5
118968 4
123338 4
130958 0
116288 8
120838 8
120218 4
119018 4
129389 5
114739 3
120098 1
123228 9
122348 9
121198 7
124448 4
119868 10
147808 5
119358 6
131798 0
126548 11
123368 7
127288 0
128318 1
117018 5
190597 2
114428 7
130338 7
119688 11
121178 6
123218 7
118358 1
127948 3
126928 11
124538 6
119039 0
126938 5
124338 3
120307 0
125958 2
123627 1
144467 3
115939 11
122309 8
119498 11
129618 8
118619 11
122498 7
126158 6
137238 8
123629 6
128098 10
123509 3
119598 10
121078 9
124128 1
123658 6
133478 5
117588 7
126768 7
116308 7
123728 3
119048 5
126578 9
119698 2
140748 7
116948 3
123168 7
119868 9
125808 11
115479 7
120378 6
125127 5
124398 3
117919 2
121478 4
121818 8
114988 9
118398 7
123908 10
130618 4
135648 9
113498 10
113838 8
122967 9
119007 1
127998 1
117878 5
122748 5
134748 5
116059 6
118578 5
120158 5
123798 0
120928 1
118678 6
129448 10
137118 7
114428 1
122038 7
121518 4
119939 0
125198 0
120649 1
116429 7
125258 6
185007 11
124338 1
120198 6
126648 2
119158 2
131538 10
119598 9
136908 5
119708 5
120058 5
124238 7
124388 9
119468 4
118918 0
119449 4
141807 4
122138 2
129088 11
125658 6
127718 11
117518 5
126658 2
115738 1
134218 3
121618 4
118969 11
121389 4
128018 11
126398 8
119118 1
121278 7
136608 3
114808 9
117438 10
121728 0
122148 10
135958 3
116128 11
120768 5
121188 4
132618 1
114518 3
132688 4
127858 2
126888 10
127738 9
120108 6
133298 2
119318 7
124258 6
127518 11
130208 1
113049 1
119969 6
116569 9
125298 9
123318 4
124298 5
124488 11
121798 2
117698 6
127488 8
124278 8
128238 1
129308 2
109088 8
119398 0
135138 3
121718 11
117928 11
125868 1
126988 2
129748 9
114978 0
112967 7
124629 3
123598 1
121078 5
175137 6
116758 3
185947 2
120048 5
125668 7
119999 7
118107 4
122118 0
121998 0
135717 1
113819 10
112588 6
124358 2
121588 9
132888 7
119188 1
123538 7
133938 6
119348 10
125758 9
127018 8
130088 4
123308 7
120588 0
125828 2
139048 6
114588 6
120928 4
115009 3
123689 4
124589 4
125578 10
119498 4
115339 0
129318 11
123708 4
123938 1
128218 6
122318 10
119338 2
125638 3
128138 10
130388 0
120838 2
130158 0
117448 4
116838 4
123898 3
116648 1
123988 3
135998 1
120838 7
122768 6
120468 3
120649 10
116828 8
122498 8
123608 4
127008 1
119158 1
121608 3
119288 11
120338 1
130598 8
120588 3
126218 5
139798 10
121638 10
117488 8
114918 11
124468 3
124159 8
129888 4
127598 6
140278 7
117218 0
124868 7
128498 8
124678 10
125738 5
124628 3
127828 10
175108 0
113407 5
127149 10
122488 6
126108 2
123048 3
121458 3
122728 5
132588 3
115808 3
117768 1
125658 6
123038 3
115888 11
121068 1
124508 8
129637 1
118519 11
117478 3
131929 2
132389 8
128217 3
117408 8
130298 7
135708 9
126118 6
119368 8
119838 9
131817 1
118819 4
119409 2
121209 1
132448 0
120408 7
119198 1
124058 8
129278 0
116378 2
120638 5
123088 0
138798 1
113428 10
127558 2
124998 7
124308 2
136938 0
120818 5
122518 7
129798 11
119788 4
122218 8
128618 11
125448 0
118538 0
129278 3
124068 8
120158 8
126018 5
123608 7
117839 1
132208 2
118419 10
121569 8
121718 11
130567 5
128229 1
116599 6
114328 2
117338 6
126918 11
124648 0
122288 1
131988 7
115768 6
120588 7
123468 6
123948 6
121628 8
119838 8
120608 3
173217 2
107378 5
123328 8
120678 1
135508 1
121028 2
119428 7
116129 6
139998 5
113108 8
124638 6
134518 4
119889 1
120058 8
116269 5
119578 2
123978 3
111678 5
123628 7
119438 1
129248 10
134848 10
120198 0
125128 10
138848 4
122118 10
116818 6
126538 6
120718 2
121318 9
116958 1
131687 4
135958 4
117108 4
121608 6
125187 6
119098 11
119799 9
123018 0
124908 4
135718 4
118338 3
119528 3
126398 7
123278 0
123088 4
121538 8
125148 4
120058 9
123798 11
119478 2
122768 3
119348 6
132207 9
128318 3
121798 9
117978 9
135198 11
121828 7
116649 5
119409 0
123558 8
118618 7
119648 2
122268 1
134708 10
117638 7
124488 5
124928 1
124908 11
126978 5
118438 9
127788 4
138938 8
114148 4
113348 1
121128 0
128398 3
122798 6
123989 3
120998 1
187357 5
116509 3
133068 3
119978 4
122788 1
119598 0
124538 11
144068 5
114928 5
113918 2
125168 10
114898 3
117449 1
117829 0
117979 6
120068 8
124848 11
120168 0
120488 7
121798 8
112678 2
114219 6
119007 2
120249 8
127698 2
111839 7
119818 8
117408 7
115178 11
120078 8
121018 7
119969 11
121159 11
125168 7
114868 7
121618 4
124678 2
114618 6
122148 3
119198 0
124468 4
124728 2
108719 11
117749 5
119308 11
119348 3
115098 10
119018 11
124858 3
134608 10
110528 5
118908 4
121327 1
124858 4
127298 2
122679 8
115688 6
115948 7
123998 11
114718 5
125168 6
125548 9
119718 2
129088 9
119498 4
118529 4
133038 1
117939 3
120309 7
132789 7
129558 5
117287 7
115388 7
122488 5
137467 11
113319 7
112148 3
126708 3
128088 7
114488 3
116338 0
113348 0
181486 3
122039 2
116658 7
134658 2
132338 9
129258 11
114699 5
118558 4
128428 9
119528 7
124178 2
121398 3
122378 2
131088 8
121388 5
121678 2
122968 3
119138 5
126708 9
115908 10
126087 1
119358 4
126118 6
121519 9
127728 0
120689 5
117168 4
115318 2
120188 5
120908 1
116139 7
127358 3
123967 10
124629 6
124578 10
119718 0
118769 5
125998 3
123468 7
115028 2
126858 8
116718 0
117968 1
121398 10
122868 6
118098 2
114678 2
124427 10
116099 2
133258 4
117008 4
117788 6
114738 4
116508 8
127078 5
118439 3
124498 3
131378 10
113849 9
117388 8
124018 7
122548 4
121318 0
123478 3
123068 5
121678 0
111398 9
113278 11
115338 6
122478 4
119138 3
111808 10
121208 9
117778 8
144208 11
119188 0
115878 1
128788 7
120668 7
118808 0
120767 11
116308 7
196527 7
108408 8
131438 4
123438 9
118758 9
125188 2
114118 8
123138 2
128658 4
118528 3
121188 6
116359 11
115718 10
128658 7
113388 8
119158 3
137268 2
118948 9
119278 6
130448 10
121958 2
127898 8
115318 4
125478 2
130538 9
115268 9
122428 3
118648 11
117087 2
123249 7
121129 2
123518 0
136588 10
119789 9
122608 5
133197 3
120629 7
119528 4
129468 11
131977 7
132287 4
111458 10
122678 6
111498 6
139488 2
121478 5
124178 2
115118 6
184357 9
122658 3
125958 1
119809 9
116247 0
118248 8
126068 10
120888 5
131218 1
116708 7
122738 5
123098 2
116858 4
124898 0
119768 10
119858 10
127108 11
116308 2
115319 2
121679 7
115478 1
120248 11
116188 11
123388 1
143898 6
115868 9
120618 7
115888 4
112558 0
109139 1
92818 6
103079 8
102238 4
163737 7
102048 8
100238 6
99309 7
96758 10
90329 11
90028 9
87549 8
81318 3
85848 4
83059 5
101228 11
78419 0
