114010 3
94000 0
189628 5
194869 0
202138 0
239747 3
198609 0
223938 2
220329 0
299067 2
207399 2
207358 0
215419 5
251728 5
165478 2
159979 7
163359 5
163549 4
163529 4
205479 3
210838 7
213749 5
218188 4
221378 1
222989 5
207638 4
219488 2
200739 2
214908 0
216689 5
227758 1
223908 7
213018 3
236489 3
238078 1
90409 1
84499 3
85220 6
95369 1
90229 4
111519 0
134298 2
113300 5
119039 2
111949 2
118229 6
152409 3
136779 1
117099 4
140099 6
53049 1
76610 2
114809 6
171538 2
174718 5
184639 5
164678 5
161579 4
156519 7
164959 1
177799 0
192008 5
167869 2
162059 6
189009 4
184959 1
213998 3
171359 0
182008 7
184199 3
196248 4
206089 5
173139 7
179779 6
200338 3
171098 6
178459 2
205738 6
176689 7
179289 4
189618 0
188159 0
210448 5
163799 3
151619 4
152119 3
146909 2
106130 5
223248 3
179149 1
192758 4
186349 7
137719 4
176098 5
172769 2
168149 2
177668 5
189059 2
186549 1
203749 1
125069 4
98829 1
108719 6
114309 7
118550 4
118708 6
127899 4
124719 2
96989 6
115659 3
99069 3
145429 5
106069 6
125589 6
124569 6
141519 4
114099 4
119819 5
94210 2
115579 7
119319 7
120449 0
127899 2
119369 7
166849 2
213498 2
208829 7
236818 0
260398 4
234048 7
214478 1
208259 4
227838 3
250638 5
163189 3
166359 2
166018 2
146769 2
211979 7
151309 0
184848 6
203739 7
211028 2
236258 3
225168 2
209199 1
219778 2
181429 1
253938 5
228828 3
103859 7
149149 6
157179 7
195248 1
179249 4
147289 5
179148 6
174719 4
187908 6
195639 7
191789 3
169959 4
168229 6
180339 1
210118 1
178009 6
173738 1
194648 1
149669 5
189028 7
211579 4
184138 1
180329 7
171618 5
159369 4
193659 1
139139 0
144119 5
142079 6
170788 7
174829 7
231988 3
181189 2
172838 4
185528 5
174959 3
159549 6
204058 4
166489 6
187939 3
189779 2
161559 1
229378 1
158049 1
174448 1
183679 7
185609 0
165838 1
207359 2
181698 7
62369 4
44330 4
44690 7
46919 6
45220 6
46210 4
47529 6
50380 2
48110 7
47100 6
46410 0
45949 7
49120 5
45120 1
53159 6
43830 1
43840 6
43570 6
42180 0
38390 7
32000 7
27140 1
29140 3
28720 1
37699 6
37669 3
37320 6
33020 3
31179 3
36620 3
30980 4
32769 7
36109 7
38470 2
40470 6
39299 1
41060 7
41650 0
46309 3
44120 3
48330 2
37409 6
35620 0
34060 7
30320 3
30630 4
38829 1
43980 0
42659 4
45259 6
34420 0
35880 1
41730 5
41540 2
40590 6
41050 1
44939 3
45769 3
39410 5
43880 2
40489 7
53120 3
37110 1
30890 4
34199 5
33360 4
31170 1
30539 0
31189 2
29110 5
36470 2
47289 4
101710 7
172978 3
180729 6
179839 0
109350 4
100819 2
133229 2
192108 0
172639 6
167829 6
203878 2
168619 0
162079 5
177738 6
154039 4
153489 6
144259 6
141189 0
144639 3
155578 0
180478 5
181819 2
128929 6
130239 1
161469 6
183688 3
180629 1
182038 1
183858 2
167219 1
180989 5
208828 2
171399 6
177269 1
177019 0
189619 5
173298 5
248988 5
165219 4
148989 1
149729 2
157769 0
155249 3
163268 7
152839 2
151359 5
88089 1
64400 2
53549 0
52380 4
56350 3
51559 6
42470 5
45379 1
47099 6
60100 4
43479 0
45930 3
45400 3
45009 5
45490 4
46780 3
44619 4
46110 2
48639 3
46289 3
43290 2
46439 7
47400 1
48000 7
48759 2
47610 7
49810 5
48580 1
48090 3
46639 6
60949 3
44580 5
115609 3
130389 3
158429 5
179939 5
201118 4
158969 4
173838 1
182939 4
184059 0
214919 3
188438 3
168469 0
171209 2
181199 7
179418 0
203609 4
173758 4
179709 0
184589 4
184868 5
205528 7
186089 1
173959 3
186108 0
184489 5
184998 5
200749 3
184869 0
161618 3
129879 5
148589 1
129689 5
236229 3
115708 2
93710 2
100739 7
147249 6
182489 6
176079 5
193239 3
155339 3
164658 2
177969 1
188468 7
210019 0
168039 4
130839 5
170148 1
191309 3
184058 6
148169 3
189808 2
164188 5
197369 5
175689 7
176479 6
173599 2
176038 7
166139 2
164109 0
99339 4
106549 1
79080 2
77009 4
82399 5
92650 6
89939 5
95540 6
107939 1
91829 6
70779 0
67210 1
68429 1
78560 1
89579 2
90210 6
99090 4
97239 3
94059 2
91520 5
115040 3
111789 2
67719 0
64180 0
85359 3
97100 4
95350 0
85899 2
72949 6
63940 3
64609 0
72440 2
90769 1
111839 7
96809 4
97849 4
92809 5
102790 6
89940 5
90979 3
89420 6
155328 6
178079 1
177959 4
203648 3
158039 6
164109 2
179458 4
155429 3
171549 3
191958 2
175319 5
159219 0
167608 3
175858 5
202678 4
157488 6
155629 4
169329 0
197798 3
182528 1
201809 4
177069 4
171479 5
183559 0
175928 2
197179 7
123470 4
99129 6
97689 4
175069 5
198338 0
181299 5
191378 6
178959 2
140699 6
138509 7
140899 6
175598 3
174099 6
157699 5
212798 1
183929 5
194988 3
188079 2
176119 7
103049 0
108129 2
109239 3
92170 0
